Crime ID,Month,Reported by,Falls within,Longitude,Latitude,Location,LSOA code,LSOA name,Crime type,Last outcome category,Context
a6d088d72bf24c0c8fa414ec88a7dc40b6eccf918b0e390a5dd3c4135ec0ebca,2017-11,Warwickshire Police,Warwickshire Police,-1.754709,52.549318,On or near Grove Lane,E01009450,Birmingham 012E,Burglary,Investigation complete; no suspect identified,
,2017-11,Warwickshire Police,Warwickshire Police,-1.537168,52.462525,On or near Bennetts Road North,E01009590,Coventry 002A,Anti-social behaviour,,
,2017-11,Warwickshire Police,Warwickshire Police,-1.537168,52.462525,On or near Bennetts Road North,E01009590,Coventry 002A,Anti-social behaviour,,
,2017-11,Warwickshire Police,Warwickshire Police,-1.537168,52.462525,On or near Bennetts Road North,E01009590,Coventry 002A,Anti-social behaviour,,
cc246c0e9e9fed0b0d92764416ccb1c86b9c00aa345c9cb8f357a0d20b9e9259,2017-11,Warwickshire Police,Warwickshire Police,-1.537168,52.462525,On or near Bennetts Road North,E01009590,Coventry 002A,Public order,Status update unavailable,
07c60ad2036376dcf049c47bb87dd84c9ede9aa9e2d677edd6b2ddcf1cc5b2ae,2017-11,Warwickshire Police,Warwickshire Police,-1.537168,52.462525,On or near Bennetts Road North,E01009590,Coventry 002A,Public order,Unable to prosecute suspect,
4943e46925a0462a00d552623238bfbf949149320d56d64424862a888eb7004c,2017-11,Warwickshire Police,Warwickshire Police,-1.537168,52.462525,On or near Bennetts Road North,E01009590,Coventry 002A,Public order,Status update unavailable,
95167e865cba557a3c69f27962d62d6ef318d39b5e318df711f8ca15d1196a74,2017-11,Warwickshire Police,Warwickshire Police,-1.536099,52.460669,On or near The Crescent,E01009590,Coventry 002A,Violence and sexual offences,Court case unable to proceed,
ddce9f6c695ee316fff503c5c164d532f95e59a257deb9de274a17260d175221,2017-11,Warwickshire Police,Warwickshire Police,-1.536099,52.460669,On or near The Crescent,E01009590,Coventry 002A,Violence and sexual offences,Court case unable to proceed,
61206173d83f072db21b98e0e771f2ff3ce1e09cbcf7bf8715401b8b289be3f2,2017-11,Warwickshire Police,Warwickshire Police,-1.537168,52.462525,On or near Bennetts Road North,E01009590,Coventry 002A,Violence and sexual offences,Status update unavailable,
53fc08e7a0f3a5e83ee0b7e9ad4d8b41b61822f844f7085b92c57e6e29ce55f4,2017-11,Warwickshire Police,Warwickshire Police,-1.427829,52.433845,On or near Gielgud Way,E01009578,Coventry 008B,Criminal damage and arson,Investigation complete; no suspect identified,
fb89776a86b8a52aecf08fb1c34c0188b4e22ebcba318af57827efda2ee2723b,2017-11,Warwickshire Police,Warwickshire Police,-1.477858,52.429788,On or near Sullivan Road,E01009599,Coventry 013A,Violence and sexual offences,Status update unavailable,
d36bdf97be67baa18f5ffb8a4efe63b05c3a0a017f1165391c16ca1c4cfd8f9c,2017-11,Warwickshire Police,Warwickshire Police,-1.442368,52.421607,On or near Pedestrian Subway,E01009580,Coventry 019A,Violence and sexual offences,Court result unavailable,
4eee1389ef21d9c3b91efa94595a897e15888a9987d902373e1927788319ab46,2017-11,Warwickshire Police,Warwickshire Police,-1.497965,52.407544,On or near Parking Area,E01009635,Coventry 028C,Robbery,Status update unavailable,
95ebdcc9e787e3efd9385838e967d5b980dd7beae59078215e6a23f0499a4dd6,2017-11,Warwickshire Police,Warwickshire Police,-1.462306,52.377018,On or near Brandon Lane,E01009541,Coventry 039C,Violence and sexual offences,Formal action is not in the public interest,
803759cf404d018644de56157ee315aab6f35a9aa543b597569fcd76365a946e,2017-11,Warwickshire Police,Warwickshire Police,-1.496945,52.384830,On or near Bolton Close,E01009562,Coventry 040C,Other theft,Investigation complete; no suspect identified,
fb04b993aedba08d099b027c6b8fdfae298ea3b7c24ec626fbfd1a93ca480919,2017-11,Warwickshire Police,Warwickshire Police,-1.561698,52.380053,On or near Further/Higher Educational Building,E01009671,Coventry 042C,Violence and sexual offences,Formal action is not in the public interest,
f66c742d73d2eb40f30e72b0910cb03ee1832cbdbd8b36e0bca86f1e0147806e,2017-11,Warwickshire Police,Warwickshire Police,-1.202714,52.326645,On or near Brackendale Drive,E01032968,Daventry 003F,Other theft,Investigation complete; no suspect identified,
21f6d97cc0d6108edc0b6d8cab529c6b1169a8e4ee15125175552df51e867741,2017-11,Warwickshire Police,Warwickshire Police,-1.247705,52.326464,On or near Prison,E01032968,Daventry 003F,Other theft,Investigation complete; no suspect identified,
5f5ed0b3fed5d19bf73208ca29c66412cf2e933d9aab970416f548823e468625,2017-11,Warwickshire Police,Warwickshire Police,-1.197155,52.448840,On or near Rugby Road,E01025792,Harborough 010C,Violence and sexual offences,Status update unavailable,
b2179d712caca4202ab870b9b7cad84b73d69db2dee4a414fd3e2e38cc986de0,2017-11,Warwickshire Police,Warwickshire Police,-1.379673,52.544738,On or near Westray Drive,E01025851,Hinckley and Bosworth 012B,Public order,Status update unavailable,
6d1831ae83739813eab3d6619923a15288131facd4f5907a5cd3eb97d097c983,2017-11,Warwickshire Police,Warwickshire Police,-1.332231,52.504204,On or near Smockington Lane,E01025833,Hinckley and Bosworth 014C,Violence and sexual offences,Court result unavailable,
92537e6732a595f49190a054f0fe150707d212228477883b53b09a623aa88157,2017-11,Warwickshire Police,Warwickshire Police,-1.187979,53.165364,On or near Portland Street,E01028272,Mansfield 005C,Violence and sexual offences,Status update unavailable,
6254cf467b3995aa36ddac48c17888b3cf70eac2ba0f6f30ec20d62b41d286be,2017-11,Warwickshire Police,Warwickshire Police,-0.166833,51.956222,On or near Force End,E01023663,North Hertfordshire 005G,Violence and sexual offences,Status update unavailable,
,2017-11,Warwickshire Police,Warwickshire Police,-1.583469,52.632751,On or near Curlew Close,E01031035,North Warwickshire 001A,Anti-social behaviour,,
,2017-11,Warwickshire Police,Warwickshire Police,-1.582778,52.630878,On or near The Croft,E01031035,North Warwickshire 001A,Anti-social behaviour,,
,2017-11,Warwickshire Police,Warwickshire Police,-1.581137,52.626333,On or near Orton Road,E01031035,North Warwickshire 001A,Anti-social behaviour,,
,2017-11,Warwickshire Police,Warwickshire Police,-1.583469,52.632751,On or near Curlew Close,E01031035,North Warwickshire 001A,Anti-social behaviour,,
7f4ba4a7dcfae66053cd0e725aca69a309061fcddd0ed76f211a37c8043788aa,2017-11,Warwickshire Police,Warwickshire Police,-1.583083,52.629863,On or near Trinity Close,E01031035,North Warwickshire 001A,Criminal damage and arson,Investigation complete; no suspect identified,
1c89cf8600c7ff551eae3b6dee54d3491c7f4165f9daf15185593273dde4bb0d,2017-11,Warwickshire Police,Warwickshire Police,-1.636309,52.639577,On or near Sports/Recreation Area,E01031035,North Warwickshire 001A,Criminal damage and arson,Investigation complete; no suspect identified,
918ba867361c72d1a8af2fd7efae25f2b3c63ad3e5f492681e0f60f0dd2b0f64,2017-11,Warwickshire Police,Warwickshire Police,-1.584279,52.633032,On or near Austrey Road,E01031035,North Warwickshire 001A,Other theft,Investigation complete; no suspect identified,
e5c0f296ce6250dd98f4152120d5044787a9e990c4eb8e281ad1790d50979219,2017-11,Warwickshire Police,Warwickshire Police,-1.636309,52.639577,On or near Sports/Recreation Area,E01031035,North Warwickshire 001A,Possession of weapons,Court result unavailable,
9846bb90d440a0e4af77734bd81f816e421d74b2f3b1305c4dd3c709b0d5a6c2,2017-11,Warwickshire Police,Warwickshire Police,-1.636309,52.639577,On or near Sports/Recreation Area,E01031035,North Warwickshire 001A,Possession of weapons,Court result unavailable,
203a833e29d8132544525a08919eedf8d23f5117fe76fb7287acf1eaaa68f47f,2017-11,Warwickshire Police,Warwickshire Police,-1.581137,52.626333,On or near Orton Road,E01031035,North Warwickshire 001A,Vehicle crime,Investigation complete; no suspect identified,
4abe411fca8662ffc9faba90ffcd5609c7dc4658c22e70f0bc80737fd202b6a7,2017-11,Warwickshire Police,Warwickshire Police,-1.580302,52.627130,On or near Windmill Close,E01031035,North Warwickshire 001A,Vehicle crime,Investigation complete; no suspect identified,
e93f0f47a19df75dee4cf8a8b02cc80902156d4adbf6daee913af9bf43ba51a8,2017-11,Warwickshire Police,Warwickshire Police,-1.585054,52.632388,On or near Waverton Avenue,E01031035,North Warwickshire 001A,Vehicle crime,Investigation complete; no suspect identified,
28dcc03a11950d1ca1ffe7d7181ffdd156ae6c9c7710c26e5bcb716166bbdddf,2017-11,Warwickshire Police,Warwickshire Police,-1.626006,52.646764,On or near Pear Tree Close,E01031035,North Warwickshire 001A,Violence and sexual offences,Status update unavailable,
17cb3fb8e08330a944a0c0204a4ca72e42cf17ebad4302a90121e1d8554c4575,2017-11,Warwickshire Police,Warwickshire Police,-1.626111,52.644912,On or near Milner Drive,E01031035,North Warwickshire 001A,Violence and sexual offences,Status update unavailable,
62b55c9b3959db511d17da46916edea725dd381740aee2c10fb92a597ab0c502,2017-11,Warwickshire Police,Warwickshire Police,-1.626111,52.644912,On or near Milner Drive,E01031035,North Warwickshire 001A,Violence and sexual offences,Formal action is not in the public interest,
537c7f7aa48d42886630f30651cb81574837e282cd02aad864d29104401e4b71,2017-11,Warwickshire Police,Warwickshire Police,-1.636309,52.639577,On or near Sports/Recreation Area,E01031035,North Warwickshire 001A,Other crime,Court result unavailable,
,2017-11,Warwickshire Police,Warwickshire Police,-1.562801,52.653299,On or near Main Road,E01031036,North Warwickshire 001B,Anti-social behaviour,,
152b91e298e7a2707ce42263dd466bda6210b03c3bbddc3384795887ad70019a,2017-11,Warwickshire Police,Warwickshire Police,-1.616500,52.665693,On or near Parking Area,E01031036,North Warwickshire 001B,Burglary,Investigation complete; no suspect identified,
ae11dee116a7d29d4f59cae82e4d588adb8868e853829303472423be1b4c927e,2017-11,Warwickshire Police,Warwickshire Police,-1.568265,52.655341,On or near Flavel Court,E01031036,North Warwickshire 001B,Burglary,Investigation complete; no suspect identified,
304145bc92909549f3ed6ee1495c70821f9c7db89e7a8a35a71d36deb49d72b9,2017-11,Warwickshire Police,Warwickshire Police,-1.587324,52.665945,On or near Townsend Close,E01031036,North Warwickshire 001B,Criminal damage and arson,Local resolution,
,2017-11,Warwickshire Police,Warwickshire Police,-1.613512,52.615439,On or near Grendon Road,E01031037,North Warwickshire 001C,Anti-social behaviour,,
,2017-11,Warwickshire Police,Warwickshire Police,-1.613512,52.615439,On or near Grendon Road,E01031037,North Warwickshire 001C,Anti-social behaviour,,
,2017-11,Warwickshire Police,Warwickshire Police,-1.614570,52.619461,On or near Parking Area,E01031037,North Warwickshire 001C,Anti-social behaviour,,
,2017-11,Warwickshire Police,Warwickshire Police,-1.615387,52.618906,On or near Bridge Street,E01031037,North Warwickshire 001C,Anti-social behaviour,,
78f5d02f590ac149a5d100872e034afb4cd181371095e12b9974380731d0ea97,2017-11,Warwickshire Police,Warwickshire Police,-1.610651,52.614980,On or near Lime Kilns,E01031037,North Warwickshire 001C,Burglary,Investigation complete; no suspect identified,
536a79bb506c75a927d4387a231acb5794daa0b96d1af429dd788e773da4f05e,2017-11,Warwickshire Police,Warwickshire Police,-1.606295,52.611631,On or near Hollies Road,E01031037,North Warwickshire 001C,Criminal damage and arson,Investigation complete; no suspect identified,
b9061a1c487b76131c76bdc2d29d9178136986c05b02fa3b2ab4112f5062d73d,2017-11,Warwickshire Police,Warwickshire Police,-1.615180,52.617260,On or near Parking Area,E01031037,North Warwickshire 001C,Other theft,Status update unavailable,
d2e19d3797a1ef51184e353f813c724d7bb1ecaaf0ef2ca3d85b621eab7969dc,2017-11,Warwickshire Police,Warwickshire Police,-1.615387,52.618906,On or near Bridge Street,E01031037,North Warwickshire 001C,Other theft,Investigation complete; no suspect identified,
bfa95d5f73f2c80eb5f90801fd266177e15dc5530b388d3c787ac6cc493ef368,2017-11,Warwickshire Police,Warwickshire Police,-1.615180,52.617260,On or near Parking Area,E01031037,North Warwickshire 001C,Other theft,Status update unavailable,
310066e16f95851540c95ab95b8a672aa3335a4b9269b280b01a82441efb1f23,2017-11,Warwickshire Police,Warwickshire Police,-1.600706,52.622040,On or near Stiper'S Hill,E01031037,North Warwickshire 001C,Violence and sexual offences,Status update unavailable,
757c83199e0aa589986c9e4cd960a93f5536f8dd055587cb5d38401babd3d217,2017-11,Warwickshire Police,Warwickshire Police,-1.606295,52.611631,On or near Hollies Road,E01031037,North Warwickshire 001C,Violence and sexual offences,Status update unavailable,
,2017-11,Warwickshire Police,Warwickshire Police,-1.613096,52.625767,On or near Rowland Avenue,E01031038,North Warwickshire 001D,Anti-social behaviour,,
,2017-11,Warwickshire Police,Warwickshire Police,-1.612198,52.620496,On or near Abbey Croft,E01031038,North Warwickshire 001D,Anti-social behaviour,,
,2017-11,Warwickshire Police,Warwickshire Police,-1.611945,52.625664,On or near Windsor Road,E01031038,North Warwickshire 001D,Anti-social behaviour,,
ba926069521375f8361389031b3ed6cdde0ffaaadc9102125300c6263dd33f40,2017-11,Warwickshire Police,Warwickshire Police,-1.608316,52.621823,On or near Coronation Avenue,E01031038,North Warwickshire 001D,Violence and sexual offences,Unable to prosecute suspect,
e7039b3fa18ac55a5de82df643723a4a3c95ee411ed70ac3591c6f6f6280d3a2,2017-11,Warwickshire Police,Warwickshire Police,-1.611909,52.621340,On or near Nethersole Street,E01031038,North Warwickshire 001D,Violence and sexual offences,Status update unavailable,
ee0f3b2177578ed3a83a16e998274b5a954bab535aafa73ddd9fa7cfdf1c3c21,2017-11,Warwickshire Police,Warwickshire Police,-1.614699,52.621556,On or near The Gables,E01031038,North Warwickshire 001D,Violence and sexual offences,Status update unavailable,
0ce12f8ca0a8a7816af87c9fe7fd293f786648ee7da640fae1b031d493ba654c,2017-11,Warwickshire Police,Warwickshire Police,-1.614699,52.621556,On or near The Gables,E01031038,North Warwickshire 001D,Violence and sexual offences,Status update unavailable,
1e6205bc761307e30d99d9b7168e8422b8a84918c44b6d48ba2222038e2d91da,2017-11,Warwickshire Police,Warwickshire Police,-1.613096,52.625767,On or near Rowland Avenue,E01031038,North Warwickshire 001D,Violence and sexual offences,Awaiting court outcome,
,2017-11,Warwickshire Police,Warwickshire Police,-1.619367,52.611314,On or near Dordon Road,E01031039,North Warwickshire 001E,Anti-social behaviour,,
,2017-11,Warwickshire Police,Warwickshire Police,-1.618174,52.614429,On or near Fairfields Hill,E01031039,North Warwickshire 001E,Anti-social behaviour,,
208d32f30e73f968a5649bc210425a6cd826034697be77b079ecbb611ebfc442,2017-11,Warwickshire Police,Warwickshire Police,-1.615652,52.610583,On or near Bardon View Road,E01031039,North Warwickshire 001E,Burglary,Investigation complete; no suspect identified,
c28bf189166a6b410add14faa7b4694d84181ff27627bd34b69bcff99965055e,2017-11,Warwickshire Police,Warwickshire Police,-1.615652,52.610583,On or near Bardon View Road,E01031039,North Warwickshire 001E,Burglary,Investigation complete; no suspect identified,
f6faf94ef34ce52454bd2732780633c297d7c150e2cc0ebd2ccdf8d38306a411,2017-11,Warwickshire Police,Warwickshire Police,-1.619254,52.615844,On or near The Gullet,E01031039,North Warwickshire 001E,Criminal damage and arson,Investigation complete; no suspect identified,
fae3b0bcdc7009977ad203b655c98e32ffb5422d2deeba5fc8a27660ae76a948,2017-11,Warwickshire Police,Warwickshire Police,-1.615306,52.614717,On or near Potters Lane,E01031039,North Warwickshire 001E,Other theft,Status update unavailable,
78f1c8a50d04cf3a6bf7126a783a0704e114fa3115b789c336c6d0929d5201b4,2017-11,Warwickshire Police,Warwickshire Police,-1.617953,52.610959,On or near St Leonards View,E01031039,North Warwickshire 001E,Other theft,Investigation complete; no suspect identified,
98094c224d83229081a9dc159553496fce003003eb3d852b7f43add1be96cc73,2017-11,Warwickshire Police,Warwickshire Police,-1.619340,52.609363,On or near Birchwood Avenue,E01031039,North Warwickshire 001E,Public order,Status update unavailable,
72a9f02004672138a74f2b6067444a13f35b527065df76a4f34702dd07a295d8,2017-11,Warwickshire Police,Warwickshire Police,-1.619254,52.615844,On or near The Gullet,E01031039,North Warwickshire 001E,Vehicle crime,Investigation complete; no suspect identified,
f76126e299d6a7c4bf93ccc0f8f796c8d68938a3053e551f083cdaafcabb8066,2017-11,Warwickshire Police,Warwickshire Police,-1.616817,52.610739,On or near Morris Hill,E01031039,North Warwickshire 001E,Violence and sexual offences,Local resolution,
8a5f6fe28ff9ec1bfb7503ede0a0f3c27f2996250bc5672b50eda16f643c9ffe,2017-11,Warwickshire Police,Warwickshire Police,-1.623092,52.617870,On or near Hermitage Close,E01031040,North Warwickshire 001F,Burglary,Investigation complete; no suspect identified,
dd79ce68a82ed42c2ede404374383b6cc621f3d299a5bc1628e20f96e8bb3610,2017-11,Warwickshire Police,Warwickshire Police,-1.616705,52.616816,On or near Market Street,E01031040,North Warwickshire 001F,Other theft,Investigation complete; no suspect identified,
28d738ba8ab0f3740f3b10d9fe4e7742f8a5fb1c843a4b4ce566ebc14a2773a2,2017-11,Warwickshire Police,Warwickshire Police,-1.620561,52.618419,On or near The Lynch,E01031040,North Warwickshire 001F,Other theft,Unable to prosecute suspect,
f09751f6069c8ce11292554f7cdbf0defa9e3b380245f8b29938fb9a4bc12d08,2017-11,Warwickshire Police,Warwickshire Police,-1.618312,52.617226,On or near Paddocks Close,E01031040,North Warwickshire 001F,Vehicle crime,Investigation complete; no suspect identified,
567482a5e4acacc499d1bfe309d2f08bdacf41ed53ab003f4eff61cca4570890,2017-11,Warwickshire Police,Warwickshire Police,-1.632673,52.609630,On or near Birch Grove,E01031040,North Warwickshire 001F,Vehicle crime,Investigation complete; no suspect identified,
f9febc40f5e96be85023d91260890e97f79126b2f6e7cf3b43cd02c1484d0418,2017-11,Warwickshire Police,Warwickshire Police,-1.630658,52.610423,On or near New Street,E01031040,North Warwickshire 001F,Violence and sexual offences,Status update unavailable,
,2017-11,Warwickshire Police,Warwickshire Police,-1.600560,52.586107,On or near Little Brum,E01031016,North Warwickshire 002A,Anti-social behaviour,,
,2017-11,Warwickshire Police,Warwickshire Police,-1.600560,52.586107,On or near Little Brum,E01031016,North Warwickshire 002A,Anti-social behaviour,,
,2017-11,Warwickshire Police,Warwickshire Police,-1.605017,52.579650,On or near Speedwell Lane,E01031016,North Warwickshire 002A,Anti-social behaviour,,
,2017-11,Warwickshire Police,Warwickshire Police,-1.596432,52.592081,On or near Watling Street,E01031016,North Warwickshire 002A,Anti-social behaviour,,
,2017-11,Warwickshire Police,Warwickshire Police,-1.600560,52.586107,On or near Little Brum,E01031016,North Warwickshire 002A,Anti-social behaviour,,
660c2b94e6a03c4299b84bfbf2a0ab275bb18e4f8d9841c057c51309fc114698,2017-11,Warwickshire Police,Warwickshire Police,-1.602739,52.580208,On or near Bakers Croft,E01031016,North Warwickshire 002A,Criminal damage and arson,Investigation complete; no suspect identified,
1f71273c2fe55739c189a4f3756a293f96bf4c250f9a3f72cd73130875745147,2017-11,Warwickshire Police,Warwickshire Police,-1.601029,52.578378,On or near Walnut Croft,E01031016,North Warwickshire 002A,Criminal damage and arson,Investigation complete; no suspect identified,
fb59c2ad8ffb387ca1826e9050e3bdd519f1bf40e7094bf56e0f2fdae71d2890,2017-11,Warwickshire Police,Warwickshire Police,-1.605143,52.586905,On or near Manor Close,E01031016,North Warwickshire 002A,Other theft,Investigation complete; no suspect identified,
c864bb9221a15342625d064a3b6f245613afe09045629fa6a848d340001c04ea,2017-11,Warwickshire Police,Warwickshire Police,-1.597870,52.591366,On or near Sports/Recreation Area,E01031016,North Warwickshire 002A,Public order,Formal action is not in the public interest,
cf038dbd562272624f8e58a638597ec9408105d62371b2763358ff417ced1795,2017-11,Warwickshire Police,Warwickshire Police,-1.596432,52.592081,On or near Watling Street,E01031016,North Warwickshire 002A,Vehicle crime,Investigation complete; no suspect identified,
bcef35852720fcc4e8abdf31697ff4cce12efe308c23b00a31aece506fb8b566,2017-11,Warwickshire Police,Warwickshire Police,-1.601925,52.586948,On or near St Nicholas Estate,E01031016,North Warwickshire 002A,Violence and sexual offences,Status update unavailable,
94902cadb9ad1953538282f3d9ea36437df43b5ed7a59718202e191c62671439,2017-11,Warwickshire Police,Warwickshire Police,-1.603322,52.579428,On or near Park Road,E01031016,North Warwickshire 002A,Violence and sexual offences,Unable to prosecute suspect,
,2017-11,Warwickshire Police,Warwickshire Police,-1.614123,52.603098,On or near Parking Area,E01031025,North Warwickshire 002B,Anti-social behaviour,,
,2017-11,Warwickshire Police,Warwickshire Police,-1.616590,52.599600,On or near New Street,E01031025,North Warwickshire 002B,Anti-social behaviour,,
5d979c2af088763f6896cf173cff4b892df20c8a34bdd5ed96a9cb4ebc42fa0b,2017-11,Warwickshire Police,Warwickshire Police,-1.630690,52.594251,On or near Jim Casey Way,E01031025,North Warwickshire 002B,Burglary,Investigation complete; no suspect identified,
398de792dad0a5b80cc3578e1a70513beefb876944c3388c6c795834bff57569,2017-11,Warwickshire Police,Warwickshire Police,-1.630690,52.594251,On or near Jim Casey Way,E01031025,North Warwickshire 002B,Burglary,Investigation complete; no suspect identified,
c126e944e8a84a7c8c2c07f0d56a5cf3165bd017c9d9cfe3b910576b4e6517e0,2017-11,Warwickshire Police,Warwickshire Police,-1.630690,52.594251,On or near Jim Casey Way,E01031025,North Warwickshire 002B,Burglary,Investigation complete; no suspect identified,
b6c0a18c4c94cffaeddef105b0b5543a4eb1eaacbfb380abab47184ed78381a4,2017-11,Warwickshire Police,Warwickshire Police,-1.619519,52.593802,On or near Park/Open Space,E01031025,North Warwickshire 002B,Criminal damage and arson,Investigation complete; no suspect identified,
30181d812713836c262b0b78d14281eb3072675b8a2270fce41e5c6e890bfa7d,2017-11,Warwickshire Police,Warwickshire Police,-1.606438,52.602219,On or near The Edge,E01031025,North Warwickshire 002B,Other theft,Status update unavailable,
07c3066b9bce68163263a467424279341dcf804ee4e54b211903ae0dc2a8cd68,2017-11,Warwickshire Police,Warwickshire Police,-1.608751,52.596176,On or near Petrol Station,E01031025,North Warwickshire 002B,Other theft,Court result unavailable,
8cdc77dbbbfbf1cff6f88111bd5942c468c934ba65898ae3b2d9e5a71a9db33a,2017-11,Warwickshire Police,Warwickshire Police,-1.608751,52.596176,On or near Petrol Station,E01031025,North Warwickshire 002B,Other theft,Investigation complete; no suspect identified,
8f415f148ab943577a0147db815f0d76e9931aea6f6f3df8cd8ae6b268ff8149,2017-11,Warwickshire Police,Warwickshire Police,-1.608751,52.596176,On or near Petrol Station,E01031025,North Warwickshire 002B,Other theft,Investigation complete; no suspect identified,
e5e9ae4d9a16f36b80ff2402d7d649a4a60f9e4448b0c8cf845c9e1d7c925809,2017-11,Warwickshire Police,Warwickshire Police,-1.608751,52.596176,On or near Petrol Station,E01031025,North Warwickshire 002B,Other theft,Investigation complete; no suspect identified,
4b0d19c5a3167a2257d52672915c15257ac959756844ecade2edbd9dc11b8bbe,2017-11,Warwickshire Police,Warwickshire Police,-1.630690,52.594251,On or near Jim Casey Way,E01031025,North Warwickshire 002B,Other theft,Investigation complete; no suspect identified,
21bb5216ce04c22757344e751eeae89a8ddb7573dbc1c21edaa6fac45f1beaec,2017-11,Warwickshire Police,Warwickshire Police,-1.608751,52.596176,On or near Petrol Station,E01031025,North Warwickshire 002B,Other theft,Investigation complete; no suspect identified,
9bf7debda05ef501b64267b59cb552658a5f79d46882484290048eee7d7205da,2017-11,Warwickshire Police,Warwickshire Police,-1.614123,52.603098,On or near Parking Area,E01031025,North Warwickshire 002B,Possession of weapons,Status update unavailable,
eea7c9996652d42325316cd6bda53594620f92413943b06d1db7ada3f2620c4b,2017-11,Warwickshire Police,Warwickshire Police,-1.629113,52.599190,On or near Arley Drive,E01031025,North Warwickshire 002B,Public order,Status update unavailable,
2e0aef893cab2d84880a8aa988361c0c2daa75784e9b9c03c6390adc6b13dd98,2017-11,Warwickshire Police,Warwickshire Police,-1.616231,52.600057,On or near Supermarket,E01031025,North Warwickshire 002B,Shoplifting,Status update unavailable,
a2d28f25b28929f76f1e3155092841b78eae593ef341bdc430a44a9fdf994cc7,2017-11,Warwickshire Police,Warwickshire Police,-1.616231,52.600057,On or near Supermarket,E01031025,North Warwickshire 002B,Shoplifting,Investigation complete; no suspect identified,
c9cbd15ae08c8e518728f0eb98ecceca0333256d34441bf713ef125b1e916fa9,2017-11,Warwickshire Police,Warwickshire Police,-1.577474,52.601634,On or near Spon Lane,E01031025,North Warwickshire 002B,Vehicle crime,Investigation complete; no suspect identified,
4dabf6c7d7db775c11ba9d13da2d80ca8c2c68eb07b2567e717e1f5d34a8eec1,2017-11,Warwickshire Police,Warwickshire Police,-1.614123,52.603098,On or near Parking Area,E01031025,North Warwickshire 002B,Vehicle crime,Investigation complete; no suspect identified,
27496be8ae3ab09749b4d4fc713c778001890b7ba191da125bd21823d03853f3,2017-11,Warwickshire Police,Warwickshire Police,-1.616231,52.600057,On or near Supermarket,E01031025,North Warwickshire 002B,Vehicle crime,Investigation complete; no suspect identified,
332ac79bd3c7ae4e9f7095033ace6a630e714f8fb6441b212ff98873a7fd41ac,2017-11,Warwickshire Police,Warwickshire Police,-1.643088,52.603728,On or near A5,E01031025,North Warwickshire 002B,Vehicle crime,Investigation complete; no suspect identified,
fc4ee5dd01e0b207c17863410282de94d80d079e89243df21d6d4df122a3c300,2017-11,Warwickshire Police,Warwickshire Police,-1.614223,52.601741,On or near Derek Avenue,E01031025,North Warwickshire 002B,Violence and sexual offences,Formal action is not in the public interest,
7071863f85adb6e2d31fd2ce240b53bfd0ce8696ece4143e50d4cad7c105b41c,2017-11,Warwickshire Police,Warwickshire Police,-1.608751,52.596176,On or near Petrol Station,E01031025,North Warwickshire 002B,Violence and sexual offences,Court result unavailable,
8fcfa2b9a523ac09437ae79ab66e4fcd45319b61eefed770fa0b6d33c82d607b,2017-11,Warwickshire Police,Warwickshire Police,-1.617967,52.599173,On or near Vicarage Close,E01031025,North Warwickshire 002B,Violence and sexual offences,Status update unavailable,
4b5f204f8afa384a4751c8c887ea1ad0d32325407a49eb134d03f3d3700a8cea,2017-11,Warwickshire Police,Warwickshire Police,-1.614581,52.601329,On or near Long Street,E01031025,North Warwickshire 002B,Violence and sexual offences,Status update unavailable,
6a4b01e3f8d63cc35fd4f311d25d5e418ca69fa79690b1aa499a4baeb0912482,2017-11,Warwickshire Police,Warwickshire Police,-1.614581,52.601329,On or near Long Street,E01031025,North Warwickshire 002B,Violence and sexual offences,Status update unavailable,
,2017-11,Warwickshire Police,Warwickshire Police,-1.616786,52.600742,On or near Brown'S Lane,E01031026,North Warwickshire 002C,Anti-social behaviour,,
,2017-11,Warwickshire Police,Warwickshire Police,-1.617653,52.606382,On or near Coppice Drive,E01031026,North Warwickshire 002C,Anti-social behaviour,,
,2017-11,Warwickshire Police,Warwickshire Police,-1.619086,52.604561,On or near Barn Close,E01031026,North Warwickshire 002C,Anti-social behaviour,,
,2017-11,Warwickshire Police,Warwickshire Police,-1.616807,52.608600,On or near St Leonards View,E01031026,North Warwickshire 002C,Anti-social behaviour,,
5fb489d883a4aaa2c7bc46ae40b23f4a3c65fc4ca393875cdce7131d0487a18c,2017-11,Warwickshire Police,Warwickshire Police,-1.616103,52.604597,On or near Roman Way,E01031026,North Warwickshire 002C,Vehicle crime,Investigation complete; no suspect identified,
abd8bbd985a3255ed121b340401b529498ef0fec8db497e1970c75803ede11f0,2017-11,Warwickshire Police,Warwickshire Police,-1.616533,52.606081,On or near Cross Walk,E01031026,North Warwickshire 002C,Vehicle crime,Investigation complete; no suspect identified,
cf23245d20d6851cae78dacdf44838957a23306b0b461328512e5b195f743c93,2017-11,Warwickshire Police,Warwickshire Police,-1.619086,52.604561,On or near Barn Close,E01031026,North Warwickshire 002C,Violence and sexual offences,Formal action is not in the public interest,
113698bee882182505f414abb956eac1bad6dc32e97a6c4c0710d1ff341ae1aa,2017-11,Warwickshire Police,Warwickshire Police,-1.619086,52.604561,On or near Barn Close,E01031026,North Warwickshire 002C,Violence and sexual offences,Status update unavailable,
7cbd764b1a352ecd963fe5b2be171a6208d69e77f42905c5218b461657746ec8,2017-11,Warwickshire Police,Warwickshire Police,-1.616533,52.606081,On or near Cross Walk,E01031026,North Warwickshire 002C,Violence and sexual offences,Status update unavailable,
6da4b137965c65684f64debd6b5973a1268df0d78ff719affec74e5970aadb5d,2017-11,Warwickshire Police,Warwickshire Police,-1.616533,52.606081,On or near Cross Walk,E01031026,North Warwickshire 002C,Violence and sexual offences,Status update unavailable,
705d7583bd4c00e2dc7b8c17837de58ae0baba4dda72d07cfa1165274197daf6,2017-11,Warwickshire Police,Warwickshire Police,-1.615520,52.602051,On or near The Shortwoods,E01031026,North Warwickshire 002C,Violence and sexual offences,Investigation complete; no suspect identified,
8310f1ae75f9db64d8261020b20f0e511d3c0100e80dfbd43f8f4b9922b91827,2017-11,Warwickshire Police,Warwickshire Police,-1.616533,52.606081,On or near Cross Walk,E01031026,North Warwickshire 002C,Violence and sexual offences,Status update unavailable,
e5eefeab81244acd9315a34a81d2cd6fb0f7fc47fbbc4c0b2ce3d8c3106b86a9,2017-11,Warwickshire Police,Warwickshire Police,-1.615520,52.602051,On or near The Shortwoods,E01031026,North Warwickshire 002C,Violence and sexual offences,Status update unavailable,
3a18b6cfb79df0b36922d48c2ded205a9843dfc7645781faaaa23e083434d8d0,2017-11,Warwickshire Police,Warwickshire Police,-1.618052,52.602958,On or near Queens Way,E01031026,North Warwickshire 002C,Violence and sexual offences,Investigation complete; no suspect identified,
,2017-11,Warwickshire Police,Warwickshire Police,-1.645452,52.581548,On or near Church Close,E01031031,North Warwickshire 002D,Anti-social behaviour,,
,2017-11,Warwickshire Police,Warwickshire Police,-1.663342,52.579164,On or near Piccadilly,E01031031,North Warwickshire 002D,Anti-social behaviour,,
,2017-11,Warwickshire Police,Warwickshire Police,-1.663342,52.579164,On or near Piccadilly,E01031031,North Warwickshire 002D,Anti-social behaviour,,
,2017-11,Warwickshire Police,Warwickshire Police,-1.663342,52.579164,On or near Piccadilly,E01031031,North Warwickshire 002D,Anti-social behaviour,,
,2017-11,Warwickshire Police,Warwickshire Police,-1.646949,52.582551,On or near Pinewood Avenue,E01031031,North Warwickshire 002D,Anti-social behaviour,,
,2017-11,Warwickshire Police,Warwickshire Police,-1.663342,52.579164,On or near Piccadilly,E01031031,North Warwickshire 002D,Anti-social behaviour,,
7021f7101eb2ec63c8c75832f088a72219bc769d1df3e22adcef51cc2225e841,2017-11,Warwickshire Police,Warwickshire Police,-1.640053,52.581164,On or near Meadow View,E01031031,North Warwickshire 002D,Burglary,Investigation complete; no suspect identified,
f615c49b6bdf6b6d4742f9febf85b6be455674a7c66490e3e077967e9fd2231f,2017-11,Warwickshire Police,Warwickshire Police,-1.640053,52.581164,On or near Meadow View,E01031031,North Warwickshire 002D,Burglary,Investigation complete; no suspect identified,
e57720bf8db6c5ec8bee05b5cd2f33aa04bfada36e52fb3ef2767a9a6a904fb7,2017-11,Warwickshire Police,Warwickshire Police,-1.663342,52.579164,On or near Piccadilly,E01031031,North Warwickshire 002D,Burglary,Investigation complete; no suspect identified,
e1320e335c13186db9663375e414aefd58468d788e85cb8d3f29d2b206a89a3f,2017-11,Warwickshire Police,Warwickshire Police,-1.644976,52.580109,On or near Wood Street,E01031031,North Warwickshire 002D,Other theft,Status update unavailable,
9145e44f47681f451562fd648dfbf5a595d7a66109c18e3365255ebec61ba4e4,2017-11,Warwickshire Police,Warwickshire Police,-1.663342,52.579164,On or near Piccadilly,E01031031,North Warwickshire 002D,Public order,Status update unavailable,
de36acd50161707f480947d03635c56a65d4987bb6c24ee20e5f4f79f94993c4,2017-11,Warwickshire Police,Warwickshire Police,-1.663342,52.579164,On or near Piccadilly,E01031031,North Warwickshire 002D,Public order,Status update unavailable,
f4bf5638e0ecf2fc1938117bf4f5acb19fcc0d8e393f78293f75e9542449611b,2017-11,Warwickshire Police,Warwickshire Police,-1.663342,52.579164,On or near Piccadilly,E01031031,North Warwickshire 002D,Public order,Status update unavailable,
eaccec1aa747413e31011a715b95b732ab72dc863e2dd98a82e6382021f16c05,2017-11,Warwickshire Police,Warwickshire Police,-1.644474,52.582067,On or near St Michael'S Close,E01031031,North Warwickshire 002D,Shoplifting,Investigation complete; no suspect identified,
a78e8a7b7653e1769106c13ab05237f2079d6081c696df83d54972698f526bb1,2017-11,Warwickshire Police,Warwickshire Police,-1.645422,52.583391,On or near Tamworth Road,E01031031,North Warwickshire 002D,Shoplifting,Investigation complete; no suspect identified,
cef4f2e566d0491b11a0a5e280bd94f74a59668fa4d4811905050fa8020c72bf,2017-11,Warwickshire Police,Warwickshire Police,-1.645422,52.583391,On or near Tamworth Road,E01031031,North Warwickshire 002D,Shoplifting,Offender sent to prison,
a026dfbd4bead0fc98558b9cf167f4a8c284f1d96bf05a7b573ce77f870a9616,2017-11,Warwickshire Police,Warwickshire Police,-1.640053,52.581164,On or near Meadow View,E01031031,North Warwickshire 002D,Vehicle crime,Investigation complete; no suspect identified,
cd2cf2b7a2cb333c978f2454a5dfd7d9b9fbbd320d011ca008631368dd65b273,2017-11,Warwickshire Police,Warwickshire Police,-1.645243,52.568989,On or near Hurley Common,E01031031,North Warwickshire 002D,Vehicle crime,Investigation complete; no suspect identified,
145a6173f3a9078b3e29dc64075cb9fcf9c692f63b11716c2bbdd629f78b0ff4,2017-11,Warwickshire Police,Warwickshire Police,-1.663342,52.579164,On or near Piccadilly,E01031031,North Warwickshire 002D,Violence and sexual offences,Formal action is not in the public interest,
0315e79dd67b370f286b68a31969233b910aa7d39bef8406151b7525c0246e33,2017-11,Warwickshire Police,Warwickshire Police,-1.642493,52.580676,On or near Birchfield Close,E01031031,North Warwickshire 002D,Violence and sexual offences,Unable to prosecute suspect,
d9fc7a25d0d2edd8f22c13ec8cf85b27a296359e8b5da123b8fbda2204dae5a1,2017-11,Warwickshire Police,Warwickshire Police,-1.663342,52.579164,On or near Piccadilly,E01031031,North Warwickshire 002D,Violence and sexual offences,Unable to prosecute suspect,
d629d62da82c6eee100b45176f2c823f7a349c5abf47e8eb7cdc96fa961342ef,2017-11,Warwickshire Police,Warwickshire Police,-1.684480,52.592896,On or near Epsom Close,E01031031,North Warwickshire 002D,Violence and sexual offences,Status update unavailable,
b5de076dc5b1d34f283e092a967ad3c0d5616776df8724fc7403abcd2e5c5492,2017-11,Warwickshire Police,Warwickshire Police,-1.643086,52.560280,On or near Elm Grove,E01031032,North Warwickshire 002E,Vehicle crime,Investigation complete; no suspect identified,
,2017-11,Warwickshire Police,Warwickshire Police,-1.544821,52.573860,On or near Dudley Street,E01031009,North Warwickshire 003A,Anti-social behaviour,,
,2017-11,Warwickshire Police,Warwickshire Police,-1.547837,52.573314,On or near Westwood Crescent,E01031009,North Warwickshire 003A,Anti-social behaviour,,
,2017-11,Warwickshire Police,Warwickshire Police,-1.549866,52.576909,On or near Tenter Street,E01031009,North Warwickshire 003A,Anti-social behaviour,,
4a0fb807cea1e5dbba1b9a17956f6e08595a0ea4b19f3578ca6e5ad85045e31b,2017-11,Warwickshire Police,Warwickshire Police,-1.547837,52.573314,On or near Westwood Crescent,E01031009,North Warwickshire 003A,Criminal damage and arson,Offender given a caution,
deaf51710a97439871117c2b4f8e9a67d6e21903212f0e582e31fb92c0ba9921,2017-11,Warwickshire Police,Warwickshire Police,-1.547895,52.574869,On or near Terrace Road,E01031009,North Warwickshire 003A,Criminal damage and arson,Investigation complete; no suspect identified,
e6f340e86ef63431e396511b95808134859214e98216330ddd3659a5b06c8689,2017-11,Warwickshire Police,Warwickshire Police,-1.549866,52.576909,On or near Tenter Street,E01031009,North Warwickshire 003A,Criminal damage and arson,Investigation complete; no suspect identified,
0072924202cf3edaf4e4bf067a701a77a55b92d5f7ae87a17abbd631ec887c8a,2017-11,Warwickshire Police,Warwickshire Police,-1.549923,52.571380,On or near Ambien Road,E01031009,North Warwickshire 003A,Public order,Status update unavailable,
336a70b552258df32181fdfbed60e90f3aaf47018ff0fed2a5836f2a1fcfd665,2017-11,Warwickshire Police,Warwickshire Police,-1.549923,52.571380,On or near Ambien Road,E01031009,North Warwickshire 003A,Public order,Status update unavailable,
1ad3a427998c0d2613e266f2d05f3e43b117bfc34dbae9903ffd737d8c842ff6,2017-11,Warwickshire Police,Warwickshire Police,-1.549866,52.576909,On or near Tenter Street,E01031009,North Warwickshire 003A,Vehicle crime,Status update unavailable,
5bd9bc41f73480335df8384758990c508cc5a29274fa05066c0ace4f33354c22,2017-11,Warwickshire Police,Warwickshire Police,-1.549300,52.573149,On or near Richmond Road,E01031009,North Warwickshire 003A,Violence and sexual offences,Status update unavailable,
b1efcddca9e6722e802d5235b3c59c203a83a181ef7cd5e8b84b2f9fc86ce8b9,2017-11,Warwickshire Police,Warwickshire Police,-1.549300,52.573149,On or near Richmond Road,E01031009,North Warwickshire 003A,Violence and sexual offences,Status update unavailable,
,2017-11,Warwickshire Police,Warwickshire Police,-1.546904,52.575135,On or near Owen Street,E01031010,North Warwickshire 003B,Anti-social behaviour,,
,2017-11,Warwickshire Police,Warwickshire Police,-1.540681,52.577557,On or near Kings Avenue,E01031010,North Warwickshire 003B,Anti-social behaviour,,
,2017-11,Warwickshire Police,Warwickshire Police,-1.546813,52.576780,On or near Coleshill Street,E01031010,North Warwickshire 003B,Anti-social behaviour,,
,2017-11,Warwickshire Police,Warwickshire Police,-1.549141,52.577149,On or near Station Street,E01031010,North Warwickshire 003B,Anti-social behaviour,,
,2017-11,Warwickshire Police,Warwickshire Police,-1.546813,52.576780,On or near Coleshill Street,E01031010,North Warwickshire 003B,Anti-social behaviour,,
,2017-11,Warwickshire Police,Warwickshire Police,-1.546813,52.576780,On or near Coleshill Street,E01031010,North Warwickshire 003B,Anti-social behaviour,,
,2017-11,Warwickshire Police,Warwickshire Police,-1.545962,52.576291,On or near Parking Area,E01031010,North Warwickshire 003B,Anti-social behaviour,,
,2017-11,Warwickshire Police,Warwickshire Police,-1.548108,52.577073,On or near Parking Area,E01031010,North Warwickshire 003B,Anti-social behaviour,,
,2017-11,Warwickshire Police,Warwickshire Police,-1.538656,52.576461,On or near Queens Road,E01031010,North Warwickshire 003B,Anti-social behaviour,,
,2017-11,Warwickshire Police,Warwickshire Police,-1.538656,52.576461,On or near Queens Road,E01031010,North Warwickshire 003B,Anti-social behaviour,,
,2017-11,Warwickshire Police,Warwickshire Police,-1.538656,52.576461,On or near Queens Road,E01031010,North Warwickshire 003B,Anti-social behaviour,,
,2017-11,Warwickshire Police,Warwickshire Police,-1.546904,52.575135,On or near Owen Street,E01031010,North Warwickshire 003B,Anti-social behaviour,,
,2017-11,Warwickshire Police,Warwickshire Police,-1.546813,52.576780,On or near Coleshill Street,E01031010,North Warwickshire 003B,Anti-social behaviour,,
,2017-11,Warwickshire Police,Warwickshire Police,-1.545542,52.577000,On or near Long Street,E01031010,North Warwickshire 003B,Anti-social behaviour,,
,2017-11,Warwickshire Police,Warwickshire Police,-1.552120,52.578724,On or near Parking Area,E01031010,North Warwickshire 003B,Anti-social behaviour,,
,2017-11,Warwickshire Police,Warwickshire Police,-1.546904,52.575135,On or near Owen Street,E01031010,North Warwickshire 003B,Anti-social behaviour,,
,2017-11,Warwickshire Police,Warwickshire Police,-1.546813,52.576780,On or near Coleshill Street,E01031010,North Warwickshire 003B,Anti-social behaviour,,
,2017-11,Warwickshire Police,Warwickshire Police,-1.538656,52.576461,On or near Queens Road,E01031010,North Warwickshire 003B,Anti-social behaviour,,
,2017-11,Warwickshire Police,Warwickshire Police,-1.538656,52.576461,On or near Queens Road,E01031010,North Warwickshire 003B,Anti-social behaviour,,
,2017-11,Warwickshire Police,Warwickshire Police,-1.546813,52.576780,On or near Coleshill Street,E01031010,North Warwickshire 003B,Anti-social behaviour,,
8607887044da603ce8892621cf528244308684e5a68f476d55b319569eba599c,2017-11,Warwickshire Police,Warwickshire Police,-1.538656,52.576461,On or near Queens Road,E01031010,North Warwickshire 003B,Burglary,Formal action is not in the public interest,
a2e11a959aee433d6668811d7410d25fb99af4bcb965dc1e15af112dbafce0b6,2017-11,Warwickshire Police,Warwickshire Police,-1.542177,52.576978,On or near North Street,E01031010,North Warwickshire 003B,Criminal damage and arson,Unable to prosecute suspect,
60996163b56ab7de67d49fc8438e6e49e6ae6f82ab08cee94f4e8c84aa945cb9,2017-11,Warwickshire Police,Warwickshire Police,-1.542826,52.575596,On or near Welcome Street,E01031010,North Warwickshire 003B,Drugs,Status update unavailable,
0a0bfb7cd371f7a4059db70760ac05f957fa50dbfe0ad409c1421b7f029509c4,2017-11,Warwickshire Police,Warwickshire Police,-1.549141,52.577149,On or near Station Street,E01031010,North Warwickshire 003B,Drugs,Formal action is not in the public interest,
13834161c634b21dc042d5573a60f2b890d190a59bf66e6396a6509a7552e2d1,2017-11,Warwickshire Police,Warwickshire Police,-1.552120,52.578724,On or near Parking Area,E01031010,North Warwickshire 003B,Other theft,Investigation complete; no suspect identified,
f5213c234efa5356ce5da64a4daf0663fd27697a84284d636c537ac082577ded,2017-11,Warwickshire Police,Warwickshire Police,-1.540681,52.577557,On or near Kings Avenue,E01031010,North Warwickshire 003B,Other theft,Status update unavailable,
2be479161440a99181a67f5a783c3fb3de39cdbd5f760405369e979cb11cf739,2017-11,Warwickshire Police,Warwickshire Police,-1.538694,52.578493,On or near Princess Road,E01031010,North Warwickshire 003B,Public order,Status update unavailable,
d0059415772c167dffb2cf17cc713d4b22497e39f2ff95dd0369b5972e8785eb,2017-11,Warwickshire Police,Warwickshire Police,-1.549141,52.577149,On or near Station Street,E01031010,North Warwickshire 003B,Shoplifting,Unable to prosecute suspect,
529624afe0953fdbd7771cb65fd8330ab2dd9e656ab78aef05e32b08d8c57c9e,2017-11,Warwickshire Police,Warwickshire Police,-1.552120,52.578724,On or near Parking Area,E01031010,North Warwickshire 003B,Shoplifting,Status update unavailable,
9a6cf0536282ce0b97275c6cd74aa10d81eab799487d5228881e8836475f914f,2017-11,Warwickshire Police,Warwickshire Police,-1.548108,52.577073,On or near Parking Area,E01031010,North Warwickshire 003B,Shoplifting,Status update unavailable,
aab5993782cf05764b2f2a35ec9949d9fc3e48b19abc7590f9863a0a04e9ecb5,2017-11,Warwickshire Police,Warwickshire Police,-1.549141,52.577149,On or near Station Street,E01031010,North Warwickshire 003B,Shoplifting,Status update unavailable,
8ad82ef6c8e57490de0e92dbfe2a580fc275e8384be406dd65e78f4beb840f50,2017-11,Warwickshire Police,Warwickshire Police,-1.552120,52.578724,On or near Parking Area,E01031010,North Warwickshire 003B,Shoplifting,Court result unavailable,
9d5e3854f743c50a28bf3d39fa5cd431571f7d71e7b373647e1995fcaf7681cd,2017-11,Warwickshire Police,Warwickshire Police,-1.552120,52.578724,On or near Parking Area,E01031010,North Warwickshire 003B,Shoplifting,Offender given penalty notice,
f6272c03b82223e5aa280bf412fe4dda979f3ad6747ea3e6e032d7b8b0a68200,2017-11,Warwickshire Police,Warwickshire Police,-1.548108,52.577073,On or near Parking Area,E01031010,North Warwickshire 003B,Shoplifting,Unable to prosecute suspect,
5dece3355a12afb1cb7438b902aa56f6131b84f5213c39f642c7d6d68caa0f72,2017-11,Warwickshire Police,Warwickshire Police,-1.549141,52.577149,On or near Station Street,E01031010,North Warwickshire 003B,Shoplifting,Investigation complete; no suspect identified,
b1c09ba8636b4b2678200db13f70a7fab60b366f38243ade13d6d28e3fcbc281,2017-11,Warwickshire Police,Warwickshire Police,-1.545542,52.577000,On or near Long Street,E01031010,North Warwickshire 003B,Shoplifting,Formal action is not in the public interest,
8bcd9e3a002f131a47d1c1d59486f3c01bb2577d4b411ec0ca31341babafe341,2017-11,Warwickshire Police,Warwickshire Police,-1.549141,52.577149,On or near Station Street,E01031010,North Warwickshire 003B,Shoplifting,Status update unavailable,
63ed1fd588ce012bc6c320676d6959c5aa70d4667f448c2904245854ce9a1110,2017-11,Warwickshire Police,Warwickshire Police,-1.552120,52.578724,On or near Parking Area,E01031010,North Warwickshire 003B,Shoplifting,Status update unavailable,
8f2795e5d6c12cfc0b05b4d5669b65fae27716f5a382d3d8030a08464b152c41,2017-11,Warwickshire Police,Warwickshire Police,-1.549141,52.577149,On or near Station Street,E01031010,North Warwickshire 003B,Shoplifting,Investigation complete; no suspect identified,
fbfb8ab9115f4392cc066a7ddcacdc494188e5f068477cce9feb1655ee1c9222,2017-11,Warwickshire Police,Warwickshire Police,-1.538694,52.578493,On or near Princess Road,E01031010,North Warwickshire 003B,Violence and sexual offences,Local resolution,
7488fbf05ab6fcaa160ac70991bdcfab9134676e1189a534d79f87fe75ef8ff2,2017-11,Warwickshire Police,Warwickshire Police,-1.540681,52.577557,On or near Kings Avenue,E01031010,North Warwickshire 003B,Violence and sexual offences,Offender given penalty notice,
bdc11f7349e1638b7c66cb322e8690c132f53bcd1a247eb4614088981a9a9cd3,2017-11,Warwickshire Police,Warwickshire Police,-1.544895,52.575325,On or near Cooks Close,E01031010,North Warwickshire 003B,Violence and sexual offences,Status update unavailable,
0b3cbad0ab08337c6c9db535d045792aa4940cd737182e2dd78bbd6062ab733b,2017-11,Warwickshire Police,Warwickshire Police,-1.544647,52.576457,On or near Parking Area,E01031010,North Warwickshire 003B,Violence and sexual offences,Local resolution,
830522249c5d9c2c3f076d43eccd693a03f5bfe42af6c99fdab42801d28ea8b5,2017-11,Warwickshire Police,Warwickshire Police,-1.542920,52.576523,On or near Tannery Close,E01031010,North Warwickshire 003B,Violence and sexual offences,Status update unavailable,
e6ba8b9fd20941d43643aaf9c27f835f16820b48538bfedc78da6494d5922dcc,2017-11,Warwickshire Police,Warwickshire Police,-1.539937,52.578120,On or near St Mary'S Road,E01031010,North Warwickshire 003B,Violence and sexual offences,Status update unavailable,
d8f4740df3d8b283cf10f1675d0460d28c2a6f65dd0d7cde15fcac6445807569,2017-11,Warwickshire Police,Warwickshire Police,-1.546813,52.576780,On or near Coleshill Street,E01031010,North Warwickshire 003B,Violence and sexual offences,Status update unavailable,
cdc92cfadd35d25e753749c7aa27861be85ab818db60de31099ddd7f047d3139,2017-11,Warwickshire Police,Warwickshire Police,-1.549141,52.577149,On or near Station Street,E01031010,North Warwickshire 003B,Violence and sexual offences,Status update unavailable,
,2017-11,Warwickshire Police,Warwickshire Police,-1.542567,52.584909,On or near Radford Close,E01031011,North Warwickshire 003C,Anti-social behaviour,,
,2017-11,Warwickshire Police,Warwickshire Police,-1.544123,52.580042,On or near Windmill Road,E01031011,North Warwickshire 003C,Anti-social behaviour,,
,2017-11,Warwickshire Police,Warwickshire Police,-1.542567,52.584909,On or near Radford Close,E01031011,North Warwickshire 003C,Anti-social behaviour,,
ca3c27129561f90a67acf20afd85ccf66df6eb7c93f0a7a338a1cf5655fdfa8f,2017-11,Warwickshire Police,Warwickshire Police,-1.546040,52.587277,On or near Mill Race View,E01031011,North Warwickshire 003C,Burglary,Investigation complete; no suspect identified,
c2f3d610deb91adfc6ea6c1ff0a0e792fcd97cc0bb640363e20aab424a8a2ec0,2017-11,Warwickshire Police,Warwickshire Police,-1.546966,52.577653,On or near Derby Lane,E01031011,North Warwickshire 003C,Burglary,Unable to prosecute suspect,
a3a1c4ef70b51cf37400e2af778fad062e2fea6a02269db4be8e145c9af28dad,2017-11,Warwickshire Police,Warwickshire Police,-1.546966,52.577653,On or near Derby Lane,E01031011,North Warwickshire 003C,Criminal damage and arson,Offender ordered to pay compensation,
8420828211ecd1a9c1973d4987b4a0e6c61abf877c6623768b2d7e5ddc087581,2017-11,Warwickshire Police,Warwickshire Police,-1.548887,52.578820,On or near Parking Area,E01031011,North Warwickshire 003C,Criminal damage and arson,Local resolution,
55f0b2bc3459b4756b23a33b69e95dfe707b7ce8bc9f08e7f6353c9913105a4b,2017-11,Warwickshire Police,Warwickshire Police,-1.542527,52.581681,On or near Lister Road,E01031011,North Warwickshire 003C,Criminal damage and arson,Investigation complete; no suspect identified,
033615536ebe464015df63b80f5e573f9bd6785d52fc64855b536c20b59c43e9,2017-11,Warwickshire Police,Warwickshire Police,-1.542527,52.581681,On or near Lister Road,E01031011,North Warwickshire 003C,Criminal damage and arson,Status update unavailable,
bb785cff93d1379e7014452ba137b715af91e927ce852355dead9e52061f074d,2017-11,Warwickshire Police,Warwickshire Police,-1.542022,52.586192,On or near Parkinson Drive,E01031011,North Warwickshire 003C,Criminal damage and arson,Investigation complete; no suspect identified,
85d4936d990b460992671aa50b6da9eb127ef918c61fdd119bfefacdb188dab0,2017-11,Warwickshire Police,Warwickshire Police,-1.548887,52.578820,On or near Parking Area,E01031011,North Warwickshire 003C,Criminal damage and arson,Investigation complete; no suspect identified,
4cb0eaae12e9054c58dc98c3b1e0c88c03820808d7ca26d6c60fdfbd6054c9c2,2017-11,Warwickshire Police,Warwickshire Police,-1.548775,52.584007,On or near Gypsy Lane,E01031011,North Warwickshire 003C,Other theft,Investigation complete; no suspect identified,
183e927df606e7a1a1174dfce2e99dfa5e2113114cb03c1e5ce45f93b0053436,2017-11,Warwickshire Police,Warwickshire Police,-1.545911,52.578359,On or near Friar'S Gate,E01031011,North Warwickshire 003C,Vehicle crime,Investigation complete; no suspect identified,
a49b23b3830f9ef74a149bd29adee2c45cfd0bbafdfd0228266536b67dd8e87d,2017-11,Warwickshire Police,Warwickshire Police,-1.545088,52.579507,On or near Florence Close,E01031011,North Warwickshire 003C,Vehicle crime,Investigation complete; no suspect identified,
cea8b051f3b848c059d43fdf88671e3819ed0d96959eaaea4e46475ab1bd42ee,2017-11,Warwickshire Police,Warwickshire Police,-1.545911,52.578359,On or near Friar'S Gate,E01031011,North Warwickshire 003C,Vehicle crime,Investigation complete; no suspect identified,
dcd4f68b2103536e4c6d9e33ee766891ad604feb05691ce183c83969b3c21701,2017-11,Warwickshire Police,Warwickshire Police,-1.546966,52.577653,On or near Derby Lane,E01031011,North Warwickshire 003C,Violence and sexual offences,Status update unavailable,
df0c066a50e51e7c4b622fab7336506ec8b1bbe591b9a52f5999356884291d4d,2017-11,Warwickshire Police,Warwickshire Police,-1.541647,52.585373,On or near Flint Close,E01031011,North Warwickshire 003C,Violence and sexual offences,Unable to prosecute suspect,
ad0bcc1035e00d8f197912f7747d22fafcbcace5de4b66a8d4b83dfada5ef6cf,2017-11,Warwickshire Police,Warwickshire Police,-1.542527,52.581681,On or near Lister Road,E01031011,North Warwickshire 003C,Violence and sexual offences,Status update unavailable,
,2017-11,Warwickshire Police,Warwickshire Police,-1.537105,52.578028,On or near Parking Area,E01031012,North Warwickshire 003D,Anti-social behaviour,,
,2017-11,Warwickshire Police,Warwickshire Police,-1.541314,52.583358,On or near St George'S Road,E01031012,North Warwickshire 003D,Anti-social behaviour,,
,2017-11,Warwickshire Police,Warwickshire Police,-1.538384,52.582708,On or near Leicester Crescent,E01031012,North Warwickshire 003D,Anti-social behaviour,,
1333b35fbb54cf47c691d3f6de2bf030dadff942705e098557ec1d71bfdf3d44,2017-11,Warwickshire Police,Warwickshire Police,-1.544106,52.581624,On or near Tudor Crescent,E01031012,North Warwickshire 003D,Public order,Unable to prosecute suspect,
e1039054e8efc40639b0471b5877be612757b19ecc20256870b899575e4b3f27,2017-11,Warwickshire Police,Warwickshire Police,-1.538384,52.582708,On or near Leicester Crescent,E01031012,North Warwickshire 003D,Violence and sexual offences,Status update unavailable,
e31792cc4be727a34e28559fc3576b46a15ecbe65fac7449ba1aabdfdbef40ce,2017-11,Warwickshire Police,Warwickshire Police,-1.537992,52.580702,On or near Ratcliffe Road,E01031012,North Warwickshire 003D,Violence and sexual offences,Status update unavailable,
3dd7d7cad4c584ae2a49023ea96d118cb6a7067d6a479bb4366190b7df897676,2017-11,Warwickshire Police,Warwickshire Police,-1.537992,52.580702,On or near Ratcliffe Road,E01031012,North Warwickshire 003D,Violence and sexual offences,Status update unavailable,
5fead74af75c9a8b711386953b8a82c1738f7bda08e7a4868d1d4b3a07cb9e73,2017-11,Warwickshire Police,Warwickshire Police,-1.537105,52.578028,On or near Parking Area,E01031012,North Warwickshire 003D,Violence and sexual offences,Status update unavailable,
40f402eb937cc7190e6331861e5f2d36d90f6fbf3a4bdbc30063283c0d9f173c,2017-11,Warwickshire Police,Warwickshire Police,-1.544106,52.581624,On or near Tudor Crescent,E01031012,North Warwickshire 003D,Violence and sexual offences,Status update unavailable,
5391adaef2d2a48e636f4528971d218828ae4d1869ac473a8fc391df21dc0851,2017-11,Warwickshire Police,Warwickshire Police,-1.541314,52.583358,On or near St George'S Road,E01031012,North Warwickshire 003D,Violence and sexual offences,Status update unavailable,
56d1a68fbf6f059173da6ca731e4d2f4b05b1d7faaa2c1c4c32dd0bb16172dc7,2017-11,Warwickshire Police,Warwickshire Police,-1.537105,52.578028,On or near Parking Area,E01031012,North Warwickshire 003D,Violence and sexual offences,Unable to prosecute suspect,
089895c0ab622efc974061ec258e07c2b7175f0d148a583f6c2b9f3a9c58383b,2017-11,Warwickshire Police,Warwickshire Police,-1.542139,52.574946,On or near Arden Avenue,E01031013,North Warwickshire 003E,Burglary,Investigation complete; no suspect identified,
7199fffa0ff254e6bb39366673443fc16baa9082245534c2238687d9b944ddda,2017-11,Warwickshire Police,Warwickshire Police,-1.539919,52.574174,On or near Hollands Mead,E01031013,North Warwickshire 003E,Burglary,Investigation complete; no suspect identified,
f9b2dfef8ad940b725e7c20754ac78aa95bc0570deb8b5e7178ff3cd2fad7260,2017-11,Warwickshire Police,Warwickshire Police,-1.537134,52.573875,On or near Convent Lane,E01031013,North Warwickshire 003E,Vehicle crime,Investigation complete; no suspect identified,
,2017-11,Warwickshire Police,Warwickshire Police,-1.533464,52.573438,On or near Parking Area,E01031014,North Warwickshire 003F,Anti-social behaviour,,
095b2eab0ecdc9a6479276521494dd68ed07004932b94899e2674c018e6c5603,2017-11,Warwickshire Police,Warwickshire Police,-1.528166,52.568032,On or near Mancetter Road,E01031014,North Warwickshire 003F,Burglary,Investigation complete; no suspect identified,
30f94d93af98dc0d8b1432cec022dd97c74afdaeeb7f37e6a12998d817ef4dc3,2017-11,Warwickshire Police,Warwickshire Police,-1.533464,52.573438,On or near Parking Area,E01031014,North Warwickshire 003F,Possession of weapons,Local resolution,
89b52405c299337bb50199b75c01cadfc23636bd485c532a9c36467246c41f10,2017-11,Warwickshire Police,Warwickshire Police,-1.533464,52.573438,On or near Parking Area,E01031014,North Warwickshire 003F,Possession of weapons,Status update unavailable,
91efc90e55164350cfe7c9e053fce6f01fbd56c02291cb17a98069cf5b68d1a5,2017-11,Warwickshire Police,Warwickshire Police,-1.532618,52.571115,On or near Charles Road,E01031014,North Warwickshire 003F,Violence and sexual offences,Status update unavailable,
a446c1616253929095187aad99b289d63915a370c9261b8bcbdb87acd9105413,2017-11,Warwickshire Police,Warwickshire Police,-1.528166,52.568032,On or near Mancetter Road,E01031014,North Warwickshire 003F,Violence and sexual offences,Unable to prosecute suspect,
,2017-11,Warwickshire Police,Warwickshire Police,-1.531682,52.567615,On or near Findley Close,E01031015,North Warwickshire 003G,Anti-social behaviour,,
,2017-11,Warwickshire Police,Warwickshire Police,-1.535024,52.568293,On or near Purley View,E01031015,North Warwickshire 003G,Anti-social behaviour,,
51942ba12a18fbf7ea4d5902b4538821091ecb22beefe03d024e2440d42234db,2017-11,Warwickshire Police,Warwickshire Police,-1.526751,52.566507,On or near Mill Lane,E01031015,North Warwickshire 003G,Burglary,Investigation complete; no suspect identified,
be716b30301e5cf09721bdb49999e772e84d6fb8c61719adf13e613a4538ab6b,2017-11,Warwickshire Police,Warwickshire Police,-1.526751,52.566507,On or near Mill Lane,E01031015,North Warwickshire 003G,Burglary,Status update unavailable,
e08223ee09ccea3f0ef5f53c87eb9d202fe9e3ce2f87a4ee699f3a7ab8af57f9,2017-11,Warwickshire Police,Warwickshire Police,-1.534915,52.570225,On or near Parking Area,E01031015,North Warwickshire 003G,Criminal damage and arson,Status update unavailable,
815dad230d5ca268a957cee4a2175f3e6b9b97940a9c92109b2975e0657ac615,2017-11,Warwickshire Police,Warwickshire Police,-1.567013,52.551432,On or near Arden Forest Estate,E01031015,North Warwickshire 003G,Other theft,Status update unavailable,
757dede0bf3ee962c2186d657f42b6f9d9be01cef5e51c26119820ec7daced09,2017-11,Warwickshire Police,Warwickshire Police,-1.535024,52.568293,On or near Purley View,E01031015,North Warwickshire 003G,Violence and sexual offences,Status update unavailable,
2cbb6b6b0e3a1584cd2a6245ae09a7d1a637b24807a4d596dc0b86c89a12392d,2017-11,Warwickshire Police,Warwickshire Police,-1.567013,52.551432,On or near Arden Forest Estate,E01031015,North Warwickshire 003G,Violence and sexual offences,Status update unavailable,
56d1dcfa9b25c0d891dc08ffadb3c87cd0a33f473ea43ebd8ed7c5a7b9c8b125,2017-11,Warwickshire Police,Warwickshire Police,-1.532721,52.566953,On or near Victoria Road,E01031015,North Warwickshire 003G,Violence and sexual offences,Unable to prosecute suspect,
c790b63a3704e884594d086fd0f3e1f0f2b979d42b89cc2b8e979c472d72af86,2017-11,Warwickshire Police,Warwickshire Police,-1.535024,52.568293,On or near Purley View,E01031015,North Warwickshire 003G,Violence and sexual offences,Status update unavailable,
ef62fe29386a52ed22317d1df367503d84b993cda5e07349afb804781cbc8e81,2017-11,Warwickshire Police,Warwickshire Police,-1.532721,52.566953,On or near Victoria Road,E01031015,North Warwickshire 003G,Violence and sexual offences,Status update unavailable,
d2019bd0f511f52d072a7d5593bc11f6cfb5aa67b0186b42ef6d7b6b9fce2291,2017-11,Warwickshire Police,Warwickshire Police,-1.535024,52.568293,On or near Purley View,E01031015,North Warwickshire 003G,Violence and sexual offences,Status update unavailable,
ea19bec42450ad1d76046d3e68ecfbdceb25fed7fb1c027eff25b0048e7ae9a8,2017-11,Warwickshire Police,Warwickshire Police,-1.535024,52.568293,On or near Purley View,E01031015,North Warwickshire 003G,Violence and sexual offences,Status update unavailable,
2d6b48344b340dcc9040480d6b226f5d0a13745f243b29d1b63eb6af50027e7a,2017-11,Warwickshire Police,Warwickshire Police,-1.535024,52.568293,On or near Purley View,E01031015,North Warwickshire 003G,Violence and sexual offences,Status update unavailable,
,2017-11,Warwickshire Police,Warwickshire Police,-1.735737,52.530838,On or near The Mount,E01031023,North Warwickshire 004A,Anti-social behaviour,,
,2017-11,Warwickshire Police,Warwickshire Police,-1.729166,52.554170,On or near A4091,E01031023,North Warwickshire 004A,Anti-social behaviour,,
,2017-11,Warwickshire Police,Warwickshire Police,-1.749042,52.570675,On or near Middleton Lane,E01031023,North Warwickshire 004A,Anti-social behaviour,,
,2017-11,Warwickshire Police,Warwickshire Police,-1.735258,52.531997,On or near The Paddock,E01031023,North Warwickshire 004A,Anti-social behaviour,,
8206593db79b4fafa3e3e533bf3df825f7e1e634e9d395309e2796986fed6921,2017-11,Warwickshire Police,Warwickshire Police,-1.771054,52.576724,On or near London Road,E01031023,North Warwickshire 004A,Burglary,Investigation complete; no suspect identified,
e2adc7c6049713385af94bc59b8c64b2fb5438f9990310a51df942abb93efd1c,2017-11,Warwickshire Police,Warwickshire Police,-1.787528,52.587723,On or near Collets Brook,E01031023,North Warwickshire 004A,Burglary,Awaiting court outcome,
c950d980410b7daba22cfcf0e1a21b7cddde9cff2cdccc1fc7287eb65298746d,2017-11,Warwickshire Police,Warwickshire Police,-1.740785,52.534706,On or near Orchard Close,E01031023,North Warwickshire 004A,Other theft,Investigation complete; no suspect identified,
bed7658b6f41528da95f16b9ee58cdae484cd9aec35eed2835081beb2b524d59,2017-11,Warwickshire Police,Warwickshire Police,-1.729166,52.554170,On or near A4091,E01031023,North Warwickshire 004A,Other theft,Investigation complete; no suspect identified,
45bd1828f8a196bee89a3b5bfcb7cac228df02e395d720c9b9d6cd5b5720fc88,2017-11,Warwickshire Police,Warwickshire Police,-1.729166,52.554170,On or near A4091,E01031023,North Warwickshire 004A,Other theft,Investigation complete; no suspect identified,
8a9c7daabc1959674bf0cec92ce347cac1d9fa8c67f612f01ac7ecf087b439ea,2017-11,Warwickshire Police,Warwickshire Police,-1.729166,52.554170,On or near A4091,E01031023,North Warwickshire 004A,Other theft,Investigation complete; no suspect identified,
056282d9421264f4520461c67743e5962275fb864349b75c2f30332256371ec3,2017-11,Warwickshire Police,Warwickshire Police,-1.749042,52.570675,On or near Middleton Lane,E01031023,North Warwickshire 004A,Other theft,Investigation complete; no suspect identified,
05fefe82ffa3166bfeb3009373a81add11bbe8c503d2065b7b4027dce78f11ae,2017-11,Warwickshire Police,Warwickshire Police,-1.749042,52.570675,On or near Middleton Lane,E01031023,North Warwickshire 004A,Other theft,Investigation complete; no suspect identified,
9d0935d45a4b4b3162edd684805ce93f10631f190b44940addb8adeefccb1a6f,2017-11,Warwickshire Police,Warwickshire Police,-1.729166,52.554170,On or near A4091,E01031023,North Warwickshire 004A,Other theft,Investigation complete; no suspect identified,
47e90386ebe09acbb39055f80f9c29c9c617fac69dba2a3bcef7cd216773d7d4,2017-11,Warwickshire Police,Warwickshire Police,-1.733347,52.528622,On or near Coleshill Road,E01031023,North Warwickshire 004A,Vehicle crime,Investigation complete; no suspect identified,
0c6c6436b3dab005876d05c42327dab14b79026a493174a0dcc0bc7a03826990,2017-11,Warwickshire Police,Warwickshire Police,-1.733667,52.534241,On or near Farthing Lane,E01031023,North Warwickshire 004A,Violence and sexual offences,Status update unavailable,
d831bf17c88729715167c26b10632c440142adf494e68df9811333e9c1415b5d,2017-11,Warwickshire Police,Warwickshire Police,-1.729166,52.554170,On or near A4091,E01031023,North Warwickshire 004A,Violence and sexual offences,Status update unavailable,
c31c3cbe545dd73178a5bdc2e0c039983098fe81838899a9c5672e5f3ac4ddcd,2017-11,Warwickshire Police,Warwickshire Police,-1.729166,52.554170,On or near A4091,E01031023,North Warwickshire 004A,Violence and sexual offences,Unable to prosecute suspect,
a4d481b8c12529fa5511ee77208c1eeb39cf5b286310266427e76afaa905fa34,2017-11,Warwickshire Police,Warwickshire Police,-1.733667,52.534241,On or near Farthing Lane,E01031023,North Warwickshire 004A,Violence and sexual offences,Court result unavailable,
0d9ed651d8a8154462304eaa4ec1252b555754354fb1224e876716e12e036d2a,2017-11,Warwickshire Police,Warwickshire Police,-1.736031,52.533464,On or near Sandpits Close,E01031023,North Warwickshire 004A,Violence and sexual offences,Status update unavailable,
,2017-11,Warwickshire Police,Warwickshire Police,-1.662060,52.525167,On or near Old Farm Lane,E01031024,North Warwickshire 004B,Anti-social behaviour,,
,2017-11,Warwickshire Police,Warwickshire Police,-1.702761,52.524333,On or near Faraday Avenue,E01031024,North Warwickshire 004B,Anti-social behaviour,,
,2017-11,Warwickshire Police,Warwickshire Police,-1.724726,52.573129,On or near A4091,E01031024,North Warwickshire 004B,Anti-social behaviour,,
,2017-11,Warwickshire Police,Warwickshire Police,-1.707992,52.544429,On or near Sports/Recreation Area,E01031024,North Warwickshire 004B,Anti-social behaviour,,
,2017-11,Warwickshire Police,Warwickshire Police,-1.659247,52.534446,On or near Dog Lane,E01031024,North Warwickshire 004B,Anti-social behaviour,,
,2017-11,Warwickshire Police,Warwickshire Police,-1.701916,52.538076,On or near The Green,E01031024,North Warwickshire 004B,Anti-social behaviour,,
,2017-11,Warwickshire Police,Warwickshire Police,-1.681692,52.521194,On or near Fishery Lane,E01031024,North Warwickshire 004B,Anti-social behaviour,,
c55e77de04df729d6d13a7fee3b347a114dd8eed3d55b8bbde6521c86774cd8c,2017-11,Warwickshire Police,Warwickshire Police,-1.702761,52.524333,On or near Faraday Avenue,E01031024,North Warwickshire 004B,Bicycle theft,Investigation complete; no suspect identified,
3cb450213b5884655f2ea6ee61c4dd974c79ebb8ba9af5b4d61d964d5fb45422,2017-11,Warwickshire Police,Warwickshire Police,-1.681119,52.531136,On or near Cottage Lane,E01031024,North Warwickshire 004B,Burglary,Investigation complete; no suspect identified,
a0d421bfab2355936c6b21cd880409495cf937731bd235a9490b2bd68e47621a,2017-11,Warwickshire Police,Warwickshire Police,-1.659247,52.534446,On or near Dog Lane,E01031024,North Warwickshire 004B,Burglary,Investigation complete; no suspect identified,
e5c120f14d08145400daa0ec43291140cd55c291bee629f1abb92085a7b2f0e6,2017-11,Warwickshire Police,Warwickshire Police,-1.707992,52.544429,On or near Sports/Recreation Area,E01031024,North Warwickshire 004B,Burglary,Investigation complete; no suspect identified,
f72f6c66c8dae3a0735b04f88fffe0caffc5e1afc60dc853cae55e9ab82df792,2017-11,Warwickshire Police,Warwickshire Police,-1.681119,52.531136,On or near Cottage Lane,E01031024,North Warwickshire 004B,Burglary,Investigation complete; no suspect identified,
487bef3123ee78c5e5e515384e020a855354e57086284ab50998bd4bcd9e253d,2017-11,Warwickshire Police,Warwickshire Police,-1.681119,52.531136,On or near Cottage Lane,E01031024,North Warwickshire 004B,Burglary,Investigation complete; no suspect identified,
92e39c738feda84007e43e88441a3e1280c28a468b70f75505b5c7ab3bff3757,2017-11,Warwickshire Police,Warwickshire Police,-1.699856,52.537531,On or near School Lane,E01031024,North Warwickshire 004B,Criminal damage and arson,Unable to prosecute suspect,
167c31de53b51766f35441b992b6d2e268ee1d0afd32969f3c6c4ed0aaad9965,2017-11,Warwickshire Police,Warwickshire Police,-1.702761,52.524333,On or near Faraday Avenue,E01031024,North Warwickshire 004B,Drugs,Offender given a caution,
17c940f98295c7eef2a151ae9704da4deab0cba3b6130d8612a76b0ef6ddb4a0,2017-11,Warwickshire Police,Warwickshire Police,-1.702761,52.524333,On or near Faraday Avenue,E01031024,North Warwickshire 004B,Drugs,Offender fined,
63ae78e1f20e917f2b1cc718e216a4a0c5566a35b78e3cb576af46ecdab0a0d9,2017-11,Warwickshire Police,Warwickshire Police,-1.702761,52.524333,On or near Faraday Avenue,E01031024,North Warwickshire 004B,Other theft,Unable to prosecute suspect,
8af5e010c2398a81dfe5f9d6b3e074fc265025d5d070c99d3b6c82ad50b24510,2017-11,Warwickshire Police,Warwickshire Police,-1.702761,52.524333,On or near Faraday Avenue,E01031024,North Warwickshire 004B,Other theft,Unable to prosecute suspect,
5058657c684026d017b1a7f5fdd3333bf5a16defa1b961df48e53641bdf8c163,2017-11,Warwickshire Police,Warwickshire Police,-1.702761,52.524333,On or near Faraday Avenue,E01031024,North Warwickshire 004B,Other theft,Status update unavailable,
2fb6108d801517026402333a6e14357700ed03b59f2084488984e8b7c7e38eb2,2017-11,Warwickshire Police,Warwickshire Police,-1.659247,52.534446,On or near Dog Lane,E01031024,North Warwickshire 004B,Other theft,Investigation complete; no suspect identified,
bc5e0bc83b732185bbec12ed6c27e4d4a1757943b3b152e6bf511c7b6f5f38b8,2017-11,Warwickshire Police,Warwickshire Police,-1.704901,52.563480,On or near Bodymoor Heath Road,E01031024,North Warwickshire 004B,Other theft,Investigation complete; no suspect identified,
adb1bad2cc262d5d4388a9c0879416dcd948b1342df5c1f60e4b0609c908e1d8,2017-11,Warwickshire Police,Warwickshire Police,-1.702761,52.524333,On or near Faraday Avenue,E01031024,North Warwickshire 004B,Other theft,Status update unavailable,
a62a6cbca3cf2c4ae7c290fe2bd1106d0a0f175f3248188182c5e114253af5fa,2017-11,Warwickshire Police,Warwickshire Police,-1.681290,52.531936,On or near Sports/Recreation Area,E01031024,North Warwickshire 004B,Public order,Unable to prosecute suspect,
64d8c7a26aa906937ce27b9ec6faed2b36ed2c29ce38c416c51f48626c17527e,2017-11,Warwickshire Police,Warwickshire Police,-1.702761,52.524333,On or near Faraday Avenue,E01031024,North Warwickshire 004B,Public order,Unable to prosecute suspect,
8191d027490039be67546443ddd1e4ffcdda2dfa635de2597ce4a8fe862fe2bf,2017-11,Warwickshire Police,Warwickshire Police,-1.702761,52.524333,On or near Faraday Avenue,E01031024,North Warwickshire 004B,Vehicle crime,Investigation complete; no suspect identified,
54d2a2e80954d82b346ae096b8e4947da602b0173098be241dda19d0c7ae81c0,2017-11,Warwickshire Police,Warwickshire Police,-1.704901,52.563480,On or near Bodymoor Heath Road,E01031024,North Warwickshire 004B,Vehicle crime,Investigation complete; no suspect identified,
3aab5b4183d63a3dafc5759100c0ef8bf29363b6ebf55a6663ee9aefdf5fa9ea,2017-11,Warwickshire Police,Warwickshire Police,-1.681290,52.531936,On or near Sports/Recreation Area,E01031024,North Warwickshire 004B,Violence and sexual offences,Status update unavailable,
7a8cbd888b249decb8fd65c890f06aac64ed0c227ef8e22c84aa5b9c5267cad6,2017-11,Warwickshire Police,Warwickshire Police,-1.702761,52.524333,On or near Faraday Avenue,E01031024,North Warwickshire 004B,Violence and sexual offences,Status update unavailable,
e2c5c6faa577d6ef1651e2ea519adb01389d11d54290d4049cfc9de1e4a3a010,2017-11,Warwickshire Police,Warwickshire Police,-1.704901,52.563480,On or near Bodymoor Heath Road,E01031024,North Warwickshire 004B,Violence and sexual offences,Status update unavailable,
12577e6f86120f02cfb84fd141d859a7f2bc833df8ebb6c668a4beeb3e1f3476,2017-11,Warwickshire Police,Warwickshire Police,-1.681290,52.531936,On or near Sports/Recreation Area,E01031024,North Warwickshire 004B,Violence and sexual offences,Unable to prosecute suspect,
2ac7975cdebfaf950536a261c12060724637f5b829f6ef093b98196db9ddca51,2017-11,Warwickshire Police,Warwickshire Police,-1.702761,52.524333,On or near Faraday Avenue,E01031024,North Warwickshire 004B,Violence and sexual offences,Status update unavailable,
1565071f847c0e6383e8b13dee00c58d91148b610f8fab5b0675beb1c8cfe710,2017-11,Warwickshire Police,Warwickshire Police,-1.681290,52.531936,On or near Sports/Recreation Area,E01031024,North Warwickshire 004B,Violence and sexual offences,Unable to prosecute suspect,
fbca0e866971bca18941643b7fa80a7930766828651ef8267a246a2d799f5c3b,2017-11,Warwickshire Police,Warwickshire Police,-1.681290,52.531936,On or near Sports/Recreation Area,E01031024,North Warwickshire 004B,Violence and sexual offences,Status update unavailable,
,2017-11,Warwickshire Police,Warwickshire Police,-1.687422,52.569332,On or near Bracebridge Road,E01031033,North Warwickshire 004C,Anti-social behaviour,,
,2017-11,Warwickshire Police,Warwickshire Police,-1.680160,52.565762,On or near Pear Tree Avenue,E01031033,North Warwickshire 004C,Anti-social behaviour,,
,2017-11,Warwickshire Police,Warwickshire Police,-1.687736,52.568740,On or near The Green,E01031033,North Warwickshire 004C,Anti-social behaviour,,
f701408289ac2fdb82a5f50135c367370eefed361d51231be65da43a7361b2a9,2017-11,Warwickshire Police,Warwickshire Police,-1.687434,52.567741,On or near Tame Bank,E01031033,North Warwickshire 004C,Violence and sexual offences,Status update unavailable,
,2017-11,Warwickshire Police,Warwickshire Police,-1.680396,52.567821,On or near Elm Tree Close,E01031034,North Warwickshire 004D,Anti-social behaviour,,
,2017-11,Warwickshire Police,Warwickshire Police,-1.683743,52.570042,On or near Beech Close,E01031034,North Warwickshire 004D,Anti-social behaviour,,
a47ddbd2f5f9132c670bbbfd4ab2d40da636a90cd4447dddc1eaecacc4ac8604,2017-11,Warwickshire Police,Warwickshire Police,-1.681032,52.565576,On or near Petrol Station,E01031034,North Warwickshire 004D,Criminal damage and arson,Investigation complete; no suspect identified,
945dfd1dd7ad3f8eeb72e31f4119ecc2125e454b7164b1a40a719a504440b89b,2017-11,Warwickshire Police,Warwickshire Police,-1.683980,52.572047,On or near Fircroft,E01031034,North Warwickshire 004D,Criminal damage and arson,Investigation complete; no suspect identified,
f9a03d20f705cef81598fdac291ce9579cd22401b03042e160a19297a2973ea5,2017-11,Warwickshire Police,Warwickshire Police,-1.683743,52.570042,On or near Beech Close,E01031034,North Warwickshire 004D,Criminal damage and arson,Status update unavailable,
c259457415f39f9f6e6326eb915b7f686c7ebf3d522c60eceb6dd491a8180423,2017-11,Warwickshire Police,Warwickshire Police,-1.683743,52.570042,On or near Beech Close,E01031034,North Warwickshire 004D,Criminal damage and arson,Status update unavailable,
e8169b8ab416ff89bb624f2dc6dcec042fc8584b988872230fa52feaa9dc4f49,2017-11,Warwickshire Police,Warwickshire Police,-1.683743,52.570042,On or near Beech Close,E01031034,North Warwickshire 004D,Violence and sexual offences,Local resolution,
e549a942b7179cf33dcfe684a1945dadc9988cfab591ec3cf593173560ca73b0,2017-11,Warwickshire Police,Warwickshire Police,-1.683743,52.570042,On or near Beech Close,E01031034,North Warwickshire 004D,Violence and sexual offences,Formal action is not in the public interest,
75b463049708dd39dd5a98f913f2426753b8726919d9948339e01093c8167717,2017-11,Warwickshire Police,Warwickshire Police,-1.682627,52.567387,On or near Barlow Court,E01031034,North Warwickshire 004D,Violence and sexual offences,Local resolution,
95b82759282e6843a865c401fb9827780a37aaf0cffa72bc76fb446d67ff478b,2017-11,Warwickshire Police,Warwickshire Police,-1.681032,52.565576,On or near Petrol Station,E01031034,North Warwickshire 004D,Violence and sexual offences,Court result unavailable,
e90b0c806f2d271d53b70b0ab9de51d09450eb4b39cfd461e763982eda4fa2c7,2017-11,Warwickshire Police,Warwickshire Police,-1.682627,52.567387,On or near Barlow Court,E01031034,North Warwickshire 004D,Violence and sexual offences,Investigation complete; no suspect identified,
50d154ffe71e696de34f91e1ec441ea1385d8c6d285aeb02b1ab338c511fa0db,2017-11,Warwickshire Police,Warwickshire Police,-1.565008,52.505118,On or near Hawthorne Avenue,E01031005,North Warwickshire 005A,Burglary,Defendant found not guilty,
dbb46d40fff9ac84879941ccb5b52dd570b3305fa177a3a0e42e6f3da30d99cf,2017-11,Warwickshire Police,Warwickshire Police,-1.561877,52.532606,On or near Parking Area,E01031005,North Warwickshire 005A,Burglary,Investigation complete; no suspect identified,
ca183d5582389c899b48f0e41cb2611d3e8893d9909b293f705f91c18c6cd738,2017-11,Warwickshire Police,Warwickshire Police,-1.557289,52.519734,On or near Croft Mead,E01031005,North Warwickshire 005A,Criminal damage and arson,Investigation complete; no suspect identified,
6279ddb677729e83ad62820ce6eff1e6d66b9bc2980b0c07642b466fb333df3a,2017-11,Warwickshire Police,Warwickshire Police,-1.565008,52.505118,On or near Hawthorne Avenue,E01031005,North Warwickshire 005A,Vehicle crime,Investigation complete; no suspect identified,
e876924877d2ffa67cd62bd36813ca19e2725c12a46ab725da7fb327d7ddd64f,2017-11,Warwickshire Police,Warwickshire Police,-1.561977,52.507651,On or near Sports/Recreation Area,E01031005,North Warwickshire 005A,Violence and sexual offences,Unable to prosecute suspect,
ff06f3a72500f018ce41f98446d36261e3e4101cbdf34b8acfdc863470bb3aab,2017-11,Warwickshire Police,Warwickshire Police,-1.569810,52.503688,On or near Sports/Recreation Area,E01031005,North Warwickshire 005A,Violence and sexual offences,Status update unavailable,
9830b69e0ca97cf679c309e299d4ee7ee025f80fdcba0f536474d362de39666a,2017-11,Warwickshire Police,Warwickshire Police,-1.564371,52.505439,On or near Sycamore Crescent,E01031005,North Warwickshire 005A,Violence and sexual offences,Status update unavailable,
8ee7b3c2fc8566285f1035683db87aa240bc79413eb9ec7763a16b7452f6ecc5,2017-11,Warwickshire Police,Warwickshire Police,-1.565008,52.505118,On or near Hawthorne Avenue,E01031005,North Warwickshire 005A,Violence and sexual offences,Status update unavailable,
,2017-11,Warwickshire Police,Warwickshire Police,-1.531766,52.537544,On or near Ansley Common,E01031008,North Warwickshire 005B,Anti-social behaviour,,
,2017-11,Warwickshire Police,Warwickshire Police,-1.553816,52.542465,On or near Pipers Lane,E01031008,North Warwickshire 005B,Anti-social behaviour,,
d38b874758fd84085d252e09e5bee9c3352b881246b37f1508dc8968b15243d7,2017-11,Warwickshire Police,Warwickshire Police,-1.552656,52.544888,On or near Oldbury Road,E01031008,North Warwickshire 005B,Burglary,Status update unavailable,
734ab1e81381e52be739d761599e77c6b6c7d550a20c0295d95e9c22d33dbaf7,2017-11,Warwickshire Police,Warwickshire Police,-1.534748,52.538544,On or near Cornish Close,E01031008,North Warwickshire 005B,Burglary,Investigation complete; no suspect identified,
95315b6b047016ffca39b059feee5d5cf1fc3b4a694438029a8deaf69048fcec,2017-11,Warwickshire Police,Warwickshire Police,-1.534748,52.538544,On or near Cornish Close,E01031008,North Warwickshire 005B,Criminal damage and arson,Status update unavailable,
faad0ac019c77f1d5b7ce104b764d37d94d7555f058efdf3797b615bd354c706,2017-11,Warwickshire Police,Warwickshire Police,-1.532220,52.536377,On or near Sports/Recreation Area,E01031008,North Warwickshire 005B,Criminal damage and arson,Investigation complete; no suspect identified,
10b6540446a668c52cc3871a64ca818e1697a09e0add308b3ec6860f9316ee2d,2017-11,Warwickshire Police,Warwickshire Police,-1.524983,52.536258,On or near Plough Hill Road,E01031008,North Warwickshire 005B,Other theft,Investigation complete; no suspect identified,
1468f227f4a2154dce96c66f1a9562f2c96a13c6134248225a50eb04347e1f8f,2017-11,Warwickshire Police,Warwickshire Police,-1.532220,52.536377,On or near Sports/Recreation Area,E01031008,North Warwickshire 005B,Violence and sexual offences,Status update unavailable,
7c0be1543ff504c365a760a766f82b072286f2ee1813bcaf262efa6773c8d50e,2017-11,Warwickshire Police,Warwickshire Police,-1.536218,52.538955,On or near Thorncliffe Way,E01031008,North Warwickshire 005B,Violence and sexual offences,Unable to prosecute suspect,
e432140cc9f424f9a26e6dad4937a620af8d791ff1b47f57f04d8bd5619803e2,2017-11,Warwickshire Police,Warwickshire Police,-1.537883,52.539051,On or near West View,E01031008,North Warwickshire 005B,Violence and sexual offences,Status update unavailable,
840bd90c9e465b50822ec0f97183e5ca95145803d8af233cd8549c90ec41228f,2017-11,Warwickshire Police,Warwickshire Police,-1.532220,52.536377,On or near Sports/Recreation Area,E01031008,North Warwickshire 005B,Violence and sexual offences,Unable to prosecute suspect,
cdf0d5ea10bef114d0e3d101cecb7df859ebc77cbfa6942c41fff567c3b9c974,2017-11,Warwickshire Police,Warwickshire Police,-1.526146,52.536362,On or near Fletchers Drift Lane,E01031008,North Warwickshire 005B,Violence and sexual offences,Status update unavailable,
,2017-11,Warwickshire Police,Warwickshire Police,-1.586420,52.589250,On or near Watling Street,E01031017,North Warwickshire 005C,Anti-social behaviour,,
,2017-11,Warwickshire Police,Warwickshire Police,-1.586162,52.579073,On or near Folly Lane,E01031017,North Warwickshire 005C,Anti-social behaviour,,
1373df31788bf23498f094d3decdc8eb74eb085867fa5853cd371c17e5125084,2017-11,Warwickshire Police,Warwickshire Police,-1.585994,52.589123,On or near Watling Street,E01031017,North Warwickshire 005C,Burglary,Investigation complete; no suspect identified,
639f3ec160c11d5d63059d507aff396a70d451a9226b0c61333bd81a1caf74f1,2017-11,Warwickshire Police,Warwickshire Police,-1.585994,52.589123,On or near Watling Street,E01031017,North Warwickshire 005C,Burglary,Investigation complete; no suspect identified,
e084353ba27d20ae3573f82447682d4b7d4910af9d9444665d74e27c9ad70f7b,2017-11,Warwickshire Police,Warwickshire Police,-1.566543,52.603644,On or near B5000,E01031017,North Warwickshire 005C,Other theft,Investigation complete; no suspect identified,
e713eb91784807a6a22e25c28a1cae273864db0675af28a7c04fc44dc7787e7e,2017-11,Warwickshire Police,Warwickshire Police,-1.599556,52.586230,On or near Orchard Rise,E01031017,North Warwickshire 005C,Robbery,Investigation complete; no suspect identified,
45e187f7e19751b7a2002b7ca81c337de1548a2e128fead35a74e678fa639cc8,2017-11,Warwickshire Police,Warwickshire Police,-1.547843,52.591393,On or near Sheepy Road,E01031017,North Warwickshire 005C,Violence and sexual offences,Unable to prosecute suspect,
,2017-11,Warwickshire Police,Warwickshire Police,-1.597832,52.577755,On or near Allens Close,E01031018,North Warwickshire 005D,Anti-social behaviour,,
,2017-11,Warwickshire Police,Warwickshire Police,-1.597433,52.571380,On or near The Orchard,E01031018,North Warwickshire 005D,Anti-social behaviour,,
,2017-11,Warwickshire Police,Warwickshire Police,-1.597831,52.579490,On or near Newlands Road,E01031018,North Warwickshire 005D,Anti-social behaviour,,
63eb38b58206b975127a1149d3920310b89ab84915ba5b738a6774ed9cb026b3,2017-11,Warwickshire Police,Warwickshire Police,-1.596427,52.549226,On or near B4116,E01031018,North Warwickshire 005D,Burglary,Investigation complete; no suspect identified,
ceb5b44a9db89c9504541ba9ae1a2d34d6361f737fc4672e101eaf858fd8b294,2017-11,Warwickshire Police,Warwickshire Police,-1.600659,52.581730,On or near Jean Street,E01031018,North Warwickshire 005D,Vehicle crime,Investigation complete; no suspect identified,
7918d08d4e3f798063aeec7861547bb4cb46867567026f78cebe4981592d1eb4,2017-11,Warwickshire Police,Warwickshire Police,-1.596427,52.549226,On or near B4116,E01031018,North Warwickshire 005D,Violence and sexual offences,Status update unavailable,
1635f53148c2d40c20247563a234880473ec7fb1469e8711cec5183fd51ad699,2017-11,Warwickshire Police,Warwickshire Police,-1.596427,52.549226,On or near B4116,E01031018,North Warwickshire 005D,Violence and sexual offences,Formal action is not in the public interest,
,2017-11,Warwickshire Police,Warwickshire Police,-1.523598,52.540262,On or near Hayes Road,E01031029,North Warwickshire 005E,Anti-social behaviour,,
,2017-11,Warwickshire Police,Warwickshire Police,-1.526045,52.541629,On or near Hillside,E01031029,North Warwickshire 005E,Anti-social behaviour,,
98825aab8252d94dff3de9978d267b513b51fbeb9c76a6d9595fb0204adfbfd9,2017-11,Warwickshire Police,Warwickshire Police,-1.524030,52.539823,On or near Bluebell Close,E01031029,North Warwickshire 005E,Vehicle crime,Investigation complete; no suspect identified,
86ef8f7144ce95d3d2bd123a1bf80fcaf552a774cb8a90e9908757d741ea004f,2017-11,Warwickshire Police,Warwickshire Police,-1.526274,52.539545,On or near Moorwood Crescent,E01031029,North Warwickshire 005E,Violence and sexual offences,Status update unavailable,
d02313a86e8c09d09d5806892d83f89bc642a3f496f109676bd9baebcf1d3898,2017-11,Warwickshire Police,Warwickshire Police,-1.533857,52.546128,On or near Park/Open Space,E01031029,North Warwickshire 005E,Violence and sexual offences,Unable to prosecute suspect,
,2017-11,Warwickshire Police,Warwickshire Police,-1.519460,52.547905,On or near Nuneaton Road,E01031030,North Warwickshire 005F,Anti-social behaviour,,
,2017-11,Warwickshire Police,Warwickshire Police,-1.523621,52.542168,On or near Wood Lane,E01031030,North Warwickshire 005F,Anti-social behaviour,,
,2017-11,Warwickshire Police,Warwickshire Police,-1.520592,52.541446,On or near Church Road,E01031030,North Warwickshire 005F,Anti-social behaviour,,
,2017-11,Warwickshire Police,Warwickshire Police,-1.520592,52.541446,On or near Church Road,E01031030,North Warwickshire 005F,Anti-social behaviour,,
,2017-11,Warwickshire Police,Warwickshire Police,-1.520592,52.541446,On or near Church Road,E01031030,North Warwickshire 005F,Anti-social behaviour,,
,2017-11,Warwickshire Police,Warwickshire Police,-1.520592,52.541446,On or near Church Road,E01031030,North Warwickshire 005F,Anti-social behaviour,,
397271756338fc1bdba17df9870055376985b36fb6f705b3bc53bf38ed67053e,2017-11,Warwickshire Police,Warwickshire Police,-1.518904,52.551516,On or near Atherstone Road,E01031030,North Warwickshire 005F,Burglary,Investigation complete; no suspect identified,
cb190efbee9eebe09a951a6ab4382ec60e87bfc79b08db49b28450c53e906ca7,2017-11,Warwickshire Police,Warwickshire Police,-1.524786,52.536770,On or near Plough Hill Road,E01031030,North Warwickshire 005F,Burglary,Unable to prosecute suspect,
3e5ba37739eef0a55c1347d29b2a5299575f1f13cf2d938366f558741cde42c0,2017-11,Warwickshire Police,Warwickshire Police,-1.507036,52.556367,On or near Park/Open Space,E01031030,North Warwickshire 005F,Burglary,Status update unavailable,
a63726cee1a531276def5cd6ed04899a1a140c9a9a2479ebf4a42029dc78df41,2017-11,Warwickshire Police,Warwickshire Police,-1.481295,52.557875,On or near Weddington Lane,E01031030,North Warwickshire 005F,Burglary,Investigation complete; no suspect identified,
9b658cc52b4f23fdb7cf5938f29c50d63c516f2741dc8b8fccb29a097ba774e7,2017-11,Warwickshire Police,Warwickshire Police,-1.507036,52.556367,On or near Park/Open Space,E01031030,North Warwickshire 005F,Burglary,Investigation complete; no suspect identified,
4ba5261988dd6b2886c132558853ae3d4f0eb4455f669907dbb0aeb5516409aa,2017-11,Warwickshire Police,Warwickshire Police,-1.519460,52.547905,On or near Nuneaton Road,E01031030,North Warwickshire 005F,Criminal damage and arson,Status update unavailable,
09609ae74a8d83d9737f53987d3e5274c9ffef67c07704783e263fcf91db28fb,2017-11,Warwickshire Police,Warwickshire Police,-1.521587,52.551608,On or near Stoneleigh Close,E01031030,North Warwickshire 005F,Criminal damage and arson,Status update unavailable,
a1e46e7d319d66de100fba7798a0d32217b5219c83ecf788e033c98c547ca456,2017-11,Warwickshire Police,Warwickshire Police,-1.523964,52.536416,On or near Willow Close,E01031030,North Warwickshire 005F,Other theft,Investigation complete; no suspect identified,
b3a74725351201854ec1d40df0b32a1eb1104b97de0885cf5615070bc6d85cf3,2017-11,Warwickshire Police,Warwickshire Police,-1.520550,52.538506,On or near Victoria Road,E01031030,North Warwickshire 005F,Other theft,Investigation complete; no suspect identified,
7b4da9285aa0e24d2babe26219f5330483f3d2aead98ac1d52061ad8d74281ed,2017-11,Warwickshire Police,Warwickshire Police,-1.522364,52.537129,On or near Coleshill Road,E01031030,North Warwickshire 005F,Other theft,Investigation complete; no suspect identified,
3c8f298fde89d19b38d49470e6482679b090c31c5662e4378d4a6d2aae7f23e0,2017-11,Warwickshire Police,Warwickshire Police,-1.520592,52.541446,On or near Church Road,E01031030,North Warwickshire 005F,Possession of weapons,Status update unavailable,
184b951c3f9744d7d93f81574505c735b5b3d0575caead85f9d3e30831a8c8f7,2017-11,Warwickshire Police,Warwickshire Police,-1.513632,52.556134,On or near Woodford Lane,E01031030,North Warwickshire 005F,Shoplifting,Status update unavailable,
94a44ad19c09a386d9efd50ffd1a04aebc6b3f30a406a7dfb668c9cf7a73fa37,2017-11,Warwickshire Police,Warwickshire Police,-1.521946,52.551160,On or near Charnwood Drive,E01031030,North Warwickshire 005F,Vehicle crime,Investigation complete; no suspect identified,
f3a5ca6f574908454366a33c5dca7ea91a5267fb108e84257d5d7f6bd701db37,2017-11,Warwickshire Police,Warwickshire Police,-1.513632,52.556134,On or near Woodford Lane,E01031030,North Warwickshire 005F,Vehicle crime,Court result unavailable,
75449bca711b87d81f8ac0d1bb6edacfa4e95d6c07d856928e03a5dd22ff7e2d,2017-11,Warwickshire Police,Warwickshire Police,-1.521946,52.551160,On or near Charnwood Drive,E01031030,North Warwickshire 005F,Vehicle crime,Investigation complete; no suspect identified,
d3a89c37c7ef2b520d2d11e2f0137de66317eaa8b4eecaa0692453a2b50d60be,2017-11,Warwickshire Police,Warwickshire Police,-1.521816,52.549550,On or near Trentham Road,E01031030,North Warwickshire 005F,Vehicle crime,Investigation complete; no suspect identified,
10d09d14d5e438c921d8e85c8ccf3491600acd366e7885dc1d314fef530d71b1,2017-11,Warwickshire Police,Warwickshire Police,-1.521946,52.551160,On or near Charnwood Drive,E01031030,North Warwickshire 005F,Vehicle crime,Investigation complete; no suspect identified,
f82165a63a323dc8eb02fb14278390b5d38665202005e47372283c267f79b141,2017-11,Warwickshire Police,Warwickshire Police,-1.519460,52.547905,On or near Nuneaton Road,E01031030,North Warwickshire 005F,Violence and sexual offences,Status update unavailable,
af6c3a66293647ea4d3fb3e5b14148744a4ecab4c46d3092eb1d7e74866b0542,2017-11,Warwickshire Police,Warwickshire Police,-1.519460,52.547905,On or near Nuneaton Road,E01031030,North Warwickshire 005F,Violence and sexual offences,Status update unavailable,
92c9474b2ea103a1c116a1149c2ed4351ef5d0dfdbc94e9c9469bbcaf3454952,2017-11,Warwickshire Police,Warwickshire Police,-1.522364,52.537129,On or near Coleshill Road,E01031030,North Warwickshire 005F,Violence and sexual offences,Status update unavailable,
a5368c9d7629a5c7078438142434a4d2412f24bb1cf275e450dd6f55e8e55b54,2017-11,Warwickshire Police,Warwickshire Police,-1.521587,52.551608,On or near Stoneleigh Close,E01031030,North Warwickshire 005F,Violence and sexual offences,Status update unavailable,
,2017-11,Warwickshire Police,Warwickshire Police,-1.720997,52.498072,On or near South Drive,E01031019,North Warwickshire 006A,Anti-social behaviour,,
f22ee6bf07774ec5674613723c1c1470a26bd2689a49603f512bdcc0069e29c0,2017-11,Warwickshire Police,Warwickshire Police,-1.723591,52.509532,On or near B4117,E01031019,North Warwickshire 006A,Burglary,Investigation complete; no suspect identified,
0174a889403f8e8803d7a18b6e64a2942e00f78eda11c967891a82926f3d5257,2017-11,Warwickshire Police,Warwickshire Police,-1.710019,52.507539,On or near Bateman Road,E01031019,North Warwickshire 006A,Burglary,Investigation complete; no suspect identified,
91281ceb7ae26e410ef733a09b4c544a71a9a84938a8ba0c9ce9382bfbd17538,2017-11,Warwickshire Police,Warwickshire Police,-1.715522,52.511077,On or near Brutus Drive,E01031019,North Warwickshire 006A,Criminal damage and arson,Status update unavailable,
0dc2ab16b7498deca481dce8738b1f7ad563937a1bd9fe53d42c46d7ea20dc71,2017-11,Warwickshire Police,Warwickshire Police,-1.711563,52.514807,On or near Gorsey Lane,E01031019,North Warwickshire 006A,Drugs,Awaiting court outcome,
4d83ebff9f2c7f271b68692832af0775a7e0ac707402f09bcf6bd55b86b8e2e0,2017-11,Warwickshire Police,Warwickshire Police,-1.713326,52.508905,On or near Trajan Hill,E01031019,North Warwickshire 006A,Other theft,Investigation complete; no suspect identified,
f3b78777cf7ff8da1c3faec4f472106463de2430fd2cf98de1f8c9457f5896ce,2017-11,Warwickshire Police,Warwickshire Police,-1.711563,52.514807,On or near Gorsey Lane,E01031019,North Warwickshire 006A,Other theft,Investigation complete; no suspect identified,
ce75b066e2c7848fd15358ae702bbab4fbb87f7d8964f6f6a14ae940fd9ef838,2017-11,Warwickshire Police,Warwickshire Police,-1.714766,52.509385,On or near Wantage Road,E01031019,North Warwickshire 006A,Other theft,Investigation complete; no suspect identified,
8a091d8d8d39b5a261a405fa88131c571d17febddf4266fe1e290979fe3f82d6,2017-11,Warwickshire Police,Warwickshire Police,-1.714766,52.509385,On or near Wantage Road,E01031019,North Warwickshire 006A,Other theft,Investigation complete; no suspect identified,
ce4bdf94ecfaa49c5a6759e7311641a31e14fd9e24893eb7fce8ea024aec7708,2017-11,Warwickshire Police,Warwickshire Police,-1.711563,52.514807,On or near Gorsey Lane,E01031019,North Warwickshire 006A,Other theft,Formal action is not in the public interest,
7ec7fa5d747f978748c4c8b9fa914f9d4ed80fd5bcdf23b597b2b0bbc5b9eca5,2017-11,Warwickshire Police,Warwickshire Police,-1.713326,52.508905,On or near Trajan Hill,E01031019,North Warwickshire 006A,Other theft,Investigation complete; no suspect identified,
bf2902ebd360ce12f424e52f25c8fb74e620f1bd3fa52a64ccb9be382861c388,2017-11,Warwickshire Police,Warwickshire Police,-1.713326,52.508905,On or near Trajan Hill,E01031019,North Warwickshire 006A,Other theft,Investigation complete; no suspect identified,
0859399acc742680fb6af96044450cb37405eb5d438746bb0a5fe91f5c325695,2017-11,Warwickshire Police,Warwickshire Police,-1.713326,52.508905,On or near Trajan Hill,E01031019,North Warwickshire 006A,Other theft,Investigation complete; no suspect identified,
9449a344709a69a88bae4f7fa11a50437acfb176ef8b50100ae3a21c74138803,2017-11,Warwickshire Police,Warwickshire Police,-1.713326,52.508905,On or near Trajan Hill,E01031019,North Warwickshire 006A,Other theft,Investigation complete; no suspect identified,
5cdab8b4deace81172af5688d1729a8780ea4e4d5e85068e12ef45393fd4281e,2017-11,Warwickshire Police,Warwickshire Police,-1.714766,52.509385,On or near Wantage Road,E01031019,North Warwickshire 006A,Other theft,Investigation complete; no suspect identified,
9ec0da5e90b35848988b9f6de8eda3aafc5dda91b4b645c9996aa510442aebac,2017-11,Warwickshire Police,Warwickshire Police,-1.713326,52.508905,On or near Trajan Hill,E01031019,North Warwickshire 006A,Other theft,Status update unavailable,
222260f4e3098c645ad9fa727721d9341dd55809fbe08cf2355e5872c6513b0d,2017-11,Warwickshire Police,Warwickshire Police,-1.713326,52.508905,On or near Trajan Hill,E01031019,North Warwickshire 006A,Other theft,Investigation complete; no suspect identified,
be8471e56cf89b3bb3b9b9f126fa81177c882deaec2a193dd827a9a260abe155,2017-11,Warwickshire Police,Warwickshire Police,-1.713326,52.508905,On or near Trajan Hill,E01031019,North Warwickshire 006A,Other theft,Investigation complete; no suspect identified,
e07db845ea5896b9b67b6ca1e820bed709b2fad8c85718a00aeacab7a2d0bf4f,2017-11,Warwickshire Police,Warwickshire Police,-1.714766,52.509385,On or near Wantage Road,E01031019,North Warwickshire 006A,Other theft,Investigation complete; no suspect identified,
dc1734a754a90cbb1781296d4b6f51c48b5e7539d62160e06bd0a69eb37c3d0a,2017-11,Warwickshire Police,Warwickshire Police,-1.711563,52.514807,On or near Gorsey Lane,E01031019,North Warwickshire 006A,Vehicle crime,Investigation complete; no suspect identified,
67e5322476afcf9fe76b5bef7f568333fc64f25801d019bae798a184dc3a1add,2017-11,Warwickshire Police,Warwickshire Police,-1.711563,52.514807,On or near Gorsey Lane,E01031019,North Warwickshire 006A,Vehicle crime,Investigation complete; no suspect identified,
5a4cfb774226393f34ae45fd03d88b0401f9d1f66144f45a9f88079ce20937ff,2017-11,Warwickshire Police,Warwickshire Police,-1.711563,52.514807,On or near Gorsey Lane,E01031019,North Warwickshire 006A,Vehicle crime,Investigation complete; no suspect identified,
8041411bd3eca0988b25ab49ffbad553607fee2329abda15c72e2771bbd98307,2017-11,Warwickshire Police,Warwickshire Police,-1.708868,52.507941,On or near Ennersdale Road,E01031019,North Warwickshire 006A,Vehicle crime,Investigation complete; no suspect identified,
916da6f4704b86e8c8ff55015a98f84f55d12e52ec57d19a9451d0b844ffa0b7,2017-11,Warwickshire Police,Warwickshire Police,-1.711563,52.514807,On or near Gorsey Lane,E01031019,North Warwickshire 006A,Vehicle crime,Status update unavailable,
09646f17fdb5a5d9618d6a7c46f817edeb1422cddf1e6242274352b1050ff5b4,2017-11,Warwickshire Police,Warwickshire Police,-1.711563,52.514807,On or near Gorsey Lane,E01031019,North Warwickshire 006A,Vehicle crime,Investigation complete; no suspect identified,
fe4dde259047bef765a615dea20920d1a2c22a9a85f8f1c4a60433521cbd9f93,2017-11,Warwickshire Police,Warwickshire Police,-1.711563,52.514807,On or near Gorsey Lane,E01031019,North Warwickshire 006A,Vehicle crime,Investigation complete; no suspect identified,
27c26cc0d8a50ab16c58b33560c97d96107ddffe44b43fb3a58a53d813726c52,2017-11,Warwickshire Police,Warwickshire Police,-1.713524,52.510065,On or near Constantine Lane,E01031019,North Warwickshire 006A,Violence and sexual offences,Formal action is not in the public interest,
,2017-11,Warwickshire Police,Warwickshire Police,-1.710483,52.501967,On or near Old Mill Road,E01031020,North Warwickshire 006B,Anti-social behaviour,,
8e2d4254b3f8abf6a1ee371c9b9ada07243a68c8831f2dc0814032087cab16dc,2017-11,Warwickshire Police,Warwickshire Police,-1.708211,52.500343,On or near Old Penns Lane,E01031020,North Warwickshire 006B,Burglary,Investigation complete; no suspect identified,
3ae8d73dda5f8dc3aa5325d1172e3dea2e8a36857d3f5c64ee319640a1101b69,2017-11,Warwickshire Police,Warwickshire Police,-1.710002,52.505777,On or near James Road,E01031020,North Warwickshire 006B,Burglary,Investigation complete; no suspect identified,
4f034239a1fac42dc7dd43f6925eb016f5ae72fbedd713165d9a08657723b102,2017-11,Warwickshire Police,Warwickshire Police,-1.707948,52.504460,On or near Colebridge Mews,E01031020,North Warwickshire 006B,Criminal damage and arson,Investigation complete; no suspect identified,
f8aeb5a9e0b82ddc4c623bc575fb57aeca4cae7fca596361157ca551616ed13a,2017-11,Warwickshire Police,Warwickshire Police,-1.707948,52.504460,On or near Colebridge Mews,E01031020,North Warwickshire 006B,Criminal damage and arson,Investigation complete; no suspect identified,
5c77ff193f321cbb967bccbc61828967cdd7c0012acb2b806ae99cdcdec09398,2017-11,Warwickshire Police,Warwickshire Police,-1.707948,52.504460,On or near Colebridge Mews,E01031020,North Warwickshire 006B,Criminal damage and arson,Investigation complete; no suspect identified,
c56662f5b61b4a1e4067a1dcfc4dbcbccfd416521f250f234e14c41bf2d8e0a3,2017-11,Warwickshire Police,Warwickshire Police,-1.707948,52.504460,On or near Colebridge Mews,E01031020,North Warwickshire 006B,Other theft,Status update unavailable,
024842a08139b8021ede14a05e312e159fb89a03e1b8074147eb1a7cab35b9ad,2017-11,Warwickshire Police,Warwickshire Police,-1.707948,52.504460,On or near Colebridge Mews,E01031020,North Warwickshire 006B,Other theft,Status update unavailable,
c03d3c209f366823be7d9ef720dcd882323f5a6617a0e4789d8d0d7cff7e2b79,2017-11,Warwickshire Police,Warwickshire Police,-1.708539,52.501998,On or near Orchard Close,E01031020,North Warwickshire 006B,Public order,Status update unavailable,
6563c3da208dd9634db82c4996254bb7fc4db718959b64c7686c1e769e6aa0de,2017-11,Warwickshire Police,Warwickshire Police,-1.707948,52.504460,On or near Colebridge Mews,E01031020,North Warwickshire 006B,Vehicle crime,Investigation complete; no suspect identified,
957e74933a49e0303f531dc22e221e34654d9f047dc8dc5c905b9edef2870592,2017-11,Warwickshire Police,Warwickshire Police,-1.708211,52.500343,On or near Old Penns Lane,E01031020,North Warwickshire 006B,Vehicle crime,Investigation complete; no suspect identified,
d4b00564d6476ec44fc558ff9f0805c50ab2e38bf15fc59fb81f6689e9587b3a,2017-11,Warwickshire Police,Warwickshire Police,-1.718355,52.514931,On or near Gorsey Way,E01031020,North Warwickshire 006B,Vehicle crime,Investigation complete; no suspect identified,
5b1c783bf0426eca805f422a709e6a595878c5c7ae7b4fb5fb1795c88758b77f,2017-11,Warwickshire Police,Warwickshire Police,-1.712973,52.513228,On or near Roman Way,E01031020,North Warwickshire 006B,Vehicle crime,Investigation complete; no suspect identified,
a54ff46b0dd24c7810b4dfeb2f363f54224aefc80b576e0c3db00fc932da1bfe,2017-11,Warwickshire Police,Warwickshire Police,-1.712389,52.498843,On or near Lawnsdale Close,E01031020,North Warwickshire 006B,Violence and sexual offences,Unable to prosecute suspect,
,2017-11,Warwickshire Police,Warwickshire Police,-1.706922,52.499225,On or near High Street,E01031021,North Warwickshire 006C,Anti-social behaviour,,
,2017-11,Warwickshire Police,Warwickshire Police,-1.710778,52.495180,On or near Clinton Road,E01031021,North Warwickshire 006C,Anti-social behaviour,,
,2017-11,Warwickshire Police,Warwickshire Police,-1.706253,52.497938,On or near Supermarket,E01031021,North Warwickshire 006C,Anti-social behaviour,,
,2017-11,Warwickshire Police,Warwickshire Police,-1.703718,52.495864,On or near Wyndshiels,E01031021,North Warwickshire 006C,Anti-social behaviour,,
2f4d02c3dea0ac5da221e115fc6294247ddf7d4c3899e0ff68a5a78b0aacb173,2017-11,Warwickshire Police,Warwickshire Police,-1.706941,52.500735,On or near Bramble Close,E01031021,North Warwickshire 006C,Burglary,Status update unavailable,
010c67675cacf6274eba6b61eddf886aa07a02a5864cc85356d32a173a5a4e9d,2017-11,Warwickshire Police,Warwickshire Police,-1.706941,52.500735,On or near Bramble Close,E01031021,North Warwickshire 006C,Burglary,Investigation complete; no suspect identified,
7e1f26930a17129c041126d22cbd5e27d1435f18d9172b03682d4f7361c34db3,2017-11,Warwickshire Police,Warwickshire Police,-1.703718,52.495864,On or near Wyndshiels,E01031021,North Warwickshire 006C,Burglary,Investigation complete; no suspect identified,
142da1a76dadd23308120878317348587a04c941059ef5b3af0c4c5bcefc1d8f,2017-11,Warwickshire Police,Warwickshire Police,-1.706253,52.497938,On or near Supermarket,E01031021,North Warwickshire 006C,Other theft,Investigation complete; no suspect identified,
dc2db06352cbe3bdea4f084fa5aee619fee994659048578c1a7fe950a782b3a4,2017-11,Warwickshire Police,Warwickshire Police,-1.703718,52.495864,On or near Wyndshiels,E01031021,North Warwickshire 006C,Public order,Investigation complete; no suspect identified,
e663536570bf781e08e83a669e1516c3ef11983d0a6e762c7dd2e9f093e9fc02,2017-11,Warwickshire Police,Warwickshire Police,-1.706253,52.497938,On or near Supermarket,E01031021,North Warwickshire 006C,Robbery,Investigation complete; no suspect identified,
47a4af7680dd637d6d1b1ba631aadd6f8d55b450f2d4dde03eea0c54895caefb,2017-11,Warwickshire Police,Warwickshire Police,-1.710079,52.498424,On or near Parking Area,E01031021,North Warwickshire 006C,Shoplifting,Local resolution,
820f2d814266c835d10ca38463507e720b85fecf2a061c7c6eff5ebadaaaccdc,2017-11,Warwickshire Police,Warwickshire Police,-1.706922,52.499225,On or near High Street,E01031021,North Warwickshire 006C,Vehicle crime,Investigation complete; no suspect identified,
e6bfd94a259ba3f55e85ff2dbc8ce9ac8de5bc1cd15d236db4a9b1fea3508afc,2017-11,Warwickshire Police,Warwickshire Police,-1.707615,52.496916,On or near Park Avenue,E01031021,North Warwickshire 006C,Vehicle crime,Investigation complete; no suspect identified,
653646c5bd6597247bef9d17254fc960e15bafccb8079ce87f1261f4fa366c29,2017-11,Warwickshire Police,Warwickshire Police,-1.706448,52.499601,On or near Parking Area,E01031021,North Warwickshire 006C,Vehicle crime,Status update unavailable,
639f495d4147ed5c28d2a130ab7cc4bf7407fb5e212e777d19d8ff678579966c,2017-11,Warwickshire Police,Warwickshire Police,-1.708190,52.498967,On or near Parking Area,E01031021,North Warwickshire 006C,Violence and sexual offences,Status update unavailable,
c9790ee7e5bc9df9b50c051254aaab2e7388dc6aad8b30b1563028d96e33e4a5,2017-11,Warwickshire Police,Warwickshire Police,-1.706922,52.499225,On or near High Street,E01031021,North Warwickshire 006C,Violence and sexual offences,Status update unavailable,
30e2aff1977b124b30862a8a6c30cc4a03a43f56cfc21619b14d99b6f9cc01d8,2017-11,Warwickshire Police,Warwickshire Police,-1.706253,52.497938,On or near Supermarket,E01031021,North Warwickshire 006C,Violence and sexual offences,Status update unavailable,
1f30a9898e98bcdbf1fef0cac17efa8b568588bca5823500ea9502f9e8baef41,2017-11,Warwickshire Police,Warwickshire Police,-1.703718,52.495864,On or near Wyndshiels,E01031021,North Warwickshire 006C,Violence and sexual offences,Investigation complete; no suspect identified,
,2017-11,Warwickshire Police,Warwickshire Police,-1.706362,52.485990,On or near Keepers Close,E01031022,North Warwickshire 006D,Anti-social behaviour,,
,2017-11,Warwickshire Police,Warwickshire Police,-1.706618,52.482881,On or near High Lodge,E01031022,North Warwickshire 006D,Anti-social behaviour,,
,2017-11,Warwickshire Police,Warwickshire Police,-1.706362,52.485990,On or near Keepers Close,E01031022,North Warwickshire 006D,Anti-social behaviour,,
,2017-11,Warwickshire Police,Warwickshire Police,-1.706618,52.482881,On or near High Lodge,E01031022,North Warwickshire 006D,Anti-social behaviour,,
,2017-11,Warwickshire Police,Warwickshire Police,-1.706307,52.489829,On or near Springfields,E01031022,North Warwickshire 006D,Anti-social behaviour,,
632ccc5fc2ad905adcf70c8c55061329a9c489c7cdd8fff2abfc5aacba6f4d21,2017-11,Warwickshire Police,Warwickshire Police,-1.706613,52.483681,On or near Coventry Road,E01031022,North Warwickshire 006D,Other theft,Investigation complete; no suspect identified,
8bc9e2fecaf6c0d861ec403e978a1ba959d7b25aa561aa1b98b04be9b4129744,2017-11,Warwickshire Police,Warwickshire Police,-1.707429,52.491630,On or near Castle Drive,E01031022,North Warwickshire 006D,Vehicle crime,Investigation complete; no suspect identified,
e583e48a57172279b385d52fd13b2433c4deb79d50e2a79576cf13fc2b8e67a6,2017-11,Warwickshire Police,Warwickshire Police,-1.706709,52.491331,On or near Burman Drive,E01031022,North Warwickshire 006D,Violence and sexual offences,Status update unavailable,
2115b3321301ef1c90200ce28208e3b101e6cfe8c472dac89a56ae66565c1a92,2017-11,Warwickshire Police,Warwickshire Police,-1.706362,52.485990,On or near Keepers Close,E01031022,North Warwickshire 006D,Violence and sexual offences,Status update unavailable,
9d9c750a3f11322edcbe3de7f2b7b3f083891a43c750aa2c01988c41036be993,2017-11,Warwickshire Police,Warwickshire Police,-1.706362,52.485990,On or near Keepers Close,E01031022,North Warwickshire 006D,Violence and sexual offences,Status update unavailable,
a73df2918bfa492ad77edec9353947135437d56ccb22a471b757eeca00cb56e8,2017-11,Warwickshire Police,Warwickshire Police,-1.706362,52.485990,On or near Keepers Close,E01031022,North Warwickshire 006D,Violence and sexual offences,Status update unavailable,
8a742aff37b3dcf5bee51c462c9f8c9d0ac13fe9564c56bf0700c8fbc7c29eef,2017-11,Warwickshire Police,Warwickshire Police,-1.736972,52.513985,On or near Woodlands Avenue,E01031041,North Warwickshire 006E,Burglary,Investigation complete; no suspect identified,
d16d7493ac87f98fc201faca1858d056f54ff52971e92b1e54005d6ea0615d62,2017-11,Warwickshire Police,Warwickshire Police,-1.749815,52.517834,On or near Smiths Way,E01031041,North Warwickshire 006E,Other theft,Court result unavailable,
8ab03c6daa95f68c904e9c1a0a0215e1d3a0c40e080b95241d95cea51692ae61,2017-11,Warwickshire Police,Warwickshire Police,-1.740222,52.515242,On or near Welland Close,E01031041,North Warwickshire 006E,Public order,Unable to prosecute suspect,
3d1a735beab4cf4462919b19c188f74550df19ad8cab4aa9743a04a4105ec112,2017-11,Warwickshire Police,Warwickshire Police,-1.748921,52.516870,On or near Birmingham Road,E01031041,North Warwickshire 006E,Robbery,Investigation complete; no suspect identified,
2252b7a99b7503b468caf9b67cb958db6718dfea1ccc9de69c6b2ec9c5e3e05f,2017-11,Warwickshire Police,Warwickshire Police,-1.742017,52.518096,On or near Birmingham Road,E01031041,North Warwickshire 006E,Shoplifting,Investigation complete; no suspect identified,
2aefb694c75ee0919901f4ee93720b2f8ab4d992a76dd97b4f5dda2f8f6ce89e,2017-11,Warwickshire Police,Warwickshire Police,-1.741553,52.516872,On or near Mickle Meadow,E01031041,North Warwickshire 006E,Vehicle crime,Investigation complete; no suspect identified,
,2017-11,Warwickshire Police,Warwickshire Police,-1.730430,52.516344,On or near Hollyhurst,E01031042,North Warwickshire 006F,Anti-social behaviour,,
,2017-11,Warwickshire Police,Warwickshire Police,-1.738341,52.516766,On or near Sports/Recreation Area,E01031042,North Warwickshire 006F,Anti-social behaviour,,
,2017-11,Warwickshire Police,Warwickshire Police,-1.741429,52.520360,On or near Old Church Road,E01031042,North Warwickshire 006F,Anti-social behaviour,,
,2017-11,Warwickshire Police,Warwickshire Police,-1.729640,52.517915,On or near George Road,E01031042,North Warwickshire 006F,Anti-social behaviour,,
f10f7143a79733074de73890ff9b5b420a7e543fc98d26afd46b0b743ffa6200,2017-11,Warwickshire Police,Warwickshire Police,-1.735255,52.517748,On or near Salisbury Drive,E01031042,North Warwickshire 006F,Criminal damage and arson,Unable to prosecute suspect,
ca0eec7fbd25f4f434ddbbe9d9d75ff8f94a6470a5be55eee6959eed5107abde,2017-11,Warwickshire Police,Warwickshire Police,-1.725075,52.519595,On or near Lichfield Road,E01031042,North Warwickshire 006F,Vehicle crime,Investigation complete; no suspect identified,
d6b76d6a3e65686b381a1585edc69d8c68ed78dddec30c4cbd5a17d18d20d166,2017-11,Warwickshire Police,Warwickshire Police,-1.740254,52.517274,On or near Church Avenue,E01031042,North Warwickshire 006F,Violence and sexual offences,Unable to prosecute suspect,
c558c35e7741ef8971c0fa9159177ae113dfb1efa9dd5a10c009709947c3afaf,2017-11,Warwickshire Police,Warwickshire Police,-1.731373,52.516436,On or near Park Grove,E01031042,North Warwickshire 006F,Violence and sexual offences,Status update unavailable,
dcc7a542788c2df396a35cc8d702ca1c8cb3ec4d5c0d38cdc5fe236f835f78f9,2017-11,Warwickshire Police,Warwickshire Police,-1.739940,52.517956,On or near Hargrave Close,E01031042,North Warwickshire 006F,Violence and sexual offences,Status update unavailable,
,2017-11,Warwickshire Police,Warwickshire Police,-1.572658,52.506287,On or near Firtree Lane,E01031006,North Warwickshire 007A,Anti-social behaviour,,
,2017-11,Warwickshire Police,Warwickshire Police,-1.573215,52.505013,On or near Daffern Avenue,E01031006,North Warwickshire 007A,Anti-social behaviour,,
,2017-11,Warwickshire Police,Warwickshire Police,-1.574141,52.505223,On or near Ryder Row,E01031006,North Warwickshire 007A,Anti-social behaviour,,
215d021e76c617680a9cd3269a5f3adfdbe042a5163ab6542245056e0dbd1f2c,2017-11,Warwickshire Police,Warwickshire Police,-1.571113,52.504502,On or near Ransome Road,E01031006,North Warwickshire 007A,Burglary,Investigation complete; no suspect identified,
94106618e2155c8bcd38957fedee182bde2ff80d3a060f927693048d451560a1,2017-11,Warwickshire Police,Warwickshire Police,-1.579897,52.515016,On or near Ansley Lane,E01031006,North Warwickshire 007A,Criminal damage and arson,Status update unavailable,
8c7aa99bad15c930b9f5cde43f4259de187d63bcd64b17973999d167dfefc3e6,2017-11,Warwickshire Police,Warwickshire Police,-1.574141,52.505223,On or near Ryder Row,E01031006,North Warwickshire 007A,Criminal damage and arson,Investigation complete; no suspect identified,
d27e1be6aae2ca7b9a7597f5df262e970bca9b16084c10dd182397aa66939feb,2017-11,Warwickshire Police,Warwickshire Police,-1.579897,52.515016,On or near Ansley Lane,E01031006,North Warwickshire 007A,Possession of weapons,Status update unavailable,
cbaddd8af979d991a144e54e7e9b3916c84988639f9f8e8e11d88fa0f5a5be79,2017-11,Warwickshire Police,Warwickshire Police,-1.585241,52.509218,On or near Bournebrook View,E01031006,North Warwickshire 007A,Violence and sexual offences,Unable to prosecute suspect,
,2017-11,Warwickshire Police,Warwickshire Police,-1.614167,52.507194,On or near Slowley Hill,E01031007,North Warwickshire 007B,Anti-social behaviour,,
4d2b1a325f28926bb1d93790daadd37b93dee62dce5776c913d5e15383aba5d4,2017-11,Warwickshire Police,Warwickshire Police,-1.637590,52.518317,On or near Coleshill Road,E01031007,North Warwickshire 007B,Criminal damage and arson,Local resolution,
4f72f53bc1400be5967c597bc08a43556b7e9b9fd3220e27522d8e893ae42884,2017-11,Warwickshire Police,Warwickshire Police,-1.580988,52.505607,On or near Colliers Way,E01031007,North Warwickshire 007B,Shoplifting,Investigation complete; no suspect identified,
,2017-11,Warwickshire Police,Warwickshire Police,-1.555340,52.517155,On or near B4112,E01031027,North Warwickshire 007C,Anti-social behaviour,,
,2017-11,Warwickshire Police,Warwickshire Police,-1.548094,52.472151,On or near Motorway Service Area,E01031027,North Warwickshire 007C,Anti-social behaviour,,
,2017-11,Warwickshire Police,Warwickshire Police,-1.555340,52.517155,On or near B4112,E01031027,North Warwickshire 007C,Anti-social behaviour,,
76160e532ff2ce657948ca11464162fbc998a48f1a38d8ecf1ad6deefbcb5139,2017-11,Warwickshire Police,Warwickshire Police,-1.531653,52.474622,On or near Smorrall Lane,E01031027,North Warwickshire 007C,Criminal damage and arson,Investigation complete; no suspect identified,
59a34c8609bf71ad3f644f15d27b1631899b155eb20c2fcd03cac1bdba393a6f,2017-11,Warwickshire Police,Warwickshire Police,-1.547162,52.471114,On or near Motorway Service Area,E01031027,North Warwickshire 007C,Other theft,Investigation complete; no suspect identified,
b6e3ac8aa2ad03d8687d2bbc9a15b84d1e295e676c0433bc6aa914fafd2d4f26,2017-11,Warwickshire Police,Warwickshire Police,-1.547162,52.471114,On or near Motorway Service Area,E01031027,North Warwickshire 007C,Other theft,Investigation complete; no suspect identified,
c0962a5bb707fe338076fe7cdb425fa8bac4b0a592a4cb359c5632e907b0e723,2017-11,Warwickshire Police,Warwickshire Police,-1.547162,52.471114,On or near Motorway Service Area,E01031027,North Warwickshire 007C,Other theft,Status update unavailable,
bfa1703e0ee1f0d40ae9e2fa08e832a4579b5fed0ce442320d097fe582beaaf4,2017-11,Warwickshire Police,Warwickshire Police,-1.547162,52.471114,On or near Motorway Service Area,E01031027,North Warwickshire 007C,Other theft,Investigation complete; no suspect identified,
d78e7d8efe6b74a767162e98dfbb2b06ce97597aef75bd69e763b0c71d42c3a2,2017-11,Warwickshire Police,Warwickshire Police,-1.547162,52.471114,On or near Motorway Service Area,E01031027,North Warwickshire 007C,Other theft,Investigation complete; no suspect identified,
2c08ea92de37bf7f6922627e844a025042f35f5d1afc9bde6cd563256032f087,2017-11,Warwickshire Police,Warwickshire Police,-1.547162,52.471114,On or near Motorway Service Area,E01031027,North Warwickshire 007C,Other theft,Investigation complete; no suspect identified,
53b05ce81362ee8821ccb6412b1dde93514f54da16a4b333640139a7240c3585,2017-11,Warwickshire Police,Warwickshire Police,-1.547162,52.471114,On or near Motorway Service Area,E01031027,North Warwickshire 007C,Other theft,Investigation complete; no suspect identified,
e8508b297d43553f16ec183c5c64d13887c7141cf833de4c2aa80a4f6087f320,2017-11,Warwickshire Police,Warwickshire Police,-1.547162,52.471114,On or near Motorway Service Area,E01031027,North Warwickshire 007C,Other theft,Investigation complete; no suspect identified,
05c9afa77534b212e9651c5ec5c7149f26c7e86db6ca7368fa41c0187ed2cbcf,2017-11,Warwickshire Police,Warwickshire Police,-1.547162,52.471114,On or near Motorway Service Area,E01031027,North Warwickshire 007C,Other theft,Investigation complete; no suspect identified,
89559ad01b86839abdf810a39071a2452287a85211c5cfe5c0d113f23e168710,2017-11,Warwickshire Police,Warwickshire Police,-1.547162,52.471114,On or near Motorway Service Area,E01031027,North Warwickshire 007C,Other theft,Investigation complete; no suspect identified,
91a8e2bbd66c0287be42a511b38397677792ca932f1006c7bfe4fcfe718332fe,2017-11,Warwickshire Police,Warwickshire Police,-1.547162,52.471114,On or near Motorway Service Area,E01031027,North Warwickshire 007C,Shoplifting,Status update unavailable,
e35da30d4a1c3be94696ffe79b54c7bf3a7abd8a0acd3341d74e3018a097a81d,2017-11,Warwickshire Police,Warwickshire Police,-1.547162,52.471114,On or near Motorway Service Area,E01031027,North Warwickshire 007C,Vehicle crime,Investigation complete; no suspect identified,
af3ecf88d5498e036b35151fcf78f425724ad33795d5055b49e8542632bed51d,2017-11,Warwickshire Police,Warwickshire Police,-1.547162,52.471114,On or near Motorway Service Area,E01031027,North Warwickshire 007C,Vehicle crime,Investigation complete; no suspect identified,
5e1687f2a01183a96653542713d6ea5c5358075f18a42ea6310718ef1de78705,2017-11,Warwickshire Police,Warwickshire Police,-1.584521,52.463690,On or near Common Lane,E01031027,North Warwickshire 007C,Vehicle crime,Investigation complete; no suspect identified,
2924d6fc3d1fc551754b1d67bfbbbed7935b824d3e009ae1e26d5906362f22cd,2017-11,Warwickshire Police,Warwickshire Police,-1.573989,52.482837,On or near Sandy Lane,E01031027,North Warwickshire 007C,Vehicle crime,Investigation complete; no suspect identified,
44198056fabec091faa5fc7f8ebc7ca50e9c01b23bb064eb31a046bfea0da354,2017-11,Warwickshire Police,Warwickshire Police,-1.547162,52.471114,On or near Motorway Service Area,E01031027,North Warwickshire 007C,Vehicle crime,Investigation complete; no suspect identified,
1a0d0f854a8e142ce078e77cebaea67ff09cb06e41b8d3277e18f6fcc0f7c491,2017-11,Warwickshire Police,Warwickshire Police,-1.559122,52.463149,On or near The Glebe,E01031027,North Warwickshire 007C,Violence and sexual offences,Investigation complete; no suspect identified,
c731e9908508706f524597a60d4b813d68f8515b1c8219b6d8e7a695fdc0c6b1,2017-11,Warwickshire Police,Warwickshire Police,-1.569052,52.490793,On or near Park Lane,E01031027,North Warwickshire 007C,Violence and sexual offences,Court result unavailable,
a71c3c864979478e0b8dd60ab20ec3b55db042220a3f277daa353b4704b02204,2017-11,Warwickshire Police,Warwickshire Police,-1.584521,52.463690,On or near Common Lane,E01031027,North Warwickshire 007C,Violence and sexual offences,Status update unavailable,
2107d957f5e9f2880e75a79d16e8e9b6fe7262d7dbcd0537f99528c9fa4aa0ab,2017-11,Warwickshire Police,Warwickshire Police,-1.547162,52.471114,On or near Motorway Service Area,E01031027,North Warwickshire 007C,Violence and sexual offences,Status update unavailable,
c71bcae508d685898f0a9a875bde3c83fe37a5a689da37d06d19a6bab23f1b0c,2017-11,Warwickshire Police,Warwickshire Police,-1.547162,52.471114,On or near Motorway Service Area,E01031027,North Warwickshire 007C,Violence and sexual offences,Status update unavailable,
fec74ef19b4a051f092f96765b42a09855c4257ebed6866f560c3b352aaa5ff8,2017-11,Warwickshire Police,Warwickshire Police,-1.547162,52.471114,On or near Motorway Service Area,E01031027,North Warwickshire 007C,Violence and sexual offences,Status update unavailable,
,2017-11,Warwickshire Police,Warwickshire Police,-1.667981,52.515871,On or near Reservoir Drive,E01031028,North Warwickshire 007D,Anti-social behaviour,,
,2017-11,Warwickshire Police,Warwickshire Police,-1.642563,52.488440,On or near Fillongley Road,E01031028,North Warwickshire 007D,Anti-social behaviour,,
,2017-11,Warwickshire Police,Warwickshire Police,-1.663386,52.496286,On or near Castle Lane,E01031028,North Warwickshire 007D,Anti-social behaviour,,
e946381c79038a9f556cc2f669e66e47089aa044f34af2d52defbb5c318c2900,2017-11,Warwickshire Police,Warwickshire Police,-1.681176,52.464098,On or near School Lane,E01031028,North Warwickshire 007D,Burglary,Investigation complete; no suspect identified,
2e67875f567496a53432a56ded950431898f948d15c9df2f11f9cd92e669420d,2017-11,Warwickshire Police,Warwickshire Police,-1.586301,52.482665,On or near Church Lane,E01031028,North Warwickshire 007D,Burglary,Offender sent to prison,
f5031b6442477e1e75e3be1d340b213fb3f2ef31d765b29b950a547be39d3c14,2017-11,Warwickshire Police,Warwickshire Police,-1.606448,52.467424,On or near M6,E01031028,North Warwickshire 007D,Criminal damage and arson,Investigation complete; no suspect identified,
53420958ed0af666d16b6a76b245f3e7bc58c98b0156f86bf415ae9151d64b09,2017-11,Warwickshire Police,Warwickshire Police,-1.662281,52.471255,On or near M6,E01031028,North Warwickshire 007D,Criminal damage and arson,Investigation complete; no suspect identified,
d2fe34ed69cb41ce85276cee9ecc9aa8f9a3c60df1f853ac70e5498c2ff10dd1,2017-11,Warwickshire Police,Warwickshire Police,-1.586301,52.482665,On or near Church Lane,E01031028,North Warwickshire 007D,Drugs,Court result unavailable,
62493a0ed99874c8cc1c4cf4790b86a3c2affc56e7b89fb33cb6b8340fa6d103,2017-11,Warwickshire Police,Warwickshire Police,-1.602631,52.490812,On or near Willow Lane,E01031028,North Warwickshire 007D,Other theft,Investigation complete; no suspect identified,
b8f41e3ce25aee0ba779f62251ab38bb6abc72f58ae6cac9155703e622b70a84,2017-11,Warwickshire Police,Warwickshire Police,-1.662281,52.471255,On or near M6,E01031028,North Warwickshire 007D,Other theft,Investigation complete; no suspect identified,
d52e318bc841054530e603fe26fb7852599482a8f62e1658688841a0ace68bf1,2017-11,Warwickshire Police,Warwickshire Police,-1.669940,52.437276,On or near Park/Open Space,E01031028,North Warwickshire 007D,Other theft,Investigation complete; no suspect identified,
3dcc23151d5487af106541e86fa73c31cf02087d29a289e75efb8d57d3b34290,2017-11,Warwickshire Police,Warwickshire Police,-1.703568,52.463437,On or near Stonebridge Road,E01031028,North Warwickshire 007D,Shoplifting,Investigation complete; no suspect identified,
aa94796e15f848cae7c3156a680118bfed588f185dbb42fbd549a1fac33c7342,2017-11,Warwickshire Police,Warwickshire Police,-1.662281,52.471255,On or near M6,E01031028,North Warwickshire 007D,Vehicle crime,Investigation complete; no suspect identified,
21e88fc2e701e79c1c801ecade078d3607d7f4b3252a6dac0e03acb739702deb,2017-11,Warwickshire Police,Warwickshire Police,-1.662281,52.471255,On or near M6,E01031028,North Warwickshire 007D,Vehicle crime,Investigation complete; no suspect identified,
fe5613e5127af17e72456e9f2ed3b1831660ba696dabb179a02d5de5127f5c32,2017-11,Warwickshire Police,Warwickshire Police,-1.662111,52.514712,On or near Croxall Drive,E01031028,North Warwickshire 007D,Vehicle crime,Investigation complete; no suspect identified,
efc006f2b3b7bf185bc83d1c47844ae5edb0cfe699f5d351a9d5a2d2a58b1752,2017-11,Warwickshire Police,Warwickshire Police,-1.606448,52.467424,On or near M6,E01031028,North Warwickshire 007D,Vehicle crime,Investigation complete; no suspect identified,
7feacc6372afd3b0f88cf8d73d3a86f30f62dcaa3c149c1f1b683582fc2964cc,2017-11,Warwickshire Police,Warwickshire Police,-1.599473,52.481766,On or near Pump Lane,E01031028,North Warwickshire 007D,Vehicle crime,Investigation complete; no suspect identified,
d46a7b25f13cea1896ded694ef369866307a4d6d037f961d4863b2e1b481c0a6,2017-11,Warwickshire Police,Warwickshire Police,-1.662281,52.471255,On or near M6,E01031028,North Warwickshire 007D,Vehicle crime,Investigation complete; no suspect identified,
681573ac8fc4ac3541b370a79a758728026f433a13f91d93726eb8a4b72c98a2,2017-11,Warwickshire Police,Warwickshire Police,-1.662281,52.471255,On or near M6,E01031028,North Warwickshire 007D,Vehicle crime,Investigation complete; no suspect identified,
732271db2056671c059ffebceaf67b44d2ae2da082a6f320c803f536f35d82c6,2017-11,Warwickshire Police,Warwickshire Police,-1.662281,52.471255,On or near M6,E01031028,North Warwickshire 007D,Vehicle crime,Investigation complete; no suspect identified,
c7c9f1c8e39b48d924830f52d6519af9e9802c4d6f4a1b43612bc37c38cc6e60,2017-11,Warwickshire Police,Warwickshire Police,-1.588041,52.483930,On or near Petrol Station,E01031028,North Warwickshire 007D,Violence and sexual offences,Local resolution,
42fb2a5666fb9bfb56d3446b00b63ea702a415796d97a952c155a33b3aca2517,2017-11,Warwickshire Police,Warwickshire Police,-1.644129,52.509778,On or near Shawbury Lane,E01031028,North Warwickshire 007D,Violence and sexual offences,Court case unable to proceed,
2eb37d7c661d47a0d3132b226c6becc26cd962c993872af91fab330a8f417898,2017-11,Warwickshire Police,Warwickshire Police,-1.656151,52.479562,On or near Church Lane,E01031028,North Warwickshire 007D,Violence and sexual offences,Unable to prosecute suspect,
87487f157d3d7f61c40c8aff6d365699f939cc98eae82cdf2800e09a264c701a,2017-11,Warwickshire Police,Warwickshire Police,-1.588041,52.483930,On or near Petrol Station,E01031028,North Warwickshire 007D,Violence and sexual offences,Status update unavailable,
,2017-11,Warwickshire Police,Warwickshire Police,-1.447258,52.536182,On or near St Nicolas Park Drive,E01031110,Nuneaton and Bedworth 001A,Anti-social behaviour,,
0c290a4f130fe74d46ff24b30566decf86f387e7fb58d5e44d4547ccedae8464,2017-11,Warwickshire Police,Warwickshire Police,-1.445456,52.539967,On or near Bladon Close,E01031110,Nuneaton and Bedworth 001A,Burglary,Investigation complete; no suspect identified,
a80ab25c2ff88dee8e97d24bcd6a9ecf7b349ced687a8678af0e8d45ddd78022,2017-11,Warwickshire Police,Warwickshire Police,-1.445284,52.546583,On or near Nuneaton Lane,E01031110,Nuneaton and Bedworth 001A,Burglary,Investigation complete; no suspect identified,
69034e046d2b8ed4e0c4fa26211694c608b894c7af217c0343a68f1f4aec75f5,2017-11,Warwickshire Police,Warwickshire Police,-1.445456,52.539967,On or near Bladon Close,E01031110,Nuneaton and Bedworth 001A,Burglary,Investigation complete; no suspect identified,
d3c36991c76472e215331fe0c490380a6fbb2debd716a861b03e4acc32f8a7ce,2017-11,Warwickshire Police,Warwickshire Police,-1.449055,52.537547,On or near Peake Avenue,E01031110,Nuneaton and Bedworth 001A,Criminal damage and arson,Status update unavailable,
ee2dfc1c60ce0ad06a242ddc85a32622b1662f5d10c38dea84e13e58d7ae83bf,2017-11,Warwickshire Police,Warwickshire Police,-1.444989,52.536126,On or near Coniston Way,E01031110,Nuneaton and Bedworth 001A,Other theft,Investigation complete; no suspect identified,
5fb246f771ad3813ba9cfc31b02f6dd6f81870880855f270603bb4c238b5142c,2017-11,Warwickshire Police,Warwickshire Police,-1.445327,52.536181,On or near Supermarket,E01031110,Nuneaton and Bedworth 001A,Shoplifting,Investigation complete; no suspect identified,
6ea226c0fc016aefaf62bc69636df5f335c10e7d4901da31db95b6038cb129f2,2017-11,Warwickshire Police,Warwickshire Police,-1.444322,52.539854,On or near Woodcote Avenue,E01031110,Nuneaton and Bedworth 001A,Vehicle crime,Status update unavailable,
37bd684980579001753af3adf8b45278d38b5de802c2ee6f5526b6cb3883d459,2017-11,Warwickshire Police,Warwickshire Police,-1.445327,52.536181,On or near Supermarket,E01031110,Nuneaton and Bedworth 001A,Other crime,Investigation complete; no suspect identified,
,2017-11,Warwickshire Police,Warwickshire Police,-1.439091,52.536116,On or near Gloucester Close,E01031111,Nuneaton and Bedworth 001B,Anti-social behaviour,,
f73422290aa818eb25e0162db69b19972e14967508c63f5a113ec2e6bdd4cfe6,2017-11,Warwickshire Police,Warwickshire Police,-1.454610,52.534229,On or near Brookdale Road,E01031112,Nuneaton and Bedworth 001C,Bicycle theft,Investigation complete; no suspect identified,
632b1b708e41a3dfee2810cf2355e0d7fe6d61f7e473fdc95e2b33eaebde8061,2017-11,Warwickshire Police,Warwickshire Police,-1.463249,52.537855,On or near Fox Avenue,E01031112,Nuneaton and Bedworth 001C,Criminal damage and arson,Investigation complete; no suspect identified,
1c95f345c8231963f73fc699485a75527d0e421b7edfe1c7fc910e15300de084,2017-11,Warwickshire Police,Warwickshire Police,-1.463249,52.537855,On or near Fox Avenue,E01031112,Nuneaton and Bedworth 001C,Criminal damage and arson,Investigation complete; no suspect identified,
d2d650cf67a0a2eea64547a2e541776739aefa44f4f1ee81ef68e5f4677c4c08,2017-11,Warwickshire Police,Warwickshire Police,-1.455492,52.530853,On or near Chase Close,E01031112,Nuneaton and Bedworth 001C,Other theft,Investigation complete; no suspect identified,
cdea1d67ffed023bd9bf1193f2e776e944be420ce4d0d55e04e153e4ea46b6c5,2017-11,Warwickshire Police,Warwickshire Police,-1.457961,52.531475,On or near Shanklin Drive,E01031112,Nuneaton and Bedworth 001C,Violence and sexual offences,Status update unavailable,
2283adea75732e893b0a513a46bcf68a1587428f6cc1ad5fffca93e4bf0b7469,2017-11,Warwickshire Police,Warwickshire Police,-1.454610,52.534229,On or near Brookdale Road,E01031112,Nuneaton and Bedworth 001C,Violence and sexual offences,Unable to prosecute suspect,
,2017-11,Warwickshire Police,Warwickshire Police,-1.470658,52.544568,On or near Weddington Lane,E01031113,Nuneaton and Bedworth 001D,Anti-social behaviour,,
,2017-11,Warwickshire Police,Warwickshire Police,-1.466217,52.532619,On or near Brook Lane,E01031113,Nuneaton and Bedworth 001D,Anti-social behaviour,,
,2017-11,Warwickshire Police,Warwickshire Police,-1.470658,52.544568,On or near Weddington Lane,E01031113,Nuneaton and Bedworth 001D,Anti-social behaviour,,
,2017-11,Warwickshire Police,Warwickshire Police,-1.465741,52.535349,On or near Weddington Road,E01031113,Nuneaton and Bedworth 001D,Anti-social behaviour,,
,2017-11,Warwickshire Police,Warwickshire Police,-1.466217,52.532619,On or near Brook Lane,E01031113,Nuneaton and Bedworth 001D,Anti-social behaviour,,
,2017-11,Warwickshire Police,Warwickshire Police,-1.470658,52.544568,On or near Weddington Lane,E01031113,Nuneaton and Bedworth 001D,Anti-social behaviour,,
5e51b1818285cbad96b5ebee7509da617116fc127c0baadb3ef33ee0d3ea0773,2017-11,Warwickshire Police,Warwickshire Police,-1.467307,52.533900,On or near Shawe Avenue,E01031113,Nuneaton and Bedworth 001D,Bicycle theft,Investigation complete; no suspect identified,
83c22c75e771dd487a506005751b054e59062c30c4bdcbb82b88a9b921ad7398,2017-11,Warwickshire Police,Warwickshire Police,-1.470658,52.544568,On or near Weddington Lane,E01031113,Nuneaton and Bedworth 001D,Burglary,Investigation complete; no suspect identified,
ff067c7f4bd143988317ef35ed73b173af475f877265ae2b99cc3443ca03c8f0,2017-11,Warwickshire Police,Warwickshire Police,-1.470658,52.544568,On or near Weddington Lane,E01031113,Nuneaton and Bedworth 001D,Burglary,Status update unavailable,
f05f4bf7cec7b8edbbe5604c0f196945a30d3d20dabdcf90faf9eb2797b859cf,2017-11,Warwickshire Police,Warwickshire Police,-1.466322,52.538543,On or near Cresswell Close,E01031113,Nuneaton and Bedworth 001D,Other theft,Investigation complete; no suspect identified,
9ea07e0518ecd7125d2b0e90a18956b3200eb379e494b99606413b2e73ac94d9,2017-11,Warwickshire Police,Warwickshire Police,-1.467307,52.533900,On or near Shawe Avenue,E01031113,Nuneaton and Bedworth 001D,Other theft,Investigation complete; no suspect identified,
1559925b1e8c84b11a35278492d792ac7bcc4ff70721323dcc744b93c533370f,2017-11,Warwickshire Police,Warwickshire Police,-1.466322,52.538543,On or near Cresswell Close,E01031113,Nuneaton and Bedworth 001D,Other theft,Investigation complete; no suspect identified,
09754434dcd1abe98e47bf5cccab38fb93ef84113909391a4fa02e2809b811f7,2017-11,Warwickshire Police,Warwickshire Police,-1.463236,52.538925,On or near Bramdene Avenue,E01031113,Nuneaton and Bedworth 001D,Vehicle crime,Investigation complete; no suspect identified,
6230c62bd72d35a00038142ed0f5b6d040274ff38de85c1a939185da5dc11be6,2017-11,Warwickshire Police,Warwickshire Police,-1.463538,52.534683,On or near Elmfield Road,E01031113,Nuneaton and Bedworth 001D,Vehicle crime,Investigation complete; no suspect identified,
718301ae6d0717144596d02a77751e8e481facd81f4dc97eb722d0a0fcddc902,2017-11,Warwickshire Police,Warwickshire Police,-1.466322,52.538543,On or near Cresswell Close,E01031113,Nuneaton and Bedworth 001D,Violence and sexual offences,Unable to prosecute suspect,
093c04fdb1e21dc0c340c4c9a2e22d4ad5c2636d07e0b649cd71a58ea9bc9742,2017-11,Warwickshire Police,Warwickshire Police,-1.463236,52.538925,On or near Bramdene Avenue,E01031113,Nuneaton and Bedworth 001D,Violence and sexual offences,Status update unavailable,
e8e4316f180a5fa9aa0915893a236318ec2c4d7d79cf45fad94860cb4e2fb457,2017-11,Warwickshire Police,Warwickshire Police,-1.470658,52.544568,On or near Weddington Lane,E01031113,Nuneaton and Bedworth 001D,Violence and sexual offences,Status update unavailable,
,2017-11,Warwickshire Police,Warwickshire Police,-1.471303,52.533846,On or near Sports/Recreation Area,E01031114,Nuneaton and Bedworth 001E,Anti-social behaviour,,
,2017-11,Warwickshire Police,Warwickshire Police,-1.460008,52.532788,On or near Carisbrook Road,E01031114,Nuneaton and Bedworth 001E,Anti-social behaviour,,
,2017-11,Warwickshire Police,Warwickshire Police,-1.459355,52.532012,On or near Niton Road,E01031114,Nuneaton and Bedworth 001E,Anti-social behaviour,,
,2017-11,Warwickshire Police,Warwickshire Police,-1.471303,52.533846,On or near Sports/Recreation Area,E01031114,Nuneaton and Bedworth 001E,Anti-social behaviour,,
,2017-11,Warwickshire Police,Warwickshire Police,-1.471303,52.533846,On or near Sports/Recreation Area,E01031114,Nuneaton and Bedworth 001E,Anti-social behaviour,,
31c71a4f82220cafd8b52cabf26df84bacf4ae1f923da0970cbed34b9f57df3f,2017-11,Warwickshire Police,Warwickshire Police,-1.463857,52.531493,On or near Weddington Road,E01031114,Nuneaton and Bedworth 001E,Criminal damage and arson,Status update unavailable,
ee0b01f20253f557cc477505ddb2cd834dcbb09d9614fec3392f0decf2f70fe1,2017-11,Warwickshire Police,Warwickshire Police,-1.463857,52.531493,On or near Weddington Road,E01031114,Nuneaton and Bedworth 001E,Other theft,Investigation complete; no suspect identified,
26f7b0d8fb85e76e5580568e8315d405c694503c44772df225e516f45bb15fa0,2017-11,Warwickshire Police,Warwickshire Police,-1.462696,52.532423,On or near Ventnor Street,E01031114,Nuneaton and Bedworth 001E,Vehicle crime,Investigation complete; no suspect identified,
c4af9cc0a06dc779e0615ca1754d81a764d0ba51e83c21bbfa82acb5dc7b0cb5,2017-11,Warwickshire Police,Warwickshire Police,-1.463857,52.531493,On or near Weddington Road,E01031114,Nuneaton and Bedworth 001E,Vehicle crime,Investigation complete; no suspect identified,
193d1f10757d540ae104e1a45d5796ac00e7410b193b2b46dd999feaa0b21b34,2017-11,Warwickshire Police,Warwickshire Police,-1.471303,52.533846,On or near Sports/Recreation Area,E01031114,Nuneaton and Bedworth 001E,Vehicle crime,Investigation complete; no suspect identified,
23a4c013509eb6d24e7dbbb63a3727ac965d2650cdea0690d8e411ef50af60e0,2017-11,Warwickshire Police,Warwickshire Police,-1.460008,52.532788,On or near Carisbrook Road,E01031114,Nuneaton and Bedworth 001E,Violence and sexual offences,Status update unavailable,
ed24be5ce090f3fa1c77338373028d071289ac74549df85bb14d7d0966073795,2017-11,Warwickshire Police,Warwickshire Police,-1.456360,52.529769,On or near Regency Close,E01031114,Nuneaton and Bedworth 001E,Violence and sexual offences,Unable to prosecute suspect,
1ec5169ee04544933ed148cefb333aa0910ed6b8b4f019e2126513a5c7568664,2017-11,Warwickshire Police,Warwickshire Police,-1.456360,52.529769,On or near Regency Close,E01031114,Nuneaton and Bedworth 001E,Violence and sexual offences,Unable to prosecute suspect,
,2017-11,Warwickshire Police,Warwickshire Police,-1.498412,52.534018,On or near Plane Close,E01031073,Nuneaton and Bedworth 002C,Anti-social behaviour,,
,2017-11,Warwickshire Police,Warwickshire Police,-1.499956,52.534339,On or near Whitebeam Way,E01031073,Nuneaton and Bedworth 002C,Anti-social behaviour,,
,2017-11,Warwickshire Police,Warwickshire Police,-1.500266,52.536920,On or near Mancetter Road,E01031073,Nuneaton and Bedworth 002C,Anti-social behaviour,,
,2017-11,Warwickshire Police,Warwickshire Police,-1.501014,52.533391,On or near Cypress Way,E01031073,Nuneaton and Bedworth 002C,Anti-social behaviour,,
,2017-11,Warwickshire Police,Warwickshire Police,-1.501014,52.533391,On or near Cypress Way,E01031073,Nuneaton and Bedworth 002C,Anti-social behaviour,,
79e826d7df29b3e5797bd4c8c3c03900ff3743d25c49109346b2a3e73c52186e,2017-11,Warwickshire Police,Warwickshire Police,-1.499956,52.534339,On or near Whitebeam Way,E01031073,Nuneaton and Bedworth 002C,Burglary,Investigation complete; no suspect identified,
8f5a02d2494835c49da8daeb5441cf1feae566126954417512eb09e54718631b,2017-11,Warwickshire Police,Warwickshire Police,-1.501912,52.538653,On or near Nuneaton Road,E01031073,Nuneaton and Bedworth 002C,Criminal damage and arson,Investigation complete; no suspect identified,
67c1200a5f9db3c5b1f43e1da51ba6328883a8475fbdc5851755c5badac450be,2017-11,Warwickshire Police,Warwickshire Police,-1.502038,52.535364,On or near Petrol Station,E01031073,Nuneaton and Bedworth 002C,Other theft,Investigation complete; no suspect identified,
3e30398d6587e0ac86fa6654c572258fc8e92b6cd85c394ffbb5631ef10d5c21,2017-11,Warwickshire Police,Warwickshire Police,-1.502038,52.535364,On or near Petrol Station,E01031073,Nuneaton and Bedworth 002C,Other theft,Investigation complete; no suspect identified,
f24ccc584399367c60551ff247259110eaa43229c892ca5d1355c051cec27b96,2017-11,Warwickshire Police,Warwickshire Police,-1.502038,52.535364,On or near Petrol Station,E01031073,Nuneaton and Bedworth 002C,Other theft,Investigation complete; no suspect identified,
b8b0158d1947e483325c8bd66b48c6c718e723b4e1b6cac210ce049a4063a6f5,2017-11,Warwickshire Police,Warwickshire Police,-1.502038,52.535364,On or near Petrol Station,E01031073,Nuneaton and Bedworth 002C,Other theft,Investigation complete; no suspect identified,
3724f371dfa72340bb34af1c70dc585b6aa297aa7f8ce380b3d832c2d4de66a1,2017-11,Warwickshire Police,Warwickshire Police,-1.508677,52.536236,On or near Camp Hill Road,E01031073,Nuneaton and Bedworth 002C,Vehicle crime,Investigation complete; no suspect identified,
6b989d7c924d6698591d1f3e495be9f0ba8734e964c90c1bfaa7cc030dd5fa64,2017-11,Warwickshire Police,Warwickshire Police,-1.499956,52.534339,On or near Whitebeam Way,E01031073,Nuneaton and Bedworth 002C,Vehicle crime,Investigation complete; no suspect identified,
2c7097459d52ea94c4fd5bdb245766fc921c44e97ba9b2cdb5643c78528b06ad,2017-11,Warwickshire Police,Warwickshire Police,-1.498412,52.534018,On or near Plane Close,E01031073,Nuneaton and Bedworth 002C,Vehicle crime,Investigation complete; no suspect identified,
3cbac8939e8002559092c2b7d0ade29ac4372fb4fa892056e29227f0ce5c2fc9,2017-11,Warwickshire Police,Warwickshire Police,-1.506823,52.533253,On or near Ramsden Avenue,E01031073,Nuneaton and Bedworth 002C,Vehicle crime,Investigation complete; no suspect identified,
51a77a36f4734ecdaea5185c78088ab7ee425c9fca9721024a00afec8204da7a,2017-11,Warwickshire Police,Warwickshire Police,-1.501014,52.533391,On or near Cypress Way,E01031073,Nuneaton and Bedworth 002C,Vehicle crime,Investigation complete; no suspect identified,
88e2f2d91fb4a744d9a5b2a7bdee78786b0e7b46464c1f96e037196a7c071ae9,2017-11,Warwickshire Police,Warwickshire Police,-1.498915,52.533840,On or near Spruce Road,E01031073,Nuneaton and Bedworth 002C,Vehicle crime,Investigation complete; no suspect identified,
67e7b416a31091439490e424831966e1ce92021dd6d69c7c70d4560659963d66,2017-11,Warwickshire Police,Warwickshire Police,-1.501014,52.533391,On or near Cypress Way,E01031073,Nuneaton and Bedworth 002C,Vehicle crime,Investigation complete; no suspect identified,
72538f2e0fb9e393e822baeaded8bec474fc0285ecebf3b0d162dabd1c76ce2d,2017-11,Warwickshire Police,Warwickshire Police,-1.501014,52.533391,On or near Cypress Way,E01031073,Nuneaton and Bedworth 002C,Violence and sexual offences,Status update unavailable,
d18241d22bbbc0fc9ba2c25cd434201cf0bcdd8c9bf8c348131164a0740fd5d1,2017-11,Warwickshire Police,Warwickshire Police,-1.502324,52.534808,On or near Camp Hill Drive,E01031073,Nuneaton and Bedworth 002C,Violence and sexual offences,Status update unavailable,
52e82b02b12ed2f926621e731c849b0a37b63ce485a2e07a56dc1471c9a35dbd,2017-11,Warwickshire Police,Warwickshire Police,-1.501912,52.538653,On or near Nuneaton Road,E01031073,Nuneaton and Bedworth 002C,Violence and sexual offences,Unable to prosecute suspect,
,2017-11,Warwickshire Police,Warwickshire Police,-1.512959,52.534366,On or near Eden Court,E01031074,Nuneaton and Bedworth 002D,Anti-social behaviour,,
,2017-11,Warwickshire Police,Warwickshire Police,-1.506896,52.532076,On or near Hornbeam Close,E01031074,Nuneaton and Bedworth 002D,Anti-social behaviour,,
,2017-11,Warwickshire Police,Warwickshire Police,-1.506896,52.532076,On or near Hornbeam Close,E01031074,Nuneaton and Bedworth 002D,Anti-social behaviour,,
,2017-11,Warwickshire Police,Warwickshire Police,-1.508449,52.532918,On or near Tudor Road,E01031074,Nuneaton and Bedworth 002D,Anti-social behaviour,,
2c9368b046cd05601693e81e86f718e2037b6f095c661d25c124d0b99522fb19,2017-11,Warwickshire Police,Warwickshire Police,-1.511645,52.533138,On or near Birchtree Road,E01031074,Nuneaton and Bedworth 002D,Burglary,Investigation complete; no suspect identified,
d9736255f1276c0680d05676819af1f6b49b424b8568b51ae2ff36192f8a4a05,2017-11,Warwickshire Police,Warwickshire Police,-1.512959,52.534366,On or near Eden Court,E01031074,Nuneaton and Bedworth 002D,Burglary,Investigation complete; no suspect identified,
2ef31d7d2f29bb5b7d3046ea1c394696460e3010749e0ebd05eccb53855c1002,2017-11,Warwickshire Police,Warwickshire Police,-1.514124,52.532978,On or near Charlotte Close,E01031074,Nuneaton and Bedworth 002D,Criminal damage and arson,Investigation complete; no suspect identified,
d2d2a8547b98aa611d07ccf874ca01b89047d9e4c9a0c72a720174b476b4c628,2017-11,Warwickshire Police,Warwickshire Police,-1.512959,52.534366,On or near Eden Court,E01031074,Nuneaton and Bedworth 002D,Other theft,Status update unavailable,
533800837d42acb0025faacd8282492a73098757385b72cd387c2f16d2093397,2017-11,Warwickshire Police,Warwickshire Police,-1.510665,52.532523,On or near Orchard Way,E01031074,Nuneaton and Bedworth 002D,Possession of weapons,Court result unavailable,
f600eb519ed1c8081adb76724e03aebc5f74695b4b46fc1204c6fe3d0154c53e,2017-11,Warwickshire Police,Warwickshire Police,-1.509822,52.535351,On or near Craddock Drive,E01031074,Nuneaton and Bedworth 002D,Vehicle crime,Investigation complete; no suspect identified,
89f57c2ed369ba88ff85a770256bdc86fa3efc03ec9fea2bcafb2578c859ab50,2017-11,Warwickshire Police,Warwickshire Police,-1.510665,52.532523,On or near Orchard Way,E01031074,Nuneaton and Bedworth 002D,Violence and sexual offences,Unable to prosecute suspect,
8ec968153f0c802a961f064e2821800861aae428599f31623912961c25aebe68,2017-11,Warwickshire Police,Warwickshire Police,-1.506896,52.532076,On or near Hornbeam Close,E01031074,Nuneaton and Bedworth 002D,Violence and sexual offences,Status update unavailable,
1f512c87828ba3766028abc10534a50547c42fa91e79580ffb60d42ec814f5fc,2017-11,Warwickshire Police,Warwickshire Police,-1.506896,52.532076,On or near Hornbeam Close,E01031074,Nuneaton and Bedworth 002D,Violence and sexual offences,Status update unavailable,
,2017-11,Warwickshire Police,Warwickshire Police,-1.496913,52.531018,On or near The Dingle,E01031075,Nuneaton and Bedworth 002E,Anti-social behaviour,,
,2017-11,Warwickshire Police,Warwickshire Police,-1.489444,52.530599,On or near The Evergreens,E01031075,Nuneaton and Bedworth 002E,Anti-social behaviour,,
,2017-11,Warwickshire Police,Warwickshire Police,-1.496913,52.531018,On or near The Dingle,E01031075,Nuneaton and Bedworth 002E,Anti-social behaviour,,
,2017-11,Warwickshire Police,Warwickshire Police,-1.495431,52.529151,On or near Lime Grove,E01031075,Nuneaton and Bedworth 002E,Anti-social behaviour,,
,2017-11,Warwickshire Police,Warwickshire Police,-1.495462,52.532837,On or near Sports/Recreation Area,E01031075,Nuneaton and Bedworth 002E,Anti-social behaviour,,
,2017-11,Warwickshire Police,Warwickshire Police,-1.490353,52.531008,On or near The Hedgerows,E01031075,Nuneaton and Bedworth 002E,Anti-social behaviour,,
,2017-11,Warwickshire Police,Warwickshire Police,-1.483439,52.529827,On or near Currane Road,E01031075,Nuneaton and Bedworth 002E,Anti-social behaviour,,
,2017-11,Warwickshire Police,Warwickshire Police,-1.483439,52.529827,On or near Currane Road,E01031075,Nuneaton and Bedworth 002E,Anti-social behaviour,,
,2017-11,Warwickshire Police,Warwickshire Police,-1.495431,52.529151,On or near Lime Grove,E01031075,Nuneaton and Bedworth 002E,Anti-social behaviour,,
,2017-11,Warwickshire Police,Warwickshire Police,-1.483439,52.529827,On or near Currane Road,E01031075,Nuneaton and Bedworth 002E,Anti-social behaviour,,
,2017-11,Warwickshire Police,Warwickshire Police,-1.490551,52.531764,On or near Tuttle Hill,E01031075,Nuneaton and Bedworth 002E,Anti-social behaviour,,
,2017-11,Warwickshire Police,Warwickshire Police,-1.495431,52.529151,On or near Lime Grove,E01031075,Nuneaton and Bedworth 002E,Anti-social behaviour,,
2fe27097be5fb955f362d97072c2f108f03fea07d3792249f84f7b54419a2cf1,2017-11,Warwickshire Police,Warwickshire Police,-1.497169,52.529275,On or near Chestnut Crescent,E01031075,Nuneaton and Bedworth 002E,Bicycle theft,Investigation complete; no suspect identified,
4dba023203fb49917811f90d48ea6ce92b04ef0b7fca369ab27e8ae3922b4ab4,2017-11,Warwickshire Police,Warwickshire Police,-1.496913,52.531018,On or near The Dingle,E01031075,Nuneaton and Bedworth 002E,Burglary,Formal action is not in the public interest,
25c4b41359db297961bf27d864b0860317f1faa7ac7901481ca6b88cbef75af7,2017-11,Warwickshire Police,Warwickshire Police,-1.496106,52.528066,On or near Dale End,E01031075,Nuneaton and Bedworth 002E,Burglary,Defendant found not guilty,
5b1acdf494a5075237d0b065f7ac12ca6d036dd4d7038e2299515f605aafa9e2,2017-11,Warwickshire Police,Warwickshire Police,-1.493467,52.532010,On or near Holly Stitches Road,E01031075,Nuneaton and Bedworth 002E,Burglary,Investigation complete; no suspect identified,
eac1759475ca1a809bef6f70cf469adbb878a6e20871b3ccc969853e5650f5f3,2017-11,Warwickshire Police,Warwickshire Police,-1.496106,52.528066,On or near Dale End,E01031075,Nuneaton and Bedworth 002E,Criminal damage and arson,Investigation complete; no suspect identified,
3e4458077b60538996ddec0786b5773d6a5239ba477e56b0364a0ab943eb6f82,2017-11,Warwickshire Police,Warwickshire Police,-1.493467,52.532010,On or near Holly Stitches Road,E01031075,Nuneaton and Bedworth 002E,Criminal damage and arson,Investigation complete; no suspect identified,
b0ccf83f480612f25b36b7c5874a190c7f103362fb3cda76161a5224e26a576a,2017-11,Warwickshire Police,Warwickshire Police,-1.497000,52.529868,On or near Cherry Tree Avenue,E01031075,Nuneaton and Bedworth 002E,Criminal damage and arson,Investigation complete; no suspect identified,
9c4f2dab268a216df8ced05d3d1075de344269b8af90e9539c1861d69954fdae,2017-11,Warwickshire Police,Warwickshire Police,-1.495431,52.529151,On or near Lime Grove,E01031075,Nuneaton and Bedworth 002E,Criminal damage and arson,Investigation complete; no suspect identified,
81c293224ab13d981ae717bc09f2f2f39f7bb1ce4c4d8e6ca7543a3ff73c531d,2017-11,Warwickshire Police,Warwickshire Police,-1.495462,52.532837,On or near Sports/Recreation Area,E01031075,Nuneaton and Bedworth 002E,Criminal damage and arson,Investigation complete; no suspect identified,
5a4342d42faef279020a23ba618dd0638a29d0988181fe42379d4534710d6e3f,2017-11,Warwickshire Police,Warwickshire Police,-1.496106,52.528066,On or near Dale End,E01031075,Nuneaton and Bedworth 002E,Criminal damage and arson,Status update unavailable,
47f62ff4b51b3625e4021d9e84c8dfd126995f3f212029765e1b7cc609e7b79e,2017-11,Warwickshire Police,Warwickshire Police,-1.490551,52.531764,On or near Tuttle Hill,E01031075,Nuneaton and Bedworth 002E,Other theft,Unable to prosecute suspect,
040e4b9120826d1391737892b8eab0bb266db56ef8ec1948c5a95cc35d5444e0,2017-11,Warwickshire Police,Warwickshire Police,-1.491652,52.529629,On or near Mount Pleasant Terrace,E01031075,Nuneaton and Bedworth 002E,Possession of weapons,Unable to prosecute suspect,
829a56a5aa43197d6cc163e9609d96b23e3100a2e8d3246a75454d8183975927,2017-11,Warwickshire Police,Warwickshire Police,-1.496913,52.531018,On or near The Dingle,E01031075,Nuneaton and Bedworth 002E,Public order,Status update unavailable,
72460f7d520af2e81543f3707e3f076a5c82930aff26a2b63e3a931f9275a1fe,2017-11,Warwickshire Police,Warwickshire Police,-1.496913,52.531018,On or near The Dingle,E01031075,Nuneaton and Bedworth 002E,Public order,Unable to prosecute suspect,
676fb7cd3c54d3cda82e5997f6a17a438d26bce587003a499623861420e2631e,2017-11,Warwickshire Police,Warwickshire Police,-1.496106,52.528066,On or near Dale End,E01031075,Nuneaton and Bedworth 002E,Public order,Unable to prosecute suspect,
2671bba861dcf966c4c6e14ffa535ab9215536b39fba7baf8b35a1bd7356956b,2017-11,Warwickshire Police,Warwickshire Police,-1.497000,52.529868,On or near Cherry Tree Avenue,E01031075,Nuneaton and Bedworth 002E,Public order,Status update unavailable,
e771b6eff7ca556f684ccca58da681ed5f42c59c2a374397655c3bcb4acac6a3,2017-11,Warwickshire Police,Warwickshire Police,-1.496106,52.528066,On or near Dale End,E01031075,Nuneaton and Bedworth 002E,Robbery,Status update unavailable,
65906792db31084953c541688b97704ee70cc96ee6ecc731a3c26cf9200091a8,2017-11,Warwickshire Police,Warwickshire Police,-1.497000,52.529868,On or near Cherry Tree Avenue,E01031075,Nuneaton and Bedworth 002E,Vehicle crime,Investigation complete; no suspect identified,
250d82284a7dc7332ceb1c77c054aadd3fb3c842ab86485b3ab054a44b24ba83,2017-11,Warwickshire Police,Warwickshire Police,-1.483439,52.529827,On or near Currane Road,E01031075,Nuneaton and Bedworth 002E,Vehicle crime,Investigation complete; no suspect identified,
4aaaba1dde897e16a9ff3ac7ee9d990752539b20d5872b9238bd3e2224404547,2017-11,Warwickshire Police,Warwickshire Police,-1.493467,52.532010,On or near Holly Stitches Road,E01031075,Nuneaton and Bedworth 002E,Vehicle crime,Investigation complete; no suspect identified,
b73ed00b4ed8869169bf63fd1149303396db9d8eb83da8b84343d0cc15a2e505,2017-11,Warwickshire Police,Warwickshire Police,-1.493467,52.532010,On or near Holly Stitches Road,E01031075,Nuneaton and Bedworth 002E,Vehicle crime,Investigation complete; no suspect identified,
8204e3b57105874e9e1a6e1bbe97e7f0b0ef4a66e51d72814e1935043a66e2f9,2017-11,Warwickshire Police,Warwickshire Police,-1.492115,52.529038,On or near Hilary Road,E01031075,Nuneaton and Bedworth 002E,Vehicle crime,Investigation complete; no suspect identified,
95c34b0c95fb1e90c84019b925fdec7f589962e009d5769c3520ebdc1a3f431e,2017-11,Warwickshire Police,Warwickshire Police,-1.490585,52.528806,On or near Ennell Road,E01031075,Nuneaton and Bedworth 002E,Violence and sexual offences,Status update unavailable,
21184c9ef0da5e2edadac41ef8ed8c7676552ea67e28dfbb6c42f85ce2ee40da,2017-11,Warwickshire Police,Warwickshire Police,-1.490551,52.531764,On or near Tuttle Hill,E01031075,Nuneaton and Bedworth 002E,Violence and sexual offences,Status update unavailable,
a5f386613b90aad1338877c9b9d74999d08d5bc676ce58f15d73069404ddf204,2017-11,Warwickshire Police,Warwickshire Police,-1.491652,52.529629,On or near Mount Pleasant Terrace,E01031075,Nuneaton and Bedworth 002E,Violence and sexual offences,Offender given conditional discharge,
9791308cf781688e54434acd2549704f7d18022e74aabc6f3121435c6c72f945,2017-11,Warwickshire Police,Warwickshire Police,-1.491652,52.529629,On or near Mount Pleasant Terrace,E01031075,Nuneaton and Bedworth 002E,Violence and sexual offences,Investigation complete; no suspect identified,
70cddc886e80bf34d3374dec4b4175a00aa8e8f4f3377e8844827692c4305ad1,2017-11,Warwickshire Police,Warwickshire Police,-1.495431,52.529151,On or near Lime Grove,E01031075,Nuneaton and Bedworth 002E,Violence and sexual offences,Status update unavailable,
fd7918ceaba8188f7415d99762095cc4d0d292797e5d7cbc3190d7014a92e191,2017-11,Warwickshire Police,Warwickshire Police,-1.490551,52.531764,On or near Tuttle Hill,E01031075,Nuneaton and Bedworth 002E,Violence and sexual offences,Status update unavailable,
312428882846ed582a2acb539294c64a9e4a3f2336ad0cda705f2db2fe307b8c,2017-11,Warwickshire Police,Warwickshire Police,-1.490551,52.531764,On or near Tuttle Hill,E01031075,Nuneaton and Bedworth 002E,Violence and sexual offences,Status update unavailable,
ac0a93cf38951e81d953c9df5e8c2d19bd5151039ebec73321cd5cc8e90f3da3,2017-11,Warwickshire Police,Warwickshire Police,-1.496106,52.528066,On or near Dale End,E01031075,Nuneaton and Bedworth 002E,Other crime,Court case unable to proceed,
,2017-11,Warwickshire Police,Warwickshire Police,-1.507581,52.530101,On or near Spring Hill Road,E01032890,Nuneaton and Bedworth 002F,Anti-social behaviour,,
,2017-11,Warwickshire Police,Warwickshire Police,-1.506080,52.531164,On or near Copper Beech Road,E01032890,Nuneaton and Bedworth 002F,Anti-social behaviour,,
,2017-11,Warwickshire Police,Warwickshire Police,-1.506080,52.531164,On or near Copper Beech Road,E01032890,Nuneaton and Bedworth 002F,Anti-social behaviour,,
,2017-11,Warwickshire Police,Warwickshire Police,-1.500002,52.531561,On or near Cedar Road,E01032890,Nuneaton and Bedworth 002F,Anti-social behaviour,,
,2017-11,Warwickshire Police,Warwickshire Police,-1.503046,52.529641,On or near Ivy Grove,E01032890,Nuneaton and Bedworth 002F,Anti-social behaviour,,
,2017-11,Warwickshire Police,Warwickshire Police,-1.507581,52.530101,On or near Spring Hill Road,E01032890,Nuneaton and Bedworth 002F,Anti-social behaviour,,
,2017-11,Warwickshire Police,Warwickshire Police,-1.506080,52.531164,On or near Copper Beech Road,E01032890,Nuneaton and Bedworth 002F,Anti-social behaviour,,
,2017-11,Warwickshire Police,Warwickshire Police,-1.507581,52.530101,On or near Spring Hill Road,E01032890,Nuneaton and Bedworth 002F,Anti-social behaviour,,
,2017-11,Warwickshire Police,Warwickshire Police,-1.512965,52.532442,On or near Kensington Court,E01032890,Nuneaton and Bedworth 002F,Anti-social behaviour,,
,2017-11,Warwickshire Police,Warwickshire Police,-1.501040,52.527179,On or near Gorsy Way,E01032890,Nuneaton and Bedworth 002F,Anti-social behaviour,,
,2017-11,Warwickshire Police,Warwickshire Police,-1.501040,52.527179,On or near Gorsy Way,E01032890,Nuneaton and Bedworth 002F,Anti-social behaviour,,
,2017-11,Warwickshire Police,Warwickshire Police,-1.501790,52.528593,On or near Hillcrest Road,E01032890,Nuneaton and Bedworth 002F,Anti-social behaviour,,
,2017-11,Warwickshire Police,Warwickshire Police,-1.511386,52.531312,On or near Brights Road,E01032890,Nuneaton and Bedworth 002F,Anti-social behaviour,,
,2017-11,Warwickshire Police,Warwickshire Police,-1.511386,52.531312,On or near Brights Road,E01032890,Nuneaton and Bedworth 002F,Anti-social behaviour,,
,2017-11,Warwickshire Police,Warwickshire Police,-1.511386,52.531312,On or near Brights Road,E01032890,Nuneaton and Bedworth 002F,Anti-social behaviour,,
,2017-11,Warwickshire Police,Warwickshire Police,-1.501040,52.527179,On or near Gorsy Way,E01032890,Nuneaton and Bedworth 002F,Anti-social behaviour,,
,2017-11,Warwickshire Police,Warwickshire Police,-1.506080,52.531164,On or near Copper Beech Road,E01032890,Nuneaton and Bedworth 002F,Anti-social behaviour,,
,2017-11,Warwickshire Police,Warwickshire Police,-1.507581,52.530101,On or near Spring Hill Road,E01032890,Nuneaton and Bedworth 002F,Anti-social behaviour,,
,2017-11,Warwickshire Police,Warwickshire Police,-1.506080,52.531164,On or near Copper Beech Road,E01032890,Nuneaton and Bedworth 002F,Anti-social behaviour,,
,2017-11,Warwickshire Police,Warwickshire Police,-1.512965,52.532442,On or near Kensington Court,E01032890,Nuneaton and Bedworth 002F,Anti-social behaviour,,
,2017-11,Warwickshire Police,Warwickshire Police,-1.502859,52.530504,On or near Sycamore Road,E01032890,Nuneaton and Bedworth 002F,Anti-social behaviour,,
,2017-11,Warwickshire Police,Warwickshire Police,-1.502859,52.530504,On or near Sycamore Road,E01032890,Nuneaton and Bedworth 002F,Anti-social behaviour,,
,2017-11,Warwickshire Police,Warwickshire Police,-1.507581,52.530101,On or near Spring Hill Road,E01032890,Nuneaton and Bedworth 002F,Anti-social behaviour,,
,2017-11,Warwickshire Police,Warwickshire Police,-1.512541,52.529438,On or near Mallard Avenue,E01032890,Nuneaton and Bedworth 002F,Anti-social behaviour,,
,2017-11,Warwickshire Police,Warwickshire Police,-1.500002,52.531561,On or near Cedar Road,E01032890,Nuneaton and Bedworth 002F,Anti-social behaviour,,
,2017-11,Warwickshire Police,Warwickshire Police,-1.500002,52.531561,On or near Cedar Road,E01032890,Nuneaton and Bedworth 002F,Anti-social behaviour,,
,2017-11,Warwickshire Police,Warwickshire Police,-1.511395,52.531771,On or near Two Yard Lane,E01032890,Nuneaton and Bedworth 002F,Anti-social behaviour,,
,2017-11,Warwickshire Police,Warwickshire Police,-1.501040,52.527179,On or near Gorsy Way,E01032890,Nuneaton and Bedworth 002F,Anti-social behaviour,,
,2017-11,Warwickshire Police,Warwickshire Police,-1.505049,52.528481,On or near Hazel Road,E01032890,Nuneaton and Bedworth 002F,Anti-social behaviour,,
,2017-11,Warwickshire Police,Warwickshire Police,-1.504148,52.531300,On or near Beechwood Road,E01032890,Nuneaton and Bedworth 002F,Anti-social behaviour,,
,2017-11,Warwickshire Police,Warwickshire Police,-1.505049,52.528481,On or near Hazel Road,E01032890,Nuneaton and Bedworth 002F,Anti-social behaviour,,
,2017-11,Warwickshire Police,Warwickshire Police,-1.505472,52.531521,On or near Supermarket,E01032890,Nuneaton and Bedworth 002F,Anti-social behaviour,,
,2017-11,Warwickshire Police,Warwickshire Police,-1.507581,52.530101,On or near Spring Hill Road,E01032890,Nuneaton and Bedworth 002F,Anti-social behaviour,,
,2017-11,Warwickshire Police,Warwickshire Police,-1.501040,52.527179,On or near Gorsy Way,E01032890,Nuneaton and Bedworth 002F,Anti-social behaviour,,
,2017-11,Warwickshire Police,Warwickshire Police,-1.501040,52.527179,On or near Gorsy Way,E01032890,Nuneaton and Bedworth 002F,Anti-social behaviour,,
,2017-11,Warwickshire Police,Warwickshire Police,-1.500002,52.531561,On or near Cedar Road,E01032890,Nuneaton and Bedworth 002F,Anti-social behaviour,,
,2017-11,Warwickshire Police,Warwickshire Police,-1.507581,52.530101,On or near Spring Hill Road,E01032890,Nuneaton and Bedworth 002F,Anti-social behaviour,,
,2017-11,Warwickshire Police,Warwickshire Police,-1.507581,52.530101,On or near Spring Hill Road,E01032890,Nuneaton and Bedworth 002F,Anti-social behaviour,,
,2017-11,Warwickshire Police,Warwickshire Police,-1.507581,52.530101,On or near Spring Hill Road,E01032890,Nuneaton and Bedworth 002F,Anti-social behaviour,,
,2017-11,Warwickshire Police,Warwickshire Police,-1.506079,52.529969,On or near Edinburgh Road,E01032890,Nuneaton and Bedworth 002F,Anti-social behaviour,,
,2017-11,Warwickshire Police,Warwickshire Police,-1.502859,52.530504,On or near Sycamore Road,E01032890,Nuneaton and Bedworth 002F,Anti-social behaviour,,
27f6cd53166c2a822249af4b79ad33e9e218b4c0bc78dfe5b81cb41643fe46b4,2017-11,Warwickshire Police,Warwickshire Police,-1.501790,52.528593,On or near Hillcrest Road,E01032890,Nuneaton and Bedworth 002F,Burglary,Investigation complete; no suspect identified,
046b9103e9ca6178df73f48ae342a928e76fe69725048f461327ce2a70ed8e08,2017-11,Warwickshire Police,Warwickshire Police,-1.512965,52.532442,On or near Kensington Court,E01032890,Nuneaton and Bedworth 002F,Burglary,Investigation complete; no suspect identified,
e6d399fb2dd3d4c022b1b4390ade93aa41b0c78468eac1b476dcf77adcfd5294,2017-11,Warwickshire Police,Warwickshire Police,-1.503046,52.529641,On or near Ivy Grove,E01032890,Nuneaton and Bedworth 002F,Burglary,Investigation complete; no suspect identified,
f3fd3c759c6c95e6e9d557150eed7f7a5b053cf67ee54cc9e089ddceb6ff21ef,2017-11,Warwickshire Police,Warwickshire Police,-1.507807,52.529706,On or near Ludford Road,E01032890,Nuneaton and Bedworth 002F,Burglary,Unable to prosecute suspect,
bd97feedd985c36611edd18255720f29d514d38377e2935dfdaaa06c79f43736,2017-11,Warwickshire Police,Warwickshire Police,-1.503046,52.529641,On or near Ivy Grove,E01032890,Nuneaton and Bedworth 002F,Burglary,Status update unavailable,
2cb49420530f3859f95cd8578992b836c79d9d2c8fce9ee31c87d2bfe6264ab6,2017-11,Warwickshire Police,Warwickshire Police,-1.515047,52.529421,On or near Bucks Hill,E01032890,Nuneaton and Bedworth 002F,Burglary,Investigation complete; no suspect identified,
9640695dae1a91e821a39032ff4f017e5e99f9f9f8632a6493bdf6a9fb01d92b,2017-11,Warwickshire Police,Warwickshire Police,-1.504148,52.531300,On or near Beechwood Road,E01032890,Nuneaton and Bedworth 002F,Criminal damage and arson,Status update unavailable,
29f4abc67ca8ee9353435738a526fd1476dac44555bf3f64094a06ee226a2c75,2017-11,Warwickshire Police,Warwickshire Police,-1.500002,52.531561,On or near Cedar Road,E01032890,Nuneaton and Bedworth 002F,Criminal damage and arson,Investigation complete; no suspect identified,
65b62f416434b7e4002f1b8bb49cb729b8532686cbe68a46238dbb0c4448d990,2017-11,Warwickshire Police,Warwickshire Police,-1.506079,52.529969,On or near Edinburgh Road,E01032890,Nuneaton and Bedworth 002F,Criminal damage and arson,Investigation complete; no suspect identified,
6258be6a9d9cc3e699f4b863ffb4ea667b3f9a347e4342e9561fa286fa243fc7,2017-11,Warwickshire Police,Warwickshire Police,-1.505049,52.528481,On or near Hazel Road,E01032890,Nuneaton and Bedworth 002F,Criminal damage and arson,Status update unavailable,
7f1b9362fd5f147194c5cb65951e7e0b6eb9e98fc1726ab04521d46e4df9fe6d,2017-11,Warwickshire Police,Warwickshire Police,-1.513683,52.530207,On or near Trafford Drive,E01032890,Nuneaton and Bedworth 002F,Criminal damage and arson,Investigation complete; no suspect identified,
17ceebca04663e8ad1de1a286ba72d654d046aca88bf10de0d236f911ab240f5,2017-11,Warwickshire Police,Warwickshire Police,-1.506056,52.528090,On or near Parking Area,E01032890,Nuneaton and Bedworth 002F,Other theft,Investigation complete; no suspect identified,
99e39c01086ac781534f165e2ac4edddb6e6a500c215da90c3c6e590a91445fa,2017-11,Warwickshire Police,Warwickshire Police,-1.506080,52.531164,On or near Copper Beech Road,E01032890,Nuneaton and Bedworth 002F,Other theft,Investigation complete; no suspect identified,
21de33e9d4b6cf6ce208947222544de7c15e00ae2c04396a62f29b23fe12c9c9,2017-11,Warwickshire Police,Warwickshire Police,-1.512079,52.528636,On or near Kingfisher Avenue,E01032890,Nuneaton and Bedworth 002F,Other theft,Status update unavailable,
7d1e84f0502fc744eb13fac19db8d377feb759025042e584b2aae671344adeb0,2017-11,Warwickshire Police,Warwickshire Police,-1.500193,52.530393,On or near Laburnum Grove,E01032890,Nuneaton and Bedworth 002F,Other theft,Investigation complete; no suspect identified,
f0fafbe9cea3a78e83de116d4eb92b16afb8d7b32e32fdd2ccdc92c3bbe93a96,2017-11,Warwickshire Police,Warwickshire Police,-1.504148,52.531300,On or near Beechwood Road,E01032890,Nuneaton and Bedworth 002F,Other theft,Investigation complete; no suspect identified,
36ea53a122579adf6e9bbb8e489da765a07faaf0210f2f036027614042b59c7d,2017-11,Warwickshire Police,Warwickshire Police,-1.513683,52.530207,On or near Trafford Drive,E01032890,Nuneaton and Bedworth 002F,Other theft,Investigation complete; no suspect identified,
2dd194d77b084c998c39a960e6a80db7b6ce7582294d914418af0b5c0cbcf8aa,2017-11,Warwickshire Police,Warwickshire Police,-1.505953,52.530723,On or near Larch Close,E01032890,Nuneaton and Bedworth 002F,Public order,Unable to prosecute suspect,
4d653ecb1fefc0de7baf9266447de3e9e69844112c63acba43614e770465e4a9,2017-11,Warwickshire Police,Warwickshire Police,-1.503046,52.529641,On or near Ivy Grove,E01032890,Nuneaton and Bedworth 002F,Public order,Status update unavailable,
530e1ed5045e2d4abab8d926abfd55e68234b97b3d23caf8c0f2398a9f74d1a5,2017-11,Warwickshire Police,Warwickshire Police,-1.506080,52.531164,On or near Copper Beech Road,E01032890,Nuneaton and Bedworth 002F,Shoplifting,Investigation complete; no suspect identified,
23bf7668d4fae47b3cbf4d9c4d9b75f15476b657c867c7b7292d76e80101160a,2017-11,Warwickshire Police,Warwickshire Police,-1.506080,52.531164,On or near Copper Beech Road,E01032890,Nuneaton and Bedworth 002F,Shoplifting,Status update unavailable,
fcc5dd80611ab6b53737d806d37d581780b31e13802456c85c6655944e538f03,2017-11,Warwickshire Police,Warwickshire Police,-1.506080,52.531164,On or near Copper Beech Road,E01032890,Nuneaton and Bedworth 002F,Shoplifting,Offender given absolute discharge,
dd24e2adc9b53a9506a39018884180bf4370f8eb807961e060fc45936e31a026,2017-11,Warwickshire Police,Warwickshire Police,-1.506080,52.531164,On or near Copper Beech Road,E01032890,Nuneaton and Bedworth 002F,Shoplifting,Status update unavailable,
cae9aca6441c8b8a800435eb01deb4b201010cdfb20765e181decc1089c9c5a2,2017-11,Warwickshire Police,Warwickshire Police,-1.506080,52.531164,On or near Copper Beech Road,E01032890,Nuneaton and Bedworth 002F,Shoplifting,Status update unavailable,
a08f69c6c064351ba5ea384b799d29bb37881501f1db9af92a6e5679b686777e,2017-11,Warwickshire Police,Warwickshire Police,-1.506080,52.531164,On or near Copper Beech Road,E01032890,Nuneaton and Bedworth 002F,Shoplifting,Status update unavailable,
050ac61738e17d2137ebccfe5ca82eef286a06e7676a724c0b15f0a658904bb1,2017-11,Warwickshire Police,Warwickshire Police,-1.511395,52.531771,On or near Two Yard Lane,E01032890,Nuneaton and Bedworth 002F,Vehicle crime,Investigation complete; no suspect identified,
9deeaee8255cf4e2da569546e64fd0b0f651b7152e4c62ddb827af452964458e,2017-11,Warwickshire Police,Warwickshire Police,-1.502859,52.530504,On or near Sycamore Road,E01032890,Nuneaton and Bedworth 002F,Vehicle crime,Status update unavailable,
0f8ff5966cbe7ddc7e9960b91fd48c4051da16c1704c9afcb3c25d3c4ed597b6,2017-11,Warwickshire Police,Warwickshire Police,-1.504148,52.531300,On or near Beechwood Road,E01032890,Nuneaton and Bedworth 002F,Vehicle crime,Investigation complete; no suspect identified,
0ef4643ea515ae003536ffe8640cfa431f68bcbbb9b3e011c9645e16c3a41b66,2017-11,Warwickshire Police,Warwickshire Police,-1.501040,52.527179,On or near Gorsy Way,E01032890,Nuneaton and Bedworth 002F,Vehicle crime,Investigation complete; no suspect identified,
82e474e1c2faee0eb885bfe0e9a32998abc5bcb34afc10d2dec4ca85d6b9734c,2017-11,Warwickshire Police,Warwickshire Police,-1.506056,52.528090,On or near Parking Area,E01032890,Nuneaton and Bedworth 002F,Vehicle crime,Investigation complete; no suspect identified,
f5e97650aa5cd67bc86e2a1cecca3e1089634122edb3d58b58c46263a1dab5d0,2017-11,Warwickshire Police,Warwickshire Police,-1.505049,52.528481,On or near Hazel Road,E01032890,Nuneaton and Bedworth 002F,Vehicle crime,Court result unavailable,
dbefcc146a4dde8e52f4182aabacd94270b06a5c43159410ebe93fb5bd813042,2017-11,Warwickshire Police,Warwickshire Police,-1.512079,52.528636,On or near Kingfisher Avenue,E01032890,Nuneaton and Bedworth 002F,Vehicle crime,Status update unavailable,
8fa0ef7500b6363b3e5caa34a2292edc8d0a2877f4a02aedb37ec8f616f22476,2017-11,Warwickshire Police,Warwickshire Police,-1.512965,52.532442,On or near Kensington Court,E01032890,Nuneaton and Bedworth 002F,Violence and sexual offences,Formal action is not in the public interest,
b3a6b2b3847de1bae1ae349ced0c7deea3961c2b93ba5abba5ce76dbf756b6c8,2017-11,Warwickshire Police,Warwickshire Police,-1.512902,52.531489,On or near Sports/Recreation Area,E01032890,Nuneaton and Bedworth 002F,Violence and sexual offences,Formal action is not in the public interest,
61c1bf565b759388d1e77773e939989f6be120fafdd32e099ffd48ddee3c7371,2017-11,Warwickshire Police,Warwickshire Police,-1.507581,52.530101,On or near Spring Hill Road,E01032890,Nuneaton and Bedworth 002F,Violence and sexual offences,Status update unavailable,
fed9f34ad2c26081a638b9f8b85355b57bdcbfb71bc256a3ad5c7cd1b4f13dab,2017-11,Warwickshire Police,Warwickshire Police,-1.500002,52.531561,On or near Cedar Road,E01032890,Nuneaton and Bedworth 002F,Violence and sexual offences,Status update unavailable,
7149e1ca7be401318830e4c07f1b9b7df7b23a055dc3d03709a66e88c3ab99ea,2017-11,Warwickshire Police,Warwickshire Police,-1.512536,52.532611,On or near Almond Avenue,E01032890,Nuneaton and Bedworth 002F,Violence and sexual offences,Unable to prosecute suspect,
546fc64e7df7174f020a215bef611d7a6a7614b9f3eb1c746df1a71cb194a36a,2017-11,Warwickshire Police,Warwickshire Police,-1.502859,52.530504,On or near Sycamore Road,E01032890,Nuneaton and Bedworth 002F,Violence and sexual offences,Unable to prosecute suspect,
3878c4701c7a14d0af789162a62a7e9700e479aa4959062fdd944b0d4e54fb80,2017-11,Warwickshire Police,Warwickshire Police,-1.505049,52.528481,On or near Hazel Road,E01032890,Nuneaton and Bedworth 002F,Violence and sexual offences,Status update unavailable,
f5b085a1c7734e9dc6719d7457533ab6eb1cb7e21b74ac29a1f5b7e6cd18189e,2017-11,Warwickshire Police,Warwickshire Police,-1.515047,52.529421,On or near Bucks Hill,E01032890,Nuneaton and Bedworth 002F,Violence and sexual offences,Unable to prosecute suspect,
d1e1a39aa086195b64f2797ca7cc0e2f7bbe68ce54df56c01bab6820420fc95a,2017-11,Warwickshire Police,Warwickshire Police,-1.512079,52.528636,On or near Kingfisher Avenue,E01032890,Nuneaton and Bedworth 002F,Violence and sexual offences,Status update unavailable,
c4e888e70277cd94a25fc06438220afd82d70b92989d1cfa72cbee2081ecdde5,2017-11,Warwickshire Police,Warwickshire Police,-1.501040,52.527179,On or near Gorsy Way,E01032890,Nuneaton and Bedworth 002F,Violence and sexual offences,Investigation complete; no suspect identified,
60b3b99f9aa1d30ec01ab3ac6a997341f357483e69acb8e9400e8110aff7ecb0,2017-11,Warwickshire Police,Warwickshire Police,-1.500193,52.530393,On or near Laburnum Grove,E01032890,Nuneaton and Bedworth 002F,Violence and sexual offences,Status update unavailable,
20866a3c70f2597005039b5528ff78fb194397c24a4734fa9ec904a002495573,2017-11,Warwickshire Police,Warwickshire Police,-1.503046,52.529641,On or near Ivy Grove,E01032890,Nuneaton and Bedworth 002F,Violence and sexual offences,Status update unavailable,
3d890f34953df65ff8ed69010d592d26575e4ddccca049611c51707de3d63e89,2017-11,Warwickshire Police,Warwickshire Police,-1.512965,52.532442,On or near Kensington Court,E01032890,Nuneaton and Bedworth 002F,Violence and sexual offences,Status update unavailable,
930e8b4e6af35a160be8b9ed3625a8982fed4f908a5620f0d814d74d7eb1fe07,2017-11,Warwickshire Police,Warwickshire Police,-1.504731,52.527940,On or near Queen Elizabeth Road,E01032890,Nuneaton and Bedworth 002F,Violence and sexual offences,Unable to prosecute suspect,
8bb108752f7be648077c7407a7db659c35a773487ce9ff40938f3db09a5e7efe,2017-11,Warwickshire Police,Warwickshire Police,-1.502859,52.530504,On or near Sycamore Road,E01032890,Nuneaton and Bedworth 002F,Violence and sexual offences,Status update unavailable,
3cff655f0e8b2e51fa4d57302c2ec56630863a11a7627b023674ac87bd01fb5e,2017-11,Warwickshire Police,Warwickshire Police,-1.504148,52.531300,On or near Beechwood Road,E01032890,Nuneaton and Bedworth 002F,Violence and sexual offences,Status update unavailable,
72e988a2550e799c538ffa445a32cfa407b5cdcba562dad7620cbc28cd16487c,2017-11,Warwickshire Police,Warwickshire Police,-1.503046,52.529641,On or near Ivy Grove,E01032890,Nuneaton and Bedworth 002F,Violence and sexual offences,Status update unavailable,
5329cb078b22964a87eb5b7729ba435f8bc3f087ddf3f1cbc84b6912d2611151,2017-11,Warwickshire Police,Warwickshire Police,-1.512079,52.528636,On or near Kingfisher Avenue,E01032890,Nuneaton and Bedworth 002F,Violence and sexual offences,Status update unavailable,
ea784e417794b57540b2c10726babfca52ded2b2b5079486071b2a9d0d3fe14d,2017-11,Warwickshire Police,Warwickshire Police,-1.507581,52.530101,On or near Spring Hill Road,E01032890,Nuneaton and Bedworth 002F,Violence and sexual offences,Status update unavailable,
b6eee26cb3c2446d259f49503ce9e388f4708037e40ea6140a6be6f010509cac,2017-11,Warwickshire Police,Warwickshire Police,-1.503046,52.529641,On or near Ivy Grove,E01032890,Nuneaton and Bedworth 002F,Violence and sexual offences,Status update unavailable,
17cc8e5b27b3f7b3e1b0082e6facef6ce7b383ae44ef2ae497cb3a0c4ae9a763,2017-11,Warwickshire Police,Warwickshire Police,-1.504148,52.531300,On or near Beechwood Road,E01032890,Nuneaton and Bedworth 002F,Other crime,Unable to prosecute suspect,
e7f4cf0cff09c857d4c8bf02916965829184e74ab44b59de77910f44e7c7fbba,2017-11,Warwickshire Police,Warwickshire Police,-1.512965,52.532442,On or near Kensington Court,E01032890,Nuneaton and Bedworth 002F,Other crime,Unable to prosecute suspect,
f66d8cc6b11ae06fd6d2577094bbe43866ebe8266ce670d2fc46a8c4b7accaf8,2017-11,Warwickshire Police,Warwickshire Police,-1.507807,52.529706,On or near Ludford Road,E01032890,Nuneaton and Bedworth 002F,Other crime,Status update unavailable,
f70223a4a15327d29af53bcdb4986f17451de9fb34dd2c08665d26d60563c01e,2017-11,Warwickshire Police,Warwickshire Police,-1.446572,52.523907,On or near Crantock Way,E01031100,Nuneaton and Bedworth 003A,Bicycle theft,Investigation complete; no suspect identified,
965db52192bdc597b14e359f906626ff29efbdfa4542c6802791ec3351bb0d26,2017-11,Warwickshire Police,Warwickshire Police,-1.439929,52.522455,On or near Hemdale,E01031100,Nuneaton and Bedworth 003A,Other theft,Investigation complete; no suspect identified,
,2017-11,Warwickshire Police,Warwickshire Police,-1.442387,52.525020,On or near Padstow Close,E01031101,Nuneaton and Bedworth 003B,Anti-social behaviour,,
daf281ff901fbafdd9145c76c7a73e4150b98e0d88221b1afd155fb421c1713b,2017-11,Warwickshire Police,Warwickshire Police,-1.437579,52.529843,On or near Skelwith Rise,E01031101,Nuneaton and Bedworth 003B,Burglary,Investigation complete; no suspect identified,
52d9c40d025a092d744f6b03ad80d4ec7b46e2742168fadde589ad8126ea7155,2017-11,Warwickshire Police,Warwickshire Police,-1.439475,52.526867,On or near Tintagel Way,E01031101,Nuneaton and Bedworth 003B,Burglary,Investigation complete; no suspect identified,
4e08e9f5d696b1f8d5f1f4974a3199b3a3c46edb15a0979b3c51241ccff24851,2017-11,Warwickshire Police,Warwickshire Police,-1.439475,52.526867,On or near Tintagel Way,E01031101,Nuneaton and Bedworth 003B,Burglary,Status update unavailable,
6a1e475c919a9e1255927c4caadf0ef5e4f7bf06b2452c13f0f9a1f861a80274,2017-11,Warwickshire Police,Warwickshire Police,-1.441783,52.527355,On or near Newquay Close,E01031101,Nuneaton and Bedworth 003B,Criminal damage and arson,Investigation complete; no suspect identified,
e1e51a89a98241b31645f999155ca7228e41ae21625b6f313304e2bea3297086,2017-11,Warwickshire Police,Warwickshire Police,-1.437200,52.528412,On or near A47,E01031101,Nuneaton and Bedworth 003B,Other theft,Investigation complete; no suspect identified,
8aaadd60d7f2387324df1435a9cf949197be791eeb979535a622e275a6f87df7,2017-11,Warwickshire Police,Warwickshire Police,-1.437200,52.528412,On or near A47,E01031101,Nuneaton and Bedworth 003B,Vehicle crime,Investigation complete; no suspect identified,
ad803a2c94d46a640070e48244f5aca64005eba29aedfb91e34d99d6887ae4d4,2017-11,Warwickshire Police,Warwickshire Police,-1.443020,52.526255,On or near Truro Close,E01031101,Nuneaton and Bedworth 003B,Violence and sexual offences,Status update unavailable,
7d50f56f8421f23b63c91c567355d259154e345f3227925add9ee0fdc3993cae,2017-11,Warwickshire Police,Warwickshire Police,-1.442387,52.525020,On or near Padstow Close,E01031101,Nuneaton and Bedworth 003B,Violence and sexual offences,Status update unavailable,
310fa1898ac9cc4fa98d285bbee0124e80c2c275cdef43ebdb61a5cf8332954c,2017-11,Warwickshire Police,Warwickshire Police,-1.440912,52.523907,On or near Redruth Close,E01031101,Nuneaton and Bedworth 003B,Violence and sexual offences,Unable to prosecute suspect,
926ad039163bafa4012849b43ab5b4be9ad08e359e5310313e1739b18b793638,2017-11,Warwickshire Police,Warwickshire Police,-1.442387,52.525020,On or near Padstow Close,E01031101,Nuneaton and Bedworth 003B,Violence and sexual offences,Status update unavailable,
,2017-11,Warwickshire Police,Warwickshire Police,-1.460048,52.524769,On or near Trent Road,E01031102,Nuneaton and Bedworth 003C,Anti-social behaviour,,
,2017-11,Warwickshire Police,Warwickshire Police,-1.462260,52.527081,On or near Weddington Road,E01031102,Nuneaton and Bedworth 003C,Anti-social behaviour,,
,2017-11,Warwickshire Police,Warwickshire Police,-1.451705,52.527131,On or near Tavistock Way,E01031102,Nuneaton and Bedworth 003C,Anti-social behaviour,,
,2017-11,Warwickshire Police,Warwickshire Police,-1.460048,52.524769,On or near Trent Road,E01031102,Nuneaton and Bedworth 003C,Anti-social behaviour,,
c2121ddd9830de2c7ef1f1d1de085477a0ec55cd2370a8230c36c4c549f3daeb,2017-11,Warwickshire Police,Warwickshire Police,-1.460049,52.527080,On or near Old Hinckley Road,E01031102,Nuneaton and Bedworth 003C,Burglary,Status update unavailable,
90c964c71b4e75864c9c1d931e9d054ab48028c8eeac238e79b7a2990fd3dbe6,2017-11,Warwickshire Police,Warwickshire Police,-1.462260,52.527081,On or near Weddington Road,E01031102,Nuneaton and Bedworth 003C,Public order,Status update unavailable,
e06d708edd91677253168dbe01a1a3c8cc6b04e11f1b9ed6abf672c38e587eea,2017-11,Warwickshire Police,Warwickshire Police,-1.456851,52.524629,On or near Oaston Road,E01031102,Nuneaton and Bedworth 003C,Vehicle crime,Status update unavailable,
313a53bface235956f2802b42ee52bd35c5a24f8d85c95c003035844d9f51473,2017-11,Warwickshire Police,Warwickshire Police,-1.454349,52.525534,On or near The Maltings,E01031102,Nuneaton and Bedworth 003C,Vehicle crime,Investigation complete; no suspect identified,
ee49d6ca693f53686628c1e1fe769d3f20e4f98e0e25d55b996126e91845efc4,2017-11,Warwickshire Police,Warwickshire Police,-1.460048,52.524769,On or near Trent Road,E01031102,Nuneaton and Bedworth 003C,Violence and sexual offences,Status update unavailable,
ff46ccfb7a6f008b0d71f62e3bf856809dc53f2fbef72a21a7cf7d9870605426,2017-11,Warwickshire Police,Warwickshire Police,-1.460049,52.527080,On or near Old Hinckley Road,E01031102,Nuneaton and Bedworth 003C,Violence and sexual offences,Status update unavailable,
3b15297988f9a179858d1c36cfda8baa68c1385e188c609038723b39ab3f5a10,2017-11,Warwickshire Police,Warwickshire Police,-1.458175,52.527260,On or near Leicester Road,E01031102,Nuneaton and Bedworth 003C,Violence and sexual offences,Defendant found not guilty,
42b71d8ab35fc54e5367e34075d0db2140dac91076bca333113069ccc68bcde7,2017-11,Warwickshire Police,Warwickshire Police,-1.460049,52.527080,On or near Old Hinckley Road,E01031102,Nuneaton and Bedworth 003C,Violence and sexual offences,Status update unavailable,
31ccc2890e5df66f87def4aa4ea4dbea5ca47c9ffdc38c2cd872abe09e1b8978,2017-11,Warwickshire Police,Warwickshire Police,-1.451705,52.527131,On or near Tavistock Way,E01031102,Nuneaton and Bedworth 003C,Violence and sexual offences,Unable to prosecute suspect,
e5bb13495313412e35721bcc1918476d5723a07bdcdde4e149fd0afcf5038cfa,2017-11,Warwickshire Police,Warwickshire Police,-1.457274,52.526195,On or near St Nicolas Road,E01031102,Nuneaton and Bedworth 003C,Violence and sexual offences,Investigation complete; no suspect identified,
24dc409674b011a649c438dc78f87942c35c18275b290a161a1327220661451b,2017-11,Warwickshire Police,Warwickshire Police,-1.459248,52.526267,On or near Leicester Road,E01031102,Nuneaton and Bedworth 003C,Violence and sexual offences,Status update unavailable,
,2017-11,Warwickshire Police,Warwickshire Police,-1.425820,52.531809,On or near The Long Shoot,E01031103,Nuneaton and Bedworth 003D,Anti-social behaviour,,
,2017-11,Warwickshire Police,Warwickshire Police,-1.425820,52.531809,On or near The Long Shoot,E01031103,Nuneaton and Bedworth 003D,Anti-social behaviour,,
,2017-11,Warwickshire Police,Warwickshire Police,-1.425820,52.531809,On or near The Long Shoot,E01031103,Nuneaton and Bedworth 003D,Anti-social behaviour,,
73c7d1d9286f90b1af766ac62611abe6bd5ee507d4f3d5e6ed8abcc19c5f1cda,2017-11,Warwickshire Police,Warwickshire Police,-1.425820,52.531809,On or near The Long Shoot,E01031103,Nuneaton and Bedworth 003D,Burglary,Investigation complete; no suspect identified,
6928f2757e96aef63b6954c515f20017c8e2f2c9dfa7327b44f5be8c6b259291,2017-11,Warwickshire Police,Warwickshire Police,-1.420300,52.535630,On or near Sports/Recreation Area,E01031103,Nuneaton and Bedworth 003D,Burglary,Investigation complete; no suspect identified,
6210d4892b81b5d7be385c15265ce14aceef876c2909c16edffd1174047e49ae,2017-11,Warwickshire Police,Warwickshire Police,-1.421089,52.537297,On or near Watling Street,E01031103,Nuneaton and Bedworth 003D,Burglary,Investigation complete; no suspect identified,
e70ea586b223ee16425705fff4f4eb98848298db4dd5023c7eb5a6bae4e5fee1,2017-11,Warwickshire Police,Warwickshire Police,-1.425820,52.531809,On or near The Long Shoot,E01031103,Nuneaton and Bedworth 003D,Burglary,Investigation complete; no suspect identified,
2f742a23f3a44d3554fa92429d941a1042fe1a49933de9907e0383457934384e,2017-11,Warwickshire Police,Warwickshire Police,-1.435004,52.531773,On or near Loweswater Close,E01031103,Nuneaton and Bedworth 003D,Burglary,Investigation complete; no suspect identified,
f7d2ec72326864491373935e30c76f904bfd0fcc7f889b0e60b229396170572e,2017-11,Warwickshire Police,Warwickshire Police,-1.435017,52.530802,On or near Easedale Close,E01031103,Nuneaton and Bedworth 003D,Criminal damage and arson,Investigation complete; no suspect identified,
f91c12934a011f5083de448d93c1492a9851edcb421fc8cf89726139afb309c0,2017-11,Warwickshire Police,Warwickshire Police,-1.435004,52.531773,On or near Loweswater Close,E01031103,Nuneaton and Bedworth 003D,Possession of weapons,Status update unavailable,
beb098ba8600839b7dd79d2be5b11d6cfa82856f52f6bc2440789b8bea327323,2017-11,Warwickshire Police,Warwickshire Police,-1.435004,52.531773,On or near Loweswater Close,E01031103,Nuneaton and Bedworth 003D,Possession of weapons,Status update unavailable,
aa3075b062e19d09055b2bdc751863f8061474c2496603f9e8142681a5afcff8,2017-11,Warwickshire Police,Warwickshire Police,-1.425820,52.531809,On or near The Long Shoot,E01031103,Nuneaton and Bedworth 003D,Vehicle crime,Investigation complete; no suspect identified,
9b094f7e06d4eb84fafb37f2f7393fb673679b3f4ef87895de71a831f0aa4b10,2017-11,Warwickshire Police,Warwickshire Police,-1.425820,52.531809,On or near The Long Shoot,E01031103,Nuneaton and Bedworth 003D,Vehicle crime,Investigation complete; no suspect identified,
cead3bc1c207bd9644f7a9222e5fdebf8474762c791b7f6f72175fcead36d6c2,2017-11,Warwickshire Police,Warwickshire Police,-1.421089,52.537297,On or near Watling Street,E01031103,Nuneaton and Bedworth 003D,Vehicle crime,Investigation complete; no suspect identified,
b244f9e3f7da9f2a9474f7485e1d6187d6b1ff7a9a20c71cc00e83117a55749a,2017-11,Warwickshire Police,Warwickshire Police,-1.420300,52.535630,On or near Sports/Recreation Area,E01031103,Nuneaton and Bedworth 003D,Vehicle crime,Investigation complete; no suspect identified,
d9f76ce130e6ce9bd679464614edb1c7f83de0f1b0a552b81870be90bfba993a,2017-11,Warwickshire Police,Warwickshire Police,-1.420300,52.535630,On or near Sports/Recreation Area,E01031103,Nuneaton and Bedworth 003D,Vehicle crime,Investigation complete; no suspect identified,
5812c9599e6c55311486ab083c22d29568f104d42ec639634c56bc6e4cdbd298,2017-11,Warwickshire Police,Warwickshire Police,-1.437764,52.532667,On or near Sports/Recreation Area,E01031103,Nuneaton and Bedworth 003D,Violence and sexual offences,Status update unavailable,
,2017-11,Warwickshire Police,Warwickshire Police,-1.449853,52.530287,On or near Further/Higher Educational Building,E01031104,Nuneaton and Bedworth 003E,Anti-social behaviour,,
a4999372a565714d1c28ff446b0b0b988674d21f80258f0fc3d90d1cd814ed1a,2017-11,Warwickshire Police,Warwickshire Police,-1.449853,52.530287,On or near Further/Higher Educational Building,E01031104,Nuneaton and Bedworth 003E,Bicycle theft,Investigation complete; no suspect identified,
45aed4f9b282452882eb8bbae602bec89fc50a0900c833b8842fa0685ce814f6,2017-11,Warwickshire Police,Warwickshire Police,-1.449853,52.530287,On or near Further/Higher Educational Building,E01031104,Nuneaton and Bedworth 003E,Bicycle theft,Investigation complete; no suspect identified,
f31be7fbd661479bbbd30629c498b05cce7039fa7bf86f9d1f07b4c6b1b83858,2017-11,Warwickshire Police,Warwickshire Police,-1.449853,52.530287,On or near Further/Higher Educational Building,E01031104,Nuneaton and Bedworth 003E,Burglary,Investigation complete; no suspect identified,
24fcd0b86d3bc9b54d6a1b5183305f2e96ba722290784165b2c8914d1cb5e276,2017-11,Warwickshire Police,Warwickshire Police,-1.449853,52.530287,On or near Further/Higher Educational Building,E01031104,Nuneaton and Bedworth 003E,Vehicle crime,Status update unavailable,
ddefe92bc51a16030be1a9098da1b77d455797bed28a358bb29c3c8280a0e49e,2017-11,Warwickshire Police,Warwickshire Police,-1.449853,52.530287,On or near Further/Higher Educational Building,E01031104,Nuneaton and Bedworth 003E,Violence and sexual offences,Status update unavailable,
a903f730c611cf28010db0612471c5c579033270a6c2c18bf4f077e28940bdd2,2017-11,Warwickshire Police,Warwickshire Police,-1.443139,52.534310,On or near St Nicolas Park Drive,E01031104,Nuneaton and Bedworth 003E,Violence and sexual offences,Status update unavailable,
,2017-11,Warwickshire Police,Warwickshire Police,-1.509259,52.525037,On or near Lomond Way,E01031081,Nuneaton and Bedworth 004A,Anti-social behaviour,,
,2017-11,Warwickshire Police,Warwickshire Police,-1.507504,52.523789,On or near Woodford Close,E01031081,Nuneaton and Bedworth 004A,Anti-social behaviour,,
,2017-11,Warwickshire Police,Warwickshire Police,-1.513120,52.523786,On or near Knowles Avenue,E01031081,Nuneaton and Bedworth 004A,Anti-social behaviour,,
,2017-11,Warwickshire Police,Warwickshire Police,-1.514041,52.525812,On or near Supermarket,E01031081,Nuneaton and Bedworth 004A,Anti-social behaviour,,
,2017-11,Warwickshire Police,Warwickshire Police,-1.514041,52.525812,On or near Supermarket,E01031081,Nuneaton and Bedworth 004A,Anti-social behaviour,,
7d7c29198612c1f903c09ecc06fc55018e75a6858c2c99697b5e79e1443358c1,2017-11,Warwickshire Police,Warwickshire Police,-1.514041,52.525812,On or near Supermarket,E01031081,Nuneaton and Bedworth 004A,Bicycle theft,Investigation complete; no suspect identified,
9f478719de8c388c92bb48befa615db046df520a669dd646364e3f373defdbc5,2017-11,Warwickshire Police,Warwickshire Police,-1.508723,52.524163,On or near Eliot Mews,E01031081,Nuneaton and Bedworth 004A,Burglary,Status update unavailable,
7a97876f39dac5ea5095a47312e37a0653f31896ab429c42e27b6630a596f0ca,2017-11,Warwickshire Police,Warwickshire Police,-1.509259,52.525037,On or near Lomond Way,E01031081,Nuneaton and Bedworth 004A,Burglary,Investigation complete; no suspect identified,
9e6cd52c845016763b1334aba54acec7ca93140665ca55cf3038ddf63ee85f96,2017-11,Warwickshire Police,Warwickshire Police,-1.509259,52.525037,On or near Lomond Way,E01031081,Nuneaton and Bedworth 004A,Burglary,Investigation complete; no suspect identified,
9ba851abebdfbc003dcc872ec3596e9e7cc75c8eb76dd702c23341f91f92cc7e,2017-11,Warwickshire Police,Warwickshire Police,-1.509259,52.525037,On or near Lomond Way,E01031081,Nuneaton and Bedworth 004A,Burglary,Investigation complete; no suspect identified,
999034e761ab61fea8b800b5a350c1783db15268f624cf10a563179ed58f734f,2017-11,Warwickshire Police,Warwickshire Police,-1.514041,52.525812,On or near Supermarket,E01031081,Nuneaton and Bedworth 004A,Shoplifting,Status update unavailable,
63cfa622b23d8603b71417dee7669d478ffda481f026afcb2bbfdedd83725dbb,2017-11,Warwickshire Police,Warwickshire Police,-1.514041,52.525812,On or near Supermarket,E01031081,Nuneaton and Bedworth 004A,Shoplifting,Investigation complete; no suspect identified,
47f43fec1d99e1e180057b337992dce35a16a74ae5221d46d7c472e26acb2570,2017-11,Warwickshire Police,Warwickshire Police,-1.514041,52.525812,On or near Supermarket,E01031081,Nuneaton and Bedworth 004A,Vehicle crime,Investigation complete; no suspect identified,
a237a093bdb2866b51c0b768e453526256a4eda76c8eca33eda5c443bf78255e,2017-11,Warwickshire Police,Warwickshire Police,-1.509259,52.525037,On or near Lomond Way,E01031081,Nuneaton and Bedworth 004A,Violence and sexual offences,Status update unavailable,
3b59e8f8c2669cba6be0d499a725f6951499e26cea1f9ffb7738d4c423496802,2017-11,Warwickshire Police,Warwickshire Police,-1.517535,52.521709,On or near Pedestrian Subway,E01031081,Nuneaton and Bedworth 004A,Violence and sexual offences,Status update unavailable,
de8d87e18c071b47e359a72b26de518c5e1ad812e93da05901672acffa25ef78,2017-11,Warwickshire Police,Warwickshire Police,-1.514428,52.522730,On or near Barons Croft,E01031081,Nuneaton and Bedworth 004A,Violence and sexual offences,Unable to prosecute suspect,
b18447363a2d71deb2524e0e67fece8b5ffbc84e57db01892472ffcbba19db8c,2017-11,Warwickshire Police,Warwickshire Police,-1.514428,52.522730,On or near Barons Croft,E01031081,Nuneaton and Bedworth 004A,Other crime,Status update unavailable,
c0bd9f1f199f1a35c8cef9150465811a02766efc30b2849cdd2f7a014f1968d7,2017-11,Warwickshire Police,Warwickshire Police,-1.530000,52.526128,On or near Chesterton Drive,E01031082,Nuneaton and Bedworth 004B,Vehicle crime,Investigation complete; no suspect identified,
a0081cee81b947ec112996d3d781c026ce8ca55d0038aa6db189495d7f97bc65,2017-11,Warwickshire Police,Warwickshire Police,-1.521219,52.525824,On or near Selby Way,E01031082,Nuneaton and Bedworth 004B,Vehicle crime,Investigation complete; no suspect identified,
02245e508db7bebc8792d74f79fbcd2f4aa03ea3da8adaa5a1d63c8c828c1c52,2017-11,Warwickshire Police,Warwickshire Police,-1.520509,52.527421,On or near Bettina Close,E01031082,Nuneaton and Bedworth 004B,Violence and sexual offences,Status update unavailable,
,2017-11,Warwickshire Police,Warwickshire Police,-1.530836,52.526554,On or near Marlowe Close,E01031083,Nuneaton and Bedworth 004C,Anti-social behaviour,,
,2017-11,Warwickshire Police,Warwickshire Police,-1.541408,52.523404,On or near Orford Rise,E01031083,Nuneaton and Bedworth 004C,Anti-social behaviour,,
37aadcd6118fe223d867654a07c960da592f03177e090fc775d24621f8e5d01b,2017-11,Warwickshire Police,Warwickshire Police,-1.534838,52.524412,On or near St Peters Drive,E01031083,Nuneaton and Bedworth 004C,Criminal damage and arson,Investigation complete; no suspect identified,
76f12840a9949ef5e48fcd0fcb3f7edf77161feff6280a5f3b51b4c286de4f3d,2017-11,Warwickshire Police,Warwickshire Police,-1.541408,52.523404,On or near Orford Rise,E01031083,Nuneaton and Bedworth 004C,Drugs,Unable to prosecute suspect,
cd5ce2a20e0f2e7ec2d3a33ba65f74b30e5f1e9649f65262822e6c1808cce31c,2017-11,Warwickshire Police,Warwickshire Police,-1.541408,52.523404,On or near Orford Rise,E01031083,Nuneaton and Bedworth 004C,Vehicle crime,Status update unavailable,
75ad4f9b597be821655ccbcbc607576b718baa74db92a6a65e365ebe4a2245b5,2017-11,Warwickshire Police,Warwickshire Police,-1.539696,52.522157,On or near Colbek Court,E01031083,Nuneaton and Bedworth 004C,Vehicle crime,Unable to prosecute suspect,
3e1e7d7a2a65fff63e1e759db4a15df734e8dfb39810d1f1680c8065644db967,2017-11,Warwickshire Police,Warwickshire Police,-1.541408,52.523404,On or near Orford Rise,E01031083,Nuneaton and Bedworth 004C,Violence and sexual offences,Unable to prosecute suspect,
,2017-11,Warwickshire Police,Warwickshire Police,-1.520736,52.536367,On or near Chancery Lane,E01031084,Nuneaton and Bedworth 004D,Anti-social behaviour,,
,2017-11,Warwickshire Police,Warwickshire Police,-1.522173,52.534323,On or near Smallman Road,E01031084,Nuneaton and Bedworth 004D,Anti-social behaviour,,
,2017-11,Warwickshire Police,Warwickshire Police,-1.522173,52.534323,On or near Smallman Road,E01031084,Nuneaton and Bedworth 004D,Anti-social behaviour,,
,2017-11,Warwickshire Police,Warwickshire Police,-1.522173,52.534323,On or near Smallman Road,E01031084,Nuneaton and Bedworth 004D,Anti-social behaviour,,
,2017-11,Warwickshire Police,Warwickshire Police,-1.522173,52.534323,On or near Smallman Road,E01031084,Nuneaton and Bedworth 004D,Anti-social behaviour,,
84e56617dc2c10aca66ac8aa16b361edfe5e485ed1090145d73ba75890878227,2017-11,Warwickshire Police,Warwickshire Police,-1.525754,52.535803,On or near Fletchers Drift Lane,E01031084,Nuneaton and Bedworth 004D,Burglary,Formal action is not in the public interest,
b4f3fc26aa8b630200b6e78ca3609151a4b7ad15d6735412215d6bbde00dcae2,2017-11,Warwickshire Police,Warwickshire Police,-1.517820,52.534656,On or near Lincoln Avenue,E01031084,Nuneaton and Bedworth 004D,Burglary,Investigation complete; no suspect identified,
f7686680e549e46b9d7ee74d29952362f7333caa71812c3f93244d4016f49716,2017-11,Warwickshire Police,Warwickshire Police,-1.518751,52.535810,On or near Salisbury Drive,E01031084,Nuneaton and Bedworth 004D,Burglary,Investigation complete; no suspect identified,
53745b80ee038f654443ed588bb4d2b4b92f93c4fdbd9b8df20db459ede1b372,2017-11,Warwickshire Police,Warwickshire Police,-1.518337,52.537283,On or near Victoria Road,E01031084,Nuneaton and Bedworth 004D,Criminal damage and arson,Investigation complete; no suspect identified,
2dd78d1a5e344d180b8f910eeeafa3f07d34e527bc23153ad6bc54fec1d178f2,2017-11,Warwickshire Police,Warwickshire Police,-1.518337,52.537283,On or near Victoria Road,E01031084,Nuneaton and Bedworth 004D,Drugs,Offender given a drugs possession warning,
c940e54f19d2103b539585e2227d6759d507457745c116ac677d98c22578d878,2017-11,Warwickshire Police,Warwickshire Police,-1.525754,52.535803,On or near Fletchers Drift Lane,E01031084,Nuneaton and Bedworth 004D,Other theft,Investigation complete; no suspect identified,
42196b9665b4489b142ba330ec2e587c89334ca344b12d25d9204b5290675d2b,2017-11,Warwickshire Police,Warwickshire Police,-1.518337,52.537283,On or near Victoria Road,E01031084,Nuneaton and Bedworth 004D,Public order,Investigation complete; no suspect identified,
2f851ebe674c78b4306815f1266dd582c16819bb1b5707029e9a8e1fe4f2f09d,2017-11,Warwickshire Police,Warwickshire Police,-1.518337,52.537283,On or near Victoria Road,E01031084,Nuneaton and Bedworth 004D,Shoplifting,Investigation complete; no suspect identified,
8a671df4661ceb8380d5bb835359d27bdfd62e359b3bccef05abb70ee598c306,2017-11,Warwickshire Police,Warwickshire Police,-1.518123,52.528598,On or near Merlin Avenue,E01031084,Nuneaton and Bedworth 004D,Vehicle crime,Investigation complete; no suspect identified,
b7f83ab9ee7b331394916f342a9a171a5dc88233b976b0a10438170ac0db0719,2017-11,Warwickshire Police,Warwickshire Police,-1.524800,52.535394,On or near Waggestaff Drive,E01031084,Nuneaton and Bedworth 004D,Vehicle crime,Investigation complete; no suspect identified,
b2b959489cc9810e15c6a73102d4b280cda61327abc11d63c867be7836afa2f4,2017-11,Warwickshire Police,Warwickshire Police,-1.518751,52.535810,On or near Salisbury Drive,E01031084,Nuneaton and Bedworth 004D,Violence and sexual offences,Investigation complete; no suspect identified,
6dfb5f4e597bf81db0653ca0d9204541ce05b10a49fbd533632f946c3bbd920b,2017-11,Warwickshire Police,Warwickshire Police,-1.520635,52.533373,On or near Reuben Avenue,E01031084,Nuneaton and Bedworth 004D,Violence and sexual offences,Status update unavailable,
ebfaa25fedbe06a90ba98b601f1b648d1490fe452562f8a8b470d554107f8f6b,2017-11,Warwickshire Police,Warwickshire Police,-1.524528,52.536031,On or near Alders Lane,E01031084,Nuneaton and Bedworth 004D,Violence and sexual offences,Status update unavailable,
a1e5b829e9703da0f4a9ec04f554f8bdce5763933b228272dd8416a84070d5d7,2017-11,Warwickshire Police,Warwickshire Police,-1.522173,52.534323,On or near Smallman Road,E01031084,Nuneaton and Bedworth 004D,Violence and sexual offences,Unable to prosecute suspect,
a1c76af26866f863661f3d11b0425f86a52a4f61fa6bad20098871eda04ee8f3,2017-11,Warwickshire Police,Warwickshire Police,-1.518337,52.537283,On or near Victoria Road,E01031084,Nuneaton and Bedworth 004D,Violence and sexual offences,Unable to prosecute suspect,
32fb9edcf5541b474ef207d653f7f85e8c6da943c40e78d1cb2de5e0b57a1375,2017-11,Warwickshire Police,Warwickshire Police,-1.516012,52.530171,On or near Hilton Avenue,E01031084,Nuneaton and Bedworth 004D,Violence and sexual offences,Status update unavailable,
2666574d904059d170945a8d645a3e99ce4ee53c778d836c465933aa79e178ca,2017-11,Warwickshire Police,Warwickshire Police,-1.525754,52.535803,On or near Fletchers Drift Lane,E01031084,Nuneaton and Bedworth 004D,Violence and sexual offences,Action to be taken by another organisation,
6f8479054673785786c1c92b55db51592188665972799774684f75dcc0330346,2017-11,Warwickshire Police,Warwickshire Police,-1.516994,52.526660,On or near Mallerin Croft,E01031085,Nuneaton and Bedworth 004E,Vehicle crime,Investigation complete; no suspect identified,
3f2e0b188b51c63f34fbcf660d0d2281f4a3c8003ed368b6f61640a8a61702f1,2017-11,Warwickshire Police,Warwickshire Police,-1.517996,52.526718,On or near Garnette Close,E01031085,Nuneaton and Bedworth 004E,Violence and sexual offences,Unable to prosecute suspect,
,2017-11,Warwickshire Police,Warwickshire Police,-1.465132,52.523579,On or near Bond Gate,E01031043,Nuneaton and Bedworth 005A,Anti-social behaviour,,
,2017-11,Warwickshire Police,Warwickshire Police,-1.460523,52.523243,On or near Glebe Road,E01031043,Nuneaton and Bedworth 005A,Anti-social behaviour,,
,2017-11,Warwickshire Police,Warwickshire Police,-1.466263,52.523898,On or near Parking Area,E01031043,Nuneaton and Bedworth 005A,Anti-social behaviour,,
,2017-11,Warwickshire Police,Warwickshire Police,-1.470585,52.522399,On or near Supermarket,E01031043,Nuneaton and Bedworth 005A,Anti-social behaviour,,
,2017-11,Warwickshire Police,Warwickshire Police,-1.466001,52.523691,On or near Further/Higher Educational Building,E01031043,Nuneaton and Bedworth 005A,Anti-social behaviour,,
,2017-11,Warwickshire Police,Warwickshire Police,-1.462806,52.520970,On or near Church Street,E01031043,Nuneaton and Bedworth 005A,Anti-social behaviour,,
,2017-11,Warwickshire Police,Warwickshire Police,-1.466001,52.523691,On or near Further/Higher Educational Building,E01031043,Nuneaton and Bedworth 005A,Anti-social behaviour,,
,2017-11,Warwickshire Police,Warwickshire Police,-1.472385,52.525958,On or near Burgage Walk,E01031043,Nuneaton and Bedworth 005A,Anti-social behaviour,,
,2017-11,Warwickshire Police,Warwickshire Police,-1.466263,52.523898,On or near Parking Area,E01031043,Nuneaton and Bedworth 005A,Anti-social behaviour,,
,2017-11,Warwickshire Police,Warwickshire Police,-1.468034,52.523718,On or near Shopping Area,E01031043,Nuneaton and Bedworth 005A,Anti-social behaviour,,
,2017-11,Warwickshire Police,Warwickshire Police,-1.470585,52.522399,On or near Supermarket,E01031043,Nuneaton and Bedworth 005A,Anti-social behaviour,,
,2017-11,Warwickshire Police,Warwickshire Police,-1.472440,52.525032,On or near Abbey Street,E01031043,Nuneaton and Bedworth 005A,Anti-social behaviour,,
,2017-11,Warwickshire Police,Warwickshire Police,-1.472385,52.525958,On or near Burgage Walk,E01031043,Nuneaton and Bedworth 005A,Anti-social behaviour,,
,2017-11,Warwickshire Police,Warwickshire Police,-1.474120,52.526298,On or near Upper Abbey Street,E01031043,Nuneaton and Bedworth 005A,Anti-social behaviour,,
,2017-11,Warwickshire Police,Warwickshire Police,-1.472385,52.525958,On or near Burgage Walk,E01031043,Nuneaton and Bedworth 005A,Anti-social behaviour,,
,2017-11,Warwickshire Police,Warwickshire Police,-1.474585,52.524439,On or near Meadow Court,E01031043,Nuneaton and Bedworth 005A,Anti-social behaviour,,
,2017-11,Warwickshire Police,Warwickshire Police,-1.467744,52.522134,On or near Coventry Street,E01031043,Nuneaton and Bedworth 005A,Anti-social behaviour,,
,2017-11,Warwickshire Police,Warwickshire Police,-1.472385,52.525958,On or near Burgage Walk,E01031043,Nuneaton and Bedworth 005A,Anti-social behaviour,,
,2017-11,Warwickshire Police,Warwickshire Police,-1.470585,52.522399,On or near Supermarket,E01031043,Nuneaton and Bedworth 005A,Anti-social behaviour,,
,2017-11,Warwickshire Police,Warwickshire Police,-1.470585,52.522399,On or near Supermarket,E01031043,Nuneaton and Bedworth 005A,Anti-social behaviour,,
,2017-11,Warwickshire Police,Warwickshire Police,-1.467744,52.522134,On or near Coventry Street,E01031043,Nuneaton and Bedworth 005A,Anti-social behaviour,,
,2017-11,Warwickshire Police,Warwickshire Police,-1.466001,52.523691,On or near Further/Higher Educational Building,E01031043,Nuneaton and Bedworth 005A,Anti-social behaviour,,
,2017-11,Warwickshire Police,Warwickshire Police,-1.469043,52.525592,On or near Newtown Road,E01031043,Nuneaton and Bedworth 005A,Anti-social behaviour,,
,2017-11,Warwickshire Police,Warwickshire Police,-1.470585,52.522399,On or near Supermarket,E01031043,Nuneaton and Bedworth 005A,Anti-social behaviour,,
,2017-11,Warwickshire Police,Warwickshire Police,-1.461124,52.519947,On or near Attleborough Road,E01031043,Nuneaton and Bedworth 005A,Anti-social behaviour,,
,2017-11,Warwickshire Police,Warwickshire Police,-1.462805,52.523442,On or near Wheat Street,E01031043,Nuneaton and Bedworth 005A,Anti-social behaviour,,
,2017-11,Warwickshire Police,Warwickshire Police,-1.466263,52.523898,On or near Parking Area,E01031043,Nuneaton and Bedworth 005A,Anti-social behaviour,,
,2017-11,Warwickshire Police,Warwickshire Police,-1.470585,52.522399,On or near Supermarket,E01031043,Nuneaton and Bedworth 005A,Anti-social behaviour,,
,2017-11,Warwickshire Police,Warwickshire Police,-1.472440,52.525032,On or near Abbey Street,E01031043,Nuneaton and Bedworth 005A,Anti-social behaviour,,
,2017-11,Warwickshire Police,Warwickshire Police,-1.466936,52.521888,On or near Parking Area,E01031043,Nuneaton and Bedworth 005A,Anti-social behaviour,,
,2017-11,Warwickshire Police,Warwickshire Police,-1.467744,52.522134,On or near Coventry Street,E01031043,Nuneaton and Bedworth 005A,Anti-social behaviour,,
,2017-11,Warwickshire Police,Warwickshire Police,-1.469043,52.525592,On or near Newtown Road,E01031043,Nuneaton and Bedworth 005A,Anti-social behaviour,,
,2017-11,Warwickshire Police,Warwickshire Police,-1.465221,52.522330,On or near Nightclub,E01031043,Nuneaton and Bedworth 005A,Anti-social behaviour,,
,2017-11,Warwickshire Police,Warwickshire Police,-1.466001,52.523691,On or near Further/Higher Educational Building,E01031043,Nuneaton and Bedworth 005A,Anti-social behaviour,,
,2017-11,Warwickshire Police,Warwickshire Police,-1.466001,52.523691,On or near Further/Higher Educational Building,E01031043,Nuneaton and Bedworth 005A,Anti-social behaviour,,
,2017-11,Warwickshire Police,Warwickshire Police,-1.466263,52.523898,On or near Parking Area,E01031043,Nuneaton and Bedworth 005A,Anti-social behaviour,,
,2017-11,Warwickshire Police,Warwickshire Police,-1.466936,52.521888,On or near Parking Area,E01031043,Nuneaton and Bedworth 005A,Anti-social behaviour,,
,2017-11,Warwickshire Police,Warwickshire Police,-1.470585,52.522399,On or near Supermarket,E01031043,Nuneaton and Bedworth 005A,Anti-social behaviour,,
dd2e8f9c38c2311179a73c6482df54029ed853fdd2e7eca9a17a247eeae192c1,2017-11,Warwickshire Police,Warwickshire Police,-1.467744,52.522134,On or near Coventry Street,E01031043,Nuneaton and Bedworth 005A,Bicycle theft,Investigation complete; no suspect identified,
c182bed46abc6640748b12ae1b4e0ab46d664456457da70a9e54c5c59b188e70,2017-11,Warwickshire Police,Warwickshire Police,-1.466580,52.526948,On or near Supermarket,E01031043,Nuneaton and Bedworth 005A,Bicycle theft,Status update unavailable,
362e3f4e6c27686182aaa110992ee77f1cd59ca3366b0fdbf7045e77e093a68f,2017-11,Warwickshire Police,Warwickshire Police,-1.467198,52.522168,On or near Mill Walk,E01031043,Nuneaton and Bedworth 005A,Bicycle theft,Status update unavailable,
7a25f7df700c3b578c3cdd4b3ecc77255c0d72d788bc80e50eccbfdc9743fbb4,2017-11,Warwickshire Police,Warwickshire Police,-1.466936,52.521888,On or near Parking Area,E01031043,Nuneaton and Bedworth 005A,Bicycle theft,Formal action is not in the public interest,
a1e7048632261d6288eaf9ba9327648670505db94e45984db959a50b350ffda4,2017-11,Warwickshire Police,Warwickshire Police,-1.469043,52.525592,On or near Newtown Road,E01031043,Nuneaton and Bedworth 005A,Bicycle theft,Investigation complete; no suspect identified,
596875cab46e3293da9d95f6b722175a707365ba32b974eaa1e8f3e13a5afae9,2017-11,Warwickshire Police,Warwickshire Police,-1.466263,52.523898,On or near Parking Area,E01031043,Nuneaton and Bedworth 005A,Bicycle theft,Investigation complete; no suspect identified,
d051014fa6e95c2595809612f7f4f3f8e0b0f4b22312c50ea756960c653c8c39,2017-11,Warwickshire Police,Warwickshire Police,-1.470585,52.522399,On or near Supermarket,E01031043,Nuneaton and Bedworth 005A,Bicycle theft,Investigation complete; no suspect identified,
9a9b3205d5cd1716f00de71e753e4a922ae9b2caface338d64ebd6b230aeb653,2017-11,Warwickshire Police,Warwickshire Police,-1.467744,52.522134,On or near Coventry Street,E01031043,Nuneaton and Bedworth 005A,Bicycle theft,Investigation complete; no suspect identified,
a8644865b90d6415d2933d8b145d5e7909151d744ca5f3ac48cd58027dbce2f8,2017-11,Warwickshire Police,Warwickshire Police,-1.464788,52.522831,On or near Shopping Area,E01031043,Nuneaton and Bedworth 005A,Burglary,Status update unavailable,
22a0389c88949807aff563da880a13df21450845aeb9ffadc1c6974fdd18e531,2017-11,Warwickshire Police,Warwickshire Police,-1.468034,52.523718,On or near Shopping Area,E01031043,Nuneaton and Bedworth 005A,Burglary,Status update unavailable,
e27beeaba1713cb74c38f9daa063917bcdd06b02e9d0d420e74e435e098e7edb,2017-11,Warwickshire Police,Warwickshire Police,-1.474243,52.527162,On or near Petrol Station,E01031043,Nuneaton and Bedworth 005A,Burglary,Investigation complete; no suspect identified,
7b25b644e3a32906c825bd4376d9e56985d0898250783612fc290b4f6bdbdf7e,2017-11,Warwickshire Police,Warwickshire Police,-1.462606,52.524107,On or near Orchard Street,E01031043,Nuneaton and Bedworth 005A,Criminal damage and arson,Investigation complete; no suspect identified,
b27fd202d9e108ab44a1985830406001e812b37a6996e3791ef8772dd4c76849,2017-11,Warwickshire Police,Warwickshire Police,-1.469240,52.521476,On or near Shopping Area,E01031043,Nuneaton and Bedworth 005A,Criminal damage and arson,Investigation complete; no suspect identified,
e5c7eae1e957849586ba830152b09235b0224ac437732fd67d1bd0a7c9b6a858,2017-11,Warwickshire Police,Warwickshire Police,-1.473511,52.526664,On or near Friary Street,E01031043,Nuneaton and Bedworth 005A,Criminal damage and arson,Investigation complete; no suspect identified,
1a79dfda8df752675264d3be014e85d8f3eb53311f9de5a84de49d743cc45050,2017-11,Warwickshire Police,Warwickshire Police,-1.472440,52.525032,On or near Abbey Street,E01031043,Nuneaton and Bedworth 005A,Criminal damage and arson,Investigation complete; no suspect identified,
18351203f7c463fc0f2c0ce9fa186f57d9d1de1b76ebf9ac532964199e3b5a9f,2017-11,Warwickshire Police,Warwickshire Police,-1.472385,52.525958,On or near Burgage Walk,E01031043,Nuneaton and Bedworth 005A,Criminal damage and arson,Status update unavailable,
be34f5661c215fa74566063f01a960d4c78f488296f1c49831d40abab304d5be,2017-11,Warwickshire Police,Warwickshire Police,-1.470748,52.526067,On or near Graham Street,E01031043,Nuneaton and Bedworth 005A,Criminal damage and arson,Investigation complete; no suspect identified,
acd323dab88e96305a9f70fc2726cb7fc1afeefb403c549ae523e4fd0e4cc948,2017-11,Warwickshire Police,Warwickshire Police,-1.472385,52.525958,On or near Burgage Walk,E01031043,Nuneaton and Bedworth 005A,Criminal damage and arson,Investigation complete; no suspect identified,
26dcfc8c441a489e4cdd5504770487c9be856a4e1328372a79429c2573024dbe,2017-11,Warwickshire Police,Warwickshire Police,-1.470585,52.522399,On or near Supermarket,E01031043,Nuneaton and Bedworth 005A,Criminal damage and arson,Status update unavailable,
83fdbfd8f2a37962ff67d85e1c6488f49855c72d8a7574430598c8a2ef62b727,2017-11,Warwickshire Police,Warwickshire Police,-1.465092,52.524478,On or near Bond Street,E01031043,Nuneaton and Bedworth 005A,Criminal damage and arson,Investigation complete; no suspect identified,
de03d42d40a0277153e96b7730f9210deb0a317a1dcd09721b8aceb4008ba705,2017-11,Warwickshire Police,Warwickshire Police,-1.472440,52.525032,On or near Abbey Street,E01031043,Nuneaton and Bedworth 005A,Criminal damage and arson,Investigation complete; no suspect identified,
621ed02b568f987656ccabe0e7e7c49ada1aab8f46a032746e8a6f3dd8633597,2017-11,Warwickshire Police,Warwickshire Police,-1.466580,52.526948,On or near Supermarket,E01031043,Nuneaton and Bedworth 005A,Criminal damage and arson,Investigation complete; no suspect identified,
0d5de5707c970cdb6e4f8554270dc4a14013e71fbb0e4a5aacc371a1a0619c1f,2017-11,Warwickshire Police,Warwickshire Police,-1.467744,52.522134,On or near Coventry Street,E01031043,Nuneaton and Bedworth 005A,Criminal damage and arson,Local resolution,
90f1d7265be92d1a9442749fbf3cb277a8e4a14c84f90fd61bbddbc1660e7537,2017-11,Warwickshire Police,Warwickshire Police,-1.462428,52.522955,On or near Police Station,E01031043,Nuneaton and Bedworth 005A,Drugs,Offender given a caution,
92685357bda594870c22317fc83a1f3b460072e4a165d04963cc93b1290e54d2,2017-11,Warwickshire Police,Warwickshire Police,-1.463415,52.523041,On or near Police Station,E01031043,Nuneaton and Bedworth 005A,Drugs,Offender given a caution,
105450cd239dffef85fc7bc6258a586e15ecbc53b2e19fe13083377bb0950c92,2017-11,Warwickshire Police,Warwickshire Police,-1.468034,52.523718,On or near Shopping Area,E01031043,Nuneaton and Bedworth 005A,Drugs,Court result unavailable,
7fde46eec60c57427ae6d22c485f675c80f0e9416aa4fad811412ece07c36da1,2017-11,Warwickshire Police,Warwickshire Police,-1.468034,52.523718,On or near Shopping Area,E01031043,Nuneaton and Bedworth 005A,Drugs,Offender given a caution,
268fec596d87d44579311a13376ea185873c59ad58e44f913726da2e2130dbf2,2017-11,Warwickshire Police,Warwickshire Police,-1.466001,52.523691,On or near Further/Higher Educational Building,E01031043,Nuneaton and Bedworth 005A,Drugs,Offender fined,
87c9ad4a38a8facc43b0556488f281eaad551d4ff4e14f31fd43d2a78232e3c2,2017-11,Warwickshire Police,Warwickshire Police,-1.466001,52.523691,On or near Further/Higher Educational Building,E01031043,Nuneaton and Bedworth 005A,Drugs,Offender given a caution,
d33d589dc5fc9274275c0e0ca0b17d49b75f39a3dad3355042416ed4aea9ab57,2017-11,Warwickshire Police,Warwickshire Police,-1.472385,52.525958,On or near Burgage Walk,E01031043,Nuneaton and Bedworth 005A,Drugs,Status update unavailable,
2d3ce8707641309d5c00c186b64aac51a223d5317650822981ad0f57efd80a01,2017-11,Warwickshire Police,Warwickshire Police,-1.468034,52.523718,On or near Shopping Area,E01031043,Nuneaton and Bedworth 005A,Drugs,Status update unavailable,
a4ac1c0c66d26205c460de686bdf37a9b06c54f703d70fcf005b83be3cf66959,2017-11,Warwickshire Police,Warwickshire Police,-1.470585,52.522399,On or near Supermarket,E01031043,Nuneaton and Bedworth 005A,Drugs,Formal action is not in the public interest,
13c29c95170d80848ff328718d2ec89588e07a78ac070ee4e1305ce0dc919de0,2017-11,Warwickshire Police,Warwickshire Police,-1.470585,52.522399,On or near Supermarket,E01031043,Nuneaton and Bedworth 005A,Other theft,Investigation complete; no suspect identified,
6215a319015f1e9f7ca85f78d7f70ff10a2b17475d6b544bfa7e0f9fc0797cbd,2017-11,Warwickshire Police,Warwickshire Police,-1.466580,52.526948,On or near Supermarket,E01031043,Nuneaton and Bedworth 005A,Other theft,Investigation complete; no suspect identified,
1f26d8293ab9029b3b8b2a16529fd6e65bc6d93340a6533972c58d75a9509a5c,2017-11,Warwickshire Police,Warwickshire Police,-1.464788,52.522831,On or near Shopping Area,E01031043,Nuneaton and Bedworth 005A,Other theft,Investigation complete; no suspect identified,
1c53ff1ca1b114afb33b0d85dc619a2f382d6c71521bd9271236279918c2b99c,2017-11,Warwickshire Police,Warwickshire Police,-1.466580,52.526948,On or near Supermarket,E01031043,Nuneaton and Bedworth 005A,Other theft,Investigation complete; no suspect identified,
4a04cb42be868859b80b763c9c4150ed278e564c75dfee7a3cc5260111bb45fd,2017-11,Warwickshire Police,Warwickshire Police,-1.474120,52.526298,On or near Upper Abbey Street,E01031043,Nuneaton and Bedworth 005A,Other theft,Investigation complete; no suspect identified,
62c6d838198a80e6514f403244279ef4de7266e8b9f197113aa2c366e8e62efb,2017-11,Warwickshire Police,Warwickshire Police,-1.466001,52.523691,On or near Further/Higher Educational Building,E01031043,Nuneaton and Bedworth 005A,Other theft,Status update unavailable,
08ca885b3382ed7a55ffa87e39a13e24c22ee202a33a577843d4cb1511c23ec8,2017-11,Warwickshire Police,Warwickshire Police,-1.466580,52.526948,On or near Supermarket,E01031043,Nuneaton and Bedworth 005A,Other theft,Offender given a caution,
f7d9c0c604a118ec65a86e7df00d5078d0928d91d655c3d8aa9b72456f999604,2017-11,Warwickshire Police,Warwickshire Police,-1.463962,52.521695,On or near Vicarage Street,E01031043,Nuneaton and Bedworth 005A,Other theft,Investigation complete; no suspect identified,
ecb3838ed05a751b0eeed00d941dd8e39543c4fe7501665bf6af34018899b0ce,2017-11,Warwickshire Police,Warwickshire Police,-1.464788,52.522831,On or near Shopping Area,E01031043,Nuneaton and Bedworth 005A,Other theft,Investigation complete; no suspect identified,
c5a559adf660bea0ae36ab72804828636b31a91ce8a65bc899787f4f7c904142,2017-11,Warwickshire Police,Warwickshire Police,-1.469106,52.524055,On or near Burgage Place,E01031043,Nuneaton and Bedworth 005A,Other theft,Status update unavailable,
6ba09edd5d04404e4cb28131bd3d6ebec783e0cdb14e2db0bbfda5ef8571e842,2017-11,Warwickshire Police,Warwickshire Police,-1.472440,52.525032,On or near Abbey Street,E01031043,Nuneaton and Bedworth 005A,Other theft,Investigation complete; no suspect identified,
235aef88654c06ca5a8f319eab84088ff70e4e2ec9cba83f0bcb8d7b4e7ed736,2017-11,Warwickshire Police,Warwickshire Police,-1.466001,52.523691,On or near Further/Higher Educational Building,E01031043,Nuneaton and Bedworth 005A,Other theft,Investigation complete; no suspect identified,
c1c01b41b94d3c4777a556b9c590d88108ef502bbf97485e610d087443d3469e,2017-11,Warwickshire Police,Warwickshire Police,-1.468034,52.523718,On or near Shopping Area,E01031043,Nuneaton and Bedworth 005A,Other theft,Investigation complete; no suspect identified,
bf9102cded30b3539df6aaa51957e1d686d3121aa61afbf5a9f815b189d34548,2017-11,Warwickshire Police,Warwickshire Police,-1.470585,52.522399,On or near Supermarket,E01031043,Nuneaton and Bedworth 005A,Possession of weapons,Status update unavailable,
ff8c732c93492b23f2f3237c25739f1aa223d8bd732cc83049b46a4728caa071,2017-11,Warwickshire Police,Warwickshire Police,-1.474120,52.526298,On or near Upper Abbey Street,E01031043,Nuneaton and Bedworth 005A,Possession of weapons,Status update unavailable,
105bb6c454383d9f352a8bac3d6b434490b22ecc7e5c2d71d4efc068665cca0b,2017-11,Warwickshire Police,Warwickshire Police,-1.469018,52.526464,On or near Bus/Coach Station,E01031043,Nuneaton and Bedworth 005A,Possession of weapons,Status update unavailable,
dea02829e587db285863c092340c5e4be9477e5232c87030c0a4a3f084656501,2017-11,Warwickshire Police,Warwickshire Police,-1.462428,52.522955,On or near Police Station,E01031043,Nuneaton and Bedworth 005A,Public order,Defendant found not guilty,
546dd318dcdc9ff1d31d56ff77c89cec5ba58d530bf18f6c1c1968b3c9f071e0,2017-11,Warwickshire Police,Warwickshire Police,-1.466936,52.521888,On or near Parking Area,E01031043,Nuneaton and Bedworth 005A,Public order,Court result unavailable,
8de242249dbcd19a07f4e8dfe994e0d739933cd327c22b41b59e19ba91f0e4e0,2017-11,Warwickshire Police,Warwickshire Police,-1.462428,52.522955,On or near Police Station,E01031043,Nuneaton and Bedworth 005A,Public order,Court result unavailable,
38b36dece36b5f67e6ec731f21cb2a9d6c86d9755f8e7886efa5f7407c7998cd,2017-11,Warwickshire Police,Warwickshire Police,-1.467744,52.522134,On or near Coventry Street,E01031043,Nuneaton and Bedworth 005A,Public order,Status update unavailable,
60a37712e3b64c190869a75b32ec67f72663675de148c85ec94a28cda50732ad,2017-11,Warwickshire Police,Warwickshire Police,-1.463415,52.523041,On or near Police Station,E01031043,Nuneaton and Bedworth 005A,Public order,Offender given absolute discharge,
0b3e6779a4577a1fc5a9cb0d871a16d6fe76e110ce8fade22e02be249c2c9794,2017-11,Warwickshire Police,Warwickshire Police,-1.462428,52.522955,On or near Police Station,E01031043,Nuneaton and Bedworth 005A,Public order,Status update unavailable,
4b47bdd1748559dcc73507f7c83a4ec1bfa762b6ac10fce25af64165c18a6c6d,2017-11,Warwickshire Police,Warwickshire Police,-1.467744,52.522134,On or near Coventry Street,E01031043,Nuneaton and Bedworth 005A,Robbery,Status update unavailable,
3e000c6c012236d00efdaee54ccdc00fd4ae02464fc644a3154bbbc02caa5040,2017-11,Warwickshire Police,Warwickshire Police,-1.467744,52.522134,On or near Coventry Street,E01031043,Nuneaton and Bedworth 005A,Shoplifting,Investigation complete; no suspect identified,
c67c0f84345555f34879ab2651271550c88819ced28863c80baa661629f1eb15,2017-11,Warwickshire Police,Warwickshire Police,-1.464115,52.519969,On or near Supermarket,E01031043,Nuneaton and Bedworth 005A,Shoplifting,Local resolution,
0ccbf52a7709f492244103b37d0dc89f1fbb2ab0fe891566daad8f2f51ac6583,2017-11,Warwickshire Police,Warwickshire Police,-1.464115,52.519969,On or near Supermarket,E01031043,Nuneaton and Bedworth 005A,Shoplifting,Status update unavailable,
45e43608dcee6b04df65aeac6dd3d646e6d5f4b7f3370fc4e2f5925eb7f39b96,2017-11,Warwickshire Police,Warwickshire Police,-1.466001,52.523691,On or near Further/Higher Educational Building,E01031043,Nuneaton and Bedworth 005A,Shoplifting,Investigation complete; no suspect identified,
2bc988db82b87503966f7d87430d154aa6654a04fa93796dc45c30ba36043e65,2017-11,Warwickshire Police,Warwickshire Police,-1.466001,52.523691,On or near Further/Higher Educational Building,E01031043,Nuneaton and Bedworth 005A,Shoplifting,Investigation complete; no suspect identified,
25e62d2cee41ae913115ff46959ac400748bf6baea11502b9f740e96c641ba3c,2017-11,Warwickshire Police,Warwickshire Police,-1.467198,52.522168,On or near Mill Walk,E01031043,Nuneaton and Bedworth 005A,Shoplifting,Investigation complete; no suspect identified,
5069fec86ac897b07c09f6a29ddbddd1d4e8e8fa9d05ec113afc55ce05ab3dbd,2017-11,Warwickshire Police,Warwickshire Police,-1.467744,52.522134,On or near Coventry Street,E01031043,Nuneaton and Bedworth 005A,Shoplifting,Investigation complete; no suspect identified,
bbefee9166ba1813788df02c75a84510b620c9c8d0b966e3001e6ba9df45cebd,2017-11,Warwickshire Police,Warwickshire Police,-1.469043,52.525592,On or near Newtown Road,E01031043,Nuneaton and Bedworth 005A,Shoplifting,Status update unavailable,
9b8185466352ed8a24503627b18ac3f0844e68c10742028e6dfe739d81a83d92,2017-11,Warwickshire Police,Warwickshire Police,-1.471020,52.523030,On or near Supermarket,E01031043,Nuneaton and Bedworth 005A,Shoplifting,Formal action is not in the public interest,
b9e8605c7fae0854887be66d864eb58a19f5282bcdf309038eef7e824863f5d9,2017-11,Warwickshire Police,Warwickshire Police,-1.466001,52.523691,On or near Further/Higher Educational Building,E01031043,Nuneaton and Bedworth 005A,Shoplifting,Investigation complete; no suspect identified,
31eea6c029ed6f248d69db4943c4ab391a102c122c8883aeeeda059444418c4b,2017-11,Warwickshire Police,Warwickshire Police,-1.463411,52.524578,On or near Leicester Road,E01031043,Nuneaton and Bedworth 005A,Shoplifting,Investigation complete; no suspect identified,
6e3acd5a5ae0dad23716cf7100a166fdc8c329ae3b010b653984d8b2f7e04b04,2017-11,Warwickshire Police,Warwickshire Police,-1.469240,52.521476,On or near Shopping Area,E01031043,Nuneaton and Bedworth 005A,Shoplifting,Local resolution,
906f4e4c7f59d0ea36d1ca9547faa39b25811a67e3d17399cad2cb8ff761e9e5,2017-11,Warwickshire Police,Warwickshire Police,-1.467198,52.522168,On or near Mill Walk,E01031043,Nuneaton and Bedworth 005A,Shoplifting,Investigation complete; no suspect identified,
99ae40ed1e0c59a1976ccbb3fc1c3cd73c844524ce4bf3e1a039067b068f84e9,2017-11,Warwickshire Police,Warwickshire Police,-1.464115,52.519969,On or near Supermarket,E01031043,Nuneaton and Bedworth 005A,Shoplifting,Investigation complete; no suspect identified,
7afc47d5e2f75d44401d02c526fe7c22988334bedbf2b6d5ccea98b30788a270,2017-11,Warwickshire Police,Warwickshire Police,-1.469240,52.521476,On or near Shopping Area,E01031043,Nuneaton and Bedworth 005A,Shoplifting,Offender given suspended prison sentence,
6593a38ac4d49a115d7af5c7b098c0d9b7e2b8984f9750a1f04c94f363457bc7,2017-11,Warwickshire Police,Warwickshire Police,-1.466001,52.523691,On or near Further/Higher Educational Building,E01031043,Nuneaton and Bedworth 005A,Shoplifting,Investigation complete; no suspect identified,
ceeb3b6cf86e6c96e91af1ca17a2993971bac6950901deeb13918767b32067ec,2017-11,Warwickshire Police,Warwickshire Police,-1.466580,52.526948,On or near Supermarket,E01031043,Nuneaton and Bedworth 005A,Shoplifting,Investigation complete; no suspect identified,
ed020044020056bbf60fa9c7885b919bf214547e21e7e7d55b5b745a0055898c,2017-11,Warwickshire Police,Warwickshire Police,-1.467198,52.522168,On or near Mill Walk,E01031043,Nuneaton and Bedworth 005A,Shoplifting,Investigation complete; no suspect identified,
d0a3e2fa6225736a43d6b67c5f69f794eec5e7abb8ec7ddfb5bf445ab897e31c,2017-11,Warwickshire Police,Warwickshire Police,-1.467744,52.522134,On or near Coventry Street,E01031043,Nuneaton and Bedworth 005A,Shoplifting,Investigation complete; no suspect identified,
578f295ea1e4f9b4371d4af58e2fb0f6c96bdaaaf965203da0194eda70e95aff,2017-11,Warwickshire Police,Warwickshire Police,-1.463415,52.523041,On or near Police Station,E01031043,Nuneaton and Bedworth 005A,Shoplifting,Status update unavailable,
2194a2e13d66a87ce1a70b6f54fca35dd0e18455d547808590202282ae8131a4,2017-11,Warwickshire Police,Warwickshire Police,-1.466580,52.526948,On or near Supermarket,E01031043,Nuneaton and Bedworth 005A,Shoplifting,Investigation complete; no suspect identified,
3a1e97d1a9d7d2ad49c4c8f2ba29dbbc6ccb5b1a8794651ffca57e644c64e948,2017-11,Warwickshire Police,Warwickshire Police,-1.467198,52.522168,On or near Mill Walk,E01031043,Nuneaton and Bedworth 005A,Shoplifting,Unable to prosecute suspect,
285fee83c1a0eba9a92095be8a3357e15a67e4e142f1758b9c68ba3a5dba7230,2017-11,Warwickshire Police,Warwickshire Police,-1.462879,52.524665,On or near Regent Street,E01031043,Nuneaton and Bedworth 005A,Shoplifting,Investigation complete; no suspect identified,
0dcf0eb989d28e64dd356de3ea3ac926ba1543c6bb02bcbdfbf30f3297605a92,2017-11,Warwickshire Police,Warwickshire Police,-1.469240,52.521476,On or near Shopping Area,E01031043,Nuneaton and Bedworth 005A,Shoplifting,Offender given a caution,
a280849b3468f9dc9ab3956d411afd50f108dfeb65b4e29e99397f1dc067bad4,2017-11,Warwickshire Police,Warwickshire Police,-1.469043,52.525592,On or near Newtown Road,E01031043,Nuneaton and Bedworth 005A,Shoplifting,Court result unavailable,
2ca806067dc38c7a9f6a2fd4eaa122dd58f1aac4fd8fc6873d337436cbe227de,2017-11,Warwickshire Police,Warwickshire Police,-1.466001,52.523691,On or near Further/Higher Educational Building,E01031043,Nuneaton and Bedworth 005A,Shoplifting,Unable to prosecute suspect,
e69e63e81fb2b820ae0f948b2e4ae26f2b370b722ab9a7344a3e6da405f4cd4f,2017-11,Warwickshire Police,Warwickshire Police,-1.466001,52.523691,On or near Further/Higher Educational Building,E01031043,Nuneaton and Bedworth 005A,Shoplifting,Investigation complete; no suspect identified,
3ee4570b91143de54921dcf77b232db9c93d871a75fb3a23d2aaea29b7245a07,2017-11,Warwickshire Police,Warwickshire Police,-1.467744,52.522134,On or near Coventry Street,E01031043,Nuneaton and Bedworth 005A,Shoplifting,Investigation complete; no suspect identified,
649d2032fa932caa461428f6f9d8de3a992621c3b2e2dc3592299ca184b6fdc0,2017-11,Warwickshire Police,Warwickshire Police,-1.467198,52.522168,On or near Mill Walk,E01031043,Nuneaton and Bedworth 005A,Shoplifting,Formal action is not in the public interest,
0cac0240f44bcecec09bb81aff7f8699ce27e609882074597e5b092f79c29729,2017-11,Warwickshire Police,Warwickshire Police,-1.469240,52.521476,On or near Shopping Area,E01031043,Nuneaton and Bedworth 005A,Shoplifting,Investigation complete; no suspect identified,
2967d4d592c08c5221a2d66f6f5a519cb59803abcb19482531a3f841db77dc65,2017-11,Warwickshire Police,Warwickshire Police,-1.469240,52.521476,On or near Shopping Area,E01031043,Nuneaton and Bedworth 005A,Shoplifting,Status update unavailable,
e2ad018068ee89063115c34800509149cf29089f79a3f3ef2f5b15154f4db3d9,2017-11,Warwickshire Police,Warwickshire Police,-1.466580,52.526948,On or near Supermarket,E01031043,Nuneaton and Bedworth 005A,Shoplifting,Offender given penalty notice,
3d0ea2b1f3624d400507b8ed07d1672c5813986bb9ce23a8b82a7c1659f7ea60,2017-11,Warwickshire Police,Warwickshire Police,-1.466580,52.526948,On or near Supermarket,E01031043,Nuneaton and Bedworth 005A,Shoplifting,Formal action is not in the public interest,
6b88903ab8fc7a8a1e313c8b678dd00663a316fb6aa9b52eb6fccefc28691b2f,2017-11,Warwickshire Police,Warwickshire Police,-1.464115,52.519969,On or near Supermarket,E01031043,Nuneaton and Bedworth 005A,Shoplifting,Status update unavailable,
f7265ffe7641a849d34ef2db5dfd4e03476eeb6392a8fc344ca0f416e9ff27b0,2017-11,Warwickshire Police,Warwickshire Police,-1.467198,52.522168,On or near Mill Walk,E01031043,Nuneaton and Bedworth 005A,Shoplifting,Investigation complete; no suspect identified,
ea6c2364792c69504c96c37ee0248857599b50fa289f9db51c049c20055ea2b3,2017-11,Warwickshire Police,Warwickshire Police,-1.467744,52.522134,On or near Coventry Street,E01031043,Nuneaton and Bedworth 005A,Shoplifting,Status update unavailable,
b949c2ed1e89b410b7f3b5daaf5aa48364d78468e4dafa2a182fd1c4c7119169,2017-11,Warwickshire Police,Warwickshire Police,-1.463411,52.524578,On or near Leicester Road,E01031043,Nuneaton and Bedworth 005A,Shoplifting,Investigation complete; no suspect identified,
493814d917402b42f0c38b3e7110c1a8398936f68447783f4ec4da1c08c8ede9,2017-11,Warwickshire Police,Warwickshire Police,-1.468034,52.523718,On or near Shopping Area,E01031043,Nuneaton and Bedworth 005A,Shoplifting,Investigation complete; no suspect identified,
6c2f83d648d50d2723bbe5d15b328b9009bff667081ab8c170fdad3dae5092c3,2017-11,Warwickshire Police,Warwickshire Police,-1.466001,52.523691,On or near Further/Higher Educational Building,E01031043,Nuneaton and Bedworth 005A,Shoplifting,Investigation complete; no suspect identified,
88a15c88a58081415fe48042c7754b2958d8e130588812b84e7a291b158fac70,2017-11,Warwickshire Police,Warwickshire Police,-1.468034,52.523718,On or near Shopping Area,E01031043,Nuneaton and Bedworth 005A,Theft from the person,Investigation complete; no suspect identified,
ddb6490ae42842aebb90c0ef35cb0df645f6891b1f52c559639a10d631e120b0,2017-11,Warwickshire Police,Warwickshire Police,-1.470585,52.522399,On or near Supermarket,E01031043,Nuneaton and Bedworth 005A,Theft from the person,Investigation complete; no suspect identified,
88634f63c037e27a413fd64f186ba8870285a2561716f7fa472d34ae3e94408d,2017-11,Warwickshire Police,Warwickshire Police,-1.469106,52.524055,On or near Burgage Place,E01031043,Nuneaton and Bedworth 005A,Theft from the person,Investigation complete; no suspect identified,
a7f9f422c166845df6c1b6af6c52c7a5df752765422a56a7dfa68b946ddfa469,2017-11,Warwickshire Police,Warwickshire Police,-1.471020,52.523030,On or near Supermarket,E01031043,Nuneaton and Bedworth 005A,Theft from the person,Investigation complete; no suspect identified,
9cc6345dcda4068b232980a477ab36b486d401d30a72d9002e145e80d2aadd34,2017-11,Warwickshire Police,Warwickshire Police,-1.472440,52.525032,On or near Abbey Street,E01031043,Nuneaton and Bedworth 005A,Vehicle crime,Status update unavailable,
4443da1c88225e0f9c56fccd08d7d76c9010f3550d1b69203c0604b3f66e9b67,2017-11,Warwickshire Police,Warwickshire Police,-1.464788,52.522831,On or near Shopping Area,E01031043,Nuneaton and Bedworth 005A,Vehicle crime,Investigation complete; no suspect identified,
6554a37a0b4548b67ad0a46a8170b5d7f0f8bfb8f1a2621376a237503f5c9e6e,2017-11,Warwickshire Police,Warwickshire Police,-1.466936,52.521888,On or near Parking Area,E01031043,Nuneaton and Bedworth 005A,Vehicle crime,Investigation complete; no suspect identified,
a8a3e900b365f5a3ce12e738e645e523d2bda365eea6e39af6858feaf284f513,2017-11,Warwickshire Police,Warwickshire Police,-1.468034,52.523718,On or near Shopping Area,E01031043,Nuneaton and Bedworth 005A,Vehicle crime,Investigation complete; no suspect identified,
a075b276bb906b17a932a70bd72c6238c7ca417ee5b072cebb2184bb520fa808,2017-11,Warwickshire Police,Warwickshire Police,-1.462606,52.524107,On or near Orchard Street,E01031043,Nuneaton and Bedworth 005A,Vehicle crime,Investigation complete; no suspect identified,
25fc11d3710aea7e5634efa079c1ecbfd1eee015076d6c9c772405f8750f0695,2017-11,Warwickshire Police,Warwickshire Police,-1.473511,52.526664,On or near Friary Street,E01031043,Nuneaton and Bedworth 005A,Vehicle crime,Investigation complete; no suspect identified,
e0a341a9247ef43b3d3745e42c6f869be08f01e9c50a140ec1828d84554e44a3,2017-11,Warwickshire Police,Warwickshire Police,-1.473580,52.523428,On or near High Street,E01031043,Nuneaton and Bedworth 005A,Violence and sexual offences,Investigation complete; no suspect identified,
1411be3119ea2798c77550b3be9bbe8a713590ef334dc73ffced59948d212d8a,2017-11,Warwickshire Police,Warwickshire Police,-1.474828,52.527506,On or near Abbey Green,E01031043,Nuneaton and Bedworth 005A,Violence and sexual offences,Status update unavailable,
7ef6694005a5cc0d5efa820399c7184a52cfc696bfbb259eae75427911a6ce71,2017-11,Warwickshire Police,Warwickshire Police,-1.462428,52.522955,On or near Police Station,E01031043,Nuneaton and Bedworth 005A,Violence and sexual offences,Court result unavailable,
61ee9f795ba1fc9ba86702c4a7f1c7f3ffc9da2f6c743e3ee7489f7d14c94780,2017-11,Warwickshire Police,Warwickshire Police,-1.470585,52.522399,On or near Supermarket,E01031043,Nuneaton and Bedworth 005A,Violence and sexual offences,Status update unavailable,
fb131141316b6bf53600cf7735eda2957e0dcde01797da5cdfa5ef5fb6778597,2017-11,Warwickshire Police,Warwickshire Police,-1.467744,52.522134,On or near Coventry Street,E01031043,Nuneaton and Bedworth 005A,Violence and sexual offences,Status update unavailable,
c3b06568808ce3756a0ca82585ab07a31bb208264a092f746ddb650b199d34f0,2017-11,Warwickshire Police,Warwickshire Police,-1.473580,52.523428,On or near High Street,E01031043,Nuneaton and Bedworth 005A,Violence and sexual offences,Investigation complete; no suspect identified,
9ae6ee75cb5342ef0cd076625e8c0b574a2d0ab81bd617f0f45afe256afdf6b1,2017-11,Warwickshire Police,Warwickshire Police,-1.473580,52.523428,On or near High Street,E01031043,Nuneaton and Bedworth 005A,Violence and sexual offences,Investigation complete; no suspect identified,
24544c21d3fc30c3f26e39671000457bdabf3ac8a6110e28843fe7724b604942,2017-11,Warwickshire Police,Warwickshire Police,-1.473580,52.523428,On or near High Street,E01031043,Nuneaton and Bedworth 005A,Violence and sexual offences,Investigation complete; no suspect identified,
d09d76f7281cce110e8a80b406099acf7761948c54ced0d8e031bda276de8dae,2017-11,Warwickshire Police,Warwickshire Police,-1.469106,52.524055,On or near Burgage Place,E01031043,Nuneaton and Bedworth 005A,Violence and sexual offences,Investigation complete; no suspect identified,
5b219e98936dbf7dc20460c70c2aa94d7dd56471292328eefd2f38da58032dbf,2017-11,Warwickshire Police,Warwickshire Police,-1.468034,52.523718,On or near Shopping Area,E01031043,Nuneaton and Bedworth 005A,Violence and sexual offences,Status update unavailable,
d89ea4c273c60ed1f33c1477479d969c0b39e580ace70c9afbe31da945c360b5,2017-11,Warwickshire Police,Warwickshire Police,-1.467744,52.522134,On or near Coventry Street,E01031043,Nuneaton and Bedworth 005A,Violence and sexual offences,Status update unavailable,
1a32365b0faf3a1d20d5599e7ab986b52fdb03ab455455137dbedc02aaec5484,2017-11,Warwickshire Police,Warwickshire Police,-1.467744,52.522134,On or near Coventry Street,E01031043,Nuneaton and Bedworth 005A,Violence and sexual offences,Status update unavailable,
3912fbe150efd243295e8e3d1891f969d33e8102392203e84464e098884a4058,2017-11,Warwickshire Police,Warwickshire Police,-1.468034,52.523718,On or near Shopping Area,E01031043,Nuneaton and Bedworth 005A,Violence and sexual offences,Investigation complete; no suspect identified,
48132b160e9d887fe0d24ddcf62418d110fb6e11c6dff83cce14925f643122aa,2017-11,Warwickshire Police,Warwickshire Police,-1.470585,52.522399,On or near Supermarket,E01031043,Nuneaton and Bedworth 005A,Violence and sexual offences,Status update unavailable,
e31b622f9466888fe3ab8443f670c1bf9858e9ca8dc76b4cae0aef74ef56c0b3,2017-11,Warwickshire Police,Warwickshire Police,-1.466001,52.523691,On or near Further/Higher Educational Building,E01031043,Nuneaton and Bedworth 005A,Violence and sexual offences,Status update unavailable,
17523601bd7d858d66d83adcc3564bf71af631d213eecf1f5aef19ddce10721a,2017-11,Warwickshire Police,Warwickshire Police,-1.466001,52.523691,On or near Further/Higher Educational Building,E01031043,Nuneaton and Bedworth 005A,Violence and sexual offences,Unable to prosecute suspect,
76377394e940a18c926af7e8c529a8ad48545421f9efb7238c9b8c8c7a157aea,2017-11,Warwickshire Police,Warwickshire Police,-1.473580,52.523428,On or near High Street,E01031043,Nuneaton and Bedworth 005A,Violence and sexual offences,Status update unavailable,
7cf045fa539743d1a5da3dbce95f5a5d4c4a5cdd17040e0eb4edbf81f1a395d9,2017-11,Warwickshire Police,Warwickshire Police,-1.473511,52.526664,On or near Friary Street,E01031043,Nuneaton and Bedworth 005A,Violence and sexual offences,Formal action is not in the public interest,
66e89db3f35a8f98f2619b491e11ab4e14924f64440b50d134f182fa467aeef5,2017-11,Warwickshire Police,Warwickshire Police,-1.466001,52.523691,On or near Further/Higher Educational Building,E01031043,Nuneaton and Bedworth 005A,Violence and sexual offences,Status update unavailable,
63719a121d866cb21657d1d21fe8599ea3168b169a4bdbb63d8e5c85d8e4fccb,2017-11,Warwickshire Police,Warwickshire Police,-1.466001,52.523691,On or near Further/Higher Educational Building,E01031043,Nuneaton and Bedworth 005A,Violence and sexual offences,Unable to prosecute suspect,
790d7faad9fdb8186317f3effa97cd2069b620429e46d11a972d08fd02e3981f,2017-11,Warwickshire Police,Warwickshire Police,-1.471020,52.523030,On or near Supermarket,E01031043,Nuneaton and Bedworth 005A,Violence and sexual offences,Investigation complete; no suspect identified,
fc3f08f63f833f2d87b96a1aeaf8d358750da436545954270e251beb8e739492,2017-11,Warwickshire Police,Warwickshire Police,-1.470585,52.522399,On or near Supermarket,E01031043,Nuneaton and Bedworth 005A,Violence and sexual offences,Formal action is not in the public interest,
d0ac9072866e42d7b9129e3b9e2c53d7395be4a7a9d5262e6ec4ac401537d6f9,2017-11,Warwickshire Police,Warwickshire Police,-1.466263,52.523898,On or near Parking Area,E01031043,Nuneaton and Bedworth 005A,Violence and sexual offences,Offender given suspended prison sentence,
ab848062efc9d507c17e6298eeeb2c6e03c551306ddf15173952dd3b6594ba0e,2017-11,Warwickshire Police,Warwickshire Police,-1.466001,52.523691,On or near Further/Higher Educational Building,E01031043,Nuneaton and Bedworth 005A,Violence and sexual offences,Status update unavailable,
f03b0b21d738ebfa61e17bb52099b301bde7cbb3473a192aa298f9b83ee8ccb8,2017-11,Warwickshire Police,Warwickshire Police,-1.466001,52.523691,On or near Further/Higher Educational Building,E01031043,Nuneaton and Bedworth 005A,Violence and sexual offences,Offender given a caution,
9877248283fe649d1717341ba42ca58eaad3aec048f411e911f9d4b72f87d417,2017-11,Warwickshire Police,Warwickshire Police,-1.465092,52.524478,On or near Bond Street,E01031043,Nuneaton and Bedworth 005A,Violence and sexual offences,Offender given a caution,
e813193fc84ee21d327df90a3750de3779764f0ea83c0cf69a0cedd2b0e6236c,2017-11,Warwickshire Police,Warwickshire Police,-1.470585,52.522399,On or near Supermarket,E01031043,Nuneaton and Bedworth 005A,Violence and sexual offences,Status update unavailable,
3d81300e557e8ad3fff023de9e6d7f077f22d7650e1081668f3406b60b7bcde7,2017-11,Warwickshire Police,Warwickshire Police,-1.466001,52.523691,On or near Further/Higher Educational Building,E01031043,Nuneaton and Bedworth 005A,Violence and sexual offences,Court result unavailable,
a4d9c78376f47c74fd3d4898e4fca7a46f2285ebe5da05f487f1aadf23127d53,2017-11,Warwickshire Police,Warwickshire Police,-1.469043,52.525592,On or near Newtown Road,E01031043,Nuneaton and Bedworth 005A,Violence and sexual offences,Court result unavailable,
b16822c08e5eb81e4f9b96f3a4504a70fb2d329dc56514f4311602261a1eeda5,2017-11,Warwickshire Police,Warwickshire Police,-1.462428,52.522955,On or near Police Station,E01031043,Nuneaton and Bedworth 005A,Violence and sexual offences,Status update unavailable,
1154fe3a69a1219a04bcd9341982d70956fb088f4f775eb33d084bb0e94a8809,2017-11,Warwickshire Police,Warwickshire Police,-1.466580,52.526948,On or near Supermarket,E01031043,Nuneaton and Bedworth 005A,Violence and sexual offences,Status update unavailable,
369325f7c638cfb03e5f3af627e9ea6ea57c4374871a38675b47ec4453f166c1,2017-11,Warwickshire Police,Warwickshire Police,-1.466001,52.523691,On or near Further/Higher Educational Building,E01031043,Nuneaton and Bedworth 005A,Violence and sexual offences,Status update unavailable,
ede013be83552d11acc7bff1aeb101047581b09c4a7567a1af7fc3a5d0709ba0,2017-11,Warwickshire Police,Warwickshire Police,-1.474120,52.526298,On or near Upper Abbey Street,E01031043,Nuneaton and Bedworth 005A,Violence and sexual offences,Status update unavailable,
37dc3eed7abe99366b89a2f47bd38b70886c8772c7984cca9fffcf056d61a603,2017-11,Warwickshire Police,Warwickshire Police,-1.466001,52.523691,On or near Further/Higher Educational Building,E01031043,Nuneaton and Bedworth 005A,Violence and sexual offences,Unable to prosecute suspect,
9802dc2f5d9d69a6b8999f61a01661e0175a768846b93cbacde187f0c4d4501e,2017-11,Warwickshire Police,Warwickshire Police,-1.474120,52.526298,On or near Upper Abbey Street,E01031043,Nuneaton and Bedworth 005A,Violence and sexual offences,Status update unavailable,
03dbe73150cf174718de0dee2a8e2a0a47d645ee2355d5d0124e3a39c2f9b9d2,2017-11,Warwickshire Police,Warwickshire Police,-1.472440,52.525032,On or near Abbey Street,E01031043,Nuneaton and Bedworth 005A,Violence and sexual offences,Status update unavailable,
46d35a9a84a685ee0fcb942f1d8ed87682823702175912abeb3aedac03f5bb5d,2017-11,Warwickshire Police,Warwickshire Police,-1.465092,52.524478,On or near Bond Street,E01031043,Nuneaton and Bedworth 005A,Violence and sexual offences,Offender given a caution,
7fde6a7b33cf1e039ac70d31a12e75e14c357ac17845fa886370f15199caa013,2017-11,Warwickshire Police,Warwickshire Police,-1.473580,52.523428,On or near High Street,E01031043,Nuneaton and Bedworth 005A,Violence and sexual offences,Formal action is not in the public interest,
328e358c61dfe372c852cb2ef8d4c080ae18d4abccecfb059ca82059ea152d0e,2017-11,Warwickshire Police,Warwickshire Police,-1.470585,52.522399,On or near Supermarket,E01031043,Nuneaton and Bedworth 005A,Violence and sexual offences,Investigation complete; no suspect identified,
0c777fd40e474268af0d2f8503e4079fbb5ef46137ca8bff4a0d0732beb4ca79,2017-11,Warwickshire Police,Warwickshire Police,-1.474120,52.526298,On or near Upper Abbey Street,E01031043,Nuneaton and Bedworth 005A,Violence and sexual offences,Unable to prosecute suspect,
41518666713796f41adec895f47d0c29e56df9cf04c7399c4e60c7bfbd043293,2017-11,Warwickshire Police,Warwickshire Police,-1.462428,52.522955,On or near Police Station,E01031043,Nuneaton and Bedworth 005A,Violence and sexual offences,Offender fined,
adf9a71c2ac4e79c5dd69ba3aa5cbcc1ac3bc0da40041a70124c2c9c19c1ecfd,2017-11,Warwickshire Police,Warwickshire Police,-1.472440,52.525032,On or near Abbey Street,E01031043,Nuneaton and Bedworth 005A,Violence and sexual offences,Status update unavailable,
108ebea10e3a284d5f9d1c07cd9592bbabe7ccf91f865c38f0005506d923ce78,2017-11,Warwickshire Police,Warwickshire Police,-1.467744,52.522134,On or near Coventry Street,E01031043,Nuneaton and Bedworth 005A,Violence and sexual offences,Offender sent to prison,
d2050dd48413613200498a43dc1389a949f92cae53c0a19910b044ac6e09e6d6,2017-11,Warwickshire Police,Warwickshire Police,-1.466001,52.523691,On or near Further/Higher Educational Building,E01031043,Nuneaton and Bedworth 005A,Violence and sexual offences,Unable to prosecute suspect,
7df6a04c1f9a351eb12d092ed965a49738e5140f01bc52453970271783e0bf76,2017-11,Warwickshire Police,Warwickshire Police,-1.468034,52.523718,On or near Shopping Area,E01031043,Nuneaton and Bedworth 005A,Violence and sexual offences,Formal action is not in the public interest,
d65e067ae2ca8df395e015c22d6ee273c7c6f03b450efa1a654373cd3fed0772,2017-11,Warwickshire Police,Warwickshire Police,-1.467744,52.522134,On or near Coventry Street,E01031043,Nuneaton and Bedworth 005A,Violence and sexual offences,Status update unavailable,
29ccbc3d3e4cb759afd5fadaef3fdcacba4ade6186a04216eff8d13804cb2512,2017-11,Warwickshire Police,Warwickshire Police,-1.462606,52.524107,On or near Orchard Street,E01031043,Nuneaton and Bedworth 005A,Violence and sexual offences,Status update unavailable,
5fd49ff321eb6472fcffe610aba91d6f9a0b6f8da0ec30cebbc556ab48d23442,2017-11,Warwickshire Police,Warwickshire Police,-1.473580,52.523428,On or near High Street,E01031043,Nuneaton and Bedworth 005A,Violence and sexual offences,Investigation complete; no suspect identified,
e3c168a4176aff97b16a232cefb23d7dfda8c862a5d73deb7597b7973f0520e3,2017-11,Warwickshire Police,Warwickshire Police,-1.471020,52.523030,On or near Supermarket,E01031043,Nuneaton and Bedworth 005A,Violence and sexual offences,Status update unavailable,
7feb98232f4b25692e4cceaf83e1094428c34aba55a60bd4d02bbc743d9b3366,2017-11,Warwickshire Police,Warwickshire Police,-1.468034,52.523718,On or near Shopping Area,E01031043,Nuneaton and Bedworth 005A,Violence and sexual offences,Status update unavailable,
ba684492227fcf6638b9a1fcc3cda4d0b70a0a1fbf317f175ea22b5afd68ca19,2017-11,Warwickshire Police,Warwickshire Police,-1.473580,52.523428,On or near High Street,E01031043,Nuneaton and Bedworth 005A,Other crime,Unable to prosecute suspect,
,2017-11,Warwickshire Police,Warwickshire Police,-1.472292,52.528807,On or near St Mary'S Road,E01031044,Nuneaton and Bedworth 005B,Anti-social behaviour,,
,2017-11,Warwickshire Police,Warwickshire Police,-1.479823,52.527663,On or near Stanley Road,E01031044,Nuneaton and Bedworth 005B,Anti-social behaviour,,
,2017-11,Warwickshire Police,Warwickshire Police,-1.479823,52.527663,On or near Stanley Road,E01031044,Nuneaton and Bedworth 005B,Anti-social behaviour,,
,2017-11,Warwickshire Police,Warwickshire Police,-1.474265,52.528987,On or near Aston Road,E01031044,Nuneaton and Bedworth 005B,Anti-social behaviour,,
,2017-11,Warwickshire Police,Warwickshire Police,-1.479823,52.527663,On or near Stanley Road,E01031044,Nuneaton and Bedworth 005B,Anti-social behaviour,,
,2017-11,Warwickshire Police,Warwickshire Police,-1.474265,52.528987,On or near Aston Road,E01031044,Nuneaton and Bedworth 005B,Anti-social behaviour,,
,2017-11,Warwickshire Police,Warwickshire Police,-1.476530,52.528161,On or near Parking Area,E01031044,Nuneaton and Bedworth 005B,Anti-social behaviour,,
,2017-11,Warwickshire Police,Warwickshire Police,-1.474265,52.528987,On or near Aston Road,E01031044,Nuneaton and Bedworth 005B,Anti-social behaviour,,
,2017-11,Warwickshire Police,Warwickshire Police,-1.474265,52.528987,On or near Aston Road,E01031044,Nuneaton and Bedworth 005B,Anti-social behaviour,,
e5d9e04d0ff951eb7a2f426795814387fa97a8c1c07432ba3f779bce899d5199,2017-11,Warwickshire Police,Warwickshire Police,-1.475368,52.527994,On or near Parking Area,E01031044,Nuneaton and Bedworth 005B,Criminal damage and arson,Court case unable to proceed,
dac6d6d3c25b3524c23d137eca0b24fa93fd976423664b082e13560db17565fd,2017-11,Warwickshire Police,Warwickshire Police,-1.475368,52.527994,On or near Parking Area,E01031044,Nuneaton and Bedworth 005B,Criminal damage and arson,Court case unable to proceed,
11279d60050f8975e5228d7829858166754afb47a095a44107281dbd84c313ea,2017-11,Warwickshire Police,Warwickshire Police,-1.479823,52.527663,On or near Stanley Road,E01031044,Nuneaton and Bedworth 005B,Other theft,Investigation complete; no suspect identified,
d98cf70581836c9ab3cb4cf5998d5ac3ceeef00a66fcd8a3fa928c6be20ba868,2017-11,Warwickshire Police,Warwickshire Police,-1.472292,52.528807,On or near St Mary'S Road,E01031044,Nuneaton and Bedworth 005B,Other theft,Investigation complete; no suspect identified,
44c5b85e96d424f82276f479c618f9532c3eabc4428b51967d793aa21491d441,2017-11,Warwickshire Police,Warwickshire Police,-1.475368,52.527994,On or near Parking Area,E01031044,Nuneaton and Bedworth 005B,Public order,Status update unavailable,
cb1af46a71a40dd1a500657e5dd10623ef9ce07b675f058bf244553f543f3463,2017-11,Warwickshire Police,Warwickshire Police,-1.475368,52.527994,On or near Parking Area,E01031044,Nuneaton and Bedworth 005B,Violence and sexual offences,Unable to prosecute suspect,
717baf3f1358db2062991840ea75e19eef402e2e986be731f1662f38c2b40839,2017-11,Warwickshire Police,Warwickshire Police,-1.474265,52.528987,On or near Aston Road,E01031044,Nuneaton and Bedworth 005B,Violence and sexual offences,Unable to prosecute suspect,
cdfc5c676849726b01ceee66ec779ae7e9898246dcb76cf78d0e8212b2604028,2017-11,Warwickshire Police,Warwickshire Police,-1.474265,52.528987,On or near Aston Road,E01031044,Nuneaton and Bedworth 005B,Violence and sexual offences,Unable to prosecute suspect,
b8254f76caf825f2695e01148f7b0128ce0e9f970fad997c7fb7b00b1f02d9ed,2017-11,Warwickshire Police,Warwickshire Police,-1.475368,52.527994,On or near Parking Area,E01031044,Nuneaton and Bedworth 005B,Violence and sexual offences,Investigation complete; no suspect identified,
13d15250d1804f987497b57a23d1ed124c584904aea05c31de16fe4d50cf03a2,2017-11,Warwickshire Police,Warwickshire Police,-1.477466,52.527571,On or near Willington Street,E01031044,Nuneaton and Bedworth 005B,Violence and sexual offences,Status update unavailable,
85967233108dfd65dc2adc5c760a26f8d5bc5a76cd647504953f5569114e6e8a,2017-11,Warwickshire Police,Warwickshire Police,-1.472292,52.528807,On or near St Mary'S Road,E01031044,Nuneaton and Bedworth 005B,Violence and sexual offences,Status update unavailable,
3ecd3609c320d400cff8f0910c6bc2bfa2931fc46184eb134c7369d6df6beeb3,2017-11,Warwickshire Police,Warwickshire Police,-1.474265,52.528987,On or near Aston Road,E01031044,Nuneaton and Bedworth 005B,Violence and sexual offences,Unable to prosecute suspect,
,2017-11,Warwickshire Police,Warwickshire Police,-1.478858,52.520808,On or near Richmond Road,E01031045,Nuneaton and Bedworth 005C,Anti-social behaviour,,
,2017-11,Warwickshire Police,Warwickshire Police,-1.477535,52.526727,On or near Manor Court Avenue,E01031045,Nuneaton and Bedworth 005C,Anti-social behaviour,,
,2017-11,Warwickshire Police,Warwickshire Police,-1.484480,52.522748,On or near Sports/Recreation Area,E01031045,Nuneaton and Bedworth 005C,Anti-social behaviour,,
,2017-11,Warwickshire Police,Warwickshire Police,-1.483143,52.522364,On or near Croft Road,E01031045,Nuneaton and Bedworth 005C,Anti-social behaviour,,
,2017-11,Warwickshire Police,Warwickshire Police,-1.483143,52.522364,On or near Croft Road,E01031045,Nuneaton and Bedworth 005C,Anti-social behaviour,,
,2017-11,Warwickshire Police,Warwickshire Police,-1.477535,52.526727,On or near Manor Court Avenue,E01031045,Nuneaton and Bedworth 005C,Anti-social behaviour,,
9e41b3cf98b31b9b0ba89ed475b4c2f8452e095ae5f8a0e80ba02c11e505fd2f,2017-11,Warwickshire Police,Warwickshire Police,-1.482521,52.523899,On or near Countess Road,E01031045,Nuneaton and Bedworth 005C,Burglary,Status update unavailable,
bb7a5be88641d5170763ca7ea2fc893028478c2b6c8f42f487e9df4e2e778f1a,2017-11,Warwickshire Police,Warwickshire Police,-1.483143,52.522364,On or near Croft Road,E01031045,Nuneaton and Bedworth 005C,Burglary,Status update unavailable,
bc61e883854e82a12af72527852f5fd2ac76653935c9f18a681cef00676c7dc4,2017-11,Warwickshire Police,Warwickshire Police,-1.477535,52.526727,On or near Manor Court Avenue,E01031045,Nuneaton and Bedworth 005C,Criminal damage and arson,Investigation complete; no suspect identified,
b3a409fb4addd6a9b12166ad41883d27a56c0adf996472df68b00f161ec6210c,2017-11,Warwickshire Police,Warwickshire Police,-1.484480,52.522748,On or near Sports/Recreation Area,E01031045,Nuneaton and Bedworth 005C,Criminal damage and arson,Court result unavailable,
d723cc409f9edf1f90c06b156de84a97ec245182cb5062fd98f28adf6004bfa2,2017-11,Warwickshire Police,Warwickshire Police,-1.484480,52.522748,On or near Sports/Recreation Area,E01031045,Nuneaton and Bedworth 005C,Criminal damage and arson,Investigation complete; no suspect identified,
1c0ef3b6d18638efbde96d771b94c0db436c003505196f153e538cfdaefa0089,2017-11,Warwickshire Police,Warwickshire Police,-1.477535,52.526727,On or near Manor Court Avenue,E01031045,Nuneaton and Bedworth 005C,Criminal damage and arson,Investigation complete; no suspect identified,
1190a40497e9ea9ae2dea650b99af380cf55663b9b4f6bf4b99996b85e0092e7,2017-11,Warwickshire Police,Warwickshire Police,-1.483143,52.522364,On or near Croft Road,E01031045,Nuneaton and Bedworth 005C,Other theft,Unable to prosecute suspect,
dd21724d89a50057d49ca3722ff2a737e3f7ba35f82b49ac1408c70f2b62284e,2017-11,Warwickshire Police,Warwickshire Police,-1.480510,52.523135,On or near York Street,E01031045,Nuneaton and Bedworth 005C,Other theft,Status update unavailable,
52dcdce93d00a6f8e14f95a33c20cc983571c89d0e874c3e98eaae9e4195406f,2017-11,Warwickshire Police,Warwickshire Police,-1.477535,52.526727,On or near Manor Court Avenue,E01031045,Nuneaton and Bedworth 005C,Public order,Formal action is not in the public interest,
2b726768cec9c4b6c37aa23f2366b736b085f8aa414463ec13c75d5c08e3cf39,2017-11,Warwickshire Police,Warwickshire Police,-1.483143,52.522364,On or near Croft Road,E01031045,Nuneaton and Bedworth 005C,Public order,Status update unavailable,
4da021a9ce957bde00dc34ae663188c020d83b0a091062752d85c1a4a9dea9c1,2017-11,Warwickshire Police,Warwickshire Police,-1.483143,52.522364,On or near Croft Road,E01031045,Nuneaton and Bedworth 005C,Shoplifting,Investigation complete; no suspect identified,
f5ec81c1d71b8448510f3aac578f69d8ee4f887be07967168b5dcee19b247042,2017-11,Warwickshire Police,Warwickshire Police,-1.483143,52.522364,On or near Croft Road,E01031045,Nuneaton and Bedworth 005C,Shoplifting,Investigation complete; no suspect identified,
e7c51717d5e4be6678dff71e9a144849d1f7fcea8ff44d0ab8b2e45d2d9d4703,2017-11,Warwickshire Police,Warwickshire Police,-1.483143,52.522364,On or near Croft Road,E01031045,Nuneaton and Bedworth 005C,Shoplifting,Offender sent to prison,
ee1e5f1e3c526a786dbd0437cfb1fc1114e9f076ee65efc653306af634dbedfd,2017-11,Warwickshire Police,Warwickshire Police,-1.483143,52.522364,On or near Croft Road,E01031045,Nuneaton and Bedworth 005C,Shoplifting,Investigation complete; no suspect identified,
b0b71220679b59831e783ceab51ad13613855bee9abd3cbaf59a9f1c7ef4d2cc,2017-11,Warwickshire Police,Warwickshire Police,-1.483143,52.522364,On or near Croft Road,E01031045,Nuneaton and Bedworth 005C,Shoplifting,Investigation complete; no suspect identified,
69e82cfff4ab800dd1e2c52a36567ecd25c249f9b05a7693625f34f1d1dedc38,2017-11,Warwickshire Police,Warwickshire Police,-1.483143,52.522364,On or near Croft Road,E01031045,Nuneaton and Bedworth 005C,Shoplifting,Suspect charged as part of another case,
11e80c9da6025dcca9e0190cfd5982039f8f889092610b96ae3f39c0aa92f75f,2017-11,Warwickshire Police,Warwickshire Police,-1.483143,52.522364,On or near Croft Road,E01031045,Nuneaton and Bedworth 005C,Shoplifting,Investigation complete; no suspect identified,
87154dacc4bc5e8c4633485df41d9f2a5ec8997be1b9087736c7b3fbbed9514c,2017-11,Warwickshire Police,Warwickshire Police,-1.483143,52.522364,On or near Croft Road,E01031045,Nuneaton and Bedworth 005C,Shoplifting,Investigation complete; no suspect identified,
17cba58d993d0d4d8bc89abf4cb8a118f02cc6f9192a4663192fa3a06001585b,2017-11,Warwickshire Police,Warwickshire Police,-1.483143,52.522364,On or near Croft Road,E01031045,Nuneaton and Bedworth 005C,Shoplifting,Offender given community sentence,
55b3eebcb4565f179dc4b3914a823f449f97e06f95a22f518382f4b3691fb4ce,2017-11,Warwickshire Police,Warwickshire Police,-1.483143,52.522364,On or near Croft Road,E01031045,Nuneaton and Bedworth 005C,Shoplifting,Offender sent to prison,
e007232f6ca2796a71efc3f35e951754e8f53a3b7dc378040cb82b88ca065786,2017-11,Warwickshire Police,Warwickshire Police,-1.483143,52.522364,On or near Croft Road,E01031045,Nuneaton and Bedworth 005C,Shoplifting,Investigation complete; no suspect identified,
9fb9acf9f19a0e9321fa16215bc172bdf8dd8bb984d7c34025b66b9efa86a637,2017-11,Warwickshire Police,Warwickshire Police,-1.483143,52.522364,On or near Croft Road,E01031045,Nuneaton and Bedworth 005C,Shoplifting,Investigation complete; no suspect identified,
8413d1619579c11bdd33f8621cdddbca27eda90bb14d65bd7e1a141a1fa4db07,2017-11,Warwickshire Police,Warwickshire Police,-1.483143,52.522364,On or near Croft Road,E01031045,Nuneaton and Bedworth 005C,Shoplifting,Investigation complete; no suspect identified,
848bd27f896d66cc6327b06eca6dc7c3bd382ca0d469b078be253fdde7b61b7a,2017-11,Warwickshire Police,Warwickshire Police,-1.483143,52.522364,On or near Croft Road,E01031045,Nuneaton and Bedworth 005C,Shoplifting,Offender sent to prison,
effb5049e65d9790f06230351c93f5f7eb187e1c5b0f958e09b2f9f838c7e79d,2017-11,Warwickshire Police,Warwickshire Police,-1.483143,52.522364,On or near Croft Road,E01031045,Nuneaton and Bedworth 005C,Shoplifting,Investigation complete; no suspect identified,
f168c0acf535996bb6a91e286a0420ff968925a0c0d5d717da5d0c4c99674c17,2017-11,Warwickshire Police,Warwickshire Police,-1.483143,52.522364,On or near Croft Road,E01031045,Nuneaton and Bedworth 005C,Shoplifting,Suspect charged as part of another case,
a66244ff584e9d8c3e382a1f2540831de72ac64943027db13c72bcbd4a922ea7,2017-11,Warwickshire Police,Warwickshire Police,-1.482521,52.523899,On or near Countess Road,E01031045,Nuneaton and Bedworth 005C,Theft from the person,Status update unavailable,
b94f58209bf4528dc79062b4cd7cf6c06d01bfb43a42cee80872db0bc9d977c6,2017-11,Warwickshire Police,Warwickshire Police,-1.480510,52.523135,On or near York Street,E01031045,Nuneaton and Bedworth 005C,Violence and sexual offences,Investigation complete; no suspect identified,
8749f8d0e60e3551572ab84182599022c48d5a71749cc8b7bf34cf053bd66ab5,2017-11,Warwickshire Police,Warwickshire Police,-1.484480,52.522748,On or near Sports/Recreation Area,E01031045,Nuneaton and Bedworth 005C,Violence and sexual offences,Status update unavailable,
21e37b19d2d4731d10e803ea5758d74abf47f8b62a97be1ecf73e3691361f8c8,2017-11,Warwickshire Police,Warwickshire Police,-1.481152,52.519964,On or near Sports/Recreation Area,E01031045,Nuneaton and Bedworth 005C,Violence and sexual offences,Status update unavailable,
bc7d6749088e43a9e158a4b578f67e408b18c2f7909bae81b691444d34cb3986,2017-11,Warwickshire Police,Warwickshire Police,-1.483143,52.522364,On or near Croft Road,E01031045,Nuneaton and Bedworth 005C,Violence and sexual offences,Offender sent to prison,
,2017-11,Warwickshire Police,Warwickshire Police,-1.473824,52.522683,On or near Pool Bank Street,E01031046,Nuneaton and Bedworth 005D,Anti-social behaviour,,
,2017-11,Warwickshire Police,Warwickshire Police,-1.474531,52.525203,On or near Meadow Street,E01031046,Nuneaton and Bedworth 005D,Anti-social behaviour,,
,2017-11,Warwickshire Police,Warwickshire Police,-1.476006,52.522629,On or near Mount Street Passage,E01031046,Nuneaton and Bedworth 005D,Anti-social behaviour,,
afc29f7daae54982a5eb622a78fa97f45aba2bb9b7bf67ad232294ffe14816a9,2017-11,Warwickshire Police,Warwickshire Police,-1.468932,52.521357,On or near Shopping Area,E01031046,Nuneaton and Bedworth 005D,Bicycle theft,Investigation complete; no suspect identified,
6ff030ecac90a9046942093ae533ebc806f490d49efe7c0ffb3cf79967591927,2017-11,Warwickshire Police,Warwickshire Police,-1.470342,52.521813,On or near Dugdale Street,E01031046,Nuneaton and Bedworth 005D,Criminal damage and arson,Investigation complete; no suspect identified,
a92ae15b1f287ab100bb3169d2d45a5b892a00beed14a5e4d5fcbbaad298f067,2017-11,Warwickshire Police,Warwickshire Police,-1.474531,52.525203,On or near Meadow Street,E01031046,Nuneaton and Bedworth 005D,Drugs,Status update unavailable,
6e49f11ba0e4255185a55428abbd9250174597ae992d2be2ab6c88a7458f9253,2017-11,Warwickshire Police,Warwickshire Police,-1.468932,52.521357,On or near Shopping Area,E01031046,Nuneaton and Bedworth 005D,Public order,Status update unavailable,
3dec0918f0da096253a3e3919022c8d10197902773d897fa2322524c632ba017,2017-11,Warwickshire Police,Warwickshire Police,-1.473824,52.522683,On or near Pool Bank Street,E01031046,Nuneaton and Bedworth 005D,Robbery,Unable to prosecute suspect,
d13d4249d160867cbda8570818e86e8b6c286bb5f01871a7ba825bc1abcfaf0e,2017-11,Warwickshire Police,Warwickshire Police,-1.473824,52.522683,On or near Pool Bank Street,E01031046,Nuneaton and Bedworth 005D,Shoplifting,Investigation complete; no suspect identified,
49d3aaee29421e9d3a0e71c9b315a6bd5f0f02dbd3837ddbd544ab12617dc762,2017-11,Warwickshire Police,Warwickshire Police,-1.472207,52.522370,On or near Roanne Ringway,E01031046,Nuneaton and Bedworth 005D,Vehicle crime,Investigation complete; no suspect identified,
dd45e997c19553edb1481c9954edb343a8cbacff33b34c24bd7ccc14645e2bd7,2017-11,Warwickshire Police,Warwickshire Police,-1.476069,52.524787,On or near Sports/Recreation Area,E01031046,Nuneaton and Bedworth 005D,Vehicle crime,Investigation complete; no suspect identified,
0633550d1a94a550f7b2ab0f5cc520532299e50607262a93c13d8a83408f02fa,2017-11,Warwickshire Police,Warwickshire Police,-1.475848,52.525991,On or near Bottrill Street,E01031046,Nuneaton and Bedworth 005D,Violence and sexual offences,Status update unavailable,
2db7473af345eb8c83975a32ca8b051cf8f662ae174b4f4db6985637a9feaca8,2017-11,Warwickshire Police,Warwickshire Police,-1.468932,52.521357,On or near Shopping Area,E01031046,Nuneaton and Bedworth 005D,Violence and sexual offences,Unable to prosecute suspect,
69b980aa25fe235c17ea058d671a0328a5305a9302c94e94015a4f1d64737601,2017-11,Warwickshire Police,Warwickshire Police,-1.475848,52.525991,On or near Bottrill Street,E01031046,Nuneaton and Bedworth 005D,Violence and sexual offences,Status update unavailable,
14cb684b08c5ea0ca6635d66e8622496337fdd7343727573e4981c18b81fbf59,2017-11,Warwickshire Police,Warwickshire Police,-1.473824,52.522683,On or near Pool Bank Street,E01031046,Nuneaton and Bedworth 005D,Violence and sexual offences,Status update unavailable,
d44fc81b772b75a9e10478049c80d1ea8d38a6e67353e1e15ee186f7b0809754,2017-11,Warwickshire Police,Warwickshire Police,-1.468932,52.521357,On or near Shopping Area,E01031046,Nuneaton and Bedworth 005D,Violence and sexual offences,Formal action is not in the public interest,
9ee2744c2bcb443fda369d1ea87a09e58abc677ee7b8c5cd0f7f57431fdf51db,2017-11,Warwickshire Police,Warwickshire Police,-1.478849,52.524017,On or near Clarence Street,E01031046,Nuneaton and Bedworth 005D,Violence and sexual offences,Unable to prosecute suspect,
62f1d47e645f0275e8ad22a423f70f8c6eb1a670528e5b6cdd9ac640803fc4a9,2017-11,Warwickshire Police,Warwickshire Police,-1.472173,52.521480,On or near Alexandra Street,E01031046,Nuneaton and Bedworth 005D,Violence and sexual offences,Status update unavailable,
9bb6c24f16fa537e25e3ff25a63904f13284585873066c1bae719c060d720a5b,2017-11,Warwickshire Police,Warwickshire Police,-1.475848,52.525991,On or near Bottrill Street,E01031046,Nuneaton and Bedworth 005D,Violence and sexual offences,Status update unavailable,
440d6e50ace2666aff6d68299d805d916c5fc1f1d5979170813579d24b766450,2017-11,Warwickshire Police,Warwickshire Police,-1.475848,52.525991,On or near Bottrill Street,E01031046,Nuneaton and Bedworth 005D,Violence and sexual offences,Status update unavailable,
e2a5bcbead4abf510b1e1976411cd5fc7737ff33f2889a7c4adfc869de3d76ee,2017-11,Warwickshire Police,Warwickshire Police,-1.475848,52.525991,On or near Bottrill Street,E01031046,Nuneaton and Bedworth 005D,Violence and sexual offences,Status update unavailable,
,2017-11,Warwickshire Police,Warwickshire Police,-1.479671,52.521819,On or near Bentley Road,E01031047,Nuneaton and Bedworth 005E,Anti-social behaviour,,
,2017-11,Warwickshire Police,Warwickshire Police,-1.481179,52.521439,On or near Merevale Avenue,E01031047,Nuneaton and Bedworth 005E,Anti-social behaviour,,
,2017-11,Warwickshire Police,Warwickshire Police,-1.481179,52.521439,On or near Merevale Avenue,E01031047,Nuneaton and Bedworth 005E,Anti-social behaviour,,
179ad2aedf54cdd7e6b45608de3ff55908e0ef7ca5c97b893f5d14704ba957ac,2017-11,Warwickshire Police,Warwickshire Police,-1.479671,52.521819,On or near Bentley Road,E01031047,Nuneaton and Bedworth 005E,Burglary,Investigation complete; no suspect identified,
40032f01c3927b0bd19043ae85bbfaf95624e0f21231224541016961542c36f7,2017-11,Warwickshire Police,Warwickshire Police,-1.474998,52.520629,On or near Bracebridge Street,E01031047,Nuneaton and Bedworth 005E,Burglary,Investigation complete; no suspect identified,
53b3753b7825c5d8ccb609ca7e7c8708133e873d78df107fbb51919d9203a8c2,2017-11,Warwickshire Police,Warwickshire Police,-1.477338,52.522222,On or near Queen'S Road,E01031047,Nuneaton and Bedworth 005E,Other theft,Unable to prosecute suspect,
db2319c2a5e26dd57f643a36d0c6c12ae58f9c3202e31fe9d9db533064c486eb,2017-11,Warwickshire Police,Warwickshire Police,-1.473935,52.520831,On or near Norman Avenue,E01031047,Nuneaton and Bedworth 005E,Vehicle crime,Investigation complete; no suspect identified,
d17237c432e71bc399a7f3552f9ed38f350e09a5319b2bb0c955b2dc5065bf7d,2017-11,Warwickshire Police,Warwickshire Police,-1.481179,52.521439,On or near Merevale Avenue,E01031047,Nuneaton and Bedworth 005E,Vehicle crime,Status update unavailable,
ad1bd1ec8d84fa47a6c2d23eb6fa71dec27a4d8f14a4a080d111bf0d044591d6,2017-11,Warwickshire Police,Warwickshire Police,-1.476101,52.519627,On or near Gillet Close,E01031047,Nuneaton and Bedworth 005E,Violence and sexual offences,Unable to prosecute suspect,
65c7c26995892ff16b4e14b91ce570b93e4432380b14601601f50603520c8b00,2017-11,Warwickshire Police,Warwickshire Police,-1.481179,52.521439,On or near Merevale Avenue,E01031047,Nuneaton and Bedworth 005E,Violence and sexual offences,Unable to prosecute suspect,
d8c665d921877f702f0b9b578b6c0218ad03f6b5f2bc741c06fc4398e9908b71,2017-11,Warwickshire Police,Warwickshire Police,-1.481179,52.521439,On or near Merevale Avenue,E01031047,Nuneaton and Bedworth 005E,Violence and sexual offences,Unable to prosecute suspect,
,2017-11,Warwickshire Police,Warwickshire Police,-1.491443,52.523470,On or near Vernons Lane,E01031057,Nuneaton and Bedworth 006A,Anti-social behaviour,,
,2017-11,Warwickshire Police,Warwickshire Police,-1.491443,52.523470,On or near Vernons Lane,E01031057,Nuneaton and Bedworth 006A,Anti-social behaviour,,
,2017-11,Warwickshire Police,Warwickshire Police,-1.495359,52.523792,On or near Black-A-Tree Road,E01031057,Nuneaton and Bedworth 006A,Anti-social behaviour,,
,2017-11,Warwickshire Police,Warwickshire Police,-1.495359,52.523792,On or near Black-A-Tree Road,E01031057,Nuneaton and Bedworth 006A,Anti-social behaviour,,
,2017-11,Warwickshire Police,Warwickshire Police,-1.492459,52.523510,On or near The Circle,E01031057,Nuneaton and Bedworth 006A,Anti-social behaviour,,
,2017-11,Warwickshire Police,Warwickshire Police,-1.491443,52.523470,On or near Vernons Lane,E01031057,Nuneaton and Bedworth 006A,Anti-social behaviour,,
,2017-11,Warwickshire Police,Warwickshire Police,-1.493970,52.526708,On or near Maple Road,E01031057,Nuneaton and Bedworth 006A,Anti-social behaviour,,
,2017-11,Warwickshire Police,Warwickshire Police,-1.495247,52.525842,On or near Acacia Road,E01031057,Nuneaton and Bedworth 006A,Anti-social behaviour,,
,2017-11,Warwickshire Police,Warwickshire Police,-1.490472,52.527089,On or near Pool Road,E01031057,Nuneaton and Bedworth 006A,Anti-social behaviour,,
c144ec9515e1ec0541278327688461ab01bc6031340d04db03ea029ff5bb42a6,2017-11,Warwickshire Police,Warwickshire Police,-1.495359,52.523792,On or near Black-A-Tree Road,E01031057,Nuneaton and Bedworth 006A,Burglary,Offender sent to prison,
395825756de2fa02dc02acfc15e5ae29aa44c459b1518ddf5304cca4be9989fc,2017-11,Warwickshire Police,Warwickshire Police,-1.493970,52.526708,On or near Maple Road,E01031057,Nuneaton and Bedworth 006A,Burglary,Offender sent to prison,
9ed6ad6802fa85e909137e76b4fd6bc5cafcb1fe4379ca83af0f60a679182ae0,2017-11,Warwickshire Police,Warwickshire Police,-1.491443,52.523470,On or near Vernons Lane,E01031057,Nuneaton and Bedworth 006A,Burglary,Investigation complete; no suspect identified,
b3f43d07b96f2361ae1677b1ce63de8e06d003b0a3ed3aa09405b181aacbd25d,2017-11,Warwickshire Police,Warwickshire Police,-1.490472,52.527089,On or near Pool Road,E01031057,Nuneaton and Bedworth 006A,Burglary,Status update unavailable,
77324f4c37e06136fff1b44acb1f6d031ca53b880241cb3a71d5e8335499bffd,2017-11,Warwickshire Police,Warwickshire Police,-1.492459,52.523510,On or near The Circle,E01031057,Nuneaton and Bedworth 006A,Criminal damage and arson,Status update unavailable,
f54a473a48434cf8b5069a2ae910312aa7b48b90307b5d3d9ebb9db02823f6c0,2017-11,Warwickshire Police,Warwickshire Police,-1.493970,52.526708,On or near Maple Road,E01031057,Nuneaton and Bedworth 006A,Other theft,Investigation complete; no suspect identified,
5309723c240a16ddc5d48c429566863b63307ef87d461e73d699f73d3652f516,2017-11,Warwickshire Police,Warwickshire Police,-1.491443,52.523470,On or near Vernons Lane,E01031057,Nuneaton and Bedworth 006A,Robbery,Unable to prosecute suspect,
ce6673cc8740b541bbeb610dec6c57d3d144ba434d894cf32b24c49db56898e8,2017-11,Warwickshire Police,Warwickshire Police,-1.493586,52.524243,On or near Tryan Road,E01031057,Nuneaton and Bedworth 006A,Vehicle crime,Status update unavailable,
2a4ac0242303baacda0bfbba7437a133126b83a33f151207b3410679f225f585,2017-11,Warwickshire Police,Warwickshire Police,-1.492459,52.523510,On or near The Circle,E01031057,Nuneaton and Bedworth 006A,Vehicle crime,Investigation complete; no suspect identified,
5634ff53d9b82a7c9e2fe307372778abaa18084286cc4ad1e57ca05390c0c76b,2017-11,Warwickshire Police,Warwickshire Police,-1.493970,52.526708,On or near Maple Road,E01031057,Nuneaton and Bedworth 006A,Vehicle crime,Investigation complete; no suspect identified,
5a418dfb148e186e91ab4579b86d1615a383bc072a2dc1ea3a78bd8d5ac2c39e,2017-11,Warwickshire Police,Warwickshire Police,-1.493586,52.524243,On or near Tryan Road,E01031057,Nuneaton and Bedworth 006A,Violence and sexual offences,Unable to prosecute suspect,
7894dff03c89ee27853ec76ba0b216c052a66bfe205b000fe69dd9c793196e2f,2017-11,Warwickshire Police,Warwickshire Police,-1.495359,52.523792,On or near Black-A-Tree Road,E01031057,Nuneaton and Bedworth 006A,Violence and sexual offences,Court result unavailable,
0bb18c73412cd3be9a395dd59af7b92936a64d2e7a05ffa85f30598e08e7654b,2017-11,Warwickshire Police,Warwickshire Police,-1.495359,52.523792,On or near Black-A-Tree Road,E01031057,Nuneaton and Bedworth 006A,Violence and sexual offences,Offender sent to prison,
8e9ca3931d0c8e45867a890bbe8a35cb18945a9751a77dce08cf624b497c6d60,2017-11,Warwickshire Police,Warwickshire Police,-1.495359,52.523792,On or near Black-A-Tree Road,E01031057,Nuneaton and Bedworth 006A,Violence and sexual offences,Offender sent to prison,
4a24511a944ec8f2ea8d926ba64a80dad0f56c914c2d7a12ae087375c2005e2f,2017-11,Warwickshire Police,Warwickshire Police,-1.493703,52.528136,On or near Willow Road,E01031057,Nuneaton and Bedworth 006A,Violence and sexual offences,Status update unavailable,
64d7bb69c35337600309ffb26e456c363cca15e36c7582f69278045ab3c25b98,2017-11,Warwickshire Police,Warwickshire Police,-1.491443,52.523470,On or near Vernons Lane,E01031057,Nuneaton and Bedworth 006A,Violence and sexual offences,Status update unavailable,
3a130526e93f05b58fac04200388cf1e5056876b41c4ce315c269bd8c3f07178,2017-11,Warwickshire Police,Warwickshire Police,-1.491443,52.523470,On or near Vernons Lane,E01031057,Nuneaton and Bedworth 006A,Violence and sexual offences,Status update unavailable,
a825a031cbf4138c9930e788c07d933074b46d302b0289b18a31d4e6f1587db2,2017-11,Warwickshire Police,Warwickshire Police,-1.495359,52.523792,On or near Black-A-Tree Road,E01031057,Nuneaton and Bedworth 006A,Violence and sexual offences,Offender sent to prison,
cd7064ae5eb70557dd88561b5243676c25be6e4fb58019d4b9a8ddd452855520,2017-11,Warwickshire Police,Warwickshire Police,-1.495359,52.523792,On or near Black-A-Tree Road,E01031057,Nuneaton and Bedworth 006A,Violence and sexual offences,Offender sent to prison,
1da05af9656055adb134b6e4a1c328b9b0a2d2ac09b3f49635f3e0c09c54ea61,2017-11,Warwickshire Police,Warwickshire Police,-1.491443,52.523470,On or near Vernons Lane,E01031057,Nuneaton and Bedworth 006A,Violence and sexual offences,Status update unavailable,
2e7550fa1354e8897e4c7c60827d9544a3c526ca1f5aca3a7120f1c26c2efc35,2017-11,Warwickshire Police,Warwickshire Police,-1.492459,52.523510,On or near The Circle,E01031057,Nuneaton and Bedworth 006A,Violence and sexual offences,Formal action is not in the public interest,
,2017-11,Warwickshire Police,Warwickshire Police,-1.500059,52.521403,On or near Haunchwood Road,E01031058,Nuneaton and Bedworth 006B,Anti-social behaviour,,
,2017-11,Warwickshire Police,Warwickshire Police,-1.500059,52.521403,On or near Haunchwood Road,E01031058,Nuneaton and Bedworth 006B,Anti-social behaviour,,
,2017-11,Warwickshire Police,Warwickshire Police,-1.500059,52.521403,On or near Haunchwood Road,E01031058,Nuneaton and Bedworth 006B,Anti-social behaviour,,
,2017-11,Warwickshire Police,Warwickshire Police,-1.498340,52.523517,On or near Vale View,E01031058,Nuneaton and Bedworth 006B,Anti-social behaviour,,
,2017-11,Warwickshire Police,Warwickshire Police,-1.498340,52.523517,On or near Vale View,E01031058,Nuneaton and Bedworth 006B,Anti-social behaviour,,
a465659c005b21607d0ed691c5d920ce0c3f39991ea0cbe1fa9e78004c9c99fa,2017-11,Warwickshire Police,Warwickshire Police,-1.498234,52.522447,On or near Culpepper Close,E01031058,Nuneaton and Bedworth 006B,Burglary,Offender sent to prison,
f5f49279c96f56f2241c7f4751ac454e98da13e6952147f0af2d24bc687a79c2,2017-11,Warwickshire Police,Warwickshire Police,-1.496602,52.522143,On or near Ford Street,E01031058,Nuneaton and Bedworth 006B,Criminal damage and arson,Investigation complete; no suspect identified,
e9d740e45895f3513fef404524ecd7232df0862be6c42700e3d07ac21cc2cbde,2017-11,Warwickshire Police,Warwickshire Police,-1.502207,52.521673,On or near Freeman Close,E01031058,Nuneaton and Bedworth 006B,Criminal damage and arson,Defendant found not guilty,
8af00912c91d17723c41e26d874dff131f52c63fa23f8686301a39886e32db6f,2017-11,Warwickshire Police,Warwickshire Police,-1.498412,52.521036,On or near Petrol Station,E01031058,Nuneaton and Bedworth 006B,Shoplifting,Suspect charged as part of another case,
816610a39272ddd729a8eb37f17bb8c2582d4e9a098990d05e8724b5a381fc5c,2017-11,Warwickshire Police,Warwickshire Police,-1.502207,52.521673,On or near Freeman Close,E01031058,Nuneaton and Bedworth 006B,Shoplifting,Investigation complete; no suspect identified,
4aa6c611df5f9764c1d0556c80b5b2aa361c6374e381152b6602edfa8ab539b0,2017-11,Warwickshire Police,Warwickshire Police,-1.498412,52.521036,On or near Petrol Station,E01031058,Nuneaton and Bedworth 006B,Shoplifting,Investigation complete; no suspect identified,
8270787f379851ccf8e5d247d060b5b6b0fabdefa8a9b3818fff5669c23a0a2b,2017-11,Warwickshire Police,Warwickshire Police,-1.496602,52.522143,On or near Ford Street,E01031058,Nuneaton and Bedworth 006B,Vehicle crime,Investigation complete; no suspect identified,
ad4db1166690dcd4d95a83b6f2b1b386bfc8e63e92ceb10188180602b0ed3bff,2017-11,Warwickshire Police,Warwickshire Police,-1.498340,52.523517,On or near Vale View,E01031058,Nuneaton and Bedworth 006B,Violence and sexual offences,Investigation complete; no suspect identified,
ee226591a9c2a903f57f29e7461fb5eba12d38c47d4bd0aee96cb24ec1da33ce,2017-11,Warwickshire Police,Warwickshire Police,-1.498340,52.523517,On or near Vale View,E01031058,Nuneaton and Bedworth 006B,Violence and sexual offences,Status update unavailable,
9982dec4edd205c1e9c726dc4014e6dd5e19082ff77698c0d2253eeef8d32a13,2017-11,Warwickshire Police,Warwickshire Police,-1.495242,52.521158,On or near Somerset Drive,E01031058,Nuneaton and Bedworth 006B,Violence and sexual offences,Unable to prosecute suspect,
52cd2d99a7931357fbea7b020eb06548584355f3310e8e30efb1052ddec194f9,2017-11,Warwickshire Police,Warwickshire Police,-1.502207,52.521673,On or near Freeman Close,E01031058,Nuneaton and Bedworth 006B,Violence and sexual offences,Status update unavailable,
8009458be4feeb3e08a2d8ad86d07bb3d2106edb893c0e54283bd26076dbd123,2017-11,Warwickshire Police,Warwickshire Police,-1.496602,52.522143,On or near Ford Street,E01031058,Nuneaton and Bedworth 006B,Violence and sexual offences,Status update unavailable,
91b103e8bc23ffdf75b8f68a1ecdd0c1f59f1661e1c89295a520d9c2a4a99030,2017-11,Warwickshire Police,Warwickshire Police,-1.496602,52.522143,On or near Ford Street,E01031058,Nuneaton and Bedworth 006B,Violence and sexual offences,Status update unavailable,
5e43baef3a2de91d2a7eca48ab14a0d6e976eb6c2fb07d6b791d1e9903038857,2017-11,Warwickshire Police,Warwickshire Police,-1.496602,52.522143,On or near Ford Street,E01031058,Nuneaton and Bedworth 006B,Violence and sexual offences,Status update unavailable,
97879a2076ff29af279ee59e8f344628aa3847ff2b064c2cb3b20efe6be71566,2017-11,Warwickshire Police,Warwickshire Police,-1.498340,52.523517,On or near Vale View,E01031058,Nuneaton and Bedworth 006B,Violence and sexual offences,Formal action is not in the public interest,
9df8a7effaddb7f5f0742d5b0a3c9c402ce3de4e97e987fc755f59c671184d92,2017-11,Warwickshire Police,Warwickshire Police,-1.496602,52.522143,On or near Ford Street,E01031058,Nuneaton and Bedworth 006B,Violence and sexual offences,Offender sent to prison,
,2017-11,Warwickshire Police,Warwickshire Police,-1.483070,52.517266,On or near Sports/Recreation Area,E01031059,Nuneaton and Bedworth 006C,Anti-social behaviour,,
,2017-11,Warwickshire Police,Warwickshire Police,-1.486830,52.519638,On or near North Street,E01031059,Nuneaton and Bedworth 006C,Anti-social behaviour,,
,2017-11,Warwickshire Police,Warwickshire Police,-1.483070,52.517266,On or near Sports/Recreation Area,E01031059,Nuneaton and Bedworth 006C,Anti-social behaviour,,
,2017-11,Warwickshire Police,Warwickshire Police,-1.483070,52.517266,On or near Sports/Recreation Area,E01031059,Nuneaton and Bedworth 006C,Anti-social behaviour,,
,2017-11,Warwickshire Police,Warwickshire Police,-1.483070,52.517266,On or near Sports/Recreation Area,E01031059,Nuneaton and Bedworth 006C,Anti-social behaviour,,
74cccb339562596eb5607ed70e8f35af48337520f308d7d9a5165e48cb5abe24,2017-11,Warwickshire Police,Warwickshire Police,-1.486830,52.519638,On or near North Street,E01031059,Nuneaton and Bedworth 006C,Burglary,Status update unavailable,
39bab5ec4bfb92a2d5f6c4b9dc9a293fa1ef2330f97c7c1d53d6883430364233,2017-11,Warwickshire Police,Warwickshire Police,-1.483447,52.519039,On or near Howard Road,E01031059,Nuneaton and Bedworth 006C,Burglary,Investigation complete; no suspect identified,
939c27a95842600e727a82d322e9bd89643c88a1838d470e23204c99d63c4180,2017-11,Warwickshire Police,Warwickshire Police,-1.486684,52.520779,On or near Clifton Road,E01031059,Nuneaton and Bedworth 006C,Burglary,Investigation complete; no suspect identified,
14cb9eb5691be440bda92e7d9872871a60418e06de126712432c46c6c616e7a0,2017-11,Warwickshire Police,Warwickshire Police,-1.486684,52.520779,On or near Clifton Road,E01031059,Nuneaton and Bedworth 006C,Burglary,Status update unavailable,
425d3da0e7c3cb2241d9be98c165a50041d8066ca7a9cc02184c789fe7c0975a,2017-11,Warwickshire Police,Warwickshire Police,-1.483070,52.517266,On or near Sports/Recreation Area,E01031059,Nuneaton and Bedworth 006C,Criminal damage and arson,Investigation complete; no suspect identified,
d752e5cadd0ae2c5c99de2ae61f7dac2ae8374884e4595bc721819bcad522a06,2017-11,Warwickshire Police,Warwickshire Police,-1.486684,52.520779,On or near Clifton Road,E01031059,Nuneaton and Bedworth 006C,Public order,Investigation complete; no suspect identified,
6aea74a4c5c4e08972c7540c646be0e477dfda8a00f5c02a3f1df8e9d9ae1472,2017-11,Warwickshire Police,Warwickshire Police,-1.474633,52.514200,On or near Heath End Road,E01031059,Nuneaton and Bedworth 006C,Public order,Status update unavailable,
054904eee075a2ac6d715cc9f4d0ac54a4566eedacc79f74d11b71ae4e64ccea,2017-11,Warwickshire Police,Warwickshire Police,-1.486684,52.520779,On or near Clifton Road,E01031059,Nuneaton and Bedworth 006C,Shoplifting,Status update unavailable,
e31e493e83a0848f195f7261b22603da2a482b72fa500f7753db2069b4ffe2a1,2017-11,Warwickshire Police,Warwickshire Police,-1.486684,52.520779,On or near Clifton Road,E01031059,Nuneaton and Bedworth 006C,Vehicle crime,Investigation complete; no suspect identified,
82668d95a3a22b336dbd2720e7f3eea8735eb03b6e39df218f9864de19e72c79,2017-11,Warwickshire Police,Warwickshire Police,-1.486684,52.520779,On or near Clifton Road,E01031059,Nuneaton and Bedworth 006C,Vehicle crime,Investigation complete; no suspect identified,
5dc41843c27ac9181482ab96e29c5b0214ba88fc959c199b447258b601b9804f,2017-11,Warwickshire Police,Warwickshire Police,-1.486830,52.519638,On or near North Street,E01031059,Nuneaton and Bedworth 006C,Violence and sexual offences,Unable to prosecute suspect,
ed686ba99853f1d9e543f116d87bd291ca9eb58cfd19fde435be0c1391d16f84,2017-11,Warwickshire Police,Warwickshire Police,-1.478116,52.516238,On or near Sports/Recreation Area,E01031059,Nuneaton and Bedworth 006C,Violence and sexual offences,Unable to prosecute suspect,
43dc430e040300c23cd49813ae38115a6941be2ff456491c890a4f4f1043d6bc,2017-11,Warwickshire Police,Warwickshire Police,-1.486684,52.520779,On or near Clifton Road,E01031059,Nuneaton and Bedworth 006C,Violence and sexual offences,Status update unavailable,
2077364a3e37446371676acea2f0b0aa5c62671fd44f12870f16a294b49087b5,2017-11,Warwickshire Police,Warwickshire Police,-1.476335,52.516041,On or near Cox'S Close,E01031059,Nuneaton and Bedworth 006C,Violence and sexual offences,Status update unavailable,
2daec4f6a712d0e1f95ea47b9de9a3c3ab4143a4343ca09cf1ce89e14fc7c009,2017-11,Warwickshire Police,Warwickshire Police,-1.479736,52.517603,On or near Greenmoor Road,E01031059,Nuneaton and Bedworth 006C,Other crime,Status update unavailable,
,2017-11,Warwickshire Police,Warwickshire Police,-1.490806,52.522442,On or near Wood Street,E01031060,Nuneaton and Bedworth 006D,Anti-social behaviour,,
477fab068f2647d2ebb7794a85eae6e699efba2c83ddd09add6623d7bc6fa11f,2017-11,Warwickshire Police,Warwickshire Police,-1.491456,52.519712,On or near Devon Close,E01031060,Nuneaton and Bedworth 006D,Robbery,Status update unavailable,
66280509c72069aee40f7d3e77b296b84fd54e9003136e9dcc06ed429421018c,2017-11,Warwickshire Police,Warwickshire Police,-1.490769,52.520554,On or near Rutland Avenue,E01031060,Nuneaton and Bedworth 006D,Vehicle crime,Investigation complete; no suspect identified,
37afe601fba3efee694d37f45c214c1adc87d8ed3be17b665e9f219aa7fac2cf,2017-11,Warwickshire Police,Warwickshire Police,-1.488757,52.519934,On or near Granby Road,E01031060,Nuneaton and Bedworth 006D,Violence and sexual offences,Status update unavailable,
cb1c4add6113a7d2954b2f110b735a41194e6b44ce6232d841ca0dfe00c760fb,2017-11,Warwickshire Police,Warwickshire Police,-1.488757,52.519934,On or near Granby Road,E01031060,Nuneaton and Bedworth 006D,Violence and sexual offences,Investigation complete; no suspect identified,
,2017-11,Warwickshire Police,Warwickshire Police,-1.499543,52.518758,On or near Huntingdon Way,E01031061,Nuneaton and Bedworth 006E,Anti-social behaviour,,
,2017-11,Warwickshire Police,Warwickshire Police,-1.492818,52.516661,On or near Denehurst Way,E01031061,Nuneaton and Bedworth 006E,Anti-social behaviour,,
,2017-11,Warwickshire Police,Warwickshire Police,-1.494734,52.517901,On or near Virginia Place,E01031061,Nuneaton and Bedworth 006E,Anti-social behaviour,,
996d18b86429628d95c2aa921b21f1969f97775afbb212ed40486dec625190ba,2017-11,Warwickshire Police,Warwickshire Police,-1.499543,52.518758,On or near Huntingdon Way,E01031061,Nuneaton and Bedworth 006E,Burglary,Investigation complete; no suspect identified,
c9f19d930a17fc4d9ce9ae1d8dd02dc18e73c40f2dcb53b51f9565f0d8d5e59e,2017-11,Warwickshire Police,Warwickshire Police,-1.496483,52.515715,On or near Belle Vue,E01031061,Nuneaton and Bedworth 006E,Criminal damage and arson,Investigation complete; no suspect identified,
2d6798a5cff4aba8f025416f780682ee441db012f3fac92697b7abe477957830,2017-11,Warwickshire Police,Warwickshire Police,-1.492818,52.516661,On or near Denehurst Way,E01031061,Nuneaton and Bedworth 006E,Criminal damage and arson,Investigation complete; no suspect identified,
f2744fa90d24b898d686d2de47a0847fa3ad8d79cfd06247666a08cacc22dc82,2017-11,Warwickshire Police,Warwickshire Police,-1.497710,52.515451,On or near Arbury Road,E01031061,Nuneaton and Bedworth 006E,Drugs,Offender sent to prison,
3003df6505c761a8f978ca6b8428ef9436f7b877f59b9450baa5f17128fa1e4c,2017-11,Warwickshire Police,Warwickshire Police,-1.497710,52.515451,On or near Arbury Road,E01031061,Nuneaton and Bedworth 006E,Other theft,Court case unable to proceed,
346c23601f450ae5809e477bc51852ba63e5db1abf2b4e30a84cece6ff06f70d,2017-11,Warwickshire Police,Warwickshire Police,-1.494950,52.515771,On or near Albert Street,E01031061,Nuneaton and Bedworth 006E,Theft from the person,Status update unavailable,
752c0fc461111cda8bba4fe6a7e277140a3de09e5ff15e50faad4da1d3419686,2017-11,Warwickshire Police,Warwickshire Police,-1.494459,52.516237,On or near John Street,E01031061,Nuneaton and Bedworth 006E,Vehicle crime,Investigation complete; no suspect identified,
43e1151ea5fcff680964e7c362383fcf7b20da123ec0dbd6fd2e6c7b8ca20b33,2017-11,Warwickshire Police,Warwickshire Police,-1.494950,52.515771,On or near Albert Street,E01031061,Nuneaton and Bedworth 006E,Vehicle crime,Investigation complete; no suspect identified,
620a9293e359da2a1a3d3e978c1fab0628ab559a1e7e08e85e33cbc99bef85ba,2017-11,Warwickshire Police,Warwickshire Police,-1.494950,52.515771,On or near Albert Street,E01031061,Nuneaton and Bedworth 006E,Violence and sexual offences,Status update unavailable,
68c0947530be474ca1e73b44dd8c38615d95434d44f689cca0d06e968c2d05db,2017-11,Warwickshire Police,Warwickshire Police,-1.497710,52.515451,On or near Arbury Road,E01031061,Nuneaton and Bedworth 006E,Violence and sexual offences,Status update unavailable,
8e32491594f4d219f6a1bfda2cd3e6bc8664de491930d21588a2effa3b65e339,2017-11,Warwickshire Police,Warwickshire Police,-1.499543,52.518758,On or near Huntingdon Way,E01031061,Nuneaton and Bedworth 006E,Violence and sexual offences,Status update unavailable,
a84d633c7a625749fb9ff5b4ea91ccf7309969cf077297587ce5036a0dd36142,2017-11,Warwickshire Police,Warwickshire Police,-1.494950,52.515771,On or near Albert Street,E01031061,Nuneaton and Bedworth 006E,Violence and sexual offences,Local resolution,
96975b53b31ce6acea1f95f8aab5b9fe742a6350d3ca92336392e5141ec1046c,2017-11,Warwickshire Police,Warwickshire Police,-1.499543,52.518758,On or near Huntingdon Way,E01031061,Nuneaton and Bedworth 006E,Violence and sexual offences,Status update unavailable,
769c45ded8afd56d56ae99899131f694ebdfcc00a07b95b00f5303bb3cacafb8,2017-11,Warwickshire Police,Warwickshire Police,-1.496483,52.515715,On or near Belle Vue,E01031061,Nuneaton and Bedworth 006E,Violence and sexual offences,Status update unavailable,
7f2acd418b88033a3669d2b06cf1f420926f23aaa4c26f0045c49965efe3ece3,2017-11,Warwickshire Police,Warwickshire Police,-1.492818,52.516661,On or near Denehurst Way,E01031061,Nuneaton and Bedworth 006E,Violence and sexual offences,Court result unavailable,
,2017-11,Warwickshire Police,Warwickshire Police,-1.524690,52.521037,On or near Sports/Recreation Area,E01031090,Nuneaton and Bedworth 007A,Anti-social behaviour,,
,2017-11,Warwickshire Police,Warwickshire Police,-1.526550,52.517979,On or near Brendon Way,E01031090,Nuneaton and Bedworth 007A,Anti-social behaviour,,
,2017-11,Warwickshire Police,Warwickshire Police,-1.528917,52.518546,On or near Robins Way,E01031090,Nuneaton and Bedworth 007A,Anti-social behaviour,,
,2017-11,Warwickshire Police,Warwickshire Police,-1.531463,52.518870,On or near Park Lane,E01031090,Nuneaton and Bedworth 007A,Anti-social behaviour,,
,2017-11,Warwickshire Police,Warwickshire Police,-1.526550,52.517979,On or near Brendon Way,E01031090,Nuneaton and Bedworth 007A,Anti-social behaviour,,
cebc621358d2db36bf7ec5015cb0c514f864c6b0c97a024d16afd43838dfee8d,2017-11,Warwickshire Police,Warwickshire Police,-1.526550,52.517979,On or near Brendon Way,E01031090,Nuneaton and Bedworth 007A,Bicycle theft,Defendant found not guilty,
ddd5586641c5852cfcab052fb87a13013874f83240c34b4f5e98da80285f96b0,2017-11,Warwickshire Police,Warwickshire Police,-1.526550,52.517979,On or near Brendon Way,E01031090,Nuneaton and Bedworth 007A,Bicycle theft,Investigation complete; no suspect identified,
476f7b8a16ecb2e9120e2d36148d2ae1e7e4e3e6a8baf56108c3c4522ef7c818,2017-11,Warwickshire Police,Warwickshire Police,-1.524690,52.521037,On or near Sports/Recreation Area,E01031090,Nuneaton and Bedworth 007A,Burglary,Defendant found not guilty,
47d6590e407d9b4ca8167459bdc43759225313a1c4a3f41d8331fff71ab98f9f,2017-11,Warwickshire Police,Warwickshire Police,-1.526550,52.517979,On or near Brendon Way,E01031090,Nuneaton and Bedworth 007A,Burglary,Investigation complete; no suspect identified,
e510ea114ed2aabc02211e36fb287449a3695964d263c792b333c3d45d0a30fb,2017-11,Warwickshire Police,Warwickshire Police,-1.526550,52.517979,On or near Brendon Way,E01031090,Nuneaton and Bedworth 007A,Criminal damage and arson,Investigation complete; no suspect identified,
e95b9256a0f3790d2934e9f3e176a692eff21895cc4285bab3ed9f3f03297559,2017-11,Warwickshire Police,Warwickshire Police,-1.528917,52.518546,On or near Robins Way,E01031090,Nuneaton and Bedworth 007A,Criminal damage and arson,Investigation complete; no suspect identified,
c4956f4220b00d0973a8b3c926ed341b1a017e11f3cf2c3f0ab466b53247b89f,2017-11,Warwickshire Police,Warwickshire Police,-1.524690,52.521037,On or near Sports/Recreation Area,E01031090,Nuneaton and Bedworth 007A,Other theft,Investigation complete; no suspect identified,
bfab5c402af64db19f9fee0e4e7695fc9863db6649d0c525536e61eb418d4a82,2017-11,Warwickshire Police,Warwickshire Police,-1.516436,52.521102,On or near Kingswood Road,E01031090,Nuneaton and Bedworth 007A,Possession of weapons,Status update unavailable,
655d03ffe1ad527d81885a671af3f351a9953e8a916f990975fb48943afc553f,2017-11,Warwickshire Police,Warwickshire Police,-1.523718,52.519640,On or near Kings Meadow,E01031090,Nuneaton and Bedworth 007A,Vehicle crime,Investigation complete; no suspect identified,
ac4fddbf356988d924baa1a6cb6de710a8de1d50daf0a83b50f542a50eb3dbb2,2017-11,Warwickshire Police,Warwickshire Police,-1.523031,52.519043,On or near Pedestrian Subway,E01031090,Nuneaton and Bedworth 007A,Violence and sexual offences,Status update unavailable,
daad13c4f1c7e5b63569b796ff81c314df6195b04b9768d003cfb4191b3fa86b,2017-11,Warwickshire Police,Warwickshire Police,-1.528917,52.518546,On or near Robins Way,E01031090,Nuneaton and Bedworth 007A,Violence and sexual offences,Status update unavailable,
ef6fcbb232164a7c35531e1ebdcdc67f1c61d8bf657b5c3b3f89062934083a1f,2017-11,Warwickshire Police,Warwickshire Police,-1.524690,52.521037,On or near Sports/Recreation Area,E01031090,Nuneaton and Bedworth 007A,Violence and sexual offences,Status update unavailable,
d306ac868d41fd20dba6a9fedf4d353e47b9c4d44ffcc7d27064b943ebc451be,2017-11,Warwickshire Police,Warwickshire Police,-1.526550,52.517979,On or near Brendon Way,E01031090,Nuneaton and Bedworth 007A,Violence and sexual offences,Court result unavailable,
,2017-11,Warwickshire Police,Warwickshire Police,-1.509233,52.519454,On or near Church Road,E01031091,Nuneaton and Bedworth 007B,Anti-social behaviour,,
54ef7857521e898b0b1d51a78ccce6b6d7d9b429df780ccc9c481ca815cc96a2,2017-11,Warwickshire Police,Warwickshire Police,-1.511727,52.521811,On or near St Michael'S Way,E01031091,Nuneaton and Bedworth 007B,Burglary,Court result unavailable,
0084cf5259cc0b27c5ed966ebaf93d87ed7dc75208b610014b9f8fffc5c06c59,2017-11,Warwickshire Police,Warwickshire Police,-1.512066,52.516464,On or near Arbury Garth,E01031091,Nuneaton and Bedworth 007B,Other theft,Investigation complete; no suspect identified,
8970edc511e7b912377f1857c06ef9b9ade571182a113e14e2c30b95e23c4749,2017-11,Warwickshire Police,Warwickshire Police,-1.511727,52.521811,On or near St Michael'S Way,E01031091,Nuneaton and Bedworth 007B,Public order,Court result unavailable,
e649e3695217423112ff91ce4cf9ec6377c98175575391b1154ef7239c1ad896,2017-11,Warwickshire Police,Warwickshire Police,-1.511727,52.521811,On or near St Michael'S Way,E01031091,Nuneaton and Bedworth 007B,Public order,Investigation complete; no suspect identified,
1fdf099db399e2359e81c09998a707524e6c99508015fad9fad14adf2455fd2a,2017-11,Warwickshire Police,Warwickshire Police,-1.511727,52.521811,On or near St Michael'S Way,E01031091,Nuneaton and Bedworth 007B,Shoplifting,Investigation complete; no suspect identified,
3850c019d6ffbf1252820f63c858b73a70dcefdc768aec5ec7f5de3a59bc1c43,2017-11,Warwickshire Police,Warwickshire Police,-1.514944,52.518723,On or near Wiclif Way,E01031091,Nuneaton and Bedworth 007B,Shoplifting,Investigation complete; no suspect identified,
b1b992325d919c5fd8a3df6d0f588b540456017cf64e01eb61966b98743b68dc,2017-11,Warwickshire Police,Warwickshire Police,-1.510865,52.515784,On or near Ansley Road,E01031091,Nuneaton and Bedworth 007B,Shoplifting,Investigation complete; no suspect identified,
4e62469fa85338b68b494c2eb0e6dc59b1836a004ed1ee197b94cfae054960dd,2017-11,Warwickshire Police,Warwickshire Police,-1.514944,52.518723,On or near Wiclif Way,E01031091,Nuneaton and Bedworth 007B,Shoplifting,Investigation complete; no suspect identified,
6cbae1563166ed0b3d8515670070c99633a8ebe8ce3824960e87292bd5fc3aec,2017-11,Warwickshire Police,Warwickshire Police,-1.514944,52.518723,On or near Wiclif Way,E01031091,Nuneaton and Bedworth 007B,Shoplifting,Investigation complete; no suspect identified,
48dc38784964f9bcd2b4809431366fa59e96e439e0d128832cf3cbc02b38a4db,2017-11,Warwickshire Police,Warwickshire Police,-1.512066,52.516464,On or near Arbury Garth,E01031091,Nuneaton and Bedworth 007B,Vehicle crime,Investigation complete; no suspect identified,
ae19f88f6247c3d3de17a7d4f03c5031ad34fe4f613a68d57b31ff8c1d84f8cf,2017-11,Warwickshire Police,Warwickshire Police,-1.509880,52.522253,On or near Churchdale Close,E01031091,Nuneaton and Bedworth 007B,Vehicle crime,Investigation complete; no suspect identified,
65d2c303628016ad45cd26c1971b273c7da3c03ea7bf0f9c321e3003d5a47651,2017-11,Warwickshire Police,Warwickshire Police,-1.510865,52.515784,On or near Ansley Road,E01031091,Nuneaton and Bedworth 007B,Violence and sexual offences,Investigation complete; no suspect identified,
c4f31fd31a468b3848133f90eca0b4e12f4c149fc7f3555db4f33c62d290c51e,2017-11,Warwickshire Police,Warwickshire Police,-1.511727,52.521811,On or near St Michael'S Way,E01031091,Nuneaton and Bedworth 007B,Violence and sexual offences,Investigation complete; no suspect identified,
a1349858a7cada7718819d22bdd0c88a817ecb5033da40965648e5eecd25e0f2,2017-11,Warwickshire Police,Warwickshire Police,-1.510865,52.515784,On or near Ansley Road,E01031091,Nuneaton and Bedworth 007B,Violence and sexual offences,Status update unavailable,
f206de0996a4b4d9054dcd19f7cb88b12e7d8457b982a6624b0cc86378742ee2,2017-11,Warwickshire Police,Warwickshire Police,-1.513876,52.520714,On or near Berwyn Way,E01031091,Nuneaton and Bedworth 007B,Other crime,Awaiting court outcome,
,2017-11,Warwickshire Police,Warwickshire Police,-1.507575,52.521443,On or near Short Street,E01031092,Nuneaton and Bedworth 007C,Anti-social behaviour,,
,2017-11,Warwickshire Police,Warwickshire Police,-1.507575,52.521443,On or near Short Street,E01031092,Nuneaton and Bedworth 007C,Anti-social behaviour,,
,2017-11,Warwickshire Police,Warwickshire Police,-1.502027,52.515460,On or near Arbury Road,E01031092,Nuneaton and Bedworth 007C,Anti-social behaviour,,
,2017-11,Warwickshire Police,Warwickshire Police,-1.507565,52.518351,On or near Paddiford Place,E01031092,Nuneaton and Bedworth 007C,Anti-social behaviour,,
,2017-11,Warwickshire Police,Warwickshire Police,-1.506368,52.519964,On or near Cross Street,E01031092,Nuneaton and Bedworth 007C,Anti-social behaviour,,
f9ce57c06cf9b42fa467cb032e1446b556daeed20cff6dd1ec71d7994d0176f5,2017-11,Warwickshire Police,Warwickshire Police,-1.502027,52.515460,On or near Arbury Road,E01031092,Nuneaton and Bedworth 007C,Bicycle theft,Investigation complete; no suspect identified,
160dbe5257c6a319f4a522a9a50d26b4c0af6e19d75a794185f22e5569973cb0,2017-11,Warwickshire Police,Warwickshire Police,-1.504360,52.520270,On or near Whitehouse Crescent,E01031092,Nuneaton and Bedworth 007C,Criminal damage and arson,Investigation complete; no suspect identified,
821479e3097f73293e7cfb4b5f5d03a7c556c1fd8492cea2a11bdb59209cd1ee,2017-11,Warwickshire Police,Warwickshire Police,-1.502027,52.515460,On or near Arbury Road,E01031092,Nuneaton and Bedworth 007C,Criminal damage and arson,Investigation complete; no suspect identified,
1a8ba7e2b981b1872f243d1afe5d3422e32c89bddc8fef4ff3ca3a814556deaa,2017-11,Warwickshire Police,Warwickshire Police,-1.507709,52.517345,On or near Webb Street,E01031092,Nuneaton and Bedworth 007C,Drugs,Court result unavailable,
576bd269100ef55e120ed2a28daf7efae2e540e3a3eb1c0f504f3409b6a42a48,2017-11,Warwickshire Police,Warwickshire Police,-1.507709,52.517345,On or near Webb Street,E01031092,Nuneaton and Bedworth 007C,Other theft,Investigation complete; no suspect identified,
55b157cd93d53621c40b615e3829c5ed12ee9c170cb24d5dc6f5f5bf9a37a0a8,2017-11,Warwickshire Police,Warwickshire Police,-1.507575,52.521443,On or near Short Street,E01031092,Nuneaton and Bedworth 007C,Public order,Formal action is not in the public interest,
1e37f820ea540159173c04edd175fd7bb3c077776abf76067ec6bbfe518a2163,2017-11,Warwickshire Police,Warwickshire Police,-1.507575,52.521443,On or near Short Street,E01031092,Nuneaton and Bedworth 007C,Public order,Local resolution,
838df2c1f86ee24b5aa5e5e9930c7af7315aa64b665996e7fc435de278cf0054,2017-11,Warwickshire Police,Warwickshire Police,-1.504276,52.515973,On or near The Poplars,E01031092,Nuneaton and Bedworth 007C,Vehicle crime,Investigation complete; no suspect identified,
849e3ee2519a0bd6c84d27d0f241b966a9f3cf76dcd3f54178efb86d51571949,2017-11,Warwickshire Police,Warwickshire Police,-1.507575,52.521443,On or near Short Street,E01031092,Nuneaton and Bedworth 007C,Vehicle crime,Investigation complete; no suspect identified,
b9bd8ed8028867c5d919ccd4569833238629d377d4755c84205df18184bb2a19,2017-11,Warwickshire Police,Warwickshire Police,-1.507575,52.521443,On or near Short Street,E01031092,Nuneaton and Bedworth 007C,Vehicle crime,Investigation complete; no suspect identified,
a0bb34f3abf3c1597916dbad738bb1cab9416468838eeae55ff51d76105294e5,2017-11,Warwickshire Police,Warwickshire Police,-1.502027,52.515460,On or near Arbury Road,E01031092,Nuneaton and Bedworth 007C,Violence and sexual offences,Unable to prosecute suspect,
4451ef65d4b790dee33689f46de01358919baf31245f947271ccbf9df10dcf8e,2017-11,Warwickshire Police,Warwickshire Police,-1.505065,52.519221,On or near St Pauls Road,E01031092,Nuneaton and Bedworth 007C,Violence and sexual offences,Status update unavailable,
fa91c1bf2e0b83c10439ebc07862fd3cf2574655e3fa8f3b1883cdd8a5b89335,2017-11,Warwickshire Police,Warwickshire Police,-1.507575,52.521443,On or near Short Street,E01031092,Nuneaton and Bedworth 007C,Violence and sexual offences,Status update unavailable,
fb8ce0c773bf738e08afc2ff49c72c4eee4cffa4fd09ec5bcec7d3f0d74a29b0,2017-11,Warwickshire Police,Warwickshire Police,-1.507709,52.517345,On or near Webb Street,E01031092,Nuneaton and Bedworth 007C,Violence and sexual offences,Status update unavailable,
a8f35e47289e95c66da6b2f70cd257ba8ce8fee4a9b3d1a74ab2a09214e71166,2017-11,Warwickshire Police,Warwickshire Police,-1.504360,52.520270,On or near Whitehouse Crescent,E01031092,Nuneaton and Bedworth 007C,Violence and sexual offences,Status update unavailable,
00df6ba826da7c90218c144fbca165cce753536a1ee90e713489e18c8a627285,2017-11,Warwickshire Police,Warwickshire Police,-1.502027,52.515460,On or near Arbury Road,E01031092,Nuneaton and Bedworth 007C,Violence and sexual offences,Unable to prosecute suspect,
96caa15bee54aaab0c9a85e126ca25063aaa68cec6d11a65f8b9485b632aee7e,2017-11,Warwickshire Police,Warwickshire Police,-1.507565,52.518351,On or near Paddiford Place,E01031092,Nuneaton and Bedworth 007C,Violence and sexual offences,Unable to prosecute suspect,
06c4233e0e4cac6eb6b8d9a850caf2f6183de157ae089ac8a10e3cfec19b666f,2017-11,Warwickshire Police,Warwickshire Police,-1.507709,52.517345,On or near Webb Street,E01031092,Nuneaton and Bedworth 007C,Other crime,Court result unavailable,
,2017-11,Warwickshire Police,Warwickshire Police,-1.521636,52.517249,On or near Cheviot Close,E01031093,Nuneaton and Bedworth 007D,Anti-social behaviour,,
,2017-11,Warwickshire Police,Warwickshire Police,-1.520021,52.519418,On or near Prescelly Close,E01031093,Nuneaton and Bedworth 007D,Anti-social behaviour,,
,2017-11,Warwickshire Police,Warwickshire Police,-1.520021,52.519418,On or near Prescelly Close,E01031093,Nuneaton and Bedworth 007D,Anti-social behaviour,,
,2017-11,Warwickshire Police,Warwickshire Police,-1.520021,52.519418,On or near Prescelly Close,E01031093,Nuneaton and Bedworth 007D,Anti-social behaviour,,
985a0bf66120275f88142e5d4cbe0579f1f634f48039af7cb444d527b7933f7f,2017-11,Warwickshire Police,Warwickshire Police,-1.520021,52.519418,On or near Prescelly Close,E01031093,Nuneaton and Bedworth 007D,Criminal damage and arson,Status update unavailable,
8af09c5ecceeb7b682411ba27085166e845f51ffcd53000268a2ab88acedf3e0,2017-11,Warwickshire Police,Warwickshire Police,-1.520359,52.518134,On or near Tower View Crescent,E01031093,Nuneaton and Bedworth 007D,Criminal damage and arson,Status update unavailable,
2d2036e6a6a9cf6a0443515bd5f3837ef41861fd65c364c42b5c5bdf3abf2f02,2017-11,Warwickshire Police,Warwickshire Police,-1.520021,52.519418,On or near Prescelly Close,E01031093,Nuneaton and Bedworth 007D,Violence and sexual offences,Status update unavailable,
5daf250dcedfb7b72696cc56e767d0a482520479a7b552216483eb812c260e6c,2017-11,Warwickshire Police,Warwickshire Police,-1.520021,52.519418,On or near Prescelly Close,E01031093,Nuneaton and Bedworth 007D,Violence and sexual offences,Investigation complete; no suspect identified,
4b1201e4bef0d11f5da503c1ea9aeb98b39293514cb0dcdb741bf342626ad494,2017-11,Warwickshire Police,Warwickshire Police,-1.517110,52.517419,On or near Malvern Avenue,E01031093,Nuneaton and Bedworth 007D,Violence and sexual offences,Status update unavailable,
fb497a8cf68fde27ae4c13fdf701bb631411d737ac4e0b8e837096d9bac67184,2017-11,Warwickshire Police,Warwickshire Police,-1.517110,52.517419,On or near Malvern Avenue,E01031093,Nuneaton and Bedworth 007D,Violence and sexual offences,Status update unavailable,
,2017-11,Warwickshire Police,Warwickshire Police,-1.502272,52.519848,On or near Bede Road,E01031094,Nuneaton and Bedworth 007E,Anti-social behaviour,,
,2017-11,Warwickshire Police,Warwickshire Police,-1.500838,52.518925,On or near Westbury Road,E01031094,Nuneaton and Bedworth 007E,Anti-social behaviour,,
,2017-11,Warwickshire Police,Warwickshire Police,-1.502272,52.519848,On or near Bede Road,E01031094,Nuneaton and Bedworth 007E,Anti-social behaviour,,
,2017-11,Warwickshire Police,Warwickshire Police,-1.506713,52.522015,On or near Eadie Street,E01031094,Nuneaton and Bedworth 007E,Anti-social behaviour,,
,2017-11,Warwickshire Police,Warwickshire Police,-1.500838,52.518925,On or near Westbury Road,E01031094,Nuneaton and Bedworth 007E,Anti-social behaviour,,
,2017-11,Warwickshire Police,Warwickshire Police,-1.500838,52.518925,On or near Westbury Road,E01031094,Nuneaton and Bedworth 007E,Anti-social behaviour,,
,2017-11,Warwickshire Police,Warwickshire Police,-1.502272,52.519848,On or near Bede Road,E01031094,Nuneaton and Bedworth 007E,Anti-social behaviour,,
732c6605749d9f54d79226a1159d86c1d4d527ce4b52630cfd89c400b9ecbc15,2017-11,Warwickshire Police,Warwickshire Police,-1.500838,52.518925,On or near Westbury Road,E01031094,Nuneaton and Bedworth 007E,Burglary,Status update unavailable,
af5f7a86b40ba38ea2ae26fa3c633c581ca33554625ffbe6ab4f37c36196f94c,2017-11,Warwickshire Police,Warwickshire Police,-1.500838,52.518925,On or near Westbury Road,E01031094,Nuneaton and Bedworth 007E,Criminal damage and arson,Status update unavailable,
1cf6175774f6cb26e8240fc6b4e4b023f5a6184be2df8f77d3975895e66c873d,2017-11,Warwickshire Police,Warwickshire Police,-1.507176,52.522817,On or near Parking Area,E01031094,Nuneaton and Bedworth 007E,Drugs,Status update unavailable,
e94e778094d6f2a6dcef502f3c0d4aa13e147e984dc676094c304ada26cba0d9,2017-11,Warwickshire Police,Warwickshire Police,-1.500838,52.518925,On or near Westbury Road,E01031094,Nuneaton and Bedworth 007E,Drugs,Court result unavailable,
f0de9399700d8c1669091851b5b880c6bec268bac1d6666935521d52bc42fa11,2017-11,Warwickshire Police,Warwickshire Police,-1.502272,52.519848,On or near Bede Road,E01031094,Nuneaton and Bedworth 007E,Public order,Status update unavailable,
d7bae290b000078050583dd3103394eb5e9e15b2d7dafc48771509429390402c,2017-11,Warwickshire Police,Warwickshire Police,-1.502272,52.519848,On or near Bede Road,E01031094,Nuneaton and Bedworth 007E,Vehicle crime,Investigation complete; no suspect identified,
07d77037920f5dbc21594168709de270861caba9b49b9cfbc5e9b73111ff3550,2017-11,Warwickshire Police,Warwickshire Police,-1.502272,52.519848,On or near Bede Road,E01031094,Nuneaton and Bedworth 007E,Vehicle crime,Investigation complete; no suspect identified,
75a3a951fdca2bc957189d560fc9114ccc09c1a7c8905ef45b76dbb52c7afeb3,2017-11,Warwickshire Police,Warwickshire Police,-1.500838,52.518925,On or near Westbury Road,E01031094,Nuneaton and Bedworth 007E,Vehicle crime,Status update unavailable,
4ab1de13a24f2fb3a8df090f8d479f5374a952a089713e0bf376b2116e56af83,2017-11,Warwickshire Police,Warwickshire Police,-1.502272,52.519848,On or near Bede Road,E01031094,Nuneaton and Bedworth 007E,Vehicle crime,Investigation complete; no suspect identified,
15fb1ed2deceb65b6694dbe2d2c7eb06ddb5b1773cc30e004c2335bd0fb0d5f1,2017-11,Warwickshire Police,Warwickshire Police,-1.506713,52.522015,On or near Eadie Street,E01031094,Nuneaton and Bedworth 007E,Violence and sexual offences,Investigation complete; no suspect identified,
413b552e681661a0aac893b1decd315ffc8acef13d5d244498b996a26ba9f139,2017-11,Warwickshire Police,Warwickshire Police,-1.506713,52.522015,On or near Eadie Street,E01031094,Nuneaton and Bedworth 007E,Violence and sexual offences,Status update unavailable,
ce1cbecb74c8baae1707deb2495a7dc2daf6d0ffd7d7f01e145706a4a1ab2d46,2017-11,Warwickshire Police,Warwickshire Police,-1.500838,52.518925,On or near Westbury Road,E01031094,Nuneaton and Bedworth 007E,Violence and sexual offences,Status update unavailable,
c8dfeadd98da23662af88c95c2ea37bbc96e7fbca01f9086c274f12cde9e297a,2017-11,Warwickshire Police,Warwickshire Police,-1.502272,52.519848,On or near Bede Road,E01031094,Nuneaton and Bedworth 007E,Other crime,Status update unavailable,
,2017-11,Warwickshire Police,Warwickshire Police,-1.494906,52.513173,On or near Atholl Crescent,E01031048,Nuneaton and Bedworth 008A,Anti-social behaviour,,
f65cae5cd6970553e763ba22815494b105519561e07f1b2f48ceb2ec1788125a,2017-11,Warwickshire Police,Warwickshire Police,-1.492820,52.515214,On or near Leaward Close,E01031048,Nuneaton and Bedworth 008A,Criminal damage and arson,Investigation complete; no suspect identified,
8114c86bb1045b76ffa89033f83ae7eb042c70291aecdf006616abad5ccaeaf8,2017-11,Warwickshire Police,Warwickshire Police,-1.490508,52.513784,On or near Mossdale Crescent,E01031048,Nuneaton and Bedworth 008A,Robbery,Investigation complete; no suspect identified,
6ba4d546bbaa8f59983218137608196b119c6aca3815b8348c044153a8002b4d,2017-11,Warwickshire Police,Warwickshire Police,-1.489179,52.515288,On or near Stroma Way,E01031048,Nuneaton and Bedworth 008A,Violence and sexual offences,Status update unavailable,
4d59696b68faf23035092eca6ecd6d437b91d9358c8e74f85ee59de81a241807,2017-11,Warwickshire Police,Warwickshire Police,-1.490508,52.513784,On or near Mossdale Crescent,E01031048,Nuneaton and Bedworth 008A,Violence and sexual offences,Status update unavailable,
e78c0841937a1609e2f3f7a36608fa5db68ac28c60b845e0aeb57363354d505e,2017-11,Warwickshire Police,Warwickshire Police,-1.494906,52.513173,On or near Atholl Crescent,E01031048,Nuneaton and Bedworth 008A,Other crime,Offender given penalty notice,
,2017-11,Warwickshire Police,Warwickshire Police,-1.486108,52.513270,On or near Petrol Station,E01031049,Nuneaton and Bedworth 008B,Anti-social behaviour,,
,2017-11,Warwickshire Police,Warwickshire Police,-1.485583,52.511524,On or near Winterborne Gardens,E01031049,Nuneaton and Bedworth 008B,Anti-social behaviour,,
556ea89a4e0064cb20b9c1f3df77e4dc66ed761583fb2451f8c4bb56d35b4483,2017-11,Warwickshire Police,Warwickshire Police,-1.480775,52.505659,On or near Sunflower Drive,E01031049,Nuneaton and Bedworth 008B,Burglary,Investigation complete; no suspect identified,
3160debf9b64d0b9318da45c97a00587a1180833d74624c446025b00798734b1,2017-11,Warwickshire Police,Warwickshire Police,-1.472895,52.512888,On or near College Street,E01031049,Nuneaton and Bedworth 008B,Burglary,Investigation complete; no suspect identified,
76d9b94862baf0be11bfcfa421566d811e786fa32d566978400601599219c509,2017-11,Warwickshire Police,Warwickshire Police,-1.472221,52.512562,On or near College Street,E01031049,Nuneaton and Bedworth 008B,Burglary,Awaiting court outcome,
3bd800fa87e31a47f916870b001e5556b3bb61a6b875c4599a097d616737e0c1,2017-11,Warwickshire Police,Warwickshire Police,-1.485583,52.511524,On or near Winterborne Gardens,E01031049,Nuneaton and Bedworth 008B,Criminal damage and arson,Court result unavailable,
3693287c01b7d098f2e991bb0d892e117f894113eafdfbafa4dc43a47dc84fe5,2017-11,Warwickshire Police,Warwickshire Police,-1.479794,52.511373,On or near Woburn Drive,E01031049,Nuneaton and Bedworth 008B,Criminal damage and arson,Investigation complete; no suspect identified,
6fa6e158ccbfbc7f414e27d3d553a3706b8b0393e3d49c5d40c728a07bb8bc6c,2017-11,Warwickshire Police,Warwickshire Police,-1.474199,52.513560,On or near Harmony Court,E01031049,Nuneaton and Bedworth 008B,Theft from the person,Status update unavailable,
c0bdaf58afdf5c442471c6c6dfce1a76e57ee0607c06ec2209441c93fb19c418,2017-11,Warwickshire Police,Warwickshire Police,-1.478519,52.510828,On or near Parking Area,E01031049,Nuneaton and Bedworth 008B,Vehicle crime,Investigation complete; no suspect identified,
,2017-11,Warwickshire Police,Warwickshire Police,-1.474011,52.498393,On or near Coventry Road,E01031050,Nuneaton and Bedworth 008C,Anti-social behaviour,,
,2017-11,Warwickshire Police,Warwickshire Police,-1.508149,52.514919,On or near Seeswood Close,E01031050,Nuneaton and Bedworth 008C,Anti-social behaviour,,
,2017-11,Warwickshire Police,Warwickshire Police,-1.478959,52.497264,On or near St Davids Way,E01031050,Nuneaton and Bedworth 008C,Anti-social behaviour,,
,2017-11,Warwickshire Police,Warwickshire Police,-1.482815,52.505084,On or near Carnation Way,E01031050,Nuneaton and Bedworth 008C,Anti-social behaviour,,
,2017-11,Warwickshire Police,Warwickshire Police,-1.474011,52.498393,On or near Coventry Road,E01031050,Nuneaton and Bedworth 008C,Anti-social behaviour,,
,2017-11,Warwickshire Police,Warwickshire Police,-1.482815,52.505084,On or near Carnation Way,E01031050,Nuneaton and Bedworth 008C,Anti-social behaviour,,
,2017-11,Warwickshire Police,Warwickshire Police,-1.474011,52.498393,On or near Coventry Road,E01031050,Nuneaton and Bedworth 008C,Anti-social behaviour,,
e124389323e9c28c13eaf9655233d74eb5f2684f3f9895647a262f4df2a4af13,2017-11,Warwickshire Police,Warwickshire Police,-1.506330,52.515442,On or near Arbury Road,E01031050,Nuneaton and Bedworth 008C,Criminal damage and arson,Court case unable to proceed,
82b0cde18e81eda1164f4538499d6a4cd11dae3c6146e4f5cdcdb5a7e4ff03a1,2017-11,Warwickshire Police,Warwickshire Police,-1.508149,52.514919,On or near Seeswood Close,E01031050,Nuneaton and Bedworth 008C,Criminal damage and arson,Investigation complete; no suspect identified,
a52c75bdc3869a0ec784f863a9bcb22322afb5c9ff01e1219694b85eb57d1ebb,2017-11,Warwickshire Police,Warwickshire Police,-1.478959,52.497264,On or near St Davids Way,E01031050,Nuneaton and Bedworth 008C,Other theft,Investigation complete; no suspect identified,
9d02b55a32154f33e37b39110dae5d3fd0058dee6ab4e69b6cc2c46cd5e2eb92,2017-11,Warwickshire Police,Warwickshire Police,-1.508149,52.514919,On or near Seeswood Close,E01031050,Nuneaton and Bedworth 008C,Other theft,Status update unavailable,
625c94be9340601e74b22679436f656440fb1259dc8a004b630eaaf9064e10d3,2017-11,Warwickshire Police,Warwickshire Police,-1.474011,52.498393,On or near Coventry Road,E01031050,Nuneaton and Bedworth 008C,Violence and sexual offences,Status update unavailable,
,2017-11,Warwickshire Police,Warwickshire Police,-1.486884,52.513678,On or near Oldany Way,E01031051,Nuneaton and Bedworth 008D,Anti-social behaviour,,
b1d1acf714aa99acdd20bad10d122d7cfc442e64b14cc3fb5573b8be37ac7bb5,2017-11,Warwickshire Police,Warwickshire Police,-1.487987,52.516416,On or near Brodick Way,E01031051,Nuneaton and Bedworth 008D,Burglary,Investigation complete; no suspect identified,
bc5d0d28ab2d65e3d66f8961cb797e6024aef802a4e74b085e1ec63c5be2f397,2017-11,Warwickshire Police,Warwickshire Police,-1.484793,52.513552,On or near Hare And Hounds Lane,E01031051,Nuneaton and Bedworth 008D,Burglary,Formal action is not in the public interest,
072bc24f25c7f9c9b7e627c0df3103adb93e4144fd16c882f823af9250af9ff3,2017-11,Warwickshire Police,Warwickshire Police,-1.490266,52.516902,On or near Supermarket,E01031051,Nuneaton and Bedworth 008D,Shoplifting,Investigation complete; no suspect identified,
351dc825df35047fa348d5a6d0999fe1a9711f4c6a58265a1fb52fa93fca3f9d,2017-11,Warwickshire Police,Warwickshire Police,-1.490266,52.516902,On or near Supermarket,E01031051,Nuneaton and Bedworth 008D,Shoplifting,Investigation complete; no suspect identified,
6dcd30f877a57fc0bc0e2192aa2a38ccf4b170a0998fb003812d43bb80d5090a,2017-11,Warwickshire Police,Warwickshire Police,-1.490266,52.516902,On or near Supermarket,E01031051,Nuneaton and Bedworth 008D,Shoplifting,Investigation complete; no suspect identified,
9a6752dc4109d3d4ebaf2b3a79bda776b61f899856e6e4c406b651345f3833c4,2017-11,Warwickshire Police,Warwickshire Police,-1.490266,52.516902,On or near Supermarket,E01031051,Nuneaton and Bedworth 008D,Shoplifting,Investigation complete; no suspect identified,
53b3ae26eb3879eda227c8645ff70b65646899a4e378edec3c8db420f698cf4a,2017-11,Warwickshire Police,Warwickshire Police,-1.490266,52.516902,On or near Supermarket,E01031051,Nuneaton and Bedworth 008D,Shoplifting,Status update unavailable,
c442639b67c457521d0fefcbf9ae3e6cd6d7c6b28f0eae71698329bbb77a3027,2017-11,Warwickshire Police,Warwickshire Police,-1.490266,52.516902,On or near Supermarket,E01031051,Nuneaton and Bedworth 008D,Shoplifting,Investigation complete; no suspect identified,
f7b3e6521d629fac0e68f8f1cb5dd035b996fdd14f907a0ff9ed36f768687d63,2017-11,Warwickshire Police,Warwickshire Police,-1.490266,52.516902,On or near Supermarket,E01031051,Nuneaton and Bedworth 008D,Shoplifting,Investigation complete; no suspect identified,
f3ff8c288dde24cf3aaf594ba7006ef02deb49e33b7f75a72660e18261a11d37,2017-11,Warwickshire Police,Warwickshire Police,-1.488853,52.518020,On or near Croft Road,E01031051,Nuneaton and Bedworth 008D,Violence and sexual offences,Status update unavailable,
1d4284aa92fa6db3268245460b0ed3869bc78d723b83ab4103df4f2a1834d9c8,2017-11,Warwickshire Police,Warwickshire Police,-1.486229,52.516804,On or near Montrose Drive,E01031051,Nuneaton and Bedworth 008D,Violence and sexual offences,Status update unavailable,
c530f36ffffe967dd87ffc27e092eef3490cce6df603bcd0db9d2d102d9fd6e2,2017-11,Warwickshire Police,Warwickshire Police,-1.485603,52.516154,On or near Arran Close,E01031051,Nuneaton and Bedworth 008D,Violence and sexual offences,Status update unavailable,
,2017-11,Warwickshire Police,Warwickshire Police,-1.470267,52.514531,On or near Bridge Street,E01031115,Nuneaton and Bedworth 009A,Anti-social behaviour,,
,2017-11,Warwickshire Police,Warwickshire Police,-1.471856,52.517217,On or near Fitton Street,E01031115,Nuneaton and Bedworth 009A,Anti-social behaviour,,
,2017-11,Warwickshire Police,Warwickshire Police,-1.470267,52.514531,On or near Bridge Street,E01031115,Nuneaton and Bedworth 009A,Anti-social behaviour,,
61dc3aad2b868e22884bb13846ef7c62758ad33d900275a43f051d9c52ad7d56,2017-11,Warwickshire Police,Warwickshire Police,-1.470100,52.516166,On or near Deacon Street,E01031115,Nuneaton and Bedworth 009A,Criminal damage and arson,Status update unavailable,
33ca121b6febbe1d5719f3fef7dcc0d819913977ebf2e971a734502b4f0687ed,2017-11,Warwickshire Police,Warwickshire Police,-1.471856,52.517217,On or near Fitton Street,E01031115,Nuneaton and Bedworth 009A,Criminal damage and arson,Defendant found not guilty,
a49d3bda5abef8f5018d186ce910c88bb902eeec6b96ab2f8116c920fbd0ba59,2017-11,Warwickshire Police,Warwickshire Police,-1.470100,52.516166,On or near Deacon Street,E01031115,Nuneaton and Bedworth 009A,Criminal damage and arson,Investigation complete; no suspect identified,
97d7cecb4ba03270c932a4e5034360fecee89eab75a2a35495b9effd1f4b8e65,2017-11,Warwickshire Police,Warwickshire Police,-1.469122,52.511766,On or near Featherstone Close,E01031115,Nuneaton and Bedworth 009A,Violence and sexual offences,Status update unavailable,
650d50840fa84b70828a63ee03551e845a9aba4cfe6868928f00f8ed928b2c19,2017-11,Warwickshire Police,Warwickshire Police,-1.469122,52.511766,On or near Featherstone Close,E01031115,Nuneaton and Bedworth 009A,Violence and sexual offences,Status update unavailable,
,2017-11,Warwickshire Police,Warwickshire Police,-1.461100,52.508628,On or near Hadley Mews,E01031116,Nuneaton and Bedworth 009B,Anti-social behaviour,,
,2017-11,Warwickshire Police,Warwickshire Police,-1.474326,52.507797,On or near Buckingham Close,E01031116,Nuneaton and Bedworth 009B,Anti-social behaviour,,
,2017-11,Warwickshire Police,Warwickshire Police,-1.470467,52.508922,On or near Middlemarch Road,E01031116,Nuneaton and Bedworth 009B,Anti-social behaviour,,
,2017-11,Warwickshire Police,Warwickshire Police,-1.460260,52.509847,On or near Morris Drive,E01031116,Nuneaton and Bedworth 009B,Anti-social behaviour,,
,2017-11,Warwickshire Police,Warwickshire Police,-1.470105,52.508417,On or near Barton Road,E01031116,Nuneaton and Bedworth 009B,Anti-social behaviour,,
,2017-11,Warwickshire Police,Warwickshire Police,-1.471014,52.510030,On or near Marner Road,E01031116,Nuneaton and Bedworth 009B,Anti-social behaviour,,
37ba23df7e380b7d6818edc70e56569e86fff1a332c355239d49edae3e7f2db3,2017-11,Warwickshire Police,Warwickshire Police,-1.460260,52.509847,On or near Morris Drive,E01031116,Nuneaton and Bedworth 009B,Criminal damage and arson,Investigation complete; no suspect identified,
41493b034599977f34f8c00cc65d87d403a41a6bb2b0e2f2e89b1aa38fefdc21,2017-11,Warwickshire Police,Warwickshire Police,-1.474326,52.507797,On or near Buckingham Close,E01031116,Nuneaton and Bedworth 009B,Criminal damage and arson,Investigation complete; no suspect identified,
c2a46d7ac27100b87c8081748301307adb786baddc4b35d2ac373276c92a1868,2017-11,Warwickshire Police,Warwickshire Police,-1.460260,52.509847,On or near Morris Drive,E01031116,Nuneaton and Bedworth 009B,Criminal damage and arson,Investigation complete; no suspect identified,
53bf4be6650b757e724f6cc5e462fa8ec3360d6cd12ec7e5eedf4cf98e1caea9,2017-11,Warwickshire Police,Warwickshire Police,-1.474326,52.507797,On or near Buckingham Close,E01031116,Nuneaton and Bedworth 009B,Other theft,Investigation complete; no suspect identified,
ab4dd20d3fc75ea8e511a1508482f1a0e2025ea0aecb4fa6371e7b313be28ccf,2017-11,Warwickshire Police,Warwickshire Police,-1.471014,52.510030,On or near Marner Road,E01031116,Nuneaton and Bedworth 009B,Other theft,Investigation complete; no suspect identified,
59dfd00b7c12edcbbd7af1fdad35922d3160b4127626d80a70ed94e06c42842b,2017-11,Warwickshire Police,Warwickshire Police,-1.470467,52.508922,On or near Middlemarch Road,E01031116,Nuneaton and Bedworth 009B,Other theft,Formal action is not in the public interest,
54c1c8be1595853928a09c5e2133d83968c780eb52b3847afe7e6eee7fb3e659,2017-11,Warwickshire Police,Warwickshire Police,-1.474326,52.507797,On or near Buckingham Close,E01031116,Nuneaton and Bedworth 009B,Other theft,Investigation complete; no suspect identified,
a5f077b2417e116e14ab5be53f310f7b6b307c9ba1f27abe30ccf80de312b9e6,2017-11,Warwickshire Police,Warwickshire Police,-1.474326,52.507797,On or near Buckingham Close,E01031116,Nuneaton and Bedworth 009B,Other theft,Investigation complete; no suspect identified,
c7cdacd82c4709c003a8069a9bca5d2c46c275919d2c580602abf2776ee1fd00,2017-11,Warwickshire Police,Warwickshire Police,-1.474326,52.507797,On or near Buckingham Close,E01031116,Nuneaton and Bedworth 009B,Other theft,Investigation complete; no suspect identified,
92cc308f34f0a2e64bd8781cc114917ab48d6152937967a8eb79ad65be29843c,2017-11,Warwickshire Police,Warwickshire Police,-1.471659,52.507822,On or near Gilfil Road,E01031116,Nuneaton and Bedworth 009B,Public order,Court result unavailable,
74d70baaec42250e929be95032e46a65b0041ca383c4bf30c0fafc6d44979189,2017-11,Warwickshire Police,Warwickshire Police,-1.474326,52.507797,On or near Buckingham Close,E01031116,Nuneaton and Bedworth 009B,Robbery,Investigation complete; no suspect identified,
cb55cd2156fb61d01c99f34ed33209d5813da3b3f65c22f38ed4e30bdea98c11,2017-11,Warwickshire Police,Warwickshire Police,-1.469544,52.510959,On or near College Street,E01031116,Nuneaton and Bedworth 009B,Vehicle crime,Investigation complete; no suspect identified,
b7b059838856729eb44faf6dbc0a5f378e7c610e663b2df04cfc713acd17f1ce,2017-11,Warwickshire Police,Warwickshire Police,-1.471014,52.510030,On or near Marner Road,E01031116,Nuneaton and Bedworth 009B,Violence and sexual offences,Status update unavailable,
130dacd417fed69af846ddb9c7a1cfbed4c464c62039cda0fd159a9742a17d48,2017-11,Warwickshire Police,Warwickshire Police,-1.462706,52.511072,On or near Caldwell Road,E01031116,Nuneaton and Bedworth 009B,Violence and sexual offences,Status update unavailable,
764cc9a5268c80fc2c85da43ec69ea49803ffffb0b77187cf7e44c6df7654a32,2017-11,Warwickshire Police,Warwickshire Police,-1.460260,52.509847,On or near Morris Drive,E01031116,Nuneaton and Bedworth 009B,Violence and sexual offences,Status update unavailable,
5f0ba3f2e037f44e673e2b2cd956f164d3786444a13e3e8251d901d3febf08e5,2017-11,Warwickshire Police,Warwickshire Police,-1.471372,52.512135,On or near College Street,E01031116,Nuneaton and Bedworth 009B,Violence and sexual offences,Status update unavailable,
2d5d9cf547890733304c1cc070d671fa88b46fa334583e76d97b42da46424f2a,2017-11,Warwickshire Police,Warwickshire Police,-1.470467,52.508922,On or near Middlemarch Road,E01031116,Nuneaton and Bedworth 009B,Violence and sexual offences,Status update unavailable,
27418123b35e1e73186be9218a865ec71a54bbbfc2abee49bcd9da0d30cce15b,2017-11,Warwickshire Police,Warwickshire Police,-1.470467,52.508922,On or near Middlemarch Road,E01031116,Nuneaton and Bedworth 009B,Violence and sexual offences,Court result unavailable,
3a2120d8b6be1dc0ed9a4798ea2d26c8c56342301dd40dd35a5f79acebc6cfcb,2017-11,Warwickshire Police,Warwickshire Police,-1.470467,52.508922,On or near Middlemarch Road,E01031116,Nuneaton and Bedworth 009B,Violence and sexual offences,Status update unavailable,
c4c66cb7709ca6cad21c7a2b5f0e897bf4f20771b54afdd79fc4ab31aa127300,2017-11,Warwickshire Police,Warwickshire Police,-1.470467,52.508922,On or near Middlemarch Road,E01031116,Nuneaton and Bedworth 009B,Violence and sexual offences,Formal action is not in the public interest,
968496b36d2e6df8581589a639f0f958c3c297cbb65d951ed4abd47ed08693c9,2017-11,Warwickshire Police,Warwickshire Police,-1.470467,52.508922,On or near Middlemarch Road,E01031116,Nuneaton and Bedworth 009B,Violence and sexual offences,Status update unavailable,
e76439c54cd5223c57533d3950b86d86da1b0e0c43c9f84366e756a4af9a761c,2017-11,Warwickshire Police,Warwickshire Police,-1.471014,52.510030,On or near Marner Road,E01031116,Nuneaton and Bedworth 009B,Violence and sexual offences,Status update unavailable,
a208416d1a0efff37482b9ebcd3e52c57822c57d1ecf6a9c32056d1486d93058,2017-11,Warwickshire Police,Warwickshire Police,-1.471659,52.507822,On or near Gilfil Road,E01031116,Nuneaton and Bedworth 009B,Violence and sexual offences,Court result unavailable,
99c9e6ca74823682c0310ddabcc4baf8a79a93500ddbd80fce576f64ce09ca37,2017-11,Warwickshire Police,Warwickshire Police,-1.474326,52.507797,On or near Buckingham Close,E01031116,Nuneaton and Bedworth 009B,Other crime,Investigation complete; no suspect identified,
,2017-11,Warwickshire Police,Warwickshire Police,-1.459329,52.506498,On or near Fir Tree Grove,E01031117,Nuneaton and Bedworth 009C,Anti-social behaviour,,
,2017-11,Warwickshire Police,Warwickshire Police,-1.453188,52.509850,On or near Leyland Road,E01031117,Nuneaton and Bedworth 009C,Anti-social behaviour,,
d43dc3b2144b9fc19733deedb2966951ce6b3e288500cdc5ecae434083250f39,2017-11,Warwickshire Police,Warwickshire Police,-1.458348,52.507132,On or near Raveloe Drive,E01031117,Nuneaton and Bedworth 009C,Burglary,Status update unavailable,
1e8cb134a8a84d5be60631f2107ed4f5f8f1d9ea40d0c55422c57f59840dcbd1,2017-11,Warwickshire Police,Warwickshire Police,-1.461279,52.508458,On or near Donnithorne Avenue,E01031117,Nuneaton and Bedworth 009C,Criminal damage and arson,Status update unavailable,
babb5cd5c7e9ab2f0a205b4623314ca0b20af51e2d02900bc9e7aabc53e65a6a,2017-11,Warwickshire Police,Warwickshire Police,-1.458348,52.507132,On or near Raveloe Drive,E01031117,Nuneaton and Bedworth 009C,Criminal damage and arson,Investigation complete; no suspect identified,
109e5432ab08f99addd4118b771b0be0ed34e387665f3cdf1cf019d51100f518,2017-11,Warwickshire Police,Warwickshire Police,-1.459449,52.505123,On or near Red Deeps,E01031117,Nuneaton and Bedworth 009C,Drugs,Formal action is not in the public interest,
d297848df3e684501920ca0a44ecbfb0032bd55e674724cd9e46953de7c21437,2017-11,Warwickshire Police,Warwickshire Police,-1.452860,52.506541,On or near Marston Lane,E01031117,Nuneaton and Bedworth 009C,Vehicle crime,Investigation complete; no suspect identified,
139ed1f91b7061565c3dd9bbe2837278f32b2611169b4b7edd455424d30c0c16,2017-11,Warwickshire Police,Warwickshire Police,-1.460720,52.505956,On or near Bradestone Road,E01031117,Nuneaton and Bedworth 009C,Vehicle crime,Investigation complete; no suspect identified,
233dfc0f56efafebacdaac11d24f0a38555bc5892c776e6933af9620460df094,2017-11,Warwickshire Police,Warwickshire Police,-1.452860,52.506541,On or near Marston Lane,E01031117,Nuneaton and Bedworth 009C,Violence and sexual offences,Unable to prosecute suspect,
32c97508ca2c5c64a83d8c0e6124e121c16d8d6c141d4d14d4af055ac29be212,2017-11,Warwickshire Police,Warwickshire Police,-1.461279,52.508458,On or near Donnithorne Avenue,E01031117,Nuneaton and Bedworth 009C,Violence and sexual offences,Unable to prosecute suspect,
414cc021605243dbca653997827e817a7689fb532018830c949b1d2536175284,2017-11,Warwickshire Police,Warwickshire Police,-1.460637,52.507925,On or near Franklin Road,E01031117,Nuneaton and Bedworth 009C,Other crime,Court result unavailable,
,2017-11,Warwickshire Police,Warwickshire Police,-1.465498,52.506814,On or near Tulliver Road,E01031118,Nuneaton and Bedworth 009D,Anti-social behaviour,,
,2017-11,Warwickshire Police,Warwickshire Police,-1.465664,52.505286,On or near Sudeley Road,E01031118,Nuneaton and Bedworth 009D,Anti-social behaviour,,
b7b9184691ffa1bad5b40613b3668fff61a131208106087c2250f0aa1366ebd0,2017-11,Warwickshire Police,Warwickshire Police,-1.473999,52.503085,On or near Park/Open Space,E01031118,Nuneaton and Bedworth 009D,Bicycle theft,Status update unavailable,
8b9fdd9d84eb7b6ddbcde2d2d280567f6b92dfa9cdbd47a063b413141a3edaec,2017-11,Warwickshire Police,Warwickshire Police,-1.473999,52.503085,On or near Park/Open Space,E01031118,Nuneaton and Bedworth 009D,Burglary,Investigation complete; no suspect identified,
65bba217b6f86571cd27001702e8e070f6b72a83880dc6dae1f0bb4efc92e197,2017-11,Warwickshire Police,Warwickshire Police,-1.468730,52.506370,On or near Coventry Road,E01031118,Nuneaton and Bedworth 009D,Burglary,Investigation complete; no suspect identified,
a3b93f23021b466be3afcb2dfe7cf5821e8c6c34f96c95edbe8830dd0c6a0427,2017-11,Warwickshire Police,Warwickshire Police,-1.468730,52.506370,On or near Coventry Road,E01031118,Nuneaton and Bedworth 009D,Criminal damage and arson,Status update unavailable,
d3a19174578061afedda26857a500b32fbc7c814ba6a8e572f210e40fec94445,2017-11,Warwickshire Police,Warwickshire Police,-1.465498,52.506814,On or near Tulliver Road,E01031118,Nuneaton and Bedworth 009D,Possession of weapons,Status update unavailable,
d9b31bcfa3036ad73ad9442b0fc3404761c7dd67666694b99b5ab788be23fdc6,2017-11,Warwickshire Police,Warwickshire Police,-1.465498,52.506814,On or near Tulliver Road,E01031118,Nuneaton and Bedworth 009D,Public order,Status update unavailable,
f9a7adbc58d53c7294570ae252e395f897758def2194500930f921f3410a2de4,2017-11,Warwickshire Police,Warwickshire Police,-1.468730,52.506370,On or near Coventry Road,E01031118,Nuneaton and Bedworth 009D,Theft from the person,Unable to prosecute suspect,
1e374891aaafd36d6545c429c1aeedb846c7c972cccb6201745db7f797f9bf34,2017-11,Warwickshire Police,Warwickshire Police,-1.465498,52.506814,On or near Tulliver Road,E01031118,Nuneaton and Bedworth 009D,Vehicle crime,Investigation complete; no suspect identified,
42dff682ec18d8aaaedd1de04bbaf46379916dd5823616558b86a694c9240a85,2017-11,Warwickshire Police,Warwickshire Police,-1.473999,52.503085,On or near Park/Open Space,E01031118,Nuneaton and Bedworth 009D,Vehicle crime,Investigation complete; no suspect identified,
4f1022b5345788735c48b7177a2c674484094aa7b9d23a03bb8e5d065a330af3,2017-11,Warwickshire Police,Warwickshire Police,-1.467016,52.505544,On or near Dorlecote Road,E01031118,Nuneaton and Bedworth 009D,Vehicle crime,Investigation complete; no suspect identified,
690417598d961e684a6570fa9447f6c917b039b1dc1418636bb0e1c1faa6426e,2017-11,Warwickshire Police,Warwickshire Police,-1.465664,52.505286,On or near Sudeley Road,E01031118,Nuneaton and Bedworth 009D,Violence and sexual offences,Status update unavailable,
133f3016eb5ee3ab9a4995a48ccb3a8e846b39a310fafa0bba16f606baa0be11,2017-11,Warwickshire Police,Warwickshire Police,-1.467292,52.504664,On or near Dorlecote Place,E01031118,Nuneaton and Bedworth 009D,Violence and sexual offences,Status update unavailable,
686ef0a2e36d67753fb112ed16a013ad8c763fa3e3d5d0d19b1c4ad46a532d80,2017-11,Warwickshire Police,Warwickshire Police,-1.473999,52.503085,On or near Park/Open Space,E01031118,Nuneaton and Bedworth 009D,Violence and sexual offences,Court result unavailable,
0bb4615a9364fbe995b068aba98acd34f9af514cfb41a2410a5b3a8fa46cfd44,2017-11,Warwickshire Police,Warwickshire Police,-1.465498,52.506814,On or near Tulliver Road,E01031118,Nuneaton and Bedworth 009D,Violence and sexual offences,Status update unavailable,
12f845ee3025485cb4addaaea259c42ebadaa831e321a214d7de7d011b0c779a,2017-11,Warwickshire Police,Warwickshire Police,-1.468730,52.506370,On or near Coventry Road,E01031118,Nuneaton and Bedworth 009D,Violence and sexual offences,Status update unavailable,
45567fed853f6d60dbba48e93312ba23945e649142cd82f1448daf8fa04103cd,2017-11,Warwickshire Police,Warwickshire Police,-1.468730,52.506370,On or near Coventry Road,E01031118,Nuneaton and Bedworth 009D,Violence and sexual offences,Status update unavailable,
eb5046046eb140e05560bc9ebf4e08adeabf3d2ccb06e6a48969d956d8365ca3,2017-11,Warwickshire Police,Warwickshire Police,-1.468730,52.506370,On or near Coventry Road,E01031118,Nuneaton and Bedworth 009D,Violence and sexual offences,Local resolution,
d465c3965d9e01ae6c9c8fa5b0ec19e655dbf6d9b17751941edb6d056a88a588,2017-11,Warwickshire Police,Warwickshire Police,-1.467292,52.504664,On or near Dorlecote Place,E01031118,Nuneaton and Bedworth 009D,Violence and sexual offences,Status update unavailable,
6b7cadbed4e1c467b78a024d68e53691d237ed353d96f70e77811fa637df8e1e,2017-11,Warwickshire Police,Warwickshire Police,-1.467292,52.504664,On or near Dorlecote Place,E01031118,Nuneaton and Bedworth 009D,Violence and sexual offences,Status update unavailable,
bec18c90b250453bcea2245a1b403eef9aca704d6e428eabad9ae49bce8413e1,2017-11,Warwickshire Police,Warwickshire Police,-1.467292,52.504664,On or near Dorlecote Place,E01031118,Nuneaton and Bedworth 009D,Violence and sexual offences,Unable to prosecute suspect,
55c264d2efb40257b4dfbcaf5e47cf37605d39d099614c2397bb800d61fd8678,2017-11,Warwickshire Police,Warwickshire Police,-1.468730,52.506370,On or near Coventry Road,E01031118,Nuneaton and Bedworth 009D,Violence and sexual offences,Unable to prosecute suspect,
,2017-11,Warwickshire Police,Warwickshire Police,-1.468654,52.520008,On or near Dugdale Street,E01031119,Nuneaton and Bedworth 009E,Anti-social behaviour,,
,2017-11,Warwickshire Police,Warwickshire Police,-1.463988,52.517065,On or near Pedestrian Subway,E01031119,Nuneaton and Bedworth 009E,Anti-social behaviour,,
,2017-11,Warwickshire Police,Warwickshire Police,-1.470391,52.520141,On or near Prince'S Street,E01031119,Nuneaton and Bedworth 009E,Anti-social behaviour,,
,2017-11,Warwickshire Police,Warwickshire Police,-1.468654,52.520008,On or near Dugdale Street,E01031119,Nuneaton and Bedworth 009E,Anti-social behaviour,,
,2017-11,Warwickshire Police,Warwickshire Police,-1.466341,52.516302,On or near Home Park Road,E01031119,Nuneaton and Bedworth 009E,Anti-social behaviour,,
,2017-11,Warwickshire Police,Warwickshire Police,-1.462424,52.517264,On or near Ribbonfields,E01031119,Nuneaton and Bedworth 009E,Anti-social behaviour,,
,2017-11,Warwickshire Police,Warwickshire Police,-1.468654,52.520008,On or near Dugdale Street,E01031119,Nuneaton and Bedworth 009E,Anti-social behaviour,,
,2017-11,Warwickshire Police,Warwickshire Police,-1.463988,52.517065,On or near Pedestrian Subway,E01031119,Nuneaton and Bedworth 009E,Anti-social behaviour,,
7d8b7311bbb032666a72c7208fa54509f6df8390e2c44eb1860e644c6acb5d13,2017-11,Warwickshire Police,Warwickshire Police,-1.471683,52.518160,On or near Frank Street,E01031119,Nuneaton and Bedworth 009E,Criminal damage and arson,Court result unavailable,
f3091f4084886b02986682805644665fd8f5df566aa1903c88ea5d044a7dfd58,2017-11,Warwickshire Police,Warwickshire Police,-1.468784,52.519037,On or near Riversley Road,E01031119,Nuneaton and Bedworth 009E,Criminal damage and arson,Investigation complete; no suspect identified,
27924736c498b7490ab1b128e5f45c048045e4f5224283ca9da28807bd31d1c7,2017-11,Warwickshire Police,Warwickshire Police,-1.471683,52.518160,On or near Frank Street,E01031119,Nuneaton and Bedworth 009E,Criminal damage and arson,Defendant found not guilty,
2e62f40ba423428a6866edc584a4425302bb388959f312500af83959c800a8db,2017-11,Warwickshire Police,Warwickshire Police,-1.471683,52.518160,On or near Frank Street,E01031119,Nuneaton and Bedworth 009E,Criminal damage and arson,Investigation complete; no suspect identified,
6aede69316b8713d3712a5a153919dbff3859e2b72c7ff38444268d495042f37,2017-11,Warwickshire Police,Warwickshire Police,-1.470324,52.519602,On or near The Parade,E01031119,Nuneaton and Bedworth 009E,Other theft,Status update unavailable,
71558b76ff5059d1de5f12fe5b2ad50752eeca96df4e80b13f59b1500d1e4fb6,2017-11,Warwickshire Police,Warwickshire Police,-1.462424,52.517264,On or near Ribbonfields,E01031119,Nuneaton and Bedworth 009E,Public order,Status update unavailable,
2f479759a7f2bf7b1b1feb76a03d0f4ef99f2bf3f2f6c90a2d935115419541f3,2017-11,Warwickshire Police,Warwickshire Police,-1.463988,52.517065,On or near Pedestrian Subway,E01031119,Nuneaton and Bedworth 009E,Robbery,Status update unavailable,
b2ab8925ea667509abac3a720e8c71ab7c6d84268b5a256a57ddeb87d6cd0ba9,2017-11,Warwickshire Police,Warwickshire Police,-1.467638,52.519895,On or near Further/Higher Educational Building,E01031119,Nuneaton and Bedworth 009E,Theft from the person,Status update unavailable,
beab3377682b612a5ca82ffaf338aa3936858f5d2302de95567e5cd2363d008e,2017-11,Warwickshire Police,Warwickshire Police,-1.471683,52.518160,On or near Frank Street,E01031119,Nuneaton and Bedworth 009E,Vehicle crime,Investigation complete; no suspect identified,
a1f2f50e02adf7e7ec891233c7737a6f5f261aafebda8a365963e318b8b32ef7,2017-11,Warwickshire Police,Warwickshire Police,-1.462424,52.517264,On or near Ribbonfields,E01031119,Nuneaton and Bedworth 009E,Vehicle crime,Investigation complete; no suspect identified,
d987b33d4f66d1a4652ca6e6d11edfec2fdbfd197baadae56d4b09e18d0c3ad6,2017-11,Warwickshire Police,Warwickshire Police,-1.463988,52.517065,On or near Pedestrian Subway,E01031119,Nuneaton and Bedworth 009E,Vehicle crime,Investigation complete; no suspect identified,
ac5dc05570b1f206f776f57ef407d123028d2e0b6c4331061f62c895c3eca77f,2017-11,Warwickshire Police,Warwickshire Police,-1.473720,52.519086,On or near Prince'S Avenue,E01031119,Nuneaton and Bedworth 009E,Vehicle crime,Investigation complete; no suspect identified,
b5ff271dc66eb80c4b9bd87b3dd59dabdab7a7ae2ee5d1ee2a03383de2035de5,2017-11,Warwickshire Police,Warwickshire Police,-1.468986,52.518112,On or near Harold Street,E01031119,Nuneaton and Bedworth 009E,Vehicle crime,Investigation complete; no suspect identified,
f1332fc2469a2afa6bc5a89d829c8d88405e2440ffa09ae97d4235b369936512,2017-11,Warwickshire Police,Warwickshire Police,-1.466341,52.516302,On or near Home Park Road,E01031119,Nuneaton and Bedworth 009E,Violence and sexual offences,Status update unavailable,
e3747db782dd53034eb1a2dfbe1c8407b1580eaf2d74a10f15b59d462c6f6237,2017-11,Warwickshire Police,Warwickshire Police,-1.468986,52.518112,On or near Harold Street,E01031119,Nuneaton and Bedworth 009E,Violence and sexual offences,Status update unavailable,
,2017-11,Warwickshire Police,Warwickshire Police,-1.454497,52.517138,On or near William Street,E01031052,Nuneaton and Bedworth 010A,Anti-social behaviour,,
,2017-11,Warwickshire Police,Warwickshire Police,-1.457390,52.517943,On or near Lister Street,E01031052,Nuneaton and Bedworth 010A,Anti-social behaviour,,
,2017-11,Warwickshire Police,Warwickshire Police,-1.457185,52.516656,On or near Holman Way,E01031052,Nuneaton and Bedworth 010A,Anti-social behaviour,,
fd5416d038c0a8638a43f3bed6e95f5771a3ca76062ec01f24fc2dca70499b62,2017-11,Warwickshire Police,Warwickshire Police,-1.457115,52.519955,On or near Conwy Close,E01031052,Nuneaton and Bedworth 010A,Burglary,Investigation complete; no suspect identified,
a5564bffd87bcae6f387786e20d1c1c987006f583b390e40e32b30596f08b6fc,2017-11,Warwickshire Police,Warwickshire Police,-1.454497,52.517138,On or near William Street,E01031052,Nuneaton and Bedworth 010A,Criminal damage and arson,Investigation complete; no suspect identified,
0b81868bcebb56db7bb07a3fd7aaa4df85be90b5561aa2505e510d173ec2e9d2,2017-11,Warwickshire Police,Warwickshire Police,-1.454497,52.517138,On or near William Street,E01031052,Nuneaton and Bedworth 010A,Criminal damage and arson,Status update unavailable,
043a6af645dc6ce8b5c64e22f45ba07708bdc90cf99a93490399598ddfed67b9,2017-11,Warwickshire Police,Warwickshire Police,-1.457185,52.516656,On or near Holman Way,E01031052,Nuneaton and Bedworth 010A,Public order,Investigation complete; no suspect identified,
60fca58a29d6586aec6ab22ee4117da27277387aab6fe712a5f649c62d19d7cd,2017-11,Warwickshire Police,Warwickshire Police,-1.457390,52.517943,On or near Lister Street,E01031052,Nuneaton and Bedworth 010A,Violence and sexual offences,Status update unavailable,
,2017-11,Warwickshire Police,Warwickshire Police,-1.452015,52.514052,On or near Garrett Street,E01031053,Nuneaton and Bedworth 010B,Anti-social behaviour,,
,2017-11,Warwickshire Police,Warwickshire Police,-1.452015,52.514052,On or near Garrett Street,E01031053,Nuneaton and Bedworth 010B,Anti-social behaviour,,
,2017-11,Warwickshire Police,Warwickshire Police,-1.452015,52.514052,On or near Garrett Street,E01031053,Nuneaton and Bedworth 010B,Anti-social behaviour,,
,2017-11,Warwickshire Police,Warwickshire Police,-1.459227,52.515955,On or near Ashby Court,E01031053,Nuneaton and Bedworth 010B,Anti-social behaviour,,
,2017-11,Warwickshire Police,Warwickshire Police,-1.459467,52.513232,On or near Petrol Station,E01031053,Nuneaton and Bedworth 010B,Anti-social behaviour,,
,2017-11,Warwickshire Police,Warwickshire Police,-1.452015,52.514052,On or near Garrett Street,E01031053,Nuneaton and Bedworth 010B,Anti-social behaviour,,
,2017-11,Warwickshire Police,Warwickshire Police,-1.452015,52.514052,On or near Garrett Street,E01031053,Nuneaton and Bedworth 010B,Anti-social behaviour,,
,2017-11,Warwickshire Police,Warwickshire Police,-1.459232,52.515605,On or near Pingle Court,E01031053,Nuneaton and Bedworth 010B,Anti-social behaviour,,
b6551790bf7b3b9d7b260aa2dad434e8d34f01b95d3045269e8393848496bc7d,2017-11,Warwickshire Police,Warwickshire Police,-1.455678,52.515768,On or near Trinity Walk,E01031053,Nuneaton and Bedworth 010B,Burglary,Investigation complete; no suspect identified,
2bfffa39090fb4845d56e76df2308f8010d17d3a0652437e13f4e10d3d477cb2,2017-11,Warwickshire Police,Warwickshire Police,-1.459467,52.513232,On or near Petrol Station,E01031053,Nuneaton and Bedworth 010B,Burglary,Investigation complete; no suspect identified,
650db2341f434cd34231c9be49583a6f816385924857cbad45e41a2a0cd8e562,2017-11,Warwickshire Police,Warwickshire Police,-1.459227,52.515955,On or near Ashby Court,E01031053,Nuneaton and Bedworth 010B,Criminal damage and arson,Status update unavailable,
e63907be0b4a3e47e1cef07b04e9d1eceea7b0bde82d6ae633ccc776e67b9cd6,2017-11,Warwickshire Police,Warwickshire Police,-1.452015,52.514052,On or near Garrett Street,E01031053,Nuneaton and Bedworth 010B,Criminal damage and arson,Investigation complete; no suspect identified,
027fb974dd347e5adbc118f82c5299c0812a7be55f119176d01d649a41343ed7,2017-11,Warwickshire Police,Warwickshire Police,-1.458970,52.512880,On or near Lloyd Close,E01031053,Nuneaton and Bedworth 010B,Criminal damage and arson,Status update unavailable,
abfdfdd8efe87196ea36f85ce6d6836f45908f45d5060c61d232e11e6ed672ba,2017-11,Warwickshire Police,Warwickshire Police,-1.454656,52.516222,On or near Park Avenue,E01031053,Nuneaton and Bedworth 010B,Criminal damage and arson,Investigation complete; no suspect identified,
895c4179903a74541cd01e50b7c579774e43663e7dbd93dc781cd14b267bb20d,2017-11,Warwickshire Police,Warwickshire Police,-1.453436,52.512423,On or near Lutterworth Road,E01031053,Nuneaton and Bedworth 010B,Criminal damage and arson,Investigation complete; no suspect identified,
a8e98a44d628e7c8b42fa8bf234877184a8fce6a5f48bf08f2aa3b6b0ba498b4,2017-11,Warwickshire Police,Warwickshire Police,-1.460230,52.518333,On or near Theatre/Concert Hall,E01031053,Nuneaton and Bedworth 010B,Other theft,Status update unavailable,
9396bcde20963b3d1de26b7ec6e322a489630da1d52ae117e96002e644d2ca45,2017-11,Warwickshire Police,Warwickshire Police,-1.455841,52.512137,On or near Kem Street,E01031053,Nuneaton and Bedworth 010B,Shoplifting,Investigation complete; no suspect identified,
675510acb8656d483bcf73589f75f8e2feaf75637bf96508d4968537de95b1e7,2017-11,Warwickshire Police,Warwickshire Police,-1.454656,52.516222,On or near Park Avenue,E01031053,Nuneaton and Bedworth 010B,Vehicle crime,Investigation complete; no suspect identified,
d046441ad6e65bfed7b8a72fc48606e7cb2696656797fbfef339a29ef36cfe6c,2017-11,Warwickshire Police,Warwickshire Police,-1.460230,52.518333,On or near Theatre/Concert Hall,E01031053,Nuneaton and Bedworth 010B,Vehicle crime,Investigation complete; no suspect identified,
2a7dc66b264a45fc85de9d79da6cd7a16d8d182630fe33a20ce048de94143ce5,2017-11,Warwickshire Police,Warwickshire Police,-1.452015,52.514052,On or near Garrett Street,E01031053,Nuneaton and Bedworth 010B,Vehicle crime,Investigation complete; no suspect identified,
35afd38121c0d987100f10b62a2b9650f4bdbd8a64bb3be93c333d4072b3c712,2017-11,Warwickshire Police,Warwickshire Police,-1.452015,52.514052,On or near Garrett Street,E01031053,Nuneaton and Bedworth 010B,Violence and sexual offences,Unable to prosecute suspect,
0eee957fc0c488d9e0005e84d9ad1d7da97a14035d323bf122233e5cd1cf3674,2017-11,Warwickshire Police,Warwickshire Police,-1.452015,52.514052,On or near Garrett Street,E01031053,Nuneaton and Bedworth 010B,Violence and sexual offences,Status update unavailable,
4e4dde43d83e7e098b252e24d9377f68d4ad0fa1c32c68ee9f7352945eb902ee,2017-11,Warwickshire Police,Warwickshire Police,-1.457589,52.511381,On or near Wembrook Close,E01031053,Nuneaton and Bedworth 010B,Violence and sexual offences,Status update unavailable,
c9e1f3bc13042d25c88bc37df72100f9fd8b4b25d5608aea13f53f5cf1717cf2,2017-11,Warwickshire Police,Warwickshire Police,-1.457589,52.511381,On or near Wembrook Close,E01031053,Nuneaton and Bedworth 010B,Violence and sexual offences,Status update unavailable,
f5383ea6c24e58b100f482ee34e049c0f3442aeb962db921cf0579088e38823f,2017-11,Warwickshire Police,Warwickshire Police,-1.452015,52.514052,On or near Garrett Street,E01031053,Nuneaton and Bedworth 010B,Other crime,Status update unavailable,
,2017-11,Warwickshire Police,Warwickshire Police,-1.451563,52.511362,On or near Cavalier Close,E01031054,Nuneaton and Bedworth 010C,Anti-social behaviour,,
,2017-11,Warwickshire Police,Warwickshire Police,-1.449647,52.508998,On or near Ivanhoe Avenue,E01031054,Nuneaton and Bedworth 010C,Anti-social behaviour,,
,2017-11,Warwickshire Police,Warwickshire Police,-1.449647,52.508998,On or near Ivanhoe Avenue,E01031054,Nuneaton and Bedworth 010C,Anti-social behaviour,,
18653105d42a02207786b045eaa50838c69e07cd9b9e99e87f65cdbebf39b08a,2017-11,Warwickshire Police,Warwickshire Police,-1.451911,52.508226,On or near Roxburgh Road,E01031054,Nuneaton and Bedworth 010C,Burglary,Investigation complete; no suspect identified,
30d790324b19939f216426ec108cb924e952aac1e1a43f34babb586cb6f1b380,2017-11,Warwickshire Police,Warwickshire Police,-1.451911,52.508226,On or near Roxburgh Road,E01031054,Nuneaton and Bedworth 010C,Burglary,Investigation complete; no suspect identified,
27e836974002506c87bfd7882ac7b502a58238b24ad30339c8e90ff96c403079,2017-11,Warwickshire Police,Warwickshire Police,-1.451366,52.510624,On or near Leyland Road,E01031054,Nuneaton and Bedworth 010C,Robbery,Unable to prosecute suspect,
aaa6d6a92b24c033bffeaf16dc845d63cbb6c504dfb1307f32816bbcede1055d,2017-11,Warwickshire Police,Warwickshire Police,-1.443684,52.507514,On or near Mill Close,E01031054,Nuneaton and Bedworth 010C,Vehicle crime,Investigation complete; no suspect identified,
c3c732057b3afa7cab62e8f16277268f507f8d112bbad349ee967d18b3f36c68,2017-11,Warwickshire Police,Warwickshire Police,-1.451826,52.512694,On or near Mayfield Road,E01031054,Nuneaton and Bedworth 010C,Vehicle crime,Investigation complete; no suspect identified,
fec5580b3980d9d00a11aee8617bb63dd2c9b58590289e88c73ad6e9d0fdc370,2017-11,Warwickshire Police,Warwickshire Police,-1.449401,52.506264,On or near Bronze Close,E01031054,Nuneaton and Bedworth 010C,Violence and sexual offences,Offender given a caution,
,2017-11,Warwickshire Police,Warwickshire Police,-1.447306,52.503027,On or near Trentham Close,E01031055,Nuneaton and Bedworth 010D,Anti-social behaviour,,
,2017-11,Warwickshire Police,Warwickshire Police,-1.447019,52.502405,On or near Packwood Close,E01031055,Nuneaton and Bedworth 010D,Anti-social behaviour,,
,2017-11,Warwickshire Police,Warwickshire Police,-1.447019,52.502405,On or near Packwood Close,E01031055,Nuneaton and Bedworth 010D,Anti-social behaviour,,
,2017-11,Warwickshire Police,Warwickshire Police,-1.451721,52.505708,On or near Gold Close,E01031055,Nuneaton and Bedworth 010D,Anti-social behaviour,,
7106a398d44efe87f0d00275e28f7b6b085eeca5ec2bb9791a85df43e6cdd025,2017-11,Warwickshire Police,Warwickshire Police,-1.451204,52.504690,On or near Exbury Way,E01031055,Nuneaton and Bedworth 010D,Burglary,Status update unavailable,
1ff5f5aeae98a5716d15e0d31bdea94355876beac95222db1eec535c38f926b2,2017-11,Warwickshire Police,Warwickshire Police,-1.451204,52.504690,On or near Exbury Way,E01031055,Nuneaton and Bedworth 010D,Criminal damage and arson,Status update unavailable,
b0675008659e9dff20a756effb7cd214ec958dae167d24357c1d6784700689ad,2017-11,Warwickshire Police,Warwickshire Police,-1.447019,52.502405,On or near Packwood Close,E01031055,Nuneaton and Bedworth 010D,Public order,Status update unavailable,
235ea07325e2b5ba15210e9582e9a4d41028bec2e964e3ea7ae42a47ad53c525,2017-11,Warwickshire Police,Warwickshire Police,-1.447590,52.501491,On or near Rockingham Drive,E01031055,Nuneaton and Bedworth 010D,Vehicle crime,Investigation complete; no suspect identified,
c53488b0f05c289d30dffc644a5e1585e25c3e078edc20eae6ca205fa360f0a4,2017-11,Warwickshire Police,Warwickshire Police,-1.449812,52.501699,On or near Marwood Close,E01031055,Nuneaton and Bedworth 010D,Vehicle crime,Investigation complete; no suspect identified,
4c2dc11ff92df957d3950948824dbce4725c5519fdb196bf6d9cde6784f8bd7c,2017-11,Warwickshire Police,Warwickshire Police,-1.447069,52.504302,On or near Snowshill Close,E01031055,Nuneaton and Bedworth 010D,Vehicle crime,Investigation complete; no suspect identified,
5277d0252cdb5b4b805986f77ad848384d923882a2d043ec66fc010cdec00cc9,2017-11,Warwickshire Police,Warwickshire Police,-1.447657,52.505527,On or near Charlecote Walk,E01031055,Nuneaton and Bedworth 010D,Violence and sexual offences,Status update unavailable,
40eddcedf82094256cadb48bf57c4fd210827f1f153b3f9b44d0fe919fe53476,2017-11,Warwickshire Police,Warwickshire Police,-1.447657,52.505527,On or near Charlecote Walk,E01031055,Nuneaton and Bedworth 010D,Violence and sexual offences,Status update unavailable,
38b53dad7f7c17ca571fdbb75097ca42e59fa0cab82a4df96011841aa83657c8,2017-11,Warwickshire Police,Warwickshire Police,-1.447990,52.506014,On or near Hidcote Close,E01031055,Nuneaton and Bedworth 010D,Violence and sexual offences,Status update unavailable,
1255c8bc4f0c619dac0add4b0c85160f0cdf0e9994c22690252e5352c1904a7a,2017-11,Warwickshire Police,Warwickshire Police,-1.447069,52.504302,On or near Snowshill Close,E01031055,Nuneaton and Bedworth 010D,Violence and sexual offences,Unable to prosecute suspect,
056be3bce5734913f68e93a63975ec5ed3a9bab1235b02048478ae1ff62bbb29,2017-11,Warwickshire Police,Warwickshire Police,-1.447019,52.502405,On or near Packwood Close,E01031055,Nuneaton and Bedworth 010D,Violence and sexual offences,Status update unavailable,
cf48eb05663f1d4d888e4d967def8709c0a42436d69039e73ceeedf8ea966f44,2017-11,Warwickshire Police,Warwickshire Police,-1.447306,52.503027,On or near Trentham Close,E01031055,Nuneaton and Bedworth 010D,Violence and sexual offences,Investigation complete; no suspect identified,
e2ef5bd802908dcd452c17e8929b602342b3330510231f8e44b97c856dc43d46,2017-11,Warwickshire Police,Warwickshire Police,-1.451204,52.504690,On or near Exbury Way,E01031055,Nuneaton and Bedworth 010D,Violence and sexual offences,Status update unavailable,
,2017-11,Warwickshire Police,Warwickshire Police,-1.438734,52.500559,On or near Britten Close,E01031056,Nuneaton and Bedworth 010E,Anti-social behaviour,,
e475ece0003e31b0bf8e467e2d0bdf3bfb0aaf07309e9312bef510b84b1f5bf7,2017-11,Warwickshire Police,Warwickshire Police,-1.442465,52.502563,On or near Faultlands Close,E01031056,Nuneaton and Bedworth 010E,Public order,Status update unavailable,
df77f47c84388480fb2551f197b5b118deca37879db317b3be47a9ee04dc3d89,2017-11,Warwickshire Police,Warwickshire Police,-1.440520,52.503705,On or near Magyar Crescent,E01031056,Nuneaton and Bedworth 010E,Public order,Unable to prosecute suspect,
65ee384bf719b91529eb722df8af702e0b2bc20146fe740b3f0bddb9f7db35dc,2017-11,Warwickshire Police,Warwickshire Police,-1.440520,52.503705,On or near Magyar Crescent,E01031056,Nuneaton and Bedworth 010E,Public order,Status update unavailable,
c6bd385eb2b35a90d4bae330fdc808fbb5e72b21a95591e0e24803b129cdb8e4,2017-11,Warwickshire Police,Warwickshire Police,-1.443642,52.501472,On or near Gipsy Lane,E01031056,Nuneaton and Bedworth 010E,Vehicle crime,Investigation complete; no suspect identified,
839f61d424a1f1708ca271ca299738178c280ac32e218dc2de4f0b6a1f6572d7,2017-11,Warwickshire Police,Warwickshire Police,-1.440520,52.503705,On or near Magyar Crescent,E01031056,Nuneaton and Bedworth 010E,Violence and sexual offences,Status update unavailable,
,2017-11,Warwickshire Police,Warwickshire Police,-1.445890,52.512513,On or near Arlington Way,E01031120,Nuneaton and Bedworth 011A,Anti-social behaviour,,
,2017-11,Warwickshire Police,Warwickshire Police,-1.444636,52.519619,On or near Liberty Way,E01031120,Nuneaton and Bedworth 011A,Anti-social behaviour,,
dee1c78c2ba085c4a92d5bd2e7556357590c9951329864435a5a3036d3bb20b2,2017-11,Warwickshire Police,Warwickshire Police,-1.445293,52.511944,On or near Burghley Close,E01031120,Nuneaton and Bedworth 011A,Burglary,Investigation complete; no suspect identified,
6dc9e1132a6cc117d2da735d7b000d2e2285f9298fde6f904b463bc55b275711,2017-11,Warwickshire Police,Warwickshire Police,-1.444725,52.511429,On or near Ragley Way,E01031120,Nuneaton and Bedworth 011A,Burglary,Formal action is not in the public interest,
c7521789cec440ae54976d072e04dad3de615889a1a614963013271a25ff47c1,2017-11,Warwickshire Police,Warwickshire Police,-1.444636,52.519619,On or near Liberty Way,E01031120,Nuneaton and Bedworth 011A,Burglary,Investigation complete; no suspect identified,
4c3510f7a4060dba23e3b7ee069efb26dc01970ac20cdaffcf9207cc00f78a95,2017-11,Warwickshire Police,Warwickshire Police,-1.445874,52.518465,On or near Alliance Close,E01031120,Nuneaton and Bedworth 011A,Other theft,Investigation complete; no suspect identified,
eca5ebf84a91ba1b9df98b2dcef10348f8c2fa510471b91cd4022d2161676a18,2017-11,Warwickshire Police,Warwickshire Police,-1.445874,52.518465,On or near Alliance Close,E01031120,Nuneaton and Bedworth 011A,Other theft,Investigation complete; no suspect identified,
317a9bb319f4bd12582b57cbacd7cd07719619de67ffb9961fb9b69a5b7c7c1f,2017-11,Warwickshire Police,Warwickshire Police,-1.444989,52.513894,On or near Raven Way,E01031120,Nuneaton and Bedworth 011A,Other theft,Offender given suspended prison sentence,
0f00dce1d3613194e6b9d009463ad4f0e6ae15b237afac6d3e4863a9c906ae4b,2017-11,Warwickshire Police,Warwickshire Police,-1.444989,52.513894,On or near Raven Way,E01031120,Nuneaton and Bedworth 011A,Public order,Further investigation is not in the public interest,
1e90a2b776ed0ff3950d8bdb66c09ad17eb91e5a716dbfa8974c14168bb8e32d,2017-11,Warwickshire Police,Warwickshire Police,-1.444989,52.513894,On or near Raven Way,E01031120,Nuneaton and Bedworth 011A,Vehicle crime,Investigation complete; no suspect identified,
fb009eab0861bd9d2458543cb76b7e2cccbea167ca4657d281573e8e85b0bb51,2017-11,Warwickshire Police,Warwickshire Police,-1.443576,52.513761,On or near Farriers Way,E01031120,Nuneaton and Bedworth 011A,Vehicle crime,Investigation complete; no suspect identified,
4ee35ac11431d87e0fd28824210e77ef0bc4a729df7c6cdeb86a8c927b178fa5,2017-11,Warwickshire Police,Warwickshire Police,-1.443576,52.513761,On or near Farriers Way,E01031120,Nuneaton and Bedworth 011A,Vehicle crime,Investigation complete; no suspect identified,
49758938dcbea458904454400d63c078fdd9d0391eb884fd50943dd94548c06a,2017-11,Warwickshire Police,Warwickshire Police,-1.442015,52.513664,On or near Holly Walk,E01031120,Nuneaton and Bedworth 011A,Violence and sexual offences,Unable to prosecute suspect,
df98d82c777179b902c083b2b72fff4d487814aa40e0a67fc88471b47f11c4fa,2017-11,Warwickshire Police,Warwickshire Police,-1.445890,52.512513,On or near Arlington Way,E01031120,Nuneaton and Bedworth 011A,Violence and sexual offences,Investigation complete; no suspect identified,
,2017-11,Warwickshire Police,Warwickshire Police,-1.438281,52.514150,On or near Leyburn Close,E01031121,Nuneaton and Bedworth 011B,Anti-social behaviour,,
e2a37d618b77a4d7111e7c7bb2ee69bd089c2753ef0ac1fe50a50977ad301e7d,2017-11,Warwickshire Police,Warwickshire Police,-1.438281,52.514150,On or near Leyburn Close,E01031121,Nuneaton and Bedworth 011B,Burglary,Investigation complete; no suspect identified,
5b6e8ad951efe117ad6ec62241b295595884d67d67307cb74d1e7b2d7b5dc7d4,2017-11,Warwickshire Police,Warwickshire Police,-1.438478,52.509044,On or near Willowfields Road,E01031121,Nuneaton and Bedworth 011B,Criminal damage and arson,Investigation complete; no suspect identified,
a5d694c0123501f9fe5f25ab5e6955329159ac97fff1c29251cce2a50335a661,2017-11,Warwickshire Police,Warwickshire Police,-1.438281,52.514150,On or near Leyburn Close,E01031121,Nuneaton and Bedworth 011B,Violence and sexual offences,Status update unavailable,
,2017-11,Warwickshire Police,Warwickshire Police,-1.439193,52.508454,On or near Klevedon Close,E01031122,Nuneaton and Bedworth 011C,Anti-social behaviour,,
,2017-11,Warwickshire Police,Warwickshire Police,-1.435633,52.506891,On or near Birkdale Close,E01031122,Nuneaton and Bedworth 011C,Anti-social behaviour,,
,2017-11,Warwickshire Police,Warwickshire Police,-1.432659,52.507857,On or near Golf Drive,E01031122,Nuneaton and Bedworth 011C,Anti-social behaviour,,
b4669c3faf83f59b8c4ecec14727efabd6d6f2d95673653756a778ba0d58a17e,2017-11,Warwickshire Police,Warwickshire Police,-1.435318,52.508472,On or near Hathaway Drive,E01031122,Nuneaton and Bedworth 011C,Burglary,Investigation complete; no suspect identified,
d6fca4b60e0fbcfc8a2429362dff6e656b5f238c249707f4e48da8ce105bbc85,2017-11,Warwickshire Police,Warwickshire Police,-1.428862,52.508621,On or near St Andrews Drive,E01031122,Nuneaton and Bedworth 011C,Burglary,Status update unavailable,
1b12cc134b196c4f3180c7f8e669ceee937b00d39b2ae0db7ed4c8ff997a76ff,2017-11,Warwickshire Police,Warwickshire Police,-1.439193,52.508454,On or near Klevedon Close,E01031122,Nuneaton and Bedworth 011C,Violence and sexual offences,Status update unavailable,
ad5bc70c4074ae3ff51a0cbd2704e8fa146da0b1d72f58b2ed4917332b610b65,2017-11,Warwickshire Police,Warwickshire Police,-1.434931,52.507643,On or near Sunningdale Close,E01031122,Nuneaton and Bedworth 011C,Violence and sexual offences,Status update unavailable,
61e9289b7b4e875e20181c45c556e7e4118ba1ca98c67a4be3ee0e1ff2c917fa,2017-11,Warwickshire Police,Warwickshire Police,-1.431700,52.506773,On or near Fairway,E01031122,Nuneaton and Bedworth 011C,Other crime,Formal action is not in the public interest,
,2017-11,Warwickshire Police,Warwickshire Police,-1.430121,52.503610,On or near Lutterworth Road,E01031123,Nuneaton and Bedworth 011D,Anti-social behaviour,,
,2017-11,Warwickshire Police,Warwickshire Police,-1.427315,52.504154,On or near Hawk Close,E01031123,Nuneaton and Bedworth 011D,Anti-social behaviour,,
f3b34a82a444a5810d3ed4f62ee0e4be3f4ab6cb1f7b6220f63264ffadc3a026,2017-11,Warwickshire Police,Warwickshire Police,-1.424057,52.505424,On or near Turnberry Drive,E01031123,Nuneaton and Bedworth 011D,Violence and sexual offences,Status update unavailable,
,2017-11,Warwickshire Police,Warwickshire Police,-1.431154,52.501188,On or near Copsewood Avenue,E01031124,Nuneaton and Bedworth 011E,Anti-social behaviour,,
7c24dfbdef48d22c2954ba2a9babe6f4eabde084fa678cfaf5e7bb6b9f00fb5e,2017-11,Warwickshire Police,Warwickshire Police,-1.435051,52.505135,On or near Petrol Station,E01031124,Nuneaton and Bedworth 011E,Other theft,Court result unavailable,
0d415720bab789bf3ea2bcad8b6c045cb2efb1fc7ac10ff133f35adc0c603460,2017-11,Warwickshire Police,Warwickshire Police,-1.435051,52.505135,On or near Petrol Station,E01031124,Nuneaton and Bedworth 011E,Other theft,Unable to prosecute suspect,
fc49fe5c7d5c33b5d98db63319bc0f64bbcd5e30531fdf083a2446d7dce5fbcc,2017-11,Warwickshire Police,Warwickshire Police,-1.435051,52.505135,On or near Petrol Station,E01031124,Nuneaton and Bedworth 011E,Other theft,Investigation complete; no suspect identified,
f30f81a49b225e872eb36eee90d38f443233986ed913ae753778eadba6af68ec,2017-11,Warwickshire Police,Warwickshire Police,-1.432360,52.500169,On or near Barne Close,E01031124,Nuneaton and Bedworth 011E,Vehicle crime,Investigation complete; no suspect identified,
b9d5bc3a6d459827837ab6ea9785d2ff85aaef78feb32c7e06f6c1b0184dc8cd,2017-11,Warwickshire Police,Warwickshire Police,-1.430718,52.500718,On or near Ross Way,E01031124,Nuneaton and Bedworth 011E,Vehicle crime,Status update unavailable,
4165efea0fe76e5a2544283d591edb9c4df6f0defad3e2c43d18eb52a83db1be,2017-11,Warwickshire Police,Warwickshire Police,-1.432360,52.500169,On or near Barne Close,E01031124,Nuneaton and Bedworth 011E,Violence and sexual offences,Unable to prosecute suspect,
2965b81e7923eb8986b9beb889da6bc02a50f49318c976baad217bb448b53470,2017-11,Warwickshire Police,Warwickshire Police,-1.432360,52.500169,On or near Barne Close,E01031124,Nuneaton and Bedworth 011E,Violence and sexual offences,Formal action is not in the public interest,
42d9fbcbb3661768a9f8e6702fe297a98afccb38bd51c00032db08323cedb314,2017-11,Warwickshire Police,Warwickshire Police,-1.434786,52.500504,On or near Hoarestone Avenue,E01031124,Nuneaton and Bedworth 011E,Other crime,Status update unavailable,
,2017-11,Warwickshire Police,Warwickshire Police,-1.477331,52.480481,On or near Further/Higher Educational Building,E01031105,Nuneaton and Bedworth 012A,Anti-social behaviour,,
,2017-11,Warwickshire Police,Warwickshire Police,-1.473278,52.482072,On or near Leicester Street,E01031105,Nuneaton and Bedworth 012A,Anti-social behaviour,,
,2017-11,Warwickshire Police,Warwickshire Police,-1.477331,52.480481,On or near Further/Higher Educational Building,E01031105,Nuneaton and Bedworth 012A,Anti-social behaviour,,
,2017-11,Warwickshire Police,Warwickshire Police,-1.478708,52.481098,On or near Margaret Avenue,E01031105,Nuneaton and Bedworth 012A,Anti-social behaviour,,
,2017-11,Warwickshire Police,Warwickshire Police,-1.477331,52.480481,On or near Further/Higher Educational Building,E01031105,Nuneaton and Bedworth 012A,Anti-social behaviour,,
7d0b1abaf435a623624035d410b7a0e96262e3b2b622dc4a13952c3c19f634ef,2017-11,Warwickshire Police,Warwickshire Police,-1.478708,52.481098,On or near Margaret Avenue,E01031105,Nuneaton and Bedworth 012A,Criminal damage and arson,Investigation complete; no suspect identified,
452b7b0abdff980516bcfc1d5ff0280bb7bb287b1fb2f5e2ba9d2e628d30977a,2017-11,Warwickshire Police,Warwickshire Police,-1.481712,52.479853,On or near Petrol Station,E01031105,Nuneaton and Bedworth 012A,Criminal damage and arson,Status update unavailable,
d61a928ce86186a3951b6657990c2aad7c7756623ee6201d43b6eb5ca88576db,2017-11,Warwickshire Police,Warwickshire Police,-1.478708,52.481098,On or near Margaret Avenue,E01031105,Nuneaton and Bedworth 012A,Criminal damage and arson,Investigation complete; no suspect identified,
fe5b5a0f0a12bcaf36f17fad7a3886814c5b52841acdf0486abc13141c3c4042,2017-11,Warwickshire Police,Warwickshire Police,-1.481712,52.479853,On or near Petrol Station,E01031105,Nuneaton and Bedworth 012A,Other theft,Investigation complete; no suspect identified,
49dacbe0c0b77e63c6c53b4382cdaf7ba5f9e19612a867cae395305557e987c2,2017-11,Warwickshire Police,Warwickshire Police,-1.477331,52.480481,On or near Further/Higher Educational Building,E01031105,Nuneaton and Bedworth 012A,Other theft,Status update unavailable,
6c2217eb61b21af03a8994bb3a4ad78bfc257cc8de79ca322ae7acfffd7ae217,2017-11,Warwickshire Police,Warwickshire Police,-1.478708,52.481098,On or near Margaret Avenue,E01031105,Nuneaton and Bedworth 012A,Public order,Status update unavailable,
afabb955b724dcf641699dd098bb415ebf214ac3c91d0fd8d0df0fd286b6247c,2017-11,Warwickshire Police,Warwickshire Police,-1.478993,52.481954,On or near Frances Crescent,E01031105,Nuneaton and Bedworth 012A,Robbery,Unable to prosecute suspect,
22cf96804418289e35f48cea07c6ec1845d23ae876402453b4ccec54b140a4bd,2017-11,Warwickshire Police,Warwickshire Police,-1.478708,52.481098,On or near Margaret Avenue,E01031105,Nuneaton and Bedworth 012A,Shoplifting,Investigation complete; no suspect identified,
5d59817b91a9d8063013c3829757d87f738052a3118ac41521778038a114ca75,2017-11,Warwickshire Police,Warwickshire Police,-1.478708,52.481098,On or near Margaret Avenue,E01031105,Nuneaton and Bedworth 012A,Shoplifting,Investigation complete; no suspect identified,
0fbf7b00235953fc05e9c3bcf443d7e105a76d4915312c206c08f46c79ae21a0,2017-11,Warwickshire Police,Warwickshire Police,-1.479733,52.482829,On or near Wiltshire Close,E01031105,Nuneaton and Bedworth 012A,Violence and sexual offences,Status update unavailable,
a821ada3f2a36cc85ec966f59b7e649bcac54b215683e92c40d0926377b1d5bf,2017-11,Warwickshire Police,Warwickshire Police,-1.479733,52.482829,On or near Wiltshire Close,E01031105,Nuneaton and Bedworth 012A,Violence and sexual offences,Unable to prosecute suspect,
4b870a769098a820b1255c16de28265503156fe57c4136fac1929a86ee69a2c2,2017-11,Warwickshire Police,Warwickshire Police,-1.481712,52.479853,On or near Petrol Station,E01031105,Nuneaton and Bedworth 012A,Other crime,Unable to prosecute suspect,
5afb886f437d43042bafcf642539642b4603a040aa382fb758b1ca04f7913662,2017-11,Warwickshire Police,Warwickshire Police,-1.481712,52.479853,On or near Petrol Station,E01031105,Nuneaton and Bedworth 012A,Other crime,Unable to prosecute suspect,
,2017-11,Warwickshire Police,Warwickshire Police,-1.496048,52.477766,On or near The Alders,E01031106,Nuneaton and Bedworth 012B,Anti-social behaviour,,
,2017-11,Warwickshire Police,Warwickshire Police,-1.491532,52.479986,On or near Charles Eaton Road,E01031106,Nuneaton and Bedworth 012B,Anti-social behaviour,,
,2017-11,Warwickshire Police,Warwickshire Police,-1.499308,52.478526,On or near The Pines,E01031106,Nuneaton and Bedworth 012B,Anti-social behaviour,,
,2017-11,Warwickshire Police,Warwickshire Police,-1.496048,52.477766,On or near The Alders,E01031106,Nuneaton and Bedworth 012B,Anti-social behaviour,,
98903140f17f80a736c21b44d060bec3c14a246e1bb615f4f42bb4a8a289283b,2017-11,Warwickshire Police,Warwickshire Police,-1.493240,52.476091,On or near The Oaks,E01031106,Nuneaton and Bedworth 012B,Burglary,Investigation complete; no suspect identified,
660e7e9ce4008b281af561d1dcda451c75dec326c3ddd169ad27e9c4e6e88673,2017-11,Warwickshire Police,Warwickshire Police,-1.478068,52.487946,On or near Ernest Richards Road,E01031107,Nuneaton and Bedworth 012C,Burglary,Investigation complete; no suspect identified,
400eef91a9fd4de6aaa8b7807db11d2d24f118d65308b92908898cbf732cf1e0,2017-11,Warwickshire Police,Warwickshire Police,-1.478756,52.489486,On or near Willow Close,E01031107,Nuneaton and Bedworth 012C,Other theft,Investigation complete; no suspect identified,
020b6aac3e2256adc9f4bcbccb66b2aedeadee2000cdc033b0b34c39ac8835a2,2017-11,Warwickshire Police,Warwickshire Police,-1.478068,52.487946,On or near Ernest Richards Road,E01031107,Nuneaton and Bedworth 012C,Vehicle crime,Investigation complete; no suspect identified,
362066f1fff1671c63a8e0104d414d80e41485650d4a4d56c9c33371884394da,2017-11,Warwickshire Police,Warwickshire Police,-1.475098,52.488787,On or near John Knight Road,E01031107,Nuneaton and Bedworth 012C,Violence and sexual offences,Status update unavailable,
6f01fa719904faec15ff951ed3e20dbb5e632e20c554666217633a448fa34d9a,2017-11,Warwickshire Police,Warwickshire Police,-1.478756,52.489486,On or near Willow Close,E01031107,Nuneaton and Bedworth 012C,Other crime,Status update unavailable,
,2017-11,Warwickshire Police,Warwickshire Police,-1.498417,52.484312,On or near Dove Close,E01031108,Nuneaton and Bedworth 012D,Anti-social behaviour,,
b75430c89e67d6fe51489021c715d5e30164bee9ab8543017cca8e098a85172d,2017-11,Warwickshire Police,Warwickshire Police,-1.482847,52.488533,On or near Gainsborough Drive,E01031108,Nuneaton and Bedworth 012D,Burglary,Investigation complete; no suspect identified,
c9732b7a2ec05181842db11fe841c12fb89163abd9cd0b5a97102c53f80481cf,2017-11,Warwickshire Police,Warwickshire Police,-1.484046,52.486732,On or near Cotman Close,E01031108,Nuneaton and Bedworth 012D,Burglary,Investigation complete; no suspect identified,
d315e21c71dbbb93581bcc901f347a19c6a820fdce39ab95dfa3f7a0f500bbd4,2017-11,Warwickshire Police,Warwickshire Police,-1.473409,52.495774,On or near Griff Lane,E01031108,Nuneaton and Bedworth 012D,Vehicle crime,Investigation complete; no suspect identified,
fd602e1daac0e6c47761c62cc9c286d3c2c7774daaa3124adb757974e66f6b5e,2017-11,Warwickshire Police,Warwickshire Police,-1.479395,52.486514,On or near Sutherland Drive,E01031108,Nuneaton and Bedworth 012D,Violence and sexual offences,Status update unavailable,
cf8e4488287c6d5fbe717a3c5f7c69adc2fade2971dc4598a33076ade3483f2f,2017-11,Warwickshire Police,Warwickshire Police,-1.504400,52.478710,On or near Honeysuckle Close,E01031108,Nuneaton and Bedworth 012D,Violence and sexual offences,Status update unavailable,
4d158400f698e98cccfa95b532ec21e1ca497685500b7434cf02a3eac789dfee,2017-11,Warwickshire Police,Warwickshire Police,-1.481329,52.487349,On or near Reynolds Road,E01031108,Nuneaton and Bedworth 012D,Violence and sexual offences,Investigation complete; no suspect identified,
1a2c48e38319564df5c5dd1d2cf4f91f62366991ba867fc0a50e1256434c0ee7,2017-11,Warwickshire Police,Warwickshire Police,-1.479395,52.486514,On or near Sutherland Drive,E01031108,Nuneaton and Bedworth 012D,Violence and sexual offences,Status update unavailable,
4802ea20732d3a1ea9031327fff83d1afed81d682b09fd3d37544215f7ab3ebb,2017-11,Warwickshire Police,Warwickshire Police,-1.472738,52.497695,On or near Coventry Road,E01031108,Nuneaton and Bedworth 012D,Violence and sexual offences,Status update unavailable,
aed234361c1a1f0450afb75b36f6bb44a46ba6b8ad4e0106d3656c9198297312,2017-11,Warwickshire Police,Warwickshire Police,-1.484046,52.486732,On or near Cotman Close,E01031108,Nuneaton and Bedworth 012D,Other crime,Formal action is not in the public interest,
,2017-11,Warwickshire Police,Warwickshire Police,-1.481446,52.483727,On or near Marner Road,E01031109,Nuneaton and Bedworth 012E,Anti-social behaviour,,
,2017-11,Warwickshire Police,Warwickshire Police,-1.479694,52.484888,On or near Bede Road,E01031109,Nuneaton and Bedworth 012E,Anti-social behaviour,,
,2017-11,Warwickshire Police,Warwickshire Police,-1.474740,52.487886,On or near Sports/Recreation Area,E01031109,Nuneaton and Bedworth 012E,Anti-social behaviour,,
,2017-11,Warwickshire Police,Warwickshire Police,-1.474829,52.485388,On or near The Leys,E01031109,Nuneaton and Bedworth 012E,Anti-social behaviour,,
,2017-11,Warwickshire Police,Warwickshire Police,-1.476586,52.489944,On or near Brook Street,E01031109,Nuneaton and Bedworth 012E,Anti-social behaviour,,
,2017-11,Warwickshire Police,Warwickshire Police,-1.473384,52.489193,On or near Nuneaton Road,E01031109,Nuneaton and Bedworth 012E,Anti-social behaviour,,
d96d65343a1f716dff36a8752d23581b3e12c5b4a48202af337190647f204ed3,2017-11,Warwickshire Police,Warwickshire Police,-1.473384,52.489193,On or near Nuneaton Road,E01031109,Nuneaton and Bedworth 012E,Burglary,Investigation complete; no suspect identified,
d4753778f114896c89ff2d8e56660d5f80d31ed3a1d5ce8d81dfbe3424d84ea3,2017-11,Warwickshire Police,Warwickshire Police,-1.479694,52.484888,On or near Bede Road,E01031109,Nuneaton and Bedworth 012E,Other theft,Formal action is not in the public interest,
c6240aa78de85f7264e0954d6cd78a2d120d9ecbb0efdc8b8088a3436d7a03af,2017-11,Warwickshire Police,Warwickshire Police,-1.473384,52.489193,On or near Nuneaton Road,E01031109,Nuneaton and Bedworth 012E,Vehicle crime,Investigation complete; no suspect identified,
2859e27c3a2c3fc595f928336f4e0437cb1330129f2f11e320f6ff5ff7175d9e,2017-11,Warwickshire Police,Warwickshire Police,-1.473384,52.489193,On or near Nuneaton Road,E01031109,Nuneaton and Bedworth 012E,Vehicle crime,Investigation complete; no suspect identified,
e521e47486677794c931a65554147489b103fa9af3385caae8d5c453658f6358,2017-11,Warwickshire Police,Warwickshire Police,-1.473384,52.489193,On or near Nuneaton Road,E01031109,Nuneaton and Bedworth 012E,Vehicle crime,Investigation complete; no suspect identified,
fb6d0aa9e932dd4f1731dd82ce4c9e8706a061be93c77dce68b37be14ee59870,2017-11,Warwickshire Police,Warwickshire Police,-1.479694,52.484888,On or near Bede Road,E01031109,Nuneaton and Bedworth 012E,Violence and sexual offences,Status update unavailable,
c09f314128620104b010b70fe797c72ce8ea81645cc6317193a11c30b333a0c9,2017-11,Warwickshire Police,Warwickshire Police,-1.475243,52.486477,On or near Ascot Close,E01031109,Nuneaton and Bedworth 012E,Violence and sexual offences,Unable to prosecute suspect,
baa1425deea3cea026cbb2eea93d37099c348860204bc29f98fdf6a4312a9fd9,2017-11,Warwickshire Police,Warwickshire Police,-1.489078,52.476954,On or near A444,E01031062,Nuneaton and Bedworth 013A,Criminal damage and arson,Investigation complete; no suspect identified,
ff00bdfb5568863be0dbd319d0995db958cd714b472ad47e4d23db04e179fd0a,2017-11,Warwickshire Police,Warwickshire Police,-1.481050,52.476056,On or near Lakeside,E01031062,Nuneaton and Bedworth 013A,Criminal damage and arson,Investigation complete; no suspect identified,
8d6dfe015d59220536055a463886d7234c4e09986c7c066fe57f8d976827a795,2017-11,Warwickshire Police,Warwickshire Police,-1.487836,52.478702,On or near Brooklea,E01031062,Nuneaton and Bedworth 013A,Other theft,Investigation complete; no suspect identified,
925294be54fcc3771d2b23b2bc303a8448f5c54c63ad89ab67dc0688ff10937a,2017-11,Warwickshire Police,Warwickshire Police,-1.487284,52.478052,On or near Croft Pool,E01031062,Nuneaton and Bedworth 013A,Other theft,Investigation complete; no suspect identified,
83a2eabd3f705092547083d1c2a471518cbe3ebaba1d073661ce1af4f5330ce9,2017-11,Warwickshire Police,Warwickshire Police,-1.485753,52.476742,On or near Delamere Road,E01031062,Nuneaton and Bedworth 013A,Violence and sexual offences,Unable to prosecute suspect,
7733f50d95d2f19686cbdb547b2bb1349322a4c1761c8cf56c6a4b650959fbeb,2017-11,Warwickshire Police,Warwickshire Police,-1.487836,52.478702,On or near Brooklea,E01031062,Nuneaton and Bedworth 013A,Violence and sexual offences,Unable to prosecute suspect,
dcb62f33c56a27ddc6712f357547236d3ec74c0677c7655fdc435cbf02f95d92,2017-11,Warwickshire Police,Warwickshire Police,-1.487836,52.478702,On or near Brooklea,E01031062,Nuneaton and Bedworth 013A,Violence and sexual offences,Unable to prosecute suspect,
b9decbf677b212acb816727c2f3e81e0d2f8648ebacf4e883f1073ef0fa532b4,2017-11,Warwickshire Police,Warwickshire Police,-1.484737,52.479318,On or near Newtown Road,E01031063,Nuneaton and Bedworth 013B,Burglary,Investigation complete; no suspect identified,
689caf1fc81c30e035bcf1b770b1ff7edc6efce93a7c78f336dc673f6247499c,2017-11,Warwickshire Police,Warwickshire Police,-1.476575,52.478455,On or near The Mews,E01031063,Nuneaton and Bedworth 013B,Public order,Status update unavailable,
2646c02cfe1eb7fe7b028e34637bf2f2efd3a78c0e67d926b31ff5073ff7e355,2017-11,Warwickshire Police,Warwickshire Police,-1.478289,52.476718,On or near Tower Road,E01031063,Nuneaton and Bedworth 013B,Vehicle crime,Investigation complete; no suspect identified,
ba87dee07a09946019113a879a3d90c1900d2e8d196f27b68f8a44794f17a7ec,2017-11,Warwickshire Police,Warwickshire Police,-1.476575,52.478455,On or near The Mews,E01031063,Nuneaton and Bedworth 013B,Violence and sexual offences,Unable to prosecute suspect,
924f01eccae44d0bf4f2f20d9e4cac1344f1693a1ee29ecabe9715310a93b6d6,2017-11,Warwickshire Police,Warwickshire Police,-1.476575,52.478455,On or near The Mews,E01031063,Nuneaton and Bedworth 013B,Violence and sexual offences,Court result unavailable,
ec84463a989c4aed681ea729d99c940456117d2958acd3f976acc47d9714823d,2017-11,Warwickshire Police,Warwickshire Police,-1.478944,52.474833,On or near Gibson Crescent,E01031063,Nuneaton and Bedworth 013B,Violence and sexual offences,Status update unavailable,
7547dbd6c82964996f4a58deb5a2bd3932fb382251038b6482a9e59dfe49205e,2017-11,Warwickshire Police,Warwickshire Police,-1.482853,52.479220,On or near John Street,E01031063,Nuneaton and Bedworth 013B,Other crime,Formal action is not in the public interest,
,2017-11,Warwickshire Police,Warwickshire Police,-1.474457,52.479551,On or near Church Way,E01031064,Nuneaton and Bedworth 013C,Anti-social behaviour,,
,2017-11,Warwickshire Police,Warwickshire Police,-1.473988,52.480583,On or near Supermarket,E01031064,Nuneaton and Bedworth 013C,Anti-social behaviour,,
,2017-11,Warwickshire Police,Warwickshire Police,-1.470144,52.479388,On or near King Street,E01031064,Nuneaton and Bedworth 013C,Anti-social behaviour,,
,2017-11,Warwickshire Police,Warwickshire Police,-1.476058,52.474929,On or near Coventry Road,E01031064,Nuneaton and Bedworth 013C,Anti-social behaviour,,
,2017-11,Warwickshire Police,Warwickshire Police,-1.472319,52.483480,On or near Chamberlaine Street,E01031064,Nuneaton and Bedworth 013C,Anti-social behaviour,,
,2017-11,Warwickshire Police,Warwickshire Police,-1.473609,52.481471,On or near Supermarket,E01031064,Nuneaton and Bedworth 013C,Anti-social behaviour,,
,2017-11,Warwickshire Police,Warwickshire Police,-1.473609,52.481471,On or near Supermarket,E01031064,Nuneaton and Bedworth 013C,Anti-social behaviour,,
,2017-11,Warwickshire Police,Warwickshire Police,-1.473633,52.480725,On or near Sleath'S Yard,E01031064,Nuneaton and Bedworth 013C,Anti-social behaviour,,
,2017-11,Warwickshire Police,Warwickshire Police,-1.474457,52.479551,On or near Church Way,E01031064,Nuneaton and Bedworth 013C,Anti-social behaviour,,
,2017-11,Warwickshire Police,Warwickshire Police,-1.476102,52.479855,On or near Parking Area,E01031064,Nuneaton and Bedworth 013C,Anti-social behaviour,,
,2017-11,Warwickshire Police,Warwickshire Police,-1.474842,52.480569,On or near Parking Area,E01031064,Nuneaton and Bedworth 013C,Anti-social behaviour,,
,2017-11,Warwickshire Police,Warwickshire Police,-1.473633,52.480725,On or near Sleath'S Yard,E01031064,Nuneaton and Bedworth 013C,Anti-social behaviour,,
,2017-11,Warwickshire Police,Warwickshire Police,-1.471670,52.479890,On or near Parking Area,E01031064,Nuneaton and Bedworth 013C,Anti-social behaviour,,
,2017-11,Warwickshire Police,Warwickshire Police,-1.473609,52.481471,On or near Supermarket,E01031064,Nuneaton and Bedworth 013C,Anti-social behaviour,,
,2017-11,Warwickshire Police,Warwickshire Police,-1.471670,52.479890,On or near Parking Area,E01031064,Nuneaton and Bedworth 013C,Anti-social behaviour,,
,2017-11,Warwickshire Police,Warwickshire Police,-1.471670,52.479890,On or near Parking Area,E01031064,Nuneaton and Bedworth 013C,Anti-social behaviour,,
,2017-11,Warwickshire Police,Warwickshire Police,-1.474842,52.480569,On or near Parking Area,E01031064,Nuneaton and Bedworth 013C,Anti-social behaviour,,
,2017-11,Warwickshire Police,Warwickshire Police,-1.474457,52.479551,On or near Church Way,E01031064,Nuneaton and Bedworth 013C,Anti-social behaviour,,
,2017-11,Warwickshire Police,Warwickshire Police,-1.474457,52.479551,On or near Church Way,E01031064,Nuneaton and Bedworth 013C,Anti-social behaviour,,
,2017-11,Warwickshire Police,Warwickshire Police,-1.471670,52.479890,On or near Parking Area,E01031064,Nuneaton and Bedworth 013C,Anti-social behaviour,,
,2017-11,Warwickshire Police,Warwickshire Police,-1.471670,52.479890,On or near Parking Area,E01031064,Nuneaton and Bedworth 013C,Anti-social behaviour,,
,2017-11,Warwickshire Police,Warwickshire Police,-1.472319,52.483480,On or near Chamberlaine Street,E01031064,Nuneaton and Bedworth 013C,Anti-social behaviour,,
,2017-11,Warwickshire Police,Warwickshire Police,-1.474457,52.479551,On or near Church Way,E01031064,Nuneaton and Bedworth 013C,Anti-social behaviour,,
,2017-11,Warwickshire Police,Warwickshire Police,-1.471670,52.479890,On or near Parking Area,E01031064,Nuneaton and Bedworth 013C,Anti-social behaviour,,
e57b395990f2444abc5270d1b43926196782f2ea16aa8f298ceb45d11133d9ef,2017-11,Warwickshire Police,Warwickshire Police,-1.470143,52.485645,On or near Kimberley Road,E01031064,Nuneaton and Bedworth 013C,Bicycle theft,Status update unavailable,
cdd75b1bc0428ff5265ab8ed997d7480c8b616e2e267278120fe50f751bb7a39,2017-11,Warwickshire Police,Warwickshire Police,-1.469828,52.482399,On or near Rye Piece Ringway,E01031064,Nuneaton and Bedworth 013C,Burglary,Investigation complete; no suspect identified,
92a97c25215f2d47a173475b47a950be59706bd00f0a3d37cf2ba0ba74ee58ad,2017-11,Warwickshire Police,Warwickshire Police,-1.470507,52.479884,On or near Croxhall Street,E01031064,Nuneaton and Bedworth 013C,Criminal damage and arson,Court result unavailable,
cf279f0759a0d55415c1721114bac22816707418482e76f7a17ff054919b202f,2017-11,Warwickshire Police,Warwickshire Police,-1.475580,52.477947,On or near Park Road,E01031064,Nuneaton and Bedworth 013C,Criminal damage and arson,Investigation complete; no suspect identified,
8e65dda48621106651f1330ffb1af611d5595fef784654a4ebbb1250360b7dd9,2017-11,Warwickshire Police,Warwickshire Police,-1.475872,52.475683,On or near Springfield Crescent,E01031064,Nuneaton and Bedworth 013C,Drugs,Awaiting court outcome,
0240604d2f16b0ca49452c92d334a134ede7a2e9ab53f4eb0ff0edffae57f0ac,2017-11,Warwickshire Police,Warwickshire Police,-1.473609,52.481471,On or near Supermarket,E01031064,Nuneaton and Bedworth 013C,Drugs,Offender deprived of property,
bfa19035738bbb4481151cfa69bb8813241a7b7b781a9e14d3982a07110b32e2,2017-11,Warwickshire Police,Warwickshire Police,-1.475719,52.481085,On or near Petrol Station,E01031064,Nuneaton and Bedworth 013C,Other theft,Local resolution,
5039ecea3aa5cfe230a7e3d709e8c665ad621b32a58f96e27db4ac3fdf2cf0fb,2017-11,Warwickshire Police,Warwickshire Police,-1.475719,52.481085,On or near Petrol Station,E01031064,Nuneaton and Bedworth 013C,Other theft,Investigation complete; no suspect identified,
799ec501c504424cb58b264214b85f73b96b7cb96bb9c9b5fb6b09504098a099,2017-11,Warwickshire Police,Warwickshire Police,-1.475719,52.481085,On or near Petrol Station,E01031064,Nuneaton and Bedworth 013C,Other theft,Investigation complete; no suspect identified,
0480e65eec66cd28c2ceaab15b060093407d3d1f60f5ffe2e6322ec86654bc4c,2017-11,Warwickshire Police,Warwickshire Police,-1.475719,52.481085,On or near Petrol Station,E01031064,Nuneaton and Bedworth 013C,Other theft,Investigation complete; no suspect identified,
fdda3e3cccacc56120df70c3f92d60b400e31f790e0af8bf0852e6cab40e2ec7,2017-11,Warwickshire Police,Warwickshire Police,-1.473633,52.480725,On or near Sleath'S Yard,E01031064,Nuneaton and Bedworth 013C,Other theft,Investigation complete; no suspect identified,
de3ce53a45bdd16ab8a1f8d6f33b194adf09a0a93a5cf2b4e398f941ecfe70db,2017-11,Warwickshire Police,Warwickshire Police,-1.476102,52.479855,On or near Parking Area,E01031064,Nuneaton and Bedworth 013C,Other theft,Status update unavailable,
df97412be32e5cf2587bd42740e8b549f13595aa8a290d3fbbd471f9a39a83fb,2017-11,Warwickshire Police,Warwickshire Police,-1.473609,52.481471,On or near Supermarket,E01031064,Nuneaton and Bedworth 013C,Other theft,Investigation complete; no suspect identified,
44191a2d46767c2c8bb6b47bc4f1e964823f680de563de8f0cecd93fb87c4e99,2017-11,Warwickshire Police,Warwickshire Police,-1.473609,52.481471,On or near Supermarket,E01031064,Nuneaton and Bedworth 013C,Possession of weapons,Offender given community sentence,
26eab633279d40527bf6a738bf4c479644d03cdc83cb3cbf6895e7a1475fd133,2017-11,Warwickshire Police,Warwickshire Police,-1.471670,52.479890,On or near Parking Area,E01031064,Nuneaton and Bedworth 013C,Public order,Investigation complete; no suspect identified,
9e1e2a5558040c96552c763ffedcdda93b0f8bbb9db0d3734522e2a17f361f14,2017-11,Warwickshire Police,Warwickshire Police,-1.471670,52.479890,On or near Parking Area,E01031064,Nuneaton and Bedworth 013C,Public order,Status update unavailable,
45c0038c4bd8848565e8f6b2a47a0a21a27fa76eec42690b804833cc8fffb771,2017-11,Warwickshire Police,Warwickshire Police,-1.476102,52.479855,On or near Parking Area,E01031064,Nuneaton and Bedworth 013C,Shoplifting,Investigation complete; no suspect identified,
57fdb90936f2c22e7238ff386b8f0ea756eddadd1e16d4dffd5ce59dd1fbf3f4,2017-11,Warwickshire Police,Warwickshire Police,-1.471670,52.479890,On or near Parking Area,E01031064,Nuneaton and Bedworth 013C,Shoplifting,Investigation complete; no suspect identified,
4d19d0d03893a0e939376a48ced41f64fb49ee6f810c2a937a3bcf002482243b,2017-11,Warwickshire Police,Warwickshire Police,-1.473914,52.484323,On or near Leicester Road,E01031064,Nuneaton and Bedworth 013C,Shoplifting,Investigation complete; no suspect identified,
a441320101211b0dfa526e8369ff1f16be92a152490bd962e368f43af209388d,2017-11,Warwickshire Police,Warwickshire Police,-1.473609,52.481471,On or near Supermarket,E01031064,Nuneaton and Bedworth 013C,Shoplifting,Offender given conditional discharge,
6e65a10acc1e911b1f0e84b12626e1e5020489f498bda7619c016a141ec0c7ba,2017-11,Warwickshire Police,Warwickshire Police,-1.473609,52.481471,On or near Supermarket,E01031064,Nuneaton and Bedworth 013C,Shoplifting,Status update unavailable,
b98b088b3ba820c9285c4a4d16db83c2357a835a3528a1ce2bcec2d238685197,2017-11,Warwickshire Police,Warwickshire Police,-1.471670,52.479890,On or near Parking Area,E01031064,Nuneaton and Bedworth 013C,Shoplifting,Status update unavailable,
41227effd91ad4979983a030af8c8f3c2b00945a93d6b808bd6c400caad84560,2017-11,Warwickshire Police,Warwickshire Police,-1.476102,52.479855,On or near Parking Area,E01031064,Nuneaton and Bedworth 013C,Shoplifting,Offender given a caution,
e1c2197251468f0608e9dafb15298dc35977fe1eb40c0ac874807cfde0f88cf8,2017-11,Warwickshire Police,Warwickshire Police,-1.474457,52.479551,On or near Church Way,E01031064,Nuneaton and Bedworth 013C,Shoplifting,Investigation complete; no suspect identified,
17662cd56744fd1e3ee5fbb9456ccb3eac9f8eafbf6d2a93056ca99aac025227,2017-11,Warwickshire Police,Warwickshire Police,-1.476102,52.479855,On or near Parking Area,E01031064,Nuneaton and Bedworth 013C,Shoplifting,Status update unavailable,
faf579c592a9b6d673009159ae3d524a494506c5c417f2b12ca5dd6f5aea79d8,2017-11,Warwickshire Police,Warwickshire Police,-1.474457,52.479551,On or near Church Way,E01031064,Nuneaton and Bedworth 013C,Theft from the person,Investigation complete; no suspect identified,
965ffe786abac795a48318b0ddac1982b80d44d8bd769492d5979b5ae4482eb9,2017-11,Warwickshire Police,Warwickshire Police,-1.473609,52.481471,On or near Supermarket,E01031064,Nuneaton and Bedworth 013C,Theft from the person,Status update unavailable,
b9b74ebfb89042084baa6446d25f385dda48566066736830450118147e4a7d5a,2017-11,Warwickshire Police,Warwickshire Police,-1.473609,52.481471,On or near Supermarket,E01031064,Nuneaton and Bedworth 013C,Theft from the person,Status update unavailable,
cc64d540229de561e58a49592db29c0201ca9ad1b7e302497721c39ff6593526,2017-11,Warwickshire Police,Warwickshire Police,-1.471670,52.479890,On or near Parking Area,E01031064,Nuneaton and Bedworth 013C,Vehicle crime,Investigation complete; no suspect identified,
2ca5364c028ab43487e49747a271395448d10d1e346c19cc47bc55c6b3241e39,2017-11,Warwickshire Police,Warwickshire Police,-1.475580,52.477947,On or near Park Road,E01031064,Nuneaton and Bedworth 013C,Violence and sexual offences,Status update unavailable,
77e1ff0de8f25a94a4bb497e729f8578a4c361a659740111213919c04151e692,2017-11,Warwickshire Police,Warwickshire Police,-1.476310,52.477213,On or near Saunders Avenue,E01031064,Nuneaton and Bedworth 013C,Violence and sexual offences,Unable to prosecute suspect,
4a8a02aad679a105269833fd04dce303f48a2ad8538b70176e9989bedc9833fe,2017-11,Warwickshire Police,Warwickshire Police,-1.475580,52.477947,On or near Park Road,E01031064,Nuneaton and Bedworth 013C,Violence and sexual offences,Offender given a caution,
f7159ebf218399d5f118f8d1f559e128829ca6da9d87ceb2f50249ed6e88a5bc,2017-11,Warwickshire Police,Warwickshire Police,-1.473914,52.484323,On or near Leicester Road,E01031064,Nuneaton and Bedworth 013C,Violence and sexual offences,Status update unavailable,
4909b3c3b2c830b12aa1b2ae494a2cf48b9643f8f5b05fd05c81094db7d41d27,2017-11,Warwickshire Police,Warwickshire Police,-1.473633,52.480725,On or near Sleath'S Yard,E01031064,Nuneaton and Bedworth 013C,Violence and sexual offences,Unable to prosecute suspect,
811d7ec6ef1cb971955c04bdef3505c511ddc11a4f0408df989a6a0f8a0079e4,2017-11,Warwickshire Police,Warwickshire Police,-1.476310,52.477213,On or near Saunders Avenue,E01031064,Nuneaton and Bedworth 013C,Violence and sexual offences,Unable to prosecute suspect,
5547829330292f1b4381b7e677a713483f63077c776421740d749f5db1dd5941,2017-11,Warwickshire Police,Warwickshire Police,-1.475719,52.481085,On or near Petrol Station,E01031064,Nuneaton and Bedworth 013C,Violence and sexual offences,Court case unable to proceed,
cea7eeeb13ca043b50f68ab87a7ad3b1de84ba8e40736846b032927bce138e58,2017-11,Warwickshire Police,Warwickshire Police,-1.470891,52.480947,On or near Cadman Close,E01031064,Nuneaton and Bedworth 013C,Other crime,Status update unavailable,
,2017-11,Warwickshire Police,Warwickshire Police,-1.470843,52.486179,On or near Gordon Close,E01031065,Nuneaton and Bedworth 013D,Anti-social behaviour,,
,2017-11,Warwickshire Police,Warwickshire Police,-1.470843,52.486179,On or near Gordon Close,E01031065,Nuneaton and Bedworth 013D,Anti-social behaviour,,
e1ad37ecf84934ad04e76d9747a1b6638d82a6a110fdf308eb089825e47e5776,2017-11,Warwickshire Police,Warwickshire Police,-1.473392,52.488573,On or near Nuneaton Road,E01031065,Nuneaton and Bedworth 013D,Criminal damage and arson,Investigation complete; no suspect identified,
453ce03fb669720e1ca031630bc3252420e90878347bdd7e4e9fb324d79ce2ff,2017-11,Warwickshire Police,Warwickshire Police,-1.473392,52.488573,On or near Nuneaton Road,E01031065,Nuneaton and Bedworth 013D,Other theft,Status update unavailable,
86e12d103d4dfea9d14dc17498f1201316234be9a9b565668c904637b4578017,2017-11,Warwickshire Police,Warwickshire Police,-1.459780,52.488916,On or near Lilac Road,E01031065,Nuneaton and Bedworth 013D,Vehicle crime,Investigation complete; no suspect identified,
211afc438088618a9b9cb80851cbee5a7ece055844965090c527b2482d9d7ea3,2017-11,Warwickshire Police,Warwickshire Police,-1.472340,52.487840,On or near Newman Close,E01031065,Nuneaton and Bedworth 013D,Vehicle crime,Investigation complete; no suspect identified,
015180b7832d9705ef79e590bad2b8742ab6830f5ec3c4c84e8bac8f3b02773a,2017-11,Warwickshire Police,Warwickshire Police,-1.463391,52.487422,On or near Beechwood Road,E01031065,Nuneaton and Bedworth 013D,Violence and sexual offences,Unable to prosecute suspect,
4f0c04277283bd4804a35da966418b79b6a0cbf2d7e022d3c89474f9491db167,2017-11,Warwickshire Police,Warwickshire Police,-1.471463,52.489751,On or near King George'S Avenue,E01031065,Nuneaton and Bedworth 013D,Violence and sexual offences,Formal action is not in the public interest,
3b7f12f5c5d45d206c6710753e8ae967ec66bbd205d718af64ab87de665e229d,2017-11,Warwickshire Police,Warwickshire Police,-1.464654,52.485279,On or near Conifer Close,E01031066,Nuneaton and Bedworth 013E,Criminal damage and arson,Investigation complete; no suspect identified,
f2f9a54f4fcab08b9b2fcfbdee4fb5e5e64a6ffc853bee5b8dcb5fbd27c3be22,2017-11,Warwickshire Police,Warwickshire Police,-1.464533,52.483175,On or near Wootton Street,E01031066,Nuneaton and Bedworth 013E,Drugs,Court result unavailable,
5079e6baa0b8e9a48a62d78e98146207edd6c17c4618f33ef92db917b59a7b87,2017-11,Warwickshire Police,Warwickshire Police,-1.464533,52.483175,On or near Wootton Street,E01031066,Nuneaton and Bedworth 013E,Drugs,Status update unavailable,
a71266bba110244c448675e46254e587f316aca8bb935f2778a2432c6560c953,2017-11,Warwickshire Police,Warwickshire Police,-1.464654,52.485279,On or near Conifer Close,E01031066,Nuneaton and Bedworth 013E,Theft from the person,Offender sent to prison,
6c28cf394d6bedc6833fa1fb149d668aef57163eb40d0b7af69254adee40bf77,2017-11,Warwickshire Police,Warwickshire Police,-1.462765,52.485648,On or near Pine Tree Road,E01031066,Nuneaton and Bedworth 013E,Vehicle crime,Investigation complete; no suspect identified,
4c07882edfe5d215c0603b435b510b9156070dcf06a75d2d4ff911e7300edbdf,2017-11,Warwickshire Police,Warwickshire Police,-1.465816,52.485410,On or near Regent Street,E01031066,Nuneaton and Bedworth 013E,Vehicle crime,Status update unavailable,
2521f3d37f21e5b902bbe428314c7e64d0838ecca2d5449e67bc7d06a51105db,2017-11,Warwickshire Police,Warwickshire Police,-1.464654,52.485279,On or near Conifer Close,E01031066,Nuneaton and Bedworth 013E,Violence and sexual offences,Unable to prosecute suspect,
0016385d43606b92372baea12826f6781fd0faf4301aad5112cef587c8abf8aa,2017-11,Warwickshire Police,Warwickshire Police,-1.467880,52.485267,On or near Downing Crescent,E01031066,Nuneaton and Bedworth 013E,Violence and sexual offences,Status update unavailable,
77af02194e5131964f56a8d37df30ab62584c844bf71667c06244f4031055ec7,2017-11,Warwickshire Police,Warwickshire Police,-1.463667,52.484097,On or near Furnace Close,E01031066,Nuneaton and Bedworth 013E,Violence and sexual offences,Status update unavailable,
,2017-11,Warwickshire Police,Warwickshire Police,-1.424733,52.478439,On or near Barbridge Close,E01031067,Nuneaton and Bedworth 014A,Anti-social behaviour,,
,2017-11,Warwickshire Police,Warwickshire Police,-1.424418,52.476640,On or near School Road,E01031067,Nuneaton and Bedworth 014A,Anti-social behaviour,,
,2017-11,Warwickshire Police,Warwickshire Police,-1.424446,52.476748,On or near School Road,E01031067,Nuneaton and Bedworth 014A,Anti-social behaviour,,
dc69814f422147a3007b68344b299dea8c2a5d7a4931264c28c33a69cd64994d,2017-11,Warwickshire Police,Warwickshire Police,-1.423699,52.474200,On or near Neale Close,E01031067,Nuneaton and Bedworth 014A,Criminal damage and arson,Investigation complete; no suspect identified,
e19e4e293f3f4f8ecb105d85c9d6a97d624f15c64d8d571a7f257da01511951c,2017-11,Warwickshire Police,Warwickshire Police,-1.424137,52.475577,On or near Leicester Court,E01031067,Nuneaton and Bedworth 014A,Robbery,Investigation complete; no suspect identified,
5adf316091f7457db0e6ee61077e650aa9c3d5e04361a34c5f0ae451f05b125c,2017-11,Warwickshire Police,Warwickshire Police,-1.424446,52.476748,On or near School Road,E01031067,Nuneaton and Bedworth 014A,Shoplifting,Investigation complete; no suspect identified,
d5996ba2ed015f199aa95bc6174e908d9cad476e85352478f6558da45f6b6c35,2017-11,Warwickshire Police,Warwickshire Police,-1.424456,52.475966,On or near Leicester Street,E01031067,Nuneaton and Bedworth 014A,Shoplifting,Investigation complete; no suspect identified,
2eace06d0ef2a7e69524ab8f53612bffe781baf2313b42c5c32318713298a6a2,2017-11,Warwickshire Police,Warwickshire Police,-1.424456,52.475966,On or near Leicester Street,E01031067,Nuneaton and Bedworth 014A,Shoplifting,Investigation complete; no suspect identified,
88feaf10b7867229d01549d02fd1d19aa14d0a223e5a7cd5cf86bd1977358ead,2017-11,Warwickshire Police,Warwickshire Police,-1.421061,52.476659,On or near Arden Road,E01031067,Nuneaton and Bedworth 014A,Vehicle crime,Investigation complete; no suspect identified,
90890b3f71346083ecdeb7b9f9c4e28b9dae914fb40d920066c7963c903b9e83,2017-11,Warwickshire Police,Warwickshire Police,-1.429984,52.477718,On or near The Croft,E01031067,Nuneaton and Bedworth 014A,Violence and sexual offences,Status update unavailable,
46d428af6acae0ef4ae61dbd6610d146ea4f3ddcb40e88e5bec140c1ea066b66,2017-11,Warwickshire Police,Warwickshire Police,-1.429984,52.477718,On or near The Croft,E01031067,Nuneaton and Bedworth 014A,Violence and sexual offences,Status update unavailable,
e3b1020dce11e97d4835002de378e1efd20031d9af85b6f235203e47595aa76c,2017-11,Warwickshire Police,Warwickshire Police,-1.424456,52.475966,On or near Leicester Street,E01031067,Nuneaton and Bedworth 014A,Violence and sexual offences,Status update unavailable,
,2017-11,Warwickshire Police,Warwickshire Police,-1.411038,52.477500,On or near Wolvey Road,E01031068,Nuneaton and Bedworth 014B,Anti-social behaviour,,
34fafe87948754dc366934806d544a6b29f635999680d7a8a016e24687598c84,2017-11,Warwickshire Police,Warwickshire Police,-1.424881,52.479546,On or near Staples Close,E01031068,Nuneaton and Bedworth 014B,Burglary,Investigation complete; no suspect identified,
9d9afd40def67b19e990c4db758de5b3e55d91ae14903e1a27520bf09c2e98ce,2017-11,Warwickshire Police,Warwickshire Police,-1.411038,52.477500,On or near Wolvey Road,E01031068,Nuneaton and Bedworth 014B,Criminal damage and arson,Status update unavailable,
f488d1f0e4bfa08871489c535f0ca9ff2f7e52947a8c4b14fac863674f0a9b0f,2017-11,Warwickshire Police,Warwickshire Police,-1.418406,52.474794,On or near Brewer Road,E01031068,Nuneaton and Bedworth 014B,Vehicle crime,Investigation complete; no suspect identified,
6bf042de09b19ed789d00fb629f4199a37f627361e36c56fdc5dabe17ec686ee,2017-11,Warwickshire Police,Warwickshire Police,-1.420521,52.478544,On or near Amberley Avenue,E01031068,Nuneaton and Bedworth 014B,Vehicle crime,Investigation complete; no suspect identified,
5f028dd6050301dfea1ea822cc7179873ca6e852e40ad615bbef19258f1934e8,2017-11,Warwickshire Police,Warwickshire Police,-1.422019,52.475459,On or near Stafford Close,E01031068,Nuneaton and Bedworth 014B,Vehicle crime,Investigation complete; no suspect identified,
1962d8a4524e98242cfc41569600d9b57c64a63cfccbb957430e777715bc95cd,2017-11,Warwickshire Police,Warwickshire Police,-1.420521,52.478544,On or near Amberley Avenue,E01031068,Nuneaton and Bedworth 014B,Violence and sexual offences,Unable to prosecute suspect,
6515cf6ea0f58859a0e9e4fb1236ad5a3993e34f81f1f7f9181aaa05957c52b8,2017-11,Warwickshire Police,Warwickshire Police,-1.422086,52.480422,On or near Arundel Road,E01031068,Nuneaton and Bedworth 014B,Violence and sexual offences,Status update unavailable,
,2017-11,Warwickshire Police,Warwickshire Police,-1.432814,52.493545,On or near Avon Close,E01031069,Nuneaton and Bedworth 014C,Anti-social behaviour,,
,2017-11,Warwickshire Police,Warwickshire Police,-1.407282,52.496189,On or near William Beesley Crescent,E01031069,Nuneaton and Bedworth 014C,Anti-social behaviour,,
,2017-11,Warwickshire Police,Warwickshire Police,-1.432013,52.476766,On or near Benn Road,E01031070,Nuneaton and Bedworth 014D,Anti-social behaviour,,
,2017-11,Warwickshire Police,Warwickshire Police,-1.433993,52.471642,On or near Coventry Road,E01031070,Nuneaton and Bedworth 014D,Anti-social behaviour,,
46da17fbc37646e37ef8f7041ea976aea52c201bf5a407c091302ea06e120fae,2017-11,Warwickshire Police,Warwickshire Police,-1.435481,52.481907,On or near Mill Lane,E01031070,Nuneaton and Bedworth 014D,Vehicle crime,Investigation complete; no suspect identified,
,2017-11,Warwickshire Police,Warwickshire Police,-1.461277,52.478458,On or near Bulkington Road,E01031095,Nuneaton and Bedworth 015A,Anti-social behaviour,,
,2017-11,Warwickshire Police,Warwickshire Police,-1.460900,52.482835,On or near Acacia Crescent,E01031095,Nuneaton and Bedworth 015A,Anti-social behaviour,,
,2017-11,Warwickshire Police,Warwickshire Police,-1.460900,52.482835,On or near Acacia Crescent,E01031095,Nuneaton and Bedworth 015A,Anti-social behaviour,,
9ffb881115afc15310a6ecad4e29963d7f94e54c456247b0c9bbe434323000b2,2017-11,Warwickshire Police,Warwickshire Police,-1.460900,52.482835,On or near Acacia Crescent,E01031095,Nuneaton and Bedworth 015A,Vehicle crime,Court result unavailable,
14d98b96763b99dc0a5ee53128e0d3934b79468ede2209301d9c4ad9b16c8481,2017-11,Warwickshire Police,Warwickshire Police,-1.460900,52.482835,On or near Acacia Crescent,E01031095,Nuneaton and Bedworth 015A,Violence and sexual offences,Unable to prosecute suspect,
,2017-11,Warwickshire Police,Warwickshire Police,-1.466677,52.482447,On or near Johnson Road,E01031096,Nuneaton and Bedworth 015B,Anti-social behaviour,,
,2017-11,Warwickshire Police,Warwickshire Police,-1.471631,52.476995,On or near Sports/Recreation Area,E01031096,Nuneaton and Bedworth 015B,Anti-social behaviour,,
,2017-11,Warwickshire Police,Warwickshire Police,-1.467996,52.478057,On or near Queen Street,E01031096,Nuneaton and Bedworth 015B,Anti-social behaviour,,
d395a47b42ce687fd22d1f3b7c3b8ad61ff59a24597d655d3e83a4c5e394994c,2017-11,Warwickshire Police,Warwickshire Police,-1.466194,52.479739,On or near Tintern Way,E01031096,Nuneaton and Bedworth 015B,Bicycle theft,Investigation complete; no suspect identified,
46f462f291b14bec2d8a6a1d8d4a3d1ad2cbe255ad82df7a51efd83e1dd208fe,2017-11,Warwickshire Police,Warwickshire Police,-1.464083,52.480233,On or near Brick Kiln Way,E01031096,Nuneaton and Bedworth 015B,Burglary,Investigation complete; no suspect identified,
32b5a6d5c2f452ca199ca1138289b9d9af47e29bfdb4a8e4ce3d954497d9ebae,2017-11,Warwickshire Police,Warwickshire Police,-1.469954,52.479334,On or near King Street,E01031096,Nuneaton and Bedworth 015B,Criminal damage and arson,Investigation complete; no suspect identified,
7d1adea6a7f24ae0f18fd2ebe81334f2b91c1460a8744025616e7de680b66635,2017-11,Warwickshire Police,Warwickshire Police,-1.474546,52.475713,On or near Coventry Road,E01031096,Nuneaton and Bedworth 015B,Criminal damage and arson,Investigation complete; no suspect identified,
6bda00662b9f286057c125c80f21ae04005c07c697484a51a3542560e8fd17a2,2017-11,Warwickshire Police,Warwickshire Police,-1.464652,52.481845,On or near Tewkesbury Drive,E01031096,Nuneaton and Bedworth 015B,Criminal damage and arson,Offender fined,
29a631c7236360a685c62028ca9088012e2ae7e3f3417e798604d33dea7ef596,2017-11,Warwickshire Police,Warwickshire Police,-1.465553,52.479143,On or near Earl Street,E01031096,Nuneaton and Bedworth 015B,Criminal damage and arson,Investigation complete; no suspect identified,
89374aebeeb04dc9c5a5b5054f9605cd4a6ff01ded53283821b948ab6a5ee20b,2017-11,Warwickshire Police,Warwickshire Police,-1.469954,52.479334,On or near King Street,E01031096,Nuneaton and Bedworth 015B,Public order,Formal action is not in the public interest,
0cf1696145cfdb0bf447338bb42c44c1df002488bb7da412aea2f59f7b701247,2017-11,Warwickshire Police,Warwickshire Police,-1.467996,52.478057,On or near Queen Street,E01031096,Nuneaton and Bedworth 015B,Robbery,Investigation complete; no suspect identified,
9be437b56f043371d3ea79523a4f5d96f9a5b5b1bcd347da88cd10801cccf5b3,2017-11,Warwickshire Police,Warwickshire Police,-1.463194,52.479456,On or near William Street,E01031096,Nuneaton and Bedworth 015B,Vehicle crime,Investigation complete; no suspect identified,
e9003c632fcdcb2db46a6575eeb17a0d2c8c751cbee4f2a4a8097c20ad74d1df,2017-11,Warwickshire Police,Warwickshire Police,-1.464652,52.481845,On or near Tewkesbury Drive,E01031096,Nuneaton and Bedworth 015B,Violence and sexual offences,Defendant found not guilty,
bb7ef099d23e980baddaf46f86837987703bda9e0dc638e365f17d900dd5ea54,2017-11,Warwickshire Police,Warwickshire Police,-1.474546,52.475713,On or near Coventry Road,E01031096,Nuneaton and Bedworth 015B,Violence and sexual offences,Status update unavailable,
9f30edef00f3d1aef5c57b580b1cb761ee6762215404eb1ba12efbcdd045f402,2017-11,Warwickshire Police,Warwickshire Police,-1.463194,52.479456,On or near William Street,E01031096,Nuneaton and Bedworth 015B,Violence and sexual offences,Unable to prosecute suspect,
bd40a8a59772e671cf1c3704bf40d0d8aac43941c40311166dc0d829c0d1f000,2017-11,Warwickshire Police,Warwickshire Police,-1.467027,52.479015,On or near Parking Area,E01031096,Nuneaton and Bedworth 015B,Violence and sexual offences,Investigation complete; no suspect identified,
,2017-11,Warwickshire Police,Warwickshire Police,-1.463009,52.476515,On or near Byron Avenue,E01031097,Nuneaton and Bedworth 015C,Anti-social behaviour,,
,2017-11,Warwickshire Police,Warwickshire Police,-1.459708,52.477912,On or near East Avenue,E01031097,Nuneaton and Bedworth 015C,Anti-social behaviour,,
22bdb6fd67fdad97309464a9f08c7c4e49f70400e40406a514c0df60f253be16,2017-11,Warwickshire Police,Warwickshire Police,-1.459214,52.477379,On or near North Avenue,E01031097,Nuneaton and Bedworth 015C,Violence and sexual offences,Unable to prosecute suspect,
bec3844e9c974f446eec9c5cb75cc5872d509e90a378b47334f9185b6f4a6f01,2017-11,Warwickshire Police,Warwickshire Police,-1.459214,52.477379,On or near North Avenue,E01031097,Nuneaton and Bedworth 015C,Violence and sexual offences,Unable to prosecute suspect,
cf1656c64b7703f1b467e428c08c62489a9809788b5aeb87ae026835351fffb7,2017-11,Warwickshire Police,Warwickshire Police,-1.464816,52.476802,On or near Mitchell Road,E01031097,Nuneaton and Bedworth 015C,Other crime,Formal action is not in the public interest,
,2017-11,Warwickshire Police,Warwickshire Police,-1.472235,52.468286,On or near Paragon Way,E01031098,Nuneaton and Bedworth 015D,Anti-social behaviour,,
,2017-11,Warwickshire Police,Warwickshire Police,-1.474804,52.471408,On or near Colliery Lane,E01031098,Nuneaton and Bedworth 015D,Anti-social behaviour,,
,2017-11,Warwickshire Police,Warwickshire Police,-1.476767,52.468459,On or near Tresillian Road,E01031098,Nuneaton and Bedworth 015D,Anti-social behaviour,,
,2017-11,Warwickshire Police,Warwickshire Police,-1.474804,52.471408,On or near Colliery Lane,E01031098,Nuneaton and Bedworth 015D,Anti-social behaviour,,
,2017-11,Warwickshire Police,Warwickshire Police,-1.476353,52.471109,On or near Larchwood Road,E01031098,Nuneaton and Bedworth 015D,Anti-social behaviour,,
eb7f77bedd119f4555aac4014248b5cc6fe6881f3233dbe1a4a27d0910fa4bcc,2017-11,Warwickshire Police,Warwickshire Police,-1.476073,52.468654,On or near Rosemullion Close,E01031098,Nuneaton and Bedworth 015D,Burglary,Investigation complete; no suspect identified,
00ca45831543293ce3e51983006de68fb0b4138a9c4954952fba19275cd6b707,2017-11,Warwickshire Police,Warwickshire Police,-1.472235,52.468286,On or near Paragon Way,E01031098,Nuneaton and Bedworth 015D,Criminal damage and arson,Status update unavailable,
272177778d7a4b5552a78732e0facce9bb0880fd35458ece0cceaf7fea7d16e0,2017-11,Warwickshire Police,Warwickshire Police,-1.474804,52.471408,On or near Colliery Lane,E01031098,Nuneaton and Bedworth 015D,Criminal damage and arson,Investigation complete; no suspect identified,
91ed7ce8e66e27a7a42221f12316d08d670d5e833863017cb8729ad7857c6609,2017-11,Warwickshire Police,Warwickshire Police,-1.474054,52.466343,On or near Brindley Road,E01031098,Nuneaton and Bedworth 015D,Vehicle crime,Investigation complete; no suspect identified,
6434435ae89e54093fc157ad5f71ebc0f79cdef4082e83e3209b29ec26dd07ac,2017-11,Warwickshire Police,Warwickshire Police,-1.472235,52.468286,On or near Paragon Way,E01031098,Nuneaton and Bedworth 015D,Violence and sexual offences,Investigation complete; no suspect identified,
781069c0f34294817ab8d5ceda096fb14d7cc4afaca2880f648d9d78444934b4,2017-11,Warwickshire Police,Warwickshire Police,-1.472235,52.468286,On or near Paragon Way,E01031098,Nuneaton and Bedworth 015D,Violence and sexual offences,Defendant found not guilty,
,2017-11,Warwickshire Police,Warwickshire Police,-1.480897,52.464036,On or near Bryant Road,E01031099,Nuneaton and Bedworth 015E,Anti-social behaviour,,
,2017-11,Warwickshire Police,Warwickshire Police,-1.483752,52.460291,On or near Longford Road,E01031099,Nuneaton and Bedworth 015E,Anti-social behaviour,,
,2017-11,Warwickshire Police,Warwickshire Police,-1.483752,52.460291,On or near Longford Road,E01031099,Nuneaton and Bedworth 015E,Anti-social behaviour,,
,2017-11,Warwickshire Police,Warwickshire Police,-1.471256,52.457889,On or near Coney Lane,E01031099,Nuneaton and Bedworth 015E,Anti-social behaviour,,
,2017-11,Warwickshire Police,Warwickshire Police,-1.469236,52.460676,On or near Sinclair Drive,E01031099,Nuneaton and Bedworth 015E,Anti-social behaviour,,
,2017-11,Warwickshire Police,Warwickshire Police,-1.480897,52.464036,On or near Bryant Road,E01031099,Nuneaton and Bedworth 015E,Anti-social behaviour,,
,2017-11,Warwickshire Police,Warwickshire Police,-1.483752,52.460291,On or near Longford Road,E01031099,Nuneaton and Bedworth 015E,Anti-social behaviour,,
01092c106ca8c1e2c1e6b5c4a573da468baf28d7270b6091f454c7b8554c767a,2017-11,Warwickshire Police,Warwickshire Police,-1.480897,52.464036,On or near Bryant Road,E01031099,Nuneaton and Bedworth 015E,Burglary,Investigation complete; no suspect identified,
766d90f667ea218f250380d1aed582ad6670c62c695bfe56e623c012a3e098dc,2017-11,Warwickshire Police,Warwickshire Police,-1.483752,52.460291,On or near Longford Road,E01031099,Nuneaton and Bedworth 015E,Burglary,Investigation complete; no suspect identified,
ae9f5c4dcaad8a7af82b6f16b64c8ca798e05704c6b6d050cb0053e9a2e64508,2017-11,Warwickshire Police,Warwickshire Police,-1.483752,52.460291,On or near Longford Road,E01031099,Nuneaton and Bedworth 015E,Burglary,Investigation complete; no suspect identified,
e50d5eeaa10a66a3c10713eca7f2f207a40d5e0bd06f5df6a09bb95cf6bca8ad,2017-11,Warwickshire Police,Warwickshire Police,-1.480897,52.464036,On or near Bryant Road,E01031099,Nuneaton and Bedworth 015E,Shoplifting,Investigation complete; no suspect identified,
d51f9d52345708a58a42a46142a19c279e8fd8e9a4634bd6146fcdf45b040eef,2017-11,Warwickshire Police,Warwickshire Police,-1.480897,52.464036,On or near Bryant Road,E01031099,Nuneaton and Bedworth 015E,Shoplifting,Investigation complete; no suspect identified,
ac303df6bfaad9d494916469d0167505d806c9ea697f4a42e56be88b0792a9bf,2017-11,Warwickshire Police,Warwickshire Police,-1.480897,52.464036,On or near Bryant Road,E01031099,Nuneaton and Bedworth 015E,Shoplifting,Investigation complete; no suspect identified,
0c1d646b9062f8b9bf4419db6d727eb43aebc4c9d1af770f7413e3c27bc17fea,2017-11,Warwickshire Police,Warwickshire Police,-1.480897,52.464036,On or near Bryant Road,E01031099,Nuneaton and Bedworth 015E,Shoplifting,Investigation complete; no suspect identified,
5094c9c45225f2faea63b7c0e69afb08be8888ec544019db2101890afd48bae3,2017-11,Warwickshire Police,Warwickshire Police,-1.480897,52.464036,On or near Bryant Road,E01031099,Nuneaton and Bedworth 015E,Shoplifting,Investigation complete; no suspect identified,
8a66efb2359c4de01f04b00aa94940d7f70d5b1c30b5e13aac5a2e1a090f82dd,2017-11,Warwickshire Police,Warwickshire Police,-1.469806,52.458494,On or near Waterside,E01031099,Nuneaton and Bedworth 015E,Vehicle crime,Investigation complete; no suspect identified,
0e0a05b0f62f5d12907c23feb29fc713c5f41902762bcd8a1e7d2d1ad3bfe1d6,2017-11,Warwickshire Police,Warwickshire Police,-1.480719,52.465357,On or near Trelawney Road,E01031099,Nuneaton and Bedworth 015E,Vehicle crime,Investigation complete; no suspect identified,
58fc441144d77dce988d18d0c2e4c115a45a9eb2a76245289efde35988fd25ac,2017-11,Warwickshire Police,Warwickshire Police,-1.481697,52.467348,On or near Coventry Road Exhall,E01031099,Nuneaton and Bedworth 015E,Vehicle crime,Investigation complete; no suspect identified,
7112a471cf0a037b33a96f9980ce3c6c61d1e8c6f7d3ffd8171561b64825bd65,2017-11,Warwickshire Police,Warwickshire Police,-1.470395,52.459737,On or near Sephton Drive,E01031099,Nuneaton and Bedworth 015E,Vehicle crime,Investigation complete; no suspect identified,
77a0b4fb80261bf16f46cdcdd073c7f42b31e3ccff1be950fffa3157603eaeb6,2017-11,Warwickshire Police,Warwickshire Police,-1.480543,52.466597,On or near Tregorrick Road,E01031099,Nuneaton and Bedworth 015E,Violence and sexual offences,Status update unavailable,
779b4a6e10b2951074cefbc562f29e156c1da5a9f1277d230ffbe93da80a09ad,2017-11,Warwickshire Police,Warwickshire Police,-1.480543,52.466597,On or near Tregorrick Road,E01031099,Nuneaton and Bedworth 015E,Violence and sexual offences,Status update unavailable,
301af9760d2769f424c856f544527e8d5ba37ba715176b37862bb1e766efd031,2017-11,Warwickshire Police,Warwickshire Police,-1.469236,52.460676,On or near Sinclair Drive,E01031099,Nuneaton and Bedworth 015E,Violence and sexual offences,Status update unavailable,
44ffcde4c46177813c12a25c5d89e765629f694ec720f94edbaee45fbf55a5df,2017-11,Warwickshire Police,Warwickshire Police,-1.469236,52.460676,On or near Sinclair Drive,E01031099,Nuneaton and Bedworth 015E,Violence and sexual offences,Status update unavailable,
6f3dd7bea1b3b39579d1366e254a75e71462a03ed29b3b86a1010373440331f8,2017-11,Warwickshire Police,Warwickshire Police,-1.472406,52.458928,On or near Sanders Road,E01031099,Nuneaton and Bedworth 015E,Violence and sexual offences,Court result unavailable,
3e86e2b46c1d436fa61d37709c39df0d64ddb18878a0c62bd409455fe9aeeed3,2017-11,Warwickshire Police,Warwickshire Police,-1.480536,52.468413,On or near The Copse,E01031099,Nuneaton and Bedworth 015E,Violence and sexual offences,Status update unavailable,
,2017-11,Warwickshire Police,Warwickshire Police,-1.504859,52.469344,On or near Jeffrey Close,E01031086,Nuneaton and Bedworth 016A,Anti-social behaviour,,
,2017-11,Warwickshire Police,Warwickshire Police,-1.509534,52.468536,On or near Acorn Close,E01031086,Nuneaton and Bedworth 016A,Anti-social behaviour,,
,2017-11,Warwickshire Police,Warwickshire Police,-1.501914,52.469367,On or near Melrose Avenue,E01031086,Nuneaton and Bedworth 016A,Anti-social behaviour,,
,2017-11,Warwickshire Police,Warwickshire Police,-1.512007,52.467207,On or near M6,E01031086,Nuneaton and Bedworth 016A,Anti-social behaviour,,
,2017-11,Warwickshire Police,Warwickshire Police,-1.509534,52.468536,On or near Acorn Close,E01031086,Nuneaton and Bedworth 016A,Anti-social behaviour,,
4e41f0d354235d62b0610900c62a7e2c2e3bad5291f6e8bd8bc1973b7072a80c,2017-11,Warwickshire Police,Warwickshire Police,-1.504859,52.469344,On or near Jeffrey Close,E01031086,Nuneaton and Bedworth 016A,Criminal damage and arson,Offender given conditional discharge,
6f6ed113a2e94ccd0d0152d5df09effa15688ed5813e65f38c0fba210013383c,2017-11,Warwickshire Police,Warwickshire Police,-1.505824,52.473807,On or near Smercote Close,E01031086,Nuneaton and Bedworth 016A,Drugs,Formal action is not in the public interest,
b00ebb7834992c3d33e97d4e5355830dcfa9df487d407eaa534c1bc4396c0f8a,2017-11,Warwickshire Police,Warwickshire Police,-1.501679,52.470598,On or near Robinson Road,E01031086,Nuneaton and Bedworth 016A,Public order,Status update unavailable,
93631a44187a078ab704e6764b7911711e88ada27202fe01045357cb89e5227b,2017-11,Warwickshire Police,Warwickshire Police,-1.501679,52.470598,On or near Robinson Road,E01031086,Nuneaton and Bedworth 016A,Public order,Investigation complete; no suspect identified,
192b0a3066cf0c729b9b99fadbc6c85089b3dbb86b8c57667e49c017839f486c,2017-11,Warwickshire Police,Warwickshire Police,-1.501679,52.470598,On or near Robinson Road,E01031086,Nuneaton and Bedworth 016A,Public order,Status update unavailable,
51d9f0078f041e438c86c93cb243f844aba038330e9f143fc624d8de130b1b81,2017-11,Warwickshire Police,Warwickshire Police,-1.504254,52.470780,On or near Newey Avenue,E01031086,Nuneaton and Bedworth 016A,Violence and sexual offences,Status update unavailable,
d9b745c238996434cb55c4546399c7ac81308b8135e089a528c0ec86b16a6961,2017-11,Warwickshire Police,Warwickshire Police,-1.504884,52.472284,On or near Newcomen Road,E01031086,Nuneaton and Bedworth 016A,Violence and sexual offences,Status update unavailable,
e2686f7a34a56ca11b0e51d68a1262e0ff1657e6fa983fb137359a8c9b87b140,2017-11,Warwickshire Police,Warwickshire Police,-1.505856,52.472306,On or near Raynor Crescent,E01031086,Nuneaton and Bedworth 016A,Violence and sexual offences,Unable to prosecute suspect,
3803da9d12332e9d5addbee6ebf2065640cd0efdb7206501c1263c4bdefdc852,2017-11,Warwickshire Police,Warwickshire Police,-1.506837,52.472732,On or near Patridge Close,E01031086,Nuneaton and Bedworth 016A,Violence and sexual offences,Unable to prosecute suspect,
,2017-11,Warwickshire Police,Warwickshire Police,-1.502623,52.475681,On or near Larkspur Grove,E01031087,Nuneaton and Bedworth 016B,Anti-social behaviour,,
,2017-11,Warwickshire Police,Warwickshire Police,-1.502623,52.475681,On or near Larkspur Grove,E01031087,Nuneaton and Bedworth 016B,Anti-social behaviour,,
,2017-11,Warwickshire Police,Warwickshire Police,-1.498389,52.471250,On or near Cashmore Road,E01031087,Nuneaton and Bedworth 016B,Anti-social behaviour,,
,2017-11,Warwickshire Police,Warwickshire Police,-1.497425,52.471920,On or near Topps Heath,E01031087,Nuneaton and Bedworth 016B,Anti-social behaviour,,
,2017-11,Warwickshire Police,Warwickshire Police,-1.493030,52.473843,On or near Supermarket,E01031087,Nuneaton and Bedworth 016B,Anti-social behaviour,,
,2017-11,Warwickshire Police,Warwickshire Police,-1.502623,52.475681,On or near Larkspur Grove,E01031087,Nuneaton and Bedworth 016B,Anti-social behaviour,,
,2017-11,Warwickshire Police,Warwickshire Police,-1.501210,52.473050,On or near Sports/Recreation Area,E01031087,Nuneaton and Bedworth 016B,Anti-social behaviour,,
f38d5118831f9f653608434557ec3d54482ea510907440cd9c3a4107f5c840ec,2017-11,Warwickshire Police,Warwickshire Police,-1.496867,52.474399,On or near Bryony Close,E01031087,Nuneaton and Bedworth 016B,Criminal damage and arson,Investigation complete; no suspect identified,
ffa7908bb0a8a415a7fcdd66c83c9d03d5632219e5d5edfd751c0b1c284005a1,2017-11,Warwickshire Police,Warwickshire Police,-1.502623,52.475681,On or near Larkspur Grove,E01031087,Nuneaton and Bedworth 016B,Criminal damage and arson,Investigation complete; no suspect identified,
6d900a7146941c9e54d281effa6f4c74830671a297f60574e2076fb624c873e0,2017-11,Warwickshire Police,Warwickshire Police,-1.502623,52.475681,On or near Larkspur Grove,E01031087,Nuneaton and Bedworth 016B,Criminal damage and arson,Investigation complete; no suspect identified,
eb91d9476254308e3611454958e66b9305fd5218775431b34bd98a81b8d8cb0f,2017-11,Warwickshire Police,Warwickshire Police,-1.496867,52.474399,On or near Bryony Close,E01031087,Nuneaton and Bedworth 016B,Criminal damage and arson,Investigation complete; no suspect identified,
2b6f42e6b45d08b83f3e0674db56d351b8d8cc7b1bb289e5a944de2de9b7e5eb,2017-11,Warwickshire Police,Warwickshire Police,-1.501691,52.472216,On or near Dark Lane,E01031087,Nuneaton and Bedworth 016B,Criminal damage and arson,Investigation complete; no suspect identified,
968a042169b55d695938bb752ae28481ec7bc07d8c7d9ec222e0938459b9ab49,2017-11,Warwickshire Police,Warwickshire Police,-1.492912,52.472629,On or near Heath Road,E01031087,Nuneaton and Bedworth 016B,Drugs,Offender fined,
30c90fae5ae66d9b9cbce575bf10818359255fc3a464638106483d2155582b71,2017-11,Warwickshire Police,Warwickshire Police,-1.502674,52.473776,On or near Sports/Recreation Area,E01031087,Nuneaton and Bedworth 016B,Other theft,Investigation complete; no suspect identified,
ecf30809e970a705fb226aa201ca9c479f527362c6d91ac2c8eb43abe8be0354,2017-11,Warwickshire Police,Warwickshire Police,-1.501841,52.475822,On or near Speedwell Close,E01031087,Nuneaton and Bedworth 016B,Public order,Status update unavailable,
9efcf0893b3370a249bb3a51f1cc951786967e353c6b2847f8c086edaebc8446,2017-11,Warwickshire Police,Warwickshire Police,-1.496389,52.471052,On or near Topps Drive,E01031087,Nuneaton and Bedworth 016B,Public order,Investigation complete; no suspect identified,
ec58837d7a5d2d1837ec2dd9a26f801dd776c8d2b3aaf3e729e0bd24133af74b,2017-11,Warwickshire Police,Warwickshire Police,-1.492912,52.472629,On or near Heath Road,E01031087,Nuneaton and Bedworth 016B,Shoplifting,Investigation complete; no suspect identified,
86ebf1c40c3a29f86fa03a2f3134d0df37ae8b938017af964ecc334d8f3c07d3,2017-11,Warwickshire Police,Warwickshire Police,-1.502623,52.475681,On or near Larkspur Grove,E01031087,Nuneaton and Bedworth 016B,Shoplifting,Unable to prosecute suspect,
29767d898b83ec71f7d806f0f8d3a0bc453fa76719f849f40c28a6b60ebc4821,2017-11,Warwickshire Police,Warwickshire Police,-1.502623,52.475681,On or near Larkspur Grove,E01031087,Nuneaton and Bedworth 016B,Shoplifting,Investigation complete; no suspect identified,
e0a5553c1880a67b5b05e50713a424fe74167d8e9c80ba3014ea032cc472b499,2017-11,Warwickshire Police,Warwickshire Police,-1.502674,52.473776,On or near Sports/Recreation Area,E01031087,Nuneaton and Bedworth 016B,Vehicle crime,Investigation complete; no suspect identified,
2a110ae55858c0af6af4c1b7716b9da3c7c07418edd7c91f5c5246e88156a65f,2017-11,Warwickshire Police,Warwickshire Police,-1.495893,52.471958,On or near Hammersley Street,E01031087,Nuneaton and Bedworth 016B,Vehicle crime,Investigation complete; no suspect identified,
c0b3705473cb2ceb4dfd028a94ab5e9a33d17e652edefbdb8f4c73bb9c9359b6,2017-11,Warwickshire Police,Warwickshire Police,-1.497425,52.471920,On or near Topps Heath,E01031087,Nuneaton and Bedworth 016B,Vehicle crime,Status update unavailable,
ce6da3f566295d82f35357b18065a87b572ed0994ab8c161651035f2529ea71d,2017-11,Warwickshire Police,Warwickshire Police,-1.497807,52.473243,On or near Bellairs Avenue,E01031087,Nuneaton and Bedworth 016B,Violence and sexual offences,Status update unavailable,
1d5694055425cce69f27ccdc2fc299731440caa78bd42c70b2e7185c69ccb3c3,2017-11,Warwickshire Police,Warwickshire Police,-1.495470,52.471669,On or near Heath Avenue,E01031087,Nuneaton and Bedworth 016B,Violence and sexual offences,Status update unavailable,
f12047e013e8d39dac5313d59f7f8f771209679f3cd3273ddc43eb314531d914,2017-11,Warwickshire Police,Warwickshire Police,-1.502623,52.475681,On or near Larkspur Grove,E01031087,Nuneaton and Bedworth 016B,Violence and sexual offences,Formal action is not in the public interest,
9a925947a02d316b495ba8c7ce57b09725944b872b65516629ed3e8e06ba2f6b,2017-11,Warwickshire Police,Warwickshire Police,-1.498814,52.470119,On or near Mcmahon Road,E01031087,Nuneaton and Bedworth 016B,Violence and sexual offences,Defendant found not guilty,
5e3b07d3beadcf983823b689e9d53acb0ed4db329b71bd9542a3e7215bc941f7,2017-11,Warwickshire Police,Warwickshire Police,-1.498814,52.470119,On or near Mcmahon Road,E01031087,Nuneaton and Bedworth 016B,Violence and sexual offences,Status update unavailable,
e278dd31c3b0c61e6bf44dd94e9cfe0c6a179b9fe86e0420f5e7010f989c50ad,2017-11,Warwickshire Police,Warwickshire Police,-1.498814,52.470119,On or near Mcmahon Road,E01031087,Nuneaton and Bedworth 016B,Violence and sexual offences,Formal action is not in the public interest,
a7b87f116f2e68e55e6fdc6a6bffdca610bebb7222374ee6906e95b7e00368b3,2017-11,Warwickshire Police,Warwickshire Police,-1.499335,52.470966,On or near Henson Road,E01031087,Nuneaton and Bedworth 016B,Violence and sexual offences,Status update unavailable,
1f96928d21496e9dea7a4aa665b797ce313ed661e1ee62f59acfaf90c9f7ce93,2017-11,Warwickshire Police,Warwickshire Police,-1.495470,52.471669,On or near Heath Avenue,E01031087,Nuneaton and Bedworth 016B,Violence and sexual offences,Status update unavailable,
dc42af2855b9172bd2de46a72c783db93c19bb8d7dfea720ecf98c5477337367,2017-11,Warwickshire Police,Warwickshire Police,-1.502623,52.475681,On or near Larkspur Grove,E01031087,Nuneaton and Bedworth 016B,Violence and sexual offences,Unable to prosecute suspect,
f25a7cdccc88b0c0b8ed389ab7be25dfaeb32ed42fc0611b9de618ec97fc87c1,2017-11,Warwickshire Police,Warwickshire Police,-1.502623,52.475681,On or near Larkspur Grove,E01031087,Nuneaton and Bedworth 016B,Violence and sexual offences,Status update unavailable,
1db5782876e4bba4c9dc94e0190c0b9946bfc56ab3bec31e2a42498e9372a37f,2017-11,Warwickshire Police,Warwickshire Police,-1.498814,52.470119,On or near Mcmahon Road,E01031087,Nuneaton and Bedworth 016B,Violence and sexual offences,Defendant found not guilty,
,2017-11,Warwickshire Police,Warwickshire Police,-1.505878,52.475551,On or near Lindley Road,E01031088,Nuneaton and Bedworth 016C,Anti-social behaviour,,
,2017-11,Warwickshire Police,Warwickshire Police,-1.505878,52.475551,On or near Lindley Road,E01031088,Nuneaton and Bedworth 016C,Anti-social behaviour,,
,2017-11,Warwickshire Police,Warwickshire Police,-1.508224,52.473772,On or near Blair Drive,E01031088,Nuneaton and Bedworth 016C,Anti-social behaviour,,
,2017-11,Warwickshire Police,Warwickshire Police,-1.502514,52.476265,On or near Daffodil Drive,E01031088,Nuneaton and Bedworth 016C,Anti-social behaviour,,
2816b6c0c48786eba04118aa1bd72e36966f951629c7ee21eed950fac7475609,2017-11,Warwickshire Police,Warwickshire Police,-1.506735,52.474027,On or near Pheasant Close,E01031088,Nuneaton and Bedworth 016C,Bicycle theft,Investigation complete; no suspect identified,
f06b2e580b924835a3232e4f72ed4f089814e115ddf3996a1afe5c7bbad7bfe5,2017-11,Warwickshire Police,Warwickshire Police,-1.505122,52.474739,On or near Petrol Station,E01031088,Nuneaton and Bedworth 016C,Criminal damage and arson,Investigation complete; no suspect identified,
104f64ce678469a79692ebfe7e8cce9c0fa14194b960a10172d08f248526f881,2017-11,Warwickshire Police,Warwickshire Police,-1.505122,52.474739,On or near Petrol Station,E01031088,Nuneaton and Bedworth 016C,Other theft,Investigation complete; no suspect identified,
0501cda984cb354d29693db1913e847b3fe51c537acbd2883a70bf8d8dea3bc3,2017-11,Warwickshire Police,Warwickshire Police,-1.502674,52.477749,On or near Daisy Croft,E01031088,Nuneaton and Bedworth 016C,Vehicle crime,Investigation complete; no suspect identified,
0c49e7fe6d57b84aaf6a27935c7ee5a1b6cd0b84e643aa8d8e7b8c969b8df680,2017-11,Warwickshire Police,Warwickshire Police,-1.514495,52.475164,On or near Blyth Close,E01031088,Nuneaton and Bedworth 016C,Vehicle crime,Investigation complete; no suspect identified,
a348c9fe8b204dd777eaae975fca3f84e4dcad24875cb14314b75d08f9bac4b6,2017-11,Warwickshire Police,Warwickshire Police,-1.502514,52.476265,On or near Daffodil Drive,E01031088,Nuneaton and Bedworth 016C,Vehicle crime,Investigation complete; no suspect identified,
ebdd42868761c1dbe9976e0d3d6bfa3a885bb66efe002dbd8bfcc8e922b8cd56,2017-11,Warwickshire Police,Warwickshire Police,-1.508602,52.474259,On or near Doulton Court,E01031088,Nuneaton and Bedworth 016C,Violence and sexual offences,Status update unavailable,
ec98f1fb5e9c77e188f96e1061b99af51109e85677cf8a4d1a16b4907c5ddaae,2017-11,Warwickshire Police,Warwickshire Police,-1.508602,52.474259,On or near Doulton Court,E01031088,Nuneaton and Bedworth 016C,Violence and sexual offences,Status update unavailable,
16b0550e7a4360cb8f146fa66070c398c7f35ca9030e72cb16f69fcaf1eafc4e,2017-11,Warwickshire Police,Warwickshire Police,-1.508602,52.474259,On or near Doulton Court,E01031088,Nuneaton and Bedworth 016C,Violence and sexual offences,Status update unavailable,
a93d37f9936a58ddc4524d4ecc3bc4022b79891a06914c21384ce82e294a4b29,2017-11,Warwickshire Police,Warwickshire Police,-1.508602,52.474259,On or near Doulton Court,E01031088,Nuneaton and Bedworth 016C,Other crime,Unable to prosecute suspect,
,2017-11,Warwickshire Police,Warwickshire Police,-1.495721,52.470312,On or near The Tea Garden,E01031089,Nuneaton and Bedworth 016D,Anti-social behaviour,,
,2017-11,Warwickshire Police,Warwickshire Police,-1.490952,52.471532,On or near Smarts Road,E01031089,Nuneaton and Bedworth 016D,Anti-social behaviour,,
37a5ff95817a25e91c062501420cc52f03bf11ad1e848f76387e9dc50f1261b8,2017-11,Warwickshire Police,Warwickshire Police,-1.489520,52.471886,On or near Walkers Way,E01031089,Nuneaton and Bedworth 016D,Criminal damage and arson,Investigation complete; no suspect identified,
7a5449261bf911d54e9b19b435d3df3346f0d5d135cf15919503e4cd6ea89918,2017-11,Warwickshire Police,Warwickshire Police,-1.493129,52.471695,On or near Petrol Station,E01031089,Nuneaton and Bedworth 016D,Other theft,Investigation complete; no suspect identified,
7c5b64c70215d144d3cf668f76bf0fa29a9a29cbc3162e923fd0687355e65629,2017-11,Warwickshire Police,Warwickshire Police,-1.493129,52.471695,On or near Petrol Station,E01031089,Nuneaton and Bedworth 016D,Other theft,Investigation complete; no suspect identified,
cb0de12178fbc0fd0fed65d0f0b684cca34f0398fbba72eab7a97eb59cd0c17b,2017-11,Warwickshire Police,Warwickshire Police,-1.490457,52.472339,On or near Holyoak Close,E01031089,Nuneaton and Bedworth 016D,Other theft,Investigation complete; no suspect identified,
49abd92d2b4269d87e110371f43fcf3e6f6f3bc7e3bc45188fa6229c79655882,2017-11,Warwickshire Police,Warwickshire Police,-1.491975,52.472157,On or near All Saints Road,E01031089,Nuneaton and Bedworth 016D,Other theft,Investigation complete; no suspect identified,
3fab7f3d78e3cdff4a8966b63d70c91d43abb111cee9d312cc4c6cfb5cbfe1d4,2017-11,Warwickshire Police,Warwickshire Police,-1.495721,52.470312,On or near The Tea Garden,E01031089,Nuneaton and Bedworth 016D,Violence and sexual offences,Status update unavailable,
1ff45cded34993ca8261d8231dd55edc3dabb69ba2d299d99d5bdf11c85b064c,2017-11,Warwickshire Police,Warwickshire Police,-1.495721,52.470312,On or near The Tea Garden,E01031089,Nuneaton and Bedworth 016D,Violence and sexual offences,Status update unavailable,
def2a90f6a773f796498acc30b5aa1917b3ef9e0a825b79e2b5ef63d9da0ddf9,2017-11,Warwickshire Police,Warwickshire Police,-1.493129,52.471695,On or near Petrol Station,E01031089,Nuneaton and Bedworth 016D,Other crime,Investigation complete; no suspect identified,
,2017-11,Warwickshire Police,Warwickshire Police,-1.529820,52.462856,On or near Hope Close,E01031077,Nuneaton and Bedworth 018A,Anti-social behaviour,,
,2017-11,Warwickshire Police,Warwickshire Police,-1.529820,52.462856,On or near Hope Close,E01031077,Nuneaton and Bedworth 018A,Anti-social behaviour,,
,2017-11,Warwickshire Police,Warwickshire Police,-1.531523,52.461955,On or near Old Winnings Road,E01031077,Nuneaton and Bedworth 018A,Anti-social behaviour,,
,2017-11,Warwickshire Police,Warwickshire Police,-1.530277,52.461392,On or near Rathbone Close,E01031077,Nuneaton and Bedworth 018A,Anti-social behaviour,,
,2017-11,Warwickshire Police,Warwickshire Police,-1.526494,52.462888,On or near De-Compton Close,E01031077,Nuneaton and Bedworth 018A,Anti-social behaviour,,
,2017-11,Warwickshire Police,Warwickshire Police,-1.529820,52.462856,On or near Hope Close,E01031077,Nuneaton and Bedworth 018A,Anti-social behaviour,,
,2017-11,Warwickshire Police,Warwickshire Police,-1.533063,52.459623,On or near Coopers Meadow,E01031077,Nuneaton and Bedworth 018A,Anti-social behaviour,,
,2017-11,Warwickshire Police,Warwickshire Police,-1.530277,52.461392,On or near Rathbone Close,E01031077,Nuneaton and Bedworth 018A,Anti-social behaviour,,
133358b7ab5b2879a63e84350666e4d88a8b0b18bf22482f40caab210d4aefab,2017-11,Warwickshire Police,Warwickshire Police,-1.535284,52.459731,On or near Bennetts Road,E01031077,Nuneaton and Bedworth 018A,Burglary,Investigation complete; no suspect identified,
5f36b7d9f2714d4f47f8d89fc70a580842cd508b7d59ac8082bf8727a5271366,2017-11,Warwickshire Police,Warwickshire Police,-1.531523,52.461955,On or near Old Winnings Road,E01031077,Nuneaton and Bedworth 018A,Burglary,Investigation complete; no suspect identified,
dac49044e4c4275fbeef2a0bc3d762febd12ae4b02dcc158a12d1a2448c0c29e,2017-11,Warwickshire Police,Warwickshire Police,-1.533063,52.459623,On or near Coopers Meadow,E01031077,Nuneaton and Bedworth 018A,Criminal damage and arson,Local resolution,
10bb0efb5d43eaba0ff37b5bb0d34072542ee0430b6aff42b14e77058175987e,2017-11,Warwickshire Police,Warwickshire Police,-1.533063,52.459623,On or near Coopers Meadow,E01031077,Nuneaton and Bedworth 018A,Criminal damage and arson,Investigation complete; no suspect identified,
6c71ee02a3ff6ad2d89f59e88e3e3e5125880c81190cb5c41fe74318dee39bfc,2017-11,Warwickshire Police,Warwickshire Police,-1.533063,52.459623,On or near Coopers Meadow,E01031077,Nuneaton and Bedworth 018A,Criminal damage and arson,Investigation complete; no suspect identified,
a166df53f13457289c4500d083cf99c53cbc78f36f1a55262811ca21b82dc95d,2017-11,Warwickshire Police,Warwickshire Police,-1.529820,52.462856,On or near Hope Close,E01031077,Nuneaton and Bedworth 018A,Other theft,Investigation complete; no suspect identified,
8ca9938b612998907f77e4bf52448412edf2e94200edbe54ce46b1d98d1e01cc,2017-11,Warwickshire Police,Warwickshire Police,-1.529820,52.462856,On or near Hope Close,E01031077,Nuneaton and Bedworth 018A,Other theft,Status update unavailable,
b9ca1b7e09435f80a9fe877d50bd96757074808ceac33ef60e9fbbd6f5c9305f,2017-11,Warwickshire Police,Warwickshire Police,-1.529820,52.462856,On or near Hope Close,E01031077,Nuneaton and Bedworth 018A,Other theft,Status update unavailable,
073f854428dfbf65addd35b173a4453ddc5078d16069f9bd379817e00eeb8c7d,2017-11,Warwickshire Police,Warwickshire Police,-1.533063,52.459623,On or near Coopers Meadow,E01031077,Nuneaton and Bedworth 018A,Vehicle crime,Investigation complete; no suspect identified,
d3df4777e852316f331a987fec5f2b50a757a32a0cad25cc98a65fb46f6e8feb,2017-11,Warwickshire Police,Warwickshire Police,-1.533063,52.459623,On or near Coopers Meadow,E01031077,Nuneaton and Bedworth 018A,Vehicle crime,Investigation complete; no suspect identified,
9b5a2dc55981af866b8210cbfaa8fca74d1c690947be7e187abea94136d0659d,2017-11,Warwickshire Police,Warwickshire Police,-1.533063,52.459623,On or near Coopers Meadow,E01031077,Nuneaton and Bedworth 018A,Violence and sexual offences,Status update unavailable,
de6c8d8e556c333477ef952d50ab298bb4ee1cab50686aa73b2d417ffbc5b0c2,2017-11,Warwickshire Police,Warwickshire Police,-1.529820,52.462856,On or near Hope Close,E01031077,Nuneaton and Bedworth 018A,Violence and sexual offences,Status update unavailable,
77e785ec53e2b7aca7815e2be41dab10812a2a1ca5cd3f4784495b50c04fb102,2017-11,Warwickshire Police,Warwickshire Police,-1.529820,52.462856,On or near Hope Close,E01031077,Nuneaton and Bedworth 018A,Violence and sexual offences,Local resolution,
e1f97d26fd5bb9d5f0e020a6bd7f9ff877e2610435036b844c570d56c229149a,2017-11,Warwickshire Police,Warwickshire Police,-1.535295,52.461475,On or near The Crescent,E01031077,Nuneaton and Bedworth 018A,Violence and sexual offences,Status update unavailable,
5a1adee4623a280172e971eb465aafe099ea0a1910521175ecd042231a7e3a3d,2017-11,Warwickshire Police,Warwickshire Police,-1.535307,52.464586,On or near Grove Lane,E01031077,Nuneaton and Bedworth 018A,Violence and sexual offences,Status update unavailable,
2bfa343c6a6480710787120e6e34514266b26f77f6f7e17c4372633e116b5661,2017-11,Warwickshire Police,Warwickshire Police,-1.529820,52.462856,On or near Hope Close,E01031077,Nuneaton and Bedworth 018A,Violence and sexual offences,Local resolution,
fa20b2df49528e73d44be11a66c938505e8eeb54c35f4ca235d62413f058e39a,2017-11,Warwickshire Police,Warwickshire Police,-1.530277,52.461392,On or near Rathbone Close,E01031077,Nuneaton and Bedworth 018A,Violence and sexual offences,Status update unavailable,
ac156af26a320f8187078e257b42b52dba690961025face4563b229c4f08adc5,2017-11,Warwickshire Police,Warwickshire Police,-1.535295,52.461475,On or near The Crescent,E01031077,Nuneaton and Bedworth 018A,Violence and sexual offences,Status update unavailable,
c57152880e693b53b7960f5e485fbaabd2789a97468c9fb85d2b75e72805c86c,2017-11,Warwickshire Police,Warwickshire Police,-1.535295,52.461475,On or near The Crescent,E01031077,Nuneaton and Bedworth 018A,Violence and sexual offences,Local resolution,
46b85bff27355b8859e855fadf2f5bc1037180a27e11d2c4e6cb55f415cf12a3,2017-11,Warwickshire Police,Warwickshire Police,-1.533063,52.459623,On or near Coopers Meadow,E01031077,Nuneaton and Bedworth 018A,Violence and sexual offences,Formal action is not in the public interest,
,2017-11,Warwickshire Police,Warwickshire Police,-1.509960,52.460618,On or near Flude Road,E01031078,Nuneaton and Bedworth 018B,Anti-social behaviour,,
,2017-11,Warwickshire Police,Warwickshire Police,-1.528597,52.460271,On or near Scholfield Road,E01031078,Nuneaton and Bedworth 018B,Anti-social behaviour,,
,2017-11,Warwickshire Police,Warwickshire Police,-1.509960,52.460618,On or near Flude Road,E01031078,Nuneaton and Bedworth 018B,Anti-social behaviour,,
5813ed1d000625827215449e2f4a689b96912083333dd42ef7f3f8ebb6265ad0,2017-11,Warwickshire Police,Warwickshire Police,-1.523909,52.458229,On or near Mercers Meadow,E01031078,Nuneaton and Bedworth 018B,Criminal damage and arson,Investigation complete; no suspect identified,
7865cc1cfad753310950a276ac5f7404149672748596ba9595885adce5faa1aa,2017-11,Warwickshire Police,Warwickshire Police,-1.530509,52.459029,On or near Woods Piece,E01031078,Nuneaton and Bedworth 018B,Drugs,Offender given a caution,
65a16cb68fdd393bda59b830a8990adc6140f19c2aad7b7f4519aeea61a06f2d,2017-11,Warwickshire Police,Warwickshire Police,-1.530717,52.460189,On or near Beaumont Road,E01031078,Nuneaton and Bedworth 018B,Other theft,Unable to prosecute suspect,
f6944c3109238ab38737db992e27da9a66ac9b3b8aee09fcd9b117974c185ada,2017-11,Warwickshire Police,Warwickshire Police,-1.509960,52.460618,On or near Flude Road,E01031078,Nuneaton and Bedworth 018B,Public order,Unable to prosecute suspect,
dd8a76bfc3ccb2ab08305823e0c4364990f9772b720b87dfcafce3d0ee6294f2,2017-11,Warwickshire Police,Warwickshire Police,-1.523909,52.458229,On or near Mercers Meadow,E01031078,Nuneaton and Bedworth 018B,Violence and sexual offences,Awaiting court outcome,
05aa6013db7e5cc96099009e68c31dcc9c2bdcfc5535a87a2aec7b6583288198,2017-11,Warwickshire Police,Warwickshire Police,-1.524997,52.459753,On or near Synkere Close,E01031078,Nuneaton and Bedworth 018B,Violence and sexual offences,Offender given penalty notice,
de6474404f6ca5b2ee6be402a266754ba6dceb234f3f20fc7311095c39bebe6c,2017-11,Warwickshire Police,Warwickshire Police,-1.530509,52.459029,On or near Woods Piece,E01031078,Nuneaton and Bedworth 018B,Violence and sexual offences,Unable to prosecute suspect,
4b53a6acbbb08b5267fad330340e25ca0ce1d4bcc69bbd88cdcc223ce033998d,2017-11,Warwickshire Police,Warwickshire Police,-1.524509,52.458600,On or near Garlands Croft,E01031078,Nuneaton and Bedworth 018B,Violence and sexual offences,Court result unavailable,
a85b27b47fff620b4b51445f28930ac2c3867c23ffabc7f22e529a6c03155e0e,2017-11,Warwickshire Police,Warwickshire Police,-1.530509,52.459029,On or near Woods Piece,E01031078,Nuneaton and Bedworth 018B,Violence and sexual offences,Offender given a caution,
14c96bd980f7a65da06fcb3e1f2e1469993dd7528475ea24230a957028c7a109,2017-11,Warwickshire Police,Warwickshire Police,-1.483293,52.474322,On or near Didsbury Road,E01031079,Nuneaton and Bedworth 018C,Burglary,Investigation complete; no suspect identified,
9d6af58c523f54ba2a7e83166a91ac1051215454c65923fa663432911c2c9e70,2017-11,Warwickshire Police,Warwickshire Police,-1.489081,52.465258,On or near Startin Close,E01031079,Nuneaton and Bedworth 018C,Other theft,Unable to prosecute suspect,
360de12e866a3b4e141122afc8a78738e83b4c733ea1bbeca3ad04ce412f68c5,2017-11,Warwickshire Police,Warwickshire Police,-1.486640,52.473941,On or near Sports/Recreation Area,E01031079,Nuneaton and Bedworth 018C,Violence and sexual offences,Status update unavailable,
076bd83853d806f7a435ab5e668de3922a99a90f8d8ee793640dd5b8919e18a0,2017-11,Warwickshire Police,Warwickshire Police,-1.484753,52.470328,On or near Lawrence Road,E01031079,Nuneaton and Bedworth 018C,Violence and sexual offences,Status update unavailable,
2e6a43d695c61ef8da2e35e8015286ad0a5cb46e8107f7ba91116d060411bc8c,2017-11,Warwickshire Police,Warwickshire Police,-1.486077,52.470468,On or near Marshall Road,E01031079,Nuneaton and Bedworth 018C,Violence and sexual offences,Status update unavailable,
613a9efe7cf79da873a8b051807166e02192ffcd26c20f9aca3d230d2628a656,2017-11,Warwickshire Police,Warwickshire Police,-1.484753,52.470328,On or near Lawrence Road,E01031079,Nuneaton and Bedworth 018C,Other crime,Unable to prosecute suspect,
,2017-11,Warwickshire Police,Warwickshire Police,-1.485619,52.466781,On or near Park View Close,E01031080,Nuneaton and Bedworth 018D,Anti-social behaviour,,
,2017-11,Warwickshire Police,Warwickshire Police,-1.482437,52.471990,On or near Butlers Crescent,E01031080,Nuneaton and Bedworth 018D,Anti-social behaviour,,
,2017-11,Warwickshire Police,Warwickshire Police,-1.486390,52.465049,On or near Exhall Green,E01031080,Nuneaton and Bedworth 018D,Anti-social behaviour,,
,2017-11,Warwickshire Police,Warwickshire Police,-1.484203,52.458189,On or near Longford Road,E01031080,Nuneaton and Bedworth 018D,Anti-social behaviour,,
163030609081dcd2474f479955be7283add9779dace5653f0d2f8a517dd9fd41,2017-11,Warwickshire Police,Warwickshire Police,-1.479423,52.471671,On or near Manse Close,E01031080,Nuneaton and Bedworth 018D,Shoplifting,Local resolution,
e8e7fa4e2345d3bb44bcb5b2aba42dc50bc3a7f72a647422a9a69640b34cc1d2,2017-11,Warwickshire Police,Warwickshire Police,-1.479423,52.471671,On or near Manse Close,E01031080,Nuneaton and Bedworth 018D,Shoplifting,Investigation complete; no suspect identified,
17f31f78f0d1d46a7e5d77f8bf90654359dfc4c0c9297e56242a4b825bd19e54,2017-11,Warwickshire Police,Warwickshire Police,-1.486390,52.465049,On or near Exhall Green,E01031080,Nuneaton and Bedworth 018D,Vehicle crime,Investigation complete; no suspect identified,
5fa201a3ea786d512fb4acfa3b94e5fe602d252f3d9cd31c7e95818f06f41aab,2017-11,Warwickshire Police,Warwickshire Police,-1.483617,52.465522,On or near Parking Area,E01031080,Nuneaton and Bedworth 018D,Vehicle crime,Investigation complete; no suspect identified,
5a0b4d77292383e2aca70b8ed58708071faadf9029ef40c8f6c410ad512df85e,2017-11,Warwickshire Police,Warwickshire Police,-1.485012,52.468378,On or near Hayes Lane,E01031080,Nuneaton and Bedworth 018D,Violence and sexual offences,Status update unavailable,
5037fd9ad011af3cf08593f2bfbd98931c201a95fc9278b24bf22a7b90bdab13,2017-11,Warwickshire Police,Warwickshire Police,-1.481046,52.473854,On or near Rectory Drive,E01031080,Nuneaton and Bedworth 018D,Violence and sexual offences,Status update unavailable,
1db95617b4bed3c9c6e41228f6c6ae6eae3ddcceba5e752ceb094b333edb5a30,2017-11,Warwickshire Police,Warwickshire Police,-1.485619,52.466781,On or near Park View Close,E01031080,Nuneaton and Bedworth 018D,Violence and sexual offences,Status update unavailable,
,2017-11,Warwickshire Police,Warwickshire Police,-1.502753,52.460228,On or near St Giles Road,E01032588,Nuneaton and Bedworth 018E,Anti-social behaviour,,
,2017-11,Warwickshire Police,Warwickshire Police,-1.508844,52.456451,On or near Blackberry Lane,E01032588,Nuneaton and Bedworth 018E,Anti-social behaviour,,
c3ad44691ddc6509be88352a36a8a8b6fcb982205c0037bf68dd7ec75ebffe22,2017-11,Warwickshire Police,Warwickshire Police,-1.504489,52.452441,On or near Tanners Grove,E01032588,Nuneaton and Bedworth 018E,Criminal damage and arson,Investigation complete; no suspect identified,
78a29ddcd956f9197509a5ed013bbd88a021e4f4552f785b6d727c4080095144,2017-11,Warwickshire Police,Warwickshire Police,-1.503977,52.456071,On or near Woodford Close,E01032588,Nuneaton and Bedworth 018E,Public order,Unable to prosecute suspect,
aaf24a0d23877ad86e2f6eb90e2761fb2f31f23a2c88bed54022b3273a76a659,2017-11,Warwickshire Police,Warwickshire Police,-1.501704,52.452735,On or near Sports/Recreation Area,E01032588,Nuneaton and Bedworth 018E,Vehicle crime,Investigation complete; no suspect identified,
939a60b445c94084b63613d5eb9b88b8c419e1efd1893160bd0d49405a98fd69,2017-11,Warwickshire Police,Warwickshire Police,-1.501704,52.452735,On or near Sports/Recreation Area,E01032588,Nuneaton and Bedworth 018E,Vehicle crime,Investigation complete; no suspect identified,
b9370503bdc83b6e6532574f74b10164194435dd2fb84797c3d8acb66dbcc2a6,2017-11,Warwickshire Police,Warwickshire Police,-1.506459,52.453897,On or near Wheelwright Lane,E01032588,Nuneaton and Bedworth 018E,Violence and sexual offences,Status update unavailable,
0dbfd485c6e8049cb7b9712512b5d6ca23a48376f673b6a6d50c14751904d37f,2017-11,Warwickshire Police,Warwickshire Police,-1.505985,52.452888,On or near Nolan Close,E01032588,Nuneaton and Bedworth 018E,Violence and sexual offences,Status update unavailable,
cb0b8c323009ced8a3cdbe65ec11e25d9e3f37de978aa5a5e055e495a91bb60d,2017-11,Warwickshire Police,Warwickshire Police,-1.508844,52.456451,On or near Blackberry Lane,E01032588,Nuneaton and Bedworth 018E,Violence and sexual offences,Unable to prosecute suspect,
,2017-11,Warwickshire Police,Warwickshire Police,-1.883633,52.296112,On or near Pedestrian Subway,E01032268,Redditch 009D,Anti-social behaviour,,
,2017-11,Warwickshire Police,Warwickshire Police,-1.219723,52.382346,On or near Everard Close,E01031129,Rugby 001B,Anti-social behaviour,,
,2017-11,Warwickshire Police,Warwickshire Police,-1.223097,52.382629,On or near Main Street,E01031129,Rugby 001B,Anti-social behaviour,,
8319b1d0eb02bee0989c91339d42060af6012e9765c13638561f2f7a3ff9c480,2017-11,Warwickshire Police,Warwickshire Police,-1.220598,52.382738,On or near Parking Area,E01031129,Rugby 001B,Burglary,Investigation complete; no suspect identified,
1539a678f19d7b389069ec38580948275d169c2a998e08f038854426436f1ed1,2017-11,Warwickshire Police,Warwickshire Police,-1.228984,52.381247,On or near Rugby Road,E01031129,Rugby 001B,Other theft,Investigation complete; no suspect identified,
d1c7370d145546d06a8f23f5d10abc471a7623d51c9c5ca92252994843cec4da,2017-11,Warwickshire Police,Warwickshire Police,-1.217670,52.382989,On or near Hadfield Close,E01031129,Rugby 001B,Violence and sexual offences,Formal action is not in the public interest,
,2017-11,Warwickshire Police,Warwickshire Police,-1.407717,52.455035,On or near Church Road,E01031159,Rugby 001C,Anti-social behaviour,,
a45fe2ceed55c289200dde4bf24c93c003d88c0403f1c25cee91e6658d0423ec,2017-11,Warwickshire Police,Warwickshire Police,-1.364565,52.409339,On or near Duncow Close,E01031159,Rugby 001C,Burglary,Investigation complete; no suspect identified,
79bc198ee5d27506af92c055b1729f33619035829e5d36b943493915bb2413b7,2017-11,Warwickshire Police,Warwickshire Police,-1.391027,52.430641,On or near B4029,E01031159,Rugby 001C,Criminal damage and arson,Investigation complete; no suspect identified,
aac16c4fa6c318ff61a46d0eb7aefb7d21e5218cbc18d298f38e8dc5cbf581f2,2017-11,Warwickshire Police,Warwickshire Police,-1.410380,52.414314,On or near Park/Open Space,E01031159,Rugby 001C,Criminal damage and arson,Investigation complete; no suspect identified,
1732eb5880d71fd1e4b1077aeaf9ac475fbf7a3a817c2a0596af86b83d2f7fe8,2017-11,Warwickshire Police,Warwickshire Police,-1.391027,52.430641,On or near B4029,E01031159,Rugby 001C,Criminal damage and arson,Investigation complete; no suspect identified,
a50a90b601436605bff83c962e2f6c68a1a2679372376f7c5118e545a7472553,2017-11,Warwickshire Police,Warwickshire Police,-1.406849,52.413397,On or near Parking Area,E01031159,Rugby 001C,Drugs,Offender given a drugs possession warning,
9d25bf4a7528b4a4e78bd4c7ad24b29169c8f12813875f24f81862c5a7fb1a1e,2017-11,Warwickshire Police,Warwickshire Police,-1.433858,52.459217,On or near Chapel Lane,E01031159,Rugby 001C,Public order,Status update unavailable,
fda220ffc3c804f2eaed95b2ca0c621c2511b66ec53189fcafa23b299cb10ad4,2017-11,Warwickshire Police,Warwickshire Police,-1.364565,52.409339,On or near Duncow Close,E01031159,Rugby 001C,Vehicle crime,Investigation complete; no suspect identified,
6db356da3e9a787fd753ceaa7f804fe9b165b942f16c0d8b57d71c4cb35d3b3a,2017-11,Warwickshire Police,Warwickshire Police,-1.406849,52.413397,On or near Parking Area,E01031159,Rugby 001C,Vehicle crime,Investigation complete; no suspect identified,
df2709eefa3577b1c65f9cc01774f21e82a4f6bfb4d14503ca2a85e437e5ab74,2017-11,Warwickshire Police,Warwickshire Police,-1.414401,52.447076,On or near Main Road,E01031159,Rugby 001C,Vehicle crime,Investigation complete; no suspect identified,
b943e4c5b7033d0cd5f3cfb39da5f5ce9f1411728808dc2d46c76039c06234f8,2017-11,Warwickshire Police,Warwickshire Police,-1.406849,52.413397,On or near Parking Area,E01031159,Rugby 001C,Vehicle crime,Investigation complete; no suspect identified,
5af65ac0b0203144d82a3041fc1b24d37b39324d11ae629569c9f093ff6a63e4,2017-11,Warwickshire Police,Warwickshire Police,-1.427973,52.457912,On or near Lower Road,E01031159,Rugby 001C,Vehicle crime,Investigation complete; no suspect identified,
b265364309bbf14eb6d581ba95ffaf2e5bd3eef080f87e1d349df5ff3d64a59c,2017-11,Warwickshire Police,Warwickshire Police,-1.423166,52.442903,On or near Hinckley Road,E01031159,Rugby 001C,Vehicle crime,Investigation complete; no suspect identified,
1cdcb5c2ae3d9e5438bb72fe7c308793faed5f738c4c7e46389cc17d3bc3ae6d,2017-11,Warwickshire Police,Warwickshire Police,-1.410380,52.414314,On or near Park/Open Space,E01031159,Rugby 001C,Vehicle crime,Investigation complete; no suspect identified,
37dc62dea9bf7cd2e8f95a19189ef20d0d9af7b280e151b185d1d873acae067a,2017-11,Warwickshire Police,Warwickshire Police,-1.410380,52.414314,On or near Park/Open Space,E01031159,Rugby 001C,Violence and sexual offences,Status update unavailable,
e21f938de14a1c42e8ff47507ca9162b50cecc34fcfe915a0703746372c7038f,2017-11,Warwickshire Police,Warwickshire Police,-1.414401,52.447076,On or near Main Road,E01031159,Rugby 001C,Violence and sexual offences,Status update unavailable,
54135bbb4c7a86d40ceddce1e34367daacf16f1d28f36777a41ed0d3b692d3a6,2017-11,Warwickshire Police,Warwickshire Police,-1.410380,52.414314,On or near Park/Open Space,E01031159,Rugby 001C,Violence and sexual offences,Status update unavailable,
f2476449b9c60362f3297979108467114e46b209fee89cd3863b37cca6c03876,2017-11,Warwickshire Police,Warwickshire Police,-1.391027,52.430641,On or near B4029,E01031159,Rugby 001C,Other crime,Formal action is not in the public interest,
,2017-11,Warwickshire Police,Warwickshire Police,-1.355996,52.416323,On or near Lutterworth Road,E01031160,Rugby 001D,Anti-social behaviour,,
,2017-11,Warwickshire Police,Warwickshire Police,-1.305076,52.433332,On or near Brookside Avenue,E01031160,Rugby 001D,Anti-social behaviour,,
ed04ad561a19a0a9b7accd6cb04edfd8355343753de3dcb2a15597088ce840e8,2017-11,Warwickshire Police,Warwickshire Police,-1.359216,52.413284,On or near The Crescent,E01031160,Rugby 001D,Burglary,Investigation complete; no suspect identified,
b22e6fc0665165f5ea329f6f0d08718cce7959e99f73ea6a5d232c51e6b3a916,2017-11,Warwickshire Police,Warwickshire Police,-1.355996,52.416323,On or near Lutterworth Road,E01031160,Rugby 001D,Criminal damage and arson,Investigation complete; no suspect identified,
fef987b7d3db72b11921c9ef646cfdcea0feca76327abca7134bcf4a1443e0e3,2017-11,Warwickshire Police,Warwickshire Police,-1.272463,52.457697,On or near Main Street,E01031160,Rugby 001D,Other theft,Investigation complete; no suspect identified,
b409f97e13c44117d5b21eae4f94be520025ad718d48f69cc5e073f4c3058c4d,2017-11,Warwickshire Police,Warwickshire Police,-1.306608,52.432271,On or near St Denis View,E01031160,Rugby 001D,Other theft,Formal action is not in the public interest,
,2017-11,Warwickshire Police,Warwickshire Police,-1.365589,52.490633,On or near Parking Area,E01031182,Rugby 001E,Anti-social behaviour,,
70f962632a9de6c5dcc3e99e2fa3afc2f31ee99304183ea7c823818e28cfddff,2017-11,Warwickshire Police,Warwickshire Police,-1.368225,52.486566,On or near The Square,E01031182,Rugby 001E,Burglary,Investigation complete; no suspect identified,
4e43d88ff1005c045527d041c0652e2dc378fcbc95097430a86e93064d599433,2017-11,Warwickshire Police,Warwickshire Police,-1.366846,52.487224,On or near School Lane,E01031182,Rugby 001E,Burglary,Unable to prosecute suspect,
0021e6265586a38b2c7390b05aa643bb9a72f4f0a7a8f8aa287e0486b8610582,2017-11,Warwickshire Police,Warwickshire Police,-1.370037,52.484454,On or near Piper'S End,E01031182,Rugby 001E,Criminal damage and arson,Investigation complete; no suspect identified,
05aa1f87eb5c5782efdf475bde70e1b79713bf42d1692d2841d5b2b04809e93a,2017-11,Warwickshire Police,Warwickshire Police,-1.365819,52.509478,On or near Hinckley Road,E01031182,Rugby 001E,Other theft,Investigation complete; no suspect identified,
7de4e628b9b7346b62f5722b05f375357d28357c1935c90695736326a775e722,2017-11,Warwickshire Police,Warwickshire Police,-1.365589,52.490633,On or near Parking Area,E01031182,Rugby 001E,Violence and sexual offences,Status update unavailable,
e601fed3c484bc54ad366848d86e1da01d9ead528f6296920a744406cca0c667,2017-11,Warwickshire Police,Warwickshire Police,-1.334761,52.490815,On or near Green Lane,E01031182,Rugby 001E,Violence and sexual offences,Status update unavailable,
,2017-11,Warwickshire Police,Warwickshire Police,-1.244351,52.401880,On or near Supermarket,E01032891,Rugby 001F,Anti-social behaviour,,
,2017-11,Warwickshire Police,Warwickshire Police,-1.237827,52.400085,On or near Lancut Hill,E01032891,Rugby 001F,Anti-social behaviour,,
,2017-11,Warwickshire Police,Warwickshire Police,-1.244351,52.401880,On or near Supermarket,E01032891,Rugby 001F,Anti-social behaviour,,
,2017-11,Warwickshire Police,Warwickshire Police,-1.237971,52.401956,On or near Allerton Road,E01032891,Rugby 001F,Anti-social behaviour,,
,2017-11,Warwickshire Police,Warwickshire Police,-1.237971,52.401956,On or near Allerton Road,E01032891,Rugby 001F,Anti-social behaviour,,
7718825d61a85abba87d672a0c7c77f8c2f68b0a7ed97b5ec12fa1ce1dbece0f,2017-11,Warwickshire Police,Warwickshire Police,-1.243093,52.399840,On or near Crowsfurlong,E01032891,Rugby 001F,Burglary,Investigation complete; no suspect identified,
c7feb0d5731418800e6fbbab6ac6b2665594a52c4547fb51706b7ac49f9a67c6,2017-11,Warwickshire Police,Warwickshire Police,-1.237827,52.400085,On or near Lancut Hill,E01032891,Rugby 001F,Burglary,Investigation complete; no suspect identified,
ac0cbdbf67394f6eb22c3e2718cff6b43c329a6570448bb5f10bb6f3653e69c1,2017-11,Warwickshire Police,Warwickshire Police,-1.239017,52.398376,On or near Tower Furlong,E01032891,Rugby 001F,Criminal damage and arson,Investigation complete; no suspect identified,
5046ded2ebf535a9ac339312627bfcb21061dc8c1be7be5da6bdba56bb5826bd,2017-11,Warwickshire Police,Warwickshire Police,-1.245343,52.400610,On or near Avocet Close,E01032891,Rugby 001F,Other theft,Investigation complete; no suspect identified,
3c6204cefc44b7f81514eb7efa3b63d83057e50097373f9d8ac4ac7b00552706,2017-11,Warwickshire Police,Warwickshire Police,-1.244351,52.401880,On or near Supermarket,E01032891,Rugby 001F,Other theft,Investigation complete; no suspect identified,
75e791f88548099746d38bca8892a6a0f413c2193e4c82bef749a549ac3724a2,2017-11,Warwickshire Police,Warwickshire Police,-1.244351,52.401880,On or near Supermarket,E01032891,Rugby 001F,Shoplifting,Formal action is not in the public interest,
20aa2c9d7fb871af4048c962d1f7a00164e6d6adf3043f90d7214155b5d2a358,2017-11,Warwickshire Police,Warwickshire Police,-1.244351,52.401880,On or near Supermarket,E01032891,Rugby 001F,Vehicle crime,Investigation complete; no suspect identified,
d43ef208f90226ece6d15002183f5d9bdf42cc1d6dc60a94fa25a8f1782d1725,2017-11,Warwickshire Police,Warwickshire Police,-1.240499,52.398547,On or near Spellow Close,E01032891,Rugby 001F,Violence and sexual offences,Investigation complete; no suspect identified,
c3d0340ab24b7863a57129095782bb5958b9364814b8075e0371dbe27a5675ab,2017-11,Warwickshire Police,Warwickshire Police,-1.239017,52.398376,On or near Tower Furlong,E01032891,Rugby 001F,Violence and sexual offences,Investigation complete; no suspect identified,
723dbdc7e384ccce709fb6eb3ea6087d6c16fea8d19705ad76bae5b072eaa411,2017-11,Warwickshire Police,Warwickshire Police,-1.222891,52.397758,On or near Pilgrims Lane,E01032892,Rugby 001G,Burglary,Investigation complete; no suspect identified,
8a2ff35451df053a1bc5f45911d7fc482e7ad25e7fe9c0db60ce3ea7e3bdc71d,2017-11,Warwickshire Police,Warwickshire Police,-1.262658,52.410294,On or near M6,E01032892,Rugby 001G,Burglary,Investigation complete; no suspect identified,
aaf53c3bbdf3d4534c2be21ef79a33d9cc2102077ea3afdb87da015ad34817a0,2017-11,Warwickshire Police,Warwickshire Police,-1.296674,52.408586,On or near Meadow Way,E01032892,Rugby 001G,Burglary,Investigation complete; no suspect identified,
6591a338347aafcb4e3e453651091944359f6103a24fd26defe58e46ada54c12,2017-11,Warwickshire Police,Warwickshire Police,-1.245715,52.406393,On or near Parking Area,E01032892,Rugby 001G,Burglary,Investigation complete; no suspect identified,
a21d4c0819cab9b5a20b8a5fc6e665943db7afd554773fe2bd1b66de380d19a7,2017-11,Warwickshire Police,Warwickshire Police,-1.244986,52.402612,On or near Central Park Drive,E01032892,Rugby 001G,Criminal damage and arson,Investigation complete; no suspect identified,
81777975f1361bf3f29374d1fecfe557b0ad0d8767329ae3a0113d1ede393817,2017-11,Warwickshire Police,Warwickshire Police,-1.220574,52.413269,On or near Newton Lane,E01032892,Rugby 001G,Other theft,Investigation complete; no suspect identified,
ede6340ca9bbcab9f3fc26db26df7162ec098b3a6dd9bb82745423dfe26025d7,2017-11,Warwickshire Police,Warwickshire Police,-1.220574,52.413269,On or near Newton Lane,E01032892,Rugby 001G,Other theft,Offender sent to prison,
820f8e6344ba3d2ddc94f14fe81578874dc367be5dad5edecc140c6a6863c94a,2017-11,Warwickshire Police,Warwickshire Police,-1.220574,52.413269,On or near Newton Lane,E01032892,Rugby 001G,Other theft,Investigation complete; no suspect identified,
7b9d1e6b50b4a752f921977d753f36535b8e83edf3ae95bc1e3bb0b03c71e857,2017-11,Warwickshire Police,Warwickshire Police,-1.220574,52.413269,On or near Newton Lane,E01032892,Rugby 001G,Other theft,Investigation complete; no suspect identified,
17c57563f2b806760288cdbd9c0dade199e264a7cb168ca619d327152a808783,2017-11,Warwickshire Police,Warwickshire Police,-1.220574,52.413269,On or near Newton Lane,E01032892,Rugby 001G,Other theft,Investigation complete; no suspect identified,
c1debed73b3bb11fb1089d6ebbace802c3a24c13f56213c2cd7369b3bfc84d6f,2017-11,Warwickshire Police,Warwickshire Police,-1.220574,52.413269,On or near Newton Lane,E01032892,Rugby 001G,Other theft,Investigation complete; no suspect identified,
667a27a37740fd4226023665b50bb572b95fcf315851918327008c19c0544e07,2017-11,Warwickshire Police,Warwickshire Police,-1.262658,52.410294,On or near M6,E01032892,Rugby 001G,Public order,Status update unavailable,
5095c7b810d63483682b98004f1e2c8cc341f8f1846dd055b507ed0f963d1e4c,2017-11,Warwickshire Police,Warwickshire Police,-1.246367,52.398288,On or near Sandpiper Close,E01032892,Rugby 001G,Public order,Formal action is not in the public interest,
5a48b57734a2fab82eaa2fa2c08c0e3f540d344e761d0fba6c3c75a03f20c2ec,2017-11,Warwickshire Police,Warwickshire Police,-1.249753,52.421387,On or near School Street,E01032892,Rugby 001G,Vehicle crime,Unable to prosecute suspect,
785d4a830b525145302f083bf637618cc1958a34bed0101ccdd2d4ddd8996f63,2017-11,Warwickshire Police,Warwickshire Police,-1.262658,52.410294,On or near M6,E01032892,Rugby 001G,Vehicle crime,Investigation complete; no suspect identified,
c30a56e79873851e6b3f245af6cbf31b80068ccba3f533aa849f91da6585bd69,2017-11,Warwickshire Police,Warwickshire Police,-1.244986,52.402612,On or near Central Park Drive,E01032892,Rugby 001G,Vehicle crime,Status update unavailable,
183638bee83eeea201c160ed1308fa8e2aea34a21da14a8333fe367eb3b5b8b5,2017-11,Warwickshire Police,Warwickshire Police,-1.240242,52.418639,On or near Lutterworth Road,E01032892,Rugby 001G,Vehicle crime,Status update unavailable,
2102aa717f2131cc1eb46bfe3e3901dfb2a2d1c0169e35c0f6bdf16a22881188,2017-11,Warwickshire Police,Warwickshire Police,-1.244986,52.402612,On or near Central Park Drive,E01032892,Rugby 001G,Vehicle crime,Investigation complete; no suspect identified,
3daaea24f0b4158227915380d999493b141a83bf23afc8b73b8588aee6f30cbe,2017-11,Warwickshire Police,Warwickshire Police,-1.245715,52.406393,On or near Parking Area,E01032892,Rugby 001G,Vehicle crime,Investigation complete; no suspect identified,
8cf034dc17782f807dbd28220de46d48186a2e5782e619b423e9bd4403ddf098,2017-11,Warwickshire Police,Warwickshire Police,-1.268254,52.399010,On or near Swift Point,E01032892,Rugby 001G,Vehicle crime,Investigation complete; no suspect identified,
c1b1b672845d224ac54dcdde352f620217adc3d4b1498403ec5486af90c67eaf,2017-11,Warwickshire Police,Warwickshire Police,-1.268254,52.399010,On or near Swift Point,E01032892,Rugby 001G,Violence and sexual offences,Unable to prosecute suspect,
689f6c1a9b00ce4ed7c7606a6f1483e20acec19de317b4949c991473e9671e31,2017-11,Warwickshire Police,Warwickshire Police,-1.240200,52.390283,On or near Ambleside,E01031137,Rugby 002A,Criminal damage and arson,Status update unavailable,
4355b07254646a7a0161fa2674c713f66598750d7c7520320f0706abbc6d7685,2017-11,Warwickshire Police,Warwickshire Police,-1.240200,52.390283,On or near Ambleside,E01031137,Rugby 002A,Criminal damage and arson,Status update unavailable,
465ddfd950af54c9d612b8e2b34cda913b986ae2cdf7ecc19715e6023ff791a7,2017-11,Warwickshire Police,Warwickshire Police,-1.242177,52.392372,On or near Fornside Close,E01031137,Rugby 002A,Criminal damage and arson,Offender otherwise dealt with,
8cd1ce368b11d0fefcb74498d33c0c715c48c454d2437803a9fa16e35a50f12e,2017-11,Warwickshire Police,Warwickshire Police,-1.242177,52.392372,On or near Fornside Close,E01031137,Rugby 002A,Criminal damage and arson,Offender otherwise dealt with,
50db90d1a2fe1b02a93dcc7d19ff85a0c424bef1865ddab281fc28a544749a7b,2017-11,Warwickshire Police,Warwickshire Police,-1.240200,52.390283,On or near Ambleside,E01031137,Rugby 002A,Criminal damage and arson,Status update unavailable,
cafabb20bfe287c951249ca608b21ec159e709158675c824686dadee08e3a196,2017-11,Warwickshire Police,Warwickshire Police,-1.241587,52.393340,On or near Beckfoot Close,E01031137,Rugby 002A,Drugs,Formal action is not in the public interest,
ca6e2094724b30c4571d8289e5068ad781a9672a6f49c289557b00be6a9e099f,2017-11,Warwickshire Police,Warwickshire Police,-1.242504,52.391332,On or near Parking Area,E01031137,Rugby 002A,Drugs,Offender given penalty notice,
bd0435d52752fa87e0e3a18ffc11bc4c755b05d8098da9c7fce73b3104c6e4ce,2017-11,Warwickshire Police,Warwickshire Police,-1.242177,52.392372,On or near Fornside Close,E01031137,Rugby 002A,Violence and sexual offences,Court case unable to proceed,
8e03015034d8762bb15e6646398d218d2f863282a065350239c754db7f7a10f7,2017-11,Warwickshire Police,Warwickshire Police,-1.241587,52.393340,On or near Beckfoot Close,E01031137,Rugby 002A,Violence and sexual offences,Status update unavailable,
fcd456be2c899c0ef0e8ddd4ce03481867e05c4f6d25a1e2107ea5a87b251fc8,2017-11,Warwickshire Police,Warwickshire Police,-1.242504,52.391332,On or near Parking Area,E01031137,Rugby 002A,Violence and sexual offences,Status update unavailable,
78269b58d617bb3bc5baec94fa441486ba85dafb981068b9ebe686df57c852fb,2017-11,Warwickshire Police,Warwickshire Police,-1.242177,52.392372,On or near Fornside Close,E01031137,Rugby 002A,Violence and sexual offences,Status update unavailable,
d3f649412bfd0b51e784984def8a4fee69f6a332d35f29a306feab803427efb6,2017-11,Warwickshire Police,Warwickshire Police,-1.237239,52.391577,On or near Junewood Close,E01031137,Rugby 002A,Other crime,Status update unavailable,
,2017-11,Warwickshire Police,Warwickshire Police,-1.236012,52.390265,On or near Pickard Close,E01031138,Rugby 002B,Anti-social behaviour,,
,2017-11,Warwickshire Police,Warwickshire Police,-1.239048,52.389745,On or near Ulverston,E01031138,Rugby 002B,Anti-social behaviour,,
c4d85c1fcedc62bd5a0bd5fc686f514cde150fb67252400917a253665a4362f1,2017-11,Warwickshire Police,Warwickshire Police,-1.236613,52.389505,On or near Whetstone Drive,E01031138,Rugby 002B,Burglary,Status update unavailable,
5559684564766dd7b1b3c5231b880ebebf2802b24166809bf75032e8a84ad7af,2017-11,Warwickshire Police,Warwickshire Police,-1.234981,52.388694,On or near Culworth Close,E01031138,Rugby 002B,Criminal damage and arson,Investigation complete; no suspect identified,
c38c2a962a1838f3dd53b0b80d3e78f910c41f2320dcfb388e92984751742d3f,2017-11,Warwickshire Police,Warwickshire Police,-1.239048,52.389745,On or near Ulverston,E01031138,Rugby 002B,Criminal damage and arson,Status update unavailable,
d14bc6c26fcf7b7edc80b5b7fbee3cb2c9b347fd5c178c3924415cc694509b4e,2017-11,Warwickshire Police,Warwickshire Police,-1.238846,52.390382,On or near Kirkstone,E01031138,Rugby 002B,Criminal damage and arson,Investigation complete; no suspect identified,
4b8a5da35a4fa14fae425d87d3a7790b759b977b8f520533fac3af2dabbc13d2,2017-11,Warwickshire Police,Warwickshire Police,-1.236012,52.390265,On or near Pickard Close,E01031138,Rugby 002B,Public order,Unable to prosecute suspect,
9fe80ec4a87c76b0ef280ee759de7fea1a16c76c34f1134fe636397533de89ba,2017-11,Warwickshire Police,Warwickshire Police,-1.236012,52.390265,On or near Pickard Close,E01031138,Rugby 002B,Public order,Status update unavailable,
161525308a760ce195906c3946cda816a9e2446c6ab4d15a3a2836b81245578f,2017-11,Warwickshire Police,Warwickshire Police,-1.236012,52.390265,On or near Pickard Close,E01031138,Rugby 002B,Violence and sexual offences,Unable to prosecute suspect,
,2017-11,Warwickshire Police,Warwickshire Police,-1.238381,52.394344,On or near Yarrow Close,E01031139,Rugby 002C,Anti-social behaviour,,
,2017-11,Warwickshire Police,Warwickshire Police,-1.243156,52.396128,On or near Fern Close,E01031139,Rugby 002C,Anti-social behaviour,,
,2017-11,Warwickshire Police,Warwickshire Police,-1.238161,52.396069,On or near Orchid Way,E01031139,Rugby 002C,Anti-social behaviour,,
,2017-11,Warwickshire Police,Warwickshire Police,-1.239454,52.394369,On or near Harebell Way,E01031139,Rugby 002C,Anti-social behaviour,,
,2017-11,Warwickshire Police,Warwickshire Police,-1.246911,52.396583,On or near Turnstone Close,E01031139,Rugby 002C,Anti-social behaviour,,
e4a87ddd68d8eb320ac3b0b14af7364dc5d32919c1b98333fd9537f0e201a03e,2017-11,Warwickshire Police,Warwickshire Police,-1.240983,52.396015,On or near Thistle Way,E01031139,Rugby 002C,Burglary,Investigation complete; no suspect identified,
d284a50d922c629e41cdc5a92d313aa5d5ce30f7c78ea32f17425d35cd1795fc,2017-11,Warwickshire Police,Warwickshire Police,-1.247487,52.395562,On or near Merlin Close,E01031139,Rugby 002C,Burglary,Investigation complete; no suspect identified,
49c22916a1459f9536ae3264fb7f62f7a269cbedde14ea4755c10115074b5ba0,2017-11,Warwickshire Police,Warwickshire Police,-1.243775,52.396033,On or near Cornflower Drive,E01031139,Rugby 002C,Burglary,Investigation complete; no suspect identified,
b3e57f6d407d5c960866ce43f4b327aaae8943c588d2655603fa2a9376bc566f,2017-11,Warwickshire Police,Warwickshire Police,-1.237186,52.395487,On or near Larkspur,E01031139,Rugby 002C,Criminal damage and arson,Investigation complete; no suspect identified,
a9aba9a751e620d294f36b805679aa9c91590b054dc0817e000e19feb320234f,2017-11,Warwickshire Police,Warwickshire Police,-1.242232,52.394306,On or near Chicory Drive,E01031139,Rugby 002C,Public order,Status update unavailable,
b6328659504f8ac7711e2a3d20bd9c94184feb8efbdda0225ccf3fd3e86b33b2,2017-11,Warwickshire Police,Warwickshire Police,-1.234405,52.394831,On or near Gentian Way,E01031139,Rugby 002C,Vehicle crime,Status update unavailable,
f8a7e35e2a3c47eb8d130c59e2bda897cfdd62bb679d6a8d844977b83c1935eb,2017-11,Warwickshire Police,Warwickshire Police,-1.236246,52.392910,On or near Speedwell Close,E01031139,Rugby 002C,Violence and sexual offences,Investigation complete; no suspect identified,
3dd89e07b38ad34420ca1bd8287786cd2141500ad66b6b3f0187d1b83915ffc9,2017-11,Warwickshire Police,Warwickshire Police,-1.237353,52.393447,On or near Blackberry Close,E01031139,Rugby 002C,Violence and sexual offences,Status update unavailable,
410cb2a2830c36967b22f94edcfcbf35a8eb7db31f364ba585fb98a02ae3d2de,2017-11,Warwickshire Police,Warwickshire Police,-1.242501,52.394928,On or near Clover Close,E01031139,Rugby 002C,Violence and sexual offences,Status update unavailable,
ba41531b97e10f6aadae62e63b00c081fa22e9ffdf13469d7c130723a504a8ba,2017-11,Warwickshire Police,Warwickshire Police,-1.241376,52.394525,On or near Webb Drive,E01031139,Rugby 002C,Violence and sexual offences,Unable to prosecute suspect,
2e46d02b74a80a58eaf2807300bd1c27cd152861a5f77ed2a4cf81918182bafe,2017-11,Warwickshire Police,Warwickshire Police,-1.240610,52.387804,On or near Grasmere Close,E01031140,Rugby 002D,Violence and sexual offences,Status update unavailable,
cbef527f0639fbe7f43b48d211bc98817315c10f92c1f0d67c571f0224ab1697,2017-11,Warwickshire Police,Warwickshire Police,-1.248118,52.389534,On or near Cook Close,E01031140,Rugby 002D,Violence and sexual offences,Investigation complete; no suspect identified,
7ce97d4f0a3365ad6b884e0eab88e9889dd1575ac886842b0e509b9f8dfe44d5,2017-11,Warwickshire Police,Warwickshire Police,-1.248160,52.387933,On or near Derwent Close,E01031140,Rugby 002D,Other crime,Status update unavailable,
,2017-11,Warwickshire Police,Warwickshire Police,-1.258809,52.385528,On or near Shopping Area,E01031141,Rugby 002E,Anti-social behaviour,,
,2017-11,Warwickshire Police,Warwickshire Police,-1.252371,52.386585,On or near Croft Avenue,E01031141,Rugby 002E,Anti-social behaviour,,
,2017-11,Warwickshire Police,Warwickshire Police,-1.247898,52.385199,On or near Howkins Road,E01031141,Rugby 002E,Anti-social behaviour,,
,2017-11,Warwickshire Police,Warwickshire Police,-1.258179,52.387197,On or near Petrol Station,E01031141,Rugby 002E,Anti-social behaviour,,
,2017-11,Warwickshire Police,Warwickshire Police,-1.258809,52.385528,On or near Shopping Area,E01031141,Rugby 002E,Anti-social behaviour,,
,2017-11,Warwickshire Police,Warwickshire Police,-1.255400,52.389076,On or near Leicester Road,E01031141,Rugby 002E,Anti-social behaviour,,
,2017-11,Warwickshire Police,Warwickshire Police,-1.248360,52.385705,On or near Houston Road,E01031141,Rugby 002E,Anti-social behaviour,,
,2017-11,Warwickshire Police,Warwickshire Police,-1.248360,52.385705,On or near Houston Road,E01031141,Rugby 002E,Anti-social behaviour,,
,2017-11,Warwickshire Police,Warwickshire Police,-1.258179,52.387197,On or near Petrol Station,E01031141,Rugby 002E,Anti-social behaviour,,
,2017-11,Warwickshire Police,Warwickshire Police,-1.262888,52.385896,On or near Leicester Road,E01031141,Rugby 002E,Anti-social behaviour,,
,2017-11,Warwickshire Police,Warwickshire Police,-1.252371,52.386585,On or near Croft Avenue,E01031141,Rugby 002E,Anti-social behaviour,,
2b5fa203e8220a1322688a56cc54a394b0f9d8b7b826bd7af71d8141b3af061f,2017-11,Warwickshire Police,Warwickshire Police,-1.262888,52.385896,On or near Leicester Road,E01031141,Rugby 002E,Bicycle theft,Investigation complete; no suspect identified,
e5ed9d64b663ba9279c7466fa9722c1c9877fb9bf660c5a914f43c000c5fe194,2017-11,Warwickshire Police,Warwickshire Police,-1.258809,52.385528,On or near Shopping Area,E01031141,Rugby 002E,Bicycle theft,Investigation complete; no suspect identified,
365f6364f6b391868f9b0acd975c0da93f0466bbfc92076cbb07310281514d54,2017-11,Warwickshire Police,Warwickshire Police,-1.268873,52.390041,On or near Tiber Way,E01031141,Rugby 002E,Burglary,Investigation complete; no suspect identified,
4a5099938b073e541b49f10b9afd5b92edb1a2ccea0f5d5a04793abdba4217c7,2017-11,Warwickshire Police,Warwickshire Police,-1.247898,52.385199,On or near Howkins Road,E01031141,Rugby 002E,Burglary,Investigation complete; no suspect identified,
cfbd49c4a6ae1c92732d400f11996f76bd8ad8bbb9819d35e1ceba815b588243,2017-11,Warwickshire Police,Warwickshire Police,-1.248216,52.384643,On or near Seymour Road,E01031141,Rugby 002E,Burglary,Investigation complete; no suspect identified,
bb93a4227189aa20daf748e4545f0e373886c07133872143e2a16f9d17d83471,2017-11,Warwickshire Police,Warwickshire Police,-1.262888,52.385896,On or near Leicester Road,E01031141,Rugby 002E,Burglary,Investigation complete; no suspect identified,
62c76b4587499ca6a41b97b50bdf96586d19d895fe4f56a0a0c619fd9d40fed7,2017-11,Warwickshire Police,Warwickshire Police,-1.246338,52.387059,On or near Holme Close,E01031141,Rugby 002E,Burglary,Investigation complete; no suspect identified,
862fd54ff9c26e82413e97804f0d7856aa5787f7b0a2face36bb36d7fd0d66b4,2017-11,Warwickshire Police,Warwickshire Police,-1.253135,52.387417,On or near Oulton Road,E01031141,Rugby 002E,Burglary,Unable to prosecute suspect,
1a586bb148ff522090c32b3ac9015bd2b4b2fe68d9e147243389e9c7bf386a8d,2017-11,Warwickshire Police,Warwickshire Police,-1.262888,52.385896,On or near Leicester Road,E01031141,Rugby 002E,Criminal damage and arson,Investigation complete; no suspect identified,
c620d50d1e023f751e91eabe9c3e306f4e757a60841082f7f58f3379b94b3ed1,2017-11,Warwickshire Police,Warwickshire Police,-1.260063,52.387892,On or near Shopping Area,E01031141,Rugby 002E,Other theft,Investigation complete; no suspect identified,
9bb496dc0db80c1d05a4ad92e2e92758abfdb28c9c28bbccd74e2fec47b3991e,2017-11,Warwickshire Police,Warwickshire Police,-1.249162,52.382573,On or near Aqua Place,E01031141,Rugby 002E,Other theft,Investigation complete; no suspect identified,
98c63553cff8b64a6abaffbba8061eccc561f3f6dc09056e43c2de2a8d4d1bee,2017-11,Warwickshire Police,Warwickshire Police,-1.260063,52.387892,On or near Shopping Area,E01031141,Rugby 002E,Other theft,Investigation complete; no suspect identified,
696dab34bd1b9cdc5db10a8b0934670c3a66a055361b5f99c40b9cba1dde7b24,2017-11,Warwickshire Police,Warwickshire Police,-1.255400,52.389076,On or near Leicester Road,E01031141,Rugby 002E,Other theft,Investigation complete; no suspect identified,
085d52e3eb558666f3330211926d0cef26d5e85b8e109a54748ca2d9432ac511,2017-11,Warwickshire Police,Warwickshire Police,-1.256836,52.382306,On or near Pedestrian Subway,E01031141,Rugby 002E,Other theft,Investigation complete; no suspect identified,
7f0667f2a4f93ac1a152ea3d327152fe48161c1f390cefc1149f5487271d6dc4,2017-11,Warwickshire Police,Warwickshire Police,-1.249162,52.382573,On or near Aqua Place,E01031141,Rugby 002E,Other theft,Status update unavailable,
d096ba29871a65bffe87bb737de21f0082f5c69bfd816b1258c1efeb2086fc96,2017-11,Warwickshire Police,Warwickshire Police,-1.270375,52.392505,On or near Hadrians Way,E01031141,Rugby 002E,Other theft,Investigation complete; no suspect identified,
fd3a25365768980896d2e61071fd72f62b376b00b5469573655aedd36b1fa25d,2017-11,Warwickshire Police,Warwickshire Police,-1.262711,52.393006,On or near Brownsover Road,E01031141,Rugby 002E,Public order,Status update unavailable,
a74889592fbefa78e6c60da5cfd0c028c09320ebf246c18d361949bf6d2f44db,2017-11,Warwickshire Police,Warwickshire Police,-1.249577,52.386711,On or near Boughton Road,E01031141,Rugby 002E,Public order,Offender given suspended prison sentence,
ec00bbb162aa7000a0bb7f63ed59a114aeebc14bb923d4aef546447e5ec24d38,2017-11,Warwickshire Police,Warwickshire Police,-1.260063,52.387892,On or near Shopping Area,E01031141,Rugby 002E,Robbery,Status update unavailable,
4b97c32cff10c3505d91361f9ec5c2f7df1536f4b18d03bf298c331f5610d1c2,2017-11,Warwickshire Police,Warwickshire Police,-1.256067,52.387804,On or near Supermarket,E01031141,Rugby 002E,Shoplifting,Court result unavailable,
3feff70f4b7aafb14df7094a61165f634c7f508124f3a35cd19407ba6808095b,2017-11,Warwickshire Police,Warwickshire Police,-1.256067,52.387804,On or near Supermarket,E01031141,Rugby 002E,Shoplifting,Offender given conditional discharge,
2953a7d98895ddbd90b0fd952e4e73415659a762f09df6e81db826459f44f32b,2017-11,Warwickshire Police,Warwickshire Police,-1.258809,52.385528,On or near Shopping Area,E01031141,Rugby 002E,Shoplifting,Investigation complete; no suspect identified,
e71f925525c1d0a160c61747154f2c02bd60967ca5ed8dfa5bef6b43e61df9e7,2017-11,Warwickshire Police,Warwickshire Police,-1.256572,52.383986,On or near Pedestrian Subway,E01031141,Rugby 002E,Shoplifting,Investigation complete; no suspect identified,
7a7797a4d159ea4d2c6dcf4b99aea3bce756388fec513818855d130a9c5e53ce,2017-11,Warwickshire Police,Warwickshire Police,-1.258809,52.385528,On or near Shopping Area,E01031141,Rugby 002E,Shoplifting,Investigation complete; no suspect identified,
ea43dda37faa64c924ac70b3a71890e16b30f381cc3547a89426895855c8ecea,2017-11,Warwickshire Police,Warwickshire Police,-1.255400,52.389076,On or near Leicester Road,E01031141,Rugby 002E,Shoplifting,Investigation complete; no suspect identified,
fe03e6e0fe5094738b4a4b42706275b0d547f7fe4e6232c2aa6d2ee29f327dc8,2017-11,Warwickshire Police,Warwickshire Police,-1.258809,52.385528,On or near Shopping Area,E01031141,Rugby 002E,Shoplifting,Investigation complete; no suspect identified,
231e09bc937bee410fd4163bf7aaee138d213ee2088a5e57975d0d34f222fd13,2017-11,Warwickshire Police,Warwickshire Police,-1.260063,52.387892,On or near Shopping Area,E01031141,Rugby 002E,Shoplifting,Investigation complete; no suspect identified,
5a776810e3fb050911e5b459db8b2d4197ba1b634d328feec62b13f0d463ac89,2017-11,Warwickshire Police,Warwickshire Police,-1.256067,52.387804,On or near Supermarket,E01031141,Rugby 002E,Shoplifting,Court result unavailable,
e12623fc62d2df107e08bf2e5fed02a4c0a580977c9eebceddd581623507b669,2017-11,Warwickshire Police,Warwickshire Police,-1.258809,52.385528,On or near Shopping Area,E01031141,Rugby 002E,Shoplifting,Investigation complete; no suspect identified,
1a03ca82f190576e076b705b631fb4575af4b20a708e2a8bda3d7ab733f7673d,2017-11,Warwickshire Police,Warwickshire Police,-1.258809,52.385528,On or near Shopping Area,E01031141,Rugby 002E,Shoplifting,Investigation complete; no suspect identified,
9d91e807fcfa5d13d0046542d7ae84309d4a126e6130e252c9cdedc1f6b6e8d0,2017-11,Warwickshire Police,Warwickshire Police,-1.258809,52.385528,On or near Shopping Area,E01031141,Rugby 002E,Shoplifting,Court result unavailable,
406ea603b2ae937e299de1a4e15a89665ce7e76c8deeb803f776d155055d1c5a,2017-11,Warwickshire Police,Warwickshire Police,-1.256572,52.383986,On or near Pedestrian Subway,E01031141,Rugby 002E,Shoplifting,Local resolution,
8fc94b1d7625b7f3394eba1e02ae9091f9898edeac760fe74e0ae3f0d7b501ce,2017-11,Warwickshire Police,Warwickshire Police,-1.256572,52.383986,On or near Pedestrian Subway,E01031141,Rugby 002E,Shoplifting,Investigation complete; no suspect identified,
3d9c746f90bcf81e7054bc146539a9e2b27d9726a9a1287eecabd235fe4d8dd8,2017-11,Warwickshire Police,Warwickshire Police,-1.258809,52.385528,On or near Shopping Area,E01031141,Rugby 002E,Shoplifting,Offender sent to prison,
7007365e7d5f4ae6938066bc88699724673050050af251ff753b6bd33728a510,2017-11,Warwickshire Police,Warwickshire Police,-1.258809,52.385528,On or near Shopping Area,E01031141,Rugby 002E,Shoplifting,Investigation complete; no suspect identified,
ec70337a86408bac4327b02abc47e3e2516e27c416d441a3df01afac16f9acc3,2017-11,Warwickshire Police,Warwickshire Police,-1.256572,52.383986,On or near Pedestrian Subway,E01031141,Rugby 002E,Shoplifting,Investigation complete; no suspect identified,
3d3537379681eaad6f46bdeed6e645f2050b14ece116537a53551329b0be94f9,2017-11,Warwickshire Police,Warwickshire Police,-1.256572,52.383986,On or near Pedestrian Subway,E01031141,Rugby 002E,Shoplifting,Investigation complete; no suspect identified,
46d7501ec76eacea092b6f8343d5404f48d0710e5355f446b047211e819f796f,2017-11,Warwickshire Police,Warwickshire Police,-1.258809,52.385528,On or near Shopping Area,E01031141,Rugby 002E,Shoplifting,Status update unavailable,
728e6c8096ae20acf7b5b8c327e93bcb0bcfc54357fdd4d1563a2d2de7b9d3f5,2017-11,Warwickshire Police,Warwickshire Police,-1.258809,52.385528,On or near Shopping Area,E01031141,Rugby 002E,Shoplifting,Investigation complete; no suspect identified,
d58124ee3fc9692ae9f36e5dcb7be728e331c131ecb0b4b29be1a910ca1ce8a7,2017-11,Warwickshire Police,Warwickshire Police,-1.258809,52.385528,On or near Shopping Area,E01031141,Rugby 002E,Shoplifting,Investigation complete; no suspect identified,
a14ecbaef86944cbbc97aa52a4b633778de9c61e963f942a6c1d0342f4bc62a3,2017-11,Warwickshire Police,Warwickshire Police,-1.249162,52.382573,On or near Aqua Place,E01031141,Rugby 002E,Vehicle crime,Investigation complete; no suspect identified,
9e0ee125e58d95072ba2f3cb8da5f66483628df451bb7a7effef294f7b3c1f40,2017-11,Warwickshire Police,Warwickshire Police,-1.245823,52.386255,On or near Crow Thorns,E01031141,Rugby 002E,Vehicle crime,Investigation complete; no suspect identified,
1ffd57e661c7c48dc29c44427a002e41749cff1060f93992b4a4910b14a936f4,2017-11,Warwickshire Police,Warwickshire Police,-1.256067,52.387804,On or near Supermarket,E01031141,Rugby 002E,Vehicle crime,Investigation complete; no suspect identified,
e75d120217c127bd80f04accf37adad5a8659d414ae48c88c14ee60886f3a3b6,2017-11,Warwickshire Police,Warwickshire Police,-1.250773,52.385487,On or near Permian Close,E01031141,Rugby 002E,Violence and sexual offences,Status update unavailable,
8fe9769d2c55e94d85a250b8335452b18e39e24d211a274d068f312f5e8301f0,2017-11,Warwickshire Police,Warwickshire Police,-1.258809,52.385528,On or near Shopping Area,E01031141,Rugby 002E,Violence and sexual offences,Status update unavailable,
37df3a9bf6943049516a9a51b73f87a1611177b9049cc2b8e06074d2e7b57f54,2017-11,Warwickshire Police,Warwickshire Police,-1.256067,52.387804,On or near Supermarket,E01031141,Rugby 002E,Violence and sexual offences,Local resolution,
42b9b7673d806db9389f60f3b57e682dd9f3aaf5b74e5391d6c0de379ee76a9b,2017-11,Warwickshire Police,Warwickshire Police,-1.258809,52.385528,On or near Shopping Area,E01031141,Rugby 002E,Violence and sexual offences,Status update unavailable,
1ccb3807cea09105d9cb7b3ffa768112f7162a22b49140b6678c839ff81c0555,2017-11,Warwickshire Police,Warwickshire Police,-1.247898,52.385199,On or near Howkins Road,E01031141,Rugby 002E,Violence and sexual offences,Unable to prosecute suspect,
6e47d4450ded277cb063e1bc4780b9e6aae23517f06d1dadd1b01dad0cf05579,2017-11,Warwickshire Police,Warwickshire Police,-1.260063,52.387892,On or near Shopping Area,E01031141,Rugby 002E,Violence and sexual offences,Investigation complete; no suspect identified,
bf8b16bc4d33b2c60dfe435edda7e196bc5d85bd3de42635579b353b1cf3a65e,2017-11,Warwickshire Police,Warwickshire Police,-1.248216,52.384643,On or near Seymour Road,E01031141,Rugby 002E,Violence and sexual offences,Unable to prosecute suspect,
2961ecff45d3b661c00388e3d2479f7b59ca6381c375d92c15293305a65bab84,2017-11,Warwickshire Police,Warwickshire Police,-1.258809,52.385528,On or near Shopping Area,E01031141,Rugby 002E,Violence and sexual offences,Status update unavailable,
9c307bc9a1ae3598425bf35ca199ad6dd883804e98aa34e4b830d6515a34911f,2017-11,Warwickshire Police,Warwickshire Police,-1.258809,52.385528,On or near Shopping Area,E01031141,Rugby 002E,Other crime,Formal action is not in the public interest,
,2017-11,Warwickshire Police,Warwickshire Police,-1.243403,52.392848,On or near Selside,E01031142,Rugby 002F,Anti-social behaviour,,
,2017-11,Warwickshire Police,Warwickshire Police,-1.247312,52.392855,On or near Ennerdale,E01031142,Rugby 002F,Anti-social behaviour,,
2e432cdcd014874cf4e549cb0933bd71527ce27518956e7b0da116b96ea81272,2017-11,Warwickshire Police,Warwickshire Police,-1.244587,52.394096,On or near Newton Manor Lane,E01031142,Rugby 002F,Bicycle theft,Investigation complete; no suspect identified,
50ceb6673c15555f30ff492726e0192eda2fa3055de3ed1e9843f82a1e0239a7,2017-11,Warwickshire Police,Warwickshire Police,-1.244587,52.394096,On or near Newton Manor Lane,E01031142,Rugby 002F,Burglary,Status update unavailable,
786e76315212e47c510ec6325f848b184e8a6dcb4e4f6f5fd53c455018860fb8,2017-11,Warwickshire Police,Warwickshire Police,-1.247312,52.392855,On or near Ennerdale,E01031142,Rugby 002F,Burglary,Investigation complete; no suspect identified,
e99262f8f23e885ed7aaf35b68108e6daa9ad55bb4f9617a4b55df1c7191ac8c,2017-11,Warwickshire Police,Warwickshire Police,-1.248581,52.393429,On or near Borrowdale,E01031142,Rugby 002F,Criminal damage and arson,Status update unavailable,
ee747802f02c7b724870519a9b0f0e03ec211baeb5e0d62cdab738e47e052d33,2017-11,Warwickshire Police,Warwickshire Police,-1.248511,52.391478,On or near Dovedale,E01031142,Rugby 002F,Drugs,Offender given a caution,
4b88944a0d622512ddaf5939155112b27e3146cdcf337bf05f94904d653aaedd,2017-11,Warwickshire Police,Warwickshire Police,-1.248825,52.392882,On or near Grizedale,E01031142,Rugby 002F,Public order,Offender given penalty notice,
6075fcc707ef9b864a93e716d0728053c90008e8fc4ee00e3a5292ae66223881,2017-11,Warwickshire Police,Warwickshire Police,-1.246662,52.393057,On or near Great Borne,E01031142,Rugby 002F,Violence and sexual offences,Status update unavailable,
339dc0b0119989b947ddf8113863ab669f3f7524ff2b39d23be958b4a2bc8e85,2017-11,Warwickshire Police,Warwickshire Police,-1.248511,52.391478,On or near Dovedale,E01031142,Rugby 002F,Violence and sexual offences,Formal action is not in the public interest,
a5dc5e12e6e533b462865e1863495d939332ebf12a764058745964cc7b1e5f5a,2017-11,Warwickshire Police,Warwickshire Police,-1.246279,52.392237,On or near Seathwaite,E01031142,Rugby 002F,Violence and sexual offences,Status update unavailable,
89212def3c66a541fb143dc0285ee84b5b428b7dd117a39b91681527c9696110,2017-11,Warwickshire Police,Warwickshire Police,-1.249313,52.393578,On or near Eskdale,E01031142,Rugby 002F,Violence and sexual offences,Status update unavailable,
e5e03c6f6f8e246de6dcb9c4ce20c50748774f913538726816faefa7a511beee,2017-11,Warwickshire Police,Warwickshire Police,-1.249873,52.391783,On or near Copeland,E01031142,Rugby 002F,Violence and sexual offences,Status update unavailable,
00d62f11dc8951dd7177785b26ab11ad9a373b830cf48d2295ba07001c7c6f64,2017-11,Warwickshire Police,Warwickshire Police,-1.250618,52.392031,On or near Bleaberry,E01031142,Rugby 002F,Violence and sexual offences,Status update unavailable,
c97008ef7ed7199bcfb14e7fc9bd78973fcdddc5cbf59948ab0e57d895d2c55d,2017-11,Warwickshire Police,Warwickshire Police,-1.248825,52.392882,On or near Grizedale,E01031142,Rugby 002F,Violence and sexual offences,Status update unavailable,
,2017-11,Warwickshire Police,Warwickshire Police,-1.262449,52.378719,On or near Maple Grove,E01031171,Rugby 003A,Anti-social behaviour,,
735bcb1d23ff041a838399a1e5f8c6055c11787aa2df6b4b187b4580a80f7fe6,2017-11,Warwickshire Police,Warwickshire Police,-1.265769,52.384043,On or near Petrol Station,E01031171,Rugby 003A,Burglary,Investigation complete; no suspect identified,
de3227519a7ad09aa09c08cc31d8298138b7cb19554459b4986b64ffb7537182,2017-11,Warwickshire Police,Warwickshire Police,-1.268994,52.384513,On or near Fosterd Road,E01031171,Rugby 003A,Burglary,Investigation complete; no suspect identified,
6e88c002e5d9537cb61ea4b821fbcbb6573d7e1356d620b2e23be8650b2dec22,2017-11,Warwickshire Police,Warwickshire Police,-1.267746,52.384406,On or near Sports/Recreation Area,E01031171,Rugby 003A,Criminal damage and arson,Investigation complete; no suspect identified,
db4c1226c893f8687fa5377a1f5dfd20ed88e8ba4bad6810527d6dc734bc3ccb,2017-11,Warwickshire Police,Warwickshire Police,-1.262449,52.378719,On or near Maple Grove,E01031171,Rugby 003A,Criminal damage and arson,Investigation complete; no suspect identified,
429333cb506411f55cca578c13ffa0d777927481919e0cc5111ff1870bb68a03,2017-11,Warwickshire Police,Warwickshire Police,-1.260701,52.376955,On or near Park Road,E01031171,Rugby 003A,Criminal damage and arson,Investigation complete; no suspect identified,
457ce1585a4684db2f23f9c7301b36c329bb6b43df55936cdf7fe566c2bca47c,2017-11,Warwickshire Police,Warwickshire Police,-1.265676,52.379035,On or near Worcester Street,E01031171,Rugby 003A,Other theft,Status update unavailable,
a3995e699c78395fd68515595010e3dca9b6a3b2993c362fe2c40cce297d0f29,2017-11,Warwickshire Police,Warwickshire Police,-1.260701,52.376955,On or near Park Road,E01031171,Rugby 003A,Other theft,Investigation complete; no suspect identified,
4bc5634021f8cee337fb7beb514448695a9f10a5c52d3e0e3b1fddc67f5521ec,2017-11,Warwickshire Police,Warwickshire Police,-1.262449,52.378719,On or near Maple Grove,E01031171,Rugby 003A,Other theft,Awaiting court outcome,
196963243b199e5cfcc0b0dda2131222b2956a608c8ca1d711a79ae493825a3c,2017-11,Warwickshire Police,Warwickshire Police,-1.268010,52.383590,On or near Sports/Recreation Area,E01031171,Rugby 003A,Possession of weapons,Defendant found not guilty,
84c9710e7c33d257a06480ccf57f42047bdbb1463aaf5cfd5038e731d9de134c,2017-11,Warwickshire Police,Warwickshire Police,-1.268010,52.383590,On or near Sports/Recreation Area,E01031171,Rugby 003A,Robbery,Defendant found not guilty,
842b20436b20e672229766b730e05caa76fcba3e00d3647c1847985686ae57d3,2017-11,Warwickshire Police,Warwickshire Police,-1.281297,52.386854,On or near Meadow Road,E01031171,Rugby 003A,Violence and sexual offences,Status update unavailable,
5cda6719a15fd0f12d54aabc407decc046f99252ecc834c478c1dc2fd6ee477f,2017-11,Warwickshire Police,Warwickshire Police,-1.278362,52.387546,On or near Grange Road,E01031171,Rugby 003A,Violence and sexual offences,Status update unavailable,
f0619bbdc679ee509cf9e7b0869e85fc3bb591a04fdcf1d55774d643c4a13595,2017-11,Warwickshire Police,Warwickshire Police,-1.281297,52.386854,On or near Meadow Road,E01031171,Rugby 003A,Violence and sexual offences,Status update unavailable,
f652d90569972f6c8b510eaa96a131b3ab15192fe2bf5195075e15b38af2f2b9,2017-11,Warwickshire Police,Warwickshire Police,-1.268010,52.383590,On or near Sports/Recreation Area,E01031171,Rugby 003A,Other crime,Status update unavailable,
,2017-11,Warwickshire Police,Warwickshire Police,-1.283373,52.384772,On or near Lea Crescent,E01031172,Rugby 003B,Anti-social behaviour,,
,2017-11,Warwickshire Police,Warwickshire Police,-1.283373,52.384772,On or near Lea Crescent,E01031172,Rugby 003B,Anti-social behaviour,,
,2017-11,Warwickshire Police,Warwickshire Police,-1.283373,52.384772,On or near Lea Crescent,E01031172,Rugby 003B,Anti-social behaviour,,
,2017-11,Warwickshire Police,Warwickshire Police,-1.272808,52.385777,On or near Morris Close,E01031172,Rugby 003B,Anti-social behaviour,,
18ebbd88d2225b3adbe7b4bf873e8033cc88015d86fb7e5189ab4e13c61ba41f,2017-11,Warwickshire Police,Warwickshire Police,-1.268450,52.387144,On or near Norman Road,E01031172,Rugby 003B,Burglary,Investigation complete; no suspect identified,
0677107bf8d0b8f450fe7a2e172686ed71084774092e96f0bdef55b3c0d51c79,2017-11,Warwickshire Police,Warwickshire Police,-1.272808,52.385777,On or near Morris Close,E01031172,Rugby 003B,Drugs,Offender given penalty notice,
de055488ba256a401d69cf19bab87f682fc2c835eced744d99de68b3956a664c,2017-11,Warwickshire Police,Warwickshire Police,-1.270076,52.386569,On or near Cotterell Road,E01031172,Rugby 003B,Public order,Status update unavailable,
3736168710074030b0feecedd98c12a440149087a084623f205524533f1718c5,2017-11,Warwickshire Police,Warwickshire Police,-1.280130,52.390883,On or near Almond Grove,E01031172,Rugby 003B,Public order,Formal action is not in the public interest,
67205385ccf3f42a111514fddf4554b7d791e7618e08e968945870d6f95e8493,2017-11,Warwickshire Police,Warwickshire Police,-1.283373,52.384772,On or near Lea Crescent,E01031172,Rugby 003B,Public order,Status update unavailable,
c9e178bcac29b1e8476f207b6af872649036b97db90b4b3e68cace421e019227,2017-11,Warwickshire Police,Warwickshire Police,-1.284372,52.387547,On or near Sports/Recreation Area,E01031172,Rugby 003B,Vehicle crime,Investigation complete; no suspect identified,
5e37adfe4873f7f820749e3b46dc82bef8cf64e1cda46aab8a8fdaa530258547,2017-11,Warwickshire Police,Warwickshire Police,-1.281657,52.390057,On or near Supermarket,E01031172,Rugby 003B,Violence and sexual offences,Status update unavailable,
daf8ca135366df397b462e2cb931125d1475fbe7a8a3680d33e387e13149179d,2017-11,Warwickshire Police,Warwickshire Police,-1.284238,52.388562,On or near Sports/Recreation Area,E01031172,Rugby 003B,Violence and sexual offences,Status update unavailable,
6b9c184132bca57b0b49a64b5c3a0a9373c4f8cc4a9a00a74dede4e5f8b23df3,2017-11,Warwickshire Police,Warwickshire Police,-1.270076,52.386569,On or near Cotterell Road,E01031172,Rugby 003B,Violence and sexual offences,Status update unavailable,
96800119194f2ef65aea3a69969b7db37914078902ee5fac16ae9cf55a306bde,2017-11,Warwickshire Police,Warwickshire Police,-1.284372,52.387547,On or near Sports/Recreation Area,E01031172,Rugby 003B,Violence and sexual offences,Formal action is not in the public interest,
25788c8a2dcba8feb4da644078c5d51592f64e856e58673ce47a33119d1ca313,2017-11,Warwickshire Police,Warwickshire Police,-1.268450,52.387144,On or near Norman Road,E01031172,Rugby 003B,Violence and sexual offences,Unable to prosecute suspect,
60900dde7daa9629bba217587aec2c7e3aea4a94c325c22230819ad395cc1f63,2017-11,Warwickshire Police,Warwickshire Police,-1.284372,52.387547,On or near Sports/Recreation Area,E01031172,Rugby 003B,Violence and sexual offences,Court result unavailable,
3200870af4e420115a719e39201438e24b038c0024be784303b6d56d9f345f89,2017-11,Warwickshire Police,Warwickshire Police,-1.284238,52.388562,On or near Sports/Recreation Area,E01031172,Rugby 003B,Violence and sexual offences,Unable to prosecute suspect,
,2017-11,Warwickshire Police,Warwickshire Police,-1.266500,52.377170,On or near Princes Street,E01031173,Rugby 003C,Anti-social behaviour,,
,2017-11,Warwickshire Police,Warwickshire Police,-1.268181,52.375904,On or near Blackman Way,E01031173,Rugby 003C,Anti-social behaviour,,
,2017-11,Warwickshire Police,Warwickshire Police,-1.265892,52.376618,On or near Hill Street,E01031173,Rugby 003C,Anti-social behaviour,,
,2017-11,Warwickshire Police,Warwickshire Police,-1.260852,52.374070,On or near Regent Street,E01031173,Rugby 003C,Anti-social behaviour,,
,2017-11,Warwickshire Police,Warwickshire Police,-1.266184,52.375838,On or near Dale Street,E01031173,Rugby 003C,Anti-social behaviour,,
,2017-11,Warwickshire Police,Warwickshire Police,-1.260852,52.374070,On or near Regent Street,E01031173,Rugby 003C,Anti-social behaviour,,
,2017-11,Warwickshire Police,Warwickshire Police,-1.267606,52.373365,On or near Clare Court,E01031173,Rugby 003C,Anti-social behaviour,,
,2017-11,Warwickshire Police,Warwickshire Police,-1.257492,52.373860,On or near Charles Warren Close,E01031173,Rugby 003C,Anti-social behaviour,,
,2017-11,Warwickshire Police,Warwickshire Police,-1.265592,52.376131,On or near St John Street,E01031173,Rugby 003C,Anti-social behaviour,,
,2017-11,Warwickshire Police,Warwickshire Police,-1.260754,52.372918,On or near Church Street,E01031173,Rugby 003C,Anti-social behaviour,,
,2017-11,Warwickshire Police,Warwickshire Police,-1.260754,52.372918,On or near Church Street,E01031173,Rugby 003C,Anti-social behaviour,,
,2017-11,Warwickshire Police,Warwickshire Police,-1.263187,52.373194,On or near Shopping Area,E01031173,Rugby 003C,Anti-social behaviour,,
,2017-11,Warwickshire Police,Warwickshire Police,-1.257492,52.373860,On or near Charles Warren Close,E01031173,Rugby 003C,Anti-social behaviour,,
,2017-11,Warwickshire Police,Warwickshire Police,-1.259503,52.373063,On or near Castle Street,E01031173,Rugby 003C,Anti-social behaviour,,
,2017-11,Warwickshire Police,Warwickshire Police,-1.263187,52.373194,On or near Shopping Area,E01031173,Rugby 003C,Anti-social behaviour,,
,2017-11,Warwickshire Police,Warwickshire Police,-1.263187,52.373194,On or near Shopping Area,E01031173,Rugby 003C,Anti-social behaviour,,
,2017-11,Warwickshire Police,Warwickshire Police,-1.265127,52.377593,On or near Avon Street,E01031173,Rugby 003C,Anti-social behaviour,,
,2017-11,Warwickshire Police,Warwickshire Police,-1.263187,52.373194,On or near Shopping Area,E01031173,Rugby 003C,Anti-social behaviour,,
,2017-11,Warwickshire Police,Warwickshire Police,-1.265127,52.377593,On or near Avon Street,E01031173,Rugby 003C,Anti-social behaviour,,
,2017-11,Warwickshire Police,Warwickshire Police,-1.260754,52.372918,On or near Church Street,E01031173,Rugby 003C,Anti-social behaviour,,
,2017-11,Warwickshire Police,Warwickshire Police,-1.259288,52.374500,On or near Albert Street,E01031173,Rugby 003C,Anti-social behaviour,,
,2017-11,Warwickshire Police,Warwickshire Police,-1.263187,52.373194,On or near Shopping Area,E01031173,Rugby 003C,Anti-social behaviour,,
d389f6164a62f310524d69ff6ad76f444b0812bce354f7712d3a65758c5b151d,2017-11,Warwickshire Police,Warwickshire Police,-1.265486,52.377182,On or near Duke Street,E01031173,Rugby 003C,Bicycle theft,Investigation complete; no suspect identified,
fcb1afa44a183dc69fc09c94c713b15d8524ad55083f5e3e3f339141543f0695,2017-11,Warwickshire Police,Warwickshire Police,-1.268154,52.372182,On or near Plowman Street,E01031173,Rugby 003C,Bicycle theft,Investigation complete; no suspect identified,
c26ddd322db8f44ecb11a1338b5a281dc2c2a48651f9d4e13f3a422d621f6ca1,2017-11,Warwickshire Police,Warwickshire Police,-1.263187,52.373194,On or near Shopping Area,E01031173,Rugby 003C,Bicycle theft,Investigation complete; no suspect identified,
9920ca070fe618a8ff42fb823c333dc974211bdff7ac05b6147ff6647cc3c309,2017-11,Warwickshire Police,Warwickshire Police,-1.269638,52.374816,On or near Edward Street,E01031173,Rugby 003C,Burglary,Investigation complete; no suspect identified,
86c0efb91d92e57194a0be809a9c60ea8eac914266a5a88e04cbd3f1c2b27ca2,2017-11,Warwickshire Police,Warwickshire Police,-1.265892,52.376618,On or near Hill Street,E01031173,Rugby 003C,Criminal damage and arson,Local resolution,
e67d10f68253ff3360e0576d20e05ed59b0fbf6402dd4fbaa680f6b8098fc0d9,2017-11,Warwickshire Police,Warwickshire Police,-1.266907,52.373882,On or near Parking Area,E01031173,Rugby 003C,Criminal damage and arson,Investigation complete; no suspect identified,
8bc9c0c04815ddc1154cce877371f16ac6ee62c583319f65d30c9f5ee266b444,2017-11,Warwickshire Police,Warwickshire Police,-1.257492,52.373860,On or near Charles Warren Close,E01031173,Rugby 003C,Criminal damage and arson,Status update unavailable,
f2b03a13b9f43f0482687e199d336d6a72e24b675fe85aba5fcd1307ffcb00a6,2017-11,Warwickshire Police,Warwickshire Police,-1.263377,52.374139,On or near Supermarket,E01031173,Rugby 003C,Criminal damage and arson,Status update unavailable,
ce0a8d0ed1c2f2b11596c44c0107d34d7487576a52233b77172f89a7b770fcae,2017-11,Warwickshire Police,Warwickshire Police,-1.266500,52.377170,On or near Princes Street,E01031173,Rugby 003C,Criminal damage and arson,Investigation complete; no suspect identified,
5b08eccd61dbe7c5a8e636ea13c2c41d142b822ff6ff9cae64f730207f63304c,2017-11,Warwickshire Police,Warwickshire Police,-1.268064,52.372334,On or near Plowman Street,E01031173,Rugby 003C,Drugs,Offender given a caution,
9c4488370a6e045dabaf82f4f2048db0fc45c059082c2bef6681ebf500870091,2017-11,Warwickshire Police,Warwickshire Police,-1.258383,52.372364,On or near Nightclub,E01031173,Rugby 003C,Drugs,Status update unavailable,
c90bc13b891ca75a0d243c2fa17ab66180cfd27881aa40b0d2f2aaf88dd9d490,2017-11,Warwickshire Police,Warwickshire Police,-1.261770,52.373599,On or near Parking Area,E01031173,Rugby 003C,Other theft,Investigation complete; no suspect identified,
9f0e7efb365f592876e85672a0b602c3c8a81673b1846333b8750dcc1b23d276,2017-11,Warwickshire Police,Warwickshire Police,-1.260754,52.372918,On or near Church Street,E01031173,Rugby 003C,Other theft,Investigation complete; no suspect identified,
8243075cbbd013e5222713d97bb25ccd57a3be687516c08912a6dff37a5c0cc1,2017-11,Warwickshire Police,Warwickshire Police,-1.257401,52.374857,On or near Albert Square,E01031173,Rugby 003C,Other theft,Investigation complete; no suspect identified,
2971c9f74cdf706fd0781a47fdf38490c86f8e221f7851b38191af95d539caa9,2017-11,Warwickshire Police,Warwickshire Police,-1.264009,52.373217,On or near Shopping Area,E01031173,Rugby 003C,Other theft,Status update unavailable,
37e47df27a15e70e8a1ab0edbd14b698454ddff6b900b054395f74b685299e68,2017-11,Warwickshire Police,Warwickshire Police,-1.261770,52.373599,On or near Parking Area,E01031173,Rugby 003C,Public order,Investigation complete; no suspect identified,
743c9b108f92105318f71e8ecfe8e90be2b30ac0e03964d93f09b79494bda694,2017-11,Warwickshire Police,Warwickshire Police,-1.264009,52.373217,On or near Shopping Area,E01031173,Rugby 003C,Public order,Court result unavailable,
b6d55dab4d1970ed715a81b21ac7a43507b9af62da5fa2a710e1bf936c66568e,2017-11,Warwickshire Police,Warwickshire Police,-1.261770,52.373599,On or near Parking Area,E01031173,Rugby 003C,Public order,Status update unavailable,
58e55fac976d061e9dfb75e3ac9dade0e7b2a7f1eae022e3d94771cdad429095,2017-11,Warwickshire Police,Warwickshire Police,-1.260754,52.372918,On or near Church Street,E01031173,Rugby 003C,Public order,Court result unavailable,
264ed9ea89527f004e65ce577ff3a54d97e135badbe48958ff6d299798fc60c7,2017-11,Warwickshire Police,Warwickshire Police,-1.263377,52.374139,On or near Supermarket,E01031173,Rugby 003C,Public order,Offender given suspended prison sentence,
33eb01e385f27b3a99879f5d5abc433305c3efc99436dcf9f33b530933899a5d,2017-11,Warwickshire Police,Warwickshire Police,-1.265486,52.377182,On or near Duke Street,E01031173,Rugby 003C,Public order,Offender sent to prison,
dccc0e3a7a0a179097dbe2389d467c9bee71e665beab6b07913aeb4a7789eec6,2017-11,Warwickshire Police,Warwickshire Police,-1.263187,52.373194,On or near Shopping Area,E01031173,Rugby 003C,Public order,Defendant found not guilty,
3402b8adb6c78055ff79bf73b46894a8733bd13fccb5ae99400c24f93bf25399,2017-11,Warwickshire Police,Warwickshire Police,-1.260754,52.372918,On or near Church Street,E01031173,Rugby 003C,Public order,Status update unavailable,
8997b852a50177b45bbb85ba4f400ae022f8db98fb8dcf26f257e6a211bade9e,2017-11,Warwickshire Police,Warwickshire Police,-1.264009,52.373217,On or near Shopping Area,E01031173,Rugby 003C,Robbery,Formal action is not in the public interest,
7b022ab3ee581bffb16794315573e7a565a6b186b4b047b0ea514ac1b5a9b3a3,2017-11,Warwickshire Police,Warwickshire Police,-1.264267,52.373641,On or near Parking Area,E01031173,Rugby 003C,Shoplifting,Court result unavailable,
f32048add54b509bd1411316c0a401acaec325f2baaa1342589753a23b701d9f,2017-11,Warwickshire Police,Warwickshire Police,-1.263187,52.373194,On or near Shopping Area,E01031173,Rugby 003C,Shoplifting,Offender given community sentence,
f4252fe65ad0b00d538c9eff3fbb5a90e1c62fb3b236472900a92d3df17078f5,2017-11,Warwickshire Police,Warwickshire Police,-1.263187,52.373194,On or near Shopping Area,E01031173,Rugby 003C,Shoplifting,Investigation complete; no suspect identified,
251b45c0a767c6ea45441571bd3eef4ee40e001ad45c8f0ad499844efed47f59,2017-11,Warwickshire Police,Warwickshire Police,-1.263187,52.373194,On or near Shopping Area,E01031173,Rugby 003C,Shoplifting,Investigation complete; no suspect identified,
6f4d5036b58076f720730cd1f1f51694f763e9fe3d8793c653a17f1fe746c837,2017-11,Warwickshire Police,Warwickshire Police,-1.264009,52.373217,On or near Shopping Area,E01031173,Rugby 003C,Shoplifting,Court result unavailable,
80b7e3fc047db31c6f8ea916d663339d2bd9da4f7d20498e9708515c504cb001,2017-11,Warwickshire Police,Warwickshire Police,-1.264009,52.373217,On or near Shopping Area,E01031173,Rugby 003C,Shoplifting,Formal action is not in the public interest,
bd63f59c8e5ab4fae0b6ff11742132e95758bcc90c09a96facd206e230efd075,2017-11,Warwickshire Police,Warwickshire Police,-1.264009,52.373217,On or near Shopping Area,E01031173,Rugby 003C,Shoplifting,Court result unavailable,
d076db894b180ccabb3a56d70a2f5179cf5966f8ba37188dd2a3a6b01b53c2ab,2017-11,Warwickshire Police,Warwickshire Police,-1.264009,52.373217,On or near Shopping Area,E01031173,Rugby 003C,Shoplifting,Offender given conditional discharge,
2b2407250ca7aeae3c88504d26f876e63198904eaae81f2636fee50818b06255,2017-11,Warwickshire Police,Warwickshire Police,-1.264009,52.373217,On or near Shopping Area,E01031173,Rugby 003C,Shoplifting,Unable to prosecute suspect,
8506077cd03b41f9cea84240bddf359f73a522853fff7cd8f668ab1ae916110a,2017-11,Warwickshire Police,Warwickshire Police,-1.264009,52.373217,On or near Shopping Area,E01031173,Rugby 003C,Shoplifting,Status update unavailable,
81f9cc433e8492420623dcf9d7f641053e25fd7d57a6e5722a2f05578a84bbe0,2017-11,Warwickshire Police,Warwickshire Police,-1.264009,52.373217,On or near Shopping Area,E01031173,Rugby 003C,Shoplifting,Status update unavailable,
570396d2ffca0f241c2b8c4f624b5a0a093e61e6c25d8905c496557cb20887b7,2017-11,Warwickshire Police,Warwickshire Police,-1.260754,52.372918,On or near Church Street,E01031173,Rugby 003C,Shoplifting,Investigation complete; no suspect identified,
dbaff5a2d04fa54a51fdd7e4efcc23f2739312a5c323b32517c7df343383ff58,2017-11,Warwickshire Police,Warwickshire Police,-1.263187,52.373194,On or near Shopping Area,E01031173,Rugby 003C,Theft from the person,Investigation complete; no suspect identified,
4f611e19edf40199db722931ef747ffdc3c7485020bb2aa7f725f2e3fdf31f03,2017-11,Warwickshire Police,Warwickshire Police,-1.263655,52.375103,On or near Parking Area,E01031173,Rugby 003C,Theft from the person,Investigation complete; no suspect identified,
533a62f8dd0bae07b591e201ba6ca10b3ba39f66215c46a6ce96d0063a2a17f7,2017-11,Warwickshire Police,Warwickshire Police,-1.257492,52.373860,On or near Charles Warren Close,E01031173,Rugby 003C,Theft from the person,Unable to prosecute suspect,
0fd819b99a70a114e73d87403149d222150eee3fe17ed79d6991453fa7de4b1f,2017-11,Warwickshire Police,Warwickshire Police,-1.264009,52.373217,On or near Shopping Area,E01031173,Rugby 003C,Theft from the person,Investigation complete; no suspect identified,
0edafc57d449ffa1bc21d1ea88e48df9e8dfbae63f2d6e3594d87e17108f30ea,2017-11,Warwickshire Police,Warwickshire Police,-1.257401,52.374857,On or near Albert Square,E01031173,Rugby 003C,Theft from the person,Investigation complete; no suspect identified,
f2322fa205b9b34c25fe7c74e3c8ea2f9b4cb8b21a6dad3635d53fd72ca26158,2017-11,Warwickshire Police,Warwickshire Police,-1.263377,52.374139,On or near Supermarket,E01031173,Rugby 003C,Theft from the person,Investigation complete; no suspect identified,
9a9557dd853d46e4ffab77c5cbc48a592bedcab97c2c8ff9632fecbbfedcea91,2017-11,Warwickshire Police,Warwickshire Police,-1.264009,52.373217,On or near Shopping Area,E01031173,Rugby 003C,Vehicle crime,Investigation complete; no suspect identified,
5a1442d1eb2aca5fab201df42d12655aa6735a47e367fcd347ba0b14f65bdd3f,2017-11,Warwickshire Police,Warwickshire Police,-1.268181,52.375904,On or near Blackman Way,E01031173,Rugby 003C,Violence and sexual offences,Status update unavailable,
720f37e233bae932302f99c7d334c073c8917f20bd60320df6db5eaec77654ad,2017-11,Warwickshire Police,Warwickshire Police,-1.264009,52.373217,On or near Shopping Area,E01031173,Rugby 003C,Violence and sexual offences,Offender given a caution,
1fb85b5aa66e6680648c8bbad17f8198646bc08211402b285fb3e5e72e8adfac,2017-11,Warwickshire Police,Warwickshire Police,-1.264009,52.373217,On or near Shopping Area,E01031173,Rugby 003C,Violence and sexual offences,Offender given a caution,
7d913a2df45f1fa0742756e62730289e0df7a74c7930b3ee18269c59a2fa1109,2017-11,Warwickshire Police,Warwickshire Police,-1.261770,52.373599,On or near Parking Area,E01031173,Rugby 003C,Violence and sexual offences,Status update unavailable,
d3e19cad609192ad4bdd9e178418632b5ed1051096dca1488388ef2ab4d77bec,2017-11,Warwickshire Police,Warwickshire Police,-1.259503,52.373063,On or near Castle Street,E01031173,Rugby 003C,Violence and sexual offences,Status update unavailable,
5764d03cef70e43e5a149c78905516d2a1592fda63fb81bfd4bf4ef7c9c11c07,2017-11,Warwickshire Police,Warwickshire Police,-1.259503,52.373063,On or near Castle Street,E01031173,Rugby 003C,Violence and sexual offences,Status update unavailable,
a48bd8dac49696d71c1551cc260e2a3cbd1b3c8d30bf881d48e10a42814b67b6,2017-11,Warwickshire Police,Warwickshire Police,-1.265127,52.377593,On or near Avon Street,E01031173,Rugby 003C,Violence and sexual offences,Investigation complete; no suspect identified,
9cfac166a364a96b7fb94a8d8b8962d5f8644b5722f9f848a628a74654ffffd4,2017-11,Warwickshire Police,Warwickshire Police,-1.259503,52.373063,On or near Castle Street,E01031173,Rugby 003C,Violence and sexual offences,Investigation complete; no suspect identified,
a37111fbba0f26c13b31e114c7e95f261af0a92b22f4b349c22891dfad13b26f,2017-11,Warwickshire Police,Warwickshire Police,-1.268064,52.372334,On or near Plowman Street,E01031173,Rugby 003C,Violence and sexual offences,Status update unavailable,
b69f70a678a5a94442d82090b2745e5353cea42f338eb9a2c4ba0239f7dcdb17,2017-11,Warwickshire Police,Warwickshire Police,-1.265127,52.377593,On or near Avon Street,E01031173,Rugby 003C,Violence and sexual offences,Status update unavailable,
3621fda7f3b8d220c601e36ced290061e0327f03835cabc58027b74c3665d256,2017-11,Warwickshire Police,Warwickshire Police,-1.269370,52.375057,On or near Levy Close,E01031173,Rugby 003C,Violence and sexual offences,Offender given community sentence,
fab1bf2af9bd75cf92757bde00cb5c78960b45ad13aa5bd059c2c342d1076d25,2017-11,Warwickshire Police,Warwickshire Police,-1.257492,52.373860,On or near Charles Warren Close,E01031173,Rugby 003C,Violence and sexual offences,Status update unavailable,
321a3497ebf5613dae9e8a4f239af49cca743aadc5af75a0a4c956f49c62e20b,2017-11,Warwickshire Police,Warwickshire Police,-1.264009,52.373217,On or near Shopping Area,E01031173,Rugby 003C,Violence and sexual offences,Status update unavailable,
539f6f3afadf0ecc39c7ccb92854a45d4f82a40384e6ecb3e2930be424d4be29,2017-11,Warwickshire Police,Warwickshire Police,-1.261770,52.373599,On or near Parking Area,E01031173,Rugby 003C,Violence and sexual offences,Status update unavailable,
0faf49bfe0a6f9c64d4f4f84dbd66a0207056c4e633cf667e0641aafac1c1662,2017-11,Warwickshire Police,Warwickshire Police,-1.268181,52.375904,On or near Blackman Way,E01031173,Rugby 003C,Violence and sexual offences,Formal action is not in the public interest,
87ed236a7c445543aacd1b935d1482d1c8b4d0398c3fb82b12c2705af02456b2,2017-11,Warwickshire Police,Warwickshire Police,-1.260191,52.374065,On or near Henry Street,E01031173,Rugby 003C,Violence and sexual offences,Status update unavailable,
822b76c875d2d89670a4d15b507790e1056afb462e1447f5ef47feb47d4db9cd,2017-11,Warwickshire Police,Warwickshire Police,-1.260754,52.372918,On or near Church Street,E01031173,Rugby 003C,Violence and sexual offences,Offender given a caution,
a0dfdacc02510905f22e8240b6a8687a46f0b6825ba17e9a466bcd692a80567a,2017-11,Warwickshire Police,Warwickshire Police,-1.264009,52.373217,On or near Shopping Area,E01031173,Rugby 003C,Violence and sexual offences,Status update unavailable,
5d2ce71f145e9a97e8c2e353f09ba56f5d1299bf69889d50b57ff80b941f458e,2017-11,Warwickshire Police,Warwickshire Police,-1.268528,52.375349,On or near Rounds Gardens,E01031173,Rugby 003C,Violence and sexual offences,Status update unavailable,
7cf24a17ecedab6e4d198708243efca1704cdac6bb35fe35f561fc60c9bc3428,2017-11,Warwickshire Police,Warwickshire Police,-1.269370,52.375057,On or near Levy Close,E01031173,Rugby 003C,Violence and sexual offences,Defendant found not guilty,
0db5881a0679ebb459ff891556865181f19fcb5ece21f9e4a15ff2447fa9d0da,2017-11,Warwickshire Police,Warwickshire Police,-1.260346,52.373599,On or near Bank Street,E01031173,Rugby 003C,Violence and sexual offences,Status update unavailable,
10d9338460a9112fcb6be07e234eb7a5628cd8abb4f9e36c8151714778f6bcff,2017-11,Warwickshire Police,Warwickshire Police,-1.263187,52.373194,On or near Shopping Area,E01031173,Rugby 003C,Violence and sexual offences,Unable to prosecute suspect,
2c06c3dc7ae228af7fad52fdb79cfde2cffb8d7352cc5479b1e000cc7a95661e,2017-11,Warwickshire Police,Warwickshire Police,-1.263187,52.373194,On or near Shopping Area,E01031173,Rugby 003C,Violence and sexual offences,Unable to prosecute suspect,
4b49c3a091c6246e9de1b806ac4ad27b1d4e65190ffbc48f74827121430def1a,2017-11,Warwickshire Police,Warwickshire Police,-1.264009,52.373217,On or near Shopping Area,E01031173,Rugby 003C,Violence and sexual offences,Court result unavailable,
96b74a1865f44160ae218749175b1c72251b0395fe6de517d744d924d0dc1b5c,2017-11,Warwickshire Police,Warwickshire Police,-1.268528,52.375349,On or near Rounds Gardens,E01031173,Rugby 003C,Violence and sexual offences,Status update unavailable,
2d16d2c8db1d5e33c5984c6cd21e7dc66c5f778558d4411a9eef67ae1f874944,2017-11,Warwickshire Police,Warwickshire Police,-1.263377,52.374139,On or near Supermarket,E01031173,Rugby 003C,Violence and sexual offences,Formal action is not in the public interest,
5fdad53f513d9d2540a0493eec39907a293c020990c16134f76bd517b63395ad,2017-11,Warwickshire Police,Warwickshire Police,-1.265127,52.377593,On or near Avon Street,E01031173,Rugby 003C,Violence and sexual offences,Status update unavailable,
615d6d116e4f69cfb45bcd6ea6fee57b1d7ffe7e5070009c2dcbd6db387b1921,2017-11,Warwickshire Police,Warwickshire Police,-1.261770,52.373599,On or near Parking Area,E01031173,Rugby 003C,Violence and sexual offences,Status update unavailable,
36cd234f6bbc26675ae9b010ed699f4b8dda2591057eac19189c389611ff2fd6,2017-11,Warwickshire Police,Warwickshire Police,-1.263655,52.375103,On or near Parking Area,E01031173,Rugby 003C,Violence and sexual offences,Unable to prosecute suspect,
e87d64b955b0d56b8d87ad1e57dbc6edb7e21fa54d0aa325baacf141ead1b892,2017-11,Warwickshire Police,Warwickshire Police,-1.263655,52.375103,On or near Parking Area,E01031173,Rugby 003C,Violence and sexual offences,Status update unavailable,
,2017-11,Warwickshire Police,Warwickshire Police,-1.250763,52.379149,On or near Pedestrian Subway,E01031174,Rugby 003D,Anti-social behaviour,,
,2017-11,Warwickshire Police,Warwickshire Police,-1.258366,52.377794,On or near Lodge Road,E01031174,Rugby 003D,Anti-social behaviour,,
,2017-11,Warwickshire Police,Warwickshire Police,-1.259504,52.376489,On or near Kew Road,E01031174,Rugby 003D,Anti-social behaviour,,
,2017-11,Warwickshire Police,Warwickshire Police,-1.251140,52.377694,On or near Murray Road,E01031174,Rugby 003D,Anti-social behaviour,,
,2017-11,Warwickshire Police,Warwickshire Police,-1.256639,52.379141,On or near The Sidings,E01031174,Rugby 003D,Anti-social behaviour,,
,2017-11,Warwickshire Police,Warwickshire Police,-1.259504,52.376489,On or near Kew Road,E01031174,Rugby 003D,Anti-social behaviour,,
,2017-11,Warwickshire Police,Warwickshire Police,-1.259504,52.376489,On or near Kew Road,E01031174,Rugby 003D,Anti-social behaviour,,
6f4b7ca90fe634b713b20dcb3cac6d8b055c719552e6ab6b21b088ea45fb96c3,2017-11,Warwickshire Police,Warwickshire Police,-1.254724,52.377717,On or near Omega Place,E01031174,Rugby 003D,Bicycle theft,Investigation complete; no suspect identified,
efeca5dcdab9ed419f41234534e493cb50a8d35b4bc15d4b983e6c2e7c892c5e,2017-11,Warwickshire Police,Warwickshire Police,-1.254478,52.379217,On or near Parking Area,E01031174,Rugby 003D,Bicycle theft,Investigation complete; no suspect identified,
e9328d6f5f1bbf10cb0e8e695e40fd496c366c4e641063099f162565991349d0,2017-11,Warwickshire Police,Warwickshire Police,-1.251140,52.377694,On or near Murray Road,E01031174,Rugby 003D,Bicycle theft,Investigation complete; no suspect identified,
790c2736957690f20889cec159e2b41d7c9ca66d66bdee6947aebe64d4090c91,2017-11,Warwickshire Police,Warwickshire Police,-1.250763,52.379149,On or near Pedestrian Subway,E01031174,Rugby 003D,Burglary,Investigation complete; no suspect identified,
f0844e8773e73cb25e964c762e83bbcad8fc5a8cd8cb5850beebb93197adbe31,2017-11,Warwickshire Police,Warwickshire Police,-1.256123,52.375757,On or near Pinders Lane,E01031174,Rugby 003D,Burglary,Status update unavailable,
941bef132b880399ea4296e53344dec31d52c770b7fbac2767b5f6a32283a66b,2017-11,Warwickshire Police,Warwickshire Police,-1.262214,52.382232,On or near Hunters Lane,E01031174,Rugby 003D,Burglary,Investigation complete; no suspect identified,
f41681853bba996610e39e33e3751939102ed51738de33e4a7d3f9a0606c8c17,2017-11,Warwickshire Police,Warwickshire Police,-1.262214,52.382232,On or near Hunters Lane,E01031174,Rugby 003D,Criminal damage and arson,Investigation complete; no suspect identified,
8cae4af5f1e06a9fbf4f9b2bc476b548670032f6f8a58a7bcaa970a610a65b05,2017-11,Warwickshire Police,Warwickshire Police,-1.262214,52.382232,On or near Hunters Lane,E01031174,Rugby 003D,Other theft,Investigation complete; no suspect identified,
5b57e1f3aacfa572f8a449be40c62728ee774d60c64edd33ed7526e47b17d389,2017-11,Warwickshire Police,Warwickshire Police,-1.254724,52.377717,On or near Omega Place,E01031174,Rugby 003D,Public order,Status update unavailable,
81aa0730ea80676cd67eff0d3e8330ccc7a8ccc638b18d00bbdb385218e82a01,2017-11,Warwickshire Police,Warwickshire Police,-1.254724,52.377717,On or near Omega Place,E01031174,Rugby 003D,Public order,Status update unavailable,
bcbcc18b6a665738bb9c1f3bf8d29318374ed2100dcf6ab6bba0099158328ee7,2017-11,Warwickshire Police,Warwickshire Police,-1.251140,52.377694,On or near Murray Road,E01031174,Rugby 003D,Robbery,Status update unavailable,
6efe201126e4b92b7084cc5b3d7bba8b33f158db759b75f09330f584669aac45,2017-11,Warwickshire Police,Warwickshire Police,-1.255751,52.377804,On or near Kimberley Road,E01031174,Rugby 003D,Theft from the person,Status update unavailable,
e7ba3638caf69a1d17d47be48347fab3eeb3f9e8f2e99b6f2974303f2f11327f,2017-11,Warwickshire Police,Warwickshire Police,-1.260664,52.378303,On or near Sycamore Grove,E01031174,Rugby 003D,Vehicle crime,Investigation complete; no suspect identified,
3b0fbb6705b950a85496ecb981528c80d59fd3e4a7c6b0089fb64fe4357779d9,2017-11,Warwickshire Police,Warwickshire Police,-1.262214,52.382232,On or near Hunters Lane,E01031174,Rugby 003D,Vehicle crime,Investigation complete; no suspect identified,
920d4b20892acbd448f3fbba5a58e7f82207e063ee5af1caf8f314786a1f830b,2017-11,Warwickshire Police,Warwickshire Police,-1.262055,52.379453,On or near Wood Street,E01031174,Rugby 003D,Violence and sexual offences,Court result unavailable,
5bf6be88fd27b9c1722c661f8168c1cdfb52a874192b7d47ac88b7402cafa7fe,2017-11,Warwickshire Police,Warwickshire Police,-1.254478,52.379217,On or near Parking Area,E01031174,Rugby 003D,Violence and sexual offences,Status update unavailable,
206769b343d6f4a3ab134279775ab5da50eeef80f281a459804e34501c8e658a,2017-11,Warwickshire Police,Warwickshire Police,-1.262055,52.379453,On or near Wood Street,E01031174,Rugby 003D,Violence and sexual offences,Status update unavailable,
7b6a9bbf284a8e76157abf14108865dbecf85433128391239bc3555ca4f11eae,2017-11,Warwickshire Police,Warwickshire Police,-1.255751,52.377804,On or near Kimberley Road,E01031174,Rugby 003D,Violence and sexual offences,Status update unavailable,
4a044ce76af11fc5803d61d8e195ebfcb1f784b7d1483be9480808d8edc04280,2017-11,Warwickshire Police,Warwickshire Police,-1.255751,52.377804,On or near Kimberley Road,E01031174,Rugby 003D,Violence and sexual offences,Status update unavailable,
ade79b440a7358cfba674805812b4ed407b80b3b0c8b1605acccc4b13fd1f892,2017-11,Warwickshire Police,Warwickshire Police,-1.258844,52.379964,On or near Woodside Park,E01031174,Rugby 003D,Violence and sexual offences,Offender given community sentence,
7ba183c9174d84cf7120e146f42478d741518946bc1852e1d2087fe8cd24e0c0,2017-11,Warwickshire Police,Warwickshire Police,-1.262214,52.382232,On or near Hunters Lane,E01031174,Rugby 003D,Other crime,Formal action is not in the public interest,
,2017-11,Warwickshire Police,Warwickshire Police,-1.416524,52.390997,On or near Foxwood Drive,E01031151,Rugby 004A,Anti-social behaviour,,
,2017-11,Warwickshire Police,Warwickshire Police,-1.413709,52.391630,On or near Ferndale Road,E01031151,Rugby 004A,Anti-social behaviour,,
23c77f86d3dedc91411abc7f72896e47c25e4504901670d43dcdbe88b26f1899,2017-11,Warwickshire Police,Warwickshire Police,-1.411971,52.390830,On or near Airport/Airfield,E01031151,Rugby 004A,Burglary,Investigation complete; no suspect identified,
0e3532648737478fef097eed1c080d0a496bb5b8459b56c244d220f59f631f39,2017-11,Warwickshire Police,Warwickshire Police,-1.416524,52.390997,On or near Foxwood Drive,E01031151,Rugby 004A,Burglary,Investigation complete; no suspect identified,
ac750cfe0967e8fc309d1c46e484521235dbbb243f760732cf9512f3509a9c9c,2017-11,Warwickshire Police,Warwickshire Police,-1.418981,52.394164,On or near Rugby Road,E01031151,Rugby 004A,Burglary,Offender sent to prison,
cbccb67dd229251d93418fd90ad5508870f464434c9b329766314c9074cbd1f3,2017-11,Warwickshire Police,Warwickshire Police,-1.418435,52.390943,On or near Craven Avenue,E01031151,Rugby 004A,Criminal damage and arson,Investigation complete; no suspect identified,
9915cb5e0696a294645737ec683e6e8dbd1b14e353e15743fff63450fca768f5,2017-11,Warwickshire Police,Warwickshire Police,-1.413709,52.391630,On or near Ferndale Road,E01031151,Rugby 004A,Shoplifting,Investigation complete; no suspect identified,
96e3c27df3088b3bced4bc3131e6f082aa7fb3d10f409f6dd7dadf3863ec29eb,2017-11,Warwickshire Police,Warwickshire Police,-1.420109,52.393262,On or near Heather Road,E01031151,Rugby 004A,Violence and sexual offences,Status update unavailable,
a9de783b3e0aac198937f192bf7b49854ad0137195a927b55b40e450c6cbd7d6,2017-11,Warwickshire Police,Warwickshire Police,-1.422691,52.392537,On or near Monks Road,E01031152,Rugby 004B,Burglary,Investigation complete; no suspect identified,
0813032e876d27f0fe755ef8371af2784a2879dd7983ac8cbe6c6db4826c2b85,2017-11,Warwickshire Police,Warwickshire Police,-1.423165,52.391074,On or near Abbotts Walk,E01031152,Rugby 004B,Vehicle crime,Investigation complete; no suspect identified,
,2017-11,Warwickshire Police,Warwickshire Police,-1.391855,52.376893,On or near School Street,E01031153,Rugby 004C,Anti-social behaviour,,
,2017-11,Warwickshire Police,Warwickshire Police,-1.404147,52.373818,On or near Mill Close,E01031153,Rugby 004C,Anti-social behaviour,,
8d10bd71b851f787c250a50536d52f33d5d5bcca561d8add9763e3a5a0d7fb1d,2017-11,Warwickshire Police,Warwickshire Police,-1.395536,52.374053,On or near Chestnut Grove,E01031153,Rugby 004C,Burglary,Offender sent to prison,
0caa673121aeb1aece5e4142f7e540e74ce4ca2b5831b71fc6f7f5376d37a354,2017-11,Warwickshire Police,Warwickshire Police,-1.388073,52.379462,On or near Priory Road,E01031153,Rugby 004C,Drugs,Status update unavailable,
,2017-11,Warwickshire Police,Warwickshire Police,-1.401156,52.384312,On or near Kirby Close,E01031154,Rugby 004D,Anti-social behaviour,,
,2017-11,Warwickshire Police,Warwickshire Police,-1.375490,52.389367,On or near Brandon Road,E01031154,Rugby 004D,Anti-social behaviour,,
,2017-11,Warwickshire Police,Warwickshire Police,-1.401742,52.390986,On or near Speedway Lane,E01031154,Rugby 004D,Anti-social behaviour,,
3cc6dd672ed6083df1a1d7ef6475236c15f2da33d0c400accea7895137cee80e,2017-11,Warwickshire Police,Warwickshire Police,-1.396362,52.378156,On or near Main Street,E01031154,Rugby 004D,Burglary,Status update unavailable,
57194581ae9a42081edfa4d4c5e00619a5b003f80810ec752821ed169a38d746,2017-11,Warwickshire Police,Warwickshire Police,-1.392686,52.378389,On or near Meadow Road,E01031154,Rugby 004D,Criminal damage and arson,Investigation complete; no suspect identified,
0f24b5f251ba2178c3ffc807601dc5e33f037bfa8a6be340239cfca0e1639436,2017-11,Warwickshire Police,Warwickshire Police,-1.394429,52.375575,On or near Supermarket,E01031154,Rugby 004D,Shoplifting,Investigation complete; no suspect identified,
138f242c62d8cfe77cd155ee41136d7af177d281b0099796fcff53a61a618383,2017-11,Warwickshire Police,Warwickshire Police,-1.394429,52.375575,On or near Supermarket,E01031154,Rugby 004D,Shoplifting,Investigation complete; no suspect identified,
65580b3f796b70ff43e2bf1525da93707717eb04a8f180c158838238bfe8d838,2017-11,Warwickshire Police,Warwickshire Police,-1.399379,52.383152,On or near Avondale Road,E01031154,Rugby 004D,Vehicle crime,Investigation complete; no suspect identified,
cfee48b5c21ac163ed4ca146560664d56dc9cb477ae029fca2bea762352755ab,2017-11,Warwickshire Police,Warwickshire Police,-1.401156,52.384312,On or near Kirby Close,E01031154,Rugby 004D,Vehicle crime,Investigation complete; no suspect identified,
0615c3c192000aba9f244ae663c8e5e5b448ccefdb49a2448d4620c5768d59d7,2017-11,Warwickshire Police,Warwickshire Police,-1.394548,52.379720,On or near Hawthorne Close,E01031154,Rugby 004D,Violence and sexual offences,Status update unavailable,
,2017-11,Warwickshire Police,Warwickshire Police,-1.437685,52.363203,On or near Warren Close,E01031181,Rugby 004E,Anti-social behaviour,,
,2017-11,Warwickshire Police,Warwickshire Police,-1.437685,52.363203,On or near Warren Close,E01031181,Rugby 004E,Anti-social behaviour,,
a7fa5ac540cf079116970834c450c6c8311dc9c1efe5ca9a0567613802736a87,2017-11,Warwickshire Police,Warwickshire Police,-1.432883,52.363162,On or near Cedar Avenue,E01031181,Rugby 004E,Burglary,Investigation complete; no suspect identified,
9512314a243c3ac61ecfa1cb450c55c6d52ee3f834767c0bd345fb8c0ad0ee52,2017-11,Warwickshire Police,Warwickshire Police,-1.409217,52.360466,On or near Parking Area,E01031181,Rugby 004E,Burglary,Investigation complete; no suspect identified,
b533697a7f68825b0681be53166b7a75f572ce72ce2a2059fdc1ae56be59706c,2017-11,Warwickshire Police,Warwickshire Police,-1.451205,52.368346,On or near Glenfern Gardens,E01031181,Rugby 004E,Other theft,Court result unavailable,
de22c5d09a05581ee4a6a99a7255eb86f13b9aae65f2b52463402d8738bbecc7,2017-11,Warwickshire Police,Warwickshire Police,-1.435643,52.364389,On or near High Street,E01031181,Rugby 004E,Vehicle crime,Investigation complete; no suspect identified,
c95d7cd5df88e7099ab66e5f7bb657eddf382a547ef1419673982afc2c81f8cb,2017-11,Warwickshire Police,Warwickshire Police,-1.451205,52.368346,On or near Glenfern Gardens,E01031181,Rugby 004E,Violence and sexual offences,Court result unavailable,
ebb085fab4ffecb68a4f032cc79c432f241c15dc34202c267bfee5ab231762f9,2017-11,Warwickshire Police,Warwickshire Police,-1.439383,52.364811,On or near Soden'S Avenue,E01031181,Rugby 004E,Violence and sexual offences,Status update unavailable,
88893b108bcc6a51fd20dad50fecf0404db2439511c471333ba8d2f70a1c1677,2017-11,Warwickshire Police,Warwickshire Police,-1.439383,52.364811,On or near Soden'S Avenue,E01031181,Rugby 004E,Violence and sexual offences,Status update unavailable,
,2017-11,Warwickshire Police,Warwickshire Police,-1.247618,52.375739,On or near Cross Street,E01031130,Rugby 005A,Anti-social behaviour,,
,2017-11,Warwickshire Police,Warwickshire Police,-1.248911,52.374830,On or near Oxford Street,E01031130,Rugby 005A,Anti-social behaviour,,
f86c9c0bf1d4d84a709e50debb5c3129ef803cc19ce487e529d2e4d39b613a78,2017-11,Warwickshire Police,Warwickshire Police,-1.245648,52.376662,On or near Chester Street,E01031130,Rugby 005A,Burglary,Investigation complete; no suspect identified,
f4ebbe23cc09e8ed2a9a76c0aa3403d8c360ae530ad70076f1abf605e25e9d9f,2017-11,Warwickshire Police,Warwickshire Police,-1.245648,52.376662,On or near Chester Street,E01031130,Rugby 005A,Criminal damage and arson,Unable to prosecute suspect,
dd10f23662cdc59f423743884b501f7a1b69586c1c890c77c1da8cd3bfb98edf,2017-11,Warwickshire Police,Warwickshire Police,-1.242639,52.379969,On or near Great Central Way,E01031130,Rugby 005A,Vehicle crime,Status update unavailable,
fe42744b807e07675f9d3c2e27a655798dc234b2d61650db577c75a526a19793,2017-11,Warwickshire Police,Warwickshire Police,-1.245933,52.375468,On or near Hunter Street,E01031130,Rugby 005A,Vehicle crime,Status update unavailable,
b326a1ee6bd2ce6057354f25447dc785afb611b2af686f09b50503df356ecd8b,2017-11,Warwickshire Police,Warwickshire Police,-1.245648,52.376662,On or near Chester Street,E01031130,Rugby 005A,Vehicle crime,Investigation complete; no suspect identified,
3cecf8146d272a5655d805f3521a39f5cc813b6a87d34d95067df0dc1a573170,2017-11,Warwickshire Police,Warwickshire Police,-1.245690,52.375970,On or near Corbett Street,E01031130,Rugby 005A,Vehicle crime,Investigation complete; no suspect identified,
69bc58098edaa7383d0f31d28854282cf4dff008c7870ff88bd8e62eb138bf77,2017-11,Warwickshire Police,Warwickshire Police,-1.247618,52.375739,On or near Cross Street,E01031130,Rugby 005A,Violence and sexual offences,Defendant found not guilty,
3934536b50a88db86ecb3813043fa460e719cc1ec722145f663fc638ef934bd8,2017-11,Warwickshire Police,Warwickshire Police,-1.246784,52.377289,On or near Abbey Street,E01031130,Rugby 005A,Violence and sexual offences,Status update unavailable,
d8efc1f6daf1ea009630f9aac2ce67351ce8691a078397ecf3d1078c672448cc,2017-11,Warwickshire Police,Warwickshire Police,-1.246784,52.377289,On or near Abbey Street,E01031130,Rugby 005A,Violence and sexual offences,Status update unavailable,
,2017-11,Warwickshire Police,Warwickshire Police,-1.251601,52.376466,On or near Craven Road,E01031131,Rugby 005B,Anti-social behaviour,,
,2017-11,Warwickshire Police,Warwickshire Police,-1.254757,52.376594,On or near Lucas Court,E01031131,Rugby 005B,Anti-social behaviour,,
,2017-11,Warwickshire Police,Warwickshire Police,-1.254757,52.376594,On or near Lucas Court,E01031131,Rugby 005B,Anti-social behaviour,,
,2017-11,Warwickshire Police,Warwickshire Police,-1.251933,52.374193,On or near Grosvenor Road,E01031131,Rugby 005B,Anti-social behaviour,,
,2017-11,Warwickshire Police,Warwickshire Police,-1.252636,52.375196,On or near Murray Road,E01031131,Rugby 005B,Anti-social behaviour,,
e495fe36cb8398f6a1e57caf86c00ffcca0d57b32f520d976ee14703435ec6b3,2017-11,Warwickshire Police,Warwickshire Police,-1.252636,52.375196,On or near Murray Road,E01031131,Rugby 005B,Bicycle theft,Investigation complete; no suspect identified,
fa33b31fb2487fc31c8eafe3fc21961f80a0b73610df3ba250bbc489db71e46f,2017-11,Warwickshire Police,Warwickshire Police,-1.251601,52.376466,On or near Craven Road,E01031131,Rugby 005B,Burglary,Investigation complete; no suspect identified,
13dd6ad6ef79b3b1ed328d16340b819145e8457d6004168b3bb4d6fe57780f1a,2017-11,Warwickshire Police,Warwickshire Police,-1.250699,52.374203,On or near Claremont Road,E01031131,Rugby 005B,Burglary,Investigation complete; no suspect identified,
3b2033efe47b037f1c51b1b3179518ee8e73b7241a974d135c8064fac4b1092f,2017-11,Warwickshire Police,Warwickshire Police,-1.249751,52.377272,On or near Sandown Road,E01031131,Rugby 005B,Criminal damage and arson,Status update unavailable,
f29f4f512d79dc16d02a81172501547daa3e919e3fc913fd16443f0b19683b67,2017-11,Warwickshire Police,Warwickshire Police,-1.250699,52.374203,On or near Claremont Road,E01031131,Rugby 005B,Criminal damage and arson,Unable to prosecute suspect,
e8b7bc2ce4793989ec87c694c0c82b3d5603cd7c6d830791d0f813972d643f4b,2017-11,Warwickshire Police,Warwickshire Police,-1.250699,52.374203,On or near Claremont Road,E01031131,Rugby 005B,Robbery,Status update unavailable,
667ac8807be3181e07243ab9f4b75d954ef6bee42bee829afee86dbb3400ce1f,2017-11,Warwickshire Police,Warwickshire Police,-1.248717,52.376780,On or near Sports/Recreation Area,E01031131,Rugby 005B,Vehicle crime,Investigation complete; no suspect identified,
81c05bcbb283b203672dcda01f2cb4a2fc4c79ed050662c2962b3d75c84cb0bc,2017-11,Warwickshire Police,Warwickshire Police,-1.252920,52.376663,On or near Craven Road,E01031131,Rugby 005B,Vehicle crime,Investigation complete; no suspect identified,
3d54fa2421ae5747ac1b7444f53c470e2c4e49b1c8eca891515bd482a5c2ad59,2017-11,Warwickshire Police,Warwickshire Police,-1.249751,52.377272,On or near Sandown Road,E01031131,Rugby 005B,Vehicle crime,Investigation complete; no suspect identified,
54c7a7bd8887e898af1c8faafeb667422c52876894b0ccd3bfdd93bd3928e2da,2017-11,Warwickshire Police,Warwickshire Police,-1.252636,52.375196,On or near Murray Road,E01031131,Rugby 005B,Violence and sexual offences,Unable to prosecute suspect,
4109b0d858a54dcf48fd247d753eeca13a54b9d29cf467337ef85b3648e320d2,2017-11,Warwickshire Police,Warwickshire Police,-1.251933,52.374193,On or near Grosvenor Road,E01031131,Rugby 005B,Violence and sexual offences,Status update unavailable,
3e77d3a09a8e0f6c064b429f9f11dcaff65caf6b3f1690821d7d9895fd49e07b,2017-11,Warwickshire Police,Warwickshire Police,-1.254757,52.376594,On or near Lucas Court,E01031131,Rugby 005B,Violence and sexual offences,Status update unavailable,
c2eb7a277909c24f4d072870b7c44a1c5d0d58a1acc30c187eb6d5ff8ee03dd0,2017-11,Warwickshire Police,Warwickshire Police,-1.254757,52.376594,On or near Lucas Court,E01031131,Rugby 005B,Violence and sexual offences,Status update unavailable,
b62e364a65aa09f4762e7c3ca58a93f0de086629f1c8d390f7c32ca0bbc4607b,2017-11,Warwickshire Police,Warwickshire Police,-1.252920,52.376663,On or near Craven Road,E01031131,Rugby 005B,Violence and sexual offences,Status update unavailable,
5efa0256cb81ac2bdb3436a787e6c20b576ca740896a590036a363e040e069ba,2017-11,Warwickshire Police,Warwickshire Police,-1.251933,52.374193,On or near Grosvenor Road,E01031131,Rugby 005B,Violence and sexual offences,Formal action is not in the public interest,
71bb640bf23df0b9aaab340b89d5992272675dc70027703f1f6abe1dbc42f66f,2017-11,Warwickshire Police,Warwickshire Police,-1.250699,52.374203,On or near Claremont Road,E01031131,Rugby 005B,Violence and sexual offences,Status update unavailable,
20a0aeb0496f4f94e41046c662df14e5c8f374e60f446ec2a1f0fde77ae957ca,2017-11,Warwickshire Police,Warwickshire Police,-1.251933,52.374193,On or near Grosvenor Road,E01031131,Rugby 005B,Other crime,Status update unavailable,
,2017-11,Warwickshire Police,Warwickshire Police,-1.254518,52.374237,On or near Bath Street,E01031132,Rugby 005C,Anti-social behaviour,,
,2017-11,Warwickshire Police,Warwickshire Police,-1.254518,52.374237,On or near Bath Street,E01031132,Rugby 005C,Anti-social behaviour,,
,2017-11,Warwickshire Police,Warwickshire Police,-1.255771,52.375719,On or near Railway Terrace,E01031132,Rugby 005C,Anti-social behaviour,,
,2017-11,Warwickshire Police,Warwickshire Police,-1.252863,52.371358,On or near Earl Street,E01031132,Rugby 005C,Anti-social behaviour,,
,2017-11,Warwickshire Police,Warwickshire Police,-1.252863,52.371358,On or near Earl Street,E01031132,Rugby 005C,Anti-social behaviour,,
93d2f753c2a816e71c3ed4a43ba50ba647ca898b2c750c2756efce83c77399f8,2017-11,Warwickshire Police,Warwickshire Police,-1.256499,52.372604,On or near William Street,E01031132,Rugby 005C,Bicycle theft,Investigation complete; no suspect identified,
eff6741cf2c1be5c0bf4e4fc60e2e1c4f1346a07be09f1283c4309670b0286e3,2017-11,Warwickshire Police,Warwickshire Police,-1.254518,52.374237,On or near Bath Street,E01031132,Rugby 005C,Burglary,Investigation complete; no suspect identified,
023111fa60d538cce6c91fc46d36975d57496a8cf2e781adc8d034ead648b0b4,2017-11,Warwickshire Police,Warwickshire Police,-1.256499,52.372604,On or near William Street,E01031132,Rugby 005C,Criminal damage and arson,Investigation complete; no suspect identified,
5b450b5d9db8ea0a7d392d62516a72187a8682cd958b1274f1a273b454b0f7a9,2017-11,Warwickshire Police,Warwickshire Police,-1.250319,52.371504,On or near Paradise Street,E01031132,Rugby 005C,Criminal damage and arson,Investigation complete; no suspect identified,
da0026f4c58deca6d8ac08fc3886cd176388ec6b287837b8d010b0eccf93f208,2017-11,Warwickshire Police,Warwickshire Police,-1.250319,52.371504,On or near Paradise Street,E01031132,Rugby 005C,Other theft,Investigation complete; no suspect identified,
31dc5ede12aec88addcb47df4be27baf0554c70828ec5acfd062ec56c415ff81,2017-11,Warwickshire Police,Warwickshire Police,-1.256499,52.372604,On or near William Street,E01031132,Rugby 005C,Other theft,Investigation complete; no suspect identified,
2f2b2844cd8f61aec177082a3111ad67c12b87b884c9c320b8c93de9ca99e291,2017-11,Warwickshire Police,Warwickshire Police,-1.252863,52.371358,On or near Earl Street,E01031132,Rugby 005C,Violence and sexual offences,Status update unavailable,
0f0cc94c6dc425f7edd338a1f61edb4a8be17ddc3a7db02515a12a0680b012bb,2017-11,Warwickshire Police,Warwickshire Police,-1.252863,52.371358,On or near Earl Street,E01031132,Rugby 005C,Violence and sexual offences,Unable to prosecute suspect,
0baa857451afc124577dd9832f7907b9660a4b3e275f4221308e1067b85c8c68,2017-11,Warwickshire Police,Warwickshire Police,-1.254518,52.374237,On or near Bath Street,E01031132,Rugby 005C,Violence and sexual offences,Status update unavailable,
f6d2d3f2754ba2b3f540fd052ba6997a6eafe1e7c8681ec3318151a628e4c668,2017-11,Warwickshire Police,Warwickshire Police,-1.252863,52.371358,On or near Earl Street,E01031132,Rugby 005C,Violence and sexual offences,Status update unavailable,
43d55f616b42ea7a9eeb59fdcb180d893097985a789e75f9b7830c15fc30f431,2017-11,Warwickshire Police,Warwickshire Police,-1.252863,52.371358,On or near Earl Street,E01031132,Rugby 005C,Violence and sexual offences,Status update unavailable,
07bd3f92cf639b46e924477298459445807910a6622594c4c6fa9a35717091f8,2017-11,Warwickshire Police,Warwickshire Police,-1.252863,52.371358,On or near Earl Street,E01031132,Rugby 005C,Violence and sexual offences,Status update unavailable,
4ede3a24721efa77a384239b7bb4e3ea148dc9ed081a9c5249b4679d37320dac,2017-11,Warwickshire Police,Warwickshire Police,-1.249378,52.370707,On or near Lower Hillmorton Road,E01031132,Rugby 005C,Violence and sexual offences,Unable to prosecute suspect,
9cd7913396a5b65cc0047e9a4956d14f03bf02d858f1ff4a14c43181790c8467,2017-11,Warwickshire Police,Warwickshire Police,-1.255772,52.373939,On or near Arnold Street,E01031132,Rugby 005C,Violence and sexual offences,Status update unavailable,
,2017-11,Warwickshire Police,Warwickshire Police,-1.242468,52.373657,On or near Clifton Road,E01031133,Rugby 005D,Anti-social behaviour,,
,2017-11,Warwickshire Police,Warwickshire Police,-1.248699,52.373498,On or near Argyle Street,E01031133,Rugby 005D,Anti-social behaviour,,
,2017-11,Warwickshire Police,Warwickshire Police,-1.238912,52.373715,On or near Butlin Road,E01031133,Rugby 005D,Anti-social behaviour,,
3b3bed464e6c910e896ced12d5a08e4cb76c9cac206e0c6e5f284f721f9ac29e,2017-11,Warwickshire Police,Warwickshire Police,-1.241340,52.375205,On or near Biart Place,E01031133,Rugby 005D,Burglary,Status update unavailable,
805af166d1722160216b9a5f2e3ab14ba6ea3665bd89cd7492b8cfd73848c782,2017-11,Warwickshire Police,Warwickshire Police,-1.238912,52.373715,On or near Butlin Road,E01031133,Rugby 005D,Burglary,Investigation complete; no suspect identified,
2081e1613917d6377b6885a5b261b42c8429aa70e6ab19be8366178ac1498415,2017-11,Warwickshire Police,Warwickshire Police,-1.248699,52.373498,On or near Argyle Street,E01031133,Rugby 005D,Other theft,Investigation complete; no suspect identified,
6f8b9d51773d043a740cbb1d216e6b596029a2374ce111c607c49cc7bc71aff8,2017-11,Warwickshire Police,Warwickshire Police,-1.241622,52.371601,On or near Eastlands Place,E01031133,Rugby 005D,Other theft,Status update unavailable,
03236dcecc068a0e954e813abcae469ff5bd4e22c875a2d3b794e682446c71f0,2017-11,Warwickshire Police,Warwickshire Police,-1.247868,52.373143,On or near Smiths Orchard,E01031133,Rugby 005D,Possession of weapons,Formal action is not in the public interest,
55bd4660ce49a033221224ecb639d4dbc1e05214169f3e2e55297a24c65d97ac,2017-11,Warwickshire Police,Warwickshire Police,-1.246771,52.373720,On or near Windsor Street,E01031133,Rugby 005D,Public order,Status update unavailable,
3ae071a211cf58610aa705cce48e69f504b90ab4932bb1f78d50b4a7ec2f44d9,2017-11,Warwickshire Police,Warwickshire Police,-1.241340,52.375205,On or near Biart Place,E01031133,Rugby 005D,Theft from the person,Investigation complete; no suspect identified,
81f8daa79846aa400d0859ca64ad8eb3dcfc3b117510bb29412179ca3ad2f00f,2017-11,Warwickshire Police,Warwickshire Police,-1.246771,52.373720,On or near Windsor Street,E01031133,Rugby 005D,Vehicle crime,Investigation complete; no suspect identified,
1edacbc7a8f7e63a8eef364feae2d14e5e60279db32ef35dce110258e41425d5,2017-11,Warwickshire Police,Warwickshire Police,-1.248699,52.373498,On or near Argyle Street,E01031133,Rugby 005D,Vehicle crime,Investigation complete; no suspect identified,
84e1a6ff124145bd5a911e5518199f287af5478eba30f564337f5c029e6bf411,2017-11,Warwickshire Police,Warwickshire Police,-1.246771,52.373720,On or near Windsor Street,E01031133,Rugby 005D,Vehicle crime,Investigation complete; no suspect identified,
a43ce7d82e251a7ea6372f33b0a8370f94f689188c04512300ee6d363c06d882,2017-11,Warwickshire Police,Warwickshire Police,-1.247868,52.373143,On or near Smiths Orchard,E01031133,Rugby 005D,Violence and sexual offences,Status update unavailable,
d4e14b2cb4285e18917b84f9780013d4bfbb030c868f34f889e98dd39deef2b4,2017-11,Warwickshire Police,Warwickshire Police,-1.248699,52.373498,On or near Argyle Street,E01031133,Rugby 005D,Violence and sexual offences,Unable to prosecute suspect,
569dd973ed0a01842233bed16e3b529626544d35fcc2a2701c894fef8fc0abdb,2017-11,Warwickshire Police,Warwickshire Police,-1.248699,52.373498,On or near Argyle Street,E01031133,Rugby 005D,Violence and sexual offences,Status update unavailable,
c921e071f0a8a6533379bf3c9e0dd48c73b9a88403804651b7a1de2ae75f7058,2017-11,Warwickshire Police,Warwickshire Police,-1.248699,52.373498,On or near Argyle Street,E01031133,Rugby 005D,Violence and sexual offences,Formal action is not in the public interest,
f0c419224f892d8728d747b34a8427dc74cc689b20a0deaf962038daed4688a0,2017-11,Warwickshire Police,Warwickshire Police,-1.247868,52.373143,On or near Smiths Orchard,E01031133,Rugby 005D,Violence and sexual offences,Status update unavailable,
6f19124d8bcff6df5a248ad04ea02635901966d212277ecdd5e85a1d4916b31d,2017-11,Warwickshire Police,Warwickshire Police,-1.248699,52.373498,On or near Argyle Street,E01031133,Rugby 005D,Violence and sexual offences,Status update unavailable,
b1868ed3d0abfcea1aeb63baa141d0d4825ae098158338f41edb442f2716c919,2017-11,Warwickshire Police,Warwickshire Police,-1.248699,52.373498,On or near Argyle Street,E01031133,Rugby 005D,Violence and sexual offences,Unable to prosecute suspect,
1e642606811bfa25c2b67e2c3b190c392f141045a3fc94bed8f555137683c1a3,2017-11,Warwickshire Police,Warwickshire Police,-1.246771,52.373720,On or near Windsor Street,E01031133,Rugby 005D,Violence and sexual offences,Status update unavailable,
93403c72a2dbdeb65f33fbd6c848a4cd157d822926ec0ff27406bd38786799e5,2017-11,Warwickshire Police,Warwickshire Police,-1.248699,52.373498,On or near Argyle Street,E01031133,Rugby 005D,Violence and sexual offences,Status update unavailable,
,2017-11,Warwickshire Police,Warwickshire Police,-1.277180,52.365477,On or near Wentworth Road,E01031167,Rugby 006A,Anti-social behaviour,,
,2017-11,Warwickshire Police,Warwickshire Police,-1.277180,52.365477,On or near Wentworth Road,E01031167,Rugby 006A,Anti-social behaviour,,
,2017-11,Warwickshire Police,Warwickshire Police,-1.277180,52.365477,On or near Wentworth Road,E01031167,Rugby 006A,Anti-social behaviour,,
be8157ab7eb305e74872bf6cd01b2e5ef50df38b127792fc014b35e6fd24fed3,2017-11,Warwickshire Police,Warwickshire Police,-1.277958,52.369959,On or near Sports/Recreation Area,E01031167,Rugby 006A,Other theft,Investigation complete; no suspect identified,
70ddfc76647d3f95ae93306e1411c2d8f60c6b671808c0e3877b36970b02ba21,2017-11,Warwickshire Police,Warwickshire Police,-1.268759,52.368491,On or near Merttens Drive,E01031167,Rugby 006A,Theft from the person,Status update unavailable,
3a50c10f8eeb153fc5bd899037830fd36ee228e6615f82413bde72b132272252,2017-11,Warwickshire Police,Warwickshire Police,-1.267359,52.368752,On or near Firs Drive,E01031167,Rugby 006A,Violence and sexual offences,Formal action is not in the public interest,
641ceab1b4d8b8e8672b1815270b76b881af8f764b956bea2a283469ddebaaac,2017-11,Warwickshire Police,Warwickshire Police,-1.267359,52.368752,On or near Firs Drive,E01031167,Rugby 006A,Violence and sexual offences,Formal action is not in the public interest,
6e270b7ea755614f629f1b9da9db6218c8bcde58b86e60fbcffb4ebc836a0fef,2017-11,Warwickshire Police,Warwickshire Police,-1.274343,52.368273,On or near Bilton Road,E01031167,Rugby 006A,Violence and sexual offences,Status update unavailable,
,2017-11,Warwickshire Police,Warwickshire Police,-1.277926,52.367405,On or near Dunster Close,E01031168,Rugby 006B,Anti-social behaviour,,
,2017-11,Warwickshire Police,Warwickshire Police,-1.278820,52.368481,On or near Farnborough Avenue,E01031168,Rugby 006B,Anti-social behaviour,,
,2017-11,Warwickshire Police,Warwickshire Police,-1.280912,52.369842,On or near Johnson Avenue,E01031168,Rugby 006B,Anti-social behaviour,,
,2017-11,Warwickshire Police,Warwickshire Police,-1.278418,52.367013,On or near Stourhead Road,E01031168,Rugby 006B,Anti-social behaviour,,
,2017-11,Warwickshire Police,Warwickshire Police,-1.277926,52.367405,On or near Dunster Close,E01031168,Rugby 006B,Anti-social behaviour,,
,2017-11,Warwickshire Police,Warwickshire Police,-1.281743,52.366619,On or near Prior Park Road,E01031168,Rugby 006B,Anti-social behaviour,,
,2017-11,Warwickshire Police,Warwickshire Police,-1.277926,52.367405,On or near Dunster Close,E01031168,Rugby 006B,Anti-social behaviour,,
,2017-11,Warwickshire Police,Warwickshire Police,-1.281743,52.366619,On or near Prior Park Road,E01031168,Rugby 006B,Anti-social behaviour,,
,2017-11,Warwickshire Police,Warwickshire Police,-1.279019,52.374290,On or near Addison Road,E01031168,Rugby 006B,Anti-social behaviour,,
,2017-11,Warwickshire Police,Warwickshire Police,-1.282177,52.366146,On or near Supermarket,E01031168,Rugby 006B,Anti-social behaviour,,
,2017-11,Warwickshire Police,Warwickshire Police,-1.279447,52.367828,On or near Sissinghurst Close,E01031168,Rugby 006B,Anti-social behaviour,,
17263f1af247bd88fe735aacdf2e0d8dc6756a7914780fa4556fba8923371f93,2017-11,Warwickshire Police,Warwickshire Police,-1.278418,52.367013,On or near Stourhead Road,E01031168,Rugby 006B,Bicycle theft,Investigation complete; no suspect identified,
7499e99f366562cea406381e9d6eb8c354f83755e8c321e6805b7c10c9519178,2017-11,Warwickshire Police,Warwickshire Police,-1.275648,52.372012,On or near Glebe Crescent,E01031168,Rugby 006B,Burglary,Offender sent to prison,
a0868e3557fcbad55fb523e267cef74f41800cd24067eacb8b48fd9dd9dfc057,2017-11,Warwickshire Police,Warwickshire Police,-1.286534,52.374632,On or near Paynes Lane,E01031168,Rugby 006B,Burglary,Investigation complete; no suspect identified,
ceafc3cbb7ec42c056c682a3c6925c3fc11705f229cf38f0b72d1581b77ef175,2017-11,Warwickshire Police,Warwickshire Police,-1.275648,52.372012,On or near Glebe Crescent,E01031168,Rugby 006B,Burglary,Offender given community sentence,
ec4bd8ec5a408d6c55632501fff69d1e83cffb8cc806d7f3d554db48dad3ce25,2017-11,Warwickshire Police,Warwickshire Police,-1.289879,52.370319,On or near Sports/Recreation Area,E01031168,Rugby 006B,Burglary,Investigation complete; no suspect identified,
a2dfd6de52d2eb4102e6d86027ce49fdbb738f1f771818d0c92dca0ea35827ed,2017-11,Warwickshire Police,Warwickshire Police,-1.275648,52.372012,On or near Glebe Crescent,E01031168,Rugby 006B,Burglary,Investigation complete; no suspect identified,
5f8218822135db41a5ad6592eecb8c51aae1bbec35a669b9c2419f563e8776d0,2017-11,Warwickshire Police,Warwickshire Police,-1.286534,52.374632,On or near Paynes Lane,E01031168,Rugby 006B,Burglary,Investigation complete; no suspect identified,
e22a1f5073a9b07fe4849aa55ea980bb5f6a84a48e2561ee6fe57fefbdbcac09,2017-11,Warwickshire Police,Warwickshire Police,-1.285715,52.371696,On or near Somers Road,E01031168,Rugby 006B,Burglary,Unable to prosecute suspect,
f36bc5d41c624a4cba9fd71792e9892e3c273dd64ad9b62dfa60395dd0a6c6bb,2017-11,Warwickshire Police,Warwickshire Police,-1.280691,52.369022,On or near Knole Close,E01031168,Rugby 006B,Criminal damage and arson,Investigation complete; no suspect identified,
50a9a893189c6072d2f93c330d203f83257133d6790f6aebdfc44a8400569d27,2017-11,Warwickshire Police,Warwickshire Police,-1.281565,52.370340,On or near West View Road,E01031168,Rugby 006B,Criminal damage and arson,Investigation complete; no suspect identified,
f15952c1422580e22443843b8270a4256b9fc2fdaf388366eee992bc5f8d9363,2017-11,Warwickshire Police,Warwickshire Police,-1.284103,52.366930,On or near Park Farm Close,E01031168,Rugby 006B,Criminal damage and arson,Investigation complete; no suspect identified,
ab5e93ab57dae3978eb6b7b091c8ffea31197ba4831b8c39437d479ba5d45e4a,2017-11,Warwickshire Police,Warwickshire Police,-1.284103,52.366930,On or near Park Farm Close,E01031168,Rugby 006B,Criminal damage and arson,Investigation complete; no suspect identified,
94bc15f1f86dbb086967289ef5c59213b4d2e58de5be24c471176b0aaa54562e,2017-11,Warwickshire Police,Warwickshire Police,-1.279019,52.374290,On or near Addison Road,E01031168,Rugby 006B,Criminal damage and arson,Investigation complete; no suspect identified,
3b817ca8b330a5d3c5b62d7657b07640692fe0be28dd117ee4b62c170d4e342e,2017-11,Warwickshire Police,Warwickshire Police,-1.277926,52.367405,On or near Dunster Close,E01031168,Rugby 006B,Criminal damage and arson,Formal action is not in the public interest,
9493c47fe7c4986a37d3b9607a91201cd5154f7b5bd759848180cefb5ccf9c25,2017-11,Warwickshire Police,Warwickshire Police,-1.281743,52.366619,On or near Prior Park Road,E01031168,Rugby 006B,Criminal damage and arson,Investigation complete; no suspect identified,
d5b671bb5071f56a80d29e88675f9564d514f8015e7d10f18ca99cc00ffa3d83,2017-11,Warwickshire Police,Warwickshire Police,-1.278418,52.367013,On or near Stourhead Road,E01031168,Rugby 006B,Other theft,Investigation complete; no suspect identified,
250b97421ff198b79415028bffe2bd5b8dc4ffa95f08c96392124b2f21fd3336,2017-11,Warwickshire Police,Warwickshire Police,-1.281743,52.366619,On or near Prior Park Road,E01031168,Rugby 006B,Other theft,Investigation complete; no suspect identified,
932b8d31d65ce90ccf627349c1de3b2340b28cd405b09baf71e64ca3b06bbb89,2017-11,Warwickshire Police,Warwickshire Police,-1.280691,52.369022,On or near Knole Close,E01031168,Rugby 006B,Public order,Status update unavailable,
c09580ea50cd92474eff3fd02668a7572abf63fbc3fdc43c038cd91ca972ce74,2017-11,Warwickshire Police,Warwickshire Police,-1.279605,52.368980,On or near Hidcote Close,E01031168,Rugby 006B,Vehicle crime,Offender ordered to pay compensation,
e8e45e214f91f8178512d3e1048c7098ce28b89e33838903f56b77f8ab9a9701,2017-11,Warwickshire Police,Warwickshire Police,-1.280691,52.369022,On or near Knole Close,E01031168,Rugby 006B,Vehicle crime,Investigation complete; no suspect identified,
f43ecbfb3ee90b537c6af55583a795306072e588aae2f4e96811fdc5515e8511,2017-11,Warwickshire Police,Warwickshire Police,-1.275648,52.372012,On or near Glebe Crescent,E01031168,Rugby 006B,Vehicle crime,Investigation complete; no suspect identified,
d06b94bb7dbfec66f4da3f76ff7ed745ed7004a7a86d03f56523bb8fa7be9dbf,2017-11,Warwickshire Police,Warwickshire Police,-1.275648,52.372012,On or near Glebe Crescent,E01031168,Rugby 006B,Vehicle crime,Investigation complete; no suspect identified,
66f60d8a0760c6748529ebd6b8d3ec3cb948bf00c0f4452d7060e9efe3f0cd58,2017-11,Warwickshire Police,Warwickshire Police,-1.281743,52.366619,On or near Prior Park Road,E01031168,Rugby 006B,Violence and sexual offences,Status update unavailable,
651bb1199fdeaee47fceed2e39f780f9268ef121c3d623dec295c05600d3735e,2017-11,Warwickshire Police,Warwickshire Police,-1.280691,52.369022,On or near Knole Close,E01031168,Rugby 006B,Violence and sexual offences,Status update unavailable,
fc1342026f4eeb1a48ca790e23bf6af8224ea05b8268b33656d082e0af48d22a,2017-11,Warwickshire Police,Warwickshire Police,-1.281565,52.370340,On or near West View Road,E01031168,Rugby 006B,Violence and sexual offences,Status update unavailable,
a842a54119c46cbbbc5372dc9ae000470bc0e16106afd7a9732c467c4e7b5458,2017-11,Warwickshire Police,Warwickshire Police,-1.281565,52.370340,On or near West View Road,E01031168,Rugby 006B,Violence and sexual offences,Status update unavailable,
8aafda427872038461ac7399d8a979a17d84693fcaf95948049ee26b3c1851bd,2017-11,Warwickshire Police,Warwickshire Police,-1.275648,52.372012,On or near Glebe Crescent,E01031168,Rugby 006B,Violence and sexual offences,Unable to prosecute suspect,
0655dac0d5af70eafca235fd8fe788cd1530867b230920a27d10fbf630e258c8,2017-11,Warwickshire Police,Warwickshire Police,-1.280424,52.371871,On or near Steele Street,E01031168,Rugby 006B,Violence and sexual offences,Unable to prosecute suspect,
28f9defed45607e7105368a0ab0d3f41a40cd5dbca3617eae7a9da71910c66d9,2017-11,Warwickshire Police,Warwickshire Police,-1.281565,52.370340,On or near West View Road,E01031168,Rugby 006B,Violence and sexual offences,Status update unavailable,
2a61d1b5a9a61d9881a6f2fd771f7e1db9c7e30ab27095e041ba0f1b396f50e2,2017-11,Warwickshire Police,Warwickshire Police,-1.277926,52.367405,On or near Dunster Close,E01031168,Rugby 006B,Other crime,Formal action is not in the public interest,
,2017-11,Warwickshire Police,Warwickshire Police,-1.278325,52.375373,On or near Jubilee Street,E01031169,Rugby 006C,Anti-social behaviour,,
a3cd5ac78f21f0084ffccd5c6becd6d71f8b91d6401c1a8a899e8afe25faf158,2017-11,Warwickshire Police,Warwickshire Police,-1.278325,52.375373,On or near Jubilee Street,E01031169,Rugby 006C,Burglary,Investigation complete; no suspect identified,
de625a84f2d44e55d5f5345c687c240f5e63e608724373328943e4d9e26e01c6,2017-11,Warwickshire Police,Warwickshire Police,-1.269956,52.374279,On or near George Street,E01031169,Rugby 006C,Burglary,Investigation complete; no suspect identified,
45881acc33bd0236da33f9183c3d135236ed8fe1008bdd4fc72b2cd7ba5fefce,2017-11,Warwickshire Police,Warwickshire Police,-1.270615,52.375254,On or near Edward Street,E01031169,Rugby 006C,Burglary,Investigation complete; no suspect identified,
c2c720b3710c77d070c5fee974c8719aac8e3666a6919fc542e8443c587ab116,2017-11,Warwickshire Police,Warwickshire Police,-1.278325,52.375373,On or near Jubilee Street,E01031169,Rugby 006C,Criminal damage and arson,Offender given community sentence,
97f8d825b4f38973cc3a356a49c2404ad623bc1034e514e187888267bc418174,2017-11,Warwickshire Police,Warwickshire Police,-1.280745,52.375622,On or near Lawford Bridge Court,E01031169,Rugby 006C,Vehicle crime,Investigation complete; no suspect identified,
5bcd88e54b08814de55ac7f0512b237823e631eb9ff75004f6f3b76e6a3d5b4b,2017-11,Warwickshire Police,Warwickshire Police,-1.273425,52.375919,On or near Gladstone Street,E01031169,Rugby 006C,Violence and sexual offences,Status update unavailable,
8d6c4de509dd3a53e5016d0b7cfad1b1ae33e84af56f7591df949e5097fd609a,2017-11,Warwickshire Police,Warwickshire Police,-1.272683,52.375491,On or near Victoria Avenue,E01031169,Rugby 006C,Violence and sexual offences,Status update unavailable,
,2017-11,Warwickshire Police,Warwickshire Police,-1.268168,52.373126,On or near Clare Court,E01031170,Rugby 006D,Anti-social behaviour,,
,2017-11,Warwickshire Police,Warwickshire Police,-1.268168,52.373126,On or near Clare Court,E01031170,Rugby 006D,Anti-social behaviour,,
dafe6d9f74f445a054585831f3b347ea0b853786712966d1680e393c6ded2cf3,2017-11,Warwickshire Police,Warwickshire Police,-1.273524,52.374373,On or near Bond Street,E01031170,Rugby 006D,Bicycle theft,Investigation complete; no suspect identified,
9f6b6fbf5b0f230a494d01d6dc53b0b0de826281ed56a2321160166a99526faf,2017-11,Warwickshire Police,Warwickshire Police,-1.273524,52.374373,On or near Bond Street,E01031170,Rugby 006D,Bicycle theft,Investigation complete; no suspect identified,
647327e0a9f70a64f433e8f1e9d0a439d83d634649c4f3760eba22498c58cc5c,2017-11,Warwickshire Police,Warwickshire Police,-1.271352,52.373353,On or near Stephen Street,E01031170,Rugby 006D,Burglary,Investigation complete; no suspect identified,
35fbdcd429b8b29fb934b633dd1c33048266f64c512977fe036ceef1dc7a4489,2017-11,Warwickshire Police,Warwickshire Police,-1.268600,52.371007,On or near Vicarage Road,E01031170,Rugby 006D,Burglary,Investigation complete; no suspect identified,
22312bd51474896833c5aa5d459e3bf3e322274dcf38470b83802409b47d09d5,2017-11,Warwickshire Police,Warwickshire Police,-1.270755,52.373915,On or near Bridget Street,E01031170,Rugby 006D,Burglary,Investigation complete; no suspect identified,
2cd8e18833ef9f29b79c8a1e79ecc23f6c1415df495bd54ece053c0a6a0a3f2e,2017-11,Warwickshire Police,Warwickshire Police,-1.271352,52.373353,On or near Stephen Street,E01031170,Rugby 006D,Burglary,Status update unavailable,
285ab45ce8d684148d4c435a81305842a6f1aec6e440a54a8182018fb663cafc,2017-11,Warwickshire Police,Warwickshire Police,-1.274531,52.373876,On or near Victoria Street,E01031170,Rugby 006D,Burglary,Investigation complete; no suspect identified,
466fbc0bfe5ae827cab4a63f3b1ddcbed04d9d1417d63d6be4d12e916676608a,2017-11,Warwickshire Police,Warwickshire Police,-1.273814,52.372801,On or near Easy Lane,E01031170,Rugby 006D,Burglary,Investigation complete; no suspect identified,
88c9a661a20e99528240728cfd946c718a7e950beacf4d932de6ad3987a1109e,2017-11,Warwickshire Police,Warwickshire Police,-1.268600,52.371007,On or near Vicarage Road,E01031170,Rugby 006D,Burglary,Investigation complete; no suspect identified,
6642e30e14e496b947c49c3f07648484ff41b279e3beb63892389635f723f1f0,2017-11,Warwickshire Police,Warwickshire Police,-1.268557,52.371816,On or near Petrol Station,E01031170,Rugby 006D,Criminal damage and arson,Unable to prosecute suspect,
35c24064308d801a52170cebac7fd447cdeb9ead634b23d0000a901446dffed0,2017-11,Warwickshire Police,Warwickshire Police,-1.270755,52.373915,On or near Bridget Street,E01031170,Rugby 006D,Criminal damage and arson,Investigation complete; no suspect identified,
a495cd1cbce63d6d7bed0f489e0082a1771f946cee9b5ef487e39d6c8b22ba05,2017-11,Warwickshire Police,Warwickshire Police,-1.268168,52.373126,On or near Clare Court,E01031170,Rugby 006D,Criminal damage and arson,Investigation complete; no suspect identified,
8d5573d35c850251f6e11c8160aa3c626f74558e39c5b038d305ae0c02bac2c7,2017-11,Warwickshire Police,Warwickshire Police,-1.272437,52.374348,On or near Rowland Street,E01031170,Rugby 006D,Robbery,Status update unavailable,
b1a813b9d311b20bb16468da5b4fd6df87cf92e86b0cd59bc6406c51e272bf45,2017-11,Warwickshire Police,Warwickshire Police,-1.273524,52.374373,On or near Bond Street,E01031170,Rugby 006D,Vehicle crime,Status update unavailable,
0a34cf0adf0e6f81b6a0fa11cc979624ffb0ea71eb59c60c8850b45bd8b5dc76,2017-11,Warwickshire Police,Warwickshire Police,-1.273814,52.372801,On or near Easy Lane,E01031170,Rugby 006D,Violence and sexual offences,Offender otherwise dealt with,
f83128ace0a5a23a484a96da80b87951faa46ff7a026e0fa4bd0168b64e71ce3,2017-11,Warwickshire Police,Warwickshire Police,-1.270755,52.373915,On or near Bridget Street,E01031170,Rugby 006D,Violence and sexual offences,Investigation complete; no suspect identified,
831d1c44c3f2e00e0eeb03a4218899e7404c24f1081abc228db2e675462b9550,2017-11,Warwickshire Police,Warwickshire Police,-1.273524,52.374373,On or near Bond Street,E01031170,Rugby 006D,Violence and sexual offences,Status update unavailable,
,2017-11,Warwickshire Police,Warwickshire Police,-1.287277,52.366815,On or near Beatty Drive,E01031125,Rugby 007A,Anti-social behaviour,,
,2017-11,Warwickshire Police,Warwickshire Police,-1.294419,52.368377,On or near Dreyer Close,E01031125,Rugby 007A,Anti-social behaviour,,
52443181347e55084d367a852cfcaf0b66941f4e86a55feb3035f1fe63b600d4,2017-11,Warwickshire Police,Warwickshire Police,-1.286310,52.366629,On or near Hood'S Way,E01031125,Rugby 007A,Vehicle crime,Investigation complete; no suspect identified,
,2017-11,Warwickshire Police,Warwickshire Police,-1.291916,52.364164,On or near Ditton Close,E01031127,Rugby 007C,Anti-social behaviour,,
,2017-11,Warwickshire Police,Warwickshire Police,-1.292293,52.361738,On or near Queensferry Close,E01031127,Rugby 007C,Anti-social behaviour,,
,2017-11,Warwickshire Police,Warwickshire Police,-1.291916,52.364164,On or near Ditton Close,E01031127,Rugby 007C,Anti-social behaviour,,
,2017-11,Warwickshire Police,Warwickshire Police,-1.294982,52.365315,On or near Grenville Close,E01031127,Rugby 007C,Anti-social behaviour,,
40ae78ddd089d6256c8ca73d182d2eb6cbec70bd8cbf17593865553354d6a2b6,2017-11,Warwickshire Police,Warwickshire Police,-1.294257,52.359161,On or near Parking Area,E01031127,Rugby 007C,Burglary,Investigation complete; no suspect identified,
0b88d56a873956b18d53df7a7f1497e9bee6993efb6a1df068370b4d13d2e817,2017-11,Warwickshire Police,Warwickshire Police,-1.293151,52.360395,On or near Cheshire Close,E01031127,Rugby 007C,Public order,Status update unavailable,
1a65f33998c763774ac62616e196194b302cfbb8cb01a94a96e184729b5d34ee,2017-11,Warwickshire Police,Warwickshire Police,-1.294257,52.359161,On or near Parking Area,E01031127,Rugby 007C,Shoplifting,Unable to prosecute suspect,
743f3f77048b4518f03c434acc07cf1e0bb7bbdc8cff12d0a2c8725e3d3b42d0,2017-11,Warwickshire Police,Warwickshire Police,-1.294257,52.359161,On or near Parking Area,E01031127,Rugby 007C,Shoplifting,Status update unavailable,
c3be8ab14e4728ac1dfa75dfd6792382dca58dda4bcaad945f871e9464671e7e,2017-11,Warwickshire Police,Warwickshire Police,-1.294257,52.359161,On or near Parking Area,E01031127,Rugby 007C,Shoplifting,Investigation complete; no suspect identified,
a9d638dfb0b0e5f199ac5f2e8488b49041d884bd19720e0bc8fa52032b65fc43,2017-11,Warwickshire Police,Warwickshire Police,-1.293998,52.361632,On or near Holyoak Close,E01031127,Rugby 007C,Vehicle crime,Investigation complete; no suspect identified,
b7f830027477be9de5dd9af7f45f8c65e02b0b059815a72d25214e19c7b49e7b,2017-11,Warwickshire Police,Warwickshire Police,-1.291916,52.364164,On or near Ditton Close,E01031127,Rugby 007C,Vehicle crime,Investigation complete; no suspect identified,
a1e099f98c07f85342553686043d09f443e552cd09ef7e093f08ae0daf24e819,2017-11,Warwickshire Police,Warwickshire Police,-1.293338,52.358787,On or near Main Street,E01031127,Rugby 007C,Vehicle crime,Status update unavailable,
9335ed954ab2c4c304e6d282623010a4406e527647733cd70ebc84d1725d004b,2017-11,Warwickshire Police,Warwickshire Police,-1.294680,52.358471,On or near Alwyn Road,E01031127,Rugby 007C,Violence and sexual offences,Status update unavailable,
6bf36e974fa4af444ac3a57d533db1a65f7ed4d63279e7d2f51c47eab833a914,2017-11,Warwickshire Police,Warwickshire Police,-1.294058,52.359708,On or near Parking Area,E01031127,Rugby 007C,Violence and sexual offences,Formal action is not in the public interest,
3dd73b74d4abf41119607bef27f2560a25c97a366c867e010dd9d354d77cd5bc,2017-11,Warwickshire Police,Warwickshire Police,-1.291916,52.364164,On or near Ditton Close,E01031127,Rugby 007C,Violence and sexual offences,Status update unavailable,
3d9e205250233701b019f4c0cbf05d4afb13224ea8dda15fb63018175bdf5f85,2017-11,Warwickshire Police,Warwickshire Police,-1.291916,52.364164,On or near Ditton Close,E01031127,Rugby 007C,Violence and sexual offences,Status update unavailable,
935024dcb0fa8fb0201462ac48744b6ef7ba61bcb2c8b77162f903ce6796db55,2017-11,Warwickshire Police,Warwickshire Police,-1.291916,52.364164,On or near Ditton Close,E01031127,Rugby 007C,Violence and sexual offences,Formal action is not in the public interest,
22c93c25ed0e4255dc78f161881e9b0734c5c6982e56da89aba190c8ec14d197,2017-11,Warwickshire Police,Warwickshire Police,-1.294257,52.359161,On or near Parking Area,E01031127,Rugby 007C,Violence and sexual offences,Status update unavailable,
90b6e0a44b7e5c6fe5cc36911c0029fd41f32d49c4669ed927c9b5b8e036f68c,2017-11,Warwickshire Police,Warwickshire Police,-1.293998,52.361632,On or near Holyoak Close,E01031127,Rugby 007C,Violence and sexual offences,Status update unavailable,
6e1740fb5da2322bde73e086625990575f8a3175c78131e42e574f012214ad9b,2017-11,Warwickshire Police,Warwickshire Police,-1.291916,52.364164,On or near Ditton Close,E01031127,Rugby 007C,Violence and sexual offences,Status update unavailable,
17fb480ff06b9c3e6f1d43441236cdb49df10a5a2d4d68de0e0fbd276c696aba,2017-11,Warwickshire Police,Warwickshire Police,-1.291916,52.364164,On or near Ditton Close,E01031127,Rugby 007C,Violence and sexual offences,Status update unavailable,
e453180e3dba89220eebe3679103d1e44116b3abc5873bf34bc5772b76ab751b,2017-11,Warwickshire Police,Warwickshire Police,-1.293998,52.361632,On or near Holyoak Close,E01031127,Rugby 007C,Violence and sexual offences,Status update unavailable,
531f4e55b9d7f6635925cf2e1f2d77579dc4abc00ed50d17dee7984f1fd1e0d3,2017-11,Warwickshire Police,Warwickshire Police,-1.295620,52.363970,On or near Rodney Close,E01031127,Rugby 007C,Violence and sexual offences,Status update unavailable,
9cd7dd8b631e17d1046b3e1b7537fa9eb5619599c14039f000e5329759aabffc,2017-11,Warwickshire Police,Warwickshire Police,-1.293883,52.363312,On or near Montgomery Drive,E01031127,Rugby 007C,Violence and sexual offences,Unable to prosecute suspect,
3a8b0507b09676d12ac802b1f2d4442416c63383167977c6e47bf5215eb6db42,2017-11,Warwickshire Police,Warwickshire Police,-1.291916,52.364164,On or near Ditton Close,E01031127,Rugby 007C,Violence and sexual offences,Status update unavailable,
991588fe7d55286d9427354605300a9884284f186ea4a86a02a95c2928ae311e,2017-11,Warwickshire Police,Warwickshire Police,-1.293998,52.361632,On or near Holyoak Close,E01031127,Rugby 007C,Other crime,Status update unavailable,
,2017-11,Warwickshire Police,Warwickshire Police,-1.298591,52.382220,On or near Tamar Close,E01031164,Rugby 007D,Anti-social behaviour,,
,2017-11,Warwickshire Police,Warwickshire Police,-1.298047,52.375771,On or near Briars Close,E01031164,Rugby 007D,Anti-social behaviour,,
ccc9e198a7e77b19e9d395dc8f74a229119e97e9b93e10e6fe5787f2834b390c,2017-11,Warwickshire Police,Warwickshire Police,-1.298958,52.377628,On or near Redhill Road,E01031164,Rugby 007D,Criminal damage and arson,Investigation complete; no suspect identified,
290134d9159bca9dec3872c3286819a64224ec2852ce28414fb5a45e06169dc5,2017-11,Warwickshire Police,Warwickshire Police,-1.295034,52.379583,On or near Weaver Drive,E01031164,Rugby 007D,Criminal damage and arson,Offender otherwise dealt with,
fa4c973f3c8d51fff64fa1482a7b7b035d7e3c1f08bd8a7bde937a0110755414,2017-11,Warwickshire Police,Warwickshire Police,-1.297368,52.379668,On or near Lauderdale Close,E01031164,Rugby 007D,Criminal damage and arson,Status update unavailable,
39a21a70cda200748699c5f22da12534f3a7f21f972c041ddd229673155a1fc3,2017-11,Warwickshire Police,Warwickshire Police,-1.310684,52.377400,On or near The Green,E01031164,Rugby 007D,Other theft,Investigation complete; no suspect identified,
107f01c92efc532549ebd971724d84f0e68f9f4c80e40edb6e045ce1506460f7,2017-11,Warwickshire Police,Warwickshire Police,-1.304747,52.377581,On or near Back Lane,E01031164,Rugby 007D,Public order,Status update unavailable,
60db6a60ac127bf651b69ffcdd2c7b2c03b716858650d3731a43f3f67ab7fb6e,2017-11,Warwickshire Police,Warwickshire Police,-1.298958,52.377628,On or near Redhill Road,E01031164,Rugby 007D,Vehicle crime,Court result unavailable,
7f3731b6bdaaefd783d2846afa6a82f367e69f6a1f99961b0abf56ac5c89f1be,2017-11,Warwickshire Police,Warwickshire Police,-1.297734,52.381594,On or near Tove Court,E01031164,Rugby 007D,Violence and sexual offences,Status update unavailable,
174b01948605e3179d5d2e6717a073cab53295bb30358ad14a652b9a1f72eb8f,2017-11,Warwickshire Police,Warwickshire Police,-1.310242,52.379367,On or near Badger Close,E01031164,Rugby 007D,Violence and sexual offences,Action to be taken by another organisation,
7a315018e89abf5dd0d8ab468b833d22772d5f2d212e7bc9be457e3134874b2a,2017-11,Warwickshire Police,Warwickshire Police,-1.298591,52.382220,On or near Tamar Close,E01031164,Rugby 007D,Violence and sexual offences,Unable to prosecute suspect,
fe23a0b91ea7652085acc6b6eab1cc4cf5231ede6cef6d510853943c4daacfa3,2017-11,Warwickshire Police,Warwickshire Police,-1.304747,52.377581,On or near Back Lane,E01031164,Rugby 007D,Violence and sexual offences,Status update unavailable,
c0f8d6cb6953bcb5babc504f4fcb384d47389109941c6c20bfe9f35830b6d922,2017-11,Warwickshire Police,Warwickshire Police,-1.304747,52.377581,On or near Back Lane,E01031164,Rugby 007D,Violence and sexual offences,Unable to prosecute suspect,
,2017-11,Warwickshire Police,Warwickshire Police,-1.307280,52.381858,On or near Cross Street,E01031165,Rugby 007E,Anti-social behaviour,,
,2017-11,Warwickshire Police,Warwickshire Police,-1.306397,52.380081,On or near School Street,E01031165,Rugby 007E,Anti-social behaviour,,
,2017-11,Warwickshire Police,Warwickshire Police,-1.320802,52.392032,On or near Little Lawford Lane,E01031165,Rugby 007E,Anti-social behaviour,,
,2017-11,Warwickshire Police,Warwickshire Police,-1.301084,52.381632,On or near Holbrook Road,E01031165,Rugby 007E,Anti-social behaviour,,
f45f7a9733d3ae53e9ac706fb4c0075596273eba27a58e5d3b15cee2e78485a1,2017-11,Warwickshire Police,Warwickshire Police,-1.307280,52.381858,On or near Cross Street,E01031165,Rugby 007E,Burglary,Investigation complete; no suspect identified,
8c20a09b69e54a995c1294db6cbb93b8f86ca245f582724078d8a26846122fb5,2017-11,Warwickshire Police,Warwickshire Police,-1.309018,52.381580,On or near Judge Close,E01031165,Rugby 007E,Burglary,Investigation complete; no suspect identified,
e049c7d2e5b93a36bb30601d5bf48080f4cb38120f5815bc3d63e39dd565ac97,2017-11,Warwickshire Police,Warwickshire Police,-1.304152,52.381749,On or near Boyce Way,E01031165,Rugby 007E,Criminal damage and arson,Investigation complete; no suspect identified,
2644eb8f01412848df9f4701d9cb555d67d649452ce98caeaf0953a5fe358532,2017-11,Warwickshire Police,Warwickshire Police,-1.303485,52.382123,On or near Round Avenue,E01031165,Rugby 007E,Criminal damage and arson,Investigation complete; no suspect identified,
b37e9d2cb018755f8af3a3ebf1d566aa80bbf6604224521892e31b17e96274de,2017-11,Warwickshire Police,Warwickshire Police,-1.303485,52.382123,On or near Round Avenue,E01031165,Rugby 007E,Criminal damage and arson,Investigation complete; no suspect identified,
ebf9f69424fbddc7d42a52883a1cdab64f4ee607b07c1f2425ebabcb4f675e85,2017-11,Warwickshire Police,Warwickshire Police,-1.320802,52.392032,On or near Little Lawford Lane,E01031165,Rugby 007E,Drugs,Offender given penalty notice,
039ada153029485cfd8ebe1299ccf254e293652e693d4c900db8f321e588c4a1,2017-11,Warwickshire Police,Warwickshire Police,-1.343360,52.349330,On or near Coalpit Lane,E01031165,Rugby 007E,Other theft,Investigation complete; no suspect identified,
49aa367a805a314ff07d78cc07148bd1a156b45b222726a468d0ad692de5087f,2017-11,Warwickshire Police,Warwickshire Police,-1.306397,52.380081,On or near School Street,E01031165,Rugby 007E,Shoplifting,Investigation complete; no suspect identified,
c88ae82ee1880e8ee4a5d0c301f15c3f5c3613895f3bffd0eef1961781c6e58b,2017-11,Warwickshire Police,Warwickshire Police,-1.306397,52.380081,On or near School Street,E01031165,Rugby 007E,Violence and sexual offences,Investigation complete; no suspect identified,
460693e61b32d29f7fa71c5332c8532c0b4e6e9fda77e1c79b53514723aae5ac,2017-11,Warwickshire Police,Warwickshire Police,-1.304666,52.382705,On or near Hirst Close,E01031165,Rugby 007E,Violence and sexual offences,Unable to prosecute suspect,
4655405839cd74fa7123ffa470f63163608dd82dcfc10abb3e0a24fe3541d035,2017-11,Warwickshire Police,Warwickshire Police,-1.309018,52.381580,On or near Judge Close,E01031165,Rugby 007E,Violence and sexual offences,Unable to prosecute suspect,
2048679911d4257adce39dc1b724aa6f68012ca8d0a7905bf62d857450c64746,2017-11,Warwickshire Police,Warwickshire Police,-1.306397,52.380081,On or near School Street,E01031165,Rugby 007E,Other crime,Investigation complete; no suspect identified,
,2017-11,Warwickshire Police,Warwickshire Police,-1.303690,52.356933,On or near Edwin Close,E01032893,Rugby 007F,Anti-social behaviour,,
,2017-11,Warwickshire Police,Warwickshire Police,-1.298511,52.355761,On or near Lime Tree Avenue,E01032893,Rugby 007F,Anti-social behaviour,,
c22d6705c1011db61d93e7bd011d5a0357bdd0ef8a6e7af8365e74d1f1cf362c,2017-11,Warwickshire Police,Warwickshire Police,-1.307496,52.360498,On or near Alicia Close,E01032893,Rugby 007F,Violence and sexual offences,Local resolution,
8ef42ffd1802e8dce2b8b10c00e5c6ce67cc7d2b31f03f378e8a584ccc1bfaa5,2017-11,Warwickshire Police,Warwickshire Police,-1.303949,52.360108,On or near Wortley Close,E01032893,Rugby 007F,Violence and sexual offences,Status update unavailable,
,2017-11,Warwickshire Police,Warwickshire Police,-1.304158,52.364524,On or near Oatland Drive,E01032894,Rugby 007G,Anti-social behaviour,,
5487124aada3693cd9ea1911c8903e9b3e92ef50606b448c736319f769d445e2,2017-11,Warwickshire Police,Warwickshire Police,-1.302154,52.360323,On or near Calvestone Road,E01032894,Rugby 007G,Criminal damage and arson,Unable to prosecute suspect,
b5c5e8f21af61af926ecdad886d0fb34bb4e84c50e5dac45c31771e2fda90a98,2017-11,Warwickshire Police,Warwickshire Police,-1.304824,52.363278,On or near Cavendish Close,E01032894,Rugby 007G,Criminal damage and arson,Formal action is not in the public interest,
5caeec4e7c049f730aac4ecb6b1e30961882ac1cd155aed9ce1b6fe267b3d336,2017-11,Warwickshire Police,Warwickshire Police,-1.300051,52.364239,On or near Dorset Close,E01032894,Rugby 007G,Other theft,Investigation complete; no suspect identified,
db8fb1415a5ec0d09ab22236a465ecfa4c73386a45c5a5cfde64d67391214644,2017-11,Warwickshire Police,Warwickshire Police,-1.304465,52.363681,On or near Whitefriars Drive,E01032894,Rugby 007G,Other theft,Investigation complete; no suspect identified,
5b04186bca0bf522d3a83b65701217b9ad7f4e69a50bff71f8f54c2b45dd861b,2017-11,Warwickshire Police,Warwickshire Police,-1.298737,52.363737,On or near Devonshire Close,E01032894,Rugby 007G,Vehicle crime,Investigation complete; no suspect identified,
890441b0f78bbacb681d367fb57413924f53f2913fdafa981909e05c1fbae59d,2017-11,Warwickshire Police,Warwickshire Police,-1.296597,52.363508,On or near Lawford Lane,E01032895,Rugby 007H,Public order,Status update unavailable,
f16c22713703e8280d33bf4ccf6e1601a4c62337abfbf001c1ae7a232e8b85db,2017-11,Warwickshire Police,Warwickshire Police,-1.296597,52.363508,On or near Lawford Lane,E01032895,Rugby 007H,Public order,Status update unavailable,
4f38bee155eb434da01bc8e6207a301c869e57f036a2fa990fde1a784cfa8f32,2017-11,Warwickshire Police,Warwickshire Police,-1.295627,52.366334,On or near Barrington Road,E01032895,Rugby 007H,Vehicle crime,Investigation complete; no suspect identified,
dc82d1e239c4a56abb63014cbffe0295f0f6bcaab2c48dfa2ad4708d71b5aa13,2017-11,Warwickshire Police,Warwickshire Police,-1.300924,52.365710,On or near Pear Tree Way,E01032895,Rugby 007H,Violence and sexual offences,Status update unavailable,
aa579867b0d5c3fa0117cc9654b7774d7e674be79e3cdbfd4c1e39b749d28b96,2017-11,Warwickshire Police,Warwickshire Police,-1.296597,52.363508,On or near Lawford Lane,E01032895,Rugby 007H,Violence and sexual offences,Status update unavailable,
615ac83abbe3d8aea4168be4d65e6e200697578749f81a46c2bae3a00284fac0,2017-11,Warwickshire Police,Warwickshire Police,-1.298943,52.367442,On or near Apple Grove,E01032895,Rugby 007H,Violence and sexual offences,Status update unavailable,
1a60d747f8929a9b3fb00e71c203f973ee3bcf112835edcda325aa7153e817f3,2017-11,Warwickshire Police,Warwickshire Police,-1.296597,52.363508,On or near Lawford Lane,E01032895,Rugby 007H,Other crime,Status update unavailable,
6fe9b585e3c7dc4f43d2da065276d8b3f086ad8853eeadc3dfbd9e301926f425,2017-11,Warwickshire Police,Warwickshire Police,-1.243059,52.358853,On or near Braunston Place,E01031155,Rugby 008A,Burglary,Investigation complete; no suspect identified,
36645318d54fe8e4bf48928a66173143772b89cb305a648e2109e62fbcd975de,2017-11,Warwickshire Police,Warwickshire Police,-1.237854,52.359260,On or near Everdon Close,E01031155,Rugby 008A,Robbery,Investigation complete; no suspect identified,
6656a3d1cb4022a2e05fc03580264bdcc1e8dd53f60da5def7fb2636219bbde2,2017-11,Warwickshire Police,Warwickshire Police,-1.241524,52.361046,On or near Oval Road,E01031155,Rugby 008A,Vehicle crime,Investigation complete; no suspect identified,
38293ffde0c56601ffd8a3a4b82e3b871a06af7dd82adfafb9132707ea17ed93,2017-11,Warwickshire Police,Warwickshire Police,-1.239962,52.362187,On or near Bowen Road,E01031155,Rugby 008A,Violence and sexual offences,Status update unavailable,
,2017-11,Warwickshire Police,Warwickshire Police,-1.250414,52.365904,On or near Cromwell Road,E01031156,Rugby 008B,Anti-social behaviour,,
,2017-11,Warwickshire Police,Warwickshire Police,-1.248037,52.365754,On or near Blossom Way,E01031156,Rugby 008B,Anti-social behaviour,,
b187c6ff6c92eff9ccf583c808063d8e035ad5efa569b388827c47ea47f11db4,2017-11,Warwickshire Police,Warwickshire Police,-1.249360,52.364854,On or near Naseby Road,E01031156,Rugby 008B,Burglary,Investigation complete; no suspect identified,
56294a8be3d18a30299a26da7753e421436ccae14169fa6b6449356bffbc621e,2017-11,Warwickshire Police,Warwickshire Police,-1.249360,52.364854,On or near Naseby Road,E01031156,Rugby 008B,Burglary,Status update unavailable,
5450990166259413308d1e9510ff88d0aa65e9649749b2623dc41d6f03bec278,2017-11,Warwickshire Police,Warwickshire Police,-1.244145,52.367482,On or near Richmond Road,E01031157,Rugby 008C,Burglary,Investigation complete; no suspect identified,
f05fbd2b81cc0132b51097333f23bc7e7f3df479214689f5ce1c605a47371eac,2017-11,Warwickshire Police,Warwickshire Police,-1.242004,52.369887,On or near Portland Place,E01031157,Rugby 008C,Burglary,Investigation complete; no suspect identified,
117c8c44bcf7899cf36bc238c37962f3bab817aa341265ca7778f61f8b260893,2017-11,Warwickshire Police,Warwickshire Police,-1.245138,52.366104,On or near Deacon Close,E01031157,Rugby 008C,Other theft,Investigation complete; no suspect identified,
9715f3b6c81cd5d0f4fad988b34e4c3b5bead8818816122f337729b637938c97,2017-11,Warwickshire Police,Warwickshire Police,-1.242501,52.366599,On or near Boundary Road,E01031157,Rugby 008C,Vehicle crime,Investigation complete; no suspect identified,
796cdb84719d7ddd49c27975d1681ae65ebffa8e8bc2daa7473c54118e3f7ead,2017-11,Warwickshire Police,Warwickshire Police,-1.245138,52.366104,On or near Deacon Close,E01031157,Rugby 008C,Violence and sexual offences,Status update unavailable,
e0db6db6bd64477529a1ba0bd5261364c986f88f33b8f34ec88ce5f984cb1be5,2017-11,Warwickshire Police,Warwickshire Police,-1.238942,52.366873,On or near Hart Close,E01031157,Rugby 008C,Other crime,Investigation complete; no suspect identified,
,2017-11,Warwickshire Police,Warwickshire Police,-1.231242,52.367920,On or near Loverock Crescent,E01031158,Rugby 008D,Anti-social behaviour,,
30ff659104054d288ac2695de1eb62dfeec2beb3cd68a0cbcac50b1ea74b24e4,2017-11,Warwickshire Police,Warwickshire Police,-1.233317,52.370235,On or near Mckinnell Crescent,E01031158,Rugby 008D,Burglary,Investigation complete; no suspect identified,
3dc337e80c64386d4735126f2905546794c1f93b79f14e710bff6c6fb3260145,2017-11,Warwickshire Police,Warwickshire Police,-1.229221,52.368473,On or near Wise Grove,E01031158,Rugby 008D,Criminal damage and arson,Status update unavailable,
50ceaeb2f7c4af872debf75b0b258dce54299788d0435608a407e9769bce634d,2017-11,Warwickshire Police,Warwickshire Police,-1.233317,52.370235,On or near Mckinnell Crescent,E01031158,Rugby 008D,Criminal damage and arson,Unable to prosecute suspect,
8437a5ee01124870aa27518f9eed312c63af1d2639a750eadafbb7ebf506b29d,2017-11,Warwickshire Police,Warwickshire Police,-1.233154,52.368625,On or near Fleet Crescent,E01031158,Rugby 008D,Violence and sexual offences,Formal action is not in the public interest,
,2017-11,Warwickshire Police,Warwickshire Police,-1.270390,52.350592,On or near Heyford Leys,E01031143,Rugby 009A,Anti-social behaviour,,
,2017-11,Warwickshire Police,Warwickshire Police,-1.266421,52.351790,On or near Brafield Leys,E01031143,Rugby 009A,Anti-social behaviour,,
3eb1335a15dc656ba5da971b033414334ee5a3a61272ca0afa484796bae44966,2017-11,Warwickshire Police,Warwickshire Police,-1.273705,52.350783,On or near Supermarket,E01031143,Rugby 009A,Shoplifting,Offender sent to prison,
4d730fff10c6503a2f36a8763c0ac14f15a79dc43a09ae8e17dbed3a4f53e8c1,2017-11,Warwickshire Police,Warwickshire Police,-1.273705,52.350783,On or near Supermarket,E01031143,Rugby 009A,Shoplifting,Offender given conditional discharge,
093c313494b27c3adaf81b4b09c084ec13200e2c8f760d46a27ea2542625250c,2017-11,Warwickshire Police,Warwickshire Police,-1.271846,52.351329,On or near Ruskin Close,E01031143,Rugby 009A,Vehicle crime,Unable to prosecute suspect,
5e5a8736faadeb1aaa5e65b710fd5ac33b3d39d335ef6aeb7c36e4da3a21771a,2017-11,Warwickshire Police,Warwickshire Police,-1.273705,52.350783,On or near Supermarket,E01031143,Rugby 009A,Violence and sexual offences,Status update unavailable,
61ec9b9ee31b0dbc229182a71aa5bba00574101f2000a6029a9cf731a2a9bad0,2017-11,Warwickshire Police,Warwickshire Police,-1.267150,52.352064,On or near Norton Leys,E01031143,Rugby 009A,Violence and sexual offences,Unable to prosecute suspect,
050fb446eb7863329eb2eece8239f764b476a499c979756b3912702e09dd24bd,2017-11,Warwickshire Police,Warwickshire Police,-1.266421,52.351790,On or near Brafield Leys,E01031143,Rugby 009A,Violence and sexual offences,Status update unavailable,
,2017-11,Warwickshire Police,Warwickshire Police,-1.259644,52.372489,On or near Nightclub,E01031144,Rugby 009B,Anti-social behaviour,,
,2017-11,Warwickshire Police,Warwickshire Police,-1.259644,52.372489,On or near Nightclub,E01031144,Rugby 009B,Anti-social behaviour,,
,2017-11,Warwickshire Police,Warwickshire Police,-1.247587,52.368061,On or near Petrol Station,E01031144,Rugby 009B,Anti-social behaviour,,
,2017-11,Warwickshire Police,Warwickshire Police,-1.261900,52.371082,On or near Nightclub,E01031144,Rugby 009B,Anti-social behaviour,,
,2017-11,Warwickshire Police,Warwickshire Police,-1.262052,52.371704,On or near Shopping Area,E01031144,Rugby 009B,Anti-social behaviour,,
,2017-11,Warwickshire Police,Warwickshire Police,-1.262052,52.371704,On or near Shopping Area,E01031144,Rugby 009B,Anti-social behaviour,,
,2017-11,Warwickshire Police,Warwickshire Police,-1.262052,52.371704,On or near Shopping Area,E01031144,Rugby 009B,Anti-social behaviour,,
,2017-11,Warwickshire Police,Warwickshire Police,-1.262052,52.371704,On or near Shopping Area,E01031144,Rugby 009B,Anti-social behaviour,,
,2017-11,Warwickshire Police,Warwickshire Police,-1.259644,52.372489,On or near Nightclub,E01031144,Rugby 009B,Anti-social behaviour,,
,2017-11,Warwickshire Police,Warwickshire Police,-1.261900,52.371082,On or near Nightclub,E01031144,Rugby 009B,Anti-social behaviour,,
5d3ff6ee679992755e0dac970b3281a0ef7cfbae6352ed1a14b780cf0dc4e4d8,2017-11,Warwickshire Police,Warwickshire Police,-1.251912,52.370264,On or near Morton Gardens,E01031144,Rugby 009B,Burglary,Unable to prosecute suspect,
5cd62ba2bf01a3b04eeb6dbc169822267de3875d26f4ebbad0aa4608c406751d,2017-11,Warwickshire Police,Warwickshire Police,-1.253368,52.364906,On or near Trevor White Drive,E01031144,Rugby 009B,Criminal damage and arson,Status update unavailable,
ed48736c208414e35f75a41476f5927ca5f2e933eb394829b82b11a0dbdde822,2017-11,Warwickshire Police,Warwickshire Police,-1.261900,52.371082,On or near Nightclub,E01031144,Rugby 009B,Criminal damage and arson,Local resolution,
d466271c4371d497a8b52f33a61642c519b960892c512c8a2d6f9fc53c5f232d,2017-11,Warwickshire Police,Warwickshire Police,-1.262052,52.371704,On or near Shopping Area,E01031144,Rugby 009B,Drugs,Offender given a caution,
430e9f0770a929156362aec560010374897127f5dee450f704651c7997de7ec5,2017-11,Warwickshire Police,Warwickshire Police,-1.253368,52.364906,On or near Trevor White Drive,E01031144,Rugby 009B,Other theft,Investigation complete; no suspect identified,
cc4c837e00f1df748f33440b0be00844dc86a88e6917a176dfdd8cf5adbb3512,2017-11,Warwickshire Police,Warwickshire Police,-1.262052,52.371704,On or near Shopping Area,E01031144,Rugby 009B,Public order,Court result unavailable,
5495f89e73eaa25d9776ad4c4d8352124b01eec514dad2b167022374390b5191,2017-11,Warwickshire Police,Warwickshire Police,-1.262052,52.371704,On or near Shopping Area,E01031144,Rugby 009B,Robbery,Investigation complete; no suspect identified,
98c37ce3eebd88523651f4e2c3da8323ce546f2c60d12c8887f34659ae12cfbd,2017-11,Warwickshire Police,Warwickshire Police,-1.262052,52.371704,On or near Shopping Area,E01031144,Rugby 009B,Robbery,Status update unavailable,
60e387d7d1ecbbce2c9f601008f5a4de751efdd67ed1ef1ccef2ba14d3611897,2017-11,Warwickshire Police,Warwickshire Police,-1.255999,52.371765,On or near Clifton Road,E01031144,Rugby 009B,Shoplifting,Status update unavailable,
19745099b0fbd1e41c13fe3c33d23898edfce4ed10790739a0ec25db1ec670c9,2017-11,Warwickshire Police,Warwickshire Police,-1.255999,52.371765,On or near Clifton Road,E01031144,Rugby 009B,Shoplifting,Investigation complete; no suspect identified,
64fb412678d9b9bc1f711cd878a5ee68fa4f8f233b476f01c27ef175fcc7f091,2017-11,Warwickshire Police,Warwickshire Police,-1.255999,52.371765,On or near Clifton Road,E01031144,Rugby 009B,Shoplifting,Investigation complete; no suspect identified,
4de0d0a4698e1937a8379ffc0716a2c09e1ab35ac6d5b54fa5466e35f0247398,2017-11,Warwickshire Police,Warwickshire Police,-1.262052,52.371704,On or near Shopping Area,E01031144,Rugby 009B,Theft from the person,Investigation complete; no suspect identified,
221bf720a1673ad79b9fbcb06fb7caef0067f47fe54e77237ff290dafe2a0a70,2017-11,Warwickshire Police,Warwickshire Police,-1.253368,52.364906,On or near Trevor White Drive,E01031144,Rugby 009B,Violence and sexual offences,Status update unavailable,
e943a077c18dec16217e274eb0c0483146c0491dd3fa02c43686267a2802a44d,2017-11,Warwickshire Police,Warwickshire Police,-1.259644,52.372489,On or near Nightclub,E01031144,Rugby 009B,Violence and sexual offences,Unable to prosecute suspect,
2ff1e39790a63628461592b08e98a7caa9b96a8accf9f78105e812cd1038fc48,2017-11,Warwickshire Police,Warwickshire Police,-1.259644,52.372489,On or near Nightclub,E01031144,Rugby 009B,Violence and sexual offences,Status update unavailable,
f281ae9759d7fd88fe0421dd8d9bd60cf39f89491776d47ec428da6ed25e08b7,2017-11,Warwickshire Police,Warwickshire Police,-1.262052,52.371704,On or near Shopping Area,E01031144,Rugby 009B,Violence and sexual offences,Unable to prosecute suspect,
8a3182a0f2779ad6738e160a9f39bdd48a9ab05504e76ba5fb18b71416920031,2017-11,Warwickshire Police,Warwickshire Police,-1.259644,52.372489,On or near Nightclub,E01031144,Rugby 009B,Violence and sexual offences,Status update unavailable,
0e9a318b5071b132355819cf8000015224560cd604b7ca4a504e6b6532f3b0a2,2017-11,Warwickshire Police,Warwickshire Police,-1.262052,52.371704,On or near Shopping Area,E01031144,Rugby 009B,Violence and sexual offences,Status update unavailable,
01d94f3397fc8bd73ce19ae4baaa93ca6254515e87dbc18678fdad7f84a1d08a,2017-11,Warwickshire Police,Warwickshire Police,-1.262052,52.371704,On or near Shopping Area,E01031144,Rugby 009B,Violence and sexual offences,Offender given a caution,
827b9da00197e117f60fedebcb0a42bfa8981df5a1d2c0ce6214784aba97b152,2017-11,Warwickshire Police,Warwickshire Police,-1.262052,52.371704,On or near Shopping Area,E01031144,Rugby 009B,Violence and sexual offences,Investigation complete; no suspect identified,
6bad9bb53611294692adf253c0dd6691835876f002d3faab6e38294590c1339a,2017-11,Warwickshire Police,Warwickshire Police,-1.261900,52.371082,On or near Nightclub,E01031144,Rugby 009B,Violence and sexual offences,Status update unavailable,
,2017-11,Warwickshire Police,Warwickshire Police,-1.263774,52.371454,On or near Drury Lane,E01031145,Rugby 009C,Anti-social behaviour,,
,2017-11,Warwickshire Police,Warwickshire Police,-1.262874,52.371700,On or near Supermarket,E01031145,Rugby 009C,Anti-social behaviour,,
,2017-11,Warwickshire Police,Warwickshire Police,-1.262874,52.371700,On or near Supermarket,E01031145,Rugby 009C,Anti-social behaviour,,
,2017-11,Warwickshire Police,Warwickshire Police,-1.263286,52.370776,On or near Lawrence Sheriff Street,E01031145,Rugby 009C,Anti-social behaviour,,
,2017-11,Warwickshire Police,Warwickshire Police,-1.262874,52.371700,On or near Supermarket,E01031145,Rugby 009C,Anti-social behaviour,,
,2017-11,Warwickshire Police,Warwickshire Police,-1.262874,52.371700,On or near Supermarket,E01031145,Rugby 009C,Anti-social behaviour,,
,2017-11,Warwickshire Police,Warwickshire Police,-1.261616,52.366118,On or near Dickinson Court,E01031145,Rugby 009C,Anti-social behaviour,,
,2017-11,Warwickshire Police,Warwickshire Police,-1.262874,52.371700,On or near Supermarket,E01031145,Rugby 009C,Anti-social behaviour,,
,2017-11,Warwickshire Police,Warwickshire Police,-1.263479,52.365338,On or near Beaconsfield Avenue,E01031145,Rugby 009C,Anti-social behaviour,,
,2017-11,Warwickshire Police,Warwickshire Police,-1.262874,52.371700,On or near Supermarket,E01031145,Rugby 009C,Anti-social behaviour,,
dc6c4d86c37f2927c58feb617f571d4ddbacc2f6eaa50d472a3a67e91c0d4819,2017-11,Warwickshire Police,Warwickshire Police,-1.265367,52.371095,On or near Bloxam Place,E01031145,Rugby 009C,Bicycle theft,Investigation complete; no suspect identified,
83934f48b0761dd4c58fb353a29cac63e07e9ac7d58c45c59a865f3a3e2af343,2017-11,Warwickshire Police,Warwickshire Police,-1.261616,52.366118,On or near Dickinson Court,E01031145,Rugby 009C,Burglary,Investigation complete; no suspect identified,
91cd65e06daf1fdb10ab9c54f65f17b07ff3926f87a6ee4f54f8e999b846a097,2017-11,Warwickshire Police,Warwickshire Police,-1.266775,52.365017,On or near Hibbert Close,E01031145,Rugby 009C,Burglary,Investigation complete; no suspect identified,
9d442a6d8046bfe5bd11bcb89dd35310a937e9b11c7797a38d406aec5c2dbb17,2017-11,Warwickshire Police,Warwickshire Police,-1.266005,52.369804,On or near Russelsheim Way,E01031145,Rugby 009C,Criminal damage and arson,Investigation complete; no suspect identified,
c718f0b9ec10261c9cfc951ab0541e441e6c0c0d9e7b5c84cd0fd55f399a0541,2017-11,Warwickshire Police,Warwickshire Police,-1.261616,52.366118,On or near Dickinson Court,E01031145,Rugby 009C,Criminal damage and arson,Investigation complete; no suspect identified,
558271ab4a3c3c4cb5e578af29b06060b63860b978ffda136b4d286c996b5890,2017-11,Warwickshire Police,Warwickshire Police,-1.263286,52.370776,On or near Lawrence Sheriff Street,E01031145,Rugby 009C,Drugs,Unable to prosecute suspect,
3a6a80cf1b5c8d7021c86b0fe3feb1a748f6122157d22bd5f8e3af54f7290515,2017-11,Warwickshire Police,Warwickshire Police,-1.263286,52.370776,On or near Lawrence Sheriff Street,E01031145,Rugby 009C,Other theft,Action to be taken by another organisation,
4a90321fbb6e6121af1e7e9b7e861bf1bbec1221a5d9986d4ea0ce63b2c56025,2017-11,Warwickshire Police,Warwickshire Police,-1.265367,52.371095,On or near Bloxam Place,E01031145,Rugby 009C,Other theft,Investigation complete; no suspect identified,
33096d5ac4564a3fcf313102a9031f16c943ca8f04cf717b7a6b213a0945c864,2017-11,Warwickshire Police,Warwickshire Police,-1.262874,52.371700,On or near Supermarket,E01031145,Rugby 009C,Public order,Status update unavailable,
3e8a341de8f96e8070ccc5d74bb2849b3f48b8e6a2df619497fb8821c8d741f6,2017-11,Warwickshire Police,Warwickshire Police,-1.263286,52.370776,On or near Lawrence Sheriff Street,E01031145,Rugby 009C,Theft from the person,Investigation complete; no suspect identified,
aad5a322f2a2fd7baf538fbc4abc4b3866d4ff1a3d77e6e664e07678394a28e5,2017-11,Warwickshire Police,Warwickshire Police,-1.263286,52.370776,On or near Lawrence Sheriff Street,E01031145,Rugby 009C,Theft from the person,Investigation complete; no suspect identified,
fcc61d845d035da5e74efc1e614ff1c22f610c231798b243d34a7e23ee8c6501,2017-11,Warwickshire Police,Warwickshire Police,-1.265181,52.370752,On or near Warwick Street,E01031145,Rugby 009C,Vehicle crime,Investigation complete; no suspect identified,
f7308c3facb9707d648a4c8c583e6ce3fb49ed15456bbe3c47778f078b1255e3,2017-11,Warwickshire Police,Warwickshire Police,-1.263286,52.370776,On or near Lawrence Sheriff Street,E01031145,Rugby 009C,Violence and sexual offences,Status update unavailable,
a1db44cee09aa59310150e28ae9b43d2b639a17f02116858a852827016ec2b0b,2017-11,Warwickshire Police,Warwickshire Police,-1.266775,52.365017,On or near Hibbert Close,E01031145,Rugby 009C,Violence and sexual offences,Status update unavailable,
94e2599a5ce50c6513557ca2a42e7e47f62cf7ecc31a341ff2eb9a0ee7544942,2017-11,Warwickshire Police,Warwickshire Police,-1.263286,52.370776,On or near Lawrence Sheriff Street,E01031145,Rugby 009C,Violence and sexual offences,Status update unavailable,
f5bd91c8b644195d6037439b2ad78f6ceab96690871e460e9b52b39667c931f0,2017-11,Warwickshire Police,Warwickshire Police,-1.262874,52.371700,On or near Supermarket,E01031145,Rugby 009C,Violence and sexual offences,Status update unavailable,
,2017-11,Warwickshire Police,Warwickshire Police,-1.265714,52.359886,On or near Charlesfield Road,E01031146,Rugby 009D,Anti-social behaviour,,
63e48a2e372c036800b513dc4bfa447b133215afa7e7f0bdf4b53486529bde7b,2017-11,Warwickshire Police,Warwickshire Police,-1.264760,52.362541,On or near Montrose Road,E01031146,Rugby 009D,Drugs,Offender sent to prison,
baf666de59f2218d9e6c6b99436d49dd6932e58bbd3b5528037f37728026f73e,2017-11,Warwickshire Police,Warwickshire Police,-1.265707,52.358520,On or near St Andrews Crescent,E01031146,Rugby 009D,Vehicle crime,Investigation complete; no suspect identified,
ea29f296edbfda0a17adb260fa271b159e5ab129ff38344d97428f5547fa5092,2017-11,Warwickshire Police,Warwickshire Police,-1.264436,52.359896,On or near Anderson Avenue,E01031146,Rugby 009D,Violence and sexual offences,Status update unavailable,
ea98b9c778a9b1071816d389e95bfaad30380b68dcc543eedab6608a39ed43ee,2017-11,Warwickshire Police,Warwickshire Police,-1.267549,52.360788,On or near St Georges Avenue,E01031146,Rugby 009D,Violence and sexual offences,Formal action is not in the public interest,
1f29963401ceca02d153b13ac7d619dc32f84e820faf5905889217ea5f04877a,2017-11,Warwickshire Police,Warwickshire Police,-1.267549,52.360788,On or near St Georges Avenue,E01031146,Rugby 009D,Violence and sexual offences,Court result unavailable,
188a76bee73ac56ae14a12550bc90efa50e20600a73531746eea5156f65ecd74,2017-11,Warwickshire Police,Warwickshire Police,-1.265714,52.359886,On or near Charlesfield Road,E01031146,Rugby 009D,Violence and sexual offences,Unable to prosecute suspect,
1bf9ac07d6197978adaa6cd5fa2c53fc1d7fe39744093598b10ed718c39ac7b1,2017-11,Warwickshire Police,Warwickshire Police,-1.267549,52.360788,On or near St Georges Avenue,E01031146,Rugby 009D,Violence and sexual offences,Status update unavailable,
abd0c43906339aa879bd1479512110535280cd4de8f45381f5a8495824297498,2017-11,Warwickshire Police,Warwickshire Police,-1.267549,52.360788,On or near St Georges Avenue,E01031146,Rugby 009D,Other crime,Status update unavailable,
,2017-11,Warwickshire Police,Warwickshire Police,-1.220015,52.364934,On or near Robert Hill Close,E01031161,Rugby 010A,Anti-social behaviour,,
47969f0890a8ac16b69c169234b90fad5c22b1f96cc07773cc5c6f750d715064,2017-11,Warwickshire Police,Warwickshire Police,-1.212432,52.361899,On or near Landseer Close,E01031161,Rugby 010A,Burglary,Investigation complete; no suspect identified,
fa884ca26b420e6b551943eeb91312dcc9c7242ff05169251c3acb20e653d355,2017-11,Warwickshire Police,Warwickshire Police,-1.215527,52.360490,On or near Deane Road,E01031161,Rugby 010A,Criminal damage and arson,Investigation complete; no suspect identified,
7667b810ceb0f272d2561b705b92ed72a75332ee434b7367d9b6a7a4ea7cd042,2017-11,Warwickshire Police,Warwickshire Police,-1.214444,52.358577,On or near Horne Close,E01031161,Rugby 010A,Other theft,Investigation complete; no suspect identified,
29c557275e02888f699b27995f416ebebd448dc9879a03348f1e8a0bc32d5355,2017-11,Warwickshire Police,Warwickshire Police,-1.214180,52.361919,On or near Fox Close,E01031161,Rugby 010A,Violence and sexual offences,Status update unavailable,
6e36e987fdad1e0f322b674470f44f372ab923d85f12bdc65f12d8f1d2787458,2017-11,Warwickshire Police,Warwickshire Police,-1.214180,52.361919,On or near Fox Close,E01031161,Rugby 010A,Violence and sexual offences,Status update unavailable,
7d612e120827da085cf2efdb223848cde3007dad2017aaf723b4e0f0bb79df78,2017-11,Warwickshire Police,Warwickshire Police,-1.220532,52.365584,On or near Lower Hillmorton Road,E01031161,Rugby 010A,Violence and sexual offences,Unable to prosecute suspect,
,2017-11,Warwickshire Police,Warwickshire Police,-1.208673,52.357810,On or near Farthing Court,E01031162,Rugby 010B,Anti-social behaviour,,
,2017-11,Warwickshire Police,Warwickshire Police,-1.213050,52.357731,On or near Chamberlain Road,E01031162,Rugby 010B,Anti-social behaviour,,
,2017-11,Warwickshire Police,Warwickshire Police,-1.202951,52.356729,On or near Leys Road,E01031162,Rugby 010B,Anti-social behaviour,,
f79e8500081f3e712026bb5ed7db4a2877584d196c079a866711f7a560056b26,2017-11,Warwickshire Police,Warwickshire Police,-1.217565,52.357312,On or near Vale Close,E01031162,Rugby 010B,Burglary,Suspect charged as part of another case,
c246335fb7a2946ea4ccb6e6cffce1dad9b51c4829c7b77a12dc4c9f9fee640c,2017-11,Warwickshire Police,Warwickshire Police,-1.212625,52.358484,On or near Archers Spinney,E01031162,Rugby 010B,Other theft,Investigation complete; no suspect identified,
5621599ac0c0492b4f61e022d420aa92244d5530e27cb48f4ac5e96d4448305a,2017-11,Warwickshire Police,Warwickshire Police,-1.207971,52.360107,On or near Sports/Recreation Area,E01031162,Rugby 010B,Violence and sexual offences,Formal action is not in the public interest,
a6549c526055f5f0919832256c3752a3eaa6afdd906478a9275378c3b4889709,2017-11,Warwickshire Police,Warwickshire Police,-1.208874,52.358863,On or near Browning Road,E01031162,Rugby 010B,Violence and sexual offences,Status update unavailable,
,2017-11,Warwickshire Police,Warwickshire Police,-1.218534,52.362308,On or near Lever Road,E01031163,Rugby 010C,Anti-social behaviour,,
,2017-11,Warwickshire Police,Warwickshire Police,-1.219774,52.363647,On or near Jenkins Road,E01031163,Rugby 010C,Anti-social behaviour,,
,2017-11,Warwickshire Police,Warwickshire Police,-1.218534,52.362308,On or near Lever Road,E01031163,Rugby 010C,Anti-social behaviour,,
346a941645ee27379f9fd1a65e66a9f0c400d1a839932398f9111904bd5c7462,2017-11,Warwickshire Police,Warwickshire Police,-1.220808,52.362431,On or near Jackson Road,E01031163,Rugby 010C,Theft from the person,Investigation complete; no suspect identified,
b8e951dd6b05760bd7c2e93dd2124d99b227b44f1f4ae8548b60345ee50efbd8,2017-11,Warwickshire Police,Warwickshire Police,-1.219699,52.362028,On or near Coton Road,E01031163,Rugby 010C,Vehicle crime,Offender otherwise dealt with,
f6311d0e6978a632a24df9d948b5bacc64ca7e30807371bcb01f2c98897159bc,2017-11,Warwickshire Police,Warwickshire Police,-1.223415,52.357791,On or near Fellows Way,E01031163,Rugby 010C,Vehicle crime,Investigation complete; no suspect identified,
66b2e80fca2c282414f24fce1e1c96df29de3992c8398e1791a9614bfb7b005d,2017-11,Warwickshire Police,Warwickshire Police,-1.223415,52.357791,On or near Fellows Way,E01031163,Rugby 010C,Vehicle crime,Investigation complete; no suspect identified,
63c98ff61baf7b8673719b1b8168ece18f41f895eeafae05993e293fc412c41d,2017-11,Warwickshire Police,Warwickshire Police,-1.218534,52.362308,On or near Lever Road,E01031163,Rugby 010C,Violence and sexual offences,Formal action is not in the public interest,
aed937549d869c1310c06a767605885a222a342b0f1da9f03f211f83dc560059,2017-11,Warwickshire Police,Warwickshire Police,-1.218534,52.362308,On or near Lever Road,E01031163,Rugby 010C,Violence and sexual offences,Status update unavailable,
a9fd3c67d8c8f536617811ca9fa9703704a59cf554bc86ace0a4148c71a34b54,2017-11,Warwickshire Police,Warwickshire Police,-1.219298,52.361477,On or near Wigston Road,E01031163,Rugby 010C,Violence and sexual offences,Investigation complete; no suspect identified,
fe53bb5532881bd3706e2e90239fed07b72debaa2311526965598d2d158cb177,2017-11,Warwickshire Police,Warwickshire Police,-1.221953,52.362474,On or near Featherbed Lane,E01031163,Rugby 010C,Violence and sexual offences,Status update unavailable,
fa6c16117ce84a73c31976a135baac223f0627b84fcd6b80faa3511eb9e82041,2017-11,Warwickshire Police,Warwickshire Police,-1.219774,52.363647,On or near Jenkins Road,E01031163,Rugby 010C,Violence and sexual offences,Status update unavailable,
8ed67bc0412ace2631a84a7f7dc47412c7e116694db199c5806e0d408292f5ce,2017-11,Warwickshire Police,Warwickshire Police,-1.220807,52.360012,On or near Deerings Road,E01031163,Rugby 010C,Violence and sexual offences,Status update unavailable,
e10dcaaab6021da84fb1b16d67f677b034081f8cdc563d39dd98a3e52efed30e,2017-11,Warwickshire Police,Warwickshire Police,-1.218534,52.362308,On or near Lever Road,E01031163,Rugby 010C,Other crime,Status update unavailable,
dc6dc97a1b6f091b2b73a258d7da080965969f730bf8be2c1a13fef450730bb8,2017-11,Warwickshire Police,Warwickshire Police,-1.220062,52.358955,On or near Gatehouse Close,E01031163,Rugby 010C,Other crime,Status update unavailable,
,2017-11,Warwickshire Police,Warwickshire Police,-1.242545,52.356270,On or near Percival Road,E01031179,Rugby 010D,Anti-social behaviour,,
,2017-11,Warwickshire Police,Warwickshire Police,-1.242545,52.356270,On or near Percival Road,E01031179,Rugby 010D,Anti-social behaviour,,
195f54d1ab906b561ffbb2802b1fc3d1ae08e38eb414d71e9ab005023393285a,2017-11,Warwickshire Police,Warwickshire Police,-1.233207,52.359608,On or near Fisher Avenue,E01031179,Rugby 010D,Burglary,Investigation complete; no suspect identified,
22fdeb295c7ffeb7cc76b42bade0f04b548712f4b67d7fc39ec4172359335435,2017-11,Warwickshire Police,Warwickshire Police,-1.234482,52.358942,On or near Vernon Avenue,E01031179,Rugby 010D,Criminal damage and arson,Investigation complete; no suspect identified,
fcdfd5225cf87ec1255f20f8373f6558b55121616f6689467857b93d6a43316d,2017-11,Warwickshire Police,Warwickshire Police,-1.229944,52.358939,On or near Rainsbrook Avenue,E01031179,Rugby 010D,Criminal damage and arson,Investigation complete; no suspect identified,
3540ca639d615df1470090a50304d69230e46b7d399e7b714c173f4a53eaab5e,2017-11,Warwickshire Police,Warwickshire Police,-1.229944,52.358939,On or near Rainsbrook Avenue,E01031179,Rugby 010D,Criminal damage and arson,Investigation complete; no suspect identified,
d8a65660e8572fad5db3c876791090485a3f7b9afd0c52102ad457c9e0c64c67,2017-11,Warwickshire Police,Warwickshire Police,-1.236939,52.357807,On or near Charter Road,E01031179,Rugby 010D,Vehicle crime,Investigation complete; no suspect identified,
485dfb51e711ace83cadf735e154f45419c2625c834330b51787d7f756528b63,2017-11,Warwickshire Police,Warwickshire Police,-1.240484,52.357434,On or near Shuckburgh Crescent,E01031179,Rugby 010D,Violence and sexual offences,Formal action is not in the public interest,
,2017-11,Warwickshire Police,Warwickshire Police,-1.230243,52.365405,On or near Abbotts Way,E01031180,Rugby 010E,Anti-social behaviour,,
,2017-11,Warwickshire Police,Warwickshire Police,-1.230243,52.365405,On or near Abbotts Way,E01031180,Rugby 010E,Anti-social behaviour,,
996cbbeab27cdf6c4fc9cbc0a71552420ac65405a43d719c64b740f504109b40,2017-11,Warwickshire Police,Warwickshire Police,-1.228830,52.359687,On or near Petrol Station,E01031180,Rugby 010E,Other theft,Investigation complete; no suspect identified,
fe9cb53d77ea37b8d085db96c010f0921d0ec964bd97cb904f23edaccd5df5d9,2017-11,Warwickshire Police,Warwickshire Police,-1.228830,52.359687,On or near Petrol Station,E01031180,Rugby 010E,Shoplifting,Investigation complete; no suspect identified,
37b2e0e4cd53afc44935eb92a067b55fd9cf32aa62f683f99bac8cd50fde2023,2017-11,Warwickshire Police,Warwickshire Police,-1.228830,52.359687,On or near Petrol Station,E01031180,Rugby 010E,Shoplifting,Formal action is not in the public interest,
b4d353923dfe814a728cc9a50a14170f3a573d24edddbd19efc2d56584c3c0ba,2017-11,Warwickshire Police,Warwickshire Police,-1.228830,52.359687,On or near Petrol Station,E01031180,Rugby 010E,Shoplifting,Investigation complete; no suspect identified,
79bcb76eb773b53c617fdae847d09a82b8c6a318885b1618780b33529cdc1aae,2017-11,Warwickshire Police,Warwickshire Police,-1.228830,52.359687,On or near Petrol Station,E01031180,Rugby 010E,Shoplifting,Investigation complete; no suspect identified,
617ad94d9898fb8c83410d0ae267650f764b6f2063ee69694f931495a57c052b,2017-11,Warwickshire Police,Warwickshire Police,-1.236963,52.365800,On or near Langton Road,E01031180,Rugby 010E,Vehicle crime,Investigation complete; no suspect identified,
468dff8ef50321ebc0f9e7137b0760acdd96ca7b2551b609fe29563175f69803,2017-11,Warwickshire Police,Warwickshire Police,-1.226688,52.363773,On or near Phipps Avenue,E01031180,Rugby 010E,Violence and sexual offences,Investigation complete; no suspect identified,
4200a58aa67c713a34400719e4e767aa405a33d9369bd2a135d6b5af0f196654,2017-11,Warwickshire Police,Warwickshire Police,-1.228488,52.362481,On or near Studland Avenue,E01031180,Rugby 010E,Violence and sexual offences,Formal action is not in the public interest,
8b917ed7c57d3167eba8a4aa74d3864f81fe9a1dbbe23ea48893207ec9cf0cd2,2017-11,Warwickshire Police,Warwickshire Police,-1.231813,52.362961,On or near Shenstone Avenue,E01031180,Rugby 010E,Violence and sexual offences,Status update unavailable,
171cef672a49532a85cc15e044dc21453f4c437d09162e7ac7c2f84e3609ba4a,2017-11,Warwickshire Police,Warwickshire Police,-1.236963,52.365800,On or near Langton Road,E01031180,Rugby 010E,Violence and sexual offences,Status update unavailable,
45f1d865a8987d59dbf21a4531f0545c0255863bff64b8b4cf36b4f46a4de663,2017-11,Warwickshire Police,Warwickshire Police,-1.226688,52.363773,On or near Phipps Avenue,E01031180,Rugby 010E,Violence and sexual offences,Status update unavailable,
7f1dc64a8d51a9819f2e71cf0bd45840b32542965911ecda5ed87ca7d786f27e,2017-11,Warwickshire Police,Warwickshire Police,-1.228040,52.363755,On or near Vere Road,E01031180,Rugby 010E,Violence and sexual offences,Unable to prosecute suspect,
92520a85479da2213ca42df391097137b6c73699321d4d9c57ec9e75eaa568b0,2017-11,Warwickshire Police,Warwickshire Police,-1.236963,52.365800,On or near Langton Road,E01031180,Rugby 010E,Violence and sexual offences,Status update unavailable,
95ea2706ce411d0ce1942597d4fa7ed07c4fc90d2ebd7a878ef8325b8b9ddb71,2017-11,Warwickshire Police,Warwickshire Police,-1.236963,52.365800,On or near Langton Road,E01031180,Rugby 010E,Other crime,Investigation complete; no suspect identified,
,2017-11,Warwickshire Police,Warwickshire Police,-1.287124,52.358983,On or near Bawnmore Court,E01031134,Rugby 011A,Anti-social behaviour,,
,2017-11,Warwickshire Police,Warwickshire Police,-1.287880,52.354897,On or near Beswick Gardens,E01031134,Rugby 011A,Anti-social behaviour,,
5bee513131dba706c58b3cb6c455594d5fd9b891bee40020bed06bfae65dce69,2017-11,Warwickshire Police,Warwickshire Police,-1.292669,52.353811,On or near Scots Close,E01031134,Rugby 011A,Burglary,Status update unavailable,
c0f27043b620f9f1f623c0301fb5ef76c06031a85bab1d3584d87b36c79a5c5d,2017-11,Warwickshire Police,Warwickshire Police,-1.282023,52.348461,On or near Arden Close,E01031135,Rugby 011B,Burglary,Investigation complete; no suspect identified,
f258d1f22b44ee8f4c3b242b880108fbee8a54030e4f7cc6c881cee7a5852c88,2017-11,Warwickshire Police,Warwickshire Police,-1.283528,52.350717,On or near Cymbeline Way,E01031135,Rugby 011B,Violence and sexual offences,Formal action is not in the public interest,
,2017-11,Warwickshire Police,Warwickshire Police,-1.290796,52.359842,On or near Ivy Grange,E01031136,Rugby 011C,Anti-social behaviour,,
d885304cb079f261f7be51644738ec6453bf3044589b41d22e76108f9ec0ccbd,2017-11,Warwickshire Police,Warwickshire Police,-1.287534,52.363598,On or near Spicer Place,E01031136,Rugby 011C,Burglary,Status update unavailable,
7662436a75c178b8029eb844410af437bd170dbba0eb0e6dc7d17852efc4d3fa,2017-11,Warwickshire Police,Warwickshire Police,-1.290156,52.358507,On or near Magnet Lane,E01031136,Rugby 011C,Burglary,Status update unavailable,
82e6c1bcb0bb4f40c5fd52128dd7fb8ddc368a5b0add61d6fe62363153a8da38,2017-11,Warwickshire Police,Warwickshire Police,-1.290981,52.359267,On or near The Green,E01031136,Rugby 011C,Criminal damage and arson,Investigation complete; no suspect identified,
a2920e16d48623c541b23ba208d838183c1ec63e1826b0560430906d13ac5d6d,2017-11,Warwickshire Police,Warwickshire Police,-1.290078,52.364341,On or near Hillfield Road,E01031136,Rugby 011C,Public order,Status update unavailable,
e10186f5c245d36114767f70695abac63207f8b5f2c2c14d19d606940f5219bd,2017-11,Warwickshire Police,Warwickshire Police,-1.287090,52.362939,On or near Bilton Road,E01031136,Rugby 011C,Public order,Status update unavailable,
f77f8a63160d20ed9ae9ac6580eb4a662134427ef5bc959dac643acb24cb73af,2017-11,Warwickshire Police,Warwickshire Police,-1.287090,52.362939,On or near Bilton Road,E01031136,Rugby 011C,Vehicle crime,Investigation complete; no suspect identified,
d6fcff2f160d48992d7105d72a041ae234e8e51a13ed4d639fb228b216bfbe17,2017-11,Warwickshire Police,Warwickshire Police,-1.290028,52.361932,On or near Beech Drive,E01031136,Rugby 011C,Violence and sexual offences,Status update unavailable,
d351490b1aa432379e5e4ebfa219a4bab61432239ba2c8972f6427375711f76c,2017-11,Warwickshire Police,Warwickshire Police,-1.290796,52.359842,On or near Ivy Grange,E01031136,Rugby 011C,Violence and sexual offences,Offender otherwise dealt with,
79f8145c3498e39309d74b1ea07c806848f3d5de7c92dbcca36d24229aed3d5a,2017-11,Warwickshire Police,Warwickshire Police,-1.290796,52.359842,On or near Ivy Grange,E01031136,Rugby 011C,Violence and sexual offences,Offender otherwise dealt with,
,2017-11,Warwickshire Police,Warwickshire Police,-1.277542,52.359438,On or near Overslade Lane,E01031175,Rugby 011D,Anti-social behaviour,,
,2017-11,Warwickshire Police,Warwickshire Police,-1.277542,52.359438,On or near Overslade Lane,E01031175,Rugby 011D,Anti-social behaviour,,
4232e9d40df391895e7768613b8e1ace14264ec66d670c6e0a7ea60dc74e837a,2017-11,Warwickshire Police,Warwickshire Police,-1.277542,52.359438,On or near Overslade Lane,E01031175,Rugby 011D,Public order,Status update unavailable,
47659d5f1a02a5c3b5ce41df5faaef8fac9efb23c5c201dbd80c2d5df63ed833,2017-11,Warwickshire Police,Warwickshire Police,-1.280326,52.352586,On or near Bawnmore Road,E01031175,Rugby 011D,Public order,Unable to prosecute suspect,
f83c6b77b903ba68e47883a816dec3d8343435f4a42a2448f54393d4d511ebbf,2017-11,Warwickshire Police,Warwickshire Police,-1.277542,52.359438,On or near Overslade Lane,E01031175,Rugby 011D,Shoplifting,Offender sent to prison,
d8f6f1ec9e62eb888b4949469b01c08943e555a8b24899cde51fa5a7e983d829,2017-11,Warwickshire Police,Warwickshire Police,-1.277542,52.359438,On or near Overslade Lane,E01031175,Rugby 011D,Shoplifting,Offender sent to prison,
dbd8798e93986423f7ddad29afbc14831c9f9d0d5da6022c7d1a458948db3a7b,2017-11,Warwickshire Police,Warwickshire Police,-1.277542,52.359438,On or near Overslade Lane,E01031175,Rugby 011D,Shoplifting,Investigation complete; no suspect identified,
c1a95e9c823230bc35fbb6eaec48eb467488b62666fbb9d1d947c25b1ba6ce48,2017-11,Warwickshire Police,Warwickshire Police,-1.277542,52.359438,On or near Overslade Lane,E01031175,Rugby 011D,Shoplifting,Offender sent to prison,
bb8fd17a9b53341efeae0e5a91e4ed560983e5a4e2433f96bf3e5928576cfcff,2017-11,Warwickshire Police,Warwickshire Police,-1.277542,52.359438,On or near Overslade Lane,E01031175,Rugby 011D,Shoplifting,Offender sent to prison,
134550d8c985592fe1be226f91c0ac93e420769edd202b19aefa4e7f91cc770a,2017-11,Warwickshire Police,Warwickshire Police,-1.277542,52.359438,On or near Overslade Lane,E01031175,Rugby 011D,Shoplifting,Offender sent to prison,
542593978cbd3e8f7dc0127c1301141234ab211b3d373f5de7347b7f0c224a80,2017-11,Warwickshire Police,Warwickshire Police,-1.277542,52.359438,On or near Overslade Lane,E01031175,Rugby 011D,Shoplifting,Investigation complete; no suspect identified,
,2017-11,Warwickshire Police,Warwickshire Police,-1.270796,52.361581,On or near Sports/Recreation Area,E01031176,Rugby 011E,Anti-social behaviour,,
,2017-11,Warwickshire Police,Warwickshire Police,-1.274117,52.363238,On or near Elmore Road,E01031176,Rugby 011E,Anti-social behaviour,,
,2017-11,Warwickshire Police,Warwickshire Police,-1.274117,52.363238,On or near Elmore Road,E01031176,Rugby 011E,Anti-social behaviour,,
9bb27587b99535e5b038a88c1cea8529c5204c5bde92acaa7f160c59f4d02c18,2017-11,Warwickshire Police,Warwickshire Police,-1.269519,52.358921,On or near Dunchurch Road,E01031176,Rugby 011E,Drugs,Status update unavailable,
6e65763587a2290f06ba2d83d4dccdced60f40ef83902ff3f9a4092c4377bf58,2017-11,Warwickshire Police,Warwickshire Police,-1.270796,52.361581,On or near Sports/Recreation Area,E01031176,Rugby 011E,Violence and sexual offences,Status update unavailable,
33b468515e09a0ade261fd91bfe1fdb890a6d40ed67df242831ea242d37270e3,2017-11,Warwickshire Police,Warwickshire Police,-1.274117,52.363238,On or near Elmore Road,E01031176,Rugby 011E,Violence and sexual offences,Status update unavailable,
,2017-11,Warwickshire Police,Warwickshire Police,-1.277974,52.366318,On or near Buchanan Road,E01031177,Rugby 011F,Anti-social behaviour,,
,2017-11,Warwickshire Police,Warwickshire Police,-1.277974,52.366318,On or near Buchanan Road,E01031177,Rugby 011F,Anti-social behaviour,,
,2017-11,Warwickshire Police,Warwickshire Police,-1.277974,52.366318,On or near Buchanan Road,E01031177,Rugby 011F,Anti-social behaviour,,
,2017-11,Warwickshire Police,Warwickshire Police,-1.277974,52.366318,On or near Buchanan Road,E01031177,Rugby 011F,Anti-social behaviour,,
,2017-11,Warwickshire Police,Warwickshire Police,-1.277974,52.366318,On or near Buchanan Road,E01031177,Rugby 011F,Anti-social behaviour,,
,2017-11,Warwickshire Police,Warwickshire Police,-1.277974,52.366318,On or near Buchanan Road,E01031177,Rugby 011F,Anti-social behaviour,,
7d0c3e9c4576447d4ce5cd8f8e711af59a7d13a90c447c265dad49f725f79f1c,2017-11,Warwickshire Police,Warwickshire Police,-1.279804,52.363965,On or near Ferndown Terrace,E01031177,Rugby 011F,Bicycle theft,Status update unavailable,
49d049767bac599e510660d4c86882c77f1311d017cc5d0572c2655081a7bb40,2017-11,Warwickshire Police,Warwickshire Police,-1.280252,52.363491,On or near Melville Close,E01031177,Rugby 011F,Burglary,Unable to prosecute suspect,
40d36c174a85766a5e310957aa5948b9b02ca39e0f60b3c24249a732173766ec,2017-11,Warwickshire Police,Warwickshire Police,-1.279735,52.361851,On or near Bathurst Close,E01031177,Rugby 011F,Criminal damage and arson,Status update unavailable,
8d7f086639b7095527c1e8e763e2bc8e6c4f428982ae9d2fd89f568d9561f9d4,2017-11,Warwickshire Police,Warwickshire Police,-1.281300,52.365871,On or near Bilton Road,E01031177,Rugby 011F,Criminal damage and arson,Formal action is not in the public interest,
be8bc4cdc3466a206ef806562c43db77e223c7e14a8bb3195b90fefdea13abd7,2017-11,Warwickshire Police,Warwickshire Police,-1.279804,52.363965,On or near Ferndown Terrace,E01031177,Rugby 011F,Criminal damage and arson,Investigation complete; no suspect identified,
7b4af64ac0fcdf41da0e39f84f3fa621c4eda166e0e176be483b0e283bc7f1a8,2017-11,Warwickshire Police,Warwickshire Police,-1.279735,52.361851,On or near Bathurst Close,E01031177,Rugby 011F,Other theft,Investigation complete; no suspect identified,
d18aa95d8c75f3214eca7017ee8293be3d7dca2b8032738b75a4df5f4080ec5f,2017-11,Warwickshire Police,Warwickshire Police,-1.280919,52.362227,On or near Lytham Road,E01031177,Rugby 011F,Public order,Status update unavailable,
414880c87b81aaffc194d4bf1eb71de19368ab63b6162dcf34d9ca8530e9d0ff,2017-11,Warwickshire Police,Warwickshire Police,-1.282378,52.363684,On or near Epsom Road,E01031177,Rugby 011F,Vehicle crime,Investigation complete; no suspect identified,
095a917b61e278ce22cb335c13e5b58aacfbee45ef322693af8fe8d3ea578470,2017-11,Warwickshire Police,Warwickshire Police,-1.280252,52.363491,On or near Melville Close,E01031177,Rugby 011F,Violence and sexual offences,Status update unavailable,
c7e48d04852f05635649457644eb939e328369f766451bde56b9feac327cc099,2017-11,Warwickshire Police,Warwickshire Police,-1.277859,52.360761,On or near Garyth Williams Close,E01031177,Rugby 011F,Violence and sexual offences,Unable to prosecute suspect,
be81f8d18afd334987a017c0e35b5b7a691034466f8c3e7a3b39584f6f3958d3,2017-11,Warwickshire Police,Warwickshire Police,-1.279735,52.361851,On or near Bathurst Close,E01031177,Rugby 011F,Violence and sexual offences,Status update unavailable,
b6293ab491cd410165acb417956416e4c85d3dd40e1301ccdeda515bb595c6de,2017-11,Warwickshire Police,Warwickshire Police,-1.277859,52.360761,On or near Garyth Williams Close,E01031177,Rugby 011F,Violence and sexual offences,Status update unavailable,
2684588c649e31c139cd4b07e6c0d88ad044893d1e766ff4e6176799cd117a67,2017-11,Warwickshire Police,Warwickshire Police,-1.277859,52.360761,On or near Garyth Williams Close,E01031177,Rugby 011F,Violence and sexual offences,Status update unavailable,
0da845f7abbc9890aace20dd7c2876e5210713a2d355bb9afcbe8b1946a72582,2017-11,Warwickshire Police,Warwickshire Police,-1.281300,52.365871,On or near Bilton Road,E01031177,Rugby 011F,Violence and sexual offences,Offender given a caution,
8d244a0bb28090f692a7b450b1ae67e39b84f9ee46e7cf0a58667f7ae9a15c3d,2017-11,Warwickshire Police,Warwickshire Police,-1.279735,52.361851,On or near Bathurst Close,E01031177,Rugby 011F,Violence and sexual offences,Status update unavailable,
28c865fc87b6ea510f76863644c165cadfd091b4fa0c8071db52b69ab6384342,2017-11,Warwickshire Police,Warwickshire Police,-1.280919,52.362227,On or near Lytham Road,E01031177,Rugby 011F,Violence and sexual offences,Status update unavailable,
,2017-11,Warwickshire Police,Warwickshire Police,-1.281760,52.360111,On or near Deepmore Road,E01031178,Rugby 011G,Anti-social behaviour,,
,2017-11,Warwickshire Police,Warwickshire Police,-1.280503,52.358889,On or near Cherry Grove,E01031178,Rugby 011G,Anti-social behaviour,,
,2017-11,Warwickshire Police,Warwickshire Police,-1.282912,52.358850,On or near David Road,E01031178,Rugby 011G,Anti-social behaviour,,
,2017-11,Warwickshire Police,Warwickshire Police,-1.278102,52.355719,On or near Rupert Brooke Road,E01031178,Rugby 011G,Anti-social behaviour,,
dfa40ba91ccc60c7e98c88fa3d9be571870c63efa866b547a2bc91619d5a8cd4,2017-11,Warwickshire Police,Warwickshire Police,-1.279410,52.353848,On or near Sports/Recreation Area,E01031178,Rugby 011G,Theft from the person,Investigation complete; no suspect identified,
47a5868ed9b7f845c599d3f62dd4b29afc6f2fdb85bb998ab5fc0147e601a487,2017-11,Warwickshire Police,Warwickshire Police,-1.281435,52.359380,On or near Laburnum Grove,E01031178,Rugby 011G,Violence and sexual offences,Status update unavailable,
e1772c696cd49a97f85186893bd03bbf1ce38a0000557c6642d6fb2d4b418f3e,2017-11,Warwickshire Police,Warwickshire Police,-1.283085,52.359921,On or near Selborne Road,E01031178,Rugby 011G,Other crime,Court result unavailable,
fbba517c8b8c746519a82a6c990a3b205c81139bbc4fca7e8a185c99e4698da5,2017-11,Warwickshire Police,Warwickshire Police,-1.296202,52.355046,On or near Sports/Recreation Area,E01031147,Rugby 012A,Bicycle theft,Investigation complete; no suspect identified,
c847624ed1d33bfab1a72681f7f0d8731ffba98b2c4a8b0e970dcbd30f2b3994,2017-11,Warwickshire Police,Warwickshire Police,-1.296202,52.355046,On or near Sports/Recreation Area,E01031147,Rugby 012A,Bicycle theft,Investigation complete; no suspect identified,
b1c6a72e1b01752ffc9182cd48193ee8a5cda5a21c40af942fedb50f5c0c131f,2017-11,Warwickshire Police,Warwickshire Police,-1.291205,52.343437,On or near Barnwell Close,E01031147,Rugby 012A,Burglary,Investigation complete; no suspect identified,
50bbfc5a3aab5441e61dd701318d783f74ab644563705d1b93c6eaabb8e43d80,2017-11,Warwickshire Police,Warwickshire Police,-1.316732,52.318648,On or near Parking Area,E01031147,Rugby 012A,Criminal damage and arson,Investigation complete; no suspect identified,
8509772457303aa998832a9d93104d8ef2b2f35091aa08002dd598452da9fab9,2017-11,Warwickshire Police,Warwickshire Police,-1.339762,52.344464,On or near London Road,E01031147,Rugby 012A,Other theft,Court result unavailable,
991d93120cc00381281c0a72ffabb4a5731ef4d56d116d00d853e2ce17e620d3,2017-11,Warwickshire Police,Warwickshire Police,-1.339762,52.344464,On or near London Road,E01031147,Rugby 012A,Possession of weapons,Status update unavailable,
a7c0cf4e394ff7a0611cdd9a9e2e23baee15ac19858eee98ad9255e06abe92b3,2017-11,Warwickshire Police,Warwickshire Police,-1.318645,52.354548,On or near A4071,E01031147,Rugby 012A,Robbery,Investigation complete; no suspect identified,
d9767a83ec5090a08341744fedeeebb0dcf03b453ee1d61c220765432d0f6ca6,2017-11,Warwickshire Police,Warwickshire Police,-1.318645,52.354548,On or near A4071,E01031147,Rugby 012A,Robbery,Investigation complete; no suspect identified,
98285d59da235e168ef51264b37b78876cef583b0d6b35dd0b43a7edaca0a339,2017-11,Warwickshire Police,Warwickshire Police,-1.296202,52.355046,On or near Sports/Recreation Area,E01031147,Rugby 012A,Violence and sexual offences,Status update unavailable,
d2dfc64cf4ee5fbcc5bf466485a3cb7f3e382d278dac15ff14eacff2ce066f94,2017-11,Warwickshire Police,Warwickshire Police,-1.339762,52.344464,On or near London Road,E01031147,Rugby 012A,Other crime,Status update unavailable,
47f5b2f3ce77d11357baec7b9326d002607b4179eb7232030ea33da7ce87116d,2017-11,Warwickshire Police,Warwickshire Police,-1.294159,52.338617,On or near Done Cerce Close,E01031148,Rugby 012B,Criminal damage and arson,Status update unavailable,
78c320ab89b884f5be72eb5a3f383ff1f5da8300e3937e95496d19756f123c9b,2017-11,Warwickshire Police,Warwickshire Police,-1.292939,52.338745,On or near Petrol Station,E01031148,Rugby 012B,Other theft,Investigation complete; no suspect identified,
93b5bcc267e8e40837e88605814fc3d920df90b0a78b66f148e9b5347e7276c6,2017-11,Warwickshire Police,Warwickshire Police,-1.290020,52.339492,On or near The Heath,E01031148,Rugby 012B,Vehicle crime,Investigation complete; no suspect identified,
cd22f864941ff616fc1f9ba4f1886d736b6f80cbf244103ac57577f17d9eb12a,2017-11,Warwickshire Police,Warwickshire Police,-1.293104,52.334826,On or near Southam Road,E01031148,Rugby 012B,Vehicle crime,Investigation complete; no suspect identified,
,2017-11,Warwickshire Police,Warwickshire Police,-1.382814,52.325691,On or near Main Street,E01031149,Rugby 012C,Anti-social behaviour,,
,2017-11,Warwickshire Police,Warwickshire Police,-1.391648,52.339501,On or near Frankton Lane,E01031149,Rugby 012C,Anti-social behaviour,,
f0eeb96059b70a4fee2a6d921fbde562b6fa654cfb7dcb9ccec50dc8f6c844fb,2017-11,Warwickshire Police,Warwickshire Police,-1.402565,52.317926,On or near Coventry Road,E01031149,Rugby 012C,Burglary,Investigation complete; no suspect identified,
f04559486e2b66d9e7454ae891b4abc27015c9ae76978b43f21a9c89cff30090,2017-11,Warwickshire Police,Warwickshire Police,-1.402565,52.317926,On or near Coventry Road,E01031149,Rugby 012C,Burglary,Investigation complete; no suspect identified,
260cb3eb54dabc23f138a46d9862df2d8f616bf2aadce1e051814b28f00a8c5a,2017-11,Warwickshire Police,Warwickshire Police,-1.402565,52.317926,On or near Coventry Road,E01031149,Rugby 012C,Burglary,Investigation complete; no suspect identified,
1f9d242d7ae4501b78e2e348a64ecfe5ffc099792fbfe5b21ad2b8aef1094721,2017-11,Warwickshire Police,Warwickshire Police,-1.437220,52.335070,On or near Burnthurst Lane,E01031149,Rugby 012C,Burglary,Investigation complete; no suspect identified,
d98f02dacdea6e7fcd50e6de7c7db20ccfadc8405297e7708d9fa5a68f8ea4b6,2017-11,Warwickshire Police,Warwickshire Police,-1.403955,52.316027,On or near Shepherd Street,E01031149,Rugby 012C,Burglary,Investigation complete; no suspect identified,
e48fde3439faa11c12e92fb5dc772d0e1e9077fe363c6a7fefc37e52f50f82c3,2017-11,Warwickshire Police,Warwickshire Police,-1.402565,52.317926,On or near Coventry Road,E01031149,Rugby 012C,Burglary,Investigation complete; no suspect identified,
3571c3fae976c6e8671107de2646c74d792198274a38db12027ef50dbc855c50,2017-11,Warwickshire Police,Warwickshire Police,-1.366326,52.334594,On or near Sports/Recreation Area,E01031149,Rugby 012C,Public order,Status update unavailable,
1cf3ad71e90ae8d75341ce4417408bb9d0db4abf9698e00909c8542a9ab496a3,2017-11,Warwickshire Police,Warwickshire Police,-1.338680,52.344206,On or near London Road,E01031149,Rugby 012C,Vehicle crime,Court result unavailable,
53dcd24c12b341b6c5da2bae281b77d3410e993eefef5771ca2f4d55daedd365,2017-11,Warwickshire Police,Warwickshire Police,-1.402565,52.317926,On or near Coventry Road,E01031149,Rugby 012C,Violence and sexual offences,Offender given a caution,
ef4dfcf4abb95342944cd4c8aa0ce01462f48823c578da889a45a84dcf36ad5b,2017-11,Warwickshire Police,Warwickshire Police,-1.410765,52.333493,On or near Fosse Way,E01031149,Rugby 012C,Violence and sexual offences,Court result unavailable,
efe7379b90010851d5aeae1d802350739203d507be682658039777ec81fadce2,2017-11,Warwickshire Police,Warwickshire Police,-1.410765,52.333493,On or near Fosse Way,E01031149,Rugby 012C,Violence and sexual offences,Court result unavailable,
911c14f3c4bc168c9c9bf3946abf976c0c2ed7cc8cd79d9f7f1d979d73a1e9b2,2017-11,Warwickshire Police,Warwickshire Police,-1.423134,52.339326,On or near Sports/Recreation Area,E01031149,Rugby 012C,Violence and sexual offences,Status update unavailable,
,2017-11,Warwickshire Police,Warwickshire Police,-1.399237,52.350319,On or near Kaysbrook Drive,E01031150,Rugby 012D,Anti-social behaviour,,
25391c62a4935f7d25c41431e595ab2c0bf2b5197bdd293f02308bd970ffede0,2017-11,Warwickshire Police,Warwickshire Police,-1.400251,52.350261,On or near Brookside,E01031150,Rugby 012D,Burglary,Investigation complete; no suspect identified,
e9fae4c35b90a3f2a7149cf7ae0b907d61a8261938e0b7517d9bdacc691960ab,2017-11,Warwickshire Police,Warwickshire Police,-1.395175,52.352142,On or near Meadow Close,E01031150,Rugby 012D,Other theft,Investigation complete; no suspect identified,
e0eee7ecedea7f3b18b7b0909af2191cbe8afb527eb447c1f000d7d7311273c6,2017-11,Warwickshire Police,Warwickshire Police,-1.399237,52.350319,On or near Kaysbrook Drive,E01031150,Rugby 012D,Other theft,Investigation complete; no suspect identified,
bf6640e44ab479b9c31c3b525e117074f4fa63ea2fb2e9e1b1904b9f64918f3d,2017-11,Warwickshire Police,Warwickshire Police,-1.399237,52.350319,On or near Kaysbrook Drive,E01031150,Rugby 012D,Public order,Unable to prosecute suspect,
692615a5c57e88c4f69147e02b3ec1ada786f79956a80f4dc6431e8cc5daa4dc,2017-11,Warwickshire Police,Warwickshire Police,-1.399237,52.350319,On or near Kaysbrook Drive,E01031150,Rugby 012D,Violence and sexual offences,Status update unavailable,
,2017-11,Warwickshire Police,Warwickshire Police,-1.329694,52.291913,On or near Hayway Lane,E01031166,Rugby 012E,Anti-social behaviour,,
,2017-11,Warwickshire Police,Warwickshire Police,-1.236442,52.302234,On or near Magdalen Road,E01031166,Rugby 012E,Anti-social behaviour,,
,2017-11,Warwickshire Police,Warwickshire Police,-1.245082,52.277953,On or near Park/Open Space,E01031166,Rugby 012E,Anti-social behaviour,,
,2017-11,Warwickshire Police,Warwickshire Police,-1.280931,52.297173,On or near The Steeples,E01031166,Rugby 012E,Anti-social behaviour,,
,2017-11,Warwickshire Police,Warwickshire Police,-1.245224,52.300690,On or near Moor Lane,E01031166,Rugby 012E,Anti-social behaviour,,
468be410f7659061b0568412f7f49dd03328e740095db517a1d1b80c3f75190c,2017-11,Warwickshire Police,Warwickshire Police,-1.329694,52.291913,On or near Hayway Lane,E01031166,Rugby 012E,Other theft,Investigation complete; no suspect identified,
e96f8e2734a141bd60c2d0820cdf1c585a082956942bbe138102cf12ce2aaed4,2017-11,Warwickshire Police,Warwickshire Police,-1.366867,52.311069,On or near Back Lane,E01031166,Rugby 012E,Vehicle crime,Investigation complete; no suspect identified,
dda4849de0fafbe5fbf3bada84cc2c9ae50a0d6cc7050c51dd660a414ba76ab9,2017-11,Warwickshire Police,Warwickshire Police,-1.280931,52.297173,On or near The Steeples,E01031166,Rugby 012E,Violence and sexual offences,Unable to prosecute suspect,
54ac8d7ed110ce82886cda9336e1fa734cedb2b19d3a695607fccbc4ad093189,2017-11,Warwickshire Police,Warwickshire Police,-1.711087,52.472751,On or near M6,E01010110,Solihull 009B,Other crime,Status update unavailable,
d8f6fdb14f4feef531308c85750785a008008704e061006023cd03902e0c7ed6,2017-11,Warwickshire Police,Warwickshire Police,-1.628772,52.448949,On or near Lodge Green Lane North,E01010164,Solihull 017B,Criminal damage and arson,Status update unavailable,
9c248cc1e5560b4c2f86a2516a81dc290203eb7eeccd808fe7f6d351808a701f,2017-11,Warwickshire Police,Warwickshire Police,-1.716229,52.366608,On or near Bakers Lane,E01010167,Solihull 017D,Burglary,Investigation complete; no suspect identified,
7624fde3fbebe3285e4a2d22620648067ab5c62fbf3e7220646b3759d1a858b9,2017-11,Warwickshire Police,Warwickshire Police,-1.641541,52.409387,On or near Church Lane,E01010168,Solihull 025B,Other theft,Investigation complete; no suspect identified,
eda3d6559f21e05f4ea462b723ef57278f39e3111abe6c1df7e0ec80b1b7c223,2017-11,Warwickshire Police,Warwickshire Police,-1.739413,52.365169,On or near Darley Green Road,E01010188,Solihull 028F,Other theft,Investigation complete; no suspect identified,
f67d053a5d187d6cb0d50df5b614f52af3ffe2d4c2d2161badafc24bf105897d,2017-11,Warwickshire Police,Warwickshire Police,-1.749097,52.356245,On or near Vicarage Road,E01010188,Solihull 028F,Vehicle crime,Investigation complete; no suspect identified,
344faa43f45e81525af46bb562b824c7319e4c175ce5f00cbf94ea247f2e12f9,2017-11,Warwickshire Police,Warwickshire Police,-1.739755,52.361970,On or near Chessetts Wood Road,E01010188,Solihull 028F,Vehicle crime,Investigation complete; no suspect identified,
596f12795ef44f00dacddd33d8b3b463dc0d811c5804f2909f98d405e84e26df,2017-11,Warwickshire Police,Warwickshire Police,-1.812388,52.368526,On or near Warings Green Road,E01010183,Solihull 029D,Other theft,Court result unavailable,
51c03e433b7d8ff2ddfa862897bd9db234ccfc38e40c6313089d49ed028b92b2,2017-11,Warwickshire Police,Warwickshire Police,-1.884072,52.240309,On or near Sports/Recreation Area,E01031213,Stratford-on-Avon 001A,Burglary,Investigation complete; no suspect identified,
7950f8867a526ce6a3bd1125ee2798df30a1e4a391b8d0e1a198ea9ce5beaf04,2017-11,Warwickshire Police,Warwickshire Police,-1.815220,52.291511,On or near A4189,E01031213,Stratford-on-Avon 001A,Burglary,Investigation complete; no suspect identified,
f4352183f2300d345cb475e6c9bce10776a138c0564fa8a28265d625a397965e,2017-11,Warwickshire Police,Warwickshire Police,-1.879478,52.298346,On or near Warwick Highway,E01031213,Stratford-on-Avon 001A,Other theft,Investigation complete; no suspect identified,
8e93b330c8ca8d775f3e7ef60c3ddeaec7699e7d8d5e7fb4bcd55528f48a4588,2017-11,Warwickshire Police,Warwickshire Police,-1.879478,52.298346,On or near Warwick Highway,E01031213,Stratford-on-Avon 001A,Vehicle crime,Investigation complete; no suspect identified,
14313a6cd86a996ffe8723d853a569ce49762cbd9eea77f8c7fbc79144c12286,2017-11,Warwickshire Police,Warwickshire Police,-1.891746,52.282409,On or near Abbeyfields Drive,E01031213,Stratford-on-Avon 001A,Violence and sexual offences,Status update unavailable,
0454fb956739427d9c2b121dbff6eedc0049e245974f168af48e12566b8f4813,2017-11,Warwickshire Police,Warwickshire Police,-1.873893,52.302709,On or near Common Lane,E01031213,Stratford-on-Avon 001A,Other crime,Investigation complete; no suspect identified,
,2017-11,Warwickshire Police,Warwickshire Police,-1.837364,52.362360,On or near Warren Close,E01031243,Stratford-on-Avon 001B,Anti-social behaviour,,
,2017-11,Warwickshire Police,Warwickshire Police,-1.840774,52.361429,On or near The Maltings,E01031243,Stratford-on-Avon 001B,Anti-social behaviour,,
75d4191a5b9e6e89e5fc656f661817bd29956301a173e6a1b8101795cdbd57aa,2017-11,Warwickshire Police,Warwickshire Police,-1.847250,52.357177,On or near Sports/Recreation Area,E01031243,Stratford-on-Avon 001B,Burglary,Investigation complete; no suspect identified,
59666dd306d672e7e741dc2c44f7cded981777df8581a84a74677c8a0ef994c9,2017-11,Warwickshire Police,Warwickshire Police,-1.830445,52.362889,On or near Parking Area,E01031243,Stratford-on-Avon 001B,Burglary,Investigation complete; no suspect identified,
5a8411ded2def6f713689c7fb4d54d0d930e5f7e89dcb26b856ecb74161a3a30,2017-11,Warwickshire Police,Warwickshire Police,-1.834310,52.354309,On or near Earlswood Common,E01031243,Stratford-on-Avon 001B,Vehicle crime,Investigation complete; no suspect identified,
48faf81adcf087eaa348c971754ce87265977e671b45c2d2da3304cb36267204,2017-11,Warwickshire Police,Warwickshire Police,-1.834310,52.354309,On or near Earlswood Common,E01031243,Stratford-on-Avon 001B,Vehicle crime,Investigation complete; no suspect identified,
5fc38a2d48d41d975222aeced7d61455fd5cb07922bd2c299aa6fa085b6d9f26,2017-11,Warwickshire Police,Warwickshire Police,-1.834310,52.354309,On or near Earlswood Common,E01031243,Stratford-on-Avon 001B,Vehicle crime,Investigation complete; no suspect identified,
5b2e869953eb2ac6f4a33ba8ef20eae3f9b5534bbb30db0c2d6aedb84321ceef,2017-11,Warwickshire Police,Warwickshire Police,-1.834310,52.354309,On or near Earlswood Common,E01031243,Stratford-on-Avon 001B,Vehicle crime,Investigation complete; no suspect identified,
860af0a56c8b739f33091b703d369186622aad40f08453cf5f470ee8a42bd122,2017-11,Warwickshire Police,Warwickshire Police,-1.856635,52.333670,On or near Aspley Heath Lane,E01031244,Stratford-on-Avon 001C,Vehicle crime,Investigation complete; no suspect identified,
3d48be1ce0a20b44cbd7a5ef41911440571968ad4067e02bc031c90e0491b87e,2017-11,Warwickshire Police,Warwickshire Police,-1.822696,52.302932,On or near St Mary'S Close,E01031244,Stratford-on-Avon 001C,Vehicle crime,Investigation complete; no suspect identified,
72d4d43aac1e7ddfa695b25bee27fb8ffa7ea49166ea6457846ec1667c37df0b,2017-11,Warwickshire Police,Warwickshire Police,-1.817684,52.320005,On or near Danzey Green Lane,E01031244,Stratford-on-Avon 001C,Violence and sexual offences,Status update unavailable,
9afe36de3e18ef4e943242790ca452382335eceb29f1b19335c5050111dc22eb,2017-11,Warwickshire Police,Warwickshire Police,-1.867435,52.314228,On or near Gorcott Hill,E01031244,Stratford-on-Avon 001C,Violence and sexual offences,Status update unavailable,
,2017-11,Warwickshire Police,Warwickshire Police,-1.740343,52.243911,On or near Oaktree Close,E01031195,Stratford-on-Avon 002A,Anti-social behaviour,,
a778ccbeede1cc2b5d80aaf6595cbcd7325ec1bd83fd585c89efc9e0d2f8f937,2017-11,Warwickshire Police,Warwickshire Police,-1.703280,52.280324,On or near Station Road,E01031195,Stratford-on-Avon 002A,Burglary,Investigation complete; no suspect identified,
c6d6b3e520f5b7ec9004ee59c8143100370bc0246473e401751d7ad80635c7c2,2017-11,Warwickshire Police,Warwickshire Police,-1.714029,52.279596,On or near Trevelyan Close,E01031195,Stratford-on-Avon 002A,Burglary,Investigation complete; no suspect identified,
3e5017c2c2d3d84bc17398d59f553ba5850d8254b337943da23b1da19b9b2bd6,2017-11,Warwickshire Police,Warwickshire Police,-1.719472,52.276471,On or near Langley Road,E01031195,Stratford-on-Avon 002A,Burglary,Investigation complete; no suspect identified,
4a59574af08cd4569776cb2c11a3e2c10386895f6911766a1e093643ea3f4b94,2017-11,Warwickshire Police,Warwickshire Police,-1.733926,52.273619,On or near Kington Rise,E01031195,Stratford-on-Avon 002A,Burglary,Investigation complete; no suspect identified,
6b575a6cadc695f1bdd08c9a5748c6f01b6db844b540c713b4bc2be38c3a9597,2017-11,Warwickshire Police,Warwickshire Police,-1.737402,52.245936,On or near Grange Road,E01031195,Stratford-on-Avon 002A,Drugs,Status update unavailable,
9a754e75ca9140dcf931cf7b4402b69185d18994cde350057c26efc4791ce180,2017-11,Warwickshire Police,Warwickshire Police,-1.712634,52.280015,On or near St Michael'S Road,E01031195,Stratford-on-Avon 002A,Other theft,Investigation complete; no suspect identified,
2d8cdc90eddca36f88b978a56196fe7fe851ca88e2560419e85cad7121252245,2017-11,Warwickshire Police,Warwickshire Police,-1.713346,52.285573,On or near Lye Green Road,E01031195,Stratford-on-Avon 002A,Vehicle crime,Investigation complete; no suspect identified,
32422d0880f89d6df057ec21cfc3102348419c72042504ddec97a9ad84839307,2017-11,Warwickshire Police,Warwickshire Police,-1.714029,52.279596,On or near Trevelyan Close,E01031195,Stratford-on-Avon 002A,Vehicle crime,Investigation complete; no suspect identified,
70742844a687353b33c0e145e0d931ecfeee125d065ae282cbfdcadb29f6ff24,2017-11,Warwickshire Police,Warwickshire Police,-1.713346,52.285573,On or near Lye Green Road,E01031195,Stratford-on-Avon 002A,Vehicle crime,Investigation complete; no suspect identified,
40a54756c5cb09a0cefdc2d99e231060be17952b0ef0704af56ba79f28993130,2017-11,Warwickshire Police,Warwickshire Police,-1.713346,52.285573,On or near Lye Green Road,E01031195,Stratford-on-Avon 002A,Vehicle crime,Investigation complete; no suspect identified,
8c4d2c275f73d37808758d4b3960cadb78c3d87f513f2036dbc11ff1c5df9abc,2017-11,Warwickshire Police,Warwickshire Police,-1.737402,52.245936,On or near Grange Road,E01031195,Stratford-on-Avon 002A,Violence and sexual offences,Court case unable to proceed,
4e62c681fd4c32964cab9edf60fb5479c0871b6408811f9500e08338d0b1fa3f,2017-11,Warwickshire Police,Warwickshire Police,-1.737402,52.245936,On or near Grange Road,E01031195,Stratford-on-Avon 002A,Violence and sexual offences,Formal action is not in the public interest,
,2017-11,Warwickshire Police,Warwickshire Police,-1.779590,52.291990,On or near Beaudesert Lane,E01031202,Stratford-on-Avon 002B,Anti-social behaviour,,
,2017-11,Warwickshire Police,Warwickshire Police,-1.779771,52.293896,On or near Police Station,E01031202,Stratford-on-Avon 002B,Anti-social behaviour,,
,2017-11,Warwickshire Police,Warwickshire Police,-1.780189,52.286570,On or near Littleworth,E01031202,Stratford-on-Avon 002B,Anti-social behaviour,,
150ea527c0c4ad367bf6d61adc3a8ce2f8e0e96c0e640544965dd7b38d02db4b,2017-11,Warwickshire Police,Warwickshire Police,-1.778883,52.289687,On or near Fieldhouse Close,E01031202,Stratford-on-Avon 002B,Burglary,Investigation complete; no suspect identified,
691f52bff7d27e042d82176e2056b1efcee5d413e33e1769838e223cd24cf538,2017-11,Warwickshire Police,Warwickshire Police,-1.778883,52.289687,On or near Fieldhouse Close,E01031202,Stratford-on-Avon 002B,Burglary,Investigation complete; no suspect identified,
01c7b3024464a28e1885a235d60f215131151c562034e4fdfb9c27ea823c1c71,2017-11,Warwickshire Police,Warwickshire Police,-1.780189,52.286570,On or near Littleworth,E01031202,Stratford-on-Avon 002B,Criminal damage and arson,Status update unavailable,
b3361b6de37cf30608b5410a1c70d0619948fc468eb1247982cab64189c634a2,2017-11,Warwickshire Police,Warwickshire Police,-1.782970,52.287465,On or near New Road,E01031202,Stratford-on-Avon 002B,Other theft,Investigation complete; no suspect identified,
c80dd5bcd03a24e0f643481176210b5a6a6873b19fb1fb09c54fa4449e855835,2017-11,Warwickshire Police,Warwickshire Police,-1.777924,52.296716,On or near Millfield Court,E01031202,Stratford-on-Avon 002B,Other theft,Investigation complete; no suspect identified,
811814010b2ab9a0d52e3f6402ae14b091406d3fbbd3ea3b0ee5aed17afe4a53,2017-11,Warwickshire Police,Warwickshire Police,-1.779695,52.294579,On or near Doctors Lane,E01031202,Stratford-on-Avon 002B,Public order,Status update unavailable,
660332fd304fd2005e752260c27c67d3fedff8b6ac80022ca8c433ffee120a9d,2017-11,Warwickshire Police,Warwickshire Police,-1.778271,52.294891,On or near Ashbury Court,E01031202,Stratford-on-Avon 002B,Vehicle crime,Investigation complete; no suspect identified,
2711d45c47e69fadc4b22a03c850646ae1d2a769a3b2bff3c9dd75c6f9d3e846,2017-11,Warwickshire Police,Warwickshire Police,-1.780131,52.292207,On or near High Street,E01031202,Stratford-on-Avon 002B,Violence and sexual offences,Unable to prosecute suspect,
,2017-11,Warwickshire Police,Warwickshire Police,-1.776759,52.289413,On or near Riverside Gardens,E01031203,Stratford-on-Avon 002C,Anti-social behaviour,,
c178677ce7c8406cd5e17b5b764e778ae0db2071f0f8952f5c1db736e810bf5d,2017-11,Warwickshire Police,Warwickshire Police,-1.774745,52.290488,On or near Mount Road,E01031203,Stratford-on-Avon 002C,Burglary,Investigation complete; no suspect identified,
615fca4a191f7b8e566c570ffac91425995e459eeabded1437f1f8c8f1515d46,2017-11,Warwickshire Police,Warwickshire Police,-1.775612,52.290040,On or near Meadow Road,E01031203,Stratford-on-Avon 002C,Burglary,Investigation complete; no suspect identified,
430a6deef4fc741087f9d01e9cb1da63e9d26b8474b1cba4eda98a55cc503bfb,2017-11,Warwickshire Police,Warwickshire Police,-1.775612,52.290040,On or near Meadow Road,E01031203,Stratford-on-Avon 002C,Burglary,Investigation complete; no suspect identified,
fd5984278836f0ebfedad80d68fb7d45a6c5d864ffb873a22d033c01d16517dd,2017-11,Warwickshire Police,Warwickshire Police,-1.781273,52.295616,On or near Cherry Orchard,E01031203,Stratford-on-Avon 002C,Drugs,Offender given a drugs possession warning,
1aa1800b3bc9be7ca29dcc14fb5622bb9578de4d4fcf49b69f9a2d8459dadd28,2017-11,Warwickshire Police,Warwickshire Police,-1.780129,52.280798,On or near Sports/Recreation Area,E01031203,Stratford-on-Avon 002C,Violence and sexual offences,Unable to prosecute suspect,
2af1ffa9311947ac4c823ec0f1500875eeb05f366fbf544e609a5190764a75a1,2017-11,Warwickshire Police,Warwickshire Police,-1.772649,52.290403,On or near Castle Road,E01031203,Stratford-on-Avon 002C,Other crime,Status update unavailable,
,2017-11,Warwickshire Police,Warwickshire Police,-1.735683,52.256649,On or near Park/Open Space,E01031204,Stratford-on-Avon 002D,Anti-social behaviour,,
ebdc46964a855ef6cf567008bec926b98a830e823a6fff07bfa44e7c402a875b,2017-11,Warwickshire Police,Warwickshire Police,-1.782985,52.275328,On or near The Square,E01031204,Stratford-on-Avon 002D,Burglary,Investigation complete; no suspect identified,
af77a5cd5fde766de461a9b76e9f3583dd253efb9662856b82bbc897f2b3b23d,2017-11,Warwickshire Police,Warwickshire Police,-1.772597,52.268881,On or near Riverside Drive,E01031204,Stratford-on-Avon 002D,Violence and sexual offences,Unable to prosecute suspect,
,2017-11,Warwickshire Police,Warwickshire Police,-1.892346,52.270812,On or near Manor Road,E01031239,Stratford-on-Avon 003A,Anti-social behaviour,,
,2017-11,Warwickshire Police,Warwickshire Police,-1.890453,52.271602,On or near Mallard Road,E01031239,Stratford-on-Avon 003A,Anti-social behaviour,,
,2017-11,Warwickshire Police,Warwickshire Police,-1.894907,52.272379,On or near Needle Close,E01031239,Stratford-on-Avon 003A,Anti-social behaviour,,
7b57487f2255f5630209b40647b02d54ec1e503f7c81090fd82a53997cefdcfb,2017-11,Warwickshire Police,Warwickshire Police,-1.894680,52.269115,On or near New Road,E01031239,Stratford-on-Avon 003A,Burglary,Investigation complete; no suspect identified,
f6e79e2b64d2463bfcbae0ff3c24907c12a616dfc173095e6ba91f8b4bd6a9b8,2017-11,Warwickshire Police,Warwickshire Police,-1.891287,52.272331,On or near Teal Road,E01031239,Stratford-on-Avon 003A,Criminal damage and arson,Investigation complete; no suspect identified,
e2a462a91f8245c063852ee05a170d609e5fa1bd46e8a6de4b1d914043ea71aa,2017-11,Warwickshire Police,Warwickshire Police,-1.894247,52.272603,On or near Supermarket,E01031239,Stratford-on-Avon 003A,Possession of weapons,Status update unavailable,
10e745b67cefc40a34a3184ef4628d436258e9e90c5277253eec916d1c0241cb,2017-11,Warwickshire Police,Warwickshire Police,-1.892602,52.274112,On or near Saxon Close,E01031239,Stratford-on-Avon 003A,Shoplifting,Status update unavailable,
04094630d1ca2881b378dac040efdf6ddc56c98700a53c21ec6765fc6292ff17,2017-11,Warwickshire Police,Warwickshire Police,-1.892926,52.273186,On or near Bell Mead,E01031239,Stratford-on-Avon 003A,Vehicle crime,Investigation complete; no suspect identified,
2e3671e77e313ab0e87af4ce644eddad48224c845254d34c2c312e7236faef37,2017-11,Warwickshire Police,Warwickshire Police,-1.895964,52.271508,On or near Atcheson Close,E01031239,Stratford-on-Avon 003A,Violence and sexual offences,Status update unavailable,
,2017-11,Warwickshire Police,Warwickshire Police,-1.896426,52.274511,On or near Crendon Close,E01031240,Stratford-on-Avon 003B,Anti-social behaviour,,
,2017-11,Warwickshire Police,Warwickshire Police,-1.897191,52.273019,On or near Albert Close,E01031240,Stratford-on-Avon 003B,Anti-social behaviour,,
246b18709517e37ceb557ab443450717c10d447a85aa508a7ece8601ecd2ff24,2017-11,Warwickshire Police,Warwickshire Police,-1.896426,52.274511,On or near Crendon Close,E01031240,Stratford-on-Avon 003B,Other theft,Investigation complete; no suspect identified,
3c99d0fe70aecbc6b1540b9ed0b965508cbb31bb6a02dd82115bf4563e2c1af3,2017-11,Warwickshire Police,Warwickshire Police,-1.900960,52.271971,On or near Archer Close,E01031240,Stratford-on-Avon 003B,Violence and sexual offences,Status update unavailable,
,2017-11,Warwickshire Police,Warwickshire Police,-1.898426,52.271321,On or near Sports/Recreation Area,E01031241,Stratford-on-Avon 003C,Anti-social behaviour,,
,2017-11,Warwickshire Police,Warwickshire Police,-1.897958,52.270943,On or near Pool Road,E01031241,Stratford-on-Avon 003C,Anti-social behaviour,,
82923f71eb28faf334733702bcda22245789308b476db108f9206acacf911780,2017-11,Warwickshire Police,Warwickshire Police,-1.900014,52.269075,On or near Crooks Lane,E01031241,Stratford-on-Avon 003C,Bicycle theft,Investigation complete; no suspect identified,
b8bf3b1a73a1a3a56565063864679d3ba6f7d89feac8309a3bc8825b9e384a42,2017-11,Warwickshire Police,Warwickshire Police,-1.895549,52.267309,On or near Grey'S Road,E01031241,Stratford-on-Avon 003C,Violence and sexual offences,Unable to prosecute suspect,
1b88773643854f3f1010d35c936117f3d917a032bf2db7f05e18a7593b2ad34d,2017-11,Warwickshire Police,Warwickshire Police,-1.895549,52.267309,On or near Grey'S Road,E01031241,Stratford-on-Avon 003C,Violence and sexual offences,Unable to prosecute suspect,
,2017-11,Warwickshire Police,Warwickshire Police,-1.899039,52.265918,On or near Littlewood Green,E01031242,Stratford-on-Avon 003D,Anti-social behaviour,,
fe590978d6ea024b419656d97d6884145b82b244759f84774524619bb54f91e5,2017-11,Warwickshire Police,Warwickshire Police,-1.900373,52.266054,On or near The Grove,E01031242,Stratford-on-Avon 003D,Criminal damage and arson,Investigation complete; no suspect identified,
53ec9ba94c2ef72263c7b710b9b5b20c49656cf90798b601cc97e719ad8f6d7d,2017-11,Warwickshire Police,Warwickshire Police,-1.893185,52.262857,On or near Holt Road,E01031242,Stratford-on-Avon 003D,Vehicle crime,Investigation complete; no suspect identified,
8a216b7e9641be993019d41532646b5fa8b186545c184c95f68d00560e520575,2017-11,Warwickshire Police,Warwickshire Police,-1.892355,52.266991,On or near Alcester Road,E01031242,Stratford-on-Avon 003D,Vehicle crime,Investigation complete; no suspect identified,
0d79018f94c075d65ea1adbca0bf4a5a23dfa9b8e45723a3f6d125379347d945,2017-11,Warwickshire Police,Warwickshire Police,-1.898321,52.266125,On or near Mill Pleck,E01031242,Stratford-on-Avon 003D,Vehicle crime,Investigation complete; no suspect identified,
bc7b57a6c41fc3bc1c83545b79cb27fbf45430fc30d20fd7871477ba3bcc4d62,2017-11,Warwickshire Police,Warwickshire Police,-1.894013,52.266229,On or near Green Close,E01031242,Stratford-on-Avon 003D,Violence and sexual offences,Status update unavailable,
4928a884cdb96e5c03b1a72c999d473290b0a10c3a6a2bc4e047c272d3a20313,2017-11,Warwickshire Police,Warwickshire Police,-1.894013,52.266229,On or near Green Close,E01031242,Stratford-on-Avon 003D,Violence and sexual offences,Status update unavailable,
8081b81f04e7fb05d358d19967249bc103b0fe136359eba395476196fd52fe3e,2017-11,Warwickshire Police,Warwickshire Police,-1.894013,52.266229,On or near Green Close,E01031242,Stratford-on-Avon 003D,Violence and sexual offences,Status update unavailable,
d7d6af08f45b179af39432ab13621c18b95fbfd993d04122a12cc01efade44e6,2017-11,Warwickshire Police,Warwickshire Police,-1.894013,52.266229,On or near Green Close,E01031242,Stratford-on-Avon 003D,Violence and sexual offences,Status update unavailable,
efcda16b0d0d9ff74904cee08c29f4100ebcaa2fcdad1e693310b225e892baac,2017-11,Warwickshire Police,Warwickshire Police,-1.892254,52.266245,On or near Park Avenue,E01031242,Stratford-on-Avon 003D,Violence and sexual offences,Status update unavailable,
6575180836be7a168b4b516db6fd0c9a6b42d74f64e4fde1b3fb851a1790603b,2017-11,Warwickshire Police,Warwickshire Police,-1.892254,52.266245,On or near Park Avenue,E01031242,Stratford-on-Avon 003D,Violence and sexual offences,Status update unavailable,
7d817aadec1694bef65fa72acfcd5190793dc31abbdc0457c42ce99959b0f70c,2017-11,Warwickshire Police,Warwickshire Police,-1.892355,52.266991,On or near Alcester Road,E01031242,Stratford-on-Avon 003D,Violence and sexual offences,Investigation complete; no suspect identified,
13408892f40eac196b529a24faaf7a85f8f2ecb1840ef0ff935d18a55f9dd510,2017-11,Warwickshire Police,Warwickshire Police,-1.385581,52.255095,On or near St Mary'S Close,E01031219,Stratford-on-Avon 004A,Vehicle crime,Investigation complete; no suspect identified,
53a80699a6ead39f4114160a6fbde4d3e7c1cf971ea27b80319c149efc3f83b3,2017-11,Warwickshire Police,Warwickshire Police,-1.371190,52.252358,On or near Daventry Road,E01031219,Stratford-on-Avon 004A,Violence and sexual offences,Status update unavailable,
5a537aff8d6f53692eb1c5b9b72bf2c9378d3006a71dc17f3031a72346bfc380,2017-11,Warwickshire Police,Warwickshire Police,-1.390140,52.259155,On or near Linley Road,E01031220,Stratford-on-Avon 004B,Burglary,Investigation complete; no suspect identified,
bdf07b206fcdd78712ad8f0871a668b219f1594be65c85afacbca2b0f313330b,2017-11,Warwickshire Police,Warwickshire Police,-1.391046,52.257200,On or near Springs Crescent,E01031220,Stratford-on-Avon 004B,Criminal damage and arson,Investigation complete; no suspect identified,
1980f0516ae14925d362be31806fef55944a150519bd31db641549b5110be539,2017-11,Warwickshire Police,Warwickshire Police,-1.391763,52.255100,On or near St James Road,E01031220,Stratford-on-Avon 004B,Other theft,Investigation complete; no suspect identified,
7784d152fc31051fa9e0b70bf5ba2d3f7c415c8975272ff5b35f86871f8932c1,2017-11,Warwickshire Police,Warwickshire Police,-1.388040,52.255279,On or near Coventry Street,E01031220,Stratford-on-Avon 004B,Other theft,Investigation complete; no suspect identified,
5e8a22c8ed749f02dea7a8db5d06318f06d7f19a5c5ced341bdf9d67494755cf,2017-11,Warwickshire Police,Warwickshire Police,-1.390140,52.259155,On or near Linley Road,E01031220,Stratford-on-Avon 004B,Other theft,Unable to prosecute suspect,
90b1fd0e67b656b6ee9390957338a44a74cb69d55202e0193e572d7a2e4698f4,2017-11,Warwickshire Police,Warwickshire Police,-1.390140,52.259155,On or near Linley Road,E01031220,Stratford-on-Avon 004B,Vehicle crime,Investigation complete; no suspect identified,
ae3ac5a888bd026bd12e9aba8dacee517e581cf7c613cb80babeea7f4fbff168,2017-11,Warwickshire Police,Warwickshire Police,-1.391763,52.255100,On or near St James Road,E01031220,Stratford-on-Avon 004B,Violence and sexual offences,Status update unavailable,
,2017-11,Warwickshire Police,Warwickshire Police,-1.389958,52.253221,On or near Park Lane,E01031221,Stratford-on-Avon 004C,Anti-social behaviour,,
,2017-11,Warwickshire Police,Warwickshire Police,-1.394914,52.256051,On or near Mill Road,E01031221,Stratford-on-Avon 004C,Anti-social behaviour,,
,2017-11,Warwickshire Police,Warwickshire Police,-1.394914,52.256051,On or near Mill Road,E01031221,Stratford-on-Avon 004C,Anti-social behaviour,,
,2017-11,Warwickshire Police,Warwickshire Police,-1.396617,52.255817,On or near Hilltop Close,E01031221,Stratford-on-Avon 004C,Anti-social behaviour,,
,2017-11,Warwickshire Police,Warwickshire Police,-1.390532,52.254078,On or near Parkfields,E01031221,Stratford-on-Avon 004C,Anti-social behaviour,,
,2017-11,Warwickshire Police,Warwickshire Police,-1.390798,52.253863,On or near Horsewell,E01031221,Stratford-on-Avon 004C,Anti-social behaviour,,
ddf840006931fc94877328263ed2651832fb0d821b0630b4a6bd22fde6557f28,2017-11,Warwickshire Police,Warwickshire Police,-1.393160,52.252590,On or near Watton'S Lane,E01031221,Stratford-on-Avon 004C,Burglary,Investigation complete; no suspect identified,
c21c9f62a26e288cb4b1059b0d195134ee655a265bd7b74622c13cf481244abd,2017-11,Warwickshire Police,Warwickshire Police,-1.393160,52.252590,On or near Watton'S Lane,E01031221,Stratford-on-Avon 004C,Burglary,Investigation complete; no suspect identified,
d69d40a438944c6cc56c27e74664003f4eed38fa9c90e0c0ad3a3ab50d6c2449,2017-11,Warwickshire Police,Warwickshire Police,-1.397151,52.255335,On or near Hillyard Road,E01031221,Stratford-on-Avon 004C,Vehicle crime,Investigation complete; no suspect identified,
c62ddcf2d21cd08662e9d24bbd440834c8f767a2d3760b53b29a361eeff9975e,2017-11,Warwickshire Police,Warwickshire Police,-1.398712,52.256871,On or near Old Ford Avenue,E01031221,Stratford-on-Avon 004C,Vehicle crime,Investigation complete; no suspect identified,
50fbdd629b4a3428e8b477344b0ff4512572906b8283ec900952766dfbeaa31b,2017-11,Warwickshire Police,Warwickshire Police,-1.396672,52.253912,On or near Holywell Road,E01031221,Stratford-on-Avon 004C,Vehicle crime,Investigation complete; no suspect identified,
ff8d3637713802e0685cc051f683814f095746e89143240a4aae00386a193e14,2017-11,Warwickshire Police,Warwickshire Police,-1.392076,52.260046,On or near Ploughmans Holt,E01031221,Stratford-on-Avon 004C,Vehicle crime,Investigation complete; no suspect identified,
daaea047019b0326a905c27a81d3d96a7cf2ba6428921d0b2f654ac2ea6adb4d,2017-11,Warwickshire Police,Warwickshire Police,-1.394914,52.256051,On or near Mill Road,E01031221,Stratford-on-Avon 004C,Violence and sexual offences,Status update unavailable,
417ced8699902925ebfc2dad02524215cc4afabcd6a12267048fa85af0093620,2017-11,Warwickshire Police,Warwickshire Police,-1.408845,52.260581,On or near Welsh Road,E01031221,Stratford-on-Avon 004C,Violence and sexual offences,Status update unavailable,
c653e6505ec1930d2598f9db5b43bf0eaaa515012c4321698443ec33c1b15694,2017-11,Warwickshire Police,Warwickshire Police,-1.394914,52.256051,On or near Mill Road,E01031221,Stratford-on-Avon 004C,Violence and sexual offences,Status update unavailable,
,2017-11,Warwickshire Police,Warwickshire Police,-1.398971,52.249653,On or near Newstead Drive,E01031222,Stratford-on-Avon 004D,Anti-social behaviour,,
,2017-11,Warwickshire Police,Warwickshire Police,-1.394798,52.248481,On or near Hurst Road,E01031222,Stratford-on-Avon 004D,Anti-social behaviour,,
,2017-11,Warwickshire Police,Warwickshire Police,-1.386405,52.253760,On or near Parking Area,E01031222,Stratford-on-Avon 004D,Anti-social behaviour,,
26c89d25c8785aa16fe46ec2a12431229155053bab3746d789f1fb58b5cf1e75,2017-11,Warwickshire Police,Warwickshire Police,-1.388975,52.246886,On or near Parking Area,E01031222,Stratford-on-Avon 004D,Burglary,Local resolution,
27bd58a35478b617d4b0f7d73cca8fa37878806e499c2c5d73a963cec1c2b104,2017-11,Warwickshire Police,Warwickshire Police,-1.387322,52.252029,On or near Craven Lane,E01031222,Stratford-on-Avon 004D,Criminal damage and arson,Investigation complete; no suspect identified,
a9e8ffbf8c9cea3e5eae1e8984addc457208864d012b99c2b5ac18c965f5594e,2017-11,Warwickshire Police,Warwickshire Police,-1.398834,52.245714,On or near Kineton Road,E01031222,Stratford-on-Avon 004D,Other theft,Investigation complete; no suspect identified,
188dc6c09ad322f9e4753bbc3bd02af1588e0da825f9f5da06bc3b7b9244c74c,2017-11,Warwickshire Police,Warwickshire Police,-1.400729,52.249599,On or near Hartley Gardens,E01031222,Stratford-on-Avon 004D,Other theft,Investigation complete; no suspect identified,
81507b15ce0b845bc3d88999fea16563158518a8e27bc28ed06a8b4be652ad90,2017-11,Warwickshire Police,Warwickshire Police,-1.400729,52.249599,On or near Hartley Gardens,E01031222,Stratford-on-Avon 004D,Shoplifting,Investigation complete; no suspect identified,
cdb794cd8291a9029c68c88ac01c9f37f5374cfa1c6bc77a95ceb417fb635f94,2017-11,Warwickshire Police,Warwickshire Police,-1.400729,52.249599,On or near Hartley Gardens,E01031222,Stratford-on-Avon 004D,Shoplifting,Status update unavailable,
f14156595a2069ee175bdbd934799ef52b7352ed901786af8ce92ba3cdd6f3f6,2017-11,Warwickshire Police,Warwickshire Police,-1.388395,52.251783,On or near Supermarket,E01031222,Stratford-on-Avon 004D,Shoplifting,Status update unavailable,
6b6190be254aa507e1b8879c9d833af09a5f5fd8a04c002f097f186579f53ddc,2017-11,Warwickshire Police,Warwickshire Police,-1.388434,52.250039,On or near Tattle Bank,E01031222,Stratford-on-Avon 004D,Vehicle crime,Investigation complete; no suspect identified,
e98e85ffbfab662e22a70c81dc444a92b6ae7166ed378888a7cea3830fcef66f,2017-11,Warwickshire Police,Warwickshire Police,-1.400729,52.249599,On or near Hartley Gardens,E01031222,Stratford-on-Avon 004D,Violence and sexual offences,Status update unavailable,
e4be1af8db948bfc7ad7f78aed998712e471f90b0a766ea3f000d53218092991,2017-11,Warwickshire Police,Warwickshire Police,-1.394798,52.248481,On or near Hurst Road,E01031222,Stratford-on-Avon 004D,Violence and sexual offences,Status update unavailable,
bc774ed677187bf83a566d2189a5b4ea92eaabf9f1853c173a307b41e58042ef,2017-11,Warwickshire Police,Warwickshire Police,-1.400729,52.249599,On or near Hartley Gardens,E01031222,Stratford-on-Avon 004D,Violence and sexual offences,Investigation complete; no suspect identified,
597425a8ba5f4edad02ec2cbd792c937222cc1c3bbae2e92c9b58f98841b50f9,2017-11,Warwickshire Police,Warwickshire Police,-1.385642,52.252821,On or near School Street,E01031222,Stratford-on-Avon 004D,Violence and sexual offences,Status update unavailable,
9883737f6645b46a19975f09a46a8579fef7239a67e48c5c93a76b577023e17b,2017-11,Warwickshire Police,Warwickshire Police,-1.400729,52.249599,On or near Hartley Gardens,E01031222,Stratford-on-Avon 004D,Violence and sexual offences,Unable to prosecute suspect,
df60cc49238624e887354baad77a9689dbf2dc3d14b45c975a2b19c39b2e6df1,2017-11,Warwickshire Police,Warwickshire Police,-1.394798,52.248481,On or near Hurst Road,E01031222,Stratford-on-Avon 004D,Violence and sexual offences,Status update unavailable,
,2017-11,Warwickshire Police,Warwickshire Police,-1.361765,52.269039,On or near Earles Close,E01031223,Stratford-on-Avon 004E,Anti-social behaviour,,
,2017-11,Warwickshire Police,Warwickshire Police,-1.360963,52.269826,On or near School Street,E01031223,Stratford-on-Avon 004E,Anti-social behaviour,,
,2017-11,Warwickshire Police,Warwickshire Police,-1.358270,52.272598,On or near George Street,E01031223,Stratford-on-Avon 004E,Anti-social behaviour,,
,2017-11,Warwickshire Police,Warwickshire Police,-1.361119,52.268127,On or near Glebe Close,E01031223,Stratford-on-Avon 004E,Anti-social behaviour,,
,2017-11,Warwickshire Police,Warwickshire Police,-1.363195,52.269505,On or near St Michael'S Crescent,E01031223,Stratford-on-Avon 004E,Anti-social behaviour,,
8d0b19c89ac63d245cd23b423c89f0d52d353657bddcbae47af5b98ce65d1bd4,2017-11,Warwickshire Police,Warwickshire Police,-1.358270,52.272598,On or near George Street,E01031223,Stratford-on-Avon 004E,Criminal damage and arson,Investigation complete; no suspect identified,
adebdc682ffe08caeaae7282ba5b8b0915c4cdb545c4b73f9347c941e1be79cb,2017-11,Warwickshire Police,Warwickshire Police,-1.361119,52.268127,On or near Glebe Close,E01031223,Stratford-on-Avon 004E,Criminal damage and arson,Investigation complete; no suspect identified,
1bc5ca4420fa476158541dadd95994073892e54605bd7d494c76887eec8e66c2,2017-11,Warwickshire Police,Warwickshire Police,-1.362614,52.271165,On or near Mount Pleasant Close,E01031223,Stratford-on-Avon 004E,Other theft,Investigation complete; no suspect identified,
984e91ec1e02f1b8fe9dfd5ac78c99c94af90928e4976055eea3cbd892554d47,2017-11,Warwickshire Police,Warwickshire Police,-1.359513,52.272812,On or near Elm Row,E01031223,Stratford-on-Avon 004E,Vehicle crime,Investigation complete; no suspect identified,
c62e534b58482c454221ba23b47ac16c7a6fe4cae9af22dc2ab02c04af09ba2e,2017-11,Warwickshire Police,Warwickshire Police,-1.358852,52.270902,On or near Orchard Grove,E01031223,Stratford-on-Avon 004E,Violence and sexual offences,Status update unavailable,
c9753a06e4a2d55ddd820fb5424ea78c55d08ac2e12b588b46bc7417ee1af411,2017-11,Warwickshire Police,Warwickshire Police,-1.360597,52.271820,On or near Napton Road,E01031223,Stratford-on-Avon 004E,Other crime,Court result unavailable,
,2017-11,Warwickshire Police,Warwickshire Police,-1.338723,52.249753,On or near Parking Area,E01031224,Stratford-on-Avon 004F,Anti-social behaviour,,
,2017-11,Warwickshire Police,Warwickshire Police,-1.318548,52.249054,On or near Vicarage Road,E01031224,Stratford-on-Avon 004F,Anti-social behaviour,,
5cb7138f044a6093ae35c7e5e6ad717f70cb6900bd2024ef0b34951f38ead3d6,2017-11,Warwickshire Police,Warwickshire Police,-1.321874,52.245163,On or near Cox'S Lane,E01031224,Stratford-on-Avon 004F,Burglary,Investigation complete; no suspect identified,
670b4a80a32da903163fdf6f63f6e4df7e37a8a04d3fcef1fb21c045c8cef717,2017-11,Warwickshire Police,Warwickshire Police,-1.319912,52.253764,On or near Petrol Station,E01031224,Stratford-on-Avon 004F,Criminal damage and arson,Investigation complete; no suspect identified,
fb1044b124e67694714832f93afd78683a3bf87c88e9cfd300c1d8d88bb95cac,2017-11,Warwickshire Police,Warwickshire Police,-1.321058,52.252548,On or near Hillside Croft,E01031224,Stratford-on-Avon 004F,Criminal damage and arson,Investigation complete; no suspect identified,
1b9b40544df8c25559569322af31258fa280c45314222050c5982af394673205,2017-11,Warwickshire Police,Warwickshire Police,-1.321058,52.252548,On or near Hillside Croft,E01031224,Stratford-on-Avon 004F,Vehicle crime,Unable to prosecute suspect,
f05be80fb01cefe0a27c3adaad936270f1dfe01afd5e0458bbb50e07dc989baa,2017-11,Warwickshire Police,Warwickshire Police,-1.273048,52.256461,On or near Park Hill,E01031224,Stratford-on-Avon 004F,Vehicle crime,Investigation complete; no suspect identified,
90205af08cdcf71ea6b704e54b8b64e425b2093f27a82f06eecdf55a120c9ba7,2017-11,Warwickshire Police,Warwickshire Police,-1.326835,52.245470,On or near Poplar Road,E01031224,Stratford-on-Avon 004F,Vehicle crime,Investigation complete; no suspect identified,
05eddfad25b5943471399e972a29791153f5ae38a5e3fe8b689bc560ca1bd1a8,2017-11,Warwickshire Police,Warwickshire Police,-1.318548,52.249054,On or near Vicarage Road,E01031224,Stratford-on-Avon 004F,Violence and sexual offences,Status update unavailable,
7115d77937e5620f6fe7d7c8c73c3edec8391264342f5ac5bfb8de8d3fec45c8,2017-11,Warwickshire Police,Warwickshire Police,-1.316199,52.245579,On or near Dog Lane,E01031224,Stratford-on-Avon 004F,Violence and sexual offences,Status update unavailable,
5b7e5c221208500d4ec6a2c73ffe252004ea31127d0b71a4af94d061f0875aa0,2017-11,Warwickshire Police,Warwickshire Police,-1.308611,52.203244,On or near Welsh Road,E01031197,Stratford-on-Avon 005A,Burglary,Investigation complete; no suspect identified,
6663c63bedfcdc3aa12c55ec7dfae9380ee7da09af80d3d5c42b8d8d90ee66de,2017-11,Warwickshire Police,Warwickshire Police,-1.333644,52.224021,On or near Welsh Road,E01031197,Stratford-on-Avon 005A,Other theft,Investigation complete; no suspect identified,
5c20960a213133b694e163e6ed7fe56aa9d8b91d21ee38d28e6b0ec424c50bf5,2017-11,Warwickshire Police,Warwickshire Police,-1.285296,52.211799,On or near Hellidon Road,E01031197,Stratford-on-Avon 005A,Vehicle crime,Investigation complete; no suspect identified,
dab26d59ef2a566a8190610c1c2a44cba8bc7e34d5eeb3088f35b3d219482045,2017-11,Warwickshire Police,Warwickshire Police,-1.411174,52.232947,On or near B4451,E01031197,Stratford-on-Avon 005A,Violence and sexual offences,Court result unavailable,
,2017-11,Warwickshire Police,Warwickshire Police,-1.363049,52.147629,On or near Hay Pool,E01031198,Stratford-on-Avon 005B,Anti-social behaviour,,
22e2cbdd9ee4af85a15b935c5d0df0d70c0c273d2d06b55f21426d8dcbc3d880,2017-11,Warwickshire Police,Warwickshire Police,-1.367967,52.172919,On or near A423,E01031198,Stratford-on-Avon 005B,Burglary,Investigation complete; no suspect identified,
5812dd4fdf8ca61f82d96db166b2e2767b167d1fd6b8f2507349f456cf9a6a88,2017-11,Warwickshire Police,Warwickshire Police,-1.403818,52.144722,On or near Sports/Recreation Area,E01031198,Stratford-on-Avon 005B,Drugs,Status update unavailable,
2eabdef15efc2e6b636f55ee4b0d9c452dc5879cca2c03259b68ecfea7e52b0d,2017-11,Warwickshire Police,Warwickshire Police,-1.363049,52.147629,On or near Hay Pool,E01031198,Stratford-on-Avon 005B,Vehicle crime,Investigation complete; no suspect identified,
4556467bb497cfc30b1be273d4859c96df08c814df6bc4817a03758038412015,2017-11,Warwickshire Police,Warwickshire Police,-1.363049,52.147629,On or near Hay Pool,E01031198,Stratford-on-Avon 005B,Vehicle crime,Investigation complete; no suspect identified,
f417c5d259101bfdeee2870a53b5d94efba10955fe71b7b9ce6a810504914abc,2017-11,Warwickshire Police,Warwickshire Police,-1.403818,52.144722,On or near Sports/Recreation Area,E01031198,Stratford-on-Avon 005B,Other crime,Unable to prosecute suspect,
,2017-11,Warwickshire Police,Warwickshire Police,-1.436100,52.215241,On or near Plough Lane,E01031199,Stratford-on-Avon 005C,Anti-social behaviour,,
,2017-11,Warwickshire Police,Warwickshire Police,-1.436100,52.215241,On or near Plough Lane,E01031199,Stratford-on-Avon 005C,Anti-social behaviour,,
cfbf31d6bfdc364807882180a7d8171ae2b390cfbc5fd2ade8ade7cb9caaa80c,2017-11,Warwickshire Police,Warwickshire Police,-1.502021,52.218054,On or near Petrol Station,E01031199,Stratford-on-Avon 005C,Criminal damage and arson,Investigation complete; no suspect identified,
7cb62b5d1444a27d7545fb09b373c747d5a9fe95ab473f980145a85a10274902,2017-11,Warwickshire Police,Warwickshire Police,-1.502021,52.218054,On or near Petrol Station,E01031199,Stratford-on-Avon 005C,Criminal damage and arson,Investigation complete; no suspect identified,
3ee14252e2213d7bab2ab143f6a09fcc129dda037a0c21f33922d25cd56b781b,2017-11,Warwickshire Police,Warwickshire Police,-1.502021,52.218054,On or near Petrol Station,E01031199,Stratford-on-Avon 005C,Drugs,Court result unavailable,
475f3c5fe4a2c9137677c591e3aa35bdceba1965d8aaef5f4a66ba46e12220fc,2017-11,Warwickshire Police,Warwickshire Police,-1.502021,52.218054,On or near Petrol Station,E01031199,Stratford-on-Avon 005C,Other theft,Investigation complete; no suspect identified,
881040cf81a1e7b5be0bdf4416b006b9b89ca8a19c26829e8820411e456a62a4,2017-11,Warwickshire Police,Warwickshire Police,-1.502021,52.218054,On or near Petrol Station,E01031199,Stratford-on-Avon 005C,Other theft,Investigation complete; no suspect identified,
d68a93863aaa1bc1572b51f284cf09047e484b54970d36ecd4dd9c05a823e209,2017-11,Warwickshire Police,Warwickshire Police,-1.502021,52.218054,On or near Petrol Station,E01031199,Stratford-on-Avon 005C,Other theft,Investigation complete; no suspect identified,
383559110699b810f0968d807a07630f4de099194169254476f806e4d9fb82eb,2017-11,Warwickshire Police,Warwickshire Police,-1.502021,52.218054,On or near Petrol Station,E01031199,Stratford-on-Avon 005C,Other theft,Investigation complete; no suspect identified,
d72ec2e20455dfb00ed59cb7204567af03fe23762aa301608c3f9720dcdacfea,2017-11,Warwickshire Police,Warwickshire Police,-1.502021,52.218054,On or near Petrol Station,E01031199,Stratford-on-Avon 005C,Other theft,Status update unavailable,
50e47531a9d34843330d907e570cf61e83777520304582c3af2ec89d24353198,2017-11,Warwickshire Police,Warwickshire Police,-1.502021,52.218054,On or near Petrol Station,E01031199,Stratford-on-Avon 005C,Other theft,Investigation complete; no suspect identified,
97c2260b6a3874ab2051acb4c45a121824ecbb2ab4ee7919fc9a2261dd9843be,2017-11,Warwickshire Police,Warwickshire Police,-1.502021,52.218054,On or near Petrol Station,E01031199,Stratford-on-Avon 005C,Other theft,Investigation complete; no suspect identified,
b6b8c6986dd15fcd87fe5c2a7dabd09d24b333ed7d2041f97f80d85fd03c6a18,2017-11,Warwickshire Police,Warwickshire Police,-1.502021,52.218054,On or near Petrol Station,E01031199,Stratford-on-Avon 005C,Other theft,Investigation complete; no suspect identified,
9077c5e56a62ba15ad4a801fb23788169a53fd791a4866cff05bd54d014904fd,2017-11,Warwickshire Police,Warwickshire Police,-1.502021,52.218054,On or near Petrol Station,E01031199,Stratford-on-Avon 005C,Other theft,Investigation complete; no suspect identified,
32ebd87544d9523a117408b028a4e02db4811aa1328dba9a485a8eaca5133b7b,2017-11,Warwickshire Police,Warwickshire Police,-1.502021,52.218054,On or near Petrol Station,E01031199,Stratford-on-Avon 005C,Other theft,Status update unavailable,
341277a42e184f736780ddae55153ccdf181aa6500d57db9aa53822a3993d79a,2017-11,Warwickshire Police,Warwickshire Police,-1.463213,52.237834,On or near Leycester Close,E01031199,Stratford-on-Avon 005C,Other theft,Investigation complete; no suspect identified,
0706d886fdbdd8b75e8420b1cce8e1c54f821ffd7fd00b5e8e1b27b5d3716b52,2017-11,Warwickshire Police,Warwickshire Police,-1.502021,52.218054,On or near Petrol Station,E01031199,Stratford-on-Avon 005C,Other theft,Investigation complete; no suspect identified,
fafbef2890d7a9d7a3adbfc49454e8658a9a5cfab5c59d13e739a2640ae5b726,2017-11,Warwickshire Police,Warwickshire Police,-1.502021,52.218054,On or near Petrol Station,E01031199,Stratford-on-Avon 005C,Other theft,Investigation complete; no suspect identified,
4700c2ed9acd713f6a7b543e9a78d3e38ba1f2b5de2c5c6a00b1bcdc5d937eb7,2017-11,Warwickshire Police,Warwickshire Police,-1.502021,52.218054,On or near Petrol Station,E01031199,Stratford-on-Avon 005C,Other theft,Status update unavailable,
80a27bc8fc3c385175a9ef205ae003eca6a477ac8ab11e2b61c039ad471fda6b,2017-11,Warwickshire Police,Warwickshire Police,-1.502021,52.218054,On or near Petrol Station,E01031199,Stratford-on-Avon 005C,Public order,Status update unavailable,
5a93a9d45cf605cdd6fe20b14912daf84b2a93717ef9c7c3c10fc753130531c7,2017-11,Warwickshire Police,Warwickshire Police,-1.502021,52.218054,On or near Petrol Station,E01031199,Stratford-on-Avon 005C,Theft from the person,Investigation complete; no suspect identified,
c98b1736c302569f09859c26f8777be7e8722e6f6f339c1f294c11aec488f25f,2017-11,Warwickshire Police,Warwickshire Police,-1.502021,52.218054,On or near Petrol Station,E01031199,Stratford-on-Avon 005C,Vehicle crime,Investigation complete; no suspect identified,
36e37ca47e6ded0ba6c3bee9c1f616eb81e6e23546710c55334558da5ccf43a0,2017-11,Warwickshire Police,Warwickshire Police,-1.453590,52.234356,On or near Pineham Avenue,E01031199,Stratford-on-Avon 005C,Vehicle crime,Investigation complete; no suspect identified,
bb5e851b5dfb2e1681fa4c13248d3998d76c1c63eefdcc60af58d991a046b773,2017-11,Warwickshire Police,Warwickshire Police,-1.423690,52.232038,On or near Deppers Bridge,E01031199,Stratford-on-Avon 005C,Vehicle crime,Investigation complete; no suspect identified,
d7a52e5784f5e901a1d66d9e0d5faffb2ee34ff6402c995407d1ada1d16d39d5,2017-11,Warwickshire Police,Warwickshire Police,-1.502021,52.218054,On or near Petrol Station,E01031199,Stratford-on-Avon 005C,Vehicle crime,Investigation complete; no suspect identified,
577a66e80e84bb5d95f9c3b8f4694a11fe109456e357b59a4479fea9c418a273,2017-11,Warwickshire Police,Warwickshire Police,-1.502021,52.218054,On or near Petrol Station,E01031199,Stratford-on-Avon 005C,Vehicle crime,Investigation complete; no suspect identified,
02148aa7d36c05a915f7d688d670e5e3c770c114fcf6773c2dceced2a4aed668,2017-11,Warwickshire Police,Warwickshire Police,-1.502021,52.218054,On or near Petrol Station,E01031199,Stratford-on-Avon 005C,Violence and sexual offences,Status update unavailable,
66547a806236b148485aa450d50b3e99f7dc4baf23b523299e89b8527013b784,2017-11,Warwickshire Police,Warwickshire Police,-1.427780,52.215722,On or near Poplar Road,E01031200,Stratford-on-Avon 005D,Other theft,Investigation complete; no suspect identified,
2696951293a0a807e6afe03a5eb4c6dfc6ab3fd130fe4f85439d870eff46c32b,2017-11,Warwickshire Police,Warwickshire Police,-1.425363,52.218165,On or near Old Road,E01031200,Stratford-on-Avon 005D,Violence and sexual offences,Unable to prosecute suspect,
83601d04aa09be2778cb818c7c5fa96991fd6a8fe8703c8e2d78c52498263ee5,2017-11,Warwickshire Police,Warwickshire Police,-1.431023,52.215064,On or near Lakin Drive,E01031200,Stratford-on-Avon 005D,Violence and sexual offences,Status update unavailable,
e1d642aba7238f275b30b8c986773bb70bde016ab9214c0a3f1dc398bb308a0b,2017-11,Warwickshire Police,Warwickshire Police,-1.433382,52.218374,On or near Station Road,E01031200,Stratford-on-Avon 005D,Violence and sexual offences,Awaiting court outcome,
1314e01ec82febf6d844f3f5b17b9d1d8ad3a2edef2f8741146bece0d07dd657,2017-11,Warwickshire Police,Warwickshire Police,-1.426957,52.216006,On or near Orchard Close,E01031200,Stratford-on-Avon 005D,Violence and sexual offences,Awaiting court outcome,
38f57976561e47d7cbe359eb9a96cf27d4f0271a9111bcc56516c9114f2e1caf,2017-11,Warwickshire Police,Warwickshire Police,-1.454257,52.237299,On or near Church Terrace,E01031201,Stratford-on-Avon 005E,Violence and sexual offences,Unable to prosecute suspect,
f88603fc3c0c3f41632f5aab2017c9cb2446a6df4087847ff749ae2bbe68c43b,2017-11,Warwickshire Police,Warwickshire Police,-1.454257,52.237299,On or near Church Terrace,E01031201,Stratford-on-Avon 005E,Violence and sexual offences,Court result unavailable,
,2017-11,Warwickshire Police,Warwickshire Police,-1.400336,52.283122,On or near Church Road,E01031210,Stratford-on-Avon 005F,Anti-social behaviour,,
,2017-11,Warwickshire Police,Warwickshire Police,-1.438050,52.285690,On or near Ridgeway Lane,E01031210,Stratford-on-Avon 005F,Anti-social behaviour,,
,2017-11,Warwickshire Police,Warwickshire Police,-1.404386,52.285040,On or near Dale Close,E01031210,Stratford-on-Avon 005F,Anti-social behaviour,,
99eaae129d5bd4530eacba06842e61aa2905faf172c7df56af41c8850c2a40cb,2017-11,Warwickshire Police,Warwickshire Police,-1.402631,52.284734,On or near Odingsel Drive,E01031210,Stratford-on-Avon 005F,Burglary,Investigation complete; no suspect identified,
15937e87fa55b4f57a9cf934034a2359157dbd941d49fad8a7aa72a61e4abc53,2017-11,Warwickshire Police,Warwickshire Police,-1.402559,52.283529,On or near Orchard Way,E01031210,Stratford-on-Avon 005F,Burglary,Investigation complete; no suspect identified,
459ac91ae10344ff960b08be79f09a83a769d46a263b83b5eb4662bc0b6263c9,2017-11,Warwickshire Police,Warwickshire Police,-1.400336,52.283122,On or near Church Road,E01031210,Stratford-on-Avon 005F,Burglary,Investigation complete; no suspect identified,
cd61c2992b28fa27a674dbe1892f23fbf7d308e7292b0e9e3e71f6f0c3caadc0,2017-11,Warwickshire Police,Warwickshire Police,-1.393756,52.285138,On or near Sports/Recreation Area,E01031210,Stratford-on-Avon 005F,Burglary,Investigation complete; no suspect identified,
722eda64924fc745cd71560fecd936182c5c43ed019b653060153365e0792f8a,2017-11,Warwickshire Police,Warwickshire Police,-1.398444,52.283184,On or near Supermarket,E01031210,Stratford-on-Avon 005F,Burglary,Investigation complete; no suspect identified,
90e0ba9013223b6d13d82fe3fd3a7473aae30c5ac760293caf720dcacfce907f,2017-11,Warwickshire Police,Warwickshire Police,-1.400336,52.283122,On or near Church Road,E01031210,Stratford-on-Avon 005F,Other theft,Investigation complete; no suspect identified,
42e05bf3acb01ef191c8567249dc1b90ebba638fb9501bdccd476ac03df6205a,2017-11,Warwickshire Police,Warwickshire Police,-1.432323,52.291093,On or near Snowford Hill,E01031210,Stratford-on-Avon 005F,Other theft,Investigation complete; no suspect identified,
d8fd6ef6c6a53263b4670bed8335499bb2c593da73c4c8784a997268fe05c492,2017-11,Warwickshire Police,Warwickshire Police,-1.398444,52.283184,On or near Supermarket,E01031210,Stratford-on-Avon 005F,Robbery,Investigation complete; no suspect identified,
afdc6a138fb2075060588827bab3195753de94e198ded2e57c8250ef0d7fea01,2017-11,Warwickshire Police,Warwickshire Police,-1.403687,52.284694,On or near Short Lane,E01031210,Stratford-on-Avon 005F,Vehicle crime,Investigation complete; no suspect identified,
d2de76918c17c7018508db64a2d414184c63c7811723ac988165b47618b84887,2017-11,Warwickshire Police,Warwickshire Police,-1.403687,52.284694,On or near Short Lane,E01031210,Stratford-on-Avon 005F,Vehicle crime,Investigation complete; no suspect identified,
79b48581e7414b1f54d767d96f90af89e6cd9e89ef4117c9b369e47c52e2c24d,2017-11,Warwickshire Police,Warwickshire Police,-1.446449,52.255180,On or near St Michaels Close,E01031210,Stratford-on-Avon 005F,Vehicle crime,Investigation complete; no suspect identified,
3fd942d7d23cff49a0cccc0d6a35debc0d602cc3b6e669a1eb57eedee32bfcda,2017-11,Warwickshire Police,Warwickshire Police,-1.403687,52.284694,On or near Short Lane,E01031210,Stratford-on-Avon 005F,Vehicle crime,Investigation complete; no suspect identified,
2f925485255b1324c9b00cfcb15c8c1a0fab2cba6e2e1da749a79a5ad583f7b3,2017-11,Warwickshire Police,Warwickshire Police,-1.393414,52.284399,On or near The Green,E01031210,Stratford-on-Avon 005F,Violence and sexual offences,Local resolution,
9ec94a77e75be6f490307ea4b75cd6982f53fc4cb8b90d4b975c5c65f987ad85,2017-11,Warwickshire Police,Warwickshire Police,-1.393414,52.284399,On or near The Green,E01031210,Stratford-on-Avon 005F,Violence and sexual offences,Local resolution,
6936effd13d19240251d24a168d9109ba2cf57a4be5314f53dbb3a8485b35a66,2017-11,Warwickshire Police,Warwickshire Police,-1.404386,52.285040,On or near Dale Close,E01031210,Stratford-on-Avon 005F,Violence and sexual offences,Status update unavailable,
,2017-11,Warwickshire Police,Warwickshire Police,-1.384332,52.281790,On or near Sports/Recreation Area,E01031211,Stratford-on-Avon 005G,Anti-social behaviour,,
27dc77621844ae889c480ff04d1eaa53b967ff73c15b0b8dab26e7f5a0c405ab,2017-11,Warwickshire Police,Warwickshire Police,-1.386770,52.281443,On or near Wulfstan Drive,E01031211,Stratford-on-Avon 005G,Burglary,Investigation complete; no suspect identified,
58e8eb834cc68c393bf0e7fb31d58c038783422286cc023b228ed63cdda701bb,2017-11,Warwickshire Police,Warwickshire Police,-1.394130,52.283486,On or near Beechcroft,E01031211,Stratford-on-Avon 005G,Burglary,Investigation complete; no suspect identified,
caf109238570951940e5dfdbf0ae338934f5e2f5b0b095b690f258a2dc59a4e2,2017-11,Warwickshire Police,Warwickshire Police,-1.391247,52.282105,On or near Shepherd Close,E01031211,Stratford-on-Avon 005G,Criminal damage and arson,Investigation complete; no suspect identified,
c7aae61b79a25e6e618a48bf516dac52e3b89e9481a0d4ec6d79dbee81b54d33,2017-11,Warwickshire Police,Warwickshire Police,-1.391247,52.282105,On or near Shepherd Close,E01031211,Stratford-on-Avon 005G,Criminal damage and arson,Investigation complete; no suspect identified,
9674c451c4c234d32222efed6c3d8ddc45da01eb08f824cc0c5fdf9cc699fe61,2017-11,Warwickshire Police,Warwickshire Police,-1.388585,52.279565,On or near Leigh Crescent,E01031211,Stratford-on-Avon 005G,Vehicle crime,Investigation complete; no suspect identified,
ec4c7a8c61e879f1ff410f7e47008909d1e8a46bc5605dff7128c6f8ed9331e6,2017-11,Warwickshire Police,Warwickshire Police,-1.387626,52.280018,On or near Sitwell Avenue,E01031211,Stratford-on-Avon 005G,Vehicle crime,Court result unavailable,
f441cb822624e1f531806b4ed26042e435c4cbc04cfb628b31c2a02cff89f43b,2017-11,Warwickshire Police,Warwickshire Police,-1.406347,52.296242,On or near Shakers Lane,E01031211,Stratford-on-Avon 005G,Violence and sexual offences,Investigation complete; no suspect identified,
,2017-11,Warwickshire Police,Warwickshire Police,-1.871989,52.210017,On or near Willow Close,E01031183,Stratford-on-Avon 006A,Anti-social behaviour,,
,2017-11,Warwickshire Police,Warwickshire Police,-1.867391,52.211037,On or near Sports/Recreation Area,E01031183,Stratford-on-Avon 006A,Anti-social behaviour,,
,2017-11,Warwickshire Police,Warwickshire Police,-1.870235,52.214403,On or near High Street,E01031183,Stratford-on-Avon 006A,Anti-social behaviour,,
,2017-11,Warwickshire Police,Warwickshire Police,-1.876598,52.189389,On or near A46,E01031183,Stratford-on-Avon 006A,Anti-social behaviour,,
42b72af1ef5002f624c1bdcf9fccdbaae5043a326352653aba54985376f1befc,2017-11,Warwickshire Police,Warwickshire Police,-1.884651,52.197633,On or near Park/Open Space,E01031183,Stratford-on-Avon 006A,Other theft,Investigation complete; no suspect identified,
71b1b090130fe502e695f92c5f57864cac523ef5a8d3b272526333cfb4cf3be9,2017-11,Warwickshire Police,Warwickshire Police,-1.884651,52.197633,On or near Park/Open Space,E01031183,Stratford-on-Avon 006A,Other theft,Investigation complete; no suspect identified,
fbb99939c202bee48b5337af03a50ea0edaf4974b7ee83103c4d2f45e58b2f1f,2017-11,Warwickshire Police,Warwickshire Police,-1.871569,52.213748,On or near Swan Street,E01031183,Stratford-on-Avon 006A,Vehicle crime,Investigation complete; no suspect identified,
68f25f19dcd4018f308d0bc02b714ae9e7cb97809d2617f9f7dcb2f051f7e845,2017-11,Warwickshire Police,Warwickshire Police,-1.875466,52.212089,On or near Petrol Station,E01031183,Stratford-on-Avon 006A,Vehicle crime,Investigation complete; no suspect identified,
a1eec6118efc3413075db67b8791141ddebebe62f2b44599b5032e96727f6e18,2017-11,Warwickshire Police,Warwickshire Police,-1.871982,52.212355,On or near Flax Close,E01031183,Stratford-on-Avon 006A,Violence and sexual offences,Unable to prosecute suspect,
67050fb59d437b682cb8a0d62024bb65f94100df9f228763f75d0aa2391d06fc,2017-11,Warwickshire Police,Warwickshire Police,-1.871989,52.210017,On or near Willow Close,E01031183,Stratford-on-Avon 006A,Violence and sexual offences,Investigation complete; no suspect identified,
,2017-11,Warwickshire Police,Warwickshire Police,-1.878053,52.218726,On or near Eclipse Road,E01031184,Stratford-on-Avon 006B,Anti-social behaviour,,
abaad45440f56632b2791be49f4d5233b43fb0f0c28dd0d4a86787038af0c61f,2017-11,Warwickshire Police,Warwickshire Police,-1.877116,52.219103,On or near Icknield Row,E01031184,Stratford-on-Avon 006B,Burglary,Investigation complete; no suspect identified,
c9d1db6011d74df2ec560a3e2513242dfdbaabdb397e9cdcdb1878c92cb9534d,2017-11,Warwickshire Police,Warwickshire Police,-1.875368,52.216071,On or near Georgian Close,E01031184,Stratford-on-Avon 006B,Burglary,Investigation complete; no suspect identified,
a1de84d6a8e5e8b6769275fb2666671f298a48ae3cca77959a52b4ab07a9b1c3,2017-11,Warwickshire Police,Warwickshire Police,-1.875368,52.216071,On or near Georgian Close,E01031184,Stratford-on-Avon 006B,Criminal damage and arson,Investigation complete; no suspect identified,
503cf964c1ecf363404f44ab8b86fcef8aceb287a2da44c04ddb63cd74ccd0c0,2017-11,Warwickshire Police,Warwickshire Police,-1.876301,52.217088,On or near Minerva Mews,E01031184,Stratford-on-Avon 006B,Other theft,Investigation complete; no suspect identified,
7d2fd2cf42cf6b19248f474bd4266953638b50d1c096203d43da7cdc9e92521b,2017-11,Warwickshire Police,Warwickshire Police,-1.872048,52.214908,On or near Supermarket,E01031184,Stratford-on-Avon 006B,Shoplifting,Offender sent to prison,
0fd611ce53a1a5de76fee63a735ee5dc4a18c30163ee93907600efda1ff064c4,2017-11,Warwickshire Police,Warwickshire Police,-1.872048,52.214908,On or near Supermarket,E01031184,Stratford-on-Avon 006B,Shoplifting,Offender sent to prison,
19b5cabf0941090441a06ba247ad233ff65dd5a2b7c033998789769b784634b2,2017-11,Warwickshire Police,Warwickshire Police,-1.868382,52.217215,On or near Parking Area,E01031184,Stratford-on-Avon 006B,Violence and sexual offences,Court result unavailable,
919d0cfa63fb8650bda72cdc60474b2acdc21611b98361a5fa3bf6ede229512a,2017-11,Warwickshire Police,Warwickshire Police,-1.880469,52.229544,On or near Birmingham Road,E01031184,Stratford-on-Avon 006B,Violence and sexual offences,Status update unavailable,
,2017-11,Warwickshire Police,Warwickshire Police,-1.870596,52.220975,On or near Vallet Avenue,E01031185,Stratford-on-Avon 006C,Anti-social behaviour,,
,2017-11,Warwickshire Police,Warwickshire Police,-1.869641,52.222260,On or near Arrow Crescent,E01031185,Stratford-on-Avon 006C,Anti-social behaviour,,
24dfacf763d5dec66745e151f070cb66d2ecb5945516c504778f56000f23e74e,2017-11,Warwickshire Police,Warwickshire Police,-1.868809,52.221504,On or near Kingley Avenue,E01031185,Stratford-on-Avon 006C,Criminal damage and arson,Investigation complete; no suspect identified,
37547a44a3f406102ec98fc04513b5440833813a71d721db55839963be66f0ad,2017-11,Warwickshire Police,Warwickshire Police,-1.871779,52.222037,On or near Hawthorn Close,E01031185,Stratford-on-Avon 006C,Other theft,Investigation complete; no suspect identified,
0667c2c9c3752c2ca0e20bd2249f732ca549d0ae70c4ccdfdc8c888254b0f874,2017-11,Warwickshire Police,Warwickshire Police,-1.871775,52.223350,On or near Aspen Close,E01031185,Stratford-on-Avon 006C,Public order,Status update unavailable,
6b8fbe6c1b873ac745d3f6a70aa844c5872709f255f06f445b4cf91904bad66d,2017-11,Warwickshire Police,Warwickshire Police,-1.870596,52.220975,On or near Vallet Avenue,E01031185,Stratford-on-Avon 006C,Public order,Status update unavailable,
466222cb4a0952442b0ce6d1d419e41d1e122bb9838f68f033d2697b0ff6d1dc,2017-11,Warwickshire Police,Warwickshire Police,-1.868809,52.221504,On or near Kingley Avenue,E01031185,Stratford-on-Avon 006C,Violence and sexual offences,Status update unavailable,
91f97fc4445f82faedc588086a361ac17eb5b4baa3bd2f1fe2ece06749d51318,2017-11,Warwickshire Police,Warwickshire Police,-1.869641,52.222260,On or near Arrow Crescent,E01031185,Stratford-on-Avon 006C,Violence and sexual offences,Status update unavailable,
8c9e05a347cbb6c5af5deccd2343cc445c5106f6d527c7a1066c7cad04b52672,2017-11,Warwickshire Police,Warwickshire Police,-1.866084,52.222238,On or near Hertford Road,E01031185,Stratford-on-Avon 006C,Violence and sexual offences,Unable to prosecute suspect,
6bfca1d7c2187fc67f535113d3e582d26b94ef287b46894c095d42a4bf52127a,2017-11,Warwickshire Police,Warwickshire Police,-1.871775,52.223350,On or near Aspen Close,E01031185,Stratford-on-Avon 006C,Violence and sexual offences,Unable to prosecute suspect,
726c8dbecb01bfa148b61a2f32973a55accaae9202f901d47b243fa2a16167ab,2017-11,Warwickshire Police,Warwickshire Police,-1.870596,52.220975,On or near Vallet Avenue,E01031185,Stratford-on-Avon 006C,Violence and sexual offences,Formal action is not in the public interest,
9394fa9366a947b624dcb6f129e3a549f894022e5aeec935598ec0f6e0e32c66,2017-11,Warwickshire Police,Warwickshire Police,-1.866084,52.222238,On or near Hertford Road,E01031185,Stratford-on-Avon 006C,Violence and sexual offences,Status update unavailable,
,2017-11,Warwickshire Police,Warwickshire Police,-1.861045,52.218510,On or near Fields Park Drive,E01031186,Stratford-on-Avon 006D,Anti-social behaviour,,
,2017-11,Warwickshire Police,Warwickshire Police,-1.864880,52.218604,On or near Kinwarton Road,E01031186,Stratford-on-Avon 006D,Anti-social behaviour,,
,2017-11,Warwickshire Police,Warwickshire Police,-1.860447,52.218060,On or near Collins Way,E01031186,Stratford-on-Avon 006D,Anti-social behaviour,,
351b6a5a22f1f9534b812febaa968673a0de9767e8c6344ce462780ba8b39ce3,2017-11,Warwickshire Police,Warwickshire Police,-1.868523,52.214275,On or near Chestnut Court,E01031186,Stratford-on-Avon 006D,Burglary,Status update unavailable,
6b7f942ae2071464a36adfa8f06995229795a6321fb7ac62bf9c90cc34908f33,2017-11,Warwickshire Police,Warwickshire Police,-1.860447,52.218060,On or near Collins Way,E01031186,Stratford-on-Avon 006D,Burglary,Status update unavailable,
b140e6d35ed64a174a1a4e3d64159d0d24acb230dee19bea4db9ee199ace889a,2017-11,Warwickshire Police,Warwickshire Police,-1.866753,52.218669,On or near Gunnings Road,E01031186,Stratford-on-Avon 006D,Criminal damage and arson,Status update unavailable,
3b6c0a7702e4046558b58723527c5f75e46ff290327d78d4898fbcf7e0ef40e9,2017-11,Warwickshire Police,Warwickshire Police,-1.864880,52.218604,On or near Kinwarton Road,E01031186,Stratford-on-Avon 006D,Drugs,Status update unavailable,
8756e9d86c0f10eca3841633bc0cbefc20a17296717ca76980babcbe33f2fddb,2017-11,Warwickshire Police,Warwickshire Police,-1.864880,52.218604,On or near Kinwarton Road,E01031186,Stratford-on-Avon 006D,Public order,Unable to prosecute suspect,
9b33716abd0faa519f152f43af1b05574192cc42e71e2f281868fae295cdecc9,2017-11,Warwickshire Police,Warwickshire Police,-1.866753,52.218669,On or near Gunnings Road,E01031186,Stratford-on-Avon 006D,Public order,Offender given a caution,
1db0a0c423988b7ddd5f81097d0ce8d7425e2422d74b4cc338db8c471ab742e3,2017-11,Warwickshire Police,Warwickshire Police,-1.865539,52.218641,On or near Supermarket,E01031186,Stratford-on-Avon 006D,Shoplifting,Status update unavailable,
c53e6e3694a265af07325a851a4c5e7c0d77ffc964b648227711b11eac0e15b7,2017-11,Warwickshire Police,Warwickshire Police,-1.868523,52.214275,On or near Chestnut Court,E01031186,Stratford-on-Avon 006D,Violence and sexual offences,Defendant found not guilty,
2132e1b6c2e1ac291dbd42344f1f7005c17a256bdf6224ce89f56826f7ae9c21,2017-11,Warwickshire Police,Warwickshire Police,-1.862476,52.219743,On or near Ten Acres,E01031186,Stratford-on-Avon 006D,Violence and sexual offences,Unable to prosecute suspect,
,2017-11,Warwickshire Police,Warwickshire Police,-1.739835,52.227988,On or near Birmingham Road,E01031187,Stratford-on-Avon 007A,Anti-social behaviour,,
,2017-11,Warwickshire Police,Warwickshire Police,-1.766252,52.210314,On or near The Ridgway,E01031187,Stratford-on-Avon 007A,Anti-social behaviour,,
c9cb50cc7ae05a153b856c93938a4dbfed41a2ae0e15717dd3aad09573de3b0e,2017-11,Warwickshire Police,Warwickshire Police,-1.811284,52.223943,On or near Mill Lane,E01031187,Stratford-on-Avon 007A,Burglary,Investigation complete; no suspect identified,
bdbfb7a25909ec43c8c655c8871f9b6b0a9867d23fa275dd754d1cbddf73e759,2017-11,Warwickshire Police,Warwickshire Police,-1.795619,52.249773,On or near Sports/Recreation Area,E01031187,Stratford-on-Avon 007A,Burglary,Investigation complete; no suspect identified,
584a1cacbd8a373466869206eaac7b850ad524a159f21bc317276269f6c48b39,2017-11,Warwickshire Police,Warwickshire Police,-1.763215,52.220027,On or near Swanfold,E01031187,Stratford-on-Avon 007A,Other theft,Investigation complete; no suspect identified,
,2017-11,Warwickshire Police,Warwickshire Police,-1.744852,52.198178,On or near Hill View,E01031188,Stratford-on-Avon 007B,Anti-social behaviour,,
,2017-11,Warwickshire Police,Warwickshire Police,-1.744852,52.198178,On or near Hill View,E01031188,Stratford-on-Avon 007B,Anti-social behaviour,,
,2017-11,Warwickshire Police,Warwickshire Police,-1.757170,52.171574,On or near Church Close,E01031188,Stratford-on-Avon 007B,Anti-social behaviour,,
eff4b2eb7e89fd78f4b8f2a69aa041e42a46585c9591d3dd9baa800865dc1c49,2017-11,Warwickshire Police,Warwickshire Police,-1.805312,52.176779,On or near Parking Area,E01031188,Stratford-on-Avon 007B,Criminal damage and arson,Court case unable to proceed,
e3cc0bafa0fbff411e776d981c176de37d1fd356b3bc19392bd377c1a09e3f25,2017-11,Warwickshire Police,Warwickshire Police,-1.805312,52.176779,On or near Parking Area,E01031188,Stratford-on-Avon 007B,Criminal damage and arson,Court case unable to proceed,
a4bd24c2907e9807cff87f1c776e751bf96ef19c2a6707194b4908dbf85d1cda,2017-11,Warwickshire Police,Warwickshire Police,-1.733953,52.224999,On or near Gospel Oak Lane,E01031188,Stratford-on-Avon 007B,Other theft,Investigation complete; no suspect identified,
6a2b4077f9495ea150b3c1802b81a48c9efe57fb228c1984b5a8f507d4237987,2017-11,Warwickshire Police,Warwickshire Police,-1.733953,52.224999,On or near Gospel Oak Lane,E01031188,Stratford-on-Avon 007B,Other theft,Investigation complete; no suspect identified,
4513e9273411e2d643e59cdcbe1b844ee29f4d87b68997af9bc43e86a38fcd76,2017-11,Warwickshire Police,Warwickshire Police,-1.832214,52.186125,On or near Vauxhall Lane,E01031188,Stratford-on-Avon 007B,Other theft,Investigation complete; no suspect identified,
09457e9b858c84bb991377b54b0bfffc6306ea51e9f38bc0fa1e2f8a7477878f,2017-11,Warwickshire Police,Warwickshire Police,-1.733953,52.224999,On or near Gospel Oak Lane,E01031188,Stratford-on-Avon 007B,Other theft,Investigation complete; no suspect identified,
e49b99358c54fa15c554e613b5b160649c61f933a490ee025e85d2ca8fc0fded,2017-11,Warwickshire Police,Warwickshire Police,-1.733953,52.224999,On or near Gospel Oak Lane,E01031188,Stratford-on-Avon 007B,Shoplifting,Investigation complete; no suspect identified,
abaccff1b09205427bf9cbd832f46211064ebf42df5c3d3523082c95e5945a5e,2017-11,Warwickshire Police,Warwickshire Police,-1.760147,52.180705,On or near Rose Crescent,E01031188,Stratford-on-Avon 007B,Shoplifting,Formal action is not in the public interest,
e37eb335d13007507a5ab69948e899589c4b0df4d7d7ffbcc3b7f4a651f5ae33,2017-11,Warwickshire Police,Warwickshire Police,-1.744852,52.198178,On or near Hill View,E01031188,Stratford-on-Avon 007B,Vehicle crime,Formal action is not in the public interest,
add354ee0096a1448c0742f2f069b08f8463ee1861405146750195f46c03ac9d,2017-11,Warwickshire Police,Warwickshire Police,-1.728489,52.208786,On or near Parking Area,E01031188,Stratford-on-Avon 007B,Vehicle crime,Investigation complete; no suspect identified,
6fb92db46782747b15f9f3bc0c5e553de8bbfb0556cac1312d224b9a7f15fd6d,2017-11,Warwickshire Police,Warwickshire Police,-1.805312,52.176779,On or near Parking Area,E01031188,Stratford-on-Avon 007B,Violence and sexual offences,Status update unavailable,
3ef0449a2825d66df1bd194e16792bdc732a2ff5f59aeb5bf6c7ee069ea48a2e,2017-11,Warwickshire Police,Warwickshire Police,-1.805312,52.176779,On or near Parking Area,E01031188,Stratford-on-Avon 007B,Violence and sexual offences,Offender given community sentence,
c9516f57767a60701ebb5e5d055fa616688ab7107a60b3c2122accccbdde20e7,2017-11,Warwickshire Police,Warwickshire Police,-1.805312,52.176779,On or near Parking Area,E01031188,Stratford-on-Avon 007B,Violence and sexual offences,Court case unable to proceed,
fcb3abba2d552b6d5047ca5c5a3ad3e2d399295ca6322400e5b0f2e885cf8a98,2017-11,Warwickshire Police,Warwickshire Police,-1.744852,52.198178,On or near Hill View,E01031188,Stratford-on-Avon 007B,Violence and sexual offences,Status update unavailable,
6f742d8d542d86f03ac2c729b0bb2ecca1b58c4733a9bbf29d2781234361289d,2017-11,Warwickshire Police,Warwickshire Police,-1.805312,52.176779,On or near Parking Area,E01031188,Stratford-on-Avon 007B,Violence and sexual offences,Offender given community sentence,
b679ccf19977a7525d9abc4d8e30f1bc779945a40513a10cd7b67c5338e52200,2017-11,Warwickshire Police,Warwickshire Police,-1.805312,52.176779,On or near Parking Area,E01031188,Stratford-on-Avon 007B,Violence and sexual offences,Court case unable to proceed,
e9a6d25b18b081cc04077a6307842011aa21ee4e639fff7f884fc8d69b82aa60,2017-11,Warwickshire Police,Warwickshire Police,-1.805312,52.176779,On or near Parking Area,E01031188,Stratford-on-Avon 007B,Violence and sexual offences,Court case unable to proceed,
bcf276633ec59e5e39b7c413edd9dedbfb3e8281c9f80bf7ab768ba972c7bed6,2017-11,Warwickshire Police,Warwickshire Police,-1.805312,52.176779,On or near Parking Area,E01031188,Stratford-on-Avon 007B,Violence and sexual offences,Offender given community sentence,
cb27396d3d77eeec0463e96fb256e6209b2a81acef666890079b0db40ef9c79f,2017-11,Warwickshire Police,Warwickshire Police,-1.805312,52.176779,On or near Parking Area,E01031188,Stratford-on-Avon 007B,Violence and sexual offences,Status update unavailable,
a3909efa73f0eb91c78f9c93788bd461c3c27936ad7239727ba540a306644ae9,2017-11,Warwickshire Police,Warwickshire Police,-1.805312,52.176779,On or near Parking Area,E01031188,Stratford-on-Avon 007B,Violence and sexual offences,Court case unable to proceed,
bcff6ccacd8e8d4c22cc1e77e76e458dfc9f0f38e5348b51742668953a56a26c,2017-11,Warwickshire Police,Warwickshire Police,-1.744852,52.198178,On or near Hill View,E01031188,Stratford-on-Avon 007B,Other crime,Status update unavailable,
,2017-11,Warwickshire Police,Warwickshire Police,-1.850160,52.225689,On or near B4089,E01031208,Stratford-on-Avon 007C,Anti-social behaviour,,
,2017-11,Warwickshire Police,Warwickshire Police,-1.869537,52.207974,On or near Mill Lane,E01031208,Stratford-on-Avon 007C,Anti-social behaviour,,
,2017-11,Warwickshire Police,Warwickshire Police,-1.850160,52.225689,On or near B4089,E01031208,Stratford-on-Avon 007C,Anti-social behaviour,,
,2017-11,Warwickshire Police,Warwickshire Police,-1.862740,52.224275,On or near Purton Close,E01031208,Stratford-on-Avon 007C,Anti-social behaviour,,
a729f2a8ec44c0f5ac5bbe8ab28829da8af3df7aa0ae69d0c72c8c372c199c58,2017-11,Warwickshire Police,Warwickshire Police,-1.833610,52.231537,On or near Appleby Close,E01031208,Stratford-on-Avon 007C,Burglary,Investigation complete; no suspect identified,
682664e8b471d04aad50ffdf629154a112f0e906861d5a3ea7705f0915bdc6fb,2017-11,Warwickshire Police,Warwickshire Police,-1.833610,52.231537,On or near Appleby Close,E01031208,Stratford-on-Avon 007C,Burglary,Investigation complete; no suspect identified,
e1ab88075d451f1c6417458d49337b77348e587b9aed9de8c4801a11ead3b27e,2017-11,Warwickshire Police,Warwickshire Police,-1.860878,52.220560,On or near Kinwarton Road,E01031208,Stratford-on-Avon 007C,Other theft,Investigation complete; no suspect identified,
7a43850eed28244c572cf6cf1173cd2cf9e3256a2d839d4e2d9ecf2d786cbfb0,2017-11,Warwickshire Police,Warwickshire Police,-1.857447,52.217849,On or near Haselor Close,E01031208,Stratford-on-Avon 007C,Vehicle crime,Investigation complete; no suspect identified,
053ed9d43720a663f2099d8fb3573df4a61b26aebb4cb539bff6dfe7df6f3874,2017-11,Warwickshire Police,Warwickshire Police,-1.861169,52.225774,On or near Tything Road,E01031208,Stratford-on-Avon 007C,Vehicle crime,Investigation complete; no suspect identified,
ab8c3c7d4c43fb478b0b09c5d3fef93518e7d8300ec888f226f41165800a5c20,2017-11,Warwickshire Police,Warwickshire Police,-1.856167,52.219718,On or near Gerard Road,E01031208,Stratford-on-Avon 007C,Violence and sexual offences,Status update unavailable,
665576cee5fd92934443dad3a007e22ed7650f8f20af775b3303159e430ed101,2017-11,Warwickshire Police,Warwickshire Police,-1.862740,52.224275,On or near Purton Close,E01031208,Stratford-on-Avon 007C,Violence and sexual offences,Status update unavailable,
,2017-11,Warwickshire Police,Warwickshire Police,-1.677048,52.237273,On or near Park Lane,E01031217,Stratford-on-Avon 008A,Anti-social behaviour,,
,2017-11,Warwickshire Police,Warwickshire Police,-1.696973,52.257302,On or near Wolverton Road,E01031217,Stratford-on-Avon 008A,Anti-social behaviour,,
65122fb5fdd9f202512a6f95b223a58a8e9acda2c23a156de4d7a065420fcac2,2017-11,Warwickshire Police,Warwickshire Police,-1.677048,52.237273,On or near Park Lane,E01031217,Stratford-on-Avon 008A,Criminal damage and arson,Investigation complete; no suspect identified,
6435526df493647e1e38d4e46fb41a0f6d7c16bd3eb9fda4c155cbba7199bcc3,2017-11,Warwickshire Police,Warwickshire Police,-1.685724,52.213436,On or near Parking Area,E01031218,Stratford-on-Avon 008B,Other theft,Investigation complete; no suspect identified,
c4c01bb62a8f4e1fcbe0daa97679d697dff44f0bcf7829c24576ff278f01e3c6,2017-11,Warwickshire Police,Warwickshire Police,-1.657697,52.230431,On or near Hatton Bank Lane,E01031218,Stratford-on-Avon 008B,Vehicle crime,Investigation complete; no suspect identified,
efe9d99cb28e150148ab1fef514e0ff61541050a0d41cc95a562ed11bffe7ebd,2017-11,Warwickshire Police,Warwickshire Police,-1.628101,52.211848,On or near The Close,E01031218,Stratford-on-Avon 008B,Violence and sexual offences,Status update unavailable,
885eece548e5b90b4a6bb58e4f9714c538e8d968aee9fd429566839e8d24b2d5,2017-11,Warwickshire Police,Warwickshire Police,-1.628101,52.211848,On or near The Close,E01031218,Stratford-on-Avon 008B,Other crime,Status update unavailable,
6f580726608e940f6b0ecf54f393dc501830eaec1027d1db81223a37ecc10785,2017-11,Warwickshire Police,Warwickshire Police,-1.601649,52.194536,On or near Elliot Drive,E01031249,Stratford-on-Avon 008C,Burglary,Investigation complete; no suspect identified,
474a3a361a09c6bd42114318b1dfda4595bfc8972be4a03c4b3ee61505369f7a,2017-11,Warwickshire Police,Warwickshire Police,-1.599515,52.191004,On or near Pedestrian Subway,E01031249,Stratford-on-Avon 008C,Criminal damage and arson,Investigation complete; no suspect identified,
d11ee9ead7e2e65f588cb4ce4fb57b581395305198a810e1ced5951101e954c7,2017-11,Warwickshire Police,Warwickshire Police,-1.603352,52.193867,On or near Baker Drive,E01031249,Stratford-on-Avon 008C,Other theft,Investigation complete; no suspect identified,
e90d236f491dac73dd915d1a1cdf0aa17f0ea1954f16bc138e5245ded2821f0d,2017-11,Warwickshire Police,Warwickshire Police,-1.601224,52.192880,On or near Loxley Close,E01031249,Stratford-on-Avon 008C,Other theft,Investigation complete; no suspect identified,
7cf0fc0f2efecd6c276955b3b1ff7110f8ffe44d84ca2d1eabe6b69fd25e4bba,2017-11,Warwickshire Police,Warwickshire Police,-1.603352,52.193867,On or near Baker Drive,E01031249,Stratford-on-Avon 008C,Other theft,Status update unavailable,
25b6b9520e4c90cdce9f5216dee6b0ca581f5cab10ce5667a9b0316f3b58b6cc,2017-11,Warwickshire Police,Warwickshire Police,-1.598542,52.193510,On or near Westfield Crescent,E01031249,Stratford-on-Avon 008C,Violence and sexual offences,Status update unavailable,
fc2ae800098f5479a86a5a046d0f127fa2a5bdb3f27f83cb54f9cf49c465f282,2017-11,Warwickshire Police,Warwickshire Police,-1.601224,52.192880,On or near Loxley Close,E01031249,Stratford-on-Avon 008C,Violence and sexual offences,Court result unavailable,
c7073fa1e36a0de1dc5c18dd06c82914fe832fc93bbd0346eea386a27e59fefe,2017-11,Warwickshire Police,Warwickshire Police,-1.601649,52.194536,On or near Elliot Drive,E01031249,Stratford-on-Avon 008C,Violence and sexual offences,Formal action is not in the public interest,
62b989e8c7cd7b8f4251d7fac1bf73f79aecf0591cdd4022984ef4b5a87eac18,2017-11,Warwickshire Police,Warwickshire Police,-1.588393,52.193097,On or near Wellesbourne Farm,E01031250,Stratford-on-Avon 008D,Criminal damage and arson,Investigation complete; no suspect identified,
cc82676b178df61439ade7ac7b53e08619f37866501942650cc9ecfe6c8c9ead,2017-11,Warwickshire Police,Warwickshire Police,-1.594867,52.190584,On or near Walton Way,E01031250,Stratford-on-Avon 008D,Other theft,Investigation complete; no suspect identified,
c040b35b977a009d092d18b31025f0e76b8516380ad1055601c8e6e8f7635860,2017-11,Warwickshire Police,Warwickshire Police,-1.597856,52.191637,On or near Ettington Road,E01031250,Stratford-on-Avon 008D,Other theft,Status update unavailable,
0dc596b6352f7fbc771bbf5f3264932664c7b1d4781b903b599983dce167fa9c,2017-11,Warwickshire Police,Warwickshire Police,-1.591888,52.194763,On or near Birch Grove,E01031250,Stratford-on-Avon 008D,Vehicle crime,Investigation complete; no suspect identified,
,2017-11,Warwickshire Police,Warwickshire Police,-1.607806,52.186411,On or near Oxford Way,E01031251,Stratford-on-Avon 008E,Anti-social behaviour,,
,2017-11,Warwickshire Police,Warwickshire Police,-1.603946,52.189563,On or near Hotchkiss Close,E01031251,Stratford-on-Avon 008E,Anti-social behaviour,,
,2017-11,Warwickshire Police,Warwickshire Police,-1.603348,52.186028,On or near Pembroke Gardens,E01031251,Stratford-on-Avon 008E,Anti-social behaviour,,
419384815cf16ea6d966803d87b0cc89bf01fe3ade1ce0a8d4dd1797e21cf449,2017-11,Warwickshire Police,Warwickshire Police,-1.603946,52.189563,On or near Hotchkiss Close,E01031251,Stratford-on-Avon 008E,Other theft,Investigation complete; no suspect identified,
ba9f4517a90b72e7e7dad5668497689911206aa9db59cc2240929206153b4f19,2017-11,Warwickshire Police,Warwickshire Police,-1.605160,52.186241,On or near Harvard Close,E01031251,Stratford-on-Avon 008E,Violence and sexual offences,Status update unavailable,
d406806879691bd06b5f8c0b8f2da69c13de32bbf55d0b94177f4cbc88812772,2017-11,Warwickshire Police,Warwickshire Police,-1.603088,52.187303,On or near Wellington Close,E01031251,Stratford-on-Avon 008E,Violence and sexual offences,Status update unavailable,
07d24ea416b7865813f622666f0caeedebb8645da7ccaa69be7a31d5e7d414dc,2017-11,Warwickshire Police,Warwickshire Police,-1.603946,52.189563,On or near Hotchkiss Close,E01031251,Stratford-on-Avon 008E,Violence and sexual offences,Status update unavailable,
959e3ca68f5f587f515b700d417e2cba91e6d77e45bcd294096eda2232411a7c,2017-11,Warwickshire Police,Warwickshire Police,-1.602687,52.189604,On or near Hampdon Way,E01031251,Stratford-on-Avon 008E,Violence and sexual offences,Unable to prosecute suspect,
fd9de1444bc771dfd6adab34e64dfe67c451ec81e28cbb5867b71e2b0f716e28,2017-11,Warwickshire Police,Warwickshire Police,-1.603348,52.186028,On or near Pembroke Gardens,E01031251,Stratford-on-Avon 008E,Violence and sexual offences,Unable to prosecute suspect,
8eef315ffaeb6c3750b9e5e550e61af0b9f67ada956cb5fa95f39f18a009d44d,2017-11,Warwickshire Police,Warwickshire Police,-1.541909,52.189464,On or near Lighthorne Road,E01031252,Stratford-on-Avon 008F,Burglary,Investigation complete; no suspect identified,
3536a291b97d4bf1e38234528fa639352f7766dda111fdda9fca6934c98409c5,2017-11,Warwickshire Police,Warwickshire Police,-1.559419,52.216080,On or near Sports/Recreation Area,E01031252,Stratford-on-Avon 008F,Criminal damage and arson,Investigation complete; no suspect identified,
201ed677defabd5570ec0c130ef40328efbaa3ec948c5c3592b1f85298804638,2017-11,Warwickshire Police,Warwickshire Police,-1.547055,52.202772,On or near Oaktree Close,E01031252,Stratford-on-Avon 008F,Violence and sexual offences,Status update unavailable,
,2017-11,Warwickshire Police,Warwickshire Police,-1.592452,52.200294,On or near Hastings Road,E01031253,Stratford-on-Avon 008G,Anti-social behaviour,,
dbcd5a71b1a60227518a5791378196725a7b035a0e70be48f2a3983b3d09e08d,2017-11,Warwickshire Police,Warwickshire Police,-1.596029,52.194715,On or near Church Walk,E01031253,Stratford-on-Avon 008G,Burglary,Investigation complete; no suspect identified,
3938d8d8249840a5c0db90ad573a142bd17cb743350d71dd47337a1d44582d84,2017-11,Warwickshire Police,Warwickshire Police,-1.596029,52.194715,On or near Church Walk,E01031253,Stratford-on-Avon 008G,Burglary,Investigation complete; no suspect identified,
6c1d0f55f355deca62ffbe42b96464fe7c33788837065116e3cd0917499568a4,2017-11,Warwickshire Police,Warwickshire Police,-1.590092,52.199180,On or near Mordaunt Road,E01031253,Stratford-on-Avon 008G,Burglary,Status update unavailable,
b357b0e82f20e279fc065a0bc159723f4421db89ed456d88b82d5737d052f606,2017-11,Warwickshire Police,Warwickshire Police,-1.596029,52.194715,On or near Church Walk,E01031253,Stratford-on-Avon 008G,Burglary,Investigation complete; no suspect identified,
4505dcb8919d9ac32c1126b4c8fdb1d702f09fcf36f7f2df83decca78abbe946,2017-11,Warwickshire Police,Warwickshire Police,-1.596029,52.194715,On or near Church Walk,E01031253,Stratford-on-Avon 008G,Burglary,Investigation complete; no suspect identified,
85797d06d36eb106753eef862464f1af08c23e3ee5465c87d9c30b966cd27cf9,2017-11,Warwickshire Police,Warwickshire Police,-1.591321,52.197665,On or near Newbold Place,E01031253,Stratford-on-Avon 008G,Criminal damage and arson,Investigation complete; no suspect identified,
ba561584c0a18c52ab895e5154f294fa5925dbe8ec733d3ff0a0003487cff978,2017-11,Warwickshire Police,Warwickshire Police,-1.593157,52.196871,On or near Church Street,E01031253,Stratford-on-Avon 008G,Violence and sexual offences,Status update unavailable,
,2017-11,Warwickshire Police,Warwickshire Police,-1.708575,52.205960,On or near Sycamore Close,E01031228,Stratford-on-Avon 009A,Anti-social behaviour,,
,2017-11,Warwickshire Police,Warwickshire Police,-1.704354,52.202614,On or near Coppice Close,E01031228,Stratford-on-Avon 009A,Anti-social behaviour,,
,2017-11,Warwickshire Police,Warwickshire Police,-1.708035,52.201365,On or near Jolyffe Park Road,E01031228,Stratford-on-Avon 009A,Anti-social behaviour,,
,2017-11,Warwickshire Police,Warwickshire Police,-1.702626,52.200551,On or near Benson Road,E01031228,Stratford-on-Avon 009A,Anti-social behaviour,,
582dea306c18498ab85befa9e6179ea38fb796750dc2b5645297cc94a9deddbd,2017-11,Warwickshire Police,Warwickshire Police,-1.703876,52.199628,On or near Maidenhead Road,E01031228,Stratford-on-Avon 009A,Violence and sexual offences,Formal action is not in the public interest,
c67bf63132e05a6b9e12e81d23a7af9938ec55e161840225e14138dfef2d4f39,2017-11,Warwickshire Police,Warwickshire Police,-1.681887,52.211654,On or near Ingon Lane,E01031228,Stratford-on-Avon 009A,Violence and sexual offences,Status update unavailable,
3dc361c51de4d0be36032abe78b7cdb6b53250dc18abdd166686c14a15c9c18b,2017-11,Warwickshire Police,Warwickshire Police,-1.681887,52.211654,On or near Ingon Lane,E01031228,Stratford-on-Avon 009A,Violence and sexual offences,Investigation complete; no suspect identified,
de2dd33c20c4bb871541387cefbbfc6d0e933cf870b0443d13854e6dcd0794ae,2017-11,Warwickshire Police,Warwickshire Police,-1.711096,52.203108,On or near Maple Grove,E01031228,Stratford-on-Avon 009A,Violence and sexual offences,Status update unavailable,
,2017-11,Warwickshire Police,Warwickshire Police,-1.706127,52.193269,On or near Union Street,E01031229,Stratford-on-Avon 009B,Anti-social behaviour,,
,2017-11,Warwickshire Police,Warwickshire Police,-1.709025,52.193114,On or near Meer Street,E01031229,Stratford-on-Avon 009B,Anti-social behaviour,,
,2017-11,Warwickshire Police,Warwickshire Police,-1.713216,52.196595,On or near Western Road,E01031229,Stratford-on-Avon 009B,Anti-social behaviour,,
,2017-11,Warwickshire Police,Warwickshire Police,-1.705493,52.194076,On or near John Street,E01031229,Stratford-on-Avon 009B,Anti-social behaviour,,
,2017-11,Warwickshire Police,Warwickshire Police,-1.710566,52.194547,On or near Parking Area,E01031229,Stratford-on-Avon 009B,Anti-social behaviour,,
,2017-11,Warwickshire Police,Warwickshire Police,-1.712418,52.193185,On or near Nightclub,E01031229,Stratford-on-Avon 009B,Anti-social behaviour,,
,2017-11,Warwickshire Police,Warwickshire Police,-1.709025,52.193114,On or near Meer Street,E01031229,Stratford-on-Avon 009B,Anti-social behaviour,,
,2017-11,Warwickshire Police,Warwickshire Police,-1.699938,52.195690,On or near Parking Area,E01031229,Stratford-on-Avon 009B,Anti-social behaviour,,
,2017-11,Warwickshire Police,Warwickshire Police,-1.705493,52.194076,On or near John Street,E01031229,Stratford-on-Avon 009B,Anti-social behaviour,,
,2017-11,Warwickshire Police,Warwickshire Police,-1.707209,52.193424,On or near Shopping Area,E01031229,Stratford-on-Avon 009B,Anti-social behaviour,,
0ac84b57be8766f4171a3d8acd6434493576e21e3e27801321043eec9b71a683,2017-11,Warwickshire Police,Warwickshire Police,-1.702632,52.195382,On or near Coach House Way,E01031229,Stratford-on-Avon 009B,Burglary,Status update unavailable,
4207a36a801ced92eedfe860bdd1af38644c2f7ad72781520d3be6f7cb052c74,2017-11,Warwickshire Police,Warwickshire Police,-1.713216,52.196595,On or near Western Road,E01031229,Stratford-on-Avon 009B,Criminal damage and arson,Status update unavailable,
ab39fb8b7fa7a5d0f723625a6daebf5df37a420bc221ff05f7043e014fb52846,2017-11,Warwickshire Police,Warwickshire Police,-1.706801,52.197550,On or near Mayfield Court,E01031229,Stratford-on-Avon 009B,Criminal damage and arson,Investigation complete; no suspect identified,
c02627397b3e85b2800f37d24c3bca31e18b8b3f77760b8afc213d3396974635,2017-11,Warwickshire Police,Warwickshire Police,-1.702777,52.193323,On or near Bancroft Place,E01031229,Stratford-on-Avon 009B,Drugs,Status update unavailable,
302a97a069ee3391fae81b4d33be32995608dc38ff2de965b5345c83582a794b,2017-11,Warwickshire Police,Warwickshire Police,-1.699938,52.195690,On or near Parking Area,E01031229,Stratford-on-Avon 009B,Drugs,Offender given a drugs possession warning,
564e7ef3002f5907b639b70a3bb8ca002410b62d7d907e146781f61e13ac8a79,2017-11,Warwickshire Police,Warwickshire Police,-1.708955,52.194840,On or near A3400,E01031229,Stratford-on-Avon 009B,Other theft,Investigation complete; no suspect identified,
2cb66b62c793ab13a7b689d6947f3b5dd29407305dcb5399424988be9e4a5b27,2017-11,Warwickshire Police,Warwickshire Police,-1.709025,52.193114,On or near Meer Street,E01031229,Stratford-on-Avon 009B,Other theft,Status update unavailable,
20103bfb27794e9e9646e5cd42723cceefc6c6daabbe12057abc8d39869ebbad,2017-11,Warwickshire Police,Warwickshire Police,-1.716035,52.194956,On or near Parking Area,E01031229,Stratford-on-Avon 009B,Other theft,Investigation complete; no suspect identified,
e20b138a4b9a87d20dc97f79679bd0a7df363c5783e38b161a319da4f7011e0a,2017-11,Warwickshire Police,Warwickshire Police,-1.716035,52.194956,On or near Parking Area,E01031229,Stratford-on-Avon 009B,Other theft,Investigation complete; no suspect identified,
bc751ee142a6429982ab008db7d9fbe7d6fde69dd9feafdffc4fa986b32aed74,2017-11,Warwickshire Police,Warwickshire Police,-1.705603,52.192863,On or near Shopping Area,E01031229,Stratford-on-Avon 009B,Other theft,Investigation complete; no suspect identified,
feb5fcdc0ac73e1872154147e10eab9e2d08a6a5abb15c738f6db2a7240f6bd0,2017-11,Warwickshire Police,Warwickshire Police,-1.703193,52.196687,On or near St Gregory'S Road,E01031229,Stratford-on-Avon 009B,Other theft,Investigation complete; no suspect identified,
b48dcfba6226f0faa08647f96982c906d2650aff1e58a3ec8c906e8452d962e0,2017-11,Warwickshire Police,Warwickshire Police,-1.709025,52.193114,On or near Meer Street,E01031229,Stratford-on-Avon 009B,Other theft,Investigation complete; no suspect identified,
474bc30c032fc27551ca9314ac0a6f6d39a88af1c354ef1000c5ba79e3747bc7,2017-11,Warwickshire Police,Warwickshire Police,-1.708955,52.194840,On or near A3400,E01031229,Stratford-on-Avon 009B,Other theft,Investigation complete; no suspect identified,
d046f021985ab62849c7e8772f8b62df502b1f149498f764b2a3588e9bd7ac03,2017-11,Warwickshire Police,Warwickshire Police,-1.716035,52.194956,On or near Parking Area,E01031229,Stratford-on-Avon 009B,Shoplifting,Status update unavailable,
3a6a5cd01d267443cf269556a0b762d662ab07b8f67e8727f8af5529b5d3e95f,2017-11,Warwickshire Police,Warwickshire Police,-1.705603,52.192863,On or near Shopping Area,E01031229,Stratford-on-Avon 009B,Shoplifting,Offender sent to prison,
705c685499d5dbf0990ee0f2d5b20ccf520244e8125f2afb480b95b65768b37c,2017-11,Warwickshire Police,Warwickshire Police,-1.705603,52.192863,On or near Shopping Area,E01031229,Stratford-on-Avon 009B,Shoplifting,Investigation complete; no suspect identified,
aea5fad63c272e31d9b4b295d6aee60dba668bf90c0c557fb4668fecef766f06,2017-11,Warwickshire Police,Warwickshire Police,-1.716035,52.194956,On or near Parking Area,E01031229,Stratford-on-Avon 009B,Shoplifting,Court result unavailable,
5fd30a89b5ed3c893211a5b856756441a23bb6d848ede96790e04b9a9b878ad5,2017-11,Warwickshire Police,Warwickshire Police,-1.705603,52.192863,On or near Shopping Area,E01031229,Stratford-on-Avon 009B,Shoplifting,Status update unavailable,
d1fad6098b92e858eef6f0fbf99ba7d5f1461d7161e0c58aef0bc5443e516e94,2017-11,Warwickshire Police,Warwickshire Police,-1.716035,52.194956,On or near Parking Area,E01031229,Stratford-on-Avon 009B,Shoplifting,Status update unavailable,
492850785a239bff700d7c5870fec35efa228cbe1b9290d7ebf8df74dc0b10ce,2017-11,Warwickshire Police,Warwickshire Police,-1.705603,52.192863,On or near Shopping Area,E01031229,Stratford-on-Avon 009B,Shoplifting,Investigation complete; no suspect identified,
e38dbec7d8e204f9f289d4dbbb9aa28a5c57e49bfbad92bd4d19993e52b800aa,2017-11,Warwickshire Police,Warwickshire Police,-1.705603,52.192863,On or near Shopping Area,E01031229,Stratford-on-Avon 009B,Shoplifting,Investigation complete; no suspect identified,
8743d4553f5418a9149ee4c3dca22f96612ac59e8be8607fd70c3f2251a9e555,2017-11,Warwickshire Police,Warwickshire Police,-1.716035,52.194956,On or near Parking Area,E01031229,Stratford-on-Avon 009B,Shoplifting,Offender sent to prison,
d2ddcd8d39c17bc88e55de0894075e9a27478189eacb2a7621d89021f5a2c8b5,2017-11,Warwickshire Police,Warwickshire Police,-1.709025,52.193114,On or near Meer Street,E01031229,Stratford-on-Avon 009B,Shoplifting,Investigation complete; no suspect identified,
2935db6fc980661fb6b15ba858a28f3da15f5616c1afe8f8de89bda6fac04819,2017-11,Warwickshire Police,Warwickshire Police,-1.705603,52.192863,On or near Shopping Area,E01031229,Stratford-on-Avon 009B,Shoplifting,Local resolution,
73eade0915f2714c8e212d2fcd3509311ae6d109996fc82c17b074ca2ba82da4,2017-11,Warwickshire Police,Warwickshire Police,-1.705603,52.192863,On or near Shopping Area,E01031229,Stratford-on-Avon 009B,Shoplifting,Unable to prosecute suspect,
7c57143e5d81116f46d6bb7836a6db9c60e0ba7d3a46ccf1f66b7f1a9e9ec362,2017-11,Warwickshire Police,Warwickshire Police,-1.709025,52.193114,On or near Meer Street,E01031229,Stratford-on-Avon 009B,Theft from the person,Investigation complete; no suspect identified,
f6a0b9c845bd7265a726fabfda74d6782f8124c4a9ce82b9f69f25726504193e,2017-11,Warwickshire Police,Warwickshire Police,-1.709025,52.193114,On or near Meer Street,E01031229,Stratford-on-Avon 009B,Theft from the person,Investigation complete; no suspect identified,
a74de5226a44b410d7b834ba3f6ca91edf4d5c5d9dafa0ac9c9371b6efb2e1fa,2017-11,Warwickshire Police,Warwickshire Police,-1.713216,52.196595,On or near Western Road,E01031229,Stratford-on-Avon 009B,Vehicle crime,Investigation complete; no suspect identified,
8388b2d090f6046bce5f7bd978fef4cfe0f98dcda611b8e4e86590d2c4a07430,2017-11,Warwickshire Police,Warwickshire Police,-1.716035,52.194956,On or near Parking Area,E01031229,Stratford-on-Avon 009B,Vehicle crime,Investigation complete; no suspect identified,
43f0acdcda1dd4b26784598ad58ee88ffae4acae735340d3eec03eb9d2236985,2017-11,Warwickshire Police,Warwickshire Police,-1.705879,52.197584,On or near Mayfield Avenue,E01031229,Stratford-on-Avon 009B,Vehicle crime,Investigation complete; no suspect identified,
0c366aae5ca277509d305d08711ead05e97bc5e15f40755d0bd547dda0674ba9,2017-11,Warwickshire Police,Warwickshire Police,-1.712418,52.193185,On or near Nightclub,E01031229,Stratford-on-Avon 009B,Vehicle crime,Investigation complete; no suspect identified,
25b9be85d0b90c304b5a0e7caba27afc49ebe029ec8592b0fa9cb366b318be17,2017-11,Warwickshire Police,Warwickshire Police,-1.705603,52.192863,On or near Shopping Area,E01031229,Stratford-on-Avon 009B,Violence and sexual offences,Unable to prosecute suspect,
bafdbe9ddb54da3448044e6cbf5f11b756c34dfa352d798db55a35dbaa15a0f2,2017-11,Warwickshire Police,Warwickshire Police,-1.701442,52.193931,On or near Parking Area,E01031229,Stratford-on-Avon 009B,Violence and sexual offences,Unable to prosecute suspect,
2263d26fa849f32a99a3a89680a1e4c0fed70fbdfd907af33ee1913d6def5820,2017-11,Warwickshire Police,Warwickshire Police,-1.712418,52.193185,On or near Nightclub,E01031229,Stratford-on-Avon 009B,Violence and sexual offences,Investigation complete; no suspect identified,
962b8df5da69b0baab8b387b529a011f11e55b85a9210fb09ae689efff592500,2017-11,Warwickshire Police,Warwickshire Police,-1.705603,52.192863,On or near Shopping Area,E01031229,Stratford-on-Avon 009B,Violence and sexual offences,Court result unavailable,
7d43ca14f1a9448dc1b1d49694a1543d6ffc980f882396c90ea030bbeba2df30,2017-11,Warwickshire Police,Warwickshire Police,-1.709025,52.193114,On or near Meer Street,E01031229,Stratford-on-Avon 009B,Violence and sexual offences,Local resolution,
f5de48488f999189ca20da616136a2f5380961606a311d80aea2db0f60296494,2017-11,Warwickshire Police,Warwickshire Police,-1.716035,52.194956,On or near Parking Area,E01031229,Stratford-on-Avon 009B,Violence and sexual offences,Offender ordered to pay compensation,
367a134202d35a47870d3c962749c2ed555d9423da2492eac3bc0786781b837e,2017-11,Warwickshire Police,Warwickshire Police,-1.705603,52.192863,On or near Shopping Area,E01031229,Stratford-on-Avon 009B,Violence and sexual offences,Investigation complete; no suspect identified,
ffad27784bf702b84f9e7cb1626d61108d05e370363bdfa1998ed05851765121,2017-11,Warwickshire Police,Warwickshire Police,-1.712418,52.193185,On or near Nightclub,E01031229,Stratford-on-Avon 009B,Violence and sexual offences,Status update unavailable,
1cfd06f52e2eb2bcb17286953acd35048c3d045ed25a792db076925967355767,2017-11,Warwickshire Police,Warwickshire Police,-1.712418,52.193185,On or near Nightclub,E01031229,Stratford-on-Avon 009B,Violence and sexual offences,Unable to prosecute suspect,
4321414ea0353f5d88d47359148f0ca9d643470603afa0e69b7137fdae669a5d,2017-11,Warwickshire Police,Warwickshire Police,-1.708335,52.195684,On or near Shakespeare Street,E01031229,Stratford-on-Avon 009B,Violence and sexual offences,Status update unavailable,
b8f43aacc1c3dbca49c15e0656e6cdb9a3612e443cc64d71da5dfee3ce960bac,2017-11,Warwickshire Police,Warwickshire Police,-1.701442,52.193931,On or near Parking Area,E01031229,Stratford-on-Avon 009B,Violence and sexual offences,Status update unavailable,
,2017-11,Warwickshire Police,Warwickshire Police,-1.723455,52.206320,On or near Coopers Close,E01031230,Stratford-on-Avon 009C,Anti-social behaviour,,
,2017-11,Warwickshire Police,Warwickshire Police,-1.723716,52.206716,On or near Worths Way,E01031230,Stratford-on-Avon 009C,Anti-social behaviour,,
28809fdf4f60aaa95aa78183f07eb448885fa4addf69d50ad3ababb630dfad16,2017-11,Warwickshire Police,Warwickshire Police,-1.725408,52.205317,On or near The Avenue,E01031230,Stratford-on-Avon 009C,Bicycle theft,Investigation complete; no suspect identified,
83e67e1687c62c71e8f49d11bcf0c40c4d21999cf7a17f5568dcbf6c8a3d09d6,2017-11,Warwickshire Police,Warwickshire Police,-1.728392,52.205414,On or near Spillers Close,E01031230,Stratford-on-Avon 009C,Burglary,Investigation complete; no suspect identified,
c058e2f1d496fe2657342f947bccbd95844cfeb12728c5bd6251cd88a33a661e,2017-11,Warwickshire Police,Warwickshire Police,-1.723716,52.206716,On or near Worths Way,E01031230,Stratford-on-Avon 009C,Criminal damage and arson,Formal action is not in the public interest,
f65cc1982f7830578b6c3c1156dac8460ad02fabe370ce92f778a34b83d0713c,2017-11,Warwickshire Police,Warwickshire Police,-1.718197,52.204734,On or near Ash Grove,E01031230,Stratford-on-Avon 009C,Vehicle crime,Investigation complete; no suspect identified,
485b60db08464e241956b875b1b90040c550ef5c28790c0129970479b2172ba6,2017-11,Warwickshire Police,Warwickshire Police,-1.723716,52.206716,On or near Worths Way,E01031230,Stratford-on-Avon 009C,Vehicle crime,Investigation complete; no suspect identified,
2548f95d53efa816e8fd6295d53df255701dca3dbace56c16e61ccb555bbe887,2017-11,Warwickshire Police,Warwickshire Police,-1.723455,52.206320,On or near Coopers Close,E01031230,Stratford-on-Avon 009C,Vehicle crime,Investigation complete; no suspect identified,
e15691d00c0dc5fa814572f76ec67406cf4425d7500f6e4ac8df1bdc80ca9926,2017-11,Warwickshire Police,Warwickshire Police,-1.728392,52.205414,On or near Spillers Close,E01031230,Stratford-on-Avon 009C,Vehicle crime,Investigation complete; no suspect identified,
20ac07902a9535c81b2e0553466ef0e54ae52e4ffbac3c17907b5fe2b26eb7d9,2017-11,Warwickshire Police,Warwickshire Police,-1.712652,52.204631,On or near Westfield Close,E01031230,Stratford-on-Avon 009C,Violence and sexual offences,Status update unavailable,
a29caeb941c05cb550b7aebf8cc53792a3381bc156fdb60a8dd4f921ec2cccfd,2017-11,Warwickshire Police,Warwickshire Police,-1.716574,52.204613,On or near Oakleigh Road,E01031230,Stratford-on-Avon 009C,Violence and sexual offences,Court result unavailable,
853cb7e7838b3a48d809564e4a50406b36fb970fa3e9c5bfd4db80fd77550e3d,2017-11,Warwickshire Police,Warwickshire Police,-1.723716,52.206716,On or near Worths Way,E01031230,Stratford-on-Avon 009C,Violence and sexual offences,Unable to prosecute suspect,
617bb3c5d64c7d6acf3fb9c394ab11825e83f66e27968b056e082b5bf28303d0,2017-11,Warwickshire Police,Warwickshire Police,-1.711983,52.206176,On or near Burbage Avenue,E01031230,Stratford-on-Avon 009C,Violence and sexual offences,Status update unavailable,
b25b1a598316ccd3e2861601be0f1893522fc09d10649e22fbb96e991e88ba9c,2017-11,Warwickshire Police,Warwickshire Police,-1.709209,52.205342,On or near Verney Drive,E01031230,Stratford-on-Avon 009C,Violence and sexual offences,Status update unavailable,
8e86b0f3b63019b094599ba41b61f26c94d4ac082cae2b91be61a2b0c391507a,2017-11,Warwickshire Police,Warwickshire Police,-1.723716,52.206716,On or near Worths Way,E01031230,Stratford-on-Avon 009C,Violence and sexual offences,Unable to prosecute suspect,
9f4b55b9e99bfe14fd916662d611feabd0af3f782e3a10986e83b8f019182bd5,2017-11,Warwickshire Police,Warwickshire Police,-1.722201,52.205634,On or near Marsh Lane,E01031230,Stratford-on-Avon 009C,Other crime,Formal action is not in the public interest,
,2017-11,Warwickshire Police,Warwickshire Police,-1.712832,52.204011,On or near Justins Avenue,E01031231,Stratford-on-Avon 009D,Anti-social behaviour,,
,2017-11,Warwickshire Police,Warwickshire Police,-1.719502,52.202022,On or near Avenue Farm,E01031231,Stratford-on-Avon 009D,Anti-social behaviour,,
,2017-11,Warwickshire Police,Warwickshire Police,-1.710932,52.201381,On or near Shopping Area,E01031231,Stratford-on-Avon 009D,Anti-social behaviour,,
,2017-11,Warwickshire Police,Warwickshire Police,-1.720078,52.203498,On or near Childs Close,E01031231,Stratford-on-Avon 009D,Anti-social behaviour,,
,2017-11,Warwickshire Police,Warwickshire Police,-1.720078,52.203498,On or near Childs Close,E01031231,Stratford-on-Avon 009D,Anti-social behaviour,,
,2017-11,Warwickshire Police,Warwickshire Police,-1.708114,52.198165,On or near Percy Street,E01031231,Stratford-on-Avon 009D,Anti-social behaviour,,
,2017-11,Warwickshire Police,Warwickshire Police,-1.712832,52.204011,On or near Justins Avenue,E01031231,Stratford-on-Avon 009D,Anti-social behaviour,,
,2017-11,Warwickshire Police,Warwickshire Police,-1.710955,52.197785,On or near Bardswell Court,E01031231,Stratford-on-Avon 009D,Anti-social behaviour,,
3632e002e14173403c7bebdf29af7bae450d24468363bddd5b33d38d56d4dfda,2017-11,Warwickshire Police,Warwickshire Police,-1.711793,52.199477,On or near Shopping Area,E01031231,Stratford-on-Avon 009D,Bicycle theft,Status update unavailable,
2e95ba2eccb5c62c309ae4a07ef9ade85928f50565adc559345404d1a5f6fe8d,2017-11,Warwickshire Police,Warwickshire Police,-1.717495,52.202458,On or near Birmingham Road,E01031231,Stratford-on-Avon 009D,Criminal damage and arson,Unable to prosecute suspect,
df84850e8029457a049c4e4de93cfd4197a1efdff313915c656d355322a94dbd,2017-11,Warwickshire Police,Warwickshire Police,-1.714449,52.202738,On or near Supermarket,E01031231,Stratford-on-Avon 009D,Criminal damage and arson,Offender given a caution,
02c082a6020f8825505b5b0376fdae75f8bdf92d6bfc00083e3aa5ae15fab11a,2017-11,Warwickshire Police,Warwickshire Police,-1.720078,52.203498,On or near Childs Close,E01031231,Stratford-on-Avon 009D,Other theft,Investigation complete; no suspect identified,
a0706b40015702dd843fc4f68e808359ba311e4cc778bd42dd9647ac32dfb294,2017-11,Warwickshire Police,Warwickshire Police,-1.715291,52.201500,On or near Petrol Station,E01031231,Stratford-on-Avon 009D,Other theft,Investigation complete; no suspect identified,
40467b6988508bec0f6a24eba7cd32639b2be80e549841b7a6168e7a6bddb906,2017-11,Warwickshire Police,Warwickshire Police,-1.710072,52.198646,On or near Woodman Court,E01031231,Stratford-on-Avon 009D,Other theft,Investigation complete; no suspect identified,
110fe8a77293d3840a8bca1732f4a4dd27a7385f1051011ca01604204ec0d902,2017-11,Warwickshire Police,Warwickshire Police,-1.710932,52.201381,On or near Shopping Area,E01031231,Stratford-on-Avon 009D,Other theft,Investigation complete; no suspect identified,
3f907b9649267a7f869462eb075d276c280575099649c2c4e92337be5e5c686d,2017-11,Warwickshire Police,Warwickshire Police,-1.717495,52.202458,On or near Birmingham Road,E01031231,Stratford-on-Avon 009D,Public order,Status update unavailable,
4c42f11414aded58cf4e3c1b9bafb94a7b4103d9da368e59499ed2abc0f3f135,2017-11,Warwickshire Police,Warwickshire Police,-1.714449,52.202738,On or near Supermarket,E01031231,Stratford-on-Avon 009D,Public order,Offender given a caution,
fddbc77d21515e474e1c4ba802d34b0660f82d9b46fedfa56d372acdcc1de019,2017-11,Warwickshire Police,Warwickshire Police,-1.721118,52.203249,On or near Joseph Way,E01031231,Stratford-on-Avon 009D,Robbery,Status update unavailable,
051ded1e1dbbfae68b42e83fc3712cf2c3526c720f8a163451da13b0f0843cbd,2017-11,Warwickshire Police,Warwickshire Police,-1.713799,52.199140,On or near Maybrook Road,E01031231,Stratford-on-Avon 009D,Shoplifting,Investigation complete; no suspect identified,
dc38e14a5d7e47bf0d4c883d18c2563b9e20000d4dae794924e145a7d3f95f0a,2017-11,Warwickshire Police,Warwickshire Police,-1.710932,52.201381,On or near Shopping Area,E01031231,Stratford-on-Avon 009D,Shoplifting,Court result unavailable,
d73d9a298bdf0f7029b713fe304921f9ae51c82527b8aa25b743fba8f2449b78,2017-11,Warwickshire Police,Warwickshire Police,-1.714449,52.202738,On or near Supermarket,E01031231,Stratford-on-Avon 009D,Shoplifting,Status update unavailable,
c41ee51d3c7d439a2c5a11c4b082665827f711e83db879712493d6fbda8dcbc9,2017-11,Warwickshire Police,Warwickshire Police,-1.710932,52.201381,On or near Shopping Area,E01031231,Stratford-on-Avon 009D,Shoplifting,Investigation complete; no suspect identified,
940079bda0acd75fc47e01d064b474647c96da89f798c67bf46f1939e1dea5bf,2017-11,Warwickshire Police,Warwickshire Police,-1.714449,52.202738,On or near Supermarket,E01031231,Stratford-on-Avon 009D,Shoplifting,Investigation complete; no suspect identified,
096f9a20c4f802d91bcfedff7d571cad97e2d6ba2ff9d3ca4ae347ff3ac2879c,2017-11,Warwickshire Police,Warwickshire Police,-1.710932,52.201381,On or near Shopping Area,E01031231,Stratford-on-Avon 009D,Shoplifting,Local resolution,
568cc6543f8764ba83f450eb471db1cabc2449962dcfc7c739e1496f1e36cd86,2017-11,Warwickshire Police,Warwickshire Police,-1.714449,52.202738,On or near Supermarket,E01031231,Stratford-on-Avon 009D,Shoplifting,Investigation complete; no suspect identified,
e5279aa1c47e8eaea6cc979625af73df281a5ffb8bfc797eb111a67975264b5a,2017-11,Warwickshire Police,Warwickshire Police,-1.710955,52.197785,On or near Bardswell Court,E01031231,Stratford-on-Avon 009D,Vehicle crime,Investigation complete; no suspect identified,
2c1dbf8b13e111f4a88b445663408664e45e16f4fbb2fed3cc4a94516fdb477c,2017-11,Warwickshire Police,Warwickshire Police,-1.710955,52.197785,On or near Bardswell Court,E01031231,Stratford-on-Avon 009D,Vehicle crime,Investigation complete; no suspect identified,
cb9308eb5c81740d9b78318cceb82dca8d42a7fe7611a0a391dcf4d66c861081,2017-11,Warwickshire Police,Warwickshire Police,-1.712832,52.204011,On or near Justins Avenue,E01031231,Stratford-on-Avon 009D,Violence and sexual offences,Status update unavailable,
aa287c1abaf70978afbb849bb1fe0df9f782e549a9a87cc7c4b1e6c8f2b8440b,2017-11,Warwickshire Police,Warwickshire Police,-1.717703,52.199608,On or near Portia Road,E01031231,Stratford-on-Avon 009D,Violence and sexual offences,Status update unavailable,
85be8aa58c77bb9cdd215bc8ef4f5a6a261d8c6fba9db36f8377c0e06c45d72c,2017-11,Warwickshire Police,Warwickshire Police,-1.721892,52.203565,On or near Meadow Sweet Road,E01031231,Stratford-on-Avon 009D,Violence and sexual offences,Status update unavailable,
f736a069f12335a3457ef9e74c4dbc43cfde2a4dcb46b059bb63dd3f33da30c9,2017-11,Warwickshire Police,Warwickshire Police,-1.715286,52.199962,On or near Park Road,E01031231,Stratford-on-Avon 009D,Violence and sexual offences,Status update unavailable,
e7606431d1e6b0f20ab05cf32df7e7911a8a914cd5bcbbb6a062d2c0862ce9b2,2017-11,Warwickshire Police,Warwickshire Police,-1.710932,52.201381,On or near Shopping Area,E01031231,Stratford-on-Avon 009D,Violence and sexual offences,Unable to prosecute suspect,
f03194c3f30b8e0cd366231c45faef2ead90f79fde363c0958fb7668a5f13e16,2017-11,Warwickshire Police,Warwickshire Police,-1.714449,52.202738,On or near Supermarket,E01031231,Stratford-on-Avon 009D,Violence and sexual offences,Investigation complete; no suspect identified,
0d8bbc015c6b4221f8b71aaa42afc17f28c9df7cd22677457de61bcc9aa9ae8a,2017-11,Warwickshire Police,Warwickshire Police,-1.712832,52.204011,On or near Justins Avenue,E01031231,Stratford-on-Avon 009D,Violence and sexual offences,Status update unavailable,
ecaf625ee41aed46c3a9621923a76092c7ec6c0681aa2a8641492f9a559084ee,2017-11,Warwickshire Police,Warwickshire Police,-1.712832,52.204011,On or near Justins Avenue,E01031231,Stratford-on-Avon 009D,Violence and sexual offences,Unable to prosecute suspect,
,2017-11,Warwickshire Police,Warwickshire Police,-1.732547,52.200740,On or near Trevelyan Crescent,E01031236,Stratford-on-Avon 009E,Anti-social behaviour,,
,2017-11,Warwickshire Police,Warwickshire Police,-1.730935,52.198749,On or near Corelli Close,E01031236,Stratford-on-Avon 009E,Anti-social behaviour,,
,2017-11,Warwickshire Police,Warwickshire Police,-1.732547,52.200740,On or near Trevelyan Crescent,E01031236,Stratford-on-Avon 009E,Anti-social behaviour,,
,2017-11,Warwickshire Police,Warwickshire Police,-1.732547,52.200740,On or near Trevelyan Crescent,E01031236,Stratford-on-Avon 009E,Anti-social behaviour,,
,2017-11,Warwickshire Police,Warwickshire Police,-1.733307,52.203340,On or near Bishopton Lane,E01031236,Stratford-on-Avon 009E,Anti-social behaviour,,
,2017-11,Warwickshire Police,Warwickshire Police,-1.732547,52.200740,On or near Trevelyan Crescent,E01031236,Stratford-on-Avon 009E,Anti-social behaviour,,
,2017-11,Warwickshire Police,Warwickshire Police,-1.733445,52.202261,On or near Grouse Close,E01031236,Stratford-on-Avon 009E,Anti-social behaviour,,
e87647bd693caaf6e125cc8c224e620af3ff770b507054b33f6ebbb2afe34e0f,2017-11,Warwickshire Police,Warwickshire Police,-1.730935,52.198749,On or near Corelli Close,E01031236,Stratford-on-Avon 009E,Shoplifting,Offender sent to prison,
eaa394636ccad330bfc0c1d91d6be4be64e0400a733dd2093792d57f5f918e96,2017-11,Warwickshire Police,Warwickshire Police,-1.730935,52.198749,On or near Corelli Close,E01031236,Stratford-on-Avon 009E,Shoplifting,Court result unavailable,
872b8f7658e262c7b791f69d794fa373d49d6ce6191182df37a8f28bbdb5d6a5,2017-11,Warwickshire Police,Warwickshire Police,-1.730935,52.198749,On or near Corelli Close,E01031236,Stratford-on-Avon 009E,Shoplifting,Offender sent to prison,
0be517933e76e8f9862675209bef1ae53b44a2e164a1fdfd3d60fe2d1ba768e7,2017-11,Warwickshire Police,Warwickshire Police,-1.730946,52.201788,On or near Curlew Close,E01031236,Stratford-on-Avon 009E,Vehicle crime,Investigation complete; no suspect identified,
fc28a86ecef3dc2e28e548d5a824f7fd249de741f7743e171e6b503fa92e88e1,2017-11,Warwickshire Police,Warwickshire Police,-1.728796,52.201522,On or near Avonbrook Close,E01031236,Stratford-on-Avon 009E,Violence and sexual offences,Court result unavailable,
105aa89e62cded14d995a49df1e147c8543c96254ff7711fdd5fe84f0a83f47f,2017-11,Warwickshire Police,Warwickshire Police,-1.728796,52.201522,On or near Avonbrook Close,E01031236,Stratford-on-Avon 009E,Violence and sexual offences,Court result unavailable,
,2017-11,Warwickshire Police,Warwickshire Police,-1.728028,52.197951,On or near Drayton Close,E01031238,Stratford-on-Avon 009F,Anti-social behaviour,,
,2017-11,Warwickshire Police,Warwickshire Police,-1.724131,52.196459,On or near Baker Avenue,E01031238,Stratford-on-Avon 009F,Anti-social behaviour,,
6e3525c7dc0003ec61c2ccd0da20570cfe39c83141b24b9a0d932f229969c8ce,2017-11,Warwickshire Police,Warwickshire Police,-1.728028,52.197951,On or near Drayton Close,E01031238,Stratford-on-Avon 009F,Burglary,Investigation complete; no suspect identified,
965e5b9ae1207577f1a45ac797314557b788fd7865f94b96c4a1526ef79c83bd,2017-11,Warwickshire Police,Warwickshire Police,-1.725495,52.198215,On or near Masons Way,E01031238,Stratford-on-Avon 009F,Burglary,Status update unavailable,
4fe5818a5d8af8d85d9788e08d83a9628eecaa9017b855d198efabf180e8e94f,2017-11,Warwickshire Police,Warwickshire Police,-1.727041,52.196690,On or near Brookside Road,E01031238,Stratford-on-Avon 009F,Criminal damage and arson,Investigation complete; no suspect identified,
05d6b5356c51b166708b89d82b76978d8b89cf4cd9365d90507d21851d679ef3,2017-11,Warwickshire Police,Warwickshire Police,-1.727041,52.196690,On or near Brookside Road,E01031238,Stratford-on-Avon 009F,Criminal damage and arson,Unable to prosecute suspect,
8971b483dd912983f8ff07a170cdb19cbee7030d14b72453524d53d511ff55bd,2017-11,Warwickshire Police,Warwickshire Police,-1.727041,52.196690,On or near Brookside Road,E01031238,Stratford-on-Avon 009F,Criminal damage and arson,Investigation complete; no suspect identified,
ced793e0ee45bd1aab3b6d7a1282df0d518c9e2a0f7f0bc1fe6b8c4ebe93d5ff,2017-11,Warwickshire Police,Warwickshire Police,-1.720247,52.195263,On or near Mossop Court,E01031238,Stratford-on-Avon 009F,Drugs,Formal action is not in the public interest,
2b9cfeefec2b718e82e202b40e43c3f371dc628a7d55601cb32020cbba5811e2,2017-11,Warwickshire Police,Warwickshire Police,-1.723583,52.195199,On or near Clarence Road,E01031238,Stratford-on-Avon 009F,Vehicle crime,Investigation complete; no suspect identified,
5953f0d28776439c3598d5b29e78905a527c50a8673d189e5a50c41f22b50cf8,2017-11,Warwickshire Police,Warwickshire Police,-1.723583,52.195199,On or near Clarence Road,E01031238,Stratford-on-Avon 009F,Vehicle crime,Investigation complete; no suspect identified,
e1cb089f8a8fb44dd3694032d51c69a396153990502795af85a8adcc894e9fe5,2017-11,Warwickshire Police,Warwickshire Police,-1.725495,52.198215,On or near Masons Way,E01031238,Stratford-on-Avon 009F,Violence and sexual offences,Status update unavailable,
,2017-11,Warwickshire Police,Warwickshire Police,-1.693630,52.189578,On or near Beech Close,E01031225,Stratford-on-Avon 010A,Anti-social behaviour,,
,2017-11,Warwickshire Police,Warwickshire Police,-1.698148,52.189832,On or near Petrol Station,E01031225,Stratford-on-Avon 010A,Anti-social behaviour,,
,2017-11,Warwickshire Police,Warwickshire Police,-1.692905,52.184443,On or near Rushbrook Road,E01031225,Stratford-on-Avon 010A,Anti-social behaviour,,
,2017-11,Warwickshire Police,Warwickshire Police,-1.701319,52.188222,On or near Sports/Recreation Area,E01031225,Stratford-on-Avon 010A,Anti-social behaviour,,
,2017-11,Warwickshire Police,Warwickshire Police,-1.701319,52.188222,On or near Sports/Recreation Area,E01031225,Stratford-on-Avon 010A,Anti-social behaviour,,
,2017-11,Warwickshire Police,Warwickshire Police,-1.701147,52.189930,On or near Parking Area,E01031225,Stratford-on-Avon 010A,Anti-social behaviour,,
,2017-11,Warwickshire Police,Warwickshire Police,-1.693630,52.189578,On or near Beech Close,E01031225,Stratford-on-Avon 010A,Anti-social behaviour,,
,2017-11,Warwickshire Police,Warwickshire Police,-1.699021,52.190662,On or near Banbury Road,E01031225,Stratford-on-Avon 010A,Anti-social behaviour,,
,2017-11,Warwickshire Police,Warwickshire Police,-1.702654,52.187560,On or near Parking Area,E01031225,Stratford-on-Avon 010A,Anti-social behaviour,,
,2017-11,Warwickshire Police,Warwickshire Police,-1.701319,52.188222,On or near Sports/Recreation Area,E01031225,Stratford-on-Avon 010A,Anti-social behaviour,,
,2017-11,Warwickshire Police,Warwickshire Police,-1.698148,52.189832,On or near Petrol Station,E01031225,Stratford-on-Avon 010A,Anti-social behaviour,,
,2017-11,Warwickshire Police,Warwickshire Police,-1.699021,52.190662,On or near Banbury Road,E01031225,Stratford-on-Avon 010A,Anti-social behaviour,,
,2017-11,Warwickshire Police,Warwickshire Police,-1.697306,52.186755,On or near Bridgetown Road,E01031225,Stratford-on-Avon 010A,Anti-social behaviour,,
238609c1e760598976dce569ff8e30059d41a5cfd020b7b22ebf381bc529d08d,2017-11,Warwickshire Police,Warwickshire Police,-1.694914,52.183675,On or near Tennyson Road,E01031225,Stratford-on-Avon 010A,Burglary,Investigation complete; no suspect identified,
59c9c82da6bf026f0616db2705587bd1c87294d5b1ca20433fc0d3771d8433a1,2017-11,Warwickshire Police,Warwickshire Police,-1.694145,52.186972,On or near Hunts Road,E01031225,Stratford-on-Avon 010A,Burglary,Investigation complete; no suspect identified,
0190fea6a68d6ff1cefe0e3e5a511ee91ae94df4028bc7d3864901c03e8639c4,2017-11,Warwickshire Police,Warwickshire Police,-1.699021,52.190662,On or near Banbury Road,E01031225,Stratford-on-Avon 010A,Burglary,Investigation complete; no suspect identified,
023a44a48ec8303e65e83158c6aa24c883a0e501b2b15b03ae5d421c8488980a,2017-11,Warwickshire Police,Warwickshire Police,-1.693630,52.189578,On or near Beech Close,E01031225,Stratford-on-Avon 010A,Criminal damage and arson,Investigation complete; no suspect identified,
95a0b98cec8e6957b26853a310fa7b3ca03623eddbe080287eae81c3684ceec8,2017-11,Warwickshire Police,Warwickshire Police,-1.699021,52.190662,On or near Banbury Road,E01031225,Stratford-on-Avon 010A,Violence and sexual offences,Status update unavailable,
4ee20719a9741ab646a2d319ba057360ab9089972938f288746baff6d8d76d07,2017-11,Warwickshire Police,Warwickshire Police,-1.695657,52.184108,On or near Masefield Road,E01031225,Stratford-on-Avon 010A,Violence and sexual offences,Unable to prosecute suspect,
ce2e81b6e6d0926608cf610b0ae4779236d104e3a12952b6b52dddfdc3d32a05,2017-11,Warwickshire Police,Warwickshire Police,-1.691973,52.192352,On or near Sports/Recreation Area,E01031225,Stratford-on-Avon 010A,Other crime,Status update unavailable,
fe6d9a19c10cafbfe6237f7bf22e4d72834360c513f4a79338cd5bd03fefc776,2017-11,Warwickshire Police,Warwickshire Police,-1.681144,52.188754,On or near Wootton Close,E01031227,Stratford-on-Avon 010C,Vehicle crime,Investigation complete; no suspect identified,
240de5c3e2976cd4582394fa476ebe0e0a74200f53f33eb256909db716a254b4,2017-11,Warwickshire Police,Warwickshire Police,-1.676188,52.198423,On or near Lawson Avenue,E01031227,Stratford-on-Avon 010C,Violence and sexual offences,Status update unavailable,
,2017-11,Warwickshire Police,Warwickshire Police,-1.691210,52.184159,On or near Barrie Close,E01033250,Stratford-on-Avon 010D,Anti-social behaviour,,
,2017-11,Warwickshire Police,Warwickshire Police,-1.688311,52.182534,On or near Burns Close,E01033250,Stratford-on-Avon 010D,Anti-social behaviour,,
,2017-11,Warwickshire Police,Warwickshire Police,-1.690645,52.183448,On or near Avis Way,E01033250,Stratford-on-Avon 010D,Anti-social behaviour,,
,2017-11,Warwickshire Police,Warwickshire Police,-1.691210,52.184159,On or near Barrie Close,E01033250,Stratford-on-Avon 010D,Anti-social behaviour,,
,2017-11,Warwickshire Police,Warwickshire Police,-1.691210,52.184159,On or near Barrie Close,E01033250,Stratford-on-Avon 010D,Anti-social behaviour,,
,2017-11,Warwickshire Police,Warwickshire Police,-1.691210,52.184159,On or near Barrie Close,E01033250,Stratford-on-Avon 010D,Anti-social behaviour,,
,2017-11,Warwickshire Police,Warwickshire Police,-1.688814,52.183767,On or near Brooke Close,E01033250,Stratford-on-Avon 010D,Anti-social behaviour,,
,2017-11,Warwickshire Police,Warwickshire Police,-1.691210,52.184159,On or near Barrie Close,E01033250,Stratford-on-Avon 010D,Anti-social behaviour,,
,2017-11,Warwickshire Police,Warwickshire Police,-1.690666,52.184590,On or near Amis Way,E01033250,Stratford-on-Avon 010D,Anti-social behaviour,,
,2017-11,Warwickshire Police,Warwickshire Police,-1.691210,52.184159,On or near Barrie Close,E01033250,Stratford-on-Avon 010D,Anti-social behaviour,,
,2017-11,Warwickshire Police,Warwickshire Police,-1.690666,52.184590,On or near Amis Way,E01033250,Stratford-on-Avon 010D,Anti-social behaviour,,
,2017-11,Warwickshire Police,Warwickshire Police,-1.688814,52.183767,On or near Brooke Close,E01033250,Stratford-on-Avon 010D,Anti-social behaviour,,
,2017-11,Warwickshire Police,Warwickshire Police,-1.688814,52.183767,On or near Brooke Close,E01033250,Stratford-on-Avon 010D,Anti-social behaviour,,
,2017-11,Warwickshire Police,Warwickshire Police,-1.690645,52.183448,On or near Avis Way,E01033250,Stratford-on-Avon 010D,Anti-social behaviour,,
,2017-11,Warwickshire Police,Warwickshire Police,-1.689346,52.182986,On or near Austen Road,E01033250,Stratford-on-Avon 010D,Anti-social behaviour,,
32f817e869a01be6079c6f40501c20bf6ca1967c647d8a835cd5a8ae6d93d692,2017-11,Warwickshire Police,Warwickshire Police,-1.690666,52.184590,On or near Amis Way,E01033250,Stratford-on-Avon 010D,Other theft,Investigation complete; no suspect identified,
2f3fc0118bed8120eceb84205c87e7bdc0b52f47e6375188cdf4a91462675c2a,2017-11,Warwickshire Police,Warwickshire Police,-1.689138,52.183462,On or near Congreve Way,E01033250,Stratford-on-Avon 010D,Violence and sexual offences,Investigation complete; no suspect identified,
,2017-11,Warwickshire Police,Warwickshire Police,-1.692574,52.183695,On or near Carroll Close,E01033251,Stratford-on-Avon 010E,Anti-social behaviour,,
,2017-11,Warwickshire Police,Warwickshire Police,-1.692574,52.183695,On or near Carroll Close,E01033251,Stratford-on-Avon 010E,Anti-social behaviour,,
,2017-11,Warwickshire Police,Warwickshire Police,-1.689347,52.180765,On or near Supermarket,E01033251,Stratford-on-Avon 010E,Anti-social behaviour,,
,2017-11,Warwickshire Police,Warwickshire Police,-1.692574,52.183695,On or near Carroll Close,E01033251,Stratford-on-Avon 010E,Anti-social behaviour,,
,2017-11,Warwickshire Police,Warwickshire Police,-1.692569,52.182266,On or near Buchan Close,E01033251,Stratford-on-Avon 010E,Anti-social behaviour,,
07fa448ee110983e9e3e99ebb67a6bfc64e0bc6b5f743df1f2733ff394ac9faa,2017-11,Warwickshire Police,Warwickshire Police,-1.692569,52.182266,On or near Buchan Close,E01033251,Stratford-on-Avon 010E,Drugs,Offender given a caution,
9f40f639c051103f159a2475eaccd7d911a7716d48e8cb79013ed5894e8489fb,2017-11,Warwickshire Police,Warwickshire Police,-1.700710,52.178718,On or near Shipston Road,E01033251,Stratford-on-Avon 010E,Shoplifting,Investigation complete; no suspect identified,
8642fb7d8f0cc8dfa0a313a3554398e9711d55c20755c7656b830f230878cef8,2017-11,Warwickshire Police,Warwickshire Police,-1.700710,52.178718,On or near Shipston Road,E01033251,Stratford-on-Avon 010E,Shoplifting,Status update unavailable,
5ea684f91a3cb58d5824a2fa7c65b6a45bd0e4a00fc792505c940e63c2095d30,2017-11,Warwickshire Police,Warwickshire Police,-1.689347,52.180765,On or near Supermarket,E01033251,Stratford-on-Avon 010E,Shoplifting,Unable to prosecute suspect,
1539771f8dc62860e956ae95b2d0a3f4ca5b8e0570dcc38d193c45e40df2769b,2017-11,Warwickshire Police,Warwickshire Police,-1.689347,52.180765,On or near Supermarket,E01033251,Stratford-on-Avon 010E,Shoplifting,Formal action is not in the public interest,
67f07a1d705cc18f47385f1220d9371645ce664de972df93b105affdf5dd2493,2017-11,Warwickshire Police,Warwickshire Police,-1.683922,52.182657,On or near Feldon Way,E01033251,Stratford-on-Avon 010E,Violence and sexual offences,Defendant found not guilty,
121b2da89eed310b39ffe8d8274d18ed8fb64126b2db610020614305f2892fbd,2017-11,Warwickshire Police,Warwickshire Police,-1.692988,52.183031,On or near Chesterton Drive,E01033251,Stratford-on-Avon 010E,Violence and sexual offences,Status update unavailable,
9f66c310d725715d6b607965d559d323a5b30349fdc85d6fce3cce73faca65c9,2017-11,Warwickshire Police,Warwickshire Police,-1.683922,52.182657,On or near Feldon Way,E01033251,Stratford-on-Avon 010E,Violence and sexual offences,Unable to prosecute suspect,
b814cbb28f13f5c3f12b80047b8f7dc346028e8d18847b336af2ef1bc0f737ac,2017-11,Warwickshire Police,Warwickshire Police,-1.684823,52.183504,On or near Milestone Road,E01033251,Stratford-on-Avon 010E,Violence and sexual offences,Unable to prosecute suspect,
03fdfbd9a685d3f956aac2e8abda018ad15b859debc0b6833b0040306c7c22d9,2017-11,Warwickshire Police,Warwickshire Police,-1.683922,52.182657,On or near Feldon Way,E01033251,Stratford-on-Avon 010E,Violence and sexual offences,Defendant found not guilty,
07a8aa802344cda0f294a9c5406edcbc58d60ed5a32b8b92f80853bef4eecfdf,2017-11,Warwickshire Police,Warwickshire Police,-1.677878,52.177138,On or near Banbury Road,E01033251,Stratford-on-Avon 010E,Other crime,Investigation complete; no suspect identified,
,2017-11,Warwickshire Police,Warwickshire Police,-1.687394,52.188123,On or near Manor Green,E01033252,Stratford-on-Avon 010F,Anti-social behaviour,,
53903baf291d7367e6d3305cf4cd9cf5ef9370b56bd3680155f2941b0705fa96,2017-11,Warwickshire Police,Warwickshire Police,-1.686249,52.184515,On or near Waterloo Drive,E01033252,Stratford-on-Avon 010F,Vehicle crime,Investigation complete; no suspect identified,
e10d19f6d82da36769dc9458ef3a15ca16bd73afb11c9d7be86f92e124d5ed01,2017-11,Warwickshire Police,Warwickshire Police,-1.693899,52.190900,On or near Saxon Close,E01033252,Stratford-on-Avon 010F,Violence and sexual offences,Investigation complete; no suspect identified,
9607389afee2b09043716189cafc19dca322c42ae52d65ec11f35bf9d147aeae,2017-11,Warwickshire Police,Warwickshire Police,-1.683478,52.187483,On or near Saintbury Close,E01033252,Stratford-on-Avon 010F,Violence and sexual offences,Investigation complete; no suspect identified,
,2017-11,Warwickshire Police,Warwickshire Police,-1.719410,52.184068,On or near Newbury Drive,E01031232,Stratford-on-Avon 011A,Anti-social behaviour,,
,2017-11,Warwickshire Police,Warwickshire Police,-1.719410,52.184068,On or near Newbury Drive,E01031232,Stratford-on-Avon 011A,Anti-social behaviour,,
,2017-11,Warwickshire Police,Warwickshire Police,-1.718842,52.193030,On or near Willows Drive North,E01031232,Stratford-on-Avon 011A,Anti-social behaviour,,
,2017-11,Warwickshire Police,Warwickshire Police,-1.727488,52.188079,On or near Hathaway Lane,E01031232,Stratford-on-Avon 011A,Anti-social behaviour,,
,2017-11,Warwickshire Police,Warwickshire Police,-1.719410,52.184068,On or near Newbury Drive,E01031232,Stratford-on-Avon 011A,Anti-social behaviour,,
2f2413334a957be04905aa2d18f7b7af7ba3fad639eaedbf86300f4d8b0ecd49,2017-11,Warwickshire Police,Warwickshire Police,-1.720347,52.193258,On or near Sports/Recreation Area,E01031232,Stratford-on-Avon 011A,Bicycle theft,Investigation complete; no suspect identified,
e4d2d59cde06c6b107175c67c1638c491b4a4fcfbb64dbb19b369a0ea9276e50,2017-11,Warwickshire Police,Warwickshire Police,-1.720347,52.193258,On or near Sports/Recreation Area,E01031232,Stratford-on-Avon 011A,Bicycle theft,Investigation complete; no suspect identified,
1419f686f9f27bd1c1d8eee751f636947ac12b2654a4a39c84c8635bdfd481e1,2017-11,Warwickshire Police,Warwickshire Police,-1.727488,52.188079,On or near Hathaway Lane,E01031232,Stratford-on-Avon 011A,Criminal damage and arson,Status update unavailable,
04926684fc9fbbaa3bfa46164ecaab28a23aa2890b96fef6ecb443c41d48b6ff,2017-11,Warwickshire Police,Warwickshire Police,-1.718842,52.193030,On or near Willows Drive North,E01031232,Stratford-on-Avon 011A,Criminal damage and arson,Investigation complete; no suspect identified,
1b732d4ca8e1b2a7513b362345172d6fa74b1ea8ba224001e9185e919b307da9,2017-11,Warwickshire Police,Warwickshire Police,-1.718797,52.190899,On or near The Willows,E01031232,Stratford-on-Avon 011A,Criminal damage and arson,Investigation complete; no suspect identified,
be77c382002941764e709a209cea44fbe9c217a8f6e657a001436e04df2c337b,2017-11,Warwickshire Police,Warwickshire Police,-1.718842,52.193030,On or near Willows Drive North,E01031232,Stratford-on-Avon 011A,Public order,Formal action is not in the public interest,
539070354c1080afb3306edea9dc39c38d394a05be9a317e8809df203a734ff3,2017-11,Warwickshire Police,Warwickshire Police,-1.723999,52.194130,On or near Farnell Drive,E01031232,Stratford-on-Avon 011A,Vehicle crime,Investigation complete; no suspect identified,
8cace086467a3bf8a33dc4c16670322497e9fec21abd5ebcdc4ef0cd9200b96b,2017-11,Warwickshire Police,Warwickshire Police,-1.719410,52.184068,On or near Newbury Drive,E01031232,Stratford-on-Avon 011A,Vehicle crime,Investigation complete; no suspect identified,
3a0c7a3b4e370f36d5db0823d2f83f90bbc24b6533f06f56fd542b826b78a580,2017-11,Warwickshire Police,Warwickshire Police,-1.718842,52.193030,On or near Willows Drive North,E01031232,Stratford-on-Avon 011A,Vehicle crime,Investigation complete; no suspect identified,
1d315547abda286022d87f8234589a603b46032f5a906bfd509ac73a5b1bb635,2017-11,Warwickshire Police,Warwickshire Police,-1.718842,52.193030,On or near Willows Drive North,E01031232,Stratford-on-Avon 011A,Violence and sexual offences,Formal action is not in the public interest,
0da031b161164279f2c35766911de9da1db1110dc4a35fb77cfba6a743b83d21,2017-11,Warwickshire Police,Warwickshire Police,-1.718842,52.193030,On or near Willows Drive North,E01031232,Stratford-on-Avon 011A,Violence and sexual offences,Local resolution,
869e0b456e64de1b09ddf0dd083bd625fdff80652ba2e089904a3bd5617ad52f,2017-11,Warwickshire Police,Warwickshire Police,-1.720347,52.193258,On or near Sports/Recreation Area,E01031232,Stratford-on-Avon 011A,Violence and sexual offences,Status update unavailable,
8984bb62b76ac4e44d6d6ed0edf61d38882252b4628a7c882ff6d8699b8ae809,2017-11,Warwickshire Police,Warwickshire Police,-1.718842,52.193030,On or near Willows Drive North,E01031232,Stratford-on-Avon 011A,Violence and sexual offences,Status update unavailable,
,2017-11,Warwickshire Police,Warwickshire Police,-1.730097,52.189649,On or near Parking Area,E01031233,Stratford-on-Avon 011B,Anti-social behaviour,,
,2017-11,Warwickshire Police,Warwickshire Police,-1.740089,52.194508,On or near West Green Drive,E01031233,Stratford-on-Avon 011B,Anti-social behaviour,,
,2017-11,Warwickshire Police,Warwickshire Police,-1.738187,52.194612,On or near Hathaway Green Lane,E01031233,Stratford-on-Avon 011B,Anti-social behaviour,,
,2017-11,Warwickshire Police,Warwickshire Police,-1.740089,52.194508,On or near West Green Drive,E01031233,Stratford-on-Avon 011B,Anti-social behaviour,,
,2017-11,Warwickshire Police,Warwickshire Police,-1.728564,52.184341,On or near The Furlongs,E01031233,Stratford-on-Avon 011B,Anti-social behaviour,,
0876ab4282e85d7a5abaa12585b888dd25740ad4a7cccf0e405cae8fa24a340e,2017-11,Warwickshire Police,Warwickshire Police,-1.740089,52.194508,On or near West Green Drive,E01031233,Stratford-on-Avon 011B,Criminal damage and arson,Status update unavailable,
08456e2ca883d90af24851077d6c332dd4a44dd0098722919be6282d2058ef88,2017-11,Warwickshire Police,Warwickshire Police,-1.736650,52.192172,On or near Sports/Recreation Area,E01031233,Stratford-on-Avon 011B,Vehicle crime,Status update unavailable,
abb48b573f98ced0ab0de5cc1a4cc4ddffb4d95cbc3ff88b9e054aa4d7e15196,2017-11,Warwickshire Police,Warwickshire Police,-1.728414,52.187487,On or near Gainsborough Road,E01031233,Stratford-on-Avon 011B,Vehicle crime,Investigation complete; no suspect identified,
fe6ff50ea60a91c066a3f00ca9eec22dca9b163f5d2e3b4eadb7d1425fd08dde,2017-11,Warwickshire Police,Warwickshire Police,-1.732093,52.190984,On or near Parking Area,E01031233,Stratford-on-Avon 011B,Violence and sexual offences,Status update unavailable,
a68884b9a2dbe3992aaca9bdce3c4044dc7cdaccf65f2af23576cac9581f8d97,2017-11,Warwickshire Police,Warwickshire Police,-1.732093,52.190984,On or near Parking Area,E01031233,Stratford-on-Avon 011B,Violence and sexual offences,Investigation complete; no suspect identified,
cbfea88fb8126b4971b4bbb4300a160b8b13c1bc6b2030ee0d781c589f4cfe9b,2017-11,Warwickshire Police,Warwickshire Police,-1.740089,52.194508,On or near West Green Drive,E01031233,Stratford-on-Avon 011B,Violence and sexual offences,Unable to prosecute suspect,
8f7f21102fcdc7404519e028e01c556374e8856696aa8cbae4c3271120903e3e,2017-11,Warwickshire Police,Warwickshire Police,-1.730097,52.189649,On or near Parking Area,E01031233,Stratford-on-Avon 011B,Violence and sexual offences,Status update unavailable,
3bb459e5f18e8438c25f024fe0653c19bd3d022c93712b88e9b243fa84088963,2017-11,Warwickshire Police,Warwickshire Police,-1.732093,52.190984,On or near Parking Area,E01031233,Stratford-on-Avon 011B,Violence and sexual offences,Status update unavailable,
,2017-11,Warwickshire Police,Warwickshire Police,-1.711322,52.193066,On or near Greenhill Street,E01031234,Stratford-on-Avon 011C,Anti-social behaviour,,
,2017-11,Warwickshire Police,Warwickshire Police,-1.704507,52.192698,On or near Bridge Street,E01031234,Stratford-on-Avon 011C,Anti-social behaviour,,
,2017-11,Warwickshire Police,Warwickshire Police,-1.708762,52.186272,On or near Trinity Street,E01031234,Stratford-on-Avon 011C,Anti-social behaviour,,
,2017-11,Warwickshire Police,Warwickshire Police,-1.713174,52.189456,On or near Evesham Place,E01031234,Stratford-on-Avon 011C,Anti-social behaviour,,
,2017-11,Warwickshire Police,Warwickshire Police,-1.704461,52.190828,On or near Waterside,E01031234,Stratford-on-Avon 011C,Anti-social behaviour,,
,2017-11,Warwickshire Police,Warwickshire Police,-1.710447,52.188173,On or near Bull Street,E01031234,Stratford-on-Avon 011C,Anti-social behaviour,,
,2017-11,Warwickshire Police,Warwickshire Police,-1.705036,52.192358,On or near Supermarket,E01031234,Stratford-on-Avon 011C,Anti-social behaviour,,
,2017-11,Warwickshire Police,Warwickshire Police,-1.705598,52.191532,On or near Sheep Street,E01031234,Stratford-on-Avon 011C,Anti-social behaviour,,
99cb3fe26850a439fa0ff4cc3176dc69d26dff9ff79da141cf60ef6eb7428261,2017-11,Warwickshire Police,Warwickshire Police,-1.707487,52.191097,On or near Chapel Street,E01031234,Stratford-on-Avon 011C,Criminal damage and arson,Investigation complete; no suspect identified,
85237c403f9d4b924da4406750d0ff6ef3b8c6dfccbbf4335afc681fcd36d0c5,2017-11,Warwickshire Police,Warwickshire Police,-1.710746,52.184838,On or near Avonmeadow Close,E01031234,Stratford-on-Avon 011C,Criminal damage and arson,Investigation complete; no suspect identified,
2e348cd0b61513e44eee11fb4bf0ef3d928d383127ce2b58e9b0d0763ea01a82,2017-11,Warwickshire Police,Warwickshire Police,-1.710073,52.187237,On or near College Mews,E01031234,Stratford-on-Avon 011C,Criminal damage and arson,Investigation complete; no suspect identified,
f731c6a5ee6baea5d7c59532e7172c9681814ad98d9e8298bcb8a4825b917301,2017-11,Warwickshire Police,Warwickshire Police,-1.710746,52.184838,On or near Avonmeadow Close,E01031234,Stratford-on-Avon 011C,Criminal damage and arson,Status update unavailable,
795db37f8780ea2c8f5e31d1fa91e1d8903e647f8b5f36bb9c65030dae1ecb2e,2017-11,Warwickshire Police,Warwickshire Police,-1.708859,52.191639,On or near Ely Street,E01031234,Stratford-on-Avon 011C,Criminal damage and arson,Local resolution,
18dbd516647df0e2d2c04c6d8ac0086a0228e8f44149e311e536bda6512be149,2017-11,Warwickshire Police,Warwickshire Police,-1.705598,52.191532,On or near Sheep Street,E01031234,Stratford-on-Avon 011C,Other theft,Investigation complete; no suspect identified,
a103331d97fc0cace9a34e0eac056f0605b0e4838905063b83c2f07a86e5e622,2017-11,Warwickshire Police,Warwickshire Police,-1.711888,52.191449,On or near Police Station,E01031234,Stratford-on-Avon 011C,Other theft,Status update unavailable,
f33a31c354a15019443518141263da8f360a47b5a284f2a0b0a5f90f5643d52c,2017-11,Warwickshire Police,Warwickshire Police,-1.711888,52.191449,On or near Police Station,E01031234,Stratford-on-Avon 011C,Other theft,Investigation complete; no suspect identified,
f6f4bb2e7446d9b55babd339f26ae477d378e6ebdae947f9ef40ea2e8ca13090,2017-11,Warwickshire Police,Warwickshire Police,-1.710447,52.188173,On or near Bull Street,E01031234,Stratford-on-Avon 011C,Other theft,Investigation complete; no suspect identified,
d778699fce6f1b9c0dc38ddc4e170a3a19833946c016d24ff8c26fe20714981d,2017-11,Warwickshire Police,Warwickshire Police,-1.708859,52.191639,On or near Ely Street,E01031234,Stratford-on-Avon 011C,Public order,Unable to prosecute suspect,
3181c184a9e79f16a4b306d611ec29d914acf5665fac8b6772b4e833d468e802,2017-11,Warwickshire Police,Warwickshire Police,-1.707099,52.192408,On or near Shopping Area,E01031234,Stratford-on-Avon 011C,Shoplifting,Local resolution,
8b9f4205aa09953c6542755dedf529f9b6e0eefa9753f2ea2e9913ea85abca54,2017-11,Warwickshire Police,Warwickshire Police,-1.707099,52.192408,On or near Shopping Area,E01031234,Stratford-on-Avon 011C,Shoplifting,Investigation complete; no suspect identified,
ede5595ea8a09c448531427f2e3397fcc4aedf5f33acdf5bfaf312fe2ccce997,2017-11,Warwickshire Police,Warwickshire Police,-1.707099,52.192408,On or near Shopping Area,E01031234,Stratford-on-Avon 011C,Shoplifting,Status update unavailable,
b87331c3fc7775004841545172ce082af318ac7e01c5be55a364ecf7f0e4b30f,2017-11,Warwickshire Police,Warwickshire Police,-1.707099,52.192408,On or near Shopping Area,E01031234,Stratford-on-Avon 011C,Shoplifting,Local resolution,
cd5e00e0ebd9654f51c913f1c440cf1e8c25162c4eb8e7f52943ff15959482e3,2017-11,Warwickshire Police,Warwickshire Police,-1.707099,52.192408,On or near Shopping Area,E01031234,Stratford-on-Avon 011C,Shoplifting,Investigation complete; no suspect identified,
f3063b42b302e5fd31c775f792d98903f40f5f987b543e4755905f1d26a17a43,2017-11,Warwickshire Police,Warwickshire Police,-1.704507,52.192698,On or near Bridge Street,E01031234,Stratford-on-Avon 011C,Shoplifting,Formal action is not in the public interest,
36a65504b9f670d079d7ab62c02d346d784c0e9e6dc35214dbc88cd9f65579f2,2017-11,Warwickshire Police,Warwickshire Police,-1.707099,52.192408,On or near Shopping Area,E01031234,Stratford-on-Avon 011C,Shoplifting,Investigation complete; no suspect identified,
8f7773260ecdcc36a2c187b0b996dfa49999d5bea2151f533fd10c2743df6d46,2017-11,Warwickshire Police,Warwickshire Police,-1.707099,52.192408,On or near Shopping Area,E01031234,Stratford-on-Avon 011C,Shoplifting,Investigation complete; no suspect identified,
ca930c5453c4046d914cece5968789add6b084f6a018296aead022624299d9be,2017-11,Warwickshire Police,Warwickshire Police,-1.704507,52.192698,On or near Bridge Street,E01031234,Stratford-on-Avon 011C,Shoplifting,Investigation complete; no suspect identified,
6f7e12ce94062f1404c18196fbc041d0d011500f18703ecada1ce1f6e98b9149,2017-11,Warwickshire Police,Warwickshire Police,-1.704507,52.192698,On or near Bridge Street,E01031234,Stratford-on-Avon 011C,Shoplifting,Investigation complete; no suspect identified,
aafc3434bd2073e5a017b9eb955afc93ee7d3f4097d2e7e0c00e39669a0b0d45,2017-11,Warwickshire Police,Warwickshire Police,-1.705036,52.192358,On or near Supermarket,E01031234,Stratford-on-Avon 011C,Theft from the person,Investigation complete; no suspect identified,
25c050bedf2400840f4ea7d81872d861a79ad89df89869d1409fbdf097e9033d,2017-11,Warwickshire Police,Warwickshire Police,-1.714071,52.188703,On or near A4390,E01031234,Stratford-on-Avon 011C,Vehicle crime,Investigation complete; no suspect identified,
af3c5a0dc49ebfe740d8a180e8f510fd838ef1dd996c9697a0fc1250e7e19965,2017-11,Warwickshire Police,Warwickshire Police,-1.707673,52.191843,On or near Shopping Area,E01031234,Stratford-on-Avon 011C,Violence and sexual offences,Investigation complete; no suspect identified,
3752803dc392b3d5941f597789d7f785856e34e609960eca2198b5ad806131c2,2017-11,Warwickshire Police,Warwickshire Police,-1.706676,52.192101,On or near High Street,E01031234,Stratford-on-Avon 011C,Violence and sexual offences,Status update unavailable,
c784498f0271a52cff19df608774be90b39432231b7c26f4399009dc08c1bced,2017-11,Warwickshire Police,Warwickshire Police,-1.705036,52.192358,On or near Supermarket,E01031234,Stratford-on-Avon 011C,Violence and sexual offences,Offender given a caution,
,2017-11,Warwickshire Police,Warwickshire Police,-1.706944,52.189180,On or near Theatre/Concert Hall,E01031235,Stratford-on-Avon 011D,Anti-social behaviour,,
,2017-11,Warwickshire Police,Warwickshire Police,-1.707180,52.188938,On or near The Paddocks,E01031235,Stratford-on-Avon 011D,Anti-social behaviour,,
,2017-11,Warwickshire Police,Warwickshire Police,-1.714581,52.186691,On or near Sandfield Road,E01031235,Stratford-on-Avon 011D,Anti-social behaviour,,
,2017-11,Warwickshire Police,Warwickshire Police,-1.714581,52.186691,On or near Sandfield Road,E01031235,Stratford-on-Avon 011D,Anti-social behaviour,,
,2017-11,Warwickshire Police,Warwickshire Police,-1.719191,52.186306,On or near Bordon Place,E01031235,Stratford-on-Avon 011D,Anti-social behaviour,,
00c728dcbdf62c06440f2e5b71c7a5b0cbe456075b406d9c20656fc7d0e6636b,2017-11,Warwickshire Police,Warwickshire Police,-1.706944,52.189180,On or near Theatre/Concert Hall,E01031235,Stratford-on-Avon 011D,Criminal damage and arson,Status update unavailable,
16528920a364250ec2a604a3c6a365180505c6d4ea9a23f6c7018db8fb9c1f23,2017-11,Warwickshire Police,Warwickshire Police,-1.712822,52.184987,On or near Old Town Mews,E01031235,Stratford-on-Avon 011D,Other theft,Investigation complete; no suspect identified,
378bb41fbb91994bfce46f92c2d6cc45c0a8c41a9369573ebce8480fe01571e6,2017-11,Warwickshire Police,Warwickshire Police,-1.718680,52.188490,On or near Brookvale Road,E01031235,Stratford-on-Avon 011D,Public order,Status update unavailable,
,2017-11,Warwickshire Police,Warwickshire Police,-1.731651,52.196494,On or near Sidelands Road,E01031237,Stratford-on-Avon 011E,Anti-social behaviour,,
,2017-11,Warwickshire Police,Warwickshire Police,-1.741099,52.196920,On or near Toll Gate Close,E01031237,Stratford-on-Avon 011E,Anti-social behaviour,,
,2017-11,Warwickshire Police,Warwickshire Police,-1.737469,52.197236,On or near Mount Crescent,E01031237,Stratford-on-Avon 011E,Anti-social behaviour,,
3306f5ae37e9add03e2d3e7b248c421d0fdd591b17c9229245977cf926c154b0,2017-11,Warwickshire Police,Warwickshire Police,-1.737469,52.197236,On or near Mount Crescent,E01031237,Stratford-on-Avon 011E,Bicycle theft,Investigation complete; no suspect identified,
00674c7dd62383589cb6ddfcfe22fa6a406912358529adf33bc4b7a1ccd955cb,2017-11,Warwickshire Police,Warwickshire Police,-1.736341,52.200038,On or near Sackville Close,E01031237,Stratford-on-Avon 011E,Burglary,Formal action is not in the public interest,
eac3e7fe66414154dbaa3b2274c1d3b19245c4d40191b1b92cc121f220d851b6,2017-11,Warwickshire Police,Warwickshire Police,-1.733347,52.196642,On or near Blacon Way,E01031237,Stratford-on-Avon 011E,Burglary,Investigation complete; no suspect identified,
a129a5f44d6895f744db9bf05dec790612a3de37a57732ef4dbe55f5ea873aa1,2017-11,Warwickshire Police,Warwickshire Police,-1.738838,52.198344,On or near Shelbourne Road,E01031237,Stratford-on-Avon 011E,Burglary,Investigation complete; no suspect identified,
cf1f4052bfd098bdebced9fd330893ac5d32eee768f82a57afca43ece1397866,2017-11,Warwickshire Police,Warwickshire Police,-1.737469,52.197236,On or near Mount Crescent,E01031237,Stratford-on-Avon 011E,Burglary,Investigation complete; no suspect identified,
92cf1105085416a277e5a2f89c2f19c940a7b023f905441e4e774d82061c502a,2017-11,Warwickshire Police,Warwickshire Police,-1.736341,52.200038,On or near Sackville Close,E01031237,Stratford-on-Avon 011E,Criminal damage and arson,Local resolution,
3a72d7aef09bdfee0f0b3cb1046e1301ad7e35567ca8958f2f7a30ccb57e097a,2017-11,Warwickshire Police,Warwickshire Police,-1.737469,52.197236,On or near Mount Crescent,E01031237,Stratford-on-Avon 011E,Criminal damage and arson,Formal action is not in the public interest,
9df5e5d122b261e0930202a963293ece4e3f7a59f8f9595c855075159b0d5261,2017-11,Warwickshire Police,Warwickshire Police,-1.730196,52.197435,On or near Heather Close,E01031237,Stratford-on-Avon 011E,Vehicle crime,Investigation complete; no suspect identified,
fa1ca7530cfd5b46c55ba07efbc5d4c0ce76ad6730ab1806b59c7717a4d9d4c9,2017-11,Warwickshire Police,Warwickshire Police,-1.737793,52.199412,On or near Ludford Close,E01031237,Stratford-on-Avon 011E,Vehicle crime,Unable to prosecute suspect,
26552519783063619ec94e51851de2c99f3e8ff184585e1c1be17f888e70d11a,2017-11,Warwickshire Police,Warwickshire Police,-1.737469,52.197236,On or near Mount Crescent,E01031237,Stratford-on-Avon 011E,Vehicle crime,Investigation complete; no suspect identified,
32b3eb336b4cf5063184d99b5a6ee4a8a364d68151bd79b59b6ee43d06268980,2017-11,Warwickshire Police,Warwickshire Police,-1.733850,52.198171,On or near Bishops Close,E01031237,Stratford-on-Avon 011E,Violence and sexual offences,Unable to prosecute suspect,
30f9bc9dbb466b02cb41f3bc1615b50eedeb7f2ba704ad1ed06089cca0f0c761,2017-11,Warwickshire Police,Warwickshire Police,-1.733125,52.197118,On or near Holbrook Road,E01031237,Stratford-on-Avon 011E,Violence and sexual offences,Status update unavailable,
89834d50d41fd58cfd24b7784bcf47f2330bb9d1a88a6d28aa862c2e9293fac6,2017-11,Warwickshire Police,Warwickshire Police,-1.736341,52.200038,On or near Sackville Close,E01031237,Stratford-on-Avon 011E,Violence and sexual offences,Status update unavailable,
bd7ff77987df101e5f3b7f7a46724c6e0053503c1d06d6e2db09354df5bd90b2,2017-11,Warwickshire Police,Warwickshire Police,-1.737469,52.197236,On or near Mount Crescent,E01031237,Stratford-on-Avon 011E,Violence and sexual offences,Status update unavailable,
31ec979f187ae66840d1201cef4df02f5c618763bea422e14d03f90dc64e5b21,2017-11,Warwickshire Police,Warwickshire Police,-1.729587,52.198953,On or near Drayton Avenue,E01031237,Stratford-on-Avon 011E,Violence and sexual offences,Status update unavailable,
a4b63d26cf3fe87b086861cc4f63719bb86f37980022a9fe557894dcbb8e81c3,2017-11,Warwickshire Police,Warwickshire Police,-1.736482,52.198357,On or near Glebe Road,E01031237,Stratford-on-Avon 011E,Violence and sexual offences,Unable to prosecute suspect,
1e38e85787ca61e06dab46a8776ae36f30ae20ce10c452620af6228e5fb9a35f,2017-11,Warwickshire Police,Warwickshire Police,-1.739808,52.197537,On or near Lea Close,E01031237,Stratford-on-Avon 011E,Violence and sexual offences,Status update unavailable,
f397dd6bba4d0e2d66b8eb7d84c4aa5ebd78fcb5b1ebbaf88b0c1c78af1dc632,2017-11,Warwickshire Police,Warwickshire Police,-1.737469,52.197236,On or near Mount Crescent,E01031237,Stratford-on-Avon 011E,Violence and sexual offences,Status update unavailable,
,2017-11,Warwickshire Police,Warwickshire Police,-1.899211,52.164193,On or near Perkins Close,E01031189,Stratford-on-Avon 012A,Anti-social behaviour,,
eaac649fa5bb824e7145397a4bd970eaab62a92fe18c74b396185510845d1bae,2017-11,Warwickshire Police,Warwickshire Police,-1.911319,52.169929,On or near B4088,E01031189,Stratford-on-Avon 012A,Criminal damage and arson,Status update unavailable,
4bb2b0f75b0021b759ebf5a069a11dafaed35af202c4b4064cb198f74f2c4e98,2017-11,Warwickshire Police,Warwickshire Police,-1.890936,52.157991,On or near Jack Thomson Croft,E01031189,Stratford-on-Avon 012A,Criminal damage and arson,Investigation complete; no suspect identified,
9483bc4a3bd1c16e59fb7da3f5cdca32f73518c4e8040de6ebaf2134a0016142,2017-11,Warwickshire Police,Warwickshire Police,-1.915569,52.187778,On or near Evesham Road,E01031189,Stratford-on-Avon 012A,Vehicle crime,Investigation complete; no suspect identified,
e1253cdaa0a28f6d00893c793b2d2ebb7f1d360f5c09d3934e39a5d292659aa5,2017-11,Warwickshire Police,Warwickshire Police,-1.899373,52.163644,On or near St Matthews Close,E01031189,Stratford-on-Avon 012A,Violence and sexual offences,Court result unavailable,
13162312a285fa9716655ed8559b2e5ccf7aba90c4d3fd6320b404747e1208b0,2017-11,Warwickshire Police,Warwickshire Police,-1.891449,52.145414,On or near Park/Open Space,E01031189,Stratford-on-Avon 012A,Violence and sexual offences,Status update unavailable,
,2017-11,Warwickshire Police,Warwickshire Police,-1.856003,52.170918,On or near Friday Furlong,E01031190,Stratford-on-Avon 012B,Anti-social behaviour,,
,2017-11,Warwickshire Police,Warwickshire Police,-1.857797,52.167701,On or near Pippin Close,E01031190,Stratford-on-Avon 012B,Anti-social behaviour,,
,2017-11,Warwickshire Police,Warwickshire Police,-1.852074,52.169573,On or near Waterloo Crescent,E01031190,Stratford-on-Avon 012B,Anti-social behaviour,,
10f100eb9cdd31966fb5669a6801ef4d0062fded8b168d40b66ebcc3d58829a2,2017-11,Warwickshire Police,Warwickshire Police,-1.857399,52.168474,On or near Wadleys Close,E01031190,Stratford-on-Avon 012B,Bicycle theft,Investigation complete; no suspect identified,
4d48aedf655293ab9696f8df2723b1c722897fe2340450ab45f8eec3844e9c09,2017-11,Warwickshire Police,Warwickshire Police,-1.857797,52.167701,On or near Pippin Close,E01031190,Stratford-on-Avon 012B,Burglary,Investigation complete; no suspect identified,
a376aaf350bd290cc427c8af9b8fe19ab40cea20b52319a027e93997ec8114e0,2017-11,Warwickshire Police,Warwickshire Police,-1.866585,52.177178,On or near Bidford Road,E01031190,Stratford-on-Avon 012B,Burglary,Investigation complete; no suspect identified,
060573d368bb2101219263dde79d1432240772bae09891147b666efe3faeb801,2017-11,Warwickshire Police,Warwickshire Police,-1.856003,52.170918,On or near Friday Furlong,E01031190,Stratford-on-Avon 012B,Criminal damage and arson,Court result unavailable,
b512c5bc09af2edb51ef53c0d375b627554ed4bfc7b73c039ac4f2ac6249387b,2017-11,Warwickshire Police,Warwickshire Police,-1.857797,52.167701,On or near Pippin Close,E01031190,Stratford-on-Avon 012B,Criminal damage and arson,Local resolution,
d5407734a963f299598c77945ef3c5b5bfbf8adee95d7fa09cab85c8dd230161,2017-11,Warwickshire Police,Warwickshire Police,-1.867815,52.176604,On or near Albion Terrace,E01031190,Stratford-on-Avon 012B,Vehicle crime,Investigation complete; no suspect identified,
adefadb41fcedc81d56d411c3d5e8d8521dfd4692d9a600735d87e321534975b,2017-11,Warwickshire Police,Warwickshire Police,-1.856003,52.170918,On or near Friday Furlong,E01031190,Stratford-on-Avon 012B,Violence and sexual offences,Status update unavailable,
68675f550b38250a8b4b76722531c2d1c2afa297be41467e4cb365f78f75a2d8,2017-11,Warwickshire Police,Warwickshire Police,-1.856003,52.170918,On or near Friday Furlong,E01031190,Stratford-on-Avon 012B,Violence and sexual offences,Offender given a caution,
c517ad921a9bc0448e9b3e4b941f28fe65120ad8b3a74203222cde1f887c20d2,2017-11,Warwickshire Police,Warwickshire Police,-1.854952,52.170089,On or near The Poplars,E01031190,Stratford-on-Avon 012B,Violence and sexual offences,Status update unavailable,
130a8b0bf319c45d291465b4c765d6b509d9dbfeb31d163d0a45d1ceb618e26b,2017-11,Warwickshire Police,Warwickshire Police,-1.853898,52.170636,On or near Waterloo Road,E01031190,Stratford-on-Avon 012B,Violence and sexual offences,Unable to prosecute suspect,
6805f3c1bdf340fdfb8eab324e1571ff6a29162184791a099961d9e54703e114,2017-11,Warwickshire Police,Warwickshire Police,-1.848362,52.169038,On or near Wessons Road,E01031190,Stratford-on-Avon 012B,Other crime,Status update unavailable,
e23fbbf2f49c212943b729b1453d2f0a37bd9125e8efc45c7993e1d34e4502d8,2017-11,Warwickshire Police,Warwickshire Police,-1.859045,52.165968,On or near Court Way,E01031191,Stratford-on-Avon 012C,Burglary,Status update unavailable,
fbfd6ffb910cf9a424c85a5d7da6b40430a605f9be5bd1d194d31d587f26e84f,2017-11,Warwickshire Police,Warwickshire Police,-1.861418,52.164496,On or near Supermarket,E01031191,Stratford-on-Avon 012C,Criminal damage and arson,Investigation complete; no suspect identified,
bd3eec09e46a5c81a011632939740bc1d1d01957933430fbcb753177476436ba,2017-11,Warwickshire Police,Warwickshire Police,-1.869446,52.178863,On or near Mill Lane,E01031191,Stratford-on-Avon 012C,Vehicle crime,Investigation complete; no suspect identified,
,2017-11,Warwickshire Police,Warwickshire Police,-1.858607,52.165805,On or near Trafalgar Court,E01031192,Stratford-on-Avon 012D,Anti-social behaviour,,
,2017-11,Warwickshire Police,Warwickshire Police,-1.853667,52.165179,On or near Church Street,E01031192,Stratford-on-Avon 012D,Anti-social behaviour,,
,2017-11,Warwickshire Police,Warwickshire Police,-1.861245,52.163768,On or near The Pleck,E01031192,Stratford-on-Avon 012D,Anti-social behaviour,,
,2017-11,Warwickshire Police,Warwickshire Police,-1.858365,52.168349,On or near Lambourne Close,E01031192,Stratford-on-Avon 012D,Anti-social behaviour,,
eb00b08ae06b3b9b2ab5ba809a51bdbf03e896a8590f5bfdf6eb420325e4397c,2017-11,Warwickshire Police,Warwickshire Police,-1.843706,52.158324,On or near Owlets End,E01031192,Stratford-on-Avon 012D,Burglary,Investigation complete; no suspect identified,
39d643d2a80c967611a2937bff773761425b89f90ef118b45cf2a70a2dd86a11,2017-11,Warwickshire Police,Warwickshire Police,-1.861245,52.163768,On or near The Pleck,E01031192,Stratford-on-Avon 012D,Other theft,Investigation complete; no suspect identified,
5394b5f6f4879c77bf048713ecaedf965bc4825c881ac2a3c09e14fa2a72d520,2017-11,Warwickshire Police,Warwickshire Police,-1.856739,52.164823,On or near Sallieforth Place,E01031192,Stratford-on-Avon 012D,Other theft,Investigation complete; no suspect identified,
07f9b209b689e92ffb19f99dd8c845d6e1dc07c3196c9c1a4c5d49ebbc67c9cb,2017-11,Warwickshire Police,Warwickshire Police,-1.860000,52.164503,On or near High Street,E01031192,Stratford-on-Avon 012D,Other theft,Investigation complete; no suspect identified,
2eec2f0fed95b45c094a779ee9a0bf74572912efbea8ddeef52c805b4e835a4c,2017-11,Warwickshire Police,Warwickshire Police,-1.851660,52.166525,On or near Tower Hill,E01031192,Stratford-on-Avon 012D,Violence and sexual offences,Unable to prosecute suspect,
3d96a2138df3eea5ace19d0245678ea85b9f7891cd0780e33872bb3ddca077f4,2017-11,Warwickshire Police,Warwickshire Police,-1.853667,52.165179,On or near Church Street,E01031192,Stratford-on-Avon 012D,Violence and sexual offences,Status update unavailable,
53fa37f671384c4793844f6fa29c3afe4995640f869f802b49701c054ef4321a,2017-11,Warwickshire Police,Warwickshire Police,-1.786391,52.164069,On or near Headland Close,E01031248,Stratford-on-Avon 012E,Burglary,Investigation complete; no suspect identified,
36f27f7a491cc479f509ed1cb9c64e5b1351b48aa0fc1d50eceec668bca2f1f2,2017-11,Warwickshire Police,Warwickshire Police,-1.779782,52.164246,On or near Pool Close,E01031248,Stratford-on-Avon 012E,Burglary,Investigation complete; no suspect identified,
e64d990b6c93509f519888ac8a35447e79f17014c84403c3dfd0e9644ef2fda5,2017-11,Warwickshire Police,Warwickshire Police,-1.808415,52.142063,On or near Dorsington Road,E01031248,Stratford-on-Avon 012E,Criminal damage and arson,Investigation complete; no suspect identified,
7a89cca52b8dcedaf9a3b6c9334bb37cf0aae5ab8ff4a02a7b0e4062e83fef52,2017-11,Warwickshire Police,Warwickshire Police,-1.790982,52.160976,On or near Theatre/Concert Hall,E01031248,Stratford-on-Avon 012E,Other theft,Investigation complete; no suspect identified,
7de08b2f05f61a06045c3b5fa87f6bd3a26130f4e92ae0af8deb7fbc37b94d4a,2017-11,Warwickshire Police,Warwickshire Police,-1.698033,52.165855,On or near Shipston Road,E01031248,Stratford-on-Avon 012E,Vehicle crime,Investigation complete; no suspect identified,
48b9da50db571109f497caba99157652065010e5118c3a98e8ca27666ae4c622,2017-11,Warwickshire Police,Warwickshire Police,-1.730008,52.158443,On or near Campden Road,E01031248,Stratford-on-Avon 012E,Violence and sexual offences,Formal action is not in the public interest,
b96732e07da1a12933b2a7e69632bf4817a5a6198f806dcf9aa801086c0f465b,2017-11,Warwickshire Police,Warwickshire Police,-1.808415,52.142063,On or near Dorsington Road,E01031248,Stratford-on-Avon 012E,Violence and sexual offences,Status update unavailable,
,2017-11,Warwickshire Police,Warwickshire Police,-1.421355,52.166099,On or near Park/Open Space,E01031194,Stratford-on-Avon 013A,Anti-social behaviour,,
,2017-11,Warwickshire Police,Warwickshire Police,-1.421355,52.166099,On or near Park/Open Space,E01031194,Stratford-on-Avon 013A,Anti-social behaviour,,
,2017-11,Warwickshire Police,Warwickshire Police,-1.421355,52.166099,On or near Park/Open Space,E01031194,Stratford-on-Avon 013A,Anti-social behaviour,,
,2017-11,Warwickshire Police,Warwickshire Police,-1.429169,52.170129,On or near Bottom Street,E01031194,Stratford-on-Avon 013A,Anti-social behaviour,,
f408ba6478119bc083ec3fdf54fab0fec54ff346875a66c286303bc71782b18d,2017-11,Warwickshire Police,Warwickshire Police,-1.446601,52.125133,On or near Grange Close,E01031194,Stratford-on-Avon 013A,Burglary,Investigation complete; no suspect identified,
e9f6772ed386ea276dc6ee16b9f0c9bf35d4915f42e9e35c06ea993ac333d519,2017-11,Warwickshire Police,Warwickshire Police,-1.403640,52.125239,On or near B4100,E01031194,Stratford-on-Avon 013A,Other theft,Investigation complete; no suspect identified,
08d6c927159e8d38bef4fa2cbe7be491d93c2b11882a46ad19b2b29880c63ba7,2017-11,Warwickshire Police,Warwickshire Police,-1.425145,52.171548,On or near The Prebend,E01031194,Stratford-on-Avon 013A,Possession of weapons,Status update unavailable,
5fe789551475c4dc738a7e40463731d64a09bfe9b11ed10d461942d11ec82d77,2017-11,Warwickshire Police,Warwickshire Police,-1.443637,52.166062,On or near Falkland Place,E01031194,Stratford-on-Avon 013A,Vehicle crime,Investigation complete; no suspect identified,
c07b913ba503905cbc286df17c1141d698932b645c7c3486723bce632006515a,2017-11,Warwickshire Police,Warwickshire Police,-1.417547,52.186795,On or near Kimble Close,E01031194,Stratford-on-Avon 013A,Violence and sexual offences,Status update unavailable,
d58c9cfe920b542a63d58db223de8573660aadf3d247cd9705b9adf2f8194c68,2017-11,Warwickshire Police,Warwickshire Police,-1.416110,52.188181,On or near Poplar Close,E01031194,Stratford-on-Avon 013A,Violence and sexual offences,Offender sent to prison,
,2017-11,Warwickshire Police,Warwickshire Police,-1.508706,52.157388,On or near Battle Court,E01031205,Stratford-on-Avon 013B,Anti-social behaviour,,
8ea37359ae8d0b32ff45dcead842c0e58bf3ab7ff6029084a459bc023f0233c2,2017-11,Warwickshire Police,Warwickshire Police,-1.508126,52.159552,On or near Glosters Green,E01031205,Stratford-on-Avon 013B,Burglary,Status update unavailable,
4dab7f210bcf0e43364027f29024cedba34241782ddb1c27a9c2826746d0dc13,2017-11,Warwickshire Police,Warwickshire Police,-1.509889,52.156098,On or near Banbury Street,E01031205,Stratford-on-Avon 013B,Burglary,Investigation complete; no suspect identified,
072d98cc83b8658c3cd80ed2b0579e759f1ea05924dd893f316813d4b4028a38,2017-11,Warwickshire Police,Warwickshire Police,-1.467386,52.185241,On or near Claylands,E01031205,Stratford-on-Avon 013B,Drugs,Offender given a drugs possession warning,
abbff4d5803978980edf8b09538c1f9515b1af3fe1c087ae622d9726f206b2d9,2017-11,Warwickshire Police,Warwickshire Police,-1.467386,52.185241,On or near Claylands,E01031205,Stratford-on-Avon 013B,Drugs,Offender given a drugs possession warning,
f1c7d36f884fe7e538f7b37d5344d563be879a67fc286ea3e614aee24e5261c6,2017-11,Warwickshire Police,Warwickshire Police,-1.465486,52.183848,On or near Petrol Station,E01031205,Stratford-on-Avon 013B,Other theft,Status update unavailable,
945a738fa091e5482fd5f7e51ad12b96a9824d3ef5c19805361ad623c5ae25eb,2017-11,Warwickshire Police,Warwickshire Police,-1.504071,52.157485,On or near Shortacres,E01031205,Stratford-on-Avon 013B,Possession of weapons,Status update unavailable,
36db2a70202d7aad06c2fbec531f52ceb351704b60c2604d4cb4d5cb6754ca56,2017-11,Warwickshire Police,Warwickshire Police,-1.467386,52.185241,On or near Claylands,E01031205,Stratford-on-Avon 013B,Violence and sexual offences,Court result unavailable,
3fca65ed0fff1bc1192520252f527b7993f8996f9c2921ca69b2264ae9d7db89,2017-11,Warwickshire Police,Warwickshire Police,-1.471606,52.183327,On or near Upper Farm Meadow,E01031205,Stratford-on-Avon 013B,Violence and sexual offences,Status update unavailable,
,2017-11,Warwickshire Police,Warwickshire Police,-1.514477,52.157636,On or near King John'S Road,E01031206,Stratford-on-Avon 013C,Anti-social behaviour,,
,2017-11,Warwickshire Police,Warwickshire Police,-1.514477,52.157636,On or near King John'S Road,E01031206,Stratford-on-Avon 013C,Anti-social behaviour,,
4ee5dda20e2d03c16fe8edbdf381abbe33a8df13ae82d699735a755d79da7b88,2017-11,Warwickshire Police,Warwickshire Police,-1.523374,52.155380,On or near Brookhampton Lane,E01031206,Stratford-on-Avon 013C,Criminal damage and arson,Investigation complete; no suspect identified,
73a2771a6233b2e407e49286b9ac94a55253ae7f53882ac16e9484856d1afc79,2017-11,Warwickshire Police,Warwickshire Police,-1.511008,52.152740,On or near Sports/Recreation Area,E01031206,Stratford-on-Avon 013C,Drugs,Offender given a drugs possession warning,
c490885e1734784377eec13565840da49758a714a8291770cfa80b9a9a6be820,2017-11,Warwickshire Police,Warwickshire Police,-1.513827,52.155566,On or near Dene Close,E01031206,Stratford-on-Avon 013C,Violence and sexual offences,Local resolution,
1ec1b0f29425ba27a80aacead4d4c714043c9b96605f38161ce5192f23140d45,2017-11,Warwickshire Police,Warwickshire Police,-1.514610,52.156144,On or near Park Piece,E01031206,Stratford-on-Avon 013C,Violence and sexual offences,Unable to prosecute suspect,
0a14ad99664787266e3b8b07516a475abe723b981588e91aeeb93bd2554395de,2017-11,Warwickshire Police,Warwickshire Police,-1.489161,52.199578,On or near Stratford Road,E01031207,Stratford-on-Avon 013D,Burglary,Investigation complete; no suspect identified,
656e1a576444a46adb621a5233c2206ca1f559e75e3b19e24f9cbb4927014f50,2017-11,Warwickshire Police,Warwickshire Police,-1.487981,52.201758,On or near Stonebridge Road,E01031207,Stratford-on-Avon 013D,Criminal damage and arson,Investigation complete; no suspect identified,
,2017-11,Warwickshire Police,Warwickshire Police,-1.507501,52.090322,On or near Jeffs Close,E01031247,Stratford-on-Avon 013E,Anti-social behaviour,,
2f9c6a69093a3f1844abd24afdccf800375bc8bc7255e082d1e03078c32475e7,2017-11,Warwickshire Police,Warwickshire Police,-1.504634,52.096172,On or near Saddledon Street,E01031247,Stratford-on-Avon 013E,Bicycle theft,Status update unavailable,
b1ed98b57763b6c00430b98af89829fcfce22c317f2d175fa856c9de9ae91601,2017-11,Warwickshire Police,Warwickshire Police,-1.508483,52.091306,On or near Old Tree Lane,E01031247,Stratford-on-Avon 013E,Burglary,Investigation complete; no suspect identified,
0a0c9f5b4b67a9c8de11c4542dced5fdd429e13f50627b65bb09317f22c08246,2017-11,Warwickshire Police,Warwickshire Police,-1.510582,52.090182,On or near Shipston Road,E01031247,Stratford-on-Avon 013E,Burglary,Investigation complete; no suspect identified,
fc11697577cf3001bb018390429c04322d7f0506aa267848a04bfc428979b404,2017-11,Warwickshire Police,Warwickshire Police,-1.578626,52.125858,On or near Parking Area,E01031247,Stratford-on-Avon 013E,Burglary,Investigation complete; no suspect identified,
2c9e32316e259acb04796acbf983e4b66e95a5f0b7738d25c3467571d0f8ede5,2017-11,Warwickshire Police,Warwickshire Police,-1.506776,52.095147,On or near The Square,E01031247,Stratford-on-Avon 013E,Other theft,Investigation complete; no suspect identified,
2b3fed646778435f9cbbba08a900d70d18d848644cc842e554901de85f4e8ae6,2017-11,Warwickshire Police,Warwickshire Police,-1.502345,52.103768,On or near Badgers Lane,E01031247,Stratford-on-Avon 013E,Other theft,Investigation complete; no suspect identified,
3a8de211a577ea60ff2659a992f22be83d8cdcfe5dd396889b6431170e025145,2017-11,Warwickshire Police,Warwickshire Police,-1.508510,52.128644,On or near Tysoe Road,E01031247,Stratford-on-Avon 013E,Possession of weapons,Status update unavailable,
,2017-11,Warwickshire Police,Warwickshire Police,-1.608270,52.135257,On or near Rogers Lane,E01031196,Stratford-on-Avon 014A,Anti-social behaviour,,
,2017-11,Warwickshire Police,Warwickshire Police,-1.625414,52.171104,On or near Manor Lane,E01031196,Stratford-on-Avon 014A,Anti-social behaviour,,
,2017-11,Warwickshire Police,Warwickshire Police,-1.669450,52.138231,On or near Shipston Road,E01031196,Stratford-on-Avon 014A,Anti-social behaviour,,
388d19dc94eb17ac29eca2878013aace929ee647d6080528b5c84fc0f3a2a30e,2017-11,Warwickshire Police,Warwickshire Police,-1.647701,52.124332,On or near Stratford Road,E01031196,Stratford-on-Avon 014A,Burglary,Status update unavailable,
0e64891fb76c84a6eb7ac5c4271e02689c94c475da75751b17ac10fdfb37902f,2017-11,Warwickshire Police,Warwickshire Police,-1.622965,52.107848,On or near Mill Lane,E01031196,Stratford-on-Avon 014A,Burglary,Investigation complete; no suspect identified,
b7dc0fc820b4cdc74b4b761aab06c1dee612b30575ac7c5cb550a43637cadf69,2017-11,Warwickshire Police,Warwickshire Police,-1.638625,52.180953,On or near Oldborough Drive,E01031196,Stratford-on-Avon 014A,Criminal damage and arson,Status update unavailable,
447d0e9af4293a247927fcff2996db52f051edb6e1b2f4f86f3fb6a2d0dcd16e,2017-11,Warwickshire Police,Warwickshire Police,-1.600793,52.128345,On or near Fosse Way,E01031196,Stratford-on-Avon 014A,Drugs,Unable to prosecute suspect,
c2716c1f93562021f43b844988bd8810d9802915378ccce6af7f8e7b0489add0,2017-11,Warwickshire Police,Warwickshire Police,-1.609416,52.139486,On or near Kents Lane,E01031196,Stratford-on-Avon 014A,Public order,Status update unavailable,
6f7c7f33c90e9b40024c090493693adcc94bb1febc1f8340492fd346a8b5f01f,2017-11,Warwickshire Police,Warwickshire Police,-1.642287,52.156627,On or near Banbury Road,E01031196,Stratford-on-Avon 014A,Vehicle crime,Investigation complete; no suspect identified,
b6223736242a927c2524ab2d040e3e3241e52983a52051254b21e801913b986f,2017-11,Warwickshire Police,Warwickshire Police,-1.608270,52.135257,On or near Rogers Lane,E01031196,Stratford-on-Avon 014A,Violence and sexual offences,Formal action is not in the public interest,
ba9e91a7192cf57491c9358409285bdf7f34cbe67311900c4eaaaa3c57fbafc4,2017-11,Warwickshire Police,Warwickshire Police,-1.608270,52.135257,On or near Rogers Lane,E01031196,Stratford-on-Avon 014A,Violence and sexual offences,Formal action is not in the public interest,
,2017-11,Warwickshire Police,Warwickshire Police,-1.743050,52.119912,On or near Goose Lane,E01031212,Stratford-on-Avon 014B,Anti-social behaviour,,
,2017-11,Warwickshire Police,Warwickshire Police,-1.740329,52.123151,On or near St Swithin'S Drive,E01031212,Stratford-on-Avon 014B,Anti-social behaviour,,
,2017-11,Warwickshire Police,Warwickshire Police,-1.743050,52.119912,On or near Goose Lane,E01031212,Stratford-on-Avon 014B,Anti-social behaviour,,
,2017-11,Warwickshire Police,Warwickshire Police,-1.753953,52.123720,On or near Station Road,E01031212,Stratford-on-Avon 014B,Anti-social behaviour,,
,2017-11,Warwickshire Police,Warwickshire Police,-1.743050,52.119912,On or near Goose Lane,E01031212,Stratford-on-Avon 014B,Anti-social behaviour,,
,2017-11,Warwickshire Police,Warwickshire Police,-1.743050,52.119912,On or near Goose Lane,E01031212,Stratford-on-Avon 014B,Anti-social behaviour,,
,2017-11,Warwickshire Police,Warwickshire Police,-1.743050,52.119912,On or near Goose Lane,E01031212,Stratford-on-Avon 014B,Anti-social behaviour,,
,2017-11,Warwickshire Police,Warwickshire Police,-1.742420,52.115163,On or near Hill Lane,E01031212,Stratford-on-Avon 014B,Anti-social behaviour,,
,2017-11,Warwickshire Police,Warwickshire Police,-1.744150,52.121559,On or near Turnpike Avenue,E01031212,Stratford-on-Avon 014B,Anti-social behaviour,,
,2017-11,Warwickshire Police,Warwickshire Police,-1.743050,52.119912,On or near Goose Lane,E01031212,Stratford-on-Avon 014B,Anti-social behaviour,,
0598f8022055bf08641661ef2ab382f4a300ac5c6179421da420d7cb697305bd,2017-11,Warwickshire Police,Warwickshire Police,-1.760094,52.119813,On or near Sharry Lane,E01031212,Stratford-on-Avon 014B,Burglary,Investigation complete; no suspect identified,
8ec6cce7329027eac264bf8fe1c2f43c7d95e00e00160011174a229800fc52ff,2017-11,Warwickshire Police,Warwickshire Police,-1.760094,52.119813,On or near Sharry Lane,E01031212,Stratford-on-Avon 014B,Criminal damage and arson,Investigation complete; no suspect identified,
98b8d604f3c1779aae493a5ccd99ced4f9a7e76e6c68c69fa104ebbbacaf7726,2017-11,Warwickshire Police,Warwickshire Police,-1.741429,52.122381,On or near Main Road,E01031212,Stratford-on-Avon 014B,Other theft,Investigation complete; no suspect identified,
322280b61fa40e2c62be28a5aa224b8380664b1a0c0ae835138d363d699af5d9,2017-11,Warwickshire Police,Warwickshire Police,-1.744684,52.135514,On or near Airport/Airfield,E01031212,Stratford-on-Avon 014B,Other theft,Investigation complete; no suspect identified,
1b6942e347c8d480d985a95b8c87513546e14805b22e2a10a2a3f59a552eb0e5,2017-11,Warwickshire Police,Warwickshire Police,-1.760094,52.119813,On or near Sharry Lane,E01031212,Stratford-on-Avon 014B,Public order,Formal action is not in the public interest,
74dbb295f79ba99568849c1aa23c36649ee09b714b8aff01729a0943d646ad64,2017-11,Warwickshire Police,Warwickshire Police,-1.760094,52.119813,On or near Sharry Lane,E01031212,Stratford-on-Avon 014B,Vehicle crime,Investigation complete; no suspect identified,
d24080edde31d9c3a5e2edad206585e5180e6945811d4e8d3c0d8cd684d4829e,2017-11,Warwickshire Police,Warwickshire Police,-1.760094,52.119813,On or near Sharry Lane,E01031212,Stratford-on-Avon 014B,Violence and sexual offences,Status update unavailable,
bf49f69c3e11414b08b8f880d7de03299e8c09bc2092a501237c225e1ba61a00,2017-11,Warwickshire Police,Warwickshire Police,-1.744850,52.121795,On or near Poland Avenue,E01031212,Stratford-on-Avon 014B,Violence and sexual offences,Status update unavailable,
9797ea403a145ff5fca44e0503f20df055082df4b72a4dfed152c01e1c2f8d76,2017-11,Warwickshire Police,Warwickshire Police,-1.760094,52.119813,On or near Sharry Lane,E01031212,Stratford-on-Avon 014B,Violence and sexual offences,Unable to prosecute suspect,
c7f62ebebf531349c58858b2d77949ee12c2cd5eed8cb40a5c0c541fa5e7aebc,2017-11,Warwickshire Police,Warwickshire Police,-1.698068,52.160622,On or near Shipston Road,E01031212,Stratford-on-Avon 014B,Other crime,Investigation complete; no suspect identified,
,2017-11,Warwickshire Police,Warwickshire Police,-1.695704,52.087056,On or near Grump Street,E01031245,Stratford-on-Avon 014C,Anti-social behaviour,,
630221ca69e2d00cedba0002ed26cd910db5976d1c1012e1abf866e6068ccdd1,2017-11,Warwickshire Police,Warwickshire Police,-1.642979,52.115714,On or near Middlefield Lane,E01031246,Stratford-on-Avon 014D,Vehicle crime,Investigation complete; no suspect identified,
361e332630325affb2793ba8b64e5c40ded28f7c245a03e14affb67470162a61,2017-11,Warwickshire Police,Warwickshire Police,-1.638111,52.112759,On or near Sandfield Lane,E01031246,Stratford-on-Avon 014D,Vehicle crime,Investigation complete; no suspect identified,
befd444d0e34b76a34720dc25c4ca0c393529900cc80360fe32e1a9c871e8429,2017-11,Warwickshire Police,Warwickshire Police,-1.690131,52.090934,On or near Front Street,E01031246,Stratford-on-Avon 014D,Violence and sexual offences,Status update unavailable,
0253fb75d33eda6f66b543b7cbb786b39ad45f0a35a29a05b43eeebbf8438891,2017-11,Warwickshire Police,Warwickshire Police,-1.621388,52.043991,On or near A3400,E01031193,Stratford-on-Avon 015A,Burglary,Investigation complete; no suspect identified,
3e9c0de44f307afa5cf515d654f67bfb250dced296e3c087b732544bc42b33b4,2017-11,Warwickshire Police,Warwickshire Police,-1.557242,52.059393,On or near Bells Lane,E01031193,Stratford-on-Avon 015A,Burglary,Investigation complete; no suspect identified,
44c537c9eccba05fe0e1993645c3dd3635e15b3bf5510dce5a238c85bd82d308,2017-11,Warwickshire Police,Warwickshire Police,-1.608485,52.072323,On or near Fell Mill Lane,E01031193,Stratford-on-Avon 015A,Drugs,Offender given a caution,
3608699f6486d43b46e6dece88fffaa79fda30a6e0f9af4d1757a86e6a81971f,2017-11,Warwickshire Police,Warwickshire Police,-1.608485,52.072323,On or near Fell Mill Lane,E01031193,Stratford-on-Avon 015A,Other theft,Investigation complete; no suspect identified,
5d213fc12b47bc19a043de189f807304487a730a47a799401b240f1f2cbdde78,2017-11,Warwickshire Police,Warwickshire Police,-1.536221,52.049908,On or near Salt Way Lane,E01031193,Stratford-on-Avon 015A,Other theft,Investigation complete; no suspect identified,
4556d580706ff879366e432480f77f0543df8b733b1e92391dbf0de04f21bc62,2017-11,Warwickshire Police,Warwickshire Police,-1.678212,52.043387,On or near Belcony,E01031193,Stratford-on-Avon 015A,Violence and sexual offences,Status update unavailable,
,2017-11,Warwickshire Police,Warwickshire Police,-1.578161,51.990880,On or near Butlers Close,E01031209,Stratford-on-Avon 015B,Anti-social behaviour,,
eae9486d0069adfa663a86ecd0f108dc3aab1c0810a54083963b09e149efc7a3,2017-11,Warwickshire Police,Warwickshire Police,-1.574642,52.028691,On or near St John'S Road,E01031209,Stratford-on-Avon 015B,Burglary,Investigation complete; no suspect identified,
0d3addb70858bcfee787aed2c0faf2d39f2f71976d5ab788bdc25110d9fcdbd3,2017-11,Warwickshire Police,Warwickshire Police,-1.545422,52.011095,On or near Barrats Hill,E01031209,Stratford-on-Avon 015B,Burglary,Investigation complete; no suspect identified,
d7ecbb761594d5b38b038467fa51efd943cc195d50786dd0a0803d971b3aaeb6,2017-11,Warwickshire Police,Warwickshire Police,-1.625687,51.990114,On or near Camden Close,E01031209,Stratford-on-Avon 015B,Burglary,Investigation complete; no suspect identified,
eb39f3550e81eaf07c734dfd9eb1fbbd04966412f1132ffe45aa800e927405da,2017-11,Warwickshire Police,Warwickshire Police,-1.548569,52.008158,On or near Roman Row,E01031209,Stratford-on-Avon 015B,Burglary,Investigation complete; no suspect identified,
9aaca474fe84ccb976e001e1e5fd66cc0687af922eaa0e6c9be2e5347f44e8ff,2017-11,Warwickshire Police,Warwickshire Police,-1.637911,52.009231,On or near The Green,E01031209,Stratford-on-Avon 015B,Vehicle crime,Investigation complete; no suspect identified,
8dad24bc9d9002926ced84c8ece99ca95380fa269a5804d3fd9de9554d2b218b,2017-11,Warwickshire Police,Warwickshire Police,-1.578161,51.990880,On or near Butlers Close,E01031209,Stratford-on-Avon 015B,Vehicle crime,Investigation complete; no suspect identified,
e00deaf510dbc99e90878cdc5b949980d944875d9e1c925a733626cc139f7120,2017-11,Warwickshire Police,Warwickshire Police,-1.637911,52.009231,On or near The Green,E01031209,Stratford-on-Avon 015B,Violence and sexual offences,Status update unavailable,
32e07079096cf0b030fd830791b201f357353ea9119e4076b66d17514b7d3dee,2017-11,Warwickshire Police,Warwickshire Police,-1.577162,52.025823,On or near Wood Lane,E01031209,Stratford-on-Avon 015B,Other crime,Court result unavailable,
,2017-11,Warwickshire Police,Warwickshire Police,-1.624684,52.054395,On or near Hawthorn Way,E01031214,Stratford-on-Avon 015C,Anti-social behaviour,,
,2017-11,Warwickshire Police,Warwickshire Police,-1.625838,52.066356,On or near Station Road,E01031215,Stratford-on-Avon 015D,Anti-social behaviour,,
5d726f55f0ca2c676d4ee65f14f72f1155d64edec9e04c4207e5195e5437e2e4,2017-11,Warwickshire Police,Warwickshire Police,-1.625631,52.064908,On or near The Driftway,E01031215,Stratford-on-Avon 015D,Burglary,Investigation complete; no suspect identified,
3f120df23a37694a213d855dc622cc64eb9b0aaf66f252ffa567524e71196003,2017-11,Warwickshire Police,Warwickshire Police,-1.627105,52.068410,On or near Railway Crescent,E01031215,Stratford-on-Avon 015D,Vehicle crime,Investigation complete; no suspect identified,
f69a969390d5b0860c70f410e06bf18276603fe6676ae5c62299762339d3ec92,2017-11,Warwickshire Police,Warwickshire Police,-1.621645,52.068806,On or near Hornsby Close,E01031215,Stratford-on-Avon 015D,Vehicle crime,Investigation complete; no suspect identified,
24c791bd407841136e020de7ccada7317c86166477f6cd22a1842f3bc7e24a8d,2017-11,Warwickshire Police,Warwickshire Police,-1.625465,52.063801,On or near Parking Area,E01031215,Stratford-on-Avon 015D,Vehicle crime,Investigation complete; no suspect identified,
cd971d223dfe17b2cc5ab6b7a16d4cd56650c6388391484c00baf15e7da5fb4d,2017-11,Warwickshire Police,Warwickshire Police,-1.625296,52.064871,On or near Pound Close,E01031215,Stratford-on-Avon 015D,Violence and sexual offences,Unable to prosecute suspect,
ad6560769ac44beb0a7f48284a074fe2bcd40b8fa7ea0f67194d3493749eb84d,2017-11,Warwickshire Police,Warwickshire Police,-1.621664,52.068294,On or near Old Brewery Close,E01031215,Stratford-on-Avon 015D,Violence and sexual offences,Status update unavailable,
0401f4e7e833b5ce2a9883f3f6f4d0f8b258ebc95fd72c4ac056021cc681c675,2017-11,Warwickshire Police,Warwickshire Police,-1.621862,52.069094,On or near Basket Hall,E01031215,Stratford-on-Avon 015D,Violence and sexual offences,Status update unavailable,
,2017-11,Warwickshire Police,Warwickshire Police,-1.633391,52.063152,On or near Pittway Avenue,E01031216,Stratford-on-Avon 015E,Anti-social behaviour,,
,2017-11,Warwickshire Police,Warwickshire Police,-1.627078,52.061100,On or near Green Lane,E01031216,Stratford-on-Avon 015E,Anti-social behaviour,,
,2017-11,Warwickshire Police,Warwickshire Police,-1.624743,52.063026,On or near High Street,E01031216,Stratford-on-Avon 015E,Anti-social behaviour,,
,2017-11,Warwickshire Police,Warwickshire Police,-1.625850,52.063200,On or near Sheep Street,E01031216,Stratford-on-Avon 015E,Anti-social behaviour,,
,2017-11,Warwickshire Police,Warwickshire Police,-1.632967,52.066936,On or near Darlingscote Road,E01031216,Stratford-on-Avon 015E,Anti-social behaviour,,
,2017-11,Warwickshire Police,Warwickshire Police,-1.630778,52.063504,On or near Berry Close,E01031216,Stratford-on-Avon 015E,Anti-social behaviour,,
,2017-11,Warwickshire Police,Warwickshire Police,-1.632967,52.066936,On or near Darlingscote Road,E01031216,Stratford-on-Avon 015E,Anti-social behaviour,,
2b5e2cd3fdb2e0697a0f4fe174338e21bb1ef805f35c317194d8cd088f71b271,2017-11,Warwickshire Police,Warwickshire Police,-1.629503,52.062376,On or near Queens Close,E01031216,Stratford-on-Avon 015E,Other theft,Status update unavailable,
93a5ff2e1365de260a71510e28b3ebd3094544ae00636b6e00451839d0c83113,2017-11,Warwickshire Police,Warwickshire Police,-1.624789,52.062729,On or near Supermarket,E01031216,Stratford-on-Avon 015E,Shoplifting,Offender sent to prison,
5944862e8300ffdabd4760eea57169176831b1874d548f7d3f45333a8281341b,2017-11,Warwickshire Police,Warwickshire Police,-1.624789,52.062729,On or near Supermarket,E01031216,Stratford-on-Avon 015E,Shoplifting,Offender sent to prison,
ebebfaf362674a7b3679c5e7a4f51973197a5c2c058af5abad8a1aa8554ea537,2017-11,Warwickshire Police,Warwickshire Police,-1.639193,52.610468,On or near Green Lane,E01029855,Tamworth 008A,Other theft,Investigation complete; no suspect identified,
795146e303a6e6b903f2ea7022860c8afd2d73b2c04ccf86265742c61bceec6e,2017-11,Warwickshire Police,Warwickshire Police,-1.639193,52.610468,On or near Green Lane,E01029855,Tamworth 008A,Other theft,Investigation complete; no suspect identified,
fcdf3bb15806ccc95717f073c598d87b02c1a135bc6afd6aa4c9f5c596fb368f,2017-11,Warwickshire Police,Warwickshire Police,-1.639193,52.610468,On or near Green Lane,E01029855,Tamworth 008A,Vehicle crime,Status update unavailable,
7bb3046d6112ecc8ef7ffef13a478e645b59d65935aed875d6f62e8dbb69214b,2017-11,Warwickshire Police,Warwickshire Police,-1.639193,52.610468,On or near Green Lane,E01029855,Tamworth 008A,Vehicle crime,Investigation complete; no suspect identified,
964be9b96004cd9acd41f6311a844d27c7521d22bc46389298353b5a2737bb12,2017-11,Warwickshire Police,Warwickshire Police,-1.639193,52.610468,On or near Green Lane,E01029855,Tamworth 008A,Vehicle crime,Investigation complete; no suspect identified,
20cd99e6d4193a992dfa5cae11ffcc931c7db190e683382bc261b1f89a338dd7,2017-11,Warwickshire Police,Warwickshire Police,-2.073520,52.586766,On or near Hogarth Close,E01010401,Walsall 025A,Violence and sexual offences,Status update unavailable,
,2017-11,Warwickshire Police,Warwickshire Police,-1.599132,52.386327,On or near Sports/Recreation Area,E01031254,Warwick 001A,Anti-social behaviour,,
191d9cf999015e67ebc9a5db3d166500cb4ddeaf70fe38a9199df6858b4f15bb,2017-11,Warwickshire Police,Warwickshire Police,-1.599132,52.386327,On or near Sports/Recreation Area,E01031254,Warwick 001A,Burglary,Investigation complete; no suspect identified,
994f13880c915de1594b53daff1b3ed3a3b19f33959f2ebb7dfe4e697fe33c9d,2017-11,Warwickshire Police,Warwickshire Police,-1.604444,52.383800,On or near Cromwell Lane,E01031254,Warwick 001A,Burglary,Investigation complete; no suspect identified,
ca97510733d26b1c3afbf28402b130c83ebbb0ba0b93a151f665f0e907ac97b5,2017-11,Warwickshire Police,Warwickshire Police,-1.604444,52.383800,On or near Cromwell Lane,E01031254,Warwick 001A,Burglary,Investigation complete; no suspect identified,
2bdd557c31e2633d1493a36eb79e4ee16609b3bb7cbfc3f58a4f39eff8d4414c,2017-11,Warwickshire Police,Warwickshire Police,-1.604444,52.383800,On or near Cromwell Lane,E01031254,Warwick 001A,Burglary,Investigation complete; no suspect identified,
edecc5241b1fb80129e3cbac6d04c2c2d46dfd89b93cda47b9298af1f1428ef0,2017-11,Warwickshire Police,Warwickshire Police,-1.604444,52.383800,On or near Cromwell Lane,E01031254,Warwick 001A,Burglary,Investigation complete; no suspect identified,
7197db031495bfa7ecf17f76ad74db4a932ebef884c0663a28bd24ec1befb653,2017-11,Warwickshire Police,Warwickshire Police,-1.589948,52.383292,On or near Bockendon Road,E01031254,Warwick 001A,Criminal damage and arson,Investigation complete; no suspect identified,
38a46b717d2e995c3711023eeecf61360fa6155991ce18179d3e71255db523a6,2017-11,Warwickshire Police,Warwickshire Police,-1.602256,52.375513,On or near Red Lane,E01031254,Warwick 001A,Drugs,Offender given penalty notice,
51cf22e614b9e98c6843e1fd9081e2dc18c487dd93c3367576ec8272f40b717d,2017-11,Warwickshire Police,Warwickshire Police,-1.583541,52.366243,On or near Hollis Lane,E01031254,Warwick 001A,Violence and sexual offences,Status update unavailable,
1cd693e55abe9251ef2547fb63577465eab1fdfcaab794f95cd7c1343fb4fb26,2017-11,Warwickshire Police,Warwickshire Police,-1.602256,52.375513,On or near Red Lane,E01031254,Warwick 001A,Violence and sexual offences,Unable to prosecute suspect,
b9224f428e0e9ab5057c75572320c1a8f6d5b4fa4ee1b4bb6b54fd0579a0d94d,2017-11,Warwickshire Police,Warwickshire Police,-1.583541,52.366243,On or near Hollis Lane,E01031254,Warwick 001A,Violence and sexual offences,Status update unavailable,
97bd62de204f65604c1fe20faaedea03d793672a3f3e83b5d789af7ad8aceed5,2017-11,Warwickshire Police,Warwickshire Police,-1.589176,52.353991,On or near Grange Avenue,E01031255,Warwick 001B,Burglary,Investigation complete; no suspect identified,
6359ca4f14291a1542194ef24d911acde88d04524bfb4a07f761206f62d8e4d9,2017-11,Warwickshire Police,Warwickshire Police,-1.589176,52.353991,On or near Grange Avenue,E01031255,Warwick 001B,Violence and sexual offences,Investigation complete; no suspect identified,
,2017-11,Warwickshire Police,Warwickshire Police,-1.580037,52.343916,On or near Abbey End,E01031256,Warwick 001C,Anti-social behaviour,,
,2017-11,Warwickshire Police,Warwickshire Police,-1.581170,52.343570,On or near Smalley Place,E01031256,Warwick 001C,Anti-social behaviour,,
,2017-11,Warwickshire Police,Warwickshire Police,-1.584698,52.343034,On or near Brookside Avenue,E01031256,Warwick 001C,Anti-social behaviour,,
,2017-11,Warwickshire Police,Warwickshire Police,-1.580037,52.343916,On or near Abbey End,E01031256,Warwick 001C,Anti-social behaviour,,
,2017-11,Warwickshire Police,Warwickshire Police,-1.579521,52.345668,On or near Abbey Hill,E01031256,Warwick 001C,Anti-social behaviour,,
,2017-11,Warwickshire Police,Warwickshire Police,-1.579946,52.348870,On or near Bridge Street,E01031256,Warwick 001C,Anti-social behaviour,,
,2017-11,Warwickshire Police,Warwickshire Police,-1.581170,52.343570,On or near Smalley Place,E01031256,Warwick 001C,Anti-social behaviour,,
,2017-11,Warwickshire Police,Warwickshire Police,-1.588491,52.340818,On or near Sports/Recreation Area,E01031256,Warwick 001C,Anti-social behaviour,,
,2017-11,Warwickshire Police,Warwickshire Police,-1.582459,52.350110,On or near Monmouth Close,E01031256,Warwick 001C,Anti-social behaviour,,
,2017-11,Warwickshire Police,Warwickshire Police,-1.579484,52.349587,On or near Pears Close,E01031256,Warwick 001C,Anti-social behaviour,,
1f35983c0f2d47470311e148ab82aef59d5b66b571bcd5c1e708a95db3e0f968,2017-11,Warwickshire Police,Warwickshire Police,-1.584268,52.349784,On or near High Street,E01031256,Warwick 001C,Burglary,Investigation complete; no suspect identified,
42f7d7704ebb27744a67c8cc4faad12a530ace96051f460da6cced4600cf5a2f,2017-11,Warwickshire Police,Warwickshire Police,-1.579373,52.344220,On or near Parking Area,E01031256,Warwick 001C,Criminal damage and arson,Status update unavailable,
301929fcc2dbd95830fa599e79b851532a29fc07322508a3ad3d59a7d37a39f3,2017-11,Warwickshire Police,Warwickshire Police,-1.580037,52.343916,On or near Abbey End,E01031256,Warwick 001C,Criminal damage and arson,Status update unavailable,
e09b9c773d1107705272c8aceeef7220b729602c0b611e15a8481d2d126609d9,2017-11,Warwickshire Police,Warwickshire Police,-1.579373,52.344220,On or near Parking Area,E01031256,Warwick 001C,Criminal damage and arson,Investigation complete; no suspect identified,
1a750faa957f5691a27e7c28480d6175e3a4af76ee7af79359b4892918816c7a,2017-11,Warwickshire Police,Warwickshire Police,-1.581170,52.343570,On or near Smalley Place,E01031256,Warwick 001C,Criminal damage and arson,Unable to prosecute suspect,
8b50039839945bc10c9f769e4977333c55cbd5deaa21a134dfc71cfbbf5f0183,2017-11,Warwickshire Police,Warwickshire Police,-1.579634,52.343088,On or near The Square,E01031256,Warwick 001C,Criminal damage and arson,Investigation complete; no suspect identified,
30e24c18688901a1358cec374c7fe7b3d25d8f6e69a9ee5e00172ece7cc29164,2017-11,Warwickshire Police,Warwickshire Police,-1.576016,52.351499,On or near Manor Road,E01031256,Warwick 001C,Criminal damage and arson,Investigation complete; no suspect identified,
d407939f14590d8274bcdbe399569525f600cd8b4318c24dc9c5dbcdfde0fb20,2017-11,Warwickshire Police,Warwickshire Police,-1.580664,52.344332,On or near Abbey End,E01031256,Warwick 001C,Other theft,Investigation complete; no suspect identified,
72089e39c64dc3ab5c0123ded0f8ac15414b9d98921b0584e22548d0cbd4b492,2017-11,Warwickshire Police,Warwickshire Police,-1.579521,52.345668,On or near Abbey Hill,E01031256,Warwick 001C,Public order,Formal action is not in the public interest,
9d4414ca30e51a45a98822c5128ee82419e51aaab099e04e8fe34d11e86c8642,2017-11,Warwickshire Police,Warwickshire Police,-1.579521,52.345668,On or near Abbey Hill,E01031256,Warwick 001C,Robbery,Formal action is not in the public interest,
afc73305adc89434594727b62f49a1e54b985c43d53bd631e7af8dc47a583111,2017-11,Warwickshire Police,Warwickshire Police,-1.579634,52.343088,On or near The Square,E01031256,Warwick 001C,Shoplifting,Investigation complete; no suspect identified,
2e23d7e1c506bf2f382519b3141f05cf1a7ee2e7eba1e14f78a84b21a11a71f6,2017-11,Warwickshire Police,Warwickshire Police,-1.579634,52.343088,On or near The Square,E01031256,Warwick 001C,Shoplifting,Investigation complete; no suspect identified,
ab0d981c4f6f6ddc5ad3bd0e65c76dc4cab2f69410eeebd8894e20389849ec36,2017-11,Warwickshire Police,Warwickshire Police,-1.579634,52.343088,On or near The Square,E01031256,Warwick 001C,Shoplifting,Investigation complete; no suspect identified,
5729f074b6a8a3390cbe6277fa87fba0ceabc0ba7c26c31a59f68c63324c9d19,2017-11,Warwickshire Police,Warwickshire Police,-1.579634,52.343088,On or near The Square,E01031256,Warwick 001C,Shoplifting,Investigation complete; no suspect identified,
0102728a306d1f8d97aa55cff0ed30bec209c2118650eab3151e36225034317f,2017-11,Warwickshire Police,Warwickshire Police,-1.579634,52.343088,On or near The Square,E01031256,Warwick 001C,Shoplifting,Status update unavailable,
486ffcc7a561dadbdd4b5f4300baf0a0ff516cc43094b11acd1da2ada900a767,2017-11,Warwickshire Police,Warwickshire Police,-1.579634,52.343088,On or near The Square,E01031256,Warwick 001C,Shoplifting,Investigation complete; no suspect identified,
23ac0db9991425f9cf275b95c533b1ec75056abfcd220a80f66122f674e2f5ac,2017-11,Warwickshire Police,Warwickshire Police,-1.582459,52.350110,On or near Monmouth Close,E01031256,Warwick 001C,Vehicle crime,Investigation complete; no suspect identified,
746d8749b7c349315fcab9839dcb9602438217fe368ede145367a89103c2b41e,2017-11,Warwickshire Police,Warwickshire Police,-1.579373,52.344220,On or near Parking Area,E01031256,Warwick 001C,Violence and sexual offences,Status update unavailable,
23e32fb099cc45f1fb1aabb2c289a907cb4da896506346a406c4b43a0a1b9b35,2017-11,Warwickshire Police,Warwickshire Police,-1.580242,52.342416,On or near Parking Area,E01031256,Warwick 001C,Violence and sexual offences,Unable to prosecute suspect,
c8a930101df53d38c537d7d1521c2eb23c0a74644e37dc6daaad790ea418bcd4,2017-11,Warwickshire Police,Warwickshire Police,-1.580242,52.342416,On or near Parking Area,E01031256,Warwick 001C,Violence and sexual offences,Unable to prosecute suspect,
8e532c840ef009d7d62a5971831284082f4ce7cbfad29eae176d803be9a7a7d4,2017-11,Warwickshire Police,Warwickshire Police,-1.579521,52.345668,On or near Abbey Hill,E01031256,Warwick 001C,Violence and sexual offences,Investigation complete; no suspect identified,
89f2ac7c1af89d74e778435bf31e56ea691741baf30513745ae4b098e1ed4c99,2017-11,Warwickshire Police,Warwickshire Police,-1.580037,52.343916,On or near Abbey End,E01031256,Warwick 001C,Violence and sexual offences,Court result unavailable,
7e5ed0262fa0729bacb7c668af0d7902cec0ae81dd9022d8390505aa86821d4a,2017-11,Warwickshire Police,Warwickshire Police,-1.580242,52.342416,On or near Parking Area,E01031256,Warwick 001C,Violence and sexual offences,Status update unavailable,
4169c40156351727b24f5cbe59a71a163d3d784c30f91a5c0be4f346d6f204c0,2017-11,Warwickshire Police,Warwickshire Police,-1.580037,52.343916,On or near Abbey End,E01031256,Warwick 001C,Violence and sexual offences,Status update unavailable,
3a3f4fa320af726650ef42736ea3e018793e321b5203316a52721e46a685348e,2017-11,Warwickshire Police,Warwickshire Police,-1.580242,52.342416,On or near Parking Area,E01031256,Warwick 001C,Violence and sexual offences,Status update unavailable,
,2017-11,Warwickshire Police,Warwickshire Police,-1.573503,52.348640,On or near Albion Street,E01031257,Warwick 001D,Anti-social behaviour,,
,2017-11,Warwickshire Police,Warwickshire Police,-1.575515,52.350149,On or near Lawrence Gardens,E01031257,Warwick 001D,Anti-social behaviour,,
,2017-11,Warwickshire Police,Warwickshire Police,-1.578092,52.347766,On or near Theatre/Concert Hall,E01031257,Warwick 001D,Anti-social behaviour,,
,2017-11,Warwickshire Police,Warwickshire Police,-1.572603,52.350624,On or near Park Road,E01031257,Warwick 001D,Anti-social behaviour,,
,2017-11,Warwickshire Police,Warwickshire Police,-1.575308,52.348781,On or near Hyde Road,E01031257,Warwick 001D,Anti-social behaviour,,
,2017-11,Warwickshire Police,Warwickshire Police,-1.578092,52.347766,On or near Theatre/Concert Hall,E01031257,Warwick 001D,Anti-social behaviour,,
,2017-11,Warwickshire Police,Warwickshire Police,-1.576139,52.349378,On or near School Lane,E01031257,Warwick 001D,Anti-social behaviour,,
ac35945a599ce8d539ce6e2e9bca1f285bf4492708f96c6271330b20b0913641,2017-11,Warwickshire Police,Warwickshire Police,-1.571704,52.349496,On or near Herbert'S Lane,E01031257,Warwick 001D,Criminal damage and arson,Investigation complete; no suspect identified,
d1348577788b07f07020ad1bdfc01ef1468ab3e10e83d7d947737d3c1710dfd9,2017-11,Warwickshire Police,Warwickshire Police,-1.575515,52.350149,On or near Lawrence Gardens,E01031257,Warwick 001D,Criminal damage and arson,Investigation complete; no suspect identified,
ca8d660bd676463226d234c09fadd079c529efa09e53ee56a99a81619addf485,2017-11,Warwickshire Police,Warwickshire Police,-1.575308,52.348781,On or near Hyde Road,E01031257,Warwick 001D,Criminal damage and arson,Investigation complete; no suspect identified,
97e36649d304ded871c62c504eb9fc5848ce521f14e20ea7625e7287a8d8c3b2,2017-11,Warwickshire Police,Warwickshire Police,-1.575308,52.348781,On or near Hyde Road,E01031257,Warwick 001D,Criminal damage and arson,Investigation complete; no suspect identified,
629a4d73aef1e2ed96d019f499756ce6f6fd9618a37d023f6ce4b7f75ac73c65,2017-11,Warwickshire Police,Warwickshire Police,-1.575308,52.348781,On or near Hyde Road,E01031257,Warwick 001D,Criminal damage and arson,Investigation complete; no suspect identified,
656dca5681fe015cf23611639e08f474cebd918670bf3ab633061483e6bb210d,2017-11,Warwickshire Police,Warwickshire Police,-1.572245,52.348204,On or near Henry Street,E01031257,Warwick 001D,Violence and sexual offences,Status update unavailable,
,2017-11,Warwickshire Police,Warwickshire Police,-1.577307,52.342271,On or near Parking Area,E01031258,Warwick 001E,Anti-social behaviour,,
,2017-11,Warwickshire Police,Warwickshire Police,-1.577307,52.342271,On or near Parking Area,E01031258,Warwick 001E,Anti-social behaviour,,
72186300d77841a2ec0b7dbb85e6e6467b18c22ba0f7bf2a34ca00d09e8852ec,2017-11,Warwickshire Police,Warwickshire Police,-1.577307,52.342271,On or near Parking Area,E01031258,Warwick 001E,Burglary,Investigation complete; no suspect identified,
45c4a72b577fb7bb11824a83101e9cfa72f57461acc50a4318b937197bc644e4,2017-11,Warwickshire Police,Warwickshire Police,-1.577307,52.342271,On or near Parking Area,E01031258,Warwick 001E,Other theft,Investigation complete; no suspect identified,
6b1e03dbb02263f68865142ac7db8b2c92c208250dd5a6ffe6098340f63f13b1,2017-11,Warwickshire Police,Warwickshire Police,-1.575420,52.344709,On or near Priory Road,E01031258,Warwick 001E,Possession of weapons,Investigation complete; no suspect identified,
7fdeb453235807ee1073275754ce5e8b1792a8cd63bd2f080d4f9a2ff2878841,2017-11,Warwickshire Police,Warwickshire Police,-1.577307,52.342271,On or near Parking Area,E01031258,Warwick 001E,Robbery,Status update unavailable,
acc5171e8803f2c1d644823905bb267e8cbb24ad96d1c7cc1fdf441003f1f3c2,2017-11,Warwickshire Police,Warwickshire Police,-1.579244,52.342403,On or near Supermarket,E01031258,Warwick 001E,Shoplifting,Investigation complete; no suspect identified,
1b5a360b9192bf652e9c8282912c2d602ce169f1dfb899b6b9852f90b9b6df67,2017-11,Warwickshire Police,Warwickshire Police,-1.577307,52.342271,On or near Parking Area,E01031258,Warwick 001E,Shoplifting,Investigation complete; no suspect identified,
a353a8d70015ffe732bc31d42e1742778d08f7c564ac541c741c072195fc996e,2017-11,Warwickshire Police,Warwickshire Police,-1.579244,52.342403,On or near Supermarket,E01031258,Warwick 001E,Shoplifting,Investigation complete; no suspect identified,
5d22a9103ed3467decf989fee8d13e686063fa7c090a08490daca2da40a640c8,2017-11,Warwickshire Police,Warwickshire Police,-1.579244,52.342403,On or near Supermarket,E01031258,Warwick 001E,Shoplifting,Status update unavailable,
dbab84cbc90c85c2dcef2c6deee46e81e98da4b4f8027f9e40aa927cd3a34c20,2017-11,Warwickshire Police,Warwickshire Police,-1.579244,52.342403,On or near Supermarket,E01031258,Warwick 001E,Shoplifting,Court result unavailable,
44c0ca848856ef9bf8f7e2fdc579dd8e188fdcc12ad6e7dca165565ae6b5e202,2017-11,Warwickshire Police,Warwickshire Police,-1.579244,52.342403,On or near Supermarket,E01031258,Warwick 001E,Shoplifting,Court result unavailable,
d528bec71f66233cad0d86dfcd87511e9257ddbf99d09a5b7989ae61a4b87d10,2017-11,Warwickshire Police,Warwickshire Police,-1.577307,52.342271,On or near Parking Area,E01031258,Warwick 001E,Shoplifting,Offender given conditional discharge,
a4d1a7473a2770c87261b612afceaff66eed2c4c7571d1a9c3207742a0280081,2017-11,Warwickshire Police,Warwickshire Police,-1.577307,52.342271,On or near Parking Area,E01031258,Warwick 001E,Theft from the person,Court result unavailable,
ba78aed64c3e5d6590b5d2f279fdac88efeaf6beeb54b359a977f912b4659694,2017-11,Warwickshire Police,Warwickshire Police,-1.577307,52.342271,On or near Parking Area,E01031258,Warwick 001E,Theft from the person,Status update unavailable,
9ff0985fb573875683465b27683db7bca8cbe463f437d0bfd81fb24f4d227f81,2017-11,Warwickshire Police,Warwickshire Police,-1.576967,52.347133,On or near Upper Rosemary Hill,E01031258,Warwick 001E,Violence and sexual offences,Status update unavailable,
4a51322efb6e286d42b1dd7ee5f8e2fd626c72327855594a20622bdd91d97c23,2017-11,Warwickshire Police,Warwickshire Police,-1.577307,52.342271,On or near Parking Area,E01031258,Warwick 001E,Violence and sexual offences,Unable to prosecute suspect,
9a29b68cf86a09a22e97c952ee1ecc805de2ef64965dc566412ba620b21721ff,2017-11,Warwickshire Police,Warwickshire Police,-1.575420,52.344709,On or near Priory Road,E01031258,Warwick 001E,Violence and sexual offences,Formal action is not in the public interest,
c8277c021c10bd344758b974c0f8a07ef0644822425c32d04992ff1ad085649d,2017-11,Warwickshire Police,Warwickshire Police,-1.576526,52.341054,On or near Harger Court,E01031258,Warwick 001E,Violence and sexual offences,Formal action is not in the public interest,
cf0366c68f770ffa12082c5ffce6b392d247c37b8d140f2cd0ddd9bd864baf16,2017-11,Warwickshire Police,Warwickshire Police,-1.580349,52.340348,On or near Randall Road,E01031258,Warwick 001E,Violence and sexual offences,Status update unavailable,
4e9d5371c3c54ac0a30eaf90d6d2abd3686ed87bbfd7a765e8cc350295d80c18,2017-11,Warwickshire Police,Warwickshire Police,-1.575267,52.343837,On or near Priory Croft,E01031258,Warwick 001E,Violence and sexual offences,Investigation complete; no suspect identified,
66ba3f40059f30ec607a86440c511caf98777670294965d8a81f65c0f671fb5a,2017-11,Warwickshire Police,Warwickshire Police,-1.579244,52.342403,On or near Supermarket,E01031258,Warwick 001E,Violence and sexual offences,Status update unavailable,
db9abfb86fa1b619ee90ecf49daab21f642cbb85fbeafd94c02dcde4d51be3af,2017-11,Warwickshire Police,Warwickshire Police,-1.560865,52.348441,On or near Pencraig Close,E01031296,Warwick 002A,Burglary,Investigation complete; no suspect identified,
08a86818c1ef44e4cac4c504d65e7d72c0482694ed01bf2ff160f52f26a96fb6,2017-11,Warwickshire Police,Warwickshire Police,-1.560865,52.348441,On or near Pencraig Close,E01031296,Warwick 002A,Burglary,Investigation complete; no suspect identified,
8d96d20528fee06fb27c4713df72a94b8783fb9592ec7bdcac894e0cfca67a6d,2017-11,Warwickshire Police,Warwickshire Police,-1.557918,52.349518,On or near Saville Grove,E01031296,Warwick 002A,Violence and sexual offences,Status update unavailable,
,2017-11,Warwickshire Police,Warwickshire Police,-1.559435,52.353506,On or near Winn Close,E01031297,Warwick 002B,Anti-social behaviour,,
,2017-11,Warwickshire Police,Warwickshire Police,-1.567904,52.352207,On or near Woodmill Meadow,E01031297,Warwick 002B,Anti-social behaviour,,
95b18e91b4a0dac10a1892b7d3b2ec7d772544501c33c174b53eb40dcd507061,2017-11,Warwickshire Police,Warwickshire Police,-1.570916,52.355059,On or near Convent Close,E01031297,Warwick 002B,Burglary,Investigation complete; no suspect identified,
d008edc346dd57c6440dd546768f303d46a450f12525e776873c0ee2413e61f9,2017-11,Warwickshire Police,Warwickshire Police,-1.573244,52.351174,On or near Parking Area,E01031297,Warwick 002B,Criminal damage and arson,Investigation complete; no suspect identified,
e7f33573bd7c8a821bb442d915aef20cf5a20b28845f215a1b648ef372445096,2017-11,Warwickshire Police,Warwickshire Police,-1.573244,52.351174,On or near Parking Area,E01031297,Warwick 002B,Criminal damage and arson,Offender given community sentence,
65c1989f14f6df0495dea7750fcd54dfd50e1eb49cf4b2dfd9c2cc5a9a341ca0,2017-11,Warwickshire Police,Warwickshire Police,-1.559435,52.353506,On or near Winn Close,E01031297,Warwick 002B,Public order,Status update unavailable,
fa0be60d4f11a6d2b11bdc9c85ec500e71cbcbae141674538137a6e922494567,2017-11,Warwickshire Police,Warwickshire Police,-1.570913,52.350833,On or near Stoneleigh Road,E01031297,Warwick 002B,Violence and sexual offences,Unable to prosecute suspect,
,2017-11,Warwickshire Police,Warwickshire Police,-1.559262,52.347257,On or near Parking Area,E01031298,Warwick 002C,Anti-social behaviour,,
46d99bf0ad7be0c83466c9ee81e81672db166fcaad21add31c634dd13e04b53c,2017-11,Warwickshire Police,Warwickshire Police,-1.561054,52.347210,On or near Hodnet Close,E01031298,Warwick 002C,Burglary,Investigation complete; no suspect identified,
f279835f4d1757d6ca8c020fd8e5352ffeac3c08dcb86fa5c044b3e044e1fb1a,2017-11,Warwickshire Police,Warwickshire Police,-1.562664,52.347683,On or near Keeling Road,E01031298,Warwick 002C,Drugs,Offender given a drugs possession warning,
db25c16c62d1aebdbeb9ceb165f4a1ae4212824d3117311edf54d698657bdfb0,2017-11,Warwickshire Police,Warwickshire Police,-1.559262,52.347257,On or near Parking Area,E01031298,Warwick 002C,Robbery,Status update unavailable,
96b41ac2813779ac046c6d8e301ee0b55796d75af4f3c68eb60b1b20a651a024,2017-11,Warwickshire Police,Warwickshire Police,-1.563778,52.347786,On or near Beech Drive,E01031298,Warwick 002C,Robbery,Status update unavailable,
fdce214770d6a4ab7cb9071a66fa99d4ca12d20e8d2a920731a084d828768493,2017-11,Warwickshire Police,Warwickshire Police,-1.564728,52.345228,On or near Tulip Tree Avenue,E01031298,Warwick 002C,Violence and sexual offences,Status update unavailable,
1942d35f6cb67fb3e3b30dfc68d5976e9f86cbdf21712ea65266c6bf06c992a7,2017-11,Warwickshire Police,Warwickshire Police,-1.549662,52.354395,On or near Dalehouse Lane,E01031300,Warwick 002E,Burglary,Status update unavailable,
950ca86d7a625b442cf1fe5477200712f9369ee5fd204948a39198b6a909e8f4,2017-11,Warwickshire Police,Warwickshire Police,-1.549662,52.354395,On or near Dalehouse Lane,E01031300,Warwick 002E,Burglary,Status update unavailable,
ae390f7ba26111537557899662d0df8457cb8cd32dfb55535e33a5927e006d1f,2017-11,Warwickshire Police,Warwickshire Police,-1.563735,52.359680,On or near Arbourfields Close,E01031300,Warwick 002E,Burglary,Investigation complete; no suspect identified,
8dee3065d8139cbb1fa211589565e3a7380270cd375c6f68c28553f555324b24,2017-11,Warwickshire Police,Warwickshire Police,-1.562198,52.353256,On or near Northvale Close,E01031300,Warwick 002E,Other theft,Investigation complete; no suspect identified,
5344e2c95f07c5082cdffe6618756fc4b90e4cebb8263e7ed10dc5a16a3e0dd1,2017-11,Warwickshire Police,Warwickshire Police,-1.557750,52.356098,On or near Inchbrook Road,E01031300,Warwick 002E,Other theft,Investigation complete; no suspect identified,
,2017-11,Warwickshire Police,Warwickshire Police,-1.572817,52.342191,On or near Lockhart Close,E01031303,Warwick 003A,Anti-social behaviour,,
,2017-11,Warwickshire Police,Warwickshire Police,-1.573946,52.337664,On or near Warwick Road,E01031303,Warwick 003A,Anti-social behaviour,,
,2017-11,Warwickshire Police,Warwickshire Police,-1.583314,52.335657,On or near Lancaster Place,E01031303,Warwick 003A,Anti-social behaviour,,
42900e936928c227cbea2676ff5e07b6ad13a616be598763511a1b5a5f2043e9,2017-11,Warwickshire Police,Warwickshire Police,-1.581984,52.336668,On or near Chestnut Avenue,E01031303,Warwick 003A,Violence and sexual offences,Status update unavailable,
619e7be6844411b2a77669d4432f992881b8b7cd065da92c01821e6619fc708b,2017-11,Warwickshire Police,Warwickshire Police,-1.573946,52.337664,On or near Warwick Road,E01031303,Warwick 003A,Violence and sexual offences,Status update unavailable,
4c68cfb4048d99020c139ad7cae554999525105f341d1b0dbd9aafc17e982464,2017-11,Warwickshire Police,Warwickshire Police,-1.581984,52.336668,On or near Chestnut Avenue,E01031303,Warwick 003A,Violence and sexual offences,Defendant found not guilty,
0da3bcb8bf445f522b3fb9fce43dd1025f08ee0603834e75723a8303c023e9a1,2017-11,Warwickshire Police,Warwickshire Police,-1.581984,52.336668,On or near Chestnut Avenue,E01031303,Warwick 003A,Violence and sexual offences,Defendant found not guilty,
4972de8fe44481b6e74b423c501e4c782dac3ceb8448ef44cb2202616a288634,2017-11,Warwickshire Police,Warwickshire Police,-1.581984,52.336668,On or near Chestnut Avenue,E01031303,Warwick 003A,Violence and sexual offences,Unable to prosecute suspect,
c75d0b8621ef6ef1b123c486d0a58abe0673dfa843566993b3ff163642c8a5cd,2017-11,Warwickshire Police,Warwickshire Police,-1.574091,52.339382,On or near Clarendon Road,E01031303,Warwick 003A,Violence and sexual offences,Unable to prosecute suspect,
bababbeadfb45030112abe0863cb1125d9139fe191e4cf1bcdb2f25374711a42,2017-11,Warwickshire Police,Warwickshire Police,-1.574882,52.336517,On or near Whites Row,E01031303,Warwick 003A,Violence and sexual offences,Status update unavailable,
,2017-11,Warwickshire Police,Warwickshire Police,-1.585046,52.338819,On or near Archer Road,E01031304,Warwick 003B,Anti-social behaviour,,
e343e9289f3592b9266e78d61908fc5e5525131073148fa3395d4134e4a75b8e,2017-11,Warwickshire Police,Warwickshire Police,-1.584818,52.334898,On or near Essex Close,E01031304,Warwick 003B,Criminal damage and arson,Status update unavailable,
e8c4cc69e3410632be5c1bf69d648ceee5ed46949fe31920e32fdc9a75c9b647,2017-11,Warwickshire Police,Warwickshire Police,-1.585046,52.338819,On or near Archer Road,E01031304,Warwick 003B,Other theft,Formal action is not in the public interest,
97ba6e98e269738429640fc26043d7b6740e4cb14b3850ed4eb52ea834fe1e64,2017-11,Warwickshire Police,Warwickshire Police,-1.585046,52.338819,On or near Archer Road,E01031304,Warwick 003B,Vehicle crime,Court result unavailable,
c9de723af2325778876a2aa8b04b963bb5e3f1f144e67e7015ef695fb6a1b59c,2017-11,Warwickshire Police,Warwickshire Police,-1.585046,52.338819,On or near Archer Road,E01031304,Warwick 003B,Violence and sexual offences,Court result unavailable,
693f373dacb43a30da60f0ce94b0c915b75605bb3d744b8d1e89205bf033d9b9,2017-11,Warwickshire Police,Warwickshire Police,-1.582680,52.332922,On or near Beechwood Croft,E01031304,Warwick 003B,Violence and sexual offences,Status update unavailable,
25bb538216daf638bd45b1dc4baecec2f3a2daadf358ba531db83350e3a0b6b6,2017-11,Warwickshire Police,Warwickshire Police,-1.585046,52.338819,On or near Archer Road,E01031304,Warwick 003B,Violence and sexual offences,Offender sent to prison,
ad599bfa2757a84e55fe746030286abb99ee04617c78a2fee9f20eeb72dd5622,2017-11,Warwickshire Police,Warwickshire Police,-1.588613,52.337141,On or near John O'Gaunt Road,E01031304,Warwick 003B,Violence and sexual offences,Status update unavailable,
,2017-11,Warwickshire Police,Warwickshire Police,-1.575684,52.332447,On or near Sunshine Close,E01031305,Warwick 003C,Anti-social behaviour,,
396eef39eddc85c3d64c5a38dc0399cdb5d7274a3311e66c72cf8e26201db51d,2017-11,Warwickshire Police,Warwickshire Police,-1.573446,52.333257,On or near Warwick Road,E01031305,Warwick 003C,Burglary,Investigation complete; no suspect identified,
4a299898a834398be32a6fe642ae7f29d985e48f21b2fb024c5d80886474f5af,2017-11,Warwickshire Police,Warwickshire Police,-1.571924,52.332775,On or near Swift Close,E01031305,Warwick 003C,Criminal damage and arson,Investigation complete; no suspect identified,
1e93a2ac728a421b80aee8c094d834ea0e23db4c7fb0fb428c76df4193940f6e,2017-11,Warwickshire Police,Warwickshire Police,-1.564741,52.338000,On or near Worcester Road,E01031305,Warwick 003C,Vehicle crime,Investigation complete; no suspect identified,
4a7c8c7c2b67a9916beff802387e064243b7ef1e8eb577740bb8932f3465d5e3,2017-11,Warwickshire Police,Warwickshire Police,-1.575684,52.332447,On or near Sunshine Close,E01031305,Warwick 003C,Violence and sexual offences,Formal action is not in the public interest,
,2017-11,Warwickshire Police,Warwickshire Police,-1.577564,52.335322,On or near Guy Road,E01031306,Warwick 003D,Anti-social behaviour,,
,2017-11,Warwickshire Police,Warwickshire Police,-1.574994,52.337084,On or near St John'S Street,E01031306,Warwick 003D,Anti-social behaviour,,
,2017-11,Warwickshire Police,Warwickshire Police,-1.574994,52.337084,On or near St John'S Street,E01031306,Warwick 003D,Anti-social behaviour,,
dd476c8eee44686edb8046c045b5a813ea8f19bb17353b746fc889cd264a31d0,2017-11,Warwickshire Police,Warwickshire Police,-1.578741,52.336603,On or near Roseland Road,E01031306,Warwick 003D,Violence and sexual offences,Formal action is not in the public interest,
,2017-11,Warwickshire Police,Warwickshire Police,-1.565953,52.338606,On or near Moseley Road,E01031307,Warwick 003E,Anti-social behaviour,,
f056341858302584205061924069f44eea781a708bde9e21bdae6f94566868e7,2017-11,Warwickshire Police,Warwickshire Police,-1.569021,52.343077,On or near Sports/Recreation Area,E01031307,Warwick 003E,Violence and sexual offences,Status update unavailable,
fe4c53c7d1eb73e579f2fc735b2f225cba2d4d71298875f49eec48d05aefb032,2017-11,Warwickshire Police,Warwickshire Police,-1.565176,52.341480,On or near Eden Croft,E01031307,Warwick 003E,Violence and sexual offences,Offender given a caution,
8a51114cef63481f125379c5beb0875e3493eb20a34c36ccb7d191901da32386,2017-11,Warwickshire Police,Warwickshire Police,-1.566634,52.343958,On or near Elmdene Road,E01031307,Warwick 003E,Violence and sexual offences,Status update unavailable,
,2017-11,Warwickshire Police,Warwickshire Police,-1.681019,52.324696,On or near Case Lane,E01031281,Warwick 004A,Anti-social behaviour,,
,2017-11,Warwickshire Police,Warwickshire Police,-1.728326,52.364983,On or near Bakers Lane,E01031281,Warwick 004A,Anti-social behaviour,,
c421c36b87e99801f20329fccee0db1c6389d193059c48d7e565e8a8213777cf,2017-11,Warwickshire Police,Warwickshire Police,-1.721802,52.346843,On or near Kingswood Close,E01031281,Warwick 004A,Burglary,Investigation complete; no suspect identified,
d6247e72bbef5bac0e1feb88989df134f701d8b7f563b7c7c02c21a8f11f7f7e,2017-11,Warwickshire Police,Warwickshire Police,-1.721802,52.346843,On or near Kingswood Close,E01031281,Warwick 004A,Burglary,Investigation complete; no suspect identified,
eaed98e5df3864ccb57917dfee6f96ebb4f1675dcd6123efd5abccd88d23e53a,2017-11,Warwickshire Police,Warwickshire Police,-1.728326,52.364983,On or near Bakers Lane,E01031281,Warwick 004A,Burglary,Investigation complete; no suspect identified,
64fad6b93e7c53d7652a3007013caeeb387506679d320a5e3087e6d0a7212671,2017-11,Warwickshire Police,Warwickshire Police,-1.724223,52.339944,On or near Meadow Lane,E01031281,Warwick 004A,Burglary,Investigation complete; no suspect identified,
3091826a324b566499e4257d007de9e7d326cc19c7f0b71cb401250d7e326dc3,2017-11,Warwickshire Police,Warwickshire Police,-1.724968,52.342895,On or near Station Lane,E01031281,Warwick 004A,Burglary,Status update unavailable,
fe9e156a4a62d9f042e0aafb1be371c873001418b6d07b8d50e3bbbd1a488935,2017-11,Warwickshire Police,Warwickshire Police,-1.705232,52.348502,On or near Rising Lane,E01031281,Warwick 004A,Other theft,Investigation complete; no suspect identified,
4039e1fbc17840731223315cd6fdfc493b3f202fa8d1f815575e61caace6f8b9,2017-11,Warwickshire Police,Warwickshire Police,-1.721802,52.346843,On or near Kingswood Close,E01031281,Warwick 004A,Vehicle crime,Investigation complete; no suspect identified,
079988ac090ffeb04e453b034f5636f00d6320592893278cfade2d1df39151f3,2017-11,Warwickshire Police,Warwickshire Police,-1.766162,52.355687,On or near Aylesbury Road,E01031282,Warwick 004B,Criminal damage and arson,Investigation complete; no suspect identified,
daf3c1a41b06807a99abe4b29d01105552ee829d713ce87f356adb4a5d2eb0ab,2017-11,Warwickshire Police,Warwickshire Police,-1.766162,52.355687,On or near Aylesbury Road,E01031282,Warwick 004B,Criminal damage and arson,Investigation complete; no suspect identified,
a49507ab78bfa8fed62e7cf5acd9656e8f518ac2579086bd834432cc4ed0f6f9,2017-11,Warwickshire Police,Warwickshire Police,-1.766162,52.355687,On or near Aylesbury Road,E01031282,Warwick 004B,Criminal damage and arson,Investigation complete; no suspect identified,
04a9dfdab09e04be88513d2a483d7243740465f0cbac47e64b3d8a8031f74a2b,2017-11,Warwickshire Police,Warwickshire Police,-1.766162,52.355687,On or near Aylesbury Road,E01031282,Warwick 004B,Other theft,Investigation complete; no suspect identified,
2a18dbdb07c663573bdc32f0ff8717a99ddd1838a39ac096cf46618c477e4521,2017-11,Warwickshire Police,Warwickshire Police,-1.761954,52.338165,On or near Church Lane,E01031282,Warwick 004B,Other theft,Investigation complete; no suspect identified,
5465ffbb9e2a97454ca58e9ae9bbdf27ad7e473585ac9e11823b90a60e41ad48,2017-11,Warwickshire Police,Warwickshire Police,-1.728837,52.336719,On or near Brome Hall Lane,E01031282,Warwick 004B,Vehicle crime,Investigation complete; no suspect identified,
c57c3f982b723bee309984208220ab65964a19f038f41761b9d988e3b5b4a143,2017-11,Warwickshire Police,Warwickshire Police,-1.705863,52.322001,On or near Saint Laurence Close,E01031282,Warwick 004B,Vehicle crime,Investigation complete; no suspect identified,
26ca5adc249c2f3e2292c22f163aa2709fe326dcdd3f46f8605ebdd2dddda9c3,2017-11,Warwickshire Police,Warwickshire Police,-1.746583,52.302973,On or near Henley Road,E01031282,Warwick 004B,Violence and sexual offences,Unable to prosecute suspect,
,2017-11,Warwickshire Police,Warwickshire Police,-1.591774,52.320673,On or near Park/Open Space,E01031284,Warwick 004D,Anti-social behaviour,,
,2017-11,Warwickshire Police,Warwickshire Police,-1.591774,52.320673,On or near Park/Open Space,E01031284,Warwick 004D,Anti-social behaviour,,
,2017-11,Warwickshire Police,Warwickshire Police,-1.591774,52.320673,On or near Park/Open Space,E01031284,Warwick 004D,Anti-social behaviour,,
,2017-11,Warwickshire Police,Warwickshire Police,-1.591774,52.320673,On or near Park/Open Space,E01031284,Warwick 004D,Anti-social behaviour,,
b77306f97f282d294a968e839807060889338f2a71656f22610c659a23a5f473,2017-11,Warwickshire Police,Warwickshire Police,-1.576425,52.319441,On or near Warwick Road,E01031284,Warwick 004D,Burglary,Investigation complete; no suspect identified,
d8cedd2a3ed364819f8e09b48f2496796f44cb1547d38ef37475f2ce32088f33,2017-11,Warwickshire Police,Warwickshire Police,-1.574277,52.318525,On or near Tidmarsh Road,E01031284,Warwick 004D,Criminal damage and arson,Unable to prosecute suspect,
5690b6e15a0f15508c504574f284647b30d9fa803cb16a1491fcab48c3b32b9f,2017-11,Warwickshire Police,Warwickshire Police,-1.562326,52.316486,On or near Hill Wootton Road,E01031284,Warwick 004D,Other theft,Investigation complete; no suspect identified,
21c78980dfca808bc331dc3190058abab6a7b31d67cc5fa7c7585ff28bcf4bcd,2017-11,Warwickshire Police,Warwickshire Police,-1.576282,52.315880,On or near The Elms,E01031284,Warwick 004D,Vehicle crime,Investigation complete; no suspect identified,
6972a1b6a2bfa5534150e0176ed5a3ae3de46e3f9237c9f124fd6a7814d10435,2017-11,Warwickshire Police,Warwickshire Police,-1.593241,52.317450,On or near Park/Open Space,E01031284,Warwick 004D,Violence and sexual offences,Status update unavailable,
8ef89c7cfdd5022f600b4b89a961677b482439a48dded184a7b46faaddac2f29,2017-11,Warwickshire Police,Warwickshire Police,-1.504255,52.313209,On or near Rugby Road,E01031277,Warwick 005A,Criminal damage and arson,Investigation complete; no suspect identified,
1d230ae06339bff314b37a4ac37f261ceb3aa942aabea6bfe6309f604160de21,2017-11,Warwickshire Police,Warwickshire Police,-1.498647,52.310965,On or near High Street,E01031277,Warwick 005A,Criminal damage and arson,Investigation complete; no suspect identified,
bd647cf91e1c8d19b7331f578710fef4f263f28b96952c53b97460b5e737393a,2017-11,Warwickshire Police,Warwickshire Police,-1.513189,52.314478,On or near Kenilworth Road,E01031278,Warwick 005B,Burglary,Investigation complete; no suspect identified,
07edcc29a2a6af86925f8615656ba60746d3bb079939345772bd5b7d5a2fcf33,2017-11,Warwickshire Police,Warwickshire Police,-1.513189,52.314478,On or near Kenilworth Road,E01031278,Warwick 005B,Other theft,Investigation complete; no suspect identified,
9856ac9385f54d86c1d5a3ca5a173d1e347f4e4fc15994addfe192ff41d5976b,2017-11,Warwickshire Police,Warwickshire Police,-1.536145,52.320189,On or near Sports/Recreation Area,E01031278,Warwick 005B,Vehicle crime,Investigation complete; no suspect identified,
2a449dde05bfb055759f61d2fbd68d30314320a979773629e4eea0c9f53c8c3f,2017-11,Warwickshire Police,Warwickshire Police,-1.544725,52.320420,On or near Sports/Recreation Area,E01031278,Warwick 005B,Vehicle crime,Investigation complete; no suspect identified,
f321d054c5043140e93e1ab3eef81349a0d50aeac4fcd936a3f2ea9934c772b0,2017-11,Warwickshire Police,Warwickshire Police,-1.496270,52.308464,On or near Cross Lane,E01031279,Warwick 005C,Burglary,Investigation complete; no suspect identified,
833e543bfd62c9e28962cc7f734975e0eaef9417ffe4483e058deaef2b6ad773,2017-11,Warwickshire Police,Warwickshire Police,-1.504338,52.312283,On or near Stonehouse Close,E01031279,Warwick 005C,Other theft,Investigation complete; no suspect identified,
c6460e2a04c3ebb262f5b4822a35d3af7e47c1189112da60e2ab3df08344afa7,2017-11,Warwickshire Police,Warwickshire Police,-1.504338,52.312283,On or near Stonehouse Close,E01031279,Warwick 005C,Violence and sexual offences,Unable to prosecute suspect,
59de33c229bed4311474f96b2de7cb2be3b0aa1645731330bc936e372fd02e96,2017-11,Warwickshire Police,Warwickshire Police,-1.497010,52.309214,On or near Price Road,E01031279,Warwick 005C,Violence and sexual offences,Offender sent to prison,
57123c1a58c7a52d7af2a91748eb212ec9df60b624ff832f3f86e14bfe065f3e,2017-11,Warwickshire Police,Warwickshire Police,-1.423891,52.319479,On or near Fosse Way,E01031280,Warwick 005D,Burglary,Investigation complete; no suspect identified,
7284ab471cbb4de715d3ad3294c7772d03b7083115bd722a8406ba8e0fe5a975,2017-11,Warwickshire Police,Warwickshire Police,-1.423891,52.319479,On or near Fosse Way,E01031280,Warwick 005D,Burglary,Investigation complete; no suspect identified,
,2017-11,Warwickshire Police,Warwickshire Police,-1.495570,52.291362,On or near Park/Open Space,E01031301,Warwick 005E,Anti-social behaviour,,
,2017-11,Warwickshire Police,Warwickshire Police,-1.499855,52.276654,On or near The Gardens,E01031301,Warwick 005E,Anti-social behaviour,,
c2f8ca811b45c9a7a7a9f04f4ceb2c71b3dc42be77855ee367f057fca36123c2,2017-11,Warwickshire Police,Warwickshire Police,-1.475304,52.287929,On or near Sports/Recreation Area,E01031301,Warwick 005E,Burglary,Investigation complete; no suspect identified,
59fb42da645772545b047d5ec8a25f479a6d213ca95ecb39485ad65b25fff1df,2017-11,Warwickshire Police,Warwickshire Police,-1.496258,52.277187,On or near Hallfields,E01031301,Warwick 005E,Burglary,Investigation complete; no suspect identified,
cba295c8917b7328040fa4a17d0d2c6375157d3016ca44f8c7841c2df5bb76e6,2017-11,Warwickshire Police,Warwickshire Police,-1.499855,52.276654,On or near The Gardens,E01031301,Warwick 005E,Other theft,Status update unavailable,
9c3be6ba45a6481254064df6e873fa4a77fcb63ae7b906321eb89e4b615a49e0,2017-11,Warwickshire Police,Warwickshire Police,-1.453438,52.314702,On or near Sports/Recreation Area,E01031301,Warwick 005E,Vehicle crime,Investigation complete; no suspect identified,
dbd75fb7d2f07b98eae998b87624ff4ac86a364f12c8ff1d792b22babfda037d,2017-11,Warwickshire Police,Warwickshire Police,-1.453438,52.314702,On or near Sports/Recreation Area,E01031301,Warwick 005E,Vehicle crime,Formal action is not in the public interest,
1ba4a078dfb3ba70794ae151c651d5c198e2eb0ede8a9471b97532b74185b4f3,2017-11,Warwickshire Police,Warwickshire Police,-1.453438,52.314702,On or near Sports/Recreation Area,E01031301,Warwick 005E,Vehicle crime,Investigation complete; no suspect identified,
c3d2cf88f126a59cdd320e149f7da1e02c1b8e8283ebad436e0ccbf48cd8b468,2017-11,Warwickshire Police,Warwickshire Police,-1.498624,52.272738,On or near Williams Road,E01031301,Warwick 005E,Violence and sexual offences,Status update unavailable,
4e6c7ce4060044b3935155e45fff3568b762b496489114abeba3027ccaf9795a,2017-11,Warwickshire Police,Warwickshire Police,-1.501358,52.278539,On or near Kingshurst,E01031301,Warwick 005E,Violence and sexual offences,Formal action is not in the public interest,
d6caf47e593eb06884e790bd12bb7ed90a53d11cd41113cd8877272006dabe7b,2017-11,Warwickshire Police,Warwickshire Police,-1.494507,52.273943,On or near Thornley Close,E01031302,Warwick 005F,Other theft,Investigation complete; no suspect identified,
7b5a7761aeeca86665665d10d01c7a7c9f6220f640aab47a77d9fda874dfc4a4,2017-11,Warwickshire Police,Warwickshire Police,-1.494507,52.273943,On or near Thornley Close,E01031302,Warwick 005F,Vehicle crime,Investigation complete; no suspect identified,
c346b73f81b649fc0a8f1ec324a07dd36c5a35818036fb53769ea7a0bd15d21f,2017-11,Warwickshire Police,Warwickshire Police,-1.498516,52.277151,On or near School Lane,E01031302,Warwick 005F,Vehicle crime,Status update unavailable,
4f95a073333e9df2d52b4688f4bd66e2d53fc43dc8aab08167339ecbc4f99aeb,2017-11,Warwickshire Police,Warwickshire Police,-1.496787,52.275823,On or near Hatherell Road,E01031302,Warwick 005F,Violence and sexual offences,Unable to prosecute suspect,
,2017-11,Warwickshire Police,Warwickshire Police,-1.499277,52.330548,On or near Leicester Lane,E01031308,Warwick 005G,Anti-social behaviour,,
,2017-11,Warwickshire Police,Warwickshire Police,-1.521023,52.364648,On or near Parking Area,E01031308,Warwick 005G,Anti-social behaviour,,
,2017-11,Warwickshire Police,Warwickshire Police,-1.517232,52.352784,On or near Stoneleigh Close,E01031308,Warwick 005G,Anti-social behaviour,,
72898c36303dfe2f4ba33bc51351dab1a045f1a3d878a832aac87fc6c4173ae5,2017-11,Warwickshire Police,Warwickshire Police,-1.466360,52.373396,On or near Woodhams Road,E01031308,Warwick 005G,Bicycle theft,Further investigation is not in the public interest,
07d01003f50f3e2c48dd6c53a58fc61c8fbc6b4ca5fa8e5ca02afd6e96ad4d95,2017-11,Warwickshire Police,Warwickshire Police,-1.519519,52.353063,On or near Birmingham Road,E01031308,Warwick 005G,Burglary,Investigation complete; no suspect identified,
211fc19d3356cca1711c1f0ad80f2511b35d8e2ca0600ca349d72843bd2ffd38,2017-11,Warwickshire Police,Warwickshire Police,-1.518833,52.354058,On or near Acorn Close,E01031308,Warwick 005G,Burglary,Investigation complete; no suspect identified,
e66bb3af9eaf77d74d2db6ae4707ff2509c32e0b2f1e41b5269702d0c05f7902,2017-11,Warwickshire Police,Warwickshire Police,-1.518833,52.354058,On or near Acorn Close,E01031308,Warwick 005G,Burglary,Investigation complete; no suspect identified,
a4cd4e06b152f8358eec0ccbad615a1f54874270a06da908cd516207b168eb71,2017-11,Warwickshire Police,Warwickshire Police,-1.519519,52.353063,On or near Birmingham Road,E01031308,Warwick 005G,Burglary,Investigation complete; no suspect identified,
489a8cbb1ef432c53abd0c7c343a7c7e67eefbaed138a2c7bebd5a8e0d3a7dd2,2017-11,Warwickshire Police,Warwickshire Police,-1.517232,52.352784,On or near Stoneleigh Close,E01031308,Warwick 005G,Burglary,Investigation complete; no suspect identified,
9288fb0c52dd0dd62df605ebf05dcaf5539c23ec9acdb39f1ec89c080187531e,2017-11,Warwickshire Police,Warwickshire Police,-1.519519,52.353063,On or near Birmingham Road,E01031308,Warwick 005G,Burglary,Investigation complete; no suspect identified,
d87a3744b68978bf3594298d5f7b5077eb215f4cca57fe47d6a38ee11c6c0592,2017-11,Warwickshire Police,Warwickshire Police,-1.518690,52.353662,On or near Hall Close,E01031308,Warwick 005G,Burglary,Investigation complete; no suspect identified,
5e701b0a252628852ea2032801bdcea2cbb46e0bf0990aee5c119befbd75f6f3,2017-11,Warwickshire Police,Warwickshire Police,-1.518690,52.353662,On or near Hall Close,E01031308,Warwick 005G,Burglary,Investigation complete; no suspect identified,
5853cd9697845734d917af58002b65e4f13deee98273b5dbf930bec93dc1902d,2017-11,Warwickshire Police,Warwickshire Police,-1.517232,52.352784,On or near Stoneleigh Close,E01031308,Warwick 005G,Burglary,Investigation complete; no suspect identified,
f59a72fceeed6afc04831796dd85a068191b45074473c79ccb79415ac7b44a23,2017-11,Warwickshire Police,Warwickshire Police,-1.568971,52.381465,On or near Scarman Road,E01031308,Warwick 005G,Burglary,Status update unavailable,
5f79971484fed2502fea40e7108dbf7141b7e957ad37438f2e518d2720451614,2017-11,Warwickshire Police,Warwickshire Police,-1.472778,52.367284,On or near Siskin Parkway West,E01031308,Warwick 005G,Criminal damage and arson,Investigation complete; no suspect identified,
0100c26eeca7b806adeabd292dd7b9b80badd27f04c25e3f51047391ab35bc6f,2017-11,Warwickshire Police,Warwickshire Police,-1.466106,52.371318,On or near Siskin Drive,E01031308,Warwick 005G,Criminal damage and arson,Investigation complete; no suspect identified,
2fe0f6fe0fc6b2fe35a438ec6246d97f859082c6001e27306ce413d449b7c42a,2017-11,Warwickshire Police,Warwickshire Police,-1.491361,52.368264,On or near Oak Close,E01031308,Warwick 005G,Criminal damage and arson,Investigation complete; no suspect identified,
e402b0837cba1b346374a40df3a7a1ef88b7e682116f3dcfa7136b6103d109b7,2017-11,Warwickshire Police,Warwickshire Police,-1.490355,52.366282,On or near Parking Area,E01031308,Warwick 005G,Vehicle crime,Investigation complete; no suspect identified,
4599e05e363e0e4f39e164fd317bc1e34dfc5027680925171844192feb410de5,2017-11,Warwickshire Police,Warwickshire Police,-1.472252,52.364621,On or near Siskin Parkway East,E01031308,Warwick 005G,Vehicle crime,Investigation complete; no suspect identified,
a7bab6f2ef63af053964d7cb1874a05ae80de31ee4bd4e16b4b9a8cf1d46aab5,2017-11,Warwickshire Police,Warwickshire Police,-1.472252,52.364621,On or near Siskin Parkway East,E01031308,Warwick 005G,Violence and sexual offences,Local resolution,
,2017-11,Warwickshire Police,Warwickshire Police,-1.514100,52.300897,On or near Mason Avenue,E01031273,Warwick 006A,Anti-social behaviour,,
,2017-11,Warwickshire Police,Warwickshire Police,-1.512998,52.299760,On or near Clare Close,E01031273,Warwick 006A,Anti-social behaviour,,
,2017-11,Warwickshire Police,Warwickshire Police,-1.514100,52.300897,On or near Mason Avenue,E01031273,Warwick 006A,Anti-social behaviour,,
f0d699d88344cf7b1b8861c3830c2ca4c79fa22f245e2e96ad7f2b8e24bd3a79,2017-11,Warwickshire Police,Warwickshire Police,-1.512172,52.301527,On or near Wackrill Drive,E01031273,Warwick 006A,Bicycle theft,Investigation complete; no suspect identified,
fcab0b256d641b670bf51affd384708a6cec3c542d41f0154564dc1a055a273e,2017-11,Warwickshire Police,Warwickshire Police,-1.511750,52.302587,On or near Charnwood Way,E01031273,Warwick 006A,Burglary,Investigation complete; no suspect identified,
8ebe63edc7c86cffdb1fd66aa7b2b43250be6a55b4d700d1e40d2e8eb7c51219,2017-11,Warwickshire Police,Warwickshire Police,-1.510066,52.301033,On or near The Crest,E01031273,Warwick 006A,Burglary,Investigation complete; no suspect identified,
eab992e925a3f601ab610a6d76afecb03163dd8d50322c1c977192f1cf6fb989,2017-11,Warwickshire Police,Warwickshire Police,-1.511750,52.302587,On or near Charnwood Way,E01031273,Warwick 006A,Burglary,Investigation complete; no suspect identified,
2bc9b87d9a89dae9857212b42b5606a6a0bd1a75f323fbcb30a89f6db30e50a8,2017-11,Warwickshire Police,Warwickshire Police,-1.511750,52.302587,On or near Charnwood Way,E01031273,Warwick 006A,Burglary,Investigation complete; no suspect identified,
44cf890bb88e7f537f093fdebdebc9d3a17c2e2a0d252d07252fdb588c747fa7,2017-11,Warwickshire Police,Warwickshire Police,-1.510066,52.301033,On or near The Crest,E01031273,Warwick 006A,Burglary,Investigation complete; no suspect identified,
54a112aaa30b9e30bd9194ecd02d9afa11c65bd6a5eb4c0001ffd9fa345c3bf7,2017-11,Warwickshire Police,Warwickshire Police,-1.510066,52.301033,On or near The Crest,E01031273,Warwick 006A,Burglary,Status update unavailable,
7fb28413df853fd29ac6038f8c46447626574f7b0ea7155f2a340376181813b0,2017-11,Warwickshire Police,Warwickshire Police,-1.512998,52.299760,On or near Clare Close,E01031273,Warwick 006A,Burglary,Investigation complete; no suspect identified,
9eb242f6dbc240894ee3efcae69110ff2b2c0806b3b265d495a4cb5e9892acda,2017-11,Warwickshire Police,Warwickshire Police,-1.511048,52.301118,On or near Newland Road,E01031273,Warwick 006A,Criminal damage and arson,Unable to prosecute suspect,
c7651cd624427f29337dc0da424d04880624627e3f00c648114f43535ea38c5d,2017-11,Warwickshire Police,Warwickshire Police,-1.511750,52.302587,On or near Charnwood Way,E01031273,Warwick 006A,Criminal damage and arson,Investigation complete; no suspect identified,
bc4dfb447d243c2b91b31bb31771b3b82bf0cf901063e804039b0b9319034384,2017-11,Warwickshire Police,Warwickshire Police,-1.510066,52.301033,On or near The Crest,E01031273,Warwick 006A,Criminal damage and arson,Investigation complete; no suspect identified,
098b8b7fe87716ad4efc21f5e48d7c4758c9c265cab5fb137b33cc9581feb735,2017-11,Warwickshire Police,Warwickshire Police,-1.510066,52.301033,On or near The Crest,E01031273,Warwick 006A,Other theft,Status update unavailable,
f0e1db918a5af430f3a1a5f48ec926b21fd297c76e4fcf79c471b2e1fc022d49,2017-11,Warwickshire Police,Warwickshire Police,-1.516747,52.300261,On or near Hanworth Close,E01031273,Warwick 006A,Violence and sexual offences,Status update unavailable,
51bdd60d8754d51e967e26f8a4d558bcce1fe89b52b22b38f87b39bfcee1c0ee,2017-11,Warwickshire Police,Warwickshire Police,-1.511048,52.301118,On or near Newland Road,E01031273,Warwick 006A,Violence and sexual offences,Unable to prosecute suspect,
b9a0de0d7a71334a2b80794f06699c2ada4589649d101cb16fd84fb5fd878de7,2017-11,Warwickshire Police,Warwickshire Police,-1.512998,52.299760,On or near Clare Close,E01031273,Warwick 006A,Violence and sexual offences,Unable to prosecute suspect,
62a198feb0ea47a9074afc9fcbbc2f9ff45bebb2c68cf4e82f2f4643b9cb23da,2017-11,Warwickshire Police,Warwickshire Police,-1.510066,52.301033,On or near The Crest,E01031273,Warwick 006A,Violence and sexual offences,Unable to prosecute suspect,
3d7a49aa87450c0e5f2996ff1d7899799842cd93cdb0ebf727269071db79e281,2017-11,Warwickshire Police,Warwickshire Police,-1.514593,52.300135,On or near Denby Close,E01031273,Warwick 006A,Violence and sexual offences,Unable to prosecute suspect,
f88f7d6f59755d6ac3cf869498a3b7046e67674877c739a0b56d628af31efd6f,2017-11,Warwickshire Police,Warwickshire Police,-1.511048,52.301118,On or near Newland Road,E01031273,Warwick 006A,Violence and sexual offences,Unable to prosecute suspect,
8e985aa07f74c3724893c34c9422a7022cd082607f1461cc996a9ea2d9c690e3,2017-11,Warwickshire Police,Warwickshire Police,-1.510941,52.300138,On or near Burbury Close,E01031273,Warwick 006A,Violence and sexual offences,Unable to prosecute suspect,
,2017-11,Warwickshire Police,Warwickshire Police,-1.523893,52.301171,On or near Grange Road,E01031274,Warwick 006B,Anti-social behaviour,,
,2017-11,Warwickshire Police,Warwickshire Police,-1.523030,52.302363,On or near The Greenways,E01031274,Warwick 006B,Anti-social behaviour,,
,2017-11,Warwickshire Police,Warwickshire Police,-1.517886,52.300652,On or near Thursfield Road,E01031274,Warwick 006B,Anti-social behaviour,,
,2017-11,Warwickshire Police,Warwickshire Police,-1.517554,52.302943,On or near Cosford Close,E01031274,Warwick 006B,Anti-social behaviour,,
c2574fbf9919fd87937c2ae141aea05d1f5f7f8652716951849e6cee23b5cb85,2017-11,Warwickshire Police,Warwickshire Police,-1.523030,52.302363,On or near The Greenways,E01031274,Warwick 006B,Burglary,Investigation complete; no suspect identified,
a875df47a8660c8805e635c8f2446fad0595a6c942930ad36ca07ef8ffa4fd5e,2017-11,Warwickshire Police,Warwickshire Police,-1.517212,52.299292,On or near Wellington Road,E01031274,Warwick 006B,Criminal damage and arson,Investigation complete; no suspect identified,
2ba16a134659f9c54d1ef98ec531f479325ecf6c6229db11a98d053caa5e2281,2017-11,Warwickshire Police,Warwickshire Police,-1.519274,52.302501,On or near Parking Area,E01031274,Warwick 006B,Criminal damage and arson,Status update unavailable,
f00e3e4eb352dc461262debd8696da356e69450a20157c14edb1af5ed6189a15,2017-11,Warwickshire Police,Warwickshire Police,-1.517886,52.300652,On or near Thursfield Road,E01031274,Warwick 006B,Criminal damage and arson,Investigation complete; no suspect identified,
67909a192e24a2d7b57c48e59e3d03f2606f1f32588fd3efadb3c0c56a311567,2017-11,Warwickshire Police,Warwickshire Police,-1.517886,52.300652,On or near Thursfield Road,E01031274,Warwick 006B,Criminal damage and arson,Investigation complete; no suspect identified,
a5b9a3878d5a7e810c762adb31cd0fe3a9c04a6c2cda473db8b2ca7ebdece893,2017-11,Warwickshire Police,Warwickshire Police,-1.519991,52.302656,On or near Crown Way,E01031274,Warwick 006B,Criminal damage and arson,Investigation complete; no suspect identified,
8219469923ac40befa4fcb9029408a48a6655ae7718e41a3d3ff6b924df9f70d,2017-11,Warwickshire Police,Warwickshire Police,-1.517212,52.299292,On or near Wellington Road,E01031274,Warwick 006B,Other theft,Investigation complete; no suspect identified,
1435465a1d9210abd3de32d868c81aefdb75c62368cf4b0f423cdf658ce7667d,2017-11,Warwickshire Police,Warwickshire Police,-1.517886,52.300652,On or near Thursfield Road,E01031274,Warwick 006B,Other theft,Investigation complete; no suspect identified,
005a175d50a4165ae085a82e39f8759fc487a8a352f509e4c3386446fc3a0e8c,2017-11,Warwickshire Police,Warwickshire Police,-1.517212,52.299292,On or near Wellington Road,E01031274,Warwick 006B,Other theft,Investigation complete; no suspect identified,
2da4b31516e7e3059df788212b0e202cb1d6ac9610fd4ba39660cecbd4b4fb81,2017-11,Warwickshire Police,Warwickshire Police,-1.521043,52.303002,On or near Walnut Drive,E01031274,Warwick 006B,Shoplifting,Investigation complete; no suspect identified,
2c57ed8ce76863181349000a12efaae2ef73c1edd75a7ffcb4a11a5cc02b4b80,2017-11,Warwickshire Police,Warwickshire Police,-1.517212,52.299292,On or near Wellington Road,E01031274,Warwick 006B,Violence and sexual offences,Status update unavailable,
,2017-11,Warwickshire Police,Warwickshire Police,-1.516766,52.305214,On or near Sandown Close,E01031275,Warwick 006C,Anti-social behaviour,,
,2017-11,Warwickshire Police,Warwickshire Police,-1.516766,52.305214,On or near Sandown Close,E01031275,Warwick 006C,Anti-social behaviour,,
b2a4061df82952fcec1229593705ace2c8c49639b74a7d322c428d88cfd7f3e0,2017-11,Warwickshire Police,Warwickshire Police,-1.515387,52.306611,On or near Meadow Close,E01031275,Warwick 006C,Burglary,Investigation complete; no suspect identified,
9c19fc0174000fedc533212b457af671ab62fd9d60d376a65ff538aff717e576,2017-11,Warwickshire Police,Warwickshire Police,-1.510657,52.301980,On or near Barnard Close,E01031275,Warwick 006C,Criminal damage and arson,Investigation complete; no suspect identified,
5f9fad97541a64463e60ce78ebce126b93e0f72aa3da30f79d2ee98172fceaea,2017-11,Warwickshire Police,Warwickshire Police,-1.515387,52.306611,On or near Meadow Close,E01031275,Warwick 006C,Criminal damage and arson,Investigation complete; no suspect identified,
a672665f92849d8fe523e45bcf02406cc10f62e130a0a2bd09f9d1c38fd0c4a4,2017-11,Warwickshire Police,Warwickshire Police,-1.514978,52.303751,On or near Aintree Drive,E01031275,Warwick 006C,Criminal damage and arson,Investigation complete; no suspect identified,
84d9c41b9ad3c5482828d9f68ca88d3479f098ab6eb11e8cdb7af2b7cb1a01f9,2017-11,Warwickshire Police,Warwickshire Police,-1.515387,52.306611,On or near Meadow Close,E01031275,Warwick 006C,Criminal damage and arson,Investigation complete; no suspect identified,
42a835bb1e0afcd26fce96c7a1f438405ba2cc81944451322dd6a72c2cae7592,2017-11,Warwickshire Police,Warwickshire Police,-1.512539,52.304199,On or near Wye Close,E01031275,Warwick 006C,Violence and sexual offences,Offender given a caution,
e85bec3f47e25854383ffb6b8e378732ac6aadb66f4a0e6f8e7814f54a2ad800,2017-11,Warwickshire Police,Warwickshire Police,-1.515387,52.306611,On or near Meadow Close,E01031275,Warwick 006C,Violence and sexual offences,Unable to prosecute suspect,
fb23119c59ce44c3b9e6870495a5fe0c821b8c23b1ef87b4f6adcd1815a43a34,2017-11,Warwickshire Police,Warwickshire Police,-1.512539,52.304199,On or near Wye Close,E01031275,Warwick 006C,Violence and sexual offences,Unable to prosecute suspect,
,2017-11,Warwickshire Police,Warwickshire Police,-1.514814,52.298652,On or near Compton Close,E01031276,Warwick 006D,Anti-social behaviour,,
,2017-11,Warwickshire Police,Warwickshire Police,-1.516273,52.298020,On or near Briar Gardens,E01031276,Warwick 006D,Anti-social behaviour,,
,2017-11,Warwickshire Police,Warwickshire Police,-1.516273,52.298020,On or near Briar Gardens,E01031276,Warwick 006D,Anti-social behaviour,,
a2475333ae146dc79083941c35af6cea58e11a7708ba59a761ce14c61ae6cc32,2017-11,Warwickshire Police,Warwickshire Police,-1.520428,52.297525,On or near Rawlinson Road,E01031276,Warwick 006D,Burglary,Investigation complete; no suspect identified,
4941378b77dbb7e8881b04f8f484fd3b61332d710eb02e5c07508b02a77486d9,2017-11,Warwickshire Police,Warwickshire Police,-1.516273,52.298020,On or near Briar Gardens,E01031276,Warwick 006D,Criminal damage and arson,Investigation complete; no suspect identified,
768613e707c2a8f3fc91fb1e30b8495bc43c0595fcb7e9849c5c599662d0b46f,2017-11,Warwickshire Police,Warwickshire Police,-1.522360,52.297883,On or near Gresham Avenue,E01031276,Warwick 006D,Other theft,Investigation complete; no suspect identified,
f229af595f50ccc12dc8916f5e539f5b77a059e613147ded227d1e0ac47f8079,2017-11,Warwickshire Police,Warwickshire Police,-1.514814,52.298652,On or near Compton Close,E01031276,Warwick 006D,Vehicle crime,Investigation complete; no suspect identified,
b3d601b6fde0ad70b5838e9260f0a7167b7b3c89efbe66a70b313835d97ff92a,2017-11,Warwickshire Police,Warwickshire Police,-1.520319,52.296697,On or near Dudley Green,E01031276,Warwick 006D,Violence and sexual offences,Status update unavailable,
e325aa3b789a8d9770e483125effd146e219ad18da6f5b79c9258e5b998dbf38,2017-11,Warwickshire Police,Warwickshire Police,-1.516281,52.297292,On or near Buckley Road,E01031276,Warwick 006D,Other crime,Offender given suspended prison sentence,
,2017-11,Warwickshire Police,Warwickshire Police,-1.530358,52.293096,On or near Lansdowne Street,E01031272,Warwick 007B,Anti-social behaviour,,
,2017-11,Warwickshire Police,Warwickshire Police,-1.529037,52.294583,On or near Suffolk Street,E01031272,Warwick 007B,Anti-social behaviour,,
,2017-11,Warwickshire Police,Warwickshire Police,-1.530402,52.294499,On or near Hill Street,E01031272,Warwick 007B,Anti-social behaviour,,
814afc8231d3e74c4c184c25f92d7043a69eb200a87688e3b528bb9cb62e2a2a,2017-11,Warwickshire Police,Warwickshire Police,-1.530962,52.292775,On or near Swan Street,E01031272,Warwick 007B,Burglary,Investigation complete; no suspect identified,
852e420da110cf7a6614745596b3b3594de28381e22e96ae7f787c0d3b05857b,2017-11,Warwickshire Police,Warwickshire Police,-1.532881,52.294347,On or near Morton Street,E01031272,Warwick 007B,Criminal damage and arson,Investigation complete; no suspect identified,
c742453f90bd9f012b4efa4c679b20338fd75469b9e3a7dceec17e79c39f37b8,2017-11,Warwickshire Police,Warwickshire Police,-1.529727,52.294541,On or near Norfolk Street,E01031272,Warwick 007B,Violence and sexual offences,Status update unavailable,
9ba4ef396295512ca269e26226fc6737739478e4c0674851c2421b366fc1772e,2017-11,Warwickshire Police,Warwickshire Police,-1.530358,52.293096,On or near Lansdowne Street,E01031272,Warwick 007B,Violence and sexual offences,Status update unavailable,
0f26ce93d6dbeee64238018200b6709db09e6055f9b5898b437b80520dbdba91,2017-11,Warwickshire Police,Warwickshire Police,-1.529037,52.294583,On or near Suffolk Street,E01031272,Warwick 007B,Violence and sexual offences,Status update unavailable,
4e2a287700e1fb3dc04726133f91262d808bc6d4bb3e2c142de8d348366d5eaa,2017-11,Warwickshire Police,Warwickshire Police,-1.530677,52.293421,On or near Lansdowne Road,E01031272,Warwick 007B,Violence and sexual offences,Unable to prosecute suspect,
5a837f2d8024bb8c8d2f37e88077c29ff444f7887326260491aa7471d467584b,2017-11,Warwickshire Police,Warwickshire Police,-1.531170,52.299555,On or near Lillington Avenue,E01031285,Warwick 007C,Burglary,Investigation complete; no suspect identified,
b4800b74f2d5d4f8b428691d839b4457be09343c7c2430c03c995b86247c60bc,2017-11,Warwickshire Police,Warwickshire Police,-1.535583,52.301019,On or near Bell Tower Mews,E01031285,Warwick 007C,Burglary,Investigation complete; no suspect identified,
c076984f5c08333da18dd40f43c89a8ac308f3d5c36a466f82cfc68bc8a97697,2017-11,Warwickshire Police,Warwickshire Police,-1.535635,52.298799,On or near Kenilworth Road,E01031285,Warwick 007C,Criminal damage and arson,Status update unavailable,
a60b3c260bca7178e8ebe810d5d808004d6c34e126f2ca1bdb4a05c32e82215c,2017-11,Warwickshire Police,Warwickshire Police,-1.540122,52.296039,On or near A445,E01031285,Warwick 007C,Vehicle crime,Court result unavailable,
1bdb7fcd0628903cffd414168ff80bd8a7264c14418056b885905bc0a63e5174,2017-11,Warwickshire Police,Warwickshire Police,-1.534272,52.300151,On or near Sports/Recreation Area,E01031285,Warwick 007C,Violence and sexual offences,Status update unavailable,
46bcf2b2c3306843cc2e5b439aba7852cafe6c8f666cf05f114d1400cb8e32eb,2017-11,Warwickshire Police,Warwickshire Police,-1.538268,52.299448,On or near Onslow Croft,E01031285,Warwick 007C,Violence and sexual offences,Unable to prosecute suspect,
1b809354a50df0970a6e61bce04db4de8f648ff6cc7c3f5329d41e04d1a1c6c4,2017-11,Warwickshire Police,Warwickshire Police,-1.525355,52.298848,On or near Hellidon Close,E01031286,Warwick 007D,Criminal damage and arson,Investigation complete; no suspect identified,
f98fe4a3ab7969fe13d5929b59698bb49be2cd1712ee11906a2a61da31ae70f1,2017-11,Warwickshire Police,Warwickshire Police,-1.528186,52.297448,On or near Brownlow Street,E01031286,Warwick 007D,Criminal damage and arson,Investigation complete; no suspect identified,
d936493b9f39aa9418f6c4c32c483864a9a411693d1c1cf7ec5637ab6750a4bb,2017-11,Warwickshire Police,Warwickshire Police,-1.528576,52.298016,On or near Wathen Road,E01031286,Warwick 007D,Vehicle crime,Investigation complete; no suspect identified,
06f545b662f12eb634372f80e0736573a54c0e859752dbbbaf418367060b7de3,2017-11,Warwickshire Police,Warwickshire Police,-1.523870,52.296532,On or near Chestnut Square,E01031286,Warwick 007D,Violence and sexual offences,Status update unavailable,
f13a21a8b892b2a384e6d858dff33316b2bf216a94f538384301ce20e3c8ce69,2017-11,Warwickshire Police,Warwickshire Police,-1.528033,52.299425,On or near Payne Close,E01031286,Warwick 007D,Violence and sexual offences,Investigation complete; no suspect identified,
a5ee53c2271287c0b9d333066061f2e3ac82738767cb1a11b3d5ca53996d28c0,2017-11,Warwickshire Police,Warwickshire Police,-1.525355,52.298848,On or near Hellidon Close,E01031286,Warwick 007D,Violence and sexual offences,Status update unavailable,
25c50a114b6d80557315b0e3c27bf113d6c0c3aeeec2880381c22a3916898796,2017-11,Warwickshire Police,Warwickshire Police,-1.528033,52.299425,On or near Payne Close,E01031286,Warwick 007D,Violence and sexual offences,Status update unavailable,
,2017-11,Warwickshire Police,Warwickshire Police,-1.514854,52.309774,On or near Sports/Recreation Area,E01031287,Warwick 007E,Anti-social behaviour,,
,2017-11,Warwickshire Police,Warwickshire Police,-1.514854,52.309774,On or near Sports/Recreation Area,E01031287,Warwick 007E,Anti-social behaviour,,
,2017-11,Warwickshire Police,Warwickshire Police,-1.519183,52.312255,On or near Kelvin Road,E01031287,Warwick 007E,Anti-social behaviour,,
,2017-11,Warwickshire Police,Warwickshire Police,-1.514854,52.309774,On or near Sports/Recreation Area,E01031287,Warwick 007E,Anti-social behaviour,,
3c30d6756c8a5cdb726f74347b4338f967f96d6a3a5be92c7ad5cbc5feb8dd27,2017-11,Warwickshire Police,Warwickshire Police,-1.520539,52.310291,On or near St Andrew'S Road,E01031287,Warwick 007E,Criminal damage and arson,Investigation complete; no suspect identified,
8beeeff892c8311b7a0d65dd10db0b48c935537ba815e78420b7369d1dc4b2bf,2017-11,Warwickshire Police,Warwickshire Police,-1.514854,52.309774,On or near Sports/Recreation Area,E01031287,Warwick 007E,Criminal damage and arson,Investigation complete; no suspect identified,
bed26aee5fdeca76f722074b3a89e3264f638375e8294493be64193e4f2dc518,2017-11,Warwickshire Police,Warwickshire Police,-1.518547,52.312765,On or near Sports/Recreation Area,E01031287,Warwick 007E,Criminal damage and arson,Investigation complete; no suspect identified,
de5d914c3c0195399ea0d719a61ccfea3719d8d89a085486dae1b69f7346f48a,2017-11,Warwickshire Police,Warwickshire Police,-1.514854,52.309774,On or near Sports/Recreation Area,E01031287,Warwick 007E,Criminal damage and arson,Investigation complete; no suspect identified,
08d19c1647d33e4de769b2da6342f79937a742fb12278eebbe8b9b93590502ea,2017-11,Warwickshire Police,Warwickshire Police,-1.518846,52.310923,On or near Telford Avenue,E01031287,Warwick 007E,Criminal damage and arson,Investigation complete; no suspect identified,
da978865a57f4ddd2180ec7d08e18fc49adef2b13af2164620fc3522ce3a32ec,2017-11,Warwickshire Police,Warwickshire Police,-1.514854,52.309774,On or near Sports/Recreation Area,E01031287,Warwick 007E,Other crime,Status update unavailable,
,2017-11,Warwickshire Police,Warwickshire Police,-1.528648,52.309173,On or near Bowers Croft,E01031288,Warwick 007F,Anti-social behaviour,,
aa67bf74bdd124b242feb310b59cdd8e112412eccc665e3f5548d784834f92b2,2017-11,Warwickshire Police,Warwickshire Police,-1.526702,52.305965,On or near Elm Bank Close,E01031288,Warwick 007F,Burglary,Investigation complete; no suspect identified,
c46c1b424de52c9e73a8b384d4ba8f6456637dacad6f38a546fcf80b4c52eaa7,2017-11,Warwickshire Police,Warwickshire Police,-1.526702,52.305965,On or near Elm Bank Close,E01031288,Warwick 007F,Burglary,Investigation complete; no suspect identified,
d7b1e7d9f632cc1476221f537c396b579bb34e92649e5ab60cafc024173e48a6,2017-11,Warwickshire Police,Warwickshire Police,-1.526702,52.305965,On or near Elm Bank Close,E01031288,Warwick 007F,Burglary,Investigation complete; no suspect identified,
f9e90585225a1116839894a8af5c7d04dce9de3720fcfd1f3f7fe6665a278a23,2017-11,Warwickshire Police,Warwickshire Police,-1.529036,52.304374,On or near Lillington Road,E01031288,Warwick 007F,Burglary,Investigation complete; no suspect identified,
c1cbe238135d95cdcd6891bfd8b85f3c84f03d4f50dd471d6011cfac2290198c,2017-11,Warwickshire Police,Warwickshire Police,-1.529165,52.308816,On or near Burman Close,E01031288,Warwick 007F,Burglary,Offender sent to prison,
339d6149f80cf4a9aa9db309d24d7f186b314d19bd2181c226e970d1ec5c2cdd,2017-11,Warwickshire Police,Warwickshire Police,-1.536627,52.303514,On or near John Cullis Gardens,E01031288,Warwick 007F,Vehicle crime,Investigation complete; no suspect identified,
ffb81514d634a3f53ad9376713934b50a3a229769b63000481ef8488a2ee1de3,2017-11,Warwickshire Police,Warwickshire Police,-1.531311,52.305561,On or near Belmont Drive,E01031288,Warwick 007F,Violence and sexual offences,Investigation complete; no suspect identified,
8fdcdb25a1feeb734d57d1e89f890049b80699ab0de8446b21c0481810c26567,2017-11,Warwickshire Police,Warwickshire Police,-1.521397,52.304181,On or near The Holt,E01031289,Warwick 007G,Violence and sexual offences,Status update unavailable,
,2017-11,Warwickshire Police,Warwickshire Police,-1.532962,52.289493,On or near Hamilton Terrace,E01033253,Warwick 007H,Anti-social behaviour,,
,2017-11,Warwickshire Police,Warwickshire Police,-1.536712,52.292609,On or near Supermarket,E01033253,Warwick 007H,Anti-social behaviour,,
,2017-11,Warwickshire Police,Warwickshire Police,-1.533573,52.291293,On or near Park Street,E01033253,Warwick 007H,Anti-social behaviour,,
,2017-11,Warwickshire Police,Warwickshire Police,-1.535832,52.289819,On or near Shopping Area,E01033253,Warwick 007H,Anti-social behaviour,,
,2017-11,Warwickshire Police,Warwickshire Police,-1.536712,52.292609,On or near Supermarket,E01033253,Warwick 007H,Anti-social behaviour,,
,2017-11,Warwickshire Police,Warwickshire Police,-1.535832,52.289819,On or near Shopping Area,E01033253,Warwick 007H,Anti-social behaviour,,
,2017-11,Warwickshire Police,Warwickshire Police,-1.537242,52.293753,On or near Petrol Station,E01033253,Warwick 007H,Anti-social behaviour,,
,2017-11,Warwickshire Police,Warwickshire Police,-1.537242,52.293753,On or near Petrol Station,E01033253,Warwick 007H,Anti-social behaviour,,
,2017-11,Warwickshire Police,Warwickshire Police,-1.534759,52.292862,On or near Guy Street,E01033253,Warwick 007H,Anti-social behaviour,,
,2017-11,Warwickshire Police,Warwickshire Police,-1.538107,52.291005,On or near Windsor Street,E01033253,Warwick 007H,Anti-social behaviour,,
,2017-11,Warwickshire Police,Warwickshire Police,-1.536712,52.292609,On or near Supermarket,E01033253,Warwick 007H,Anti-social behaviour,,
,2017-11,Warwickshire Police,Warwickshire Police,-1.534471,52.288150,On or near Euston Place,E01033253,Warwick 007H,Anti-social behaviour,,
,2017-11,Warwickshire Police,Warwickshire Police,-1.533849,52.292912,On or near Chandos Street,E01033253,Warwick 007H,Anti-social behaviour,,
,2017-11,Warwickshire Police,Warwickshire Police,-1.534026,52.291475,On or near Parking Area,E01033253,Warwick 007H,Anti-social behaviour,,
,2017-11,Warwickshire Police,Warwickshire Police,-1.536712,52.292609,On or near Supermarket,E01033253,Warwick 007H,Anti-social behaviour,,
,2017-11,Warwickshire Police,Warwickshire Police,-1.533604,52.289756,On or near Parking Area,E01033253,Warwick 007H,Anti-social behaviour,,
,2017-11,Warwickshire Police,Warwickshire Police,-1.536712,52.292609,On or near Supermarket,E01033253,Warwick 007H,Anti-social behaviour,,
,2017-11,Warwickshire Police,Warwickshire Police,-1.537242,52.293753,On or near Petrol Station,E01033253,Warwick 007H,Anti-social behaviour,,
,2017-11,Warwickshire Police,Warwickshire Police,-1.536712,52.292609,On or near Supermarket,E01033253,Warwick 007H,Anti-social behaviour,,
,2017-11,Warwickshire Police,Warwickshire Police,-1.536712,52.292609,On or near Supermarket,E01033253,Warwick 007H,Anti-social behaviour,,
,2017-11,Warwickshire Police,Warwickshire Police,-1.536853,52.293131,On or near Nightclub,E01033253,Warwick 007H,Anti-social behaviour,,
,2017-11,Warwickshire Police,Warwickshire Police,-1.531436,52.289549,On or near Newbold Street,E01033253,Warwick 007H,Anti-social behaviour,,
,2017-11,Warwickshire Police,Warwickshire Police,-1.532619,52.292845,On or near Alveston Place,E01033253,Warwick 007H,Anti-social behaviour,,
,2017-11,Warwickshire Police,Warwickshire Police,-1.536853,52.293131,On or near Nightclub,E01033253,Warwick 007H,Anti-social behaviour,,
,2017-11,Warwickshire Police,Warwickshire Police,-1.533573,52.291293,On or near Park Street,E01033253,Warwick 007H,Anti-social behaviour,,
,2017-11,Warwickshire Police,Warwickshire Police,-1.535877,52.288299,On or near Bedford Place,E01033253,Warwick 007H,Anti-social behaviour,,
,2017-11,Warwickshire Police,Warwickshire Police,-1.535736,52.291967,On or near Warwick Street,E01033253,Warwick 007H,Anti-social behaviour,,
,2017-11,Warwickshire Police,Warwickshire Police,-1.535736,52.291967,On or near Warwick Street,E01033253,Warwick 007H,Anti-social behaviour,,
40693b6998c27b57625cde51d9785d07b6b576d274a0132dcba1b39ee0685914,2017-11,Warwickshire Police,Warwickshire Police,-1.533976,52.290665,On or near Further/Higher Educational Building,E01033253,Warwick 007H,Bicycle theft,Investigation complete; no suspect identified,
557d1ec010ea7db2be12251edc6114e645f5725aaa0968b7fed25f1f44389d24,2017-11,Warwickshire Police,Warwickshire Police,-1.532561,52.291370,On or near Kenilworth Street,E01033253,Warwick 007H,Bicycle theft,Investigation complete; no suspect identified,
319483032f1cc465114abe6c36530a08d76ed16f40d33d70aaea874ca2e71646,2017-11,Warwickshire Police,Warwickshire Police,-1.538162,52.294143,On or near Hall Road,E01033253,Warwick 007H,Burglary,Offender sent to prison,
cbe971fbbf27925e359dd9f83af56131e6606b4c102e89d65971c8c49ab29086,2017-11,Warwickshire Police,Warwickshire Police,-1.536071,52.293622,On or near Clarendon Avenue,E01033253,Warwick 007H,Burglary,Investigation complete; no suspect identified,
7d32fcdeaa9bc6598a4ff05c0de9feb77d16c55240662392370c1446b511b3a8,2017-11,Warwickshire Police,Warwickshire Police,-1.531436,52.289549,On or near Newbold Street,E01033253,Warwick 007H,Criminal damage and arson,Investigation complete; no suspect identified,
d13cdcae1249ebbd8a87cf6a917962838b109bde4180a6ea94656dfcc8d8bab6,2017-11,Warwickshire Police,Warwickshire Police,-1.537018,52.292736,On or near Tavistock Street,E01033253,Warwick 007H,Criminal damage and arson,Investigation complete; no suspect identified,
ad41848879bfb8f5da57969ad607505f24d065b2f09da2146da434bf3904c87f,2017-11,Warwickshire Police,Warwickshire Police,-1.537103,52.290255,On or near Regent Street,E01033253,Warwick 007H,Criminal damage and arson,Status update unavailable,
be11785f4f8b4af6722e6779876a8e77023b2ca1fafb28b90a48f8161ceb0d5e,2017-11,Warwickshire Police,Warwickshire Police,-1.532619,52.292845,On or near Alveston Place,E01033253,Warwick 007H,Criminal damage and arson,Local resolution,
86f2bf5265df0022dde2e10a2151944daf039533415722fa0e38c8c26952a352,2017-11,Warwickshire Police,Warwickshire Police,-1.536712,52.292609,On or near Supermarket,E01033253,Warwick 007H,Criminal damage and arson,Investigation complete; no suspect identified,
96d5278ebd30884c414541035f044a91120f81bc0f4927e1ff580adb833db9b3,2017-11,Warwickshire Police,Warwickshire Police,-1.535877,52.288299,On or near Bedford Place,E01033253,Warwick 007H,Drugs,Offender sent to prison,
7ea66860e6e110b2d8791b59aa40fff74da2b62a4aae3551143f9ba9eb7e79a8,2017-11,Warwickshire Police,Warwickshire Police,-1.536712,52.292609,On or near Supermarket,E01033253,Warwick 007H,Other theft,Investigation complete; no suspect identified,
fb5f8d4afe30f57409610120b10f0110673c0d201e07c56d199c68d5266cdc4d,2017-11,Warwickshire Police,Warwickshire Police,-1.536853,52.293131,On or near Nightclub,E01033253,Warwick 007H,Other theft,Investigation complete; no suspect identified,
995f58f8d699786e9dc8abe01626d84b9fa9466e754b8a157641e4c6137b6eee,2017-11,Warwickshire Police,Warwickshire Police,-1.536712,52.292609,On or near Supermarket,E01033253,Warwick 007H,Other theft,Investigation complete; no suspect identified,
67080c441e019c67e7b45db1ec483b7a900c4767290a55fadf2c6a477b85334e,2017-11,Warwickshire Police,Warwickshire Police,-1.533604,52.289756,On or near Parking Area,E01033253,Warwick 007H,Other theft,Investigation complete; no suspect identified,
fa2749254dc6081e01449b1be476280a701fb0e80c9fdd36ebf236dd6a8ac5c0,2017-11,Warwickshire Police,Warwickshire Police,-1.537242,52.293753,On or near Petrol Station,E01033253,Warwick 007H,Other theft,Investigation complete; no suspect identified,
8d93c0e206ed1310622c687460fe50880a3d479e13ca4a4f8334bfaf9f828b11,2017-11,Warwickshire Police,Warwickshire Police,-1.535832,52.289819,On or near Shopping Area,E01033253,Warwick 007H,Other theft,Investigation complete; no suspect identified,
74ec2e32e054485f29f80293c9dd8dd4e4d3a4277aaf774a81cfed15be2b9666,2017-11,Warwickshire Police,Warwickshire Police,-1.535787,52.295500,On or near Trinity Street,E01033253,Warwick 007H,Other theft,Investigation complete; no suspect identified,
3e14c0e96a35e19656c0a0d017515dea48c0819fc586e832e93b485cca752375,2017-11,Warwickshire Police,Warwickshire Police,-1.535877,52.288299,On or near Bedford Place,E01033253,Warwick 007H,Other theft,Investigation complete; no suspect identified,
7fe667e50a956bd825974be163a03a740c0f77b5b7f9feaf7a660d1d5ff37544,2017-11,Warwickshire Police,Warwickshire Police,-1.535832,52.289819,On or near Shopping Area,E01033253,Warwick 007H,Other theft,Investigation complete; no suspect identified,
f8f6e0b9a47be2a60e0da4857e17438ae3dc797d2b8c9a11c9a480999b99ac08,2017-11,Warwickshire Police,Warwickshire Police,-1.534248,52.291278,On or near Shopping Area,E01033253,Warwick 007H,Other theft,Investigation complete; no suspect identified,
8d3089e4099d540b631494fcbf573786e41b5b57148a2602e9115f81740e1626,2017-11,Warwickshire Police,Warwickshire Police,-1.536853,52.293131,On or near Nightclub,E01033253,Warwick 007H,Other theft,Investigation complete; no suspect identified,
8c5d50b9930295307f43c4dd6a494cd4487fe08b9ceb222c79ac6c69ac15d094,2017-11,Warwickshire Police,Warwickshire Police,-1.534248,52.291278,On or near Shopping Area,E01033253,Warwick 007H,Other theft,Investigation complete; no suspect identified,
d07b1cb36844fba6363c7ac00d75d9930cf96f8cc78f4dc6e2b08879102518c9,2017-11,Warwickshire Police,Warwickshire Police,-1.535736,52.291967,On or near Warwick Street,E01033253,Warwick 007H,Other theft,Investigation complete; no suspect identified,
6e388cc4ab915bff134db1fb2af64c4a5d0309cc49f5ac0cb6bb49978ec9df2f,2017-11,Warwickshire Police,Warwickshire Police,-1.536394,52.290783,On or near Shopping Area,E01033253,Warwick 007H,Public order,Investigation complete; no suspect identified,
9d3d800c79f50eefe5dcf75b92f142c922e5bf5429acebf8b94252003beadb00,2017-11,Warwickshire Police,Warwickshire Police,-1.535877,52.288299,On or near Bedford Place,E01033253,Warwick 007H,Public order,Unable to prosecute suspect,
dff47bfbe9bf1ec43fa5d292674c50b845bd3d92d7a32ceddeb35231d533e9e3,2017-11,Warwickshire Police,Warwickshire Police,-1.536712,52.292609,On or near Supermarket,E01033253,Warwick 007H,Public order,Formal action is not in the public interest,
21957e0583b39eebbf62062da88bc87db4dfbf630b7ced41b590c142a77e1f13,2017-11,Warwickshire Police,Warwickshire Police,-1.535477,52.290069,On or near Parade,E01033253,Warwick 007H,Public order,Unable to prosecute suspect,
a35a6ab1465222b53e06e07a6fa51296e7615c7b05a2da0bb64480505f60b9c2,2017-11,Warwickshire Police,Warwickshire Police,-1.536712,52.292609,On or near Supermarket,E01033253,Warwick 007H,Shoplifting,Local resolution,
c6cba12e90c3c29c7f23d0e219853fe1e267f729074354de3854020634f2f706,2017-11,Warwickshire Police,Warwickshire Police,-1.534026,52.291475,On or near Parking Area,E01033253,Warwick 007H,Shoplifting,Court result unavailable,
b6d15668909124923ebfb041f340ffc9f357a3514e92176facb15f0f8dee5569,2017-11,Warwickshire Police,Warwickshire Police,-1.532619,52.292845,On or near Alveston Place,E01033253,Warwick 007H,Shoplifting,Investigation complete; no suspect identified,
54f45ae33e7a8525c50ac6703b8d6ef421f7d0ae26fd1954a3a37c79e27365e0,2017-11,Warwickshire Police,Warwickshire Police,-1.534248,52.291278,On or near Shopping Area,E01033253,Warwick 007H,Shoplifting,Investigation complete; no suspect identified,
0e37ecf467a4c2eb14790553a87627490c40fbdef554e8235ac647cef8ebd96c,2017-11,Warwickshire Police,Warwickshire Police,-1.534759,52.292862,On or near Guy Street,E01033253,Warwick 007H,Shoplifting,Status update unavailable,
3cf971986da5cef3d253f0db4073a1a5e20fd015c6f337cde0ca721373cb1637,2017-11,Warwickshire Police,Warwickshire Police,-1.536712,52.292609,On or near Supermarket,E01033253,Warwick 007H,Shoplifting,Investigation complete; no suspect identified,
ed914a97ea6112401b2f542901a517f044e2e600fe376b1b472f36f3c2014692,2017-11,Warwickshire Police,Warwickshire Police,-1.536712,52.292609,On or near Supermarket,E01033253,Warwick 007H,Shoplifting,Court result unavailable,
230e376841048ae5d0796dd30c41fd0dab50e549797e392bec780a9ae7de71c0,2017-11,Warwickshire Police,Warwickshire Police,-1.533976,52.290665,On or near Further/Higher Educational Building,E01033253,Warwick 007H,Shoplifting,Investigation complete; no suspect identified,
01e4ddbf9e0e16fc77815af43698d80c6fbba2806623ae8b78b4f31fdc93ce8d,2017-11,Warwickshire Police,Warwickshire Police,-1.536394,52.290783,On or near Shopping Area,E01033253,Warwick 007H,Shoplifting,Investigation complete; no suspect identified,
6ac6b93d5ffdb49b06f42be43b5c224b862941b37cba24f0e556ee56b525e37a,2017-11,Warwickshire Police,Warwickshire Police,-1.537103,52.290255,On or near Regent Street,E01033253,Warwick 007H,Shoplifting,Investigation complete; no suspect identified,
76213f04cc504011b0e092c3d75988e926686d6b3c0d0c7da999751d0ba6b792,2017-11,Warwickshire Police,Warwickshire Police,-1.535477,52.290069,On or near Parade,E01033253,Warwick 007H,Shoplifting,Investigation complete; no suspect identified,
8a572ec3f290f7471f2c33d4898486d1c917e91b4996c40bbd572bb3bb6a9100,2017-11,Warwickshire Police,Warwickshire Police,-1.535832,52.289819,On or near Shopping Area,E01033253,Warwick 007H,Shoplifting,Investigation complete; no suspect identified,
5528b6c1880cea41c7d2e20f8897c24a3dd049d95cbbf695cd1c7194d4b955a7,2017-11,Warwickshire Police,Warwickshire Police,-1.535736,52.291967,On or near Warwick Street,E01033253,Warwick 007H,Shoplifting,Offender sent to prison,
5f06c85c730ff8321e9ab0bb979a8e121ded7f7554d5016c0e347f98e207dd87,2017-11,Warwickshire Police,Warwickshire Police,-1.536712,52.292609,On or near Supermarket,E01033253,Warwick 007H,Shoplifting,Formal action is not in the public interest,
2c4a12d1ae95d15dc0e4f71c2b477bf96133d52d55e2bb5b51aaee68eb47a699,2017-11,Warwickshire Police,Warwickshire Police,-1.536712,52.292609,On or near Supermarket,E01033253,Warwick 007H,Shoplifting,Investigation complete; no suspect identified,
47efc23dec0c81fb3955edc0cc2fc8f14b1fb82cce4e54b02cabefeddccf7492,2017-11,Warwickshire Police,Warwickshire Police,-1.534759,52.292862,On or near Guy Street,E01033253,Warwick 007H,Shoplifting,Offender sent to prison,
c7fc9283f694abb36d3b92b247277d2189fa8b8003d5fed9648ae3e70e40a7f6,2017-11,Warwickshire Police,Warwickshire Police,-1.535877,52.288299,On or near Bedford Place,E01033253,Warwick 007H,Shoplifting,Offender sent to prison,
9dc88f24a8d29c17eb187455d254a16d0c1c6b41670f9d4dabc87bcfb6bc1f3c,2017-11,Warwickshire Police,Warwickshire Police,-1.535736,52.291967,On or near Warwick Street,E01033253,Warwick 007H,Shoplifting,Investigation complete; no suspect identified,
780bb71fd75b5bc07f30c7b96c32aa28b393d9b6c48fe43ca4fb3ff0ecb4db08,2017-11,Warwickshire Police,Warwickshire Police,-1.535877,52.288299,On or near Bedford Place,E01033253,Warwick 007H,Shoplifting,Status update unavailable,
855de1c6deb3483b709d232a7b75e8da164c85e840e54ba942ad4e38d29bf7d1,2017-11,Warwickshire Police,Warwickshire Police,-1.536712,52.292609,On or near Supermarket,E01033253,Warwick 007H,Shoplifting,Unable to prosecute suspect,
962739bbe9db3f9defb8466183da877c98b11c8464ddc3b6bee6381dd1a58b65,2017-11,Warwickshire Police,Warwickshire Police,-1.535736,52.291967,On or near Warwick Street,E01033253,Warwick 007H,Shoplifting,Investigation complete; no suspect identified,
bf6da1a00d78b67c7ac3f57d56e78fa870ae0c6c42388f2689d47e3e9ea9b02f,2017-11,Warwickshire Police,Warwickshire Police,-1.536712,52.292609,On or near Supermarket,E01033253,Warwick 007H,Theft from the person,Investigation complete; no suspect identified,
e037f177b2e5fe4e89147fcf163fe5e44766064db884d31ce5b5da69c2c84a6c,2017-11,Warwickshire Police,Warwickshire Police,-1.536853,52.293131,On or near Nightclub,E01033253,Warwick 007H,Theft from the person,Investigation complete; no suspect identified,
ee5dd535784efc2a2a40cf80570d161a26d5cc34fcc829bcfc907fb6cba1d6a8,2017-11,Warwickshire Police,Warwickshire Police,-1.534248,52.291278,On or near Shopping Area,E01033253,Warwick 007H,Theft from the person,Investigation complete; no suspect identified,
250a0ab5843b2aac6d14f7934b24901d7aa90201829a283479bfbaeed8ce8693,2017-11,Warwickshire Police,Warwickshire Police,-1.536712,52.292609,On or near Supermarket,E01033253,Warwick 007H,Theft from the person,Unable to prosecute suspect,
a6091cb7801727eb338ed16dbc6c7cccfb5cc5d313c5e768f1f695ccb184b272,2017-11,Warwickshire Police,Warwickshire Police,-1.534759,52.292862,On or near Guy Street,E01033253,Warwick 007H,Theft from the person,Investigation complete; no suspect identified,
bc2a48648231f9e2757f517089ad593491d52a6f292c2f11226f8901f0f9f205,2017-11,Warwickshire Police,Warwickshire Police,-1.537444,52.291245,On or near Windsor Place,E01033253,Warwick 007H,Theft from the person,Defendant found not guilty,
f9156ec18c677326e9e90b687b48245f7463bc9c5e3719fb78093bfefd75f80b,2017-11,Warwickshire Police,Warwickshire Police,-1.536505,52.289974,On or near Bedford Street,E01033253,Warwick 007H,Theft from the person,Unable to prosecute suspect,
c439b830eb8cc140539d3ba5b3d7d241682cc8ff8c7453f9d81d7b05586896e4,2017-11,Warwickshire Police,Warwickshire Police,-1.535736,52.291967,On or near Warwick Street,E01033253,Warwick 007H,Theft from the person,Status update unavailable,
74d4258e98d5dfd0d665e818679954e9a3ee6245043d28e8617209bb1de3ab66,2017-11,Warwickshire Police,Warwickshire Police,-1.536853,52.293131,On or near Nightclub,E01033253,Warwick 007H,Theft from the person,Investigation complete; no suspect identified,
8e14e0cd039d907c060b5797b8053cfb41c7a8d4ed7ae20b8b63fb6d43829a70,2017-11,Warwickshire Police,Warwickshire Police,-1.535616,52.293648,On or near Clarendon Avenue,E01033253,Warwick 007H,Violence and sexual offences,Court result unavailable,
f2609b2baa8b0082a235b9a3cee0cc3db6aae71140d4b43118b00cfd758d8253,2017-11,Warwickshire Police,Warwickshire Police,-1.537444,52.291245,On or near Windsor Place,E01033253,Warwick 007H,Violence and sexual offences,Unable to prosecute suspect,
f551ff892a333c37edc2d6ca90ed855df5433e2fb24eda2b21684244cbc89187,2017-11,Warwickshire Police,Warwickshire Police,-1.536853,52.293131,On or near Nightclub,E01033253,Warwick 007H,Violence and sexual offences,Investigation complete; no suspect identified,
08b27994f6ee7141500324380386dc797d21a629e3a4076f8db717efeb782106,2017-11,Warwickshire Police,Warwickshire Police,-1.536853,52.293131,On or near Nightclub,E01033253,Warwick 007H,Violence and sexual offences,Status update unavailable,
26b666aa9e7d8b058c7b4a2610dfe278a9505ea772d2e4cd1a4d735b504e51b8,2017-11,Warwickshire Police,Warwickshire Police,-1.535736,52.291967,On or near Warwick Street,E01033253,Warwick 007H,Violence and sexual offences,Offender ordered to pay compensation,
a6d46bab2c50cc4523a1a2b9f826e913e3547fc4c44ac9fd447af1677a16e794,2017-11,Warwickshire Police,Warwickshire Police,-1.535736,52.291967,On or near Warwick Street,E01033253,Warwick 007H,Violence and sexual offences,Status update unavailable,
b227f4ea6b026bb5ea878ab12e1b5e8385d6a2b91801e6ea2229c775e2c5fd63,2017-11,Warwickshire Police,Warwickshire Police,-1.536853,52.293131,On or near Nightclub,E01033253,Warwick 007H,Violence and sexual offences,Awaiting court outcome,
cfebb83ab2aa69f2ae20c99506049aaefccaf101db786664ad9373ae944972c6,2017-11,Warwickshire Police,Warwickshire Police,-1.536712,52.292609,On or near Supermarket,E01033253,Warwick 007H,Violence and sexual offences,Offender given a caution,
d9456c0c5985a1b0f6466b7f2d2c1df10d1eac49471cc4f46b9511b26d3ca354,2017-11,Warwickshire Police,Warwickshire Police,-1.536853,52.293131,On or near Nightclub,E01033253,Warwick 007H,Violence and sexual offences,Unable to prosecute suspect,
f5619da323d58e03b817b24052e6568c84049ee48eb52081974a7495fa9a61e8,2017-11,Warwickshire Police,Warwickshire Police,-1.536853,52.293131,On or near Nightclub,E01033253,Warwick 007H,Violence and sexual offences,Defendant found not guilty,
43c09aa53b23a5a087ff51616a36a207336250b4866a073f6137ae9ce8375397,2017-11,Warwickshire Police,Warwickshire Police,-1.536853,52.293131,On or near Nightclub,E01033253,Warwick 007H,Violence and sexual offences,Status update unavailable,
ce925d75c579b9de5c3726a1659ef3cce85a934c147e15d5b52043fde527555e,2017-11,Warwickshire Police,Warwickshire Police,-1.536853,52.293131,On or near Nightclub,E01033253,Warwick 007H,Violence and sexual offences,Investigation complete; no suspect identified,
b114352041ef20baf73cc9aed2b37186ae09eef89aae366cc11ea7788b698faf,2017-11,Warwickshire Police,Warwickshire Police,-1.537444,52.291245,On or near Windsor Place,E01033253,Warwick 007H,Violence and sexual offences,Status update unavailable,
f8a752c76725aa3cdcc440da95ef1da39b882de7099aeb1ca022e2a799202878,2017-11,Warwickshire Police,Warwickshire Police,-1.534471,52.288150,On or near Euston Place,E01033253,Warwick 007H,Violence and sexual offences,Status update unavailable,
a56de1ff2550df0424e55831a9d20220d710af3dedbcb3ffa3040b2084de8cb3,2017-11,Warwickshire Police,Warwickshire Police,-1.537444,52.291245,On or near Windsor Place,E01033253,Warwick 007H,Violence and sexual offences,Defendant found not guilty,
489b6e679eb7ec4ea56a5d8cf0c25c011cbca5a42abb539d79a038a350c33411,2017-11,Warwickshire Police,Warwickshire Police,-1.537103,52.290255,On or near Regent Street,E01033253,Warwick 007H,Violence and sexual offences,Status update unavailable,
6a99af3d276d8d1e9e5b4ce5cce35d0ac2d34290f6d207ec67979dd0bd34de95,2017-11,Warwickshire Police,Warwickshire Police,-1.537444,52.291245,On or near Windsor Place,E01033253,Warwick 007H,Violence and sexual offences,Unable to prosecute suspect,
ef9abdea9593a02057daaf1d9e8f526a108076d9984d0bdd64ab020939ae874a,2017-11,Warwickshire Police,Warwickshire Police,-1.536712,52.292609,On or near Supermarket,E01033253,Warwick 007H,Violence and sexual offences,Offender given a caution,
ea5b808c63a8b5cd08e6e09aee3e46da450a92ae58d4d9a65286943b7a02f1b2,2017-11,Warwickshire Police,Warwickshire Police,-1.537242,52.293753,On or near Petrol Station,E01033253,Warwick 007H,Violence and sexual offences,Formal action is not in the public interest,
8f9c28c7f5de6a3c73cfc21613739e541e51a0f013da8ca08a2ef4691ed00028,2017-11,Warwickshire Police,Warwickshire Police,-1.536853,52.293131,On or near Nightclub,E01033253,Warwick 007H,Violence and sexual offences,Status update unavailable,
290f47bbab8f97e993139022a38a065dc3e4c50ea4746ee87f9d5373eca63f7d,2017-11,Warwickshire Police,Warwickshire Police,-1.535877,52.288299,On or near Bedford Place,E01033253,Warwick 007H,Violence and sexual offences,Status update unavailable,
c2af00e5cfe2d39dd9056259ccde225aeb76a29693cf7f9914ac8400be8a41f2,2017-11,Warwickshire Police,Warwickshire Police,-1.535787,52.295500,On or near Trinity Street,E01033253,Warwick 007H,Violence and sexual offences,Court result unavailable,
0ea054110cd3c09f008fd63ccb3b7e20d4336e088baf82f6d99c6d41f34b2b22,2017-11,Warwickshire Police,Warwickshire Police,-1.536853,52.293131,On or near Nightclub,E01033253,Warwick 007H,Violence and sexual offences,Investigation complete; no suspect identified,
2d2c244f63b2f6953e743babc39f29d4ce8d8823d68ec0e7df26fda0bf325304,2017-11,Warwickshire Police,Warwickshire Police,-1.536712,52.292609,On or near Supermarket,E01033253,Warwick 007H,Violence and sexual offences,Investigation complete; no suspect identified,
,2017-11,Warwickshire Police,Warwickshire Police,-1.537840,52.292712,On or near Parking Area,E01033256,Warwick 007I,Anti-social behaviour,,
,2017-11,Warwickshire Police,Warwickshire Police,-1.538221,52.292660,On or near Russell Street,E01033256,Warwick 007I,Anti-social behaviour,,
,2017-11,Warwickshire Police,Warwickshire Police,-1.537840,52.292712,On or near Parking Area,E01033256,Warwick 007I,Anti-social behaviour,,
,2017-11,Warwickshire Police,Warwickshire Police,-1.537840,52.292712,On or near Parking Area,E01033256,Warwick 007I,Anti-social behaviour,,
,2017-11,Warwickshire Police,Warwickshire Police,-1.537840,52.292712,On or near Parking Area,E01033256,Warwick 007I,Anti-social behaviour,,
,2017-11,Warwickshire Police,Warwickshire Police,-1.537840,52.292712,On or near Parking Area,E01033256,Warwick 007I,Anti-social behaviour,,
,2017-11,Warwickshire Police,Warwickshire Police,-1.537840,52.292712,On or near Parking Area,E01033256,Warwick 007I,Anti-social behaviour,,
,2017-11,Warwickshire Police,Warwickshire Police,-1.536258,52.291106,On or near Shopping Area,E01033256,Warwick 007I,Anti-social behaviour,,
,2017-11,Warwickshire Police,Warwickshire Police,-1.537840,52.292712,On or near Parking Area,E01033256,Warwick 007I,Anti-social behaviour,,
,2017-11,Warwickshire Police,Warwickshire Police,-1.537840,52.292712,On or near Parking Area,E01033256,Warwick 007I,Anti-social behaviour,,
,2017-11,Warwickshire Police,Warwickshire Police,-1.533722,52.292525,On or near Oxford Row,E01033256,Warwick 007I,Anti-social behaviour,,
,2017-11,Warwickshire Police,Warwickshire Police,-1.537840,52.292712,On or near Parking Area,E01033256,Warwick 007I,Anti-social behaviour,,
ba002789a75d7b12debea267476cad8d48ae2be99971c8cb6a43f0c7e8f15e36,2017-11,Warwickshire Police,Warwickshire Police,-1.538801,52.289129,On or near Portland Place East,E01033256,Warwick 007I,Burglary,Unable to prosecute suspect,
73f7b91e22603777e039a3a62c3d5e92b5fb08a54ca5b93ee34013e1979e0e7f,2017-11,Warwickshire Police,Warwickshire Police,-1.538221,52.292660,On or near Russell Street,E01033256,Warwick 007I,Criminal damage and arson,Local resolution,
60ba0c0302eeb91d60889a8774fe5199915d8202c59b7487292fd3991707bebe,2017-11,Warwickshire Police,Warwickshire Police,-1.535663,52.296174,On or near Binswood Avenue,E01033256,Warwick 007I,Criminal damage and arson,Investigation complete; no suspect identified,
0b419ae37efd5d11b485fbd0cbdae16be675e3e691d8ccebfe46d52dbfd304b3,2017-11,Warwickshire Police,Warwickshire Police,-1.533722,52.292525,On or near Oxford Row,E01033256,Warwick 007I,Criminal damage and arson,Status update unavailable,
3b6069f47dd9122e8892c3734657610c4c8c50210f8afcb2a20878d9bbfdd6e1,2017-11,Warwickshire Police,Warwickshire Police,-1.538801,52.289129,On or near Portland Place East,E01033256,Warwick 007I,Drugs,Offender deprived of property,
a27bb73afe0c7ec5aead7e2466ea955e7ee5a8c152efe214587164cc88a36155,2017-11,Warwickshire Police,Warwickshire Police,-1.533722,52.292525,On or near Oxford Row,E01033256,Warwick 007I,Other theft,Investigation complete; no suspect identified,
99167d90b35d01d03e324184d1f6fc5599565ff57bd8e817df39cc8ce228add8,2017-11,Warwickshire Police,Warwickshire Police,-1.538801,52.289129,On or near Portland Place East,E01033256,Warwick 007I,Possession of weapons,Court result unavailable,
8b17bb4677c31949aa96629c526e2f034e64f9198b25fa473510317cf6a45669,2017-11,Warwickshire Police,Warwickshire Police,-1.533722,52.292525,On or near Oxford Row,E01033256,Warwick 007I,Shoplifting,Court case unable to proceed,
0d5191dda89d61a9bd14e9e111ac4a4ca4df23a4634f09a1409b3a42b51b5541,2017-11,Warwickshire Police,Warwickshire Police,-1.533722,52.292525,On or near Oxford Row,E01033256,Warwick 007I,Shoplifting,Offender given suspended prison sentence,
e806a52fffa05a51c0f354e9dda00d761f765edea26b6c8a0c207e3b83ee9aef,2017-11,Warwickshire Police,Warwickshire Police,-1.533722,52.292525,On or near Oxford Row,E01033256,Warwick 007I,Violence and sexual offences,Awaiting court outcome,
4bddb7262bc80e2380054809e6147ac4ce16fe52b343f349bf8d23bcb2e1ab13,2017-11,Warwickshire Police,Warwickshire Police,-1.538221,52.292660,On or near Russell Street,E01033256,Warwick 007I,Violence and sexual offences,Unable to prosecute suspect,
308f1ce44d550e404a574b8a2e93cfc8e7ab98c96ff5e6a7fca96acf524bdf9d,2017-11,Warwickshire Police,Warwickshire Police,-1.538801,52.289129,On or near Portland Place East,E01033256,Warwick 007I,Violence and sexual offences,Status update unavailable,
2ef5d3957c64d87491ead363a7f7b5da8b73172bf8a370a34c135a4a6843266f,2017-11,Warwickshire Police,Warwickshire Police,-1.538801,52.289129,On or near Portland Place East,E01033256,Warwick 007I,Violence and sexual offences,Offender sent to prison,
a301439eaec23e057355dd7e3090d22a0d68eab92750caad31738899661dd8d3,2017-11,Warwickshire Police,Warwickshire Police,-1.538221,52.292660,On or near Russell Street,E01033256,Warwick 007I,Violence and sexual offences,Investigation complete; no suspect identified,
d5d682274938b09fab1749859ec92b2500525dcfa1d91fe21e88f216be3df09b,2017-11,Warwickshire Police,Warwickshire Police,-1.533722,52.292525,On or near Oxford Row,E01033256,Warwick 007I,Violence and sexual offences,Formal action is not in the public interest,
a2eae2aa19a901a1a5f89809e1caaa95132a8103f5fdac817ab7a467d85d42ca,2017-11,Warwickshire Police,Warwickshire Police,-1.538221,52.292660,On or near Russell Street,E01033256,Warwick 007I,Violence and sexual offences,Status update unavailable,
,2017-11,Warwickshire Police,Warwickshire Police,-1.567242,52.292158,On or near Greville Road,E01031309,Warwick 008A,Anti-social behaviour,,
,2017-11,Warwickshire Police,Warwickshire Police,-1.566186,52.292271,On or near Beech Grove,E01031309,Warwick 008A,Anti-social behaviour,,
,2017-11,Warwickshire Police,Warwickshire Police,-1.563829,52.288900,On or near Hill Street,E01031309,Warwick 008A,Anti-social behaviour,,
,2017-11,Warwickshire Police,Warwickshire Police,-1.560305,52.290946,On or near Sir Anthony Eden Way,E01031309,Warwick 008A,Anti-social behaviour,,
d43f7dcb2f64d2f78dde2d6b4590414aa529bf57dec755a74b3d7776dc826616,2017-11,Warwickshire Police,Warwickshire Police,-1.565448,52.288259,On or near Austin Edwards Drive,E01031309,Warwick 008A,Burglary,Investigation complete; no suspect identified,
243f6d2719a3238b5efe4682cffd2f30eb517071066a07213bdcdd854f91130e,2017-11,Warwickshire Police,Warwickshire Police,-1.565448,52.288259,On or near Austin Edwards Drive,E01031309,Warwick 008A,Burglary,Investigation complete; no suspect identified,
f3bbc938053c5dcd6042007617b794fba9c24268957aa9bf9a09a3eb56e3de51,2017-11,Warwickshire Police,Warwickshire Police,-1.565597,52.287990,On or near Whittington Close,E01031309,Warwick 008A,Burglary,Investigation complete; no suspect identified,
f3b51b98d3374865f18304d54f5c12db00147984101848ea726019fb95a64ec9,2017-11,Warwickshire Police,Warwickshire Police,-1.564563,52.290252,On or near Beauchamp Road,E01031309,Warwick 008A,Violence and sexual offences,Unable to prosecute suspect,
df7eeb39001ef45e01f4c645e7a42936fceca5e007ec5086ad38de52121a6359,2017-11,Warwickshire Police,Warwickshire Police,-1.564624,52.288535,On or near Humphris Street,E01031309,Warwick 008A,Violence and sexual offences,Status update unavailable,
687eeb548fa7c301f8dc5a09a576fa5d944a9f565c5cc79abe68b11e538a14e8,2017-11,Warwickshire Police,Warwickshire Police,-1.564563,52.290252,On or near Beauchamp Road,E01031309,Warwick 008A,Violence and sexual offences,Status update unavailable,
d29c25816a8c6261a850e069645c8a9ba5a44f2ea8eb668a5493606fdbf2a43e,2017-11,Warwickshire Police,Warwickshire Police,-1.566186,52.292271,On or near Beech Grove,E01031309,Warwick 008A,Violence and sexual offences,Status update unavailable,
,2017-11,Warwickshire Police,Warwickshire Police,-1.578143,52.292980,On or near Phillippes Road,E01031310,Warwick 008B,Anti-social behaviour,,
,2017-11,Warwickshire Police,Warwickshire Police,-1.578143,52.292980,On or near Phillippes Road,E01031310,Warwick 008B,Anti-social behaviour,,
980dc47a6c7f98aab53e316c8eac2d16a287347cff45a0db7f91910cebc78e7b,2017-11,Warwickshire Police,Warwickshire Police,-1.574241,52.293218,On or near Cedar Grove,E01031310,Warwick 008B,Burglary,Investigation complete; no suspect identified,
b27ef2bb7edf848d55275c32e95479e853f51ae438375e34c426b843b38555eb,2017-11,Warwickshire Police,Warwickshire Police,-1.583974,52.293468,On or near Hebden Avenue,E01031310,Warwick 008B,Criminal damage and arson,Investigation complete; no suspect identified,
838d84efc4f406ef2a8ed3950d0f0022062c7c039e7d36a3f9088ac800def1e7,2017-11,Warwickshire Police,Warwickshire Police,-1.583974,52.293468,On or near Hebden Avenue,E01031310,Warwick 008B,Criminal damage and arson,Investigation complete; no suspect identified,
23bdba096602e9a1ab1dced53a1b8b8a1be61d394f4be1c9a8c4d9060d693e9a,2017-11,Warwickshire Police,Warwickshire Police,-1.578143,52.292980,On or near Phillippes Road,E01031310,Warwick 008B,Other theft,Investigation complete; no suspect identified,
81dfc75226eb4a2a0c6161dfd79e3b24013deaaabf9caa3b25c23afecf01880b,2017-11,Warwickshire Police,Warwickshire Police,-1.578143,52.292980,On or near Phillippes Road,E01031310,Warwick 008B,Other theft,Investigation complete; no suspect identified,
642c38222b3c84c05797e386aa77614878c38610209764bf4cc59c00a674919d,2017-11,Warwickshire Police,Warwickshire Police,-1.579891,52.292644,On or near Edmondes Close,E01031310,Warwick 008B,Public order,Status update unavailable,
550134dedb2122423906630af27bc2553ea3255c8a0a2e086f5506b9e1412fa2,2017-11,Warwickshire Police,Warwickshire Police,-1.583974,52.293468,On or near Hebden Avenue,E01031310,Warwick 008B,Vehicle crime,Investigation complete; no suspect identified,
b7342b18f0ccbd9bef1983603b2934fef8166a67620f7a4f2b22acd4e79d1880,2017-11,Warwickshire Police,Warwickshire Police,-1.583974,52.293468,On or near Hebden Avenue,E01031310,Warwick 008B,Vehicle crime,Investigation complete; no suspect identified,
f921408f0a6b194a88d9f533fc9d81c342c4bd03a58971509802abaffba1232b,2017-11,Warwickshire Police,Warwickshire Police,-1.585987,52.294536,On or near Reardon Court,E01031310,Warwick 008B,Vehicle crime,Investigation complete; no suspect identified,
25986a102647c8b609015f815ba74e4fd3ffcc2281b32e3abc68cd6c73fe055b,2017-11,Warwickshire Police,Warwickshire Police,-1.570305,52.290857,On or near George Road,E01031310,Warwick 008B,Violence and sexual offences,Local resolution,
7e08040bc1fd039d210cf689c1a2f2244dddce6f994408083b056172ffaca1e5,2017-11,Warwickshire Police,Warwickshire Police,-1.579891,52.292644,On or near Edmondes Close,E01031310,Warwick 008B,Violence and sexual offences,Offender sent to prison,
05ab84a72f13df86e8a0038b4d2a97ea529138eacf9c2f456999542b93351e80,2017-11,Warwickshire Police,Warwickshire Police,-1.573444,52.290653,On or near Montague Road,E01031310,Warwick 008B,Other crime,Status update unavailable,
,2017-11,Warwickshire Police,Warwickshire Police,-1.570354,52.293338,On or near Maple Grove,E01031311,Warwick 008C,Anti-social behaviour,,
,2017-11,Warwickshire Police,Warwickshire Police,-1.569152,52.288812,On or near Charles Street,E01031311,Warwick 008C,Anti-social behaviour,,
d2f26303db8a91e78bee40b5c0240ed9c3ca3d7047449e0f67a2de0cce3f3157,2017-11,Warwickshire Police,Warwickshire Police,-1.569445,52.293380,On or near The Chantry,E01031311,Warwick 008C,Burglary,Investigation complete; no suspect identified,
590553325fea44977161da3f0b867eadc3699c43c0a90a1e13181561039284ed,2017-11,Warwickshire Police,Warwickshire Police,-1.569445,52.293380,On or near The Chantry,E01031311,Warwick 008C,Burglary,Investigation complete; no suspect identified,
0cefbe498e188c03a7c1309a56c52592017ea85b591a792538fa9f8bc8bb7105,2017-11,Warwickshire Police,Warwickshire Police,-1.569152,52.288812,On or near Charles Street,E01031311,Warwick 008C,Other theft,Status update unavailable,
81ab7ebc0848e2a5710793a75e097f0dd6566bdf7b69c6193686acfd82cbefb7,2017-11,Warwickshire Police,Warwickshire Police,-1.569152,52.288812,On or near Charles Street,E01031311,Warwick 008C,Vehicle crime,Investigation complete; no suspect identified,
10ae7bed5fbe9fef0dd7ab1945a6b617d8df6a5d742d14aa7d80d2857937d4b1,2017-11,Warwickshire Police,Warwickshire Police,-1.569445,52.293380,On or near The Chantry,E01031311,Warwick 008C,Violence and sexual offences,Status update unavailable,
,2017-11,Warwickshire Police,Warwickshire Police,-1.594364,52.295626,On or near Warner Close,E01031312,Warwick 008D,Anti-social behaviour,,
,2017-11,Warwickshire Police,Warwickshire Police,-1.592723,52.293930,On or near Handley Grove,E01031312,Warwick 008D,Anti-social behaviour,,
,2017-11,Warwickshire Police,Warwickshire Police,-1.593457,52.293897,On or near Harmar Close,E01031312,Warwick 008D,Anti-social behaviour,,
,2017-11,Warwickshire Police,Warwickshire Police,-1.583796,52.292155,On or near Kildwick Way,E01031312,Warwick 008D,Anti-social behaviour,,
694ef4e4fc8bfb14b9ecf8acc7bd8a3040b0c3f73711ddea37b41af7c427f0df,2017-11,Warwickshire Police,Warwickshire Police,-1.593457,52.293897,On or near Harmar Close,E01031312,Warwick 008D,Burglary,Investigation complete; no suspect identified,
9bbf852f657c490b5fe143af214db7ad34130f6d5a0efd094a9dbb1715fad66d,2017-11,Warwickshire Police,Warwickshire Police,-1.590762,52.293573,On or near Lacell Close,E01031312,Warwick 008D,Criminal damage and arson,Unable to prosecute suspect,
5d00fe6d094902ea219e55cb0993825fdee0132b6bb689e98eefddc597dbd664,2017-11,Warwickshire Police,Warwickshire Police,-1.593457,52.293897,On or near Harmar Close,E01031312,Warwick 008D,Other theft,Status update unavailable,
b765bfedc088dec6d3df037cdf3c6f8b4b8d028da1bb68d62a76d12a019c3b2c,2017-11,Warwickshire Police,Warwickshire Police,-1.597087,52.292974,On or near Welton Road,E01031312,Warwick 008D,Other theft,Investigation complete; no suspect identified,
e63fafcc8d1e12836072c51fb4d9d94b5ba28fa8e164779c83d3791bb68f6210,2017-11,Warwickshire Police,Warwickshire Police,-1.590762,52.293573,On or near Lacell Close,E01031312,Warwick 008D,Other crime,Status update unavailable,
,2017-11,Warwickshire Police,Warwickshire Police,-1.590465,52.295541,On or near Barnack Drive,E01031313,Warwick 008E,Anti-social behaviour,,
ac422170ea822bc866e2d63b05b26b58028525d3d44c3fccc3ffea6a2a66b512,2017-11,Warwickshire Police,Warwickshire Police,-1.592181,52.295493,On or near Crane Close,E01031313,Warwick 008E,Burglary,Investigation complete; no suspect identified,
9e812b698a5e115a25d4fab7a15fdb960253e1f19145a09e0ee57a0f8e82e71b,2017-11,Warwickshire Police,Warwickshire Police,-1.589588,52.295223,On or near Lowes Avenue,E01031313,Warwick 008E,Other theft,Investigation complete; no suspect identified,
866e04e4df16e27cac3e71daad60e9f8e52a49e0732cd292462f5b442bc44a3c,2017-11,Warwickshire Police,Warwickshire Police,-1.584669,52.299134,On or near Eliot Close,E01031313,Warwick 008E,Vehicle crime,Status update unavailable,
,2017-11,Warwickshire Police,Warwickshire Police,-1.584936,52.294101,On or near Austwick Close,E01031314,Warwick 008F,Anti-social behaviour,,
,2017-11,Warwickshire Police,Warwickshire Police,-1.584662,52.293587,On or near Addingham Close,E01031314,Warwick 008F,Anti-social behaviour,,
dfe20ccb4cc16c3376aa99ae0c18ca9cf6d562e1389a3e674933936e16a7dcff,2017-11,Warwickshire Police,Warwickshire Police,-1.583482,52.294365,On or near Newsholme Close,E01031314,Warwick 008F,Burglary,Investigation complete; no suspect identified,
2567f10098fb6c080c4530b84a05e3a4926fbc69f5bfde092fa8a710bd362571,2017-11,Warwickshire Police,Warwickshire Police,-1.579913,52.296537,On or near Hind Close,E01031314,Warwick 008F,Vehicle crime,Investigation complete; no suspect identified,
ad454f87780f3e226dc70231cb3cf25185303c458e758fcb4d41be3604b4c6ca,2017-11,Warwickshire Police,Warwickshire Police,-1.577558,52.295945,On or near Dennett Close,E01031314,Warwick 008F,Violence and sexual offences,Unable to prosecute suspect,
42bd31784f9733adcf9b3af78bd79e7d508b62083ff8ed8de6319caa776c1968,2017-11,Warwickshire Police,Warwickshire Police,-1.584936,52.294101,On or near Austwick Close,E01031314,Warwick 008F,Violence and sexual offences,Court result unavailable,
72afd4e5b9807af326937dc6016461ab79fe234482d0a1638c82e05bfd0fe43f,2017-11,Warwickshire Police,Warwickshire Police,-1.584936,52.294101,On or near Austwick Close,E01031314,Warwick 008F,Violence and sexual offences,Status update unavailable,
,2017-11,Warwickshire Police,Warwickshire Police,-1.548596,52.291828,On or near Gunnery Terrace,E01031290,Warwick 009A,Anti-social behaviour,,
928beb9e14b9bd3c7262d08cf1f1280c17362b9584fca477875f6357e6cc1c60,2017-11,Warwickshire Police,Warwickshire Police,-1.549942,52.292130,On or near Cornwall Place,E01031290,Warwick 009A,Burglary,Investigation complete; no suspect identified,
9e8df3c1fd375c838b2c197adfd16cbeaf7a04ac6d234c2e4218af58617dc1fb,2017-11,Warwickshire Police,Warwickshire Police,-1.548615,52.291378,On or near Cross Road,E01031290,Warwick 009A,Burglary,Investigation complete; no suspect identified,
162cb8cfbdf9b2cf27c2b96432277348f81b89c8eb0f5eb64215985938a51f6c,2017-11,Warwickshire Police,Warwickshire Police,-1.543423,52.290172,On or near Church Hill,E01031290,Warwick 009A,Other theft,Investigation complete; no suspect identified,
ab6d0a12fa823df0a317c8d1900cce7576e0975e743158d5f5f40a490f09ea2f,2017-11,Warwickshire Police,Warwickshire Police,-1.547613,52.293290,On or near Petrol Station,E01031290,Warwick 009A,Other theft,Status update unavailable,
4d3cbc2dac7e43aae2a278703ebf52cd49e5a53e8fe8f2f62a936f7659d12f92,2017-11,Warwickshire Police,Warwickshire Police,-1.547613,52.293290,On or near Petrol Station,E01031290,Warwick 009A,Shoplifting,Offender sent to prison,
e038f7ff5a37f1bf394b10668cd080705354ec9720f9ed6961abba8f973c156d,2017-11,Warwickshire Police,Warwickshire Police,-1.547613,52.293290,On or near Petrol Station,E01031290,Warwick 009A,Shoplifting,Court result unavailable,
e46752dd46270dfc079323fdaeb9178970118ac7cec029bd99d7f9c74e0d9bf4,2017-11,Warwickshire Police,Warwickshire Police,-1.547613,52.293290,On or near Petrol Station,E01031290,Warwick 009A,Shoplifting,Investigation complete; no suspect identified,
6ffbf20fd5d1264e5dc7225a6e19b4337ec75bf04477f18eac6c06724026f01d,2017-11,Warwickshire Police,Warwickshire Police,-1.547613,52.293290,On or near Petrol Station,E01031290,Warwick 009A,Shoplifting,Court result unavailable,
8b769033f7af857109efdc553f46f008213200e06fde7e0bb836e295a19305a3,2017-11,Warwickshire Police,Warwickshire Police,-1.548599,52.291477,On or near Theatre/Concert Hall,E01031290,Warwick 009A,Violence and sexual offences,Investigation complete; no suspect identified,
,2017-11,Warwickshire Police,Warwickshire Police,-1.534241,52.286351,On or near Theatre/Concert Hall,E01031291,Warwick 009B,Anti-social behaviour,,
,2017-11,Warwickshire Police,Warwickshire Police,-1.535576,52.284801,On or near Pedestrian Subway,E01031291,Warwick 009B,Anti-social behaviour,,
,2017-11,Warwickshire Police,Warwickshire Police,-1.533643,52.286025,On or near Spencer Yard,E01031291,Warwick 009B,Anti-social behaviour,,
,2017-11,Warwickshire Police,Warwickshire Police,-1.533643,52.286025,On or near Spencer Yard,E01031291,Warwick 009B,Anti-social behaviour,,
,2017-11,Warwickshire Police,Warwickshire Police,-1.532701,52.284969,On or near Bath Street,E01031291,Warwick 009B,Anti-social behaviour,,
,2017-11,Warwickshire Police,Warwickshire Police,-1.533643,52.286025,On or near Spencer Yard,E01031291,Warwick 009B,Anti-social behaviour,,
,2017-11,Warwickshire Police,Warwickshire Police,-1.541221,52.286198,On or near Avenue Road,E01031291,Warwick 009B,Anti-social behaviour,,
,2017-11,Warwickshire Police,Warwickshire Police,-1.533925,52.285666,On or near Spencer Street,E01031291,Warwick 009B,Anti-social behaviour,,
,2017-11,Warwickshire Police,Warwickshire Police,-1.541057,52.290648,On or near Grove Street,E01031291,Warwick 009B,Anti-social behaviour,,
,2017-11,Warwickshire Police,Warwickshire Police,-1.534046,52.285361,On or near Nightclub,E01031291,Warwick 009B,Anti-social behaviour,,
,2017-11,Warwickshire Police,Warwickshire Police,-1.535576,52.284801,On or near Pedestrian Subway,E01031291,Warwick 009B,Anti-social behaviour,,
,2017-11,Warwickshire Police,Warwickshire Police,-1.534241,52.286351,On or near Theatre/Concert Hall,E01031291,Warwick 009B,Anti-social behaviour,,
5f7431cb684bf77a4d25faf4ca0de985fac0a101553b7897ea193addc316ce39,2017-11,Warwickshire Police,Warwickshire Police,-1.534241,52.286351,On or near Theatre/Concert Hall,E01031291,Warwick 009B,Bicycle theft,Investigation complete; no suspect identified,
819a7571ff7906c11635d9cd3f88931318ac4eb3f054cf199541f4b7a0f30334,2017-11,Warwickshire Police,Warwickshire Police,-1.534241,52.286351,On or near Theatre/Concert Hall,E01031291,Warwick 009B,Criminal damage and arson,Investigation complete; no suspect identified,
7b1333f84edf642bf122ba1f73881f5cba987b10748834b426ecbce434c09163,2017-11,Warwickshire Police,Warwickshire Police,-1.534241,52.286351,On or near Theatre/Concert Hall,E01031291,Warwick 009B,Criminal damage and arson,Investigation complete; no suspect identified,
80b059008e0e787857e2c7c416ff8a84a2a4a51bac8373404d0212e329ef3bae,2017-11,Warwickshire Police,Warwickshire Police,-1.533643,52.286025,On or near Spencer Yard,E01031291,Warwick 009B,Other theft,Unable to prosecute suspect,
2c343fa595d69415a79453e264cbe7166cd3f6454fdc0733b95d7c71a2f93129,2017-11,Warwickshire Police,Warwickshire Police,-1.534046,52.285361,On or near Nightclub,E01031291,Warwick 009B,Other theft,Investigation complete; no suspect identified,
87e4b594bd49e568170f2a6bd8e993eac5d4a15125fc7ed7ef181d72d9f8eb62,2017-11,Warwickshire Police,Warwickshire Police,-1.532910,52.284691,On or near Supermarket,E01031291,Warwick 009B,Other theft,Investigation complete; no suspect identified,
4fe141a9a8acb951cb444c69f0fba0f7ec0fc5d47ae842207327f51feda8fc8d,2017-11,Warwickshire Police,Warwickshire Police,-1.532910,52.284691,On or near Supermarket,E01031291,Warwick 009B,Public order,Investigation complete; no suspect identified,
ebd4a4f63521ce8e9d68f58a43e06b30840c45a919018e983b8b7a031c4ddce0,2017-11,Warwickshire Police,Warwickshire Police,-1.534241,52.286351,On or near Theatre/Concert Hall,E01031291,Warwick 009B,Public order,Unable to prosecute suspect,
14ec0d00b8451f5546626047095362f6ccd30b7c70d97dde14256735375bf807,2017-11,Warwickshire Police,Warwickshire Police,-1.541057,52.290648,On or near Grove Street,E01031291,Warwick 009B,Public order,Status update unavailable,
f8416126f13ebd64ca52169e9d3d739357af121a8e0ec77aef79914e363ef2b4,2017-11,Warwickshire Police,Warwickshire Police,-1.533216,52.286221,On or near Victoria Terrace,E01031291,Warwick 009B,Public order,Status update unavailable,
2a45efe3faf0fe0b640e1f2ca33fe778fa09a16b167be85cef475b955c098c65,2017-11,Warwickshire Police,Warwickshire Police,-1.532910,52.284691,On or near Supermarket,E01031291,Warwick 009B,Shoplifting,Unable to prosecute suspect,
70e9cedf469f022c95203db6878a823200a704a124a0ed15259b4281a5621bb9,2017-11,Warwickshire Police,Warwickshire Police,-1.532910,52.284691,On or near Supermarket,E01031291,Warwick 009B,Shoplifting,Status update unavailable,
e96a7a125f6cd7160ed56962d2d0a793827fb9750c80dd7223b25ab3e3a089b3,2017-11,Warwickshire Police,Warwickshire Police,-1.533169,52.285079,On or near Abbotts Street,E01031291,Warwick 009B,Shoplifting,Status update unavailable,
3497d3ca3a7c6c1b9e71d9a5e846e532d50a6edc2a2718dc986f3bf149f1c4f1,2017-11,Warwickshire Police,Warwickshire Police,-1.534241,52.286351,On or near Theatre/Concert Hall,E01031291,Warwick 009B,Theft from the person,Formal action is not in the public interest,
d9c4713406dad5870d4b5162b9bf2a97e92cd129bb9b9a71a9699f796ed10310,2017-11,Warwickshire Police,Warwickshire Police,-1.533216,52.286221,On or near Victoria Terrace,E01031291,Warwick 009B,Theft from the person,Unable to prosecute suspect,
22510b8b585588ff8b964ce3d1ea0abecc27b9af3b07753d5a204eaac0d7a209,2017-11,Warwickshire Police,Warwickshire Police,-1.533313,52.285349,On or near Smith Street,E01031291,Warwick 009B,Theft from the person,Investigation complete; no suspect identified,
1f7e916fb1d58985455f4e884f416eeacfad4439909f8f2a504979ff4cbc56e3,2017-11,Warwickshire Police,Warwickshire Police,-1.534046,52.285361,On or near Nightclub,E01031291,Warwick 009B,Violence and sexual offences,Investigation complete; no suspect identified,
13899fea347658808709f98b0fc7b86a891e966c935ecd3acbe8ae4f4c084eaf,2017-11,Warwickshire Police,Warwickshire Police,-1.534241,52.286351,On or near Theatre/Concert Hall,E01031291,Warwick 009B,Violence and sexual offences,Formal action is not in the public interest,
b84cd4798f3007df3600a819d2cf7b9efe7a45d3dc5ecdd6690643724cef065b,2017-11,Warwickshire Police,Warwickshire Police,-1.540091,52.287713,On or near Adelaide Road,E01031291,Warwick 009B,Violence and sexual offences,Status update unavailable,
61a3a6bb6178603ac97b053ac7045ec0087c61752e943937e06e4c12f012f737,2017-11,Warwickshire Police,Warwickshire Police,-1.534046,52.285361,On or near Nightclub,E01031291,Warwick 009B,Violence and sexual offences,Investigation complete; no suspect identified,
41f76390fb682eb7d14fbfb2d852f72d83108cfd59b93d21ac94c0299d433457,2017-11,Warwickshire Police,Warwickshire Police,-1.541412,52.287521,On or near Archery Road,E01031291,Warwick 009B,Violence and sexual offences,Unable to prosecute suspect,
1969a4745f2d1865adcea2d008a3d23831df5b876017441758630685ed8a22cb,2017-11,Warwickshire Police,Warwickshire Police,-1.533643,52.286025,On or near Spencer Yard,E01031291,Warwick 009B,Violence and sexual offences,Status update unavailable,
86f957e7c74ed9f48967f1dcf2354432a63bbb3f97758ca5c02cec6bb5b42e53,2017-11,Warwickshire Police,Warwickshire Police,-1.534241,52.286351,On or near Theatre/Concert Hall,E01031291,Warwick 009B,Violence and sexual offences,Formal action is not in the public interest,
3c3a374c9b6839040978f3aa16505330ca97cf37295db7a7af9c58afe3dd2a35,2017-11,Warwickshire Police,Warwickshire Police,-1.534046,52.285361,On or near Nightclub,E01031291,Warwick 009B,Violence and sexual offences,Investigation complete; no suspect identified,
678c3813ff53d6b4aa11f159384fc2c41388af916894f5ce58276740fa500c15,2017-11,Warwickshire Police,Warwickshire Police,-1.534046,52.285361,On or near Nightclub,E01031291,Warwick 009B,Violence and sexual offences,Investigation complete; no suspect identified,
0eeb142182fa9fbcd87f73fd93ceec50a274051404cf363da9b204ff8daa2061,2017-11,Warwickshire Police,Warwickshire Police,-1.541813,52.289896,On or near Somers Place,E01031291,Warwick 009B,Other crime,Status update unavailable,
35cdcc33fc5a492d8b523c57009078c7d9e2e7b2d555d90def49eaec2d40de30,2017-11,Warwickshire Police,Warwickshire Police,-1.556433,52.291066,On or near Quarry Street,E01031292,Warwick 009C,Violence and sexual offences,Status update unavailable,
,2017-11,Warwickshire Police,Warwickshire Police,-1.543222,52.289757,On or near Milverton Hill,E01031293,Warwick 009D,Anti-social behaviour,,
,2017-11,Warwickshire Police,Warwickshire Police,-1.551220,52.287540,On or near Prince'S Drive,E01031293,Warwick 009D,Anti-social behaviour,,
198de82add2da995a3e389dd58284732136049c08be64216ceeae49a7dd76cd8,2017-11,Warwickshire Police,Warwickshire Police,-1.547435,52.289234,On or near Lucas Court,E01031293,Warwick 009D,Bicycle theft,Investigation complete; no suspect identified,
556472101eda9c5bf60799a9e36b3f2e826dcf7dd1c485572416535f42e7b8ce,2017-11,Warwickshire Police,Warwickshire Police,-1.553140,52.287557,On or near Edmondscote Road,E01031293,Warwick 009D,Burglary,Investigation complete; no suspect identified,
fb1140082e6288247e580d5a32886f44b1d51b8c52476027c8026f39c05fc874,2017-11,Warwickshire Police,Warwickshire Police,-1.551220,52.287540,On or near Prince'S Drive,E01031293,Warwick 009D,Criminal damage and arson,Offender given a caution,
203e223794565d73e7579b36d03d8cd0e0e8122ed971ce5834d08dd058c3b74a,2017-11,Warwickshire Police,Warwickshire Police,-1.551220,52.287540,On or near Prince'S Drive,E01031293,Warwick 009D,Vehicle crime,Investigation complete; no suspect identified,
5485b795f93b99906620d6c66eaad71060a1d399e8ac1ae242e09dec5b22cb44,2017-11,Warwickshire Police,Warwickshire Police,-1.551307,52.290553,On or near Conway Road,E01031293,Warwick 009D,Violence and sexual offences,Status update unavailable,
5b79c536dfe1ea6630129fd03e819952b1fef05dea76c0a7d096283f7ed158a0,2017-11,Warwickshire Police,Warwickshire Police,-1.551220,52.287540,On or near Prince'S Drive,E01031293,Warwick 009D,Violence and sexual offences,Unable to prosecute suspect,
1c11039e1b95ac3777ddb3f9c746c7bfc8dcc3c3fb5e6bd6a7b9b103fc356386,2017-11,Warwickshire Police,Warwickshire Police,-1.551307,52.290553,On or near Conway Road,E01031293,Warwick 009D,Violence and sexual offences,Status update unavailable,
10fc7c1bc825447377b08c63fa0be7b096f37c7791d76b865480f83b9b96132e,2017-11,Warwickshire Police,Warwickshire Police,-1.551220,52.287540,On or near Prince'S Drive,E01031293,Warwick 009D,Violence and sexual offences,Investigation complete; no suspect identified,
7e08973144d71af8725d8aacd21ef23aae0cfaef8011fbdec55ed7ef9e0dee36,2017-11,Warwickshire Police,Warwickshire Police,-1.551220,52.287540,On or near Prince'S Drive,E01031293,Warwick 009D,Violence and sexual offences,Unable to prosecute suspect,
,2017-11,Warwickshire Police,Warwickshire Police,-1.542856,52.293954,On or near Strathearn Road,E01031294,Warwick 009E,Anti-social behaviour,,
,2017-11,Warwickshire Police,Warwickshire Police,-1.545382,52.292094,On or near Gulistan Road,E01031294,Warwick 009E,Anti-social behaviour,,
,2017-11,Warwickshire Police,Warwickshire Police,-1.542856,52.293954,On or near Strathearn Road,E01031294,Warwick 009E,Anti-social behaviour,,
38551ea117523b985dc5149e8f8c8fcd5f520fae77b60dc22ff4328f3e0366ab,2017-11,Warwickshire Police,Warwickshire Police,-1.543180,52.292418,On or near Albany Terrace,E01031294,Warwick 009E,Criminal damage and arson,Investigation complete; no suspect identified,
9185ba982ff6b9b0f6913a81ccc71274fe8433d7061c533ca2d41571f84fd8a2,2017-11,Warwickshire Police,Warwickshire Police,-1.540130,52.295274,On or near Binswood Street,E01031294,Warwick 009E,Criminal damage and arson,Investigation complete; no suspect identified,
12a28f9930f1e0f55404c06c2a3a4dd08f91f520a75b76d9c056afb323cc657b,2017-11,Warwickshire Police,Warwickshire Police,-1.540130,52.295274,On or near Binswood Street,E01031294,Warwick 009E,Criminal damage and arson,Investigation complete; no suspect identified,
23979eaafeffc651124823b3e157732d0bdfd2e8ae0d1d4ac24b1560a9931d6d,2017-11,Warwickshire Police,Warwickshire Police,-1.542382,52.292964,On or near Beauchamp Hill,E01031294,Warwick 009E,Criminal damage and arson,Investigation complete; no suspect identified,
34ae9129c296eed58230e5a0630855d28030d9b6e305843054e331946224d2a2,2017-11,Warwickshire Police,Warwickshire Police,-1.542066,52.292396,On or near Warwick Terrace,E01031294,Warwick 009E,Drugs,Offender given a caution,
ba4b0f7766f9b4b3cf5db61166d505cdd4c3c78d9c1f122d0949015cb4e37593,2017-11,Warwickshire Police,Warwickshire Police,-1.544744,52.292820,On or near Union Road,E01031294,Warwick 009E,Robbery,Formal action is not in the public interest,
f7fb019a3f14420f37c86e89e14940e17c844da00d8db696d43cb481c64a3b93,2017-11,Warwickshire Police,Warwickshire Police,-1.541233,52.293499,On or near Clarendon Crescent,E01031294,Warwick 009E,Vehicle crime,Investigation complete; no suspect identified,
1b0ae160ad0c7ca1729d82f58dda9ee0a02b589789a459ef10d6e3d92376acb6,2017-11,Warwickshire Police,Warwickshire Police,-1.540011,52.294006,On or near Clarendon Square,E01031294,Warwick 009E,Violence and sexual offences,Court result unavailable,
93230043ebc0c193d8f8fe5a3b5b48e218c8abf8a5746e2069b5684030992279,2017-11,Warwickshire Police,Warwickshire Police,-1.545118,52.294979,On or near Gaveston Road,E01031294,Warwick 009E,Violence and sexual offences,Status update unavailable,
ba3e27b3b69774772b12708fb948c2d39bc27afbef461266cb9779e591f9e5fa,2017-11,Warwickshire Police,Warwickshire Police,-1.540011,52.294006,On or near Clarendon Square,E01031294,Warwick 009E,Violence and sexual offences,Court result unavailable,
267657fcf51294e83115057a91a26d62854a16936eff80a60284cdc4077ff2b9,2017-11,Warwickshire Police,Warwickshire Police,-1.540011,52.294006,On or near Clarendon Square,E01031294,Warwick 009E,Violence and sexual offences,Court result unavailable,
5dfe775bfbef6d99f16c5ff74e5be323ddd7e69f9e0665eb4ce7ad3b54b32d70,2017-11,Warwickshire Police,Warwickshire Police,-1.555464,52.298498,On or near Kendal Avenue,E01031295,Warwick 009F,Burglary,Investigation complete; no suspect identified,
290118ca314e44dc5919c5f45c05b9eaf2b3b60d616197f5e6d9473759dcc581,2017-11,Warwickshire Police,Warwickshire Police,-1.555464,52.298498,On or near Kendal Avenue,E01031295,Warwick 009F,Burglary,Investigation complete; no suspect identified,
a1f2c2c1efef10d48c59e11100c9099e9b51c5f18813c1e851e4f933e39f3dc0,2017-11,Warwickshire Police,Warwickshire Police,-1.551731,52.299383,On or near Davis Close,E01031295,Warwick 009F,Burglary,Investigation complete; no suspect identified,
3c227eba45175a3ffb5588fa8c942cd3f7e04802cb8c5e2a28b647a347892b5b,2017-11,Warwickshire Police,Warwickshire Police,-1.545270,52.300185,On or near Loveday Drive,E01031295,Warwick 009F,Burglary,Investigation complete; no suspect identified,
67fc4f49cd486c6154c65212e18910314a3cff4e90a147e283d38f540b003ba1,2017-11,Warwickshire Police,Warwickshire Police,-1.556140,52.298374,On or near Ravensdale Avenue,E01031295,Warwick 009F,Other theft,Investigation complete; no suspect identified,
79d194e3fef1030c6f633cce3d829072b7e4b705f1ebed2ff4c59ebfb3e8b7b9,2017-11,Warwickshire Police,Warwickshire Police,-1.551000,52.297681,On or near Cockermouth Close,E01031295,Warwick 009F,Violence and sexual offences,Status update unavailable,
e1177ce130ea99edc89d5a0ec642fa7ed2621a86f3a0243488b0e693e5fefdb5,2017-11,Warwickshire Police,Warwickshire Police,-1.551000,52.297681,On or near Cockermouth Close,E01031295,Warwick 009F,Violence and sexual offences,Status update unavailable,
19b1fcdaf1d445b3529ac92f7f456a10c95df0d63dcf1fd5cb35cd5657950351,2017-11,Warwickshire Police,Warwickshire Police,-1.551000,52.297681,On or near Cockermouth Close,E01031295,Warwick 009F,Violence and sexual offences,Unable to prosecute suspect,
,2017-11,Warwickshire Police,Warwickshire Police,-1.529647,52.290999,On or near Brandon Parade,E01031271,Warwick 010A,Anti-social behaviour,,
,2017-11,Warwickshire Police,Warwickshire Police,-1.528058,52.292952,On or near King Street,E01031271,Warwick 010A,Anti-social behaviour,,
,2017-11,Warwickshire Police,Warwickshire Police,-1.512721,52.288889,On or near Parking Area,E01031271,Warwick 010A,Anti-social behaviour,,
,2017-11,Warwickshire Police,Warwickshire Police,-1.533951,52.288822,On or near Police Station,E01031271,Warwick 010A,Anti-social behaviour,,
,2017-11,Warwickshire Police,Warwickshire Police,-1.529947,52.290407,On or near William Street,E01031271,Warwick 010A,Anti-social behaviour,,
,2017-11,Warwickshire Police,Warwickshire Police,-1.517195,52.290094,On or near Parking Area,E01031271,Warwick 010A,Anti-social behaviour,,
,2017-11,Warwickshire Police,Warwickshire Police,-1.524717,52.292723,On or near Holly Street,E01031271,Warwick 010A,Anti-social behaviour,,
ebe40c32df49f12a2bb8d1886f2f1d7b1143c8085446e1f7c55959958f0f4870,2017-11,Warwickshire Police,Warwickshire Police,-1.528058,52.292952,On or near King Street,E01031271,Warwick 010A,Burglary,Investigation complete; no suspect identified,
a403e37fb09770ec906fcbc1a637c009f081c24687621feca7d8ab279d3f65cd,2017-11,Warwickshire Police,Warwickshire Police,-1.525475,52.293158,On or near Campion Terrace,E01031271,Warwick 010A,Criminal damage and arson,Investigation complete; no suspect identified,
b51f18f08bd1c0c59f7889c6c59345c4e887d22373cf11b8f0598bf0ab0f07a3,2017-11,Warwickshire Police,Warwickshire Police,-1.526518,52.294286,On or near Leicester Street,E01031271,Warwick 010A,Criminal damage and arson,Investigation complete; no suspect identified,
d3fc8b9c031a3dfd01e5699937e10c2e6f61bc68c5994774eb57eab38fdd4bca,2017-11,Warwickshire Police,Warwickshire Police,-1.526129,52.290931,On or near Eastfield Road,E01031271,Warwick 010A,Criminal damage and arson,Investigation complete; no suspect identified,
4863f9f788ba6999f7c71a22de7d2493488bd7b3afe561f9475bb0bb14a88511,2017-11,Warwickshire Police,Warwickshire Police,-1.533951,52.288822,On or near Police Station,E01031271,Warwick 010A,Criminal damage and arson,Offender sent to prison,
c06b6d17ae7c48c148bc445755a6258903bccf1a4c1f24d6cbe73b6f9dfdcc49,2017-11,Warwickshire Police,Warwickshire Police,-1.529161,52.292633,On or near Thomas Street,E01031271,Warwick 010A,Criminal damage and arson,Status update unavailable,
823ce19f9c010cdf3b0eb0316dd043bbf8a3add0317e9841eea296fe62e15025,2017-11,Warwickshire Police,Warwickshire Police,-1.533951,52.288822,On or near Police Station,E01031271,Warwick 010A,Criminal damage and arson,Offender sent to prison,
50bd1ba7a9a35a9c2eaa3f26208f5dd48be1f03b10b604036e9a9e76549ef0f2,2017-11,Warwickshire Police,Warwickshire Police,-1.524717,52.292723,On or near Holly Street,E01031271,Warwick 010A,Criminal damage and arson,Investigation complete; no suspect identified,
2a22e0ee8a0451893d41bdb2978e2ced48befdab22e3e7025d5c1453f5a61cf9,2017-11,Warwickshire Police,Warwickshire Police,-1.529947,52.290407,On or near William Street,E01031271,Warwick 010A,Criminal damage and arson,Investigation complete; no suspect identified,
93db493bf65cbdcfc1672cba733ef4f404257c0676ea2f3fb3b2d9ab3574a93f,2017-11,Warwickshire Police,Warwickshire Police,-1.533951,52.288822,On or near Police Station,E01031271,Warwick 010A,Criminal damage and arson,Offender given community sentence,
5391d387d4342dca3234778149069532ce02ed16a05ee890f7e6cbf9e0ab9c3a,2017-11,Warwickshire Police,Warwickshire Police,-1.534087,52.288409,On or near Rosefield Place,E01031271,Warwick 010A,Drugs,Court result unavailable,
dcdf5c86130ca3920ad34a520d02dfeb9f535cc99436e93032574b276d42add4,2017-11,Warwickshire Police,Warwickshire Police,-1.521696,52.291416,On or near Fernhill Drive,E01031271,Warwick 010A,Other theft,Investigation complete; no suspect identified,
6ff311e1faef8ef814ebdcb1c3858c20c4a78bfee300e7c2564e8a9e66876013,2017-11,Warwickshire Police,Warwickshire Police,-1.528058,52.292952,On or near King Street,E01031271,Warwick 010A,Other theft,Status update unavailable,
605fc3fa8a688e519bb13d2a516b6f52f4f5549d3558ea14a7ea3d28c3f6d825,2017-11,Warwickshire Police,Warwickshire Police,-1.524458,52.293621,On or near Comyn Street,E01031271,Warwick 010A,Other theft,Unable to prosecute suspect,
5a51229d1c4769a7aac47a58fd7333d4c91fd46f4cb88c4ec1fd002592421558,2017-11,Warwickshire Police,Warwickshire Police,-1.517195,52.290094,On or near Parking Area,E01031271,Warwick 010A,Public order,Investigation complete; no suspect identified,
d14d271fbeac5074d4876093d87f09e0429c78b87c9db589a22111a1bdfc910d,2017-11,Warwickshire Police,Warwickshire Police,-1.525444,52.291899,On or near Upper Holly Walk,E01031271,Warwick 010A,Theft from the person,Status update unavailable,
19a659287129f19e33eed999609f25cc2ab68007a5b104f5ed71475a437ec72c,2017-11,Warwickshire Police,Warwickshire Police,-1.533951,52.288822,On or near Police Station,E01031271,Warwick 010A,Vehicle crime,Investigation complete; no suspect identified,
2cee1935fa6f3ece408f77616973c0a9d71805b42c16acadafde6139cd350143,2017-11,Warwickshire Police,Warwickshire Police,-1.524458,52.293621,On or near Comyn Street,E01031271,Warwick 010A,Violence and sexual offences,Unable to prosecute suspect,
41b7c6213213638cab994bb9d0127a2553be54374b745fac8f040a1903d098c9,2017-11,Warwickshire Police,Warwickshire Police,-1.530784,52.290230,On or near Wood Street,E01031271,Warwick 010A,Violence and sexual offences,Investigation complete; no suspect identified,
8ee7019b9aaecc644d2c95a9d7f175b3dbe0c37ef1d677092cb4b780b5d1a276,2017-11,Warwickshire Police,Warwickshire Police,-1.533951,52.288822,On or near Police Station,E01031271,Warwick 010A,Violence and sexual offences,Offender sent to prison,
919836c115a5ea70d29f95967752e71b191cc12d6af2bdb8a504fc6472d599b5,2017-11,Warwickshire Police,Warwickshire Police,-1.533951,52.288822,On or near Police Station,E01031271,Warwick 010A,Violence and sexual offences,Status update unavailable,
,2017-11,Warwickshire Police,Warwickshire Police,-1.514697,52.279799,On or near Gainsborough Drive,E01031332,Warwick 010B,Anti-social behaviour,,
,2017-11,Warwickshire Police,Warwickshire Police,-1.515346,52.278085,On or near Charlbury Mews,E01031332,Warwick 010B,Anti-social behaviour,,
,2017-11,Warwickshire Police,Warwickshire Police,-1.517763,52.279578,On or near Endsleigh Gardens,E01031332,Warwick 010B,Anti-social behaviour,,
,2017-11,Warwickshire Police,Warwickshire Police,-1.517763,52.279578,On or near Endsleigh Gardens,E01031332,Warwick 010B,Anti-social behaviour,,
,2017-11,Warwickshire Police,Warwickshire Police,-1.517763,52.279578,On or near Endsleigh Gardens,E01031332,Warwick 010B,Anti-social behaviour,,
,2017-11,Warwickshire Police,Warwickshire Police,-1.517763,52.279578,On or near Endsleigh Gardens,E01031332,Warwick 010B,Anti-social behaviour,,
b783a57801c2c1e20f242fb22c255c97c07a45c974a317c21bda833f54db5dee,2017-11,Warwickshire Police,Warwickshire Police,-1.520970,52.278485,On or near Highdown Road,E01031332,Warwick 010B,Possession of weapons,Investigation complete; no suspect identified,
a4010880183537abf8b9531a3225fbc964e7a07e87231d5aa676dacb58c55067,2017-11,Warwickshire Police,Warwickshire Police,-1.520970,52.278485,On or near Highdown Road,E01031332,Warwick 010B,Theft from the person,Investigation complete; no suspect identified,
0bd9c7747a4034598ffc91ce8c46e3bd25644d3f527c46b5e1d67185c4a23599,2017-11,Warwickshire Police,Warwickshire Police,-1.520970,52.278485,On or near Highdown Road,E01031332,Warwick 010B,Vehicle crime,Status update unavailable,
8eadc337bcc932ebc0641c0737c11d666e66632998ea89c2c0ca59bb10fac0ac,2017-11,Warwickshire Police,Warwickshire Police,-1.517763,52.279578,On or near Endsleigh Gardens,E01031332,Warwick 010B,Violence and sexual offences,Status update unavailable,
7a617b2975c8847f3ce4aa650b2068760637323a83052c10de4de90ab2b5a6b4,2017-11,Warwickshire Police,Warwickshire Police,-1.515346,52.278085,On or near Charlbury Mews,E01031332,Warwick 010B,Violence and sexual offences,Formal action is not in the public interest,
,2017-11,Warwickshire Police,Warwickshire Police,-1.511000,52.280171,On or near Weston Close,E01031333,Warwick 010C,Anti-social behaviour,,
,2017-11,Warwickshire Police,Warwickshire Police,-1.515265,52.281519,On or near Cottage Square,E01031333,Warwick 010C,Anti-social behaviour,,
267c146768e7e645d0558b7503dc7225eafb709ab490f389086f5d2bef1c1459,2017-11,Warwickshire Police,Warwickshire Police,-1.515714,52.281979,On or near Marloes Walk,E01031333,Warwick 010C,Burglary,Court result unavailable,
41c76b2cd0700a8640438492a6bb8f6700d25d4bcb4da98e12a87e207cbc22f6,2017-11,Warwickshire Police,Warwickshire Police,-1.510851,52.281680,On or near Coningsby Close,E01031333,Warwick 010C,Criminal damage and arson,Investigation complete; no suspect identified,
5618e3c0a1d03b99c7e82fea023c84680d661079b13e4ce0c72dd40e6f1ee8e4,2017-11,Warwickshire Police,Warwickshire Police,-1.509384,52.281737,On or near Springwell Road,E01031333,Warwick 010C,Criminal damage and arson,Unable to prosecute suspect,
bad25bd74f82ac97b1072e2c219da7216f6dbaa5ceefb1fe38e538fef2c87779,2017-11,Warwickshire Police,Warwickshire Police,-1.508621,52.281860,On or near Radbrook Way,E01031333,Warwick 010C,Other theft,Investigation complete; no suspect identified,
dbcacce9e0e99e5c8c8b835c8913cd8c11f1100b2d2d7cf526c3b82caccd35e6,2017-11,Warwickshire Police,Warwickshire Police,-1.515714,52.281979,On or near Marloes Walk,E01031333,Warwick 010C,Public order,Investigation complete; no suspect identified,
1b50896336ef63200bea5dbf4e5602a119d0ca5e4dd2b913f80a4c1ce4546524,2017-11,Warwickshire Police,Warwickshire Police,-1.508537,52.280160,On or near Marcroft Place,E01031333,Warwick 010C,Violence and sexual offences,Status update unavailable,
28666b8adc35097bc8f4499ed850f2ed7d4ad8866f04027043f473dd031958e3,2017-11,Warwickshire Police,Warwickshire Police,-1.511000,52.280171,On or near Weston Close,E01031333,Warwick 010C,Violence and sexual offences,Unable to prosecute suspect,
54960ac20a564c96957536ec24166c208f672d690146dc717757318937523298,2017-11,Warwickshire Police,Warwickshire Police,-1.508537,52.280160,On or near Marcroft Place,E01031333,Warwick 010C,Violence and sexual offences,Offender otherwise dealt with,
ca45703abea149a3639ea3f68d51bab9d14262654c3cc53097b73b8c1dbee5aa,2017-11,Warwickshire Police,Warwickshire Police,-1.511000,52.280171,On or near Weston Close,E01031333,Warwick 010C,Violence and sexual offences,Unable to prosecute suspect,
7c375668048600c954efd7aac07370a816b8d91c5f3055c4db11ef8ec630bc19,2017-11,Warwickshire Police,Warwickshire Police,-1.510327,52.281319,On or near Grenfell Close,E01031333,Warwick 010C,Violence and sexual offences,Status update unavailable,
,2017-11,Warwickshire Police,Warwickshire Police,-1.510945,52.277150,On or near Packwood Close,E01031334,Warwick 010D,Anti-social behaviour,,
,2017-11,Warwickshire Police,Warwickshire Police,-1.515836,52.276181,On or near Supermarket,E01031334,Warwick 010D,Anti-social behaviour,,
,2017-11,Warwickshire Police,Warwickshire Police,-1.507344,52.282025,On or near Gulliman'S Way,E01031334,Warwick 010D,Anti-social behaviour,,
,2017-11,Warwickshire Police,Warwickshire Police,-1.511376,52.277961,On or near Longleat Grove,E01031334,Warwick 010D,Anti-social behaviour,,
cfb051f0bea3fa78a4757963e3d4ac9608a36dd622f5688f3849c0a3660d8884,2017-11,Warwickshire Police,Warwickshire Police,-1.514520,52.275888,On or near Newdigate,E01031334,Warwick 010D,Bicycle theft,Investigation complete; no suspect identified,
b8dc6a47189e67d95bdacfe0ca18aaf8af5600f3e555a98edffcd552471c1f4e,2017-11,Warwickshire Police,Warwickshire Police,-1.515836,52.276181,On or near Supermarket,E01031334,Warwick 010D,Bicycle theft,Investigation complete; no suspect identified,
6415e1e68d219ce7f3c3fe0225f1a202035bc1b09cb0f521d9340468ccbff8d4,2017-11,Warwickshire Police,Warwickshire Police,-1.511866,52.276003,On or near Blenheim Crescent,E01031334,Warwick 010D,Burglary,Investigation complete; no suspect identified,
4da915f64f137325118cd8c0d1062442c2856624c2e03188693a6cae9004e80a,2017-11,Warwickshire Police,Warwickshire Police,-1.507344,52.282025,On or near Gulliman'S Way,E01031334,Warwick 010D,Burglary,Status update unavailable,
d5047970651baa542466bcea7c167f5912993947274bd10aa50f99f5130218a9,2017-11,Warwickshire Police,Warwickshire Police,-1.507344,52.282025,On or near Gulliman'S Way,E01031334,Warwick 010D,Burglary,Investigation complete; no suspect identified,
f75a0f95462a2ba3e5f3e9ffbc58f7cfcc0875f8d9314867847ef02bb75d487d,2017-11,Warwickshire Police,Warwickshire Police,-1.513193,52.277995,On or near Alderton Mews,E01031334,Warwick 010D,Criminal damage and arson,Formal action is not in the public interest,
e58080c2759f9ae64e6b5f16d599c85937e2e9501d6b0badebeb488ff319f358,2017-11,Warwickshire Police,Warwickshire Police,-1.508156,52.281480,On or near Portway Close,E01031334,Warwick 010D,Other theft,Status update unavailable,
7daed5e81df80907b247109e0b30295d053b7f7d91b2acc88f7363d528fc545a,2017-11,Warwickshire Police,Warwickshire Police,-1.515836,52.276181,On or near Supermarket,E01031334,Warwick 010D,Other theft,Status update unavailable,
b04c53b75ff6682f3aee6fe85d2dc579326fada2aed92bd2f58dbdbd95f955dd,2017-11,Warwickshire Police,Warwickshire Police,-1.515836,52.276181,On or near Supermarket,E01031334,Warwick 010D,Shoplifting,Offender given penalty notice,
20e69ca3c033a0439d888c2f3169f5b93e1efd53dd0dd03637aa50ee3818fcde,2017-11,Warwickshire Police,Warwickshire Police,-1.512033,52.276830,On or near Hidcote Close,E01031334,Warwick 010D,Violence and sexual offences,Offender given a caution,
51dc66fa5f242a698e680045843bbec51915665912508a865b9ccb77063dc98d,2017-11,Warwickshire Police,Warwickshire Police,-1.510767,52.278641,On or near Woburn Close,E01031334,Warwick 010D,Violence and sexual offences,Status update unavailable,
fda9382ec92665331c91154a38e8d12cf93b29a4d3cc24c8a7043978a819eed5,2017-11,Warwickshire Police,Warwickshire Police,-1.507344,52.282025,On or near Gulliman'S Way,E01031334,Warwick 010D,Violence and sexual offences,Unable to prosecute suspect,
a23a1d601bc566b9f8517f90e66c0283f134e889905e34a5cc96e2383f7b3389,2017-11,Warwickshire Police,Warwickshire Police,-1.507344,52.282025,On or near Gulliman'S Way,E01031334,Warwick 010D,Violence and sexual offences,Status update unavailable,
f50ff6de9527310450fd698f707bacb20ead1f33f6b0b0263822dbaa9e240be5,2017-11,Warwickshire Police,Warwickshire Police,-1.513093,52.276394,On or near Bank Croft,E01031334,Warwick 010D,Violence and sexual offences,Status update unavailable,
b3bbc6a1443e9d9b32952c6e3e0a8e71d1df388a5bdecc5eb928b7cdf001b46d,2017-11,Warwickshire Police,Warwickshire Police,-1.516769,52.276670,On or near Petrol Station,E01031334,Warwick 010D,Violence and sexual offences,Status update unavailable,
2d2369d99289857b2933796d2230d52c4f1de5979d7a6eb098f47d79e700f3e0,2017-11,Warwickshire Police,Warwickshire Police,-1.516769,52.276670,On or near Petrol Station,E01031334,Warwick 010D,Violence and sexual offences,Status update unavailable,
,2017-11,Warwickshire Police,Warwickshire Police,-1.521975,52.284594,On or near St Mary'S Road,E01031335,Warwick 010E,Anti-social behaviour,,
,2017-11,Warwickshire Police,Warwickshire Police,-1.524660,52.287104,On or near Leam Terrace,E01031335,Warwick 010E,Anti-social behaviour,,
,2017-11,Warwickshire Police,Warwickshire Police,-1.521975,52.284594,On or near St Mary'S Road,E01031335,Warwick 010E,Anti-social behaviour,,
88f1131fd0c3b278df87528638d1aaac6ff627465ecb72c10f71b2ec6224248c,2017-11,Warwickshire Police,Warwickshire Police,-1.522611,52.286772,On or near Beaconsfield Street West,E01031335,Warwick 010E,Bicycle theft,Investigation complete; no suspect identified,
ed2f0ae1287604752dbd8d80fa9b18742eb467c88c36254046d973fe2dbc3264,2017-11,Warwickshire Police,Warwickshire Police,-1.523037,52.286648,On or near Lower Leam Street,E01031335,Warwick 010E,Drugs,Offender given a caution,
f9a64d3c9c305dacb3392b36382c5a16dad2cfa435c7d3466ea36bc4acc16e9b,2017-11,Warwickshire Police,Warwickshire Police,-1.522837,52.283438,On or near St Mary'S Crescent,E01031335,Warwick 010E,Other theft,Investigation complete; no suspect identified,
588f1944fee0f1f8ee1961579e2f761b05d5e6439118e7028c734ba9e14f3691,2017-11,Warwickshire Police,Warwickshire Police,-1.523037,52.286648,On or near Lower Leam Street,E01031335,Warwick 010E,Vehicle crime,Investigation complete; no suspect identified,
dec38ffa46f17689c214498f228be41c77f81853d38992b9196f740ba6b03f16,2017-11,Warwickshire Police,Warwickshire Police,-1.523890,52.285096,On or near Rotherfield Close,E01031335,Warwick 010E,Violence and sexual offences,Unable to prosecute suspect,
,2017-11,Warwickshire Police,Warwickshire Police,-1.528044,52.287315,On or near Mill Road,E01031336,Warwick 010F,Anti-social behaviour,,
,2017-11,Warwickshire Police,Warwickshire Police,-1.531481,52.285288,On or near Church Street,E01031336,Warwick 010F,Anti-social behaviour,,
,2017-11,Warwickshire Police,Warwickshire Police,-1.528044,52.287315,On or near Mill Road,E01031336,Warwick 010F,Anti-social behaviour,,
,2017-11,Warwickshire Police,Warwickshire Police,-1.531050,52.285835,On or near Church Terrace,E01031336,Warwick 010F,Anti-social behaviour,,
,2017-11,Warwickshire Police,Warwickshire Police,-1.531481,52.285288,On or near Church Street,E01031336,Warwick 010F,Anti-social behaviour,,
,2017-11,Warwickshire Police,Warwickshire Police,-1.532198,52.285399,On or near Gloucester Street,E01031336,Warwick 010F,Anti-social behaviour,,
,2017-11,Warwickshire Police,Warwickshire Police,-1.530787,52.284395,On or near Parking Area,E01031336,Warwick 010F,Anti-social behaviour,,
,2017-11,Warwickshire Police,Warwickshire Police,-1.532028,52.284859,On or near Regent Place,E01031336,Warwick 010F,Anti-social behaviour,,
,2017-11,Warwickshire Police,Warwickshire Police,-1.528924,52.284478,On or near Forfield Place,E01031336,Warwick 010F,Anti-social behaviour,,
,2017-11,Warwickshire Police,Warwickshire Police,-1.533001,52.285762,On or near Church Walk,E01031336,Warwick 010F,Anti-social behaviour,,
,2017-11,Warwickshire Police,Warwickshire Police,-1.531481,52.285288,On or near Church Street,E01031336,Warwick 010F,Anti-social behaviour,,
9f211cd7a41d8fe03fcf4c1bd50e95f3353a4ce99bcb666072f959c41b201b32,2017-11,Warwickshire Police,Warwickshire Police,-1.530787,52.284395,On or near Parking Area,E01031336,Warwick 010F,Bicycle theft,Investigation complete; no suspect identified,
e3a3e7eee05c8caa2a2cc2b908a8c9b71436b10ae23fe64b6be0401b0783e7ab,2017-11,Warwickshire Police,Warwickshire Police,-1.530460,52.286174,On or near Mill Street,E01031336,Warwick 010F,Criminal damage and arson,Investigation complete; no suspect identified,
1585fea1582ef2a074ac4703bc2063de0a8540c43f057c9cad4c1ab4ce082926,2017-11,Warwickshire Police,Warwickshire Police,-1.531903,52.284211,On or near High Street,E01031336,Warwick 010F,Other theft,Unable to prosecute suspect,
054d8020f6fe484d7cbc265bac59330898f65d77465da4fafc9a2bfd87e582b7,2017-11,Warwickshire Police,Warwickshire Police,-1.531038,52.285619,On or near Clinton Street,E01031336,Warwick 010F,Vehicle crime,Investigation complete; no suspect identified,
a117be74a83defb6c3572ef0ccdc76a170f0d4f5aa7e1157a6c615be9bf6b033,2017-11,Warwickshire Police,Warwickshire Police,-1.528044,52.287315,On or near Mill Road,E01031336,Warwick 010F,Violence and sexual offences,Status update unavailable,
e02560a7c2b35e88a3962074f1afb3c504326e962babfe5e0d02b9e88286bb8a,2017-11,Warwickshire Police,Warwickshire Police,-1.528305,52.283424,On or near Baxter Court,E01031336,Warwick 010F,Violence and sexual offences,Status update unavailable,
0af1fb0bc0e98c09005cc60c2d7383bae4350b3d1e321eb0f3d0b76a5b5d207b,2017-11,Warwickshire Police,Warwickshire Police,-1.533001,52.285762,On or near Church Walk,E01031336,Warwick 010F,Violence and sexual offences,Investigation complete; no suspect identified,
31deaf26748fd7fabf24565305be61a90d362539a0daf66f95c384e6e430d37c,2017-11,Warwickshire Police,Warwickshire Police,-1.532198,52.285399,On or near Gloucester Street,E01031336,Warwick 010F,Violence and sexual offences,Status update unavailable,
,2017-11,Warwickshire Police,Warwickshire Police,-1.520669,52.286063,On or near Leam Street,E01031337,Warwick 010G,Anti-social behaviour,,
,2017-11,Warwickshire Police,Warwickshire Police,-1.520070,52.285854,On or near Northcote Street,E01031337,Warwick 010G,Anti-social behaviour,,
,2017-11,Warwickshire Police,Warwickshire Police,-1.520669,52.286063,On or near Leam Street,E01031337,Warwick 010G,Anti-social behaviour,,
,2017-11,Warwickshire Police,Warwickshire Police,-1.523485,52.283152,On or near Rushmore Street,E01031337,Warwick 010G,Anti-social behaviour,,
,2017-11,Warwickshire Police,Warwickshire Police,-1.523441,52.281804,On or near Clapham Street,E01031337,Warwick 010G,Anti-social behaviour,,
,2017-11,Warwickshire Police,Warwickshire Police,-1.520070,52.285854,On or near Northcote Street,E01031337,Warwick 010G,Anti-social behaviour,,
,2017-11,Warwickshire Police,Warwickshire Police,-1.520669,52.286063,On or near Leam Street,E01031337,Warwick 010G,Anti-social behaviour,,
17af15d5eb7b0cf2c111e7e70bb0b54b1c7c549e1344134f77a4c82dd6b420cb,2017-11,Warwickshire Police,Warwickshire Police,-1.518379,52.286368,On or near Glebe Place,E01031337,Warwick 010G,Burglary,Investigation complete; no suspect identified,
3a43f33ba39edae1916b6240163990d854d1e9a5833ee7e6e609c14b53dc5eeb,2017-11,Warwickshire Police,Warwickshire Police,-1.526245,52.282777,On or near Styles Close,E01031337,Warwick 010G,Criminal damage and arson,Status update unavailable,
d3f1707323327af6955c61a121f3ac32eed7e932f596371668397cedb92749c7,2017-11,Warwickshire Police,Warwickshire Police,-1.526245,52.282777,On or near Styles Close,E01031337,Warwick 010G,Criminal damage and arson,Investigation complete; no suspect identified,
472e93ccca22378627ef4abce5507ff43c03f1b3f6521b5dfb2b3546d906dd1b,2017-11,Warwickshire Police,Warwickshire Police,-1.517442,52.284890,On or near Radford Road,E01031337,Warwick 010G,Criminal damage and arson,Unable to prosecute suspect,
09552231becf91398eea4ef5f5134e11ad5b277e06a76ff8585d499c33cc9dff,2017-11,Warwickshire Police,Warwickshire Police,-1.520070,52.285854,On or near Northcote Street,E01031337,Warwick 010G,Other theft,Investigation complete; no suspect identified,
3af988bc47f02598d3386ace6bb9a78b42288d704fc9018de25e9154e9f4a5c1,2017-11,Warwickshire Police,Warwickshire Police,-1.518987,52.284375,On or near Eastnor Grove,E01031337,Warwick 010G,Other theft,Investigation complete; no suspect identified,
73f8a5cc44bb6d79b82b2c7d773b8d954d23f71fd82f640028bb075f21c0f2e4,2017-11,Warwickshire Police,Warwickshire Police,-1.520070,52.285854,On or near Northcote Street,E01031337,Warwick 010G,Shoplifting,Investigation complete; no suspect identified,
f8e5d3c30867130c2648fa50a03714f0b4152d6f1f5d86b9258c9fa74afc9983,2017-11,Warwickshire Police,Warwickshire Police,-1.518670,52.281128,On or near Sydenham Drive,E01031337,Warwick 010G,Violence and sexual offences,Defendant found not guilty,
957db7cd0ea4bcd2dfed9b0de26bb254d663161a2dc9862d382c6cbe39364b58,2017-11,Warwickshire Police,Warwickshire Police,-1.518670,52.281128,On or near Sydenham Drive,E01031337,Warwick 010G,Violence and sexual offences,Status update unavailable,
b836a41c3df464260d085f8e283e9ac8ebd76e7c7f636f1e82adaa871fcfaf0b,2017-11,Warwickshire Police,Warwickshire Police,-1.517442,52.284890,On or near Radford Road,E01031337,Warwick 010G,Violence and sexual offences,Investigation complete; no suspect identified,
c4fa03118a63f99b93b9c345c20b118ad81b0304d18a4998503fa6681fa8b2a9,2017-11,Warwickshire Police,Warwickshire Police,-1.520669,52.286063,On or near Leam Street,E01031337,Warwick 010G,Violence and sexual offences,Status update unavailable,
3b7487bea09c9496802352404f9ad6b61ae507f3c71bb84c4bfa5cac73ec9cd8,2017-11,Warwickshire Police,Warwickshire Police,-1.520669,52.286063,On or near Leam Street,E01031337,Warwick 010G,Violence and sexual offences,Unable to prosecute suspect,
,2017-11,Warwickshire Police,Warwickshire Police,-1.587765,52.289418,On or near Percy Road,E01031321,Warwick 011A,Anti-social behaviour,,
,2017-11,Warwickshire Police,Warwickshire Police,-1.587765,52.289418,On or near Percy Road,E01031321,Warwick 011A,Anti-social behaviour,,
,2017-11,Warwickshire Police,Warwickshire Police,-1.589127,52.289575,On or near Lyttelton Road,E01031321,Warwick 011A,Anti-social behaviour,,
1845ab3a0d3fd0d9c78d2c62d569718517aa680d18d9dd156272559576b09f36,2017-11,Warwickshire Police,Warwickshire Police,-1.587072,52.291411,On or near Scar Bank,E01031321,Warwick 011A,Criminal damage and arson,Unable to prosecute suspect,
11b7eed46c4e61c4c79a86df61d1416752193dbaba45f5980daa05b0f5f8c5e8,2017-11,Warwickshire Police,Warwickshire Police,-1.592183,52.288822,On or near Oken Road,E01031321,Warwick 011A,Criminal damage and arson,Unable to prosecute suspect,
288de50a855fb3617b89482153ee0dfe496d24df67c7dde1f46c99d83d13131f,2017-11,Warwickshire Police,Warwickshire Police,-1.587072,52.291411,On or near Scar Bank,E01031321,Warwick 011A,Vehicle crime,Investigation complete; no suspect identified,
c11ee53189dba58feaca83ad8772dd21ae9db7db943b13b5e8325826fbcd6079,2017-11,Warwickshire Police,Warwickshire Police,-1.587072,52.291411,On or near Scar Bank,E01031321,Warwick 011A,Vehicle crime,Investigation complete; no suspect identified,
5e24efcd3c937cf87b86fd98d2cd47fa65a88255287a3a0173a287850454c9f2,2017-11,Warwickshire Police,Warwickshire Police,-1.589127,52.289575,On or near Lyttelton Road,E01031321,Warwick 011A,Violence and sexual offences,Investigation complete; no suspect identified,
,2017-11,Warwickshire Police,Warwickshire Police,-1.604169,52.287999,On or near Birmingham Road,E01031322,Warwick 011B,Anti-social behaviour,,
a396164577c8ef4eb2977a1f7d9e910674a6cd68a0dd6d4a9feddc3be0f9ab4e,2017-11,Warwickshire Police,Warwickshire Police,-1.596764,52.291355,On or near Chandley Wharf,E01031322,Warwick 011B,Burglary,Investigation complete; no suspect identified,
f117deea0eb7637b316145aac79832a809f0664507a5719b56b992e0f70e9adf,2017-11,Warwickshire Police,Warwickshire Police,-1.594107,52.288532,On or near Hospital,E01031322,Warwick 011B,Criminal damage and arson,Status update unavailable,
20e6943b58c24c62e2892e5bf0e1b28ef642d9c8b7adf9e7eb792715351d3f61,2017-11,Warwickshire Police,Warwickshire Police,-1.602010,52.286778,On or near Goode Close,E01031322,Warwick 011B,Other theft,Investigation complete; no suspect identified,
21d7881725e0f3b5e07ff4aa02e751cf6e4a12d6bf15627fbcd9ee5d26b5da49,2017-11,Warwickshire Police,Warwickshire Police,-1.604169,52.287999,On or near Birmingham Road,E01031322,Warwick 011B,Public order,Unable to prosecute suspect,
f8b0a3ec3c9bea673eafd6d438be6ec795f058644a536ff78b1840415ceb91e0,2017-11,Warwickshire Police,Warwickshire Police,-1.594107,52.288532,On or near Hospital,E01031322,Warwick 011B,Shoplifting,Investigation complete; no suspect identified,
1c57f5c25fecebdafce473556f074c8033b301acf7edd74f687fa1434ee1abd5,2017-11,Warwickshire Police,Warwickshire Police,-1.595052,52.290962,On or near Lower Cape,E01031322,Warwick 011B,Vehicle crime,Investigation complete; no suspect identified,
7869d52b579ec95dba9f467a624aaa3f957ede984fd2d613988ac20f9475058a,2017-11,Warwickshire Police,Warwickshire Police,-1.597279,52.289504,On or near Hanworth Road,E01031322,Warwick 011B,Vehicle crime,Investigation complete; no suspect identified,
69a752a0024d25bfd503e4ac143d068ceb21935665c937c520df0bd439b13438,2017-11,Warwickshire Police,Warwickshire Police,-1.608938,52.287476,On or near Lyster Close,E01031322,Warwick 011B,Vehicle crime,Offender sent to prison,
011a75ccb0966422bdea9f4a262ba6c23efecb2f0980ba3b2eb8996bbe2587a6,2017-11,Warwickshire Police,Warwickshire Police,-1.599161,52.288962,On or near Antelope Gardens,E01031322,Warwick 011B,Vehicle crime,Investigation complete; no suspect identified,
ea927e8b7ab5cfb2acdb17c39a84aeac797fb8ee54ff48388e1ec7341971751b,2017-11,Warwickshire Police,Warwickshire Police,-1.596764,52.291355,On or near Chandley Wharf,E01031322,Warwick 011B,Vehicle crime,Investigation complete; no suspect identified,
151b8dc97ba56c31c3019fd3dc5b13ff6d1ded2c5508e72360574bae9669fd9a,2017-11,Warwickshire Police,Warwickshire Police,-1.596499,52.288252,On or near St Michael'S Road,E01031322,Warwick 011B,Violence and sexual offences,Status update unavailable,
99c82a9fda96f6a95f65d030e53c7399ea4ed8b612e7a07081548d197bc85c67,2017-11,Warwickshire Police,Warwickshire Police,-1.594107,52.288532,On or near Hospital,E01031322,Warwick 011B,Violence and sexual offences,Formal action is not in the public interest,
814b4c7b7c8b3ce7d37dac7482ebdd921e083a844d88e8efddb8f9fe13773a20,2017-11,Warwickshire Police,Warwickshire Police,-1.594107,52.288532,On or near Hospital,E01031322,Warwick 011B,Violence and sexual offences,Status update unavailable,
9ffb2774e89364cb1c34d44e4db82809bf4d180504dbc38e730311d9b0a3a80d,2017-11,Warwickshire Police,Warwickshire Police,-1.595052,52.290962,On or near Lower Cape,E01031322,Warwick 011B,Violence and sexual offences,Status update unavailable,
ebe65156d70e163ba7cd068866ba6c16d2a21ce5385678f8f939728324043dad,2017-11,Warwickshire Police,Warwickshire Police,-1.594107,52.288532,On or near Hospital,E01031322,Warwick 011B,Violence and sexual offences,Status update unavailable,
11585b788a120988bb7ed3c1211e6dd7e29a58bae421303122d3436ac8a680b3,2017-11,Warwickshire Police,Warwickshire Police,-1.594107,52.288532,On or near Hospital,E01031322,Warwick 011B,Violence and sexual offences,Status update unavailable,
86d104e83dc8476387c4fc979fd6df75bfc65c271a72644ec841145338a5f768,2017-11,Warwickshire Police,Warwickshire Police,-1.594107,52.288532,On or near Hospital,E01031322,Warwick 011B,Violence and sexual offences,Status update unavailable,
,2017-11,Warwickshire Police,Warwickshire Police,-1.583474,52.288926,On or near Green Lane,E01031323,Warwick 011C,Anti-social behaviour,,
,2017-11,Warwickshire Police,Warwickshire Police,-1.580780,52.283936,On or near St Johns,E01031323,Warwick 011C,Anti-social behaviour,,
,2017-11,Warwickshire Police,Warwickshire Police,-1.583881,52.287777,On or near Woodville Road,E01031323,Warwick 011C,Anti-social behaviour,,
63f04eec0fd28a30a10fc0c29763c216956daea875d29431b221f83d6ceec3d5,2017-11,Warwickshire Police,Warwickshire Police,-1.583496,52.288099,On or near Vine Lane,E01031323,Warwick 011C,Bicycle theft,Investigation complete; no suspect identified,
7bd8c33d5ae38678356fc8a7a89a4d4f528dfe56d3df8278bdd4956708c223c5,2017-11,Warwickshire Police,Warwickshire Police,-1.587863,52.283628,On or near Northgate,E01031323,Warwick 011C,Bicycle theft,Investigation complete; no suspect identified,
c8f684acb0ff1eb9727edda9da18fcb2f10b1943cf2c504d2b4954d6f628b3e1,2017-11,Warwickshire Police,Warwickshire Police,-1.582807,52.291279,On or near Pembroke Close,E01031323,Warwick 011C,Burglary,Investigation complete; no suspect identified,
fc69fc9a2a0f13abb26353ccdfeeb0b074ca4d9b99476a7f64b40ead6a2cc221,2017-11,Warwickshire Police,Warwickshire Police,-1.581260,52.284279,On or near The Paddocks,E01031323,Warwick 011C,Burglary,Investigation complete; no suspect identified,
550312820b79f4e4b22585742941bb52f5229b53663c7ed67e228f42dc4f64ff,2017-11,Warwickshire Police,Warwickshire Police,-1.582807,52.291279,On or near Pembroke Close,E01031323,Warwick 011C,Burglary,Investigation complete; no suspect identified,
02ca66a5d727a4e76bfded1808e073387d4210bdf85628e3972459042fe979f3,2017-11,Warwickshire Police,Warwickshire Police,-1.582807,52.291279,On or near Pembroke Close,E01031323,Warwick 011C,Burglary,Investigation complete; no suspect identified,
c190a5660e9d1510deabd1f68241bc72eb58981ec0eb8e47279dfe1879cab86b,2017-11,Warwickshire Police,Warwickshire Police,-1.579685,52.289632,On or near Gaveston Close,E01031323,Warwick 011C,Criminal damage and arson,Unable to prosecute suspect,
cd1bfde93da3f92c1b570b70664a34e52ac6213df52c431ff696f13e544cfb51,2017-11,Warwickshire Police,Warwickshire Police,-1.578472,52.290769,On or near Rowan Drive,E01031323,Warwick 011C,Other theft,Investigation complete; no suspect identified,
ef231bc538d8d8bd70a8c33e5c348c54b63c9b43c3acea5bfd82b6e69c978954,2017-11,Warwickshire Police,Warwickshire Police,-1.583474,52.288926,On or near Green Lane,E01031323,Warwick 011C,Other theft,Investigation complete; no suspect identified,
064b140ea9533910bbd7ed51e5f673f6cef216d23e4bdb5d92677e41b2fa3d83,2017-11,Warwickshire Police,Warwickshire Police,-1.583474,52.288926,On or near Green Lane,E01031323,Warwick 011C,Other theft,Investigation complete; no suspect identified,
074c36a93bb676e1a99301ee7e03fdfc37b6165ca2bb211821ead9b6ed18ed87,2017-11,Warwickshire Police,Warwickshire Police,-1.580780,52.283936,On or near St Johns,E01031323,Warwick 011C,Public order,Status update unavailable,
9829ffe1b07b79cd906f2ea89b0386758d055ee950cdc3a7486b29ec15d9c7c6,2017-11,Warwickshire Police,Warwickshire Police,-1.584438,52.283032,On or near Parking Area,E01031323,Warwick 011C,Shoplifting,Further investigation is not in the public interest,
9f24204ae7ee094e71b5f7ad65ffeb04aecd2b6f43d5afa2fafb25a98bfce1fe,2017-11,Warwickshire Police,Warwickshire Police,-1.580780,52.283936,On or near St Johns,E01031323,Warwick 011C,Shoplifting,Investigation complete; no suspect identified,
f7106674c43d61826d57d838f52a60980f1988ab81e8c5293a2c39367a2f53e0,2017-11,Warwickshire Police,Warwickshire Police,-1.581973,52.286395,On or near Parking Area,E01031323,Warwick 011C,Violence and sexual offences,Offender given a caution,
,2017-11,Warwickshire Police,Warwickshire Police,-1.591036,52.279702,On or near Bowling Green Street,E01031324,Warwick 011D,Anti-social behaviour,,
,2017-11,Warwickshire Police,Warwickshire Police,-1.589107,52.282221,On or near Old Square,E01031324,Warwick 011D,Anti-social behaviour,,
,2017-11,Warwickshire Police,Warwickshire Police,-1.595850,52.285454,On or near Wavytree Close,E01031324,Warwick 011D,Anti-social behaviour,,
,2017-11,Warwickshire Police,Warwickshire Police,-1.589770,52.281900,On or near New Street,E01031324,Warwick 011D,Anti-social behaviour,,
,2017-11,Warwickshire Police,Warwickshire Police,-1.589301,52.281835,On or near Parking Area,E01031324,Warwick 011D,Anti-social behaviour,,
,2017-11,Warwickshire Police,Warwickshire Police,-1.590283,52.281848,On or near Supermarket,E01031324,Warwick 011D,Anti-social behaviour,,
,2017-11,Warwickshire Police,Warwickshire Police,-1.603190,52.274457,On or near Parking Area,E01031324,Warwick 011D,Anti-social behaviour,,
,2017-11,Warwickshire Police,Warwickshire Police,-1.591566,52.282616,On or near Theatre Street,E01031324,Warwick 011D,Anti-social behaviour,,
31bddcacc4c178d37532c9226034a9288ff90ebbd63a39761b19821764ba487e,2017-11,Warwickshire Police,Warwickshire Police,-1.590283,52.281848,On or near Supermarket,E01031324,Warwick 011D,Burglary,Status update unavailable,
83365e5c403dea423eca34e71a88a2135b1f13c35ae67bcc1024118259e1563b,2017-11,Warwickshire Police,Warwickshire Police,-1.591212,52.281249,On or near Market Street,E01031324,Warwick 011D,Burglary,Investigation complete; no suspect identified,
ae59e14254bb9a95b393ccb7999acbf5a5558bd42fe48230c2cd73484d850d07,2017-11,Warwickshire Police,Warwickshire Police,-1.593045,52.279592,On or near Friars Street,E01031324,Warwick 011D,Burglary,Investigation complete; no suspect identified,
0fb1106080071e01e267207dfde2e27c5c82f9fc12368f13531810d0dbcb3950,2017-11,Warwickshire Police,Warwickshire Police,-1.593045,52.279592,On or near Friars Street,E01031324,Warwick 011D,Criminal damage and arson,Investigation complete; no suspect identified,
8217b17a203d443b39b6ee2d89e2057b341feb0f6bb1b31d3e2522e4babdd148,2017-11,Warwickshire Police,Warwickshire Police,-1.590351,52.280868,On or near Brook Street,E01031324,Warwick 011D,Criminal damage and arson,Investigation complete; no suspect identified,
63eaf00bc7cdf20c7f11f352500bd76b7f733a08d2c77f06da1d8203d4c9f8af,2017-11,Warwickshire Police,Warwickshire Police,-1.592924,52.280014,On or near Westgate Close,E01031324,Warwick 011D,Criminal damage and arson,Investigation complete; no suspect identified,
a264049c679694c8c718274b471a2297df9f12214c5aa138355cc5e713c16882,2017-11,Warwickshire Police,Warwickshire Police,-1.593906,52.284863,On or near Lammas Walk,E01031324,Warwick 011D,Criminal damage and arson,Status update unavailable,
2920509d1eab5211473f085184c0943216b40b07e04f680faa8989dcdfa74fa1,2017-11,Warwickshire Police,Warwickshire Police,-1.593045,52.279592,On or near Friars Street,E01031324,Warwick 011D,Criminal damage and arson,Investigation complete; no suspect identified,
f9237e9b755096edd4d2406b719d15716a3b658b99ac462cf65ed5714f1408db,2017-11,Warwickshire Police,Warwickshire Police,-1.589770,52.281900,On or near New Street,E01031324,Warwick 011D,Criminal damage and arson,Status update unavailable,
38600f549a59bab84236cc162ba20ae39a21faad5ff5e31fe9d5ede40406330a,2017-11,Warwickshire Police,Warwickshire Police,-1.589107,52.282221,On or near Old Square,E01031324,Warwick 011D,Criminal damage and arson,Investigation complete; no suspect identified,
3b67fd1127c874e833c1a9fb787425e4ed2e316d7170af8b3e9a54e26b4a85a2,2017-11,Warwickshire Police,Warwickshire Police,-1.595745,52.279286,On or near Race Track,E01031324,Warwick 011D,Criminal damage and arson,Investigation complete; no suspect identified,
cad6dd2f1b13e50b5c0019576dbeb96f2f8b828f90bb490d2661871f3e4ff1f6,2017-11,Warwickshire Police,Warwickshire Police,-1.593906,52.284863,On or near Lammas Walk,E01031324,Warwick 011D,Criminal damage and arson,Investigation complete; no suspect identified,
12c51951c6eb7b7b5bdc97eaec913ac57f33316617d6ef3a3e9004057f4b2111,2017-11,Warwickshire Police,Warwickshire Police,-1.596331,52.285788,On or near Birch Meadow Close,E01031324,Warwick 011D,Other theft,Investigation complete; no suspect identified,
0940b16305fc97a8be21925bca23a232e40c97fa9721cf79b85ce7ed84bda12a,2017-11,Warwickshire Police,Warwickshire Police,-1.592306,52.283491,On or near Parking Area,E01031324,Warwick 011D,Other theft,Investigation complete; no suspect identified,
2df025d134ed4a522230a2ff91e1104ad91d5c0ff85f7a0572df72f0342a859d,2017-11,Warwickshire Police,Warwickshire Police,-1.593017,52.284231,On or near Supermarket,E01031324,Warwick 011D,Shoplifting,Offender given penalty notice,
2be9ea1d5f9c7cb30d87856c1b257a59e35293f758fefb19597f12ee93b7307c,2017-11,Warwickshire Police,Warwickshire Police,-1.593017,52.284231,On or near Supermarket,E01031324,Warwick 011D,Shoplifting,Investigation complete; no suspect identified,
6cfd56e0454d203512eb931f8416b421ef8e147da53d2fcd6cf8b60b0432acf3,2017-11,Warwickshire Police,Warwickshire Police,-1.591212,52.281249,On or near Market Street,E01031324,Warwick 011D,Shoplifting,Status update unavailable,
e966b5b57fb92e471c469205a8bf056c165b50607935ac3ce00c2a33bc30d343,2017-11,Warwickshire Police,Warwickshire Police,-1.589301,52.281835,On or near Parking Area,E01031324,Warwick 011D,Shoplifting,Status update unavailable,
09dd0d815b2330e27f546df025f1dece5ecb4f773f043beb5bd5dc6510be29e4,2017-11,Warwickshire Police,Warwickshire Police,-1.593515,52.285931,On or near Ansell Way,E01031324,Warwick 011D,Vehicle crime,Status update unavailable,
9bea35ea97698a935cd2b0ec64f04e53b9aef02249fc0a01d132b6fe8908518f,2017-11,Warwickshire Police,Warwickshire Police,-1.593906,52.284863,On or near Lammas Walk,E01031324,Warwick 011D,Vehicle crime,Investigation complete; no suspect identified,
53812eff3ee9d69a10739bdafe00d78bf70082f7bf74479425488af3fe64248b,2017-11,Warwickshire Police,Warwickshire Police,-1.589770,52.281900,On or near New Street,E01031324,Warwick 011D,Violence and sexual offences,Status update unavailable,
fe9e48dd929271401f1facd7d686340978468034088472e40c0abf6da0c586fa,2017-11,Warwickshire Police,Warwickshire Police,-1.596331,52.285788,On or near Birch Meadow Close,E01031324,Warwick 011D,Violence and sexual offences,Status update unavailable,
fe8513c11b8ec64c8690dd654236f45e1dd73256616546caf03c064ad9fb4ba3,2017-11,Warwickshire Police,Warwickshire Police,-1.592154,52.285594,On or near Albert Street,E01031324,Warwick 011D,Violence and sexual offences,Court result unavailable,
3439380b45f7caef99de77fd3b59246f80d6ef605edd08b508db256259e013ec,2017-11,Warwickshire Police,Warwickshire Police,-1.590283,52.281848,On or near Supermarket,E01031324,Warwick 011D,Violence and sexual offences,Unable to prosecute suspect,
0165b23c784d09965861560894c68d25ed96663097feefdd2e32c3c8169e67d2,2017-11,Warwickshire Police,Warwickshire Police,-1.603190,52.274457,On or near Parking Area,E01031324,Warwick 011D,Violence and sexual offences,Formal action is not in the public interest,
cbe8bc7e2fdd656ebcb90b42e5b7ad249208da0f2bc9ae6031351af49082f289,2017-11,Warwickshire Police,Warwickshire Police,-1.593045,52.279592,On or near Friars Street,E01031324,Warwick 011D,Violence and sexual offences,Status update unavailable,
7e7b1373f6b369649ff022db5cbd3ca76a0aba4cc87ca95abb089b2920d03238,2017-11,Warwickshire Police,Warwickshire Police,-1.603190,52.274457,On or near Parking Area,E01031324,Warwick 011D,Violence and sexual offences,Unable to prosecute suspect,
ea16d05a1e429094719e07651816209b965789ce858acea3151a5194c537f838,2017-11,Warwickshire Police,Warwickshire Police,-1.591911,52.283409,On or near Commainge Close,E01031324,Warwick 011D,Other crime,Investigation complete; no suspect identified,
,2017-11,Warwickshire Police,Warwickshire Police,-1.593255,52.279071,On or near Monks Way,E01031325,Warwick 011E,Anti-social behaviour,,
,2017-11,Warwickshire Police,Warwickshire Police,-1.596381,52.278623,On or near Hampton Street,E01031325,Warwick 011E,Anti-social behaviour,,
,2017-11,Warwickshire Police,Warwickshire Police,-1.599932,52.273304,On or near Shakespeare Avenue,E01031325,Warwick 011E,Anti-social behaviour,,
,2017-11,Warwickshire Police,Warwickshire Police,-1.593255,52.279071,On or near Monks Way,E01031325,Warwick 011E,Anti-social behaviour,,
,2017-11,Warwickshire Police,Warwickshire Police,-1.596381,52.278623,On or near Hampton Street,E01031325,Warwick 011E,Anti-social behaviour,,
,2017-11,Warwickshire Police,Warwickshire Police,-1.593255,52.279071,On or near Monks Way,E01031325,Warwick 011E,Anti-social behaviour,,
,2017-11,Warwickshire Police,Warwickshire Police,-1.593255,52.279071,On or near Monks Way,E01031325,Warwick 011E,Anti-social behaviour,,
,2017-11,Warwickshire Police,Warwickshire Police,-1.593654,52.278740,On or near Crompton Street,E01031325,Warwick 011E,Anti-social behaviour,,
,2017-11,Warwickshire Police,Warwickshire Police,-1.599932,52.273304,On or near Shakespeare Avenue,E01031325,Warwick 011E,Anti-social behaviour,,
,2017-11,Warwickshire Police,Warwickshire Police,-1.601149,52.274917,On or near Hampton Road,E01031325,Warwick 011E,Anti-social behaviour,,
,2017-11,Warwickshire Police,Warwickshire Police,-1.593255,52.279071,On or near Monks Way,E01031325,Warwick 011E,Anti-social behaviour,,
,2017-11,Warwickshire Police,Warwickshire Police,-1.594888,52.278393,On or near Woodhouse Street,E01031325,Warwick 011E,Anti-social behaviour,,
83af97fa7020c49d28450e92d092a5b11eb45b8e178e18e715f8ea48324cdcd7,2017-11,Warwickshire Police,Warwickshire Police,-1.593255,52.279071,On or near Monks Way,E01031325,Warwick 011E,Bicycle theft,Investigation complete; no suspect identified,
c3816accb60ca2b2810d774412ba04d14ff44431efad12df13fe99e3a6968b10,2017-11,Warwickshire Police,Warwickshire Police,-1.597346,52.274032,On or near Wordsworth Avenue,E01031325,Warwick 011E,Burglary,Investigation complete; no suspect identified,
f7ca2d5abba4199f8e4f6286d1e8cdd95f6e88d5e9fb6ed8595575997166ec80,2017-11,Warwickshire Police,Warwickshire Police,-1.593255,52.279071,On or near Monks Way,E01031325,Warwick 011E,Burglary,Status update unavailable,
8eb91e91c310886e2ccd3ec35b30fff2226572b82e40e647f4548a383e311eb2,2017-11,Warwickshire Police,Warwickshire Police,-1.593654,52.278740,On or near Crompton Street,E01031325,Warwick 011E,Criminal damage and arson,Status update unavailable,
55dca8ca3ff9e11344c35aeba3eb754a41570a19fa5be0bf869b8bfa3f01bb7f,2017-11,Warwickshire Police,Warwickshire Police,-1.593255,52.279071,On or near Monks Way,E01031325,Warwick 011E,Criminal damage and arson,Investigation complete; no suspect identified,
d727b4c719b7865a7ab268a358f65a90a7e6b3481b16e15d011e78395e640d20,2017-11,Warwickshire Police,Warwickshire Police,-1.595918,52.277947,On or near Stand Street,E01031325,Warwick 011E,Criminal damage and arson,Investigation complete; no suspect identified,
428a0836aac896fe4823599d9167afd82bf1c907fd25aa28c0638110fec344d5,2017-11,Warwickshire Police,Warwickshire Police,-1.593255,52.279071,On or near Monks Way,E01031325,Warwick 011E,Criminal damage and arson,Status update unavailable,
bd9e7381541493d6621661c97acc3acdff3835c7a8db6f845b0a42c5e64633ba,2017-11,Warwickshire Police,Warwickshire Police,-1.593255,52.279071,On or near Monks Way,E01031325,Warwick 011E,Criminal damage and arson,Status update unavailable,
926d86d7df17f813f3a28a5ef2432e6e0b4a6f9e4572ad3bd46104aeac2a4c8a,2017-11,Warwickshire Police,Warwickshire Police,-1.594888,52.278393,On or near Woodhouse Street,E01031325,Warwick 011E,Criminal damage and arson,Investigation complete; no suspect identified,
71238a1313571ee765fa3906827b8cf27402907071095d69fdfc3a87707b0974,2017-11,Warwickshire Police,Warwickshire Police,-1.593255,52.279071,On or near Monks Way,E01031325,Warwick 011E,Criminal damage and arson,Status update unavailable,
95bfa04a625064874c2ef2be7b779a7d9a9cda239d265393d8852b7db7f8d11c,2017-11,Warwickshire Police,Warwickshire Police,-1.593255,52.279071,On or near Monks Way,E01031325,Warwick 011E,Criminal damage and arson,Investigation complete; no suspect identified,
80c4fa6ccc9187a2bd707f439706abf5fca8157f2e9ad4e65a462ce5583ded4c,2017-11,Warwickshire Police,Warwickshire Police,-1.593255,52.279071,On or near Monks Way,E01031325,Warwick 011E,Criminal damage and arson,Investigation complete; no suspect identified,
991e0258b2059fafe5572c483477ced5cba17b56809acc496644fe4a9c615cd4,2017-11,Warwickshire Police,Warwickshire Police,-1.593654,52.278740,On or near Crompton Street,E01031325,Warwick 011E,Criminal damage and arson,Status update unavailable,
63984fc15e0e5c9ad24ebf54d81ba89e734c85cf0b9d4b2a5249b7306ce9ba75,2017-11,Warwickshire Police,Warwickshire Police,-1.599932,52.273304,On or near Shakespeare Avenue,E01031325,Warwick 011E,Public order,Status update unavailable,
0dd447e4c865dbd5435e8702f3003ea57db661db704fa7302a8b0f49bc861f64,2017-11,Warwickshire Police,Warwickshire Police,-1.597346,52.274032,On or near Wordsworth Avenue,E01031325,Warwick 011E,Theft from the person,Status update unavailable,
5676ba8fb5ccc7b2366b357f57200c9abdfe0bba1c7cfb2ce8c63310e46ff73c,2017-11,Warwickshire Police,Warwickshire Police,-1.593255,52.279071,On or near Monks Way,E01031325,Warwick 011E,Vehicle crime,Investigation complete; no suspect identified,
f7f477fdb336a2af97dd0b71367754329cd8f8ade37b29b6eadf79dab004fcd2,2017-11,Warwickshire Police,Warwickshire Police,-1.593618,52.277831,On or near Charter Approach,E01031325,Warwick 011E,Violence and sexual offences,Status update unavailable,
6e73c34943bdeab7fae85e6df63e8d482d2cdc28c0a7e9d422a9b7a163c7c472,2017-11,Warwickshire Police,Warwickshire Police,-1.597346,52.274032,On or near Wordsworth Avenue,E01031325,Warwick 011E,Violence and sexual offences,Unable to prosecute suspect,
4e00be339084771a570a951347aba422d0f4c7dee331af8344ed0b41a7135e7f,2017-11,Warwickshire Police,Warwickshire Police,-1.599932,52.273304,On or near Shakespeare Avenue,E01031325,Warwick 011E,Violence and sexual offences,Court case unable to proceed,
26d28400e8a4bf0f786f111d1c1c3e37cb2933c9300f1b9476e978d1f9d6919c,2017-11,Warwickshire Police,Warwickshire Police,-1.593255,52.279071,On or near Monks Way,E01031325,Warwick 011E,Violence and sexual offences,Status update unavailable,
,2017-11,Warwickshire Police,Warwickshire Police,-1.609428,52.270045,On or near Leylands Way,E01033254,Warwick 011G,Anti-social behaviour,,
690b962fdc58e72a7a76b5739eef37e4b46ad5539e7dce92400bc8884ca490dd,2017-11,Warwickshire Police,Warwickshire Police,-1.608620,52.268613,On or near Alder Meadow,E01033254,Warwick 011G,Criminal damage and arson,Investigation complete; no suspect identified,
4b26b0b0333b788653471e1aee6ce48c6dd1a73df6571252b41bc8a108894494,2017-11,Warwickshire Police,Warwickshire Police,-1.609541,52.268922,On or near The Marish,E01033254,Warwick 011G,Other theft,Investigation complete; no suspect identified,
573dfc8c580bf0d87d369c2f52232505525abe41470a25b8bef3f01806628c56,2017-11,Warwickshire Police,Warwickshire Police,-1.609428,52.270045,On or near Leylands Way,E01033254,Warwick 011G,Public order,Status update unavailable,
b02d5f4dc391bbae7aa4f9807a1ac2f15fa278eb78c1cedb5e8e1725a5b0b09f,2017-11,Warwickshire Police,Warwickshire Police,-1.609696,52.269579,On or near Narrow Hall Meadow,E01033254,Warwick 011G,Public order,Unable to prosecute suspect,
5e8ea7a855ceb318e48b19cc9f5fc8aea0dfbe9b1c13e57cd61074c3c018cddb,2017-11,Warwickshire Police,Warwickshire Police,-1.608620,52.268613,On or near Alder Meadow,E01033254,Warwick 011G,Theft from the person,Investigation complete; no suspect identified,
38d9c8dd6303641b063a10012bbb8467e50a081d98b630f7920ee4321d0c51f3,2017-11,Warwickshire Police,Warwickshire Police,-1.609541,52.268922,On or near The Marish,E01033254,Warwick 011G,Vehicle crime,Investigation complete; no suspect identified,
9d4ef5ef81693871caf5ad855ea71f610e9569afb8f7f21a41f9c75ace83592f,2017-11,Warwickshire Police,Warwickshire Police,-1.609708,52.268176,On or near Claypitts Boulevard,E01033254,Warwick 011G,Violence and sexual offences,Formal action is not in the public interest,
,2017-11,Warwickshire Police,Warwickshire Police,-1.607654,52.271846,On or near Lee Meadowe,E01033255,Warwick 011H,Anti-social behaviour,,
,2017-11,Warwickshire Police,Warwickshire Police,-1.601429,52.273066,On or near Tennyson Avenue,E01033255,Warwick 011H,Anti-social behaviour,,
,2017-11,Warwickshire Police,Warwickshire Police,-1.607654,52.271846,On or near Lee Meadowe,E01033255,Warwick 011H,Anti-social behaviour,,
,2017-11,Warwickshire Police,Warwickshire Police,-1.601360,52.270917,On or near Shelley Avenue,E01033255,Warwick 011H,Anti-social behaviour,,
,2017-11,Warwickshire Police,Warwickshire Police,-1.605622,52.272901,On or near Robins Grove,E01033255,Warwick 011H,Anti-social behaviour,,
aae57b397a7861c5d8ae3849352685dd3778c3ae38f5c2f2deb246e2eb3b7fd9,2017-11,Warwickshire Police,Warwickshire Police,-1.605681,52.271193,On or near Shreres Dyche,E01033255,Warwick 011H,Burglary,Awaiting court outcome,
8bb50f009333ebbb84cc21fac00570cb5864f22683b87ad70624cfbbd67ddbfd,2017-11,Warwickshire Police,Warwickshire Police,-1.608712,52.271508,On or near Price Close East,E01033255,Warwick 011H,Criminal damage and arson,Investigation complete; no suspect identified,
d1d4a2e38e96c9950d6bbf01f27f8b4a1e89dfc5835cafd1c67b233293ddb3c2,2017-11,Warwickshire Police,Warwickshire Police,-1.608712,52.271508,On or near Price Close East,E01033255,Warwick 011H,Criminal damage and arson,Investigation complete; no suspect identified,
b9d8df6e2c1c6184abfa46fbacefd96877704c1b668e0d8a2e172cb1dbe0d88a,2017-11,Warwickshire Police,Warwickshire Police,-1.608754,52.266717,On or near Hickmans Green Close,E01033255,Warwick 011H,Other theft,Investigation complete; no suspect identified,
dd18f12d15f1d5e0946a7f721d6d959a35bd6e8febca66ec6a54e4506520163b,2017-11,Warwickshire Police,Warwickshire Police,-1.601360,52.270917,On or near Shelley Avenue,E01033255,Warwick 011H,Vehicle crime,Investigation complete; no suspect identified,
cf2f946032d61a9f3b5c0e7e188f040c99aed36c4c4087654cb2cefd33b13032,2017-11,Warwickshire Police,Warwickshire Police,-1.612107,52.273758,On or near Young Close,E01033255,Warwick 011H,Vehicle crime,Investigation complete; no suspect identified,
3837c0db9dd825b74d301f5af9186721e1d39672623a24990bdf33f95347f9ca,2017-11,Warwickshire Police,Warwickshire Police,-1.601360,52.270917,On or near Shelley Avenue,E01033255,Warwick 011H,Vehicle crime,Investigation complete; no suspect identified,
a6abc3abbc1fd7c3a3608cc2fa98d5f0550337cb7d2c2a1bdd7e6b499d7b6428,2017-11,Warwickshire Police,Warwickshire Police,-1.601360,52.270917,On or near Shelley Avenue,E01033255,Warwick 011H,Violence and sexual offences,Status update unavailable,
7f11cd2828767e67f728da6e88550c4570c35e23bb381fc34d20803782391877,2017-11,Warwickshire Police,Warwickshire Police,-1.598040,52.270214,On or near Stratford Road,E01033255,Warwick 011H,Violence and sexual offences,Investigation complete; no suspect identified,
,2017-11,Warwickshire Police,Warwickshire Police,-1.540751,52.267829,On or near Phebe Close,E01031315,Warwick 012A,Anti-social behaviour,,
,2017-11,Warwickshire Police,Warwickshire Police,-1.554390,52.271046,On or near Bird Road,E01031315,Warwick 012A,Anti-social behaviour,,
,2017-11,Warwickshire Police,Warwickshire Police,-1.538940,52.268649,On or near Cressida Close,E01031315,Warwick 012A,Anti-social behaviour,,
,2017-11,Warwickshire Police,Warwickshire Police,-1.547865,52.270006,On or near Cassandra Grove,E01031315,Warwick 012A,Anti-social behaviour,,
,2017-11,Warwickshire Police,Warwickshire Police,-1.547119,52.275649,On or near Athena Drive,E01031315,Warwick 012A,Anti-social behaviour,,
,2017-11,Warwickshire Police,Warwickshire Police,-1.554496,52.272233,On or near Blick Road,E01031315,Warwick 012A,Anti-social behaviour,,
,2017-11,Warwickshire Police,Warwickshire Police,-1.554104,52.282112,On or near Cleeves Avenue,E01031315,Warwick 012A,Anti-social behaviour,,
deee321da9f13d1316757212798a7a7424182a6a8a392ebdc88a159ce434de52,2017-11,Warwickshire Police,Warwickshire Police,-1.535652,52.269158,On or near Further/Higher Educational Building,E01031315,Warwick 012A,Bicycle theft,Investigation complete; no suspect identified,
46acaf21a8251db67fe51b5006ccf916c94827216106f9ac33fdc1ccf8527e28,2017-11,Warwickshire Police,Warwickshire Police,-1.535652,52.269158,On or near Further/Higher Educational Building,E01031315,Warwick 012A,Bicycle theft,Investigation complete; no suspect identified,
9ec469aef86e942c2c0eec21954261dbebb2cd9f20731957b86072d7928ae361,2017-11,Warwickshire Police,Warwickshire Police,-1.554390,52.271046,On or near Bird Road,E01031315,Warwick 012A,Burglary,Investigation complete; no suspect identified,
0eb9618baedd151298ccc759db0653b1d73fdaa95b373cecec6fe2b0ca69157d,2017-11,Warwickshire Police,Warwickshire Police,-1.559277,52.280783,On or near Camel Close,E01031315,Warwick 012A,Burglary,Investigation complete; no suspect identified,
1d8e026fc8839ce403e2eb920347ef5d6e23f39a964e533aa6da023eb3f9382f,2017-11,Warwickshire Police,Warwickshire Police,-1.554104,52.282112,On or near Cleeves Avenue,E01031315,Warwick 012A,Burglary,Investigation complete; no suspect identified,
411eaccb97490efa524b26c3c01bb4f1eb10d34fe6a4ce8827865b7acad9e2dd,2017-11,Warwickshire Police,Warwickshire Police,-1.538940,52.268649,On or near Cressida Close,E01031315,Warwick 012A,Burglary,Court result unavailable,
f88f1eb66fa53a785cd83abc587f9d1e7f1c7c1d56c29daf7bd06d4ebbde0585,2017-11,Warwickshire Police,Warwickshire Police,-1.550480,52.276650,On or near Olympus Avenue,E01031315,Warwick 012A,Burglary,Investigation complete; no suspect identified,
befa92a4786b7d2c8d5c4071238f3cb1afced100d81391d62adb1a67a8c27fcb,2017-11,Warwickshire Police,Warwickshire Police,-1.554390,52.271046,On or near Bird Road,E01031315,Warwick 012A,Criminal damage and arson,Unable to prosecute suspect,
1316e183752e6f71b301f1998cc34af8a293059d1639dd15aea16c35bd8f3cd3,2017-11,Warwickshire Police,Warwickshire Police,-1.548932,52.278892,On or near Shopping Area,E01031315,Warwick 012A,Other theft,Investigation complete; no suspect identified,
ee513b5caaad10d740444881067280357440a4c2a2e7abfe0cb0f7f84cea219d,2017-11,Warwickshire Police,Warwickshire Police,-1.554390,52.271046,On or near Bird Road,E01031315,Warwick 012A,Other theft,Investigation complete; no suspect identified,
96ec95710225aee5019e2b68e216e09108fefa2fcc11a208fed946eadd856fc1,2017-11,Warwickshire Police,Warwickshire Police,-1.548932,52.278892,On or near Shopping Area,E01031315,Warwick 012A,Other theft,Investigation complete; no suspect identified,
6b9dd297d2ce990903c4ba7472f333fb961a897e22b2b9e37565e35bf5723f3f,2017-11,Warwickshire Police,Warwickshire Police,-1.548932,52.278892,On or near Shopping Area,E01031315,Warwick 012A,Other theft,Investigation complete; no suspect identified,
63a132978c393a20eee0b4f7d495f64c2951b6e4303a19dfbb3684e08c6b923d,2017-11,Warwickshire Police,Warwickshire Police,-1.548932,52.278892,On or near Shopping Area,E01031315,Warwick 012A,Other theft,Investigation complete; no suspect identified,
7293fa6253870ca483257e9e5890a39ef69b1f566ecf990080bf36cc3c47f95b,2017-11,Warwickshire Police,Warwickshire Police,-1.554390,52.271046,On or near Bird Road,E01031315,Warwick 012A,Other theft,Investigation complete; no suspect identified,
1f52663ae7c83cb753ebe141be54607e04bebfa655debd23dc4a6bc2008cd89a,2017-11,Warwickshire Police,Warwickshire Police,-1.556236,52.281392,On or near Boleyn Close,E01031315,Warwick 012A,Other theft,Investigation complete; no suspect identified,
0b84d910de52fa57812e7adc2281d1ce87158eab30aeb0816019281075d697a6,2017-11,Warwickshire Police,Warwickshire Police,-1.540751,52.267829,On or near Phebe Close,E01031315,Warwick 012A,Public order,Status update unavailable,
4eec7c2d4c4c5eecce262b5274de25dec61be1480698afcbd7295a3a2ab25ee6,2017-11,Warwickshire Police,Warwickshire Police,-1.548932,52.278892,On or near Shopping Area,E01031315,Warwick 012A,Robbery,Status update unavailable,
677a7e20e889abfb8925914fbd495c1464e53885391907637a2d47d1fdf21ea4,2017-11,Warwickshire Police,Warwickshire Police,-1.548932,52.278892,On or near Shopping Area,E01031315,Warwick 012A,Shoplifting,Investigation complete; no suspect identified,
fd1c09567a147882c289c64143255fa9303bdd5d045d460c2add82e8ac4fce62,2017-11,Warwickshire Police,Warwickshire Police,-1.548932,52.278892,On or near Shopping Area,E01031315,Warwick 012A,Shoplifting,Local resolution,
3bf31ddfbe95031b991e345ab79a8acd75ead65bce9de1335930c1b12f394610,2017-11,Warwickshire Police,Warwickshire Police,-1.548932,52.278892,On or near Shopping Area,E01031315,Warwick 012A,Shoplifting,Investigation complete; no suspect identified,
0819b86b2432df49f2e771f5538bd0be852fea99267f80c282b786135ce3e7ca,2017-11,Warwickshire Police,Warwickshire Police,-1.547898,52.276856,On or near Apollo Way,E01031315,Warwick 012A,Shoplifting,Status update unavailable,
e1a7e9d4110698bc77269ed32525fa00fd48abacef9dced8a2bbd96025cc4209,2017-11,Warwickshire Police,Warwickshire Police,-1.548932,52.278892,On or near Shopping Area,E01031315,Warwick 012A,Shoplifting,Offender fined,
1e971d2462e6d13ca3520f8787fd399d3ec74a12830c32215396617f30b40947,2017-11,Warwickshire Police,Warwickshire Police,-1.547898,52.276856,On or near Apollo Way,E01031315,Warwick 012A,Shoplifting,Offender sent to prison,
691efe4c81fe6f240047f4d03aa1f4c11d5d3a942402f380528febf8aaaa19c8,2017-11,Warwickshire Police,Warwickshire Police,-1.548932,52.278892,On or near Shopping Area,E01031315,Warwick 012A,Shoplifting,Investigation complete; no suspect identified,
82c48162dceb3e4d67b37a22be7056fbbbf4e4a563a0af4fc08ae252f548d1ee,2017-11,Warwickshire Police,Warwickshire Police,-1.547898,52.276856,On or near Apollo Way,E01031315,Warwick 012A,Shoplifting,Local resolution,
e6f27ab41a14a39588a7130bd0350d7c424add3f29fc0af3153194bd64fa08dc,2017-11,Warwickshire Police,Warwickshire Police,-1.554390,52.271046,On or near Bird Road,E01031315,Warwick 012A,Vehicle crime,Status update unavailable,
777e049f26fa91cc3cf4faa247ce44282dbbbeeeff1c199cb592bcbd0c581097,2017-11,Warwickshire Police,Warwickshire Police,-1.562327,52.279113,On or near The Malins,E01031315,Warwick 012A,Vehicle crime,Status update unavailable,
9a1154c308ead0fb414e7df98794d949849b8f70db73cc0a6eabc80ab7066d16,2017-11,Warwickshire Police,Warwickshire Police,-1.554390,52.271046,On or near Bird Road,E01031315,Warwick 012A,Vehicle crime,Investigation complete; no suspect identified,
c6b4aa13736620f78d7a0bab160ffd3ef20dc154f114fc8dcf98ddc841d6dfd9,2017-11,Warwickshire Police,Warwickshire Police,-1.555044,52.271642,On or near Hurlbutt Road,E01031315,Warwick 012A,Vehicle crime,Investigation complete; no suspect identified,
6aec726502ab240bbf68da7a3d2446db954882f57faf1b5c2e5b8589a623c30e,2017-11,Warwickshire Police,Warwickshire Police,-1.547898,52.276856,On or near Apollo Way,E01031315,Warwick 012A,Vehicle crime,Investigation complete; no suspect identified,
b4e68234288d256b49a7b66e56dc13d5b386ec14aec307174c08642d73ab2783,2017-11,Warwickshire Police,Warwickshire Police,-1.542035,52.269767,On or near Balthazar Close,E01031315,Warwick 012A,Violence and sexual offences,Offender given a caution,
5fbdc2c0d2f1f5b662ddbbe31d64f5759c64cca0541109b35be9122fe514a29d,2017-11,Warwickshire Police,Warwickshire Police,-1.544514,52.269489,On or near Cleopatra Grove,E01031315,Warwick 012A,Violence and sexual offences,Status update unavailable,
61b51ace648cebce2bc37d58c8d82355990fb57002aa618b1617fac70bd04725,2017-11,Warwickshire Police,Warwickshire Police,-1.548226,52.269099,On or near Tybalt Close,E01031315,Warwick 012A,Violence and sexual offences,Status update unavailable,
4a48e26f3500911337b2fc4bbcce2f90b3df0901426a788c6938493553523e1c,2017-11,Warwickshire Police,Warwickshire Police,-1.548932,52.278892,On or near Shopping Area,E01031315,Warwick 012A,Violence and sexual offences,Investigation complete; no suspect identified,
3a4e11d5be19f2f4c8722f7a8b7267be3a4a3e9c09976815356d475d5c4ea316,2017-11,Warwickshire Police,Warwickshire Police,-1.556236,52.281392,On or near Boleyn Close,E01031315,Warwick 012A,Violence and sexual offences,Status update unavailable,
836c7f388495bb32622d6bc7d54f00c22f2c3000fe74dc2f37d6e1490008a51a,2017-11,Warwickshire Police,Warwickshire Police,-1.554104,52.282112,On or near Cleeves Avenue,E01031315,Warwick 012A,Violence and sexual offences,Unable to prosecute suspect,
87e6c8cef3b2e19864b423bdbc731e0b9715f2d7ecf55588f139af9c02fa8147,2017-11,Warwickshire Police,Warwickshire Police,-1.537437,52.267987,On or near Coriolanus Square,E01031315,Warwick 012A,Violence and sexual offences,Formal action is not in the public interest,
cba59d16c6db9c6739ac71c3e0fa29cd1900606898b31baffe9584dfa1e4d9bc,2017-11,Warwickshire Police,Warwickshire Police,-1.554390,52.271046,On or near Bird Road,E01031315,Warwick 012A,Violence and sexual offences,Status update unavailable,
c4926f2f9a8a54eeb923e03603f9d7981e18c7f1228041a3e4680109c99a7f51,2017-11,Warwickshire Police,Warwickshire Police,-1.542035,52.269767,On or near Balthazar Close,E01031315,Warwick 012A,Violence and sexual offences,Status update unavailable,
,2017-11,Warwickshire Police,Warwickshire Police,-1.576567,52.282968,On or near Sports/Recreation Area,E01031316,Warwick 012B,Anti-social behaviour,,
,2017-11,Warwickshire Police,Warwickshire Police,-1.579255,52.283904,On or near Bartlett Close,E01031316,Warwick 012B,Anti-social behaviour,,
,2017-11,Warwickshire Police,Warwickshire Police,-1.579159,52.283238,On or near Weston Close,E01031316,Warwick 012B,Anti-social behaviour,,
,2017-11,Warwickshire Police,Warwickshire Police,-1.561817,52.283247,On or near Bennett Drive,E01031316,Warwick 012B,Anti-social behaviour,,
0634164f6ebf5187dbedcd976bd4edee6720c349ab7923196cbdced4bf606b7f,2017-11,Warwickshire Police,Warwickshire Police,-1.561817,52.283247,On or near Bennett Drive,E01031316,Warwick 012B,Burglary,Investigation complete; no suspect identified,
8cd715501d342135b99d669469de25e8eb5923b1fc434ede558ea0eb5952dfca,2017-11,Warwickshire Police,Warwickshire Police,-1.572666,52.284653,On or near Meadow Road,E01031316,Warwick 012B,Burglary,Investigation complete; no suspect identified,
9b5d88429aa11c895989e2982b97d96c5c29410af119092fd6a876c859210247,2017-11,Warwickshire Police,Warwickshire Police,-1.568197,52.281463,On or near Holioak Drive,E01031316,Warwick 012B,Burglary,Investigation complete; no suspect identified,
a77c54e696e306cb16b2fe94de2545fae7dff77e71f2b72075dc37068dcc188d,2017-11,Warwickshire Police,Warwickshire Police,-1.570968,52.284395,On or near Avon Street,E01031316,Warwick 012B,Burglary,Investigation complete; no suspect identified,
f25d52c41914ddf0e9c058eb49d33f56592de42d5a35cffc0e4e5c54856981ae,2017-11,Warwickshire Police,Warwickshire Police,-1.572666,52.284653,On or near Meadow Road,E01031316,Warwick 012B,Burglary,Investigation complete; no suspect identified,
66133557b09c7b334768b37a0338fbb44fd66bd04c54bafd8aac70598b7a0f08,2017-11,Warwickshire Police,Warwickshire Police,-1.572124,52.284651,On or near Pickard Street,E01031316,Warwick 012B,Criminal damage and arson,Investigation complete; no suspect identified,
f9977cf43b78400dafb5298699b8c622a3006fdbd321d1b0ae7d2084efb5a37d,2017-11,Warwickshire Police,Warwickshire Police,-1.575958,52.282265,On or near Sports/Recreation Area,E01031316,Warwick 012B,Other theft,Investigation complete; no suspect identified,
74dc4bb865e15c654c3e9291f2c3308735a33233c0a9f084bb37a27250820c48,2017-11,Warwickshire Police,Warwickshire Police,-1.570968,52.284395,On or near Avon Street,E01031316,Warwick 012B,Public order,Investigation complete; no suspect identified,
5e23f051c896a34eb797562dcf127172011cd33c497c97a5e0f93e886ba194a7,2017-11,Warwickshire Police,Warwickshire Police,-1.575958,52.282265,On or near Sports/Recreation Area,E01031316,Warwick 012B,Robbery,Offender given a caution,
06279c320b07a65f3840f110b018a25df2215d39861a0d654930377af104e566,2017-11,Warwickshire Police,Warwickshire Police,-1.577727,52.284294,On or near Supermarket,E01031316,Warwick 012B,Shoplifting,Offender sent to prison,
2df188cf84b5c9a54ab39536596ba3a04a4bd96eecf31094c7d0dd2522b92371,2017-11,Warwickshire Police,Warwickshire Police,-1.572124,52.284651,On or near Pickard Street,E01031316,Warwick 012B,Vehicle crime,Investigation complete; no suspect identified,
f97f1e045d1f59e2da6bc7f094af9ae4024ca98439bd202b247aca58b185f958,2017-11,Warwickshire Police,Warwickshire Police,-1.578434,52.285456,On or near Cherry Street,E01031316,Warwick 012B,Vehicle crime,Status update unavailable,
a1c6d5fe524efcf4cba65a848b7fe1bc738e6d02908ac29ce47833fb2f70368c,2017-11,Warwickshire Police,Warwickshire Police,-1.576702,52.285711,On or near Broad Street,E01031316,Warwick 012B,Violence and sexual offences,Status update unavailable,
638b50aa04b7a196cf37b27103dfdac87eac5f60eb635cbc138f55223663424f,2017-11,Warwickshire Police,Warwickshire Police,-1.576702,52.285711,On or near Broad Street,E01031316,Warwick 012B,Violence and sexual offences,Status update unavailable,
0781194759e5bd88edca8b02d7a84965cb98a2a87d16e75013af15460ec1488e,2017-11,Warwickshire Police,Warwickshire Police,-1.579255,52.283904,On or near Bartlett Close,E01031316,Warwick 012B,Violence and sexual offences,Investigation complete; no suspect identified,
ec902bac258359d3656c4ff5836e08d12d452ad1f17b1a76e0a30a272804afcb,2017-11,Warwickshire Police,Warwickshire Police,-1.581048,52.283451,On or near St Johns,E01031316,Warwick 012B,Violence and sexual offences,Status update unavailable,
8211143f99c3b6c568f750977eabbf6ef0450270b875b5be19d287e25733e87f,2017-11,Warwickshire Police,Warwickshire Police,-1.579255,52.283904,On or near Bartlett Close,E01031316,Warwick 012B,Violence and sexual offences,Status update unavailable,
d83092176109747feb833625931efcb06bfd67c9cdbc7cbcc5b60405372bec54,2017-11,Warwickshire Police,Warwickshire Police,-1.572124,52.284651,On or near Pickard Street,E01031316,Warwick 012B,Violence and sexual offences,Status update unavailable,
,2017-11,Warwickshire Police,Warwickshire Police,-1.583282,52.282812,On or near Smith Street,E01031317,Warwick 012C,Anti-social behaviour,,
,2017-11,Warwickshire Police,Warwickshire Police,-1.587097,52.280848,On or near Castle Street,E01031317,Warwick 012C,Anti-social behaviour,,
,2017-11,Warwickshire Police,Warwickshire Police,-1.583282,52.282812,On or near Smith Street,E01031317,Warwick 012C,Anti-social behaviour,,
,2017-11,Warwickshire Police,Warwickshire Police,-1.586371,52.281726,On or near Jury Street,E01031317,Warwick 012C,Anti-social behaviour,,
,2017-11,Warwickshire Police,Warwickshire Police,-1.596172,52.272563,On or near Alders Grove,E01031317,Warwick 012C,Anti-social behaviour,,
,2017-11,Warwickshire Police,Warwickshire Police,-1.590799,52.278370,On or near Castle Close,E01031317,Warwick 012C,Anti-social behaviour,,
,2017-11,Warwickshire Police,Warwickshire Police,-1.579638,52.282152,On or near Parking Area,E01031317,Warwick 012C,Anti-social behaviour,,
6b94d836b0900b6b298a2d285a5198165f7903f55aeca43fb7f8c075a68c6a33,2017-11,Warwickshire Police,Warwickshire Police,-1.582952,52.280536,On or near Mill Street,E01031317,Warwick 012C,Other theft,Investigation complete; no suspect identified,
dc81f1bcee3cc6c6f8bd49b3dd46725dd700075aa65f45a46196996991e5c8bc,2017-11,Warwickshire Police,Warwickshire Police,-1.580166,52.277524,On or near Bridge End,E01031317,Warwick 012C,Vehicle crime,Investigation complete; no suspect identified,
19781e8c2e4394644b49d3f2a83bc3a2547dd0a7e47944a7fa8d92a37fc24a32,2017-11,Warwickshire Police,Warwickshire Police,-1.582952,52.280536,On or near Mill Street,E01031317,Warwick 012C,Violence and sexual offences,Investigation complete; no suspect identified,
b38fc3a6a26a1df9c879967da6f395bcabfc6a817471f1a975533a9ee517052b,2017-11,Warwickshire Police,Warwickshire Police,-1.582157,52.282457,On or near St Nicholas Church Street,E01031317,Warwick 012C,Violence and sexual offences,Investigation complete; no suspect identified,
a1a133517e05cad77cacc2f93e41a6baa101d698cb637f064bcd21716ff979cc,2017-11,Warwickshire Police,Warwickshire Police,-1.590799,52.278370,On or near Castle Close,E01031317,Warwick 012C,Violence and sexual offences,Status update unavailable,
e244797d0c06f46867292a5fa75bbd3442cbfbc3a7be83808cf5feee4ae13fa5,2017-11,Warwickshire Police,Warwickshire Police,-1.590799,52.278370,On or near Castle Close,E01031317,Warwick 012C,Violence and sexual offences,Status update unavailable,
faa810e2eb198e93357f6e2b4ec025aa6c5e87d1b0abec0205e29d9a17f06869,2017-11,Warwickshire Police,Warwickshire Police,-1.588014,52.280015,On or near Castle Lane,E01031317,Warwick 012C,Violence and sexual offences,Unable to prosecute suspect,
,2017-11,Warwickshire Police,Warwickshire Police,-1.540750,52.265042,On or near Caliban Mews,E01031318,Warwick 012D,Anti-social behaviour,,
,2017-11,Warwickshire Police,Warwickshire Police,-1.544680,52.266226,On or near Falstaff Grove,E01031318,Warwick 012D,Anti-social behaviour,,
047552a4512c3ce12e8c16f4188eb0db24606729f2aee23622aaf984edb364bf,2017-11,Warwickshire Police,Warwickshire Police,-1.545312,52.264539,On or near Imogen Gardens,E01031318,Warwick 012D,Burglary,Investigation complete; no suspect identified,
6b4a6b59a5e682edb861dcbd1ddf897fa868ef12da4758ec3fe8a4cc867c809d,2017-11,Warwickshire Police,Warwickshire Police,-1.542092,52.265632,On or near Lady Grey Avenue,E01031318,Warwick 012D,Criminal damage and arson,Investigation complete; no suspect identified,
d320df268912da73bbe2d0dccc12375d7d9fbce8a43c5580449b371ad13f984f,2017-11,Warwickshire Police,Warwickshire Police,-1.538678,52.265655,On or near Banquo Approach,E01031318,Warwick 012D,Criminal damage and arson,Investigation complete; no suspect identified,
020ab1edc5a046a6684609ada1ebeb5962194e63573801ad29fd78f0367ead73,2017-11,Warwickshire Police,Warwickshire Police,-1.539155,52.264820,On or near Othello Avenue,E01031318,Warwick 012D,Criminal damage and arson,Investigation complete; no suspect identified,
5c99f518cb73478bda1a4bc06c36bc2114559baa47786ab579cf7c558fc36446,2017-11,Warwickshire Police,Warwickshire Police,-1.547105,52.265480,On or near Capulet Drive,E01031318,Warwick 012D,Vehicle crime,Investigation complete; no suspect identified,
fc0b63afad4647fb4ae6d703abe60199f639b8343c3a6bfab7ee2c975e31b79e,2017-11,Warwickshire Police,Warwickshire Police,-1.545487,52.267515,On or near Plantagenet Park,E01031318,Warwick 012D,Vehicle crime,Investigation complete; no suspect identified,
9e7b16f286f68589992966272cb9d0c87563158e3c5281937371047c6063f9cd,2017-11,Warwickshire Police,Warwickshire Police,-1.546197,52.263949,On or near Tressel Croft,E01031318,Warwick 012D,Violence and sexual offences,Court result unavailable,
,2017-11,Warwickshire Police,Warwickshire Police,-1.575559,52.288691,On or near Cliffe Way,E01031319,Warwick 012E,Anti-social behaviour,,
,2017-11,Warwickshire Police,Warwickshire Police,-1.573344,52.285806,On or near Basant Close,E01031319,Warwick 012E,Anti-social behaviour,,
,2017-11,Warwickshire Police,Warwickshire Police,-1.565697,52.286722,On or near Petrol Station,E01031319,Warwick 012E,Anti-social behaviour,,
79f98a9bfaef04a0926d2ea40e0e904bf840ca410cc92b27e90e3c9ca374ab6e,2017-11,Warwickshire Police,Warwickshire Police,-1.570534,52.285347,On or near Kemp Close,E01031319,Warwick 012E,Burglary,Investigation complete; no suspect identified,
e5cc99b235c2a052d43668355e18c95be72940009c27fe48a2351eb9d0cf643d,2017-11,Warwickshire Police,Warwickshire Police,-1.570534,52.285347,On or near Kemp Close,E01031319,Warwick 012E,Burglary,Investigation complete; no suspect identified,
d524275979d2b1ccd0a645fecf20e5650dd8836670954dbff577fb2c77bb18ba,2017-11,Warwickshire Police,Warwickshire Police,-1.576044,52.288639,On or near Guy'S Close,E01031319,Warwick 012E,Burglary,Investigation complete; no suspect identified,
637e7d4cfa6dc516d68d60634807c069bb66f0a30a149f8882a01f489d81615d,2017-11,Warwickshire Police,Warwickshire Police,-1.565697,52.286722,On or near Petrol Station,E01031319,Warwick 012E,Possession of weapons,Court result unavailable,
68ca17ef5f53961164ccc531f19446092870205ea81ac141a1c5acbb52916667,2017-11,Warwickshire Police,Warwickshire Police,-1.565697,52.286722,On or near Petrol Station,E01031319,Warwick 012E,Shoplifting,Investigation complete; no suspect identified,
377585237c47a2cfc3970d57480ed1bf91a28823f837798dfa8f4c871afde9ee,2017-11,Warwickshire Police,Warwickshire Police,-1.565697,52.286722,On or near Petrol Station,E01031319,Warwick 012E,Shoplifting,Offender given community sentence,
e4454913455dd5c51b7977aafc5b8f6c556eed80339ec63c966c5201fd45aece,2017-11,Warwickshire Police,Warwickshire Police,-1.570534,52.285347,On or near Kemp Close,E01031319,Warwick 012E,Shoplifting,Investigation complete; no suspect identified,
8d3a912eefc4a0fd6b748a10448a3e599a15c64625e56dfb022a4be874e97c22,2017-11,Warwickshire Police,Warwickshire Police,-1.565697,52.286722,On or near Petrol Station,E01031319,Warwick 012E,Shoplifting,Local resolution,
6ecb1040e5d4e6798bf8d5a66a2001cac9e4f8d24987aa81590ee451907d9509,2017-11,Warwickshire Police,Warwickshire Police,-1.565697,52.286722,On or near Petrol Station,E01031319,Warwick 012E,Shoplifting,Offender fined,
1a751cc762add29dcaabf62109d1c6c316abae6525f58df3ab77eee8866aabd4,2017-11,Warwickshire Police,Warwickshire Police,-1.570534,52.285347,On or near Kemp Close,E01031319,Warwick 012E,Vehicle crime,Investigation complete; no suspect identified,
d062dda4e6198e96e9d1357484fd07eb68a8140db0eb3cbf19b0e21f41e825d6,2017-11,Warwickshire Police,Warwickshire Police,-1.574019,52.285782,On or near Ilex Court,E01031319,Warwick 012E,Vehicle crime,Formal action is not in the public interest,
2a6a5b10d8ff83fcf13e1ef5d5d921e18b2ea23ec2694a64cf9fe2ffdbb5639b,2017-11,Warwickshire Police,Warwickshire Police,-1.570702,52.287649,On or near Marne Close,E01031319,Warwick 012E,Vehicle crime,Investigation complete; no suspect identified,
0e51e89486f79ad1b63771c37440b0acbbc630756c04a771cd99f36407d654a7,2017-11,Warwickshire Police,Warwickshire Police,-1.570184,52.285121,On or near Maynard Avenue,E01031319,Warwick 012E,Violence and sexual offences,Status update unavailable,
b76e52d0ae41d4763efa1177c9e65c60af83280273fe6876714574e1b6b68779,2017-11,Warwickshire Police,Warwickshire Police,-1.570184,52.285121,On or near Maynard Avenue,E01031319,Warwick 012E,Violence and sexual offences,Status update unavailable,
abff1576f61063ad530331ddcd61fe440a1c25ee3c871a615ea188cd18e1823d,2017-11,Warwickshire Police,Warwickshire Police,-1.570184,52.285121,On or near Maynard Avenue,E01031319,Warwick 012E,Violence and sexual offences,Status update unavailable,
395ef6c2a62ea721f33b5aec29589eb2b9e3e36b7be29c1c4fe93cbcfd40d724,2017-11,Warwickshire Police,Warwickshire Police,-1.551143,52.283557,On or near Myton Crofts,E01031320,Warwick 012F,Burglary,Investigation complete; no suspect identified,
d9098cb3eba3fc6e18807c18e2beb6e2744e1318d26034af57023f24334a4f82,2017-11,Warwickshire Police,Warwickshire Police,-1.567851,52.286919,On or near Emscote Road,E01031320,Warwick 012F,Other theft,Status update unavailable,
79ef4266da7a6405ce31eca52f356a8da79c657145eb4068ce6a124d2c4afc17,2017-11,Warwickshire Police,Warwickshire Police,-1.552698,52.281927,On or near Parr Close,E01031320,Warwick 012F,Other theft,Investigation complete; no suspect identified,
811a018f113a822f58ce76c347e3aeff2363f221f0ceb85d961402f85f474d1f,2017-11,Warwickshire Police,Warwickshire Police,-1.548807,52.282623,On or near The Moorings,E01031320,Warwick 012F,Shoplifting,Investigation complete; no suspect identified,
e3557fcafed84369caa794969bfea01f16c01efae2fa3db7bb8a28290667117d,2017-11,Warwickshire Police,Warwickshire Police,-1.548807,52.282623,On or near The Moorings,E01031320,Warwick 012F,Shoplifting,Investigation complete; no suspect identified,
c59e9438a882fe4114dd4fc4f35d4deb6c4c6844e2081982872b89ad1961fb62,2017-11,Warwickshire Police,Warwickshire Police,-1.566833,52.287563,On or near Birch End,E01031320,Warwick 012F,Violence and sexual offences,Investigation complete; no suspect identified,
,2017-11,Warwickshire Police,Warwickshire Police,-1.531180,52.279138,On or near St John'S Road,E01031261,Warwick 013A,Anti-social behaviour,,
,2017-11,Warwickshire Police,Warwickshire Police,-1.536464,52.281181,On or near Viscount Close,E01031261,Warwick 013A,Anti-social behaviour,,
,2017-11,Warwickshire Police,Warwickshire Police,-1.540610,52.278590,On or near Queensway,E01031261,Warwick 013A,Anti-social behaviour,,
,2017-11,Warwickshire Police,Warwickshire Police,-1.540610,52.278590,On or near Queensway,E01031261,Warwick 013A,Anti-social behaviour,,
,2017-11,Warwickshire Police,Warwickshire Police,-1.540610,52.278590,On or near Queensway,E01031261,Warwick 013A,Anti-social behaviour,,
,2017-11,Warwickshire Police,Warwickshire Police,-1.531180,52.279138,On or near St John'S Road,E01031261,Warwick 013A,Anti-social behaviour,,
,2017-11,Warwickshire Police,Warwickshire Police,-1.533680,52.278365,On or near Tachbrook Road,E01031261,Warwick 013A,Anti-social behaviour,,
,2017-11,Warwickshire Police,Warwickshire Police,-1.542038,52.276546,On or near Hermes Close,E01031261,Warwick 013A,Anti-social behaviour,,
,2017-11,Warwickshire Police,Warwickshire Police,-1.531180,52.279138,On or near St John'S Road,E01031261,Warwick 013A,Anti-social behaviour,,
0acac0c78c045f513b3f53c4c63f5e2f4eff4eaebb35d410da95a0f857eb2c9c,2017-11,Warwickshire Police,Warwickshire Police,-1.531180,52.279138,On or near St John'S Road,E01031261,Warwick 013A,Burglary,Investigation complete; no suspect identified,
e2fa47658668ef17370e91628d375d44830d5edd0babe19bb1b6c9dce1cae462,2017-11,Warwickshire Police,Warwickshire Police,-1.540610,52.278590,On or near Queensway,E01031261,Warwick 013A,Burglary,Investigation complete; no suspect identified,
359db9f0a2359be2cba7e5e83edf8f85b23167bc813df7c4a90c02fc883f7478,2017-11,Warwickshire Police,Warwickshire Police,-1.535745,52.282680,On or near Flavel Crescent,E01031261,Warwick 013A,Burglary,Investigation complete; no suspect identified,
ae1c465e01efe4cc104ff9cdcf46d7b9896a8ff429a7352fa65881166710a52d,2017-11,Warwickshire Police,Warwickshire Police,-1.540610,52.278590,On or near Queensway,E01031261,Warwick 013A,Criminal damage and arson,Investigation complete; no suspect identified,
8ac153d6d8f52cd43612ef8817ff1a5a533201f9ce234c5f6bbae8f90c46c2cd,2017-11,Warwickshire Police,Warwickshire Police,-1.535433,52.277491,On or near Cashmore Avenue,E01031261,Warwick 013A,Other theft,Unable to prosecute suspect,
db98202fb34a6320cb3d26988f6c25a35eba1a30723595970e897a857461d36f,2017-11,Warwickshire Police,Warwickshire Police,-1.538088,52.284343,On or near Parking Area,E01031261,Warwick 013A,Other theft,Investigation complete; no suspect identified,
1e5032df586b1bb12cdea6048ea597391e04d72bf1c23bca7eb96257f394bf11,2017-11,Warwickshire Police,Warwickshire Police,-1.542038,52.276546,On or near Hermes Close,E01031261,Warwick 013A,Other theft,Status update unavailable,
63329da228134263a9cbb929b476ed96d9109316a0b8d46ce65010af4cecab02,2017-11,Warwickshire Police,Warwickshire Police,-1.536173,52.278240,On or near Hawthorn Road,E01031261,Warwick 013A,Public order,Status update unavailable,
e6cbc5926c0832eb8da0f899cebebf4ff1a414eded6e39b67f925fd84d2edb46,2017-11,Warwickshire Police,Warwickshire Police,-1.531180,52.279138,On or near St John'S Road,E01031261,Warwick 013A,Public order,Investigation complete; no suspect identified,
b137b759b083b2da77cc43d64f5edd4254fb7cf8dab9130ff578556b636734b4,2017-11,Warwickshire Police,Warwickshire Police,-1.538088,52.284343,On or near Parking Area,E01031261,Warwick 013A,Shoplifting,Unable to prosecute suspect,
9c6e927784e96847804c2069971afdfe80e88769e16b10a0fb7daa5719ca2792,2017-11,Warwickshire Police,Warwickshire Police,-1.533680,52.278365,On or near Tachbrook Road,E01031261,Warwick 013A,Shoplifting,Status update unavailable,
8c49e0ae8d01898c712b808eef5ee1e7ad56656d65831ac60d4761d6c609e71c,2017-11,Warwickshire Police,Warwickshire Police,-1.532558,52.279098,On or near St George'S Road,E01031261,Warwick 013A,Vehicle crime,Investigation complete; no suspect identified,
ab98e17609c81fad0517f5044b5df60d2edbb82fe68d1d03ba51e760d2fde18e,2017-11,Warwickshire Police,Warwickshire Police,-1.532558,52.279098,On or near St George'S Road,E01031261,Warwick 013A,Vehicle crime,Investigation complete; no suspect identified,
06aa6e59ff024bf647db25d8d2e4efe01a812d207d6e68ede9a4261637434023,2017-11,Warwickshire Police,Warwickshire Police,-1.531180,52.279138,On or near St John'S Road,E01031261,Warwick 013A,Violence and sexual offences,Formal action is not in the public interest,
0bc37e92a908b3ae2b2e16a669d0985172e9a47625c01bdada3a264874d572d8,2017-11,Warwickshire Police,Warwickshire Police,-1.536464,52.281181,On or near Viscount Close,E01031261,Warwick 013A,Violence and sexual offences,Court result unavailable,
329fd666c54cdcbd2f5038d05a88baea542d14cc5db2da769c9b2afbdf7aa4f6,2017-11,Warwickshire Police,Warwickshire Police,-1.535563,52.279029,On or near Baker Avenue,E01031261,Warwick 013A,Violence and sexual offences,Status update unavailable,
892e571bd1d662cf20c1838784f80de828bc3df6e17ec8a769e8d9049a08ba2d,2017-11,Warwickshire Police,Warwickshire Police,-1.535563,52.279029,On or near Baker Avenue,E01031261,Warwick 013A,Violence and sexual offences,Unable to prosecute suspect,
e19896b26a869e9af0c20208122fff63474a3f3c00d14adf7ced73a13fed49b9,2017-11,Warwickshire Police,Warwickshire Police,-1.537917,52.281079,On or near Edinburgh Crescent,E01031261,Warwick 013A,Violence and sexual offences,Status update unavailable,
15bb5af594f1b22fa6c28c86b8cdaa99534e2f12ac2c0e2fbb4693bbc862b231,2017-11,Warwickshire Police,Warwickshire Police,-1.531180,52.279138,On or near St John'S Road,E01031261,Warwick 013A,Violence and sexual offences,Unable to prosecute suspect,
deb87ff7de882566380aacf4692ea885b0a7291144c3fac4ca803f8d78c7bfea,2017-11,Warwickshire Police,Warwickshire Police,-1.533680,52.278365,On or near Tachbrook Road,E01031261,Warwick 013A,Violence and sexual offences,Unable to prosecute suspect,
eda89889a62af73fe13ade86a7d5a21fd6d134fb82976b514610c4ec59d7cc9c,2017-11,Warwickshire Police,Warwickshire Police,-1.538088,52.284343,On or near Parking Area,E01031261,Warwick 013A,Other crime,Status update unavailable,
,2017-11,Warwickshire Police,Warwickshire Police,-1.531539,52.275615,On or near Richards Grove,E01031262,Warwick 013B,Anti-social behaviour,,
,2017-11,Warwickshire Police,Warwickshire Police,-1.531539,52.275615,On or near Richards Grove,E01031262,Warwick 013B,Anti-social behaviour,,
,2017-11,Warwickshire Police,Warwickshire Police,-1.535529,52.276700,On or near Sapphire Drive,E01031262,Warwick 013B,Anti-social behaviour,,
,2017-11,Warwickshire Police,Warwickshire Police,-1.528783,52.277069,On or near Brunswick Street,E01031262,Warwick 013B,Anti-social behaviour,,
,2017-11,Warwickshire Police,Warwickshire Police,-1.534074,52.274294,On or near Bonniksen Close,E01031262,Warwick 013B,Anti-social behaviour,,
722582c83f4aa0d74dbd432f5ed1a8952d45b9614d7ba0c97947857be696ee54,2017-11,Warwickshire Police,Warwickshire Police,-1.533331,52.275298,On or near Windmill Road,E01031262,Warwick 013B,Theft from the person,Status update unavailable,
2958046640f26bf56a08623b88a005cdf084adbd61e1a489c904c4c7ca40756e,2017-11,Warwickshire Police,Warwickshire Police,-1.536216,52.276910,On or near Emerald Way,E01031262,Warwick 013B,Vehicle crime,Investigation complete; no suspect identified,
351c9ccabf5490196f60ed405c608f8493fc7d3b602c08237c9a4403d0713bc5,2017-11,Warwickshire Police,Warwickshire Police,-1.531634,52.276334,On or near St Helen'S Road,E01031262,Warwick 013B,Vehicle crime,Investigation complete; no suspect identified,
9247bad37b65bc4f162155c1ba17b1c0a3d5f669ae2805ecfc74ae9c1324a438,2017-11,Warwickshire Police,Warwickshire Police,-1.536216,52.276910,On or near Emerald Way,E01031262,Warwick 013B,Vehicle crime,Investigation complete; no suspect identified,
51f7f3739f0b65858c2a23242adb6c8cffe54d83d4fff1bac72eea39999ad4b2,2017-11,Warwickshire Police,Warwickshire Police,-1.533331,52.275298,On or near Windmill Road,E01031262,Warwick 013B,Violence and sexual offences,Status update unavailable,
23c7db68b0c146420e215db32e7b04632d8ab0bf2d76ad784a6002a5aa226560,2017-11,Warwickshire Police,Warwickshire Police,-1.533331,52.275298,On or near Windmill Road,E01031262,Warwick 013B,Violence and sexual offences,Unable to prosecute suspect,
af262816a265e616c9a26c7ad0aa8c15b097a90f275ffc65164f9b39a40d5672,2017-11,Warwickshire Police,Warwickshire Police,-1.531539,52.275615,On or near Richards Grove,E01031262,Warwick 013B,Violence and sexual offences,Unable to prosecute suspect,
f7eb5d8a6d0fe2b24e78e8b7288d6df2a2eca5c6060c06bdbf6a59f21058942e,2017-11,Warwickshire Police,Warwickshire Police,-1.533331,52.275298,On or near Windmill Road,E01031262,Warwick 013B,Violence and sexual offences,Status update unavailable,
,2017-11,Warwickshire Police,Warwickshire Police,-1.530046,52.278234,On or near Tachbrook Street,E01031263,Warwick 013C,Anti-social behaviour,,
,2017-11,Warwickshire Police,Warwickshire Police,-1.529320,52.278986,On or near Shrubland Street,E01031263,Warwick 013C,Anti-social behaviour,,
,2017-11,Warwickshire Police,Warwickshire Police,-1.527320,52.278187,On or near Llewellyn Road,E01031263,Warwick 013C,Anti-social behaviour,,
,2017-11,Warwickshire Police,Warwickshire Police,-1.529131,52.280244,On or near Grove Place,E01031263,Warwick 013C,Anti-social behaviour,,
fc40cee94a1c0df6c1819b0cbe3ec74721d1182d8ea61165585ca456200c934b,2017-11,Warwickshire Police,Warwickshire Police,-1.529131,52.280244,On or near Grove Place,E01031263,Warwick 013C,Criminal damage and arson,Investigation complete; no suspect identified,
c6fa5cbcf6961a0aa4548f933f367d3489b9d5f9fc35ba6c881219094cb020b1,2017-11,Warwickshire Police,Warwickshire Police,-1.529131,52.280244,On or near Grove Place,E01031263,Warwick 013C,Criminal damage and arson,Investigation complete; no suspect identified,
44a697d5bba60ac2d0aef622abf680b2f0c1bdbdcb74781bea27b4724af48fa1,2017-11,Warwickshire Police,Warwickshire Police,-1.524662,52.280056,On or near Sports/Recreation Area,E01031263,Warwick 013C,Theft from the person,Investigation complete; no suspect identified,
4e802af67bebe968ccd38b39cf96a268dc0dcd2a70340a9e385a99ce78cdf3f2,2017-11,Warwickshire Police,Warwickshire Police,-1.527496,52.279572,On or near Eagle Street,E01031263,Warwick 013C,Vehicle crime,Investigation complete; no suspect identified,
712d211ca7b3796867f30452bbfc1c5a83ba28ba13b7d1afc7696c2d0659ca00,2017-11,Warwickshire Police,Warwickshire Police,-1.529131,52.280244,On or near Grove Place,E01031263,Warwick 013C,Violence and sexual offences,Status update unavailable,
02c985603824041b9c60c5e075c2a629328d667ecc2f98c956468fdb58ea2aa5,2017-11,Warwickshire Police,Warwickshire Police,-1.525631,52.275744,On or near Staunton Road,E01031264,Warwick 013D,Burglary,Offender given a caution,
4d14c315c602162823cf781e79a44fd37374d17653eb9d0bc68e99dddb097768,2017-11,Warwickshire Police,Warwickshire Police,-1.524240,52.274318,On or near Shopping Area,E01031264,Warwick 013D,Burglary,Investigation complete; no suspect identified,
5f7e88fabe033d23dc20963ca83b33bdcc8889205fd654849719981ca0713f4b,2017-11,Warwickshire Police,Warwickshire Police,-1.522453,52.274149,On or near Bourton Drive,E01031264,Warwick 013D,Burglary,Investigation complete; no suspect identified,
e349968e03bb01e23cccfa8f8ff6c8beaa98b7bdcd51ba2bff3ea2536a0b1441,2017-11,Warwickshire Police,Warwickshire Police,-1.521976,52.276323,On or near Prospect Road,E01031264,Warwick 013D,Criminal damage and arson,Investigation complete; no suspect identified,
18e7fa06f60ac61e5009c0997c31284093026b210d7f936c7140b5db4d608d8e,2017-11,Warwickshire Police,Warwickshire Police,-1.523836,52.277787,On or near Offa Road,E01031264,Warwick 013D,Criminal damage and arson,Investigation complete; no suspect identified,
c1ed8c94a976486867f0c2f3117fda54aa7720f47c5e1bbb86a02f123c8c74a2,2017-11,Warwickshire Police,Warwickshire Police,-1.522690,52.275328,On or near Arden Close,E01031264,Warwick 013D,Other theft,Status update unavailable,
0b7a5d3331ce216b8de915ba28401d57ce663a389dfc7b7ade3852025682ed49,2017-11,Warwickshire Police,Warwickshire Police,-1.524240,52.274318,On or near Shopping Area,E01031264,Warwick 013D,Vehicle crime,Investigation complete; no suspect identified,
d6541cc31c3d80b30cd64dfd149e65cb6f978a6c01eedc123a0ca31b4d2b24ee,2017-11,Warwickshire Police,Warwickshire Police,-1.523836,52.277787,On or near Offa Road,E01031264,Warwick 013D,Violence and sexual offences,Status update unavailable,
d74e9d640ec1fc4e106d9aa6fb9c84bc996dd0a5a93d5e855941ede66b14cfc8,2017-11,Warwickshire Police,Warwickshire Police,-1.521976,52.276323,On or near Prospect Road,E01031264,Warwick 013D,Violence and sexual offences,Formal action is not in the public interest,
4a38cb78d16c31f81f29c7714e7eebb6b8aeb4e9311aee77ac6800dda8c30017,2017-11,Warwickshire Police,Warwickshire Police,-1.522690,52.275328,On or near Arden Close,E01031264,Warwick 013D,Violence and sexual offences,Status update unavailable,
a57b80bb99496a2d5395d94ec2b72abac1dedc10d102175715868bcd626eece2,2017-11,Warwickshire Police,Warwickshire Police,-1.522282,52.275110,On or near Henley Road,E01031264,Warwick 013D,Violence and sexual offences,Unable to prosecute suspect,
55e86a8406452e9e6a18c8d2450bd3adcccefa29b060dd1b810632c23cabfe34,2017-11,Warwickshire Police,Warwickshire Police,-1.524240,52.274318,On or near Shopping Area,E01031264,Warwick 013D,Other crime,Status update unavailable,
,2017-11,Warwickshire Police,Warwickshire Police,-1.547004,52.282634,On or near Europa Way,E01031265,Warwick 013E,Anti-social behaviour,,
,2017-11,Warwickshire Police,Warwickshire Police,-1.541964,52.282327,On or near England Crescent,E01031265,Warwick 013E,Anti-social behaviour,,
,2017-11,Warwickshire Police,Warwickshire Police,-1.544322,52.282569,On or near Sports/Recreation Area,E01031265,Warwick 013E,Anti-social behaviour,,
,2017-11,Warwickshire Police,Warwickshire Police,-1.547004,52.282634,On or near Europa Way,E01031265,Warwick 013E,Anti-social behaviour,,
,2017-11,Warwickshire Police,Warwickshire Police,-1.547004,52.282634,On or near Europa Way,E01031265,Warwick 013E,Anti-social behaviour,,
,2017-11,Warwickshire Police,Warwickshire Police,-1.547004,52.282634,On or near Europa Way,E01031265,Warwick 013E,Anti-social behaviour,,
,2017-11,Warwickshire Police,Warwickshire Police,-1.547004,52.282634,On or near Europa Way,E01031265,Warwick 013E,Anti-social behaviour,,
,2017-11,Warwickshire Police,Warwickshire Police,-1.537488,52.282840,On or near Sargeaunt Street,E01031265,Warwick 013E,Anti-social behaviour,,
,2017-11,Warwickshire Police,Warwickshire Police,-1.544322,52.282569,On or near Sports/Recreation Area,E01031265,Warwick 013E,Anti-social behaviour,,
,2017-11,Warwickshire Police,Warwickshire Police,-1.537488,52.282840,On or near Sargeaunt Street,E01031265,Warwick 013E,Anti-social behaviour,,
,2017-11,Warwickshire Police,Warwickshire Police,-1.547246,52.284756,On or near Prince'S Drive,E01031265,Warwick 013E,Anti-social behaviour,,
,2017-11,Warwickshire Police,Warwickshire Police,-1.543482,52.280067,On or near Shopping Area,E01031265,Warwick 013E,Anti-social behaviour,,
,2017-11,Warwickshire Police,Warwickshire Police,-1.543482,52.280067,On or near Shopping Area,E01031265,Warwick 013E,Anti-social behaviour,,
,2017-11,Warwickshire Police,Warwickshire Police,-1.547004,52.282634,On or near Europa Way,E01031265,Warwick 013E,Anti-social behaviour,,
,2017-11,Warwickshire Police,Warwickshire Police,-1.547004,52.282634,On or near Europa Way,E01031265,Warwick 013E,Anti-social behaviour,,
,2017-11,Warwickshire Police,Warwickshire Police,-1.543482,52.280067,On or near Shopping Area,E01031265,Warwick 013E,Anti-social behaviour,,
e18ccbda77e94326b35ba921d6c8ea7b2e9daf336aafa65249be9d6cca5ddfbe,2017-11,Warwickshire Police,Warwickshire Police,-1.547004,52.282634,On or near Europa Way,E01031265,Warwick 013E,Burglary,Investigation complete; no suspect identified,
9cf3a7a45e7336373cd479b5d1fffedb3b315795046f3aca9e3dcaf0c2dbd13e,2017-11,Warwickshire Police,Warwickshire Police,-1.541964,52.282327,On or near England Crescent,E01031265,Warwick 013E,Burglary,Investigation complete; no suspect identified,
7fc9ab9adfed7abd35a51637ef4481f5920be0351bf4438e321ea90236ac7d2d,2017-11,Warwickshire Police,Warwickshire Police,-1.538421,52.280479,On or near Kingsway,E01031265,Warwick 013E,Burglary,Investigation complete; no suspect identified,
d17590cbc268658ee3147875c313d5e53efaf0e7584ecf556a3437c7390e6296,2017-11,Warwickshire Police,Warwickshire Police,-1.538421,52.280479,On or near Kingsway,E01031265,Warwick 013E,Criminal damage and arson,Status update unavailable,
9509fe21fa6b02a7be956669ad1303784ad7a3bf2f1299dd0561ff85c2e76834,2017-11,Warwickshire Police,Warwickshire Police,-1.543482,52.280067,On or near Shopping Area,E01031265,Warwick 013E,Criminal damage and arson,Investigation complete; no suspect identified,
773d3eda43e1056c2f4ef002658b397bba1ac66132cd01fb27ad5fa82efc10ae,2017-11,Warwickshire Police,Warwickshire Police,-1.540674,52.280946,On or near Southlea Close,E01031265,Warwick 013E,Drugs,Formal action is not in the public interest,
8fff967cc5f73c54c46a2e0bc341ec87fa9df4c3e701622fc17650ffdaecae0d,2017-11,Warwickshire Police,Warwickshire Police,-1.540556,52.283876,On or near Old Warwick Road,E01031265,Warwick 013E,Other theft,Investigation complete; no suspect identified,
931df8d639cb57fbf71b3ecb9fb8167270f01ebffb111354516b4c1206ff56f8,2017-11,Warwickshire Police,Warwickshire Police,-1.541964,52.282327,On or near England Crescent,E01031265,Warwick 013E,Other theft,Court result unavailable,
541d0a4348c30038fc97fa4fa9d544b9bfe532ab23abd6112476674d6ec4dc84,2017-11,Warwickshire Police,Warwickshire Police,-1.544322,52.282569,On or near Sports/Recreation Area,E01031265,Warwick 013E,Other theft,Investigation complete; no suspect identified,
b3772823cf12916a3084141ad0d08138bb6b1d833d9022cef9d3a494b0eeb80c,2017-11,Warwickshire Police,Warwickshire Police,-1.547246,52.284756,On or near Prince'S Drive,E01031265,Warwick 013E,Shoplifting,Investigation complete; no suspect identified,
e70976c5b7e1b2a32dea896974289f33c1356f4192ee0c780ce27d42ef028994,2017-11,Warwickshire Police,Warwickshire Police,-1.547246,52.284756,On or near Prince'S Drive,E01031265,Warwick 013E,Shoplifting,Status update unavailable,
f818472bf23176aae11316fdbe22ffc4bfbc262de8f7f294d894b85baa4624d2,2017-11,Warwickshire Police,Warwickshire Police,-1.540556,52.283876,On or near Old Warwick Road,E01031265,Warwick 013E,Shoplifting,Status update unavailable,
d8c968ec00f2ceae1ac06e1bd99d2b3599357b9c369e987616a0b4d15295fbdf,2017-11,Warwickshire Police,Warwickshire Police,-1.544322,52.282569,On or near Sports/Recreation Area,E01031265,Warwick 013E,Shoplifting,Investigation complete; no suspect identified,
8b1027b867701b89c5017c2236c1eafaff751635ee3f5cbba0739af03d9a1987,2017-11,Warwickshire Police,Warwickshire Police,-1.547246,52.284756,On or near Prince'S Drive,E01031265,Warwick 013E,Shoplifting,Investigation complete; no suspect identified,
8385f020f20ca17a388dcb6b40dd2e1d1432d3b78cac25bb4b74b0bfbd1a8274,2017-11,Warwickshire Police,Warwickshire Police,-1.547004,52.282634,On or near Europa Way,E01031265,Warwick 013E,Shoplifting,Investigation complete; no suspect identified,
f018c51a6a735975e17524231b8569cf7e8a80037da0c0811346274f5165c55f,2017-11,Warwickshire Police,Warwickshire Police,-1.541678,52.281624,On or near Westlea Road,E01031265,Warwick 013E,Vehicle crime,Investigation complete; no suspect identified,
d8f90a225d146c91887531f6fd32e315b639ef0b585f0cf1193ed925a2aa17c2,2017-11,Warwickshire Police,Warwickshire Police,-1.538744,52.283285,On or near Bury Road,E01031265,Warwick 013E,Vehicle crime,Investigation complete; no suspect identified,
2b62c56eba06248f7ced10f78a7a62cd863106e7cd684fdcc7699892118f4539,2017-11,Warwickshire Police,Warwickshire Police,-1.547004,52.282634,On or near Europa Way,E01031265,Warwick 013E,Vehicle crime,Court result unavailable,
e2e6c203f60026b48134f5517dd31eec68c9c956d5f0db52016de0caa0c5aad8,2017-11,Warwickshire Police,Warwickshire Police,-1.547004,52.282634,On or near Europa Way,E01031265,Warwick 013E,Violence and sexual offences,Formal action is not in the public interest,
07959e7683399c1635db4424fdfa977dde6b05ae2edd976bdff0b9871a8e1dd3,2017-11,Warwickshire Police,Warwickshire Police,-1.541964,52.282327,On or near England Crescent,E01031265,Warwick 013E,Violence and sexual offences,Status update unavailable,
7400875d7cdd6a10f240769df4c5e39117e1b3ee330916992c0109025ceaa521,2017-11,Warwickshire Police,Warwickshire Police,-1.537488,52.282840,On or near Sargeaunt Street,E01031265,Warwick 013E,Violence and sexual offences,Awaiting court outcome,
6124ed49feb6abcee38fe58357bc7778ebb0fc3cf31c3e18e4153f3b9343539d,2017-11,Warwickshire Police,Warwickshire Police,-1.541678,52.281624,On or near Westlea Road,E01031265,Warwick 013E,Violence and sexual offences,Status update unavailable,
b5d95678bf4858f4404e0bdedc6144ca5629227835dc1c276556af8a988161d4,2017-11,Warwickshire Police,Warwickshire Police,-1.543482,52.280067,On or near Shopping Area,E01031265,Warwick 013E,Violence and sexual offences,Status update unavailable,
9d831da56430b7d55d37f140ed8b016cefb54d58a21951e8a2f77e47b9534b5b,2017-11,Warwickshire Police,Warwickshire Police,-1.544322,52.282569,On or near Sports/Recreation Area,E01031265,Warwick 013E,Violence and sexual offences,Formal action is not in the public interest,
efcb2e054c1df0364540ec09161752ebee5f482cb1302635917f58686c2c71c2,2017-11,Warwickshire Police,Warwickshire Police,-1.544322,52.282569,On or near Sports/Recreation Area,E01031265,Warwick 013E,Violence and sexual offences,Unable to prosecute suspect,
bbe183850302d27aa64ec41648416ac6618f460a587c9cdc9d17ec2228fa6720,2017-11,Warwickshire Police,Warwickshire Police,-1.544322,52.282569,On or near Sports/Recreation Area,E01031265,Warwick 013E,Violence and sexual offences,Formal action is not in the public interest,
6d43f34b72346481b074d3c67ff8471b990ffccc7e1152e3aa794da946ae44c9,2017-11,Warwickshire Police,Warwickshire Police,-1.547246,52.284756,On or near Prince'S Drive,E01031265,Warwick 013E,Violence and sexual offences,Status update unavailable,
fd4aa87898eb25a0a4903fc4c2a126aee5825b92880800eeb3893117660dad5f,2017-11,Warwickshire Police,Warwickshire Police,-1.538744,52.283285,On or near Bury Road,E01031265,Warwick 013E,Violence and sexual offences,Status update unavailable,
8e8562f923adf015a90e76eec7d175cb0150763f96654cd2087913d953adfd40,2017-11,Warwickshire Police,Warwickshire Police,-1.538744,52.283285,On or near Bury Road,E01031265,Warwick 013E,Violence and sexual offences,Offender given suspended prison sentence,
64c3568649e818bb3ca12093721d246ceab0b02f97979fac5991908b2978c0ea,2017-11,Warwickshire Police,Warwickshire Police,-1.547004,52.282634,On or near Europa Way,E01031265,Warwick 013E,Other crime,Investigation complete; no suspect identified,
,2017-11,Warwickshire Police,Warwickshire Police,-1.534224,52.282359,On or near Priory Street,E01031266,Warwick 013F,Anti-social behaviour,,
,2017-11,Warwickshire Police,Warwickshire Police,-1.533637,52.283858,On or near Nightclub,E01031266,Warwick 013F,Anti-social behaviour,,
,2017-11,Warwickshire Police,Warwickshire Police,-1.533332,52.283542,On or near Wise Street,E01031266,Warwick 013F,Anti-social behaviour,,
,2017-11,Warwickshire Police,Warwickshire Police,-1.534224,52.282359,On or near Priory Street,E01031266,Warwick 013F,Anti-social behaviour,,
,2017-11,Warwickshire Police,Warwickshire Police,-1.534232,52.280184,On or near Tachbrook Road,E01031266,Warwick 013F,Anti-social behaviour,,
,2017-11,Warwickshire Police,Warwickshire Police,-1.532552,52.283863,On or near Crown Terrace,E01031266,Warwick 013F,Anti-social behaviour,,
,2017-11,Warwickshire Police,Warwickshire Police,-1.530243,52.281777,On or near Ranelagh Street,E01031266,Warwick 013F,Anti-social behaviour,,
,2017-11,Warwickshire Police,Warwickshire Police,-1.533637,52.283858,On or near Nightclub,E01031266,Warwick 013F,Anti-social behaviour,,
c0580b5afc448aa149a2cac92b7f06f7f588824affe2320d31668bccc30b1b39,2017-11,Warwickshire Police,Warwickshire Police,-1.530460,52.283405,On or near Court Street,E01031266,Warwick 013F,Bicycle theft,Investigation complete; no suspect identified,
a9c9de2f4b1dda74d8529149dc470d4fcb8e069b6d7964f15ef5f4f3a5f190c8,2017-11,Warwickshire Police,Warwickshire Police,-1.530571,52.282632,On or near Tower Street,E01031266,Warwick 013F,Burglary,Defendant found not guilty,
2e2e88400daa2ae630e2b122da3e2d94e91a26e0256ddb33af9005599b594fff,2017-11,Warwickshire Police,Warwickshire Police,-1.530571,52.282632,On or near Tower Street,E01031266,Warwick 013F,Burglary,Defendant found not guilty,
3678fb41df1448e5f3351133858b41b0c799c3db544c5e704ab74ace03c55307,2017-11,Warwickshire Police,Warwickshire Police,-1.530571,52.282632,On or near Tower Street,E01031266,Warwick 013F,Burglary,Defendant found not guilty,
dedf96f6c5fa90d1cda3cb3fab20a1b6b783ec15dedb83996eb615c54183a572,2017-11,Warwickshire Police,Warwickshire Police,-1.530571,52.282632,On or near Tower Street,E01031266,Warwick 013F,Burglary,Defendant found not guilty,
48943868373951d2903a1ab14d8069af34d877681d393c19aa57ca78084bfb27,2017-11,Warwickshire Police,Warwickshire Police,-1.534232,52.280184,On or near Tachbrook Road,E01031266,Warwick 013F,Burglary,Investigation complete; no suspect identified,
146d84eda6d783e5e3d98c349b3768a68e9caece3c236c9ffa108a74ae805129,2017-11,Warwickshire Police,Warwickshire Police,-1.530460,52.283405,On or near Court Street,E01031266,Warwick 013F,Burglary,Investigation complete; no suspect identified,
354fa8002c64a89ba17a0dd527b32de8f84326a0f59b57463f9b0a6dc7e1c889,2017-11,Warwickshire Police,Warwickshire Police,-1.530571,52.282632,On or near Tower Street,E01031266,Warwick 013F,Burglary,Formal action is not in the public interest,
232708d09e0596a6e5d56054b20d08f727d124bb9161b0beb9b184e248c51000,2017-11,Warwickshire Police,Warwickshire Police,-1.530571,52.282632,On or near Tower Street,E01031266,Warwick 013F,Burglary,Defendant found not guilty,
3e2781f6dabe333be594b5bf529c724d8066764f3ee9b55a01c06506d4a5cb5b,2017-11,Warwickshire Police,Warwickshire Police,-1.530571,52.282632,On or near Tower Street,E01031266,Warwick 013F,Burglary,Defendant found not guilty,
fa1aa90409c0825a5684428ccf0727f34e42d40ca63d39268e95d5382a5ccbdf,2017-11,Warwickshire Police,Warwickshire Police,-1.530571,52.282632,On or near Tower Street,E01031266,Warwick 013F,Burglary,Defendant found not guilty,
0f9a276a3fbf54cbfa6bc5529cafda1945937cc3773c2e6de41129795842bf39,2017-11,Warwickshire Police,Warwickshire Police,-1.530571,52.282632,On or near Tower Street,E01031266,Warwick 013F,Burglary,Defendant found not guilty,
9789904125c5112a15f4959b4d63a3df2493b58f718756a93c8183056d2d10a1,2017-11,Warwickshire Police,Warwickshire Police,-1.528501,52.282966,On or near Neilston Street,E01031266,Warwick 013F,Burglary,Defendant found not guilty,
ccd41e41e1054c2a4b96c9137a6d3fb665f55ff4d87d279453875ca91d27c2d6,2017-11,Warwickshire Police,Warwickshire Police,-1.530571,52.282632,On or near Tower Street,E01031266,Warwick 013F,Burglary,Defendant found not guilty,
15ff00f615f36075cdf49225a5c001ebba0fc7459a8ed5f314ec65e6ec983533,2017-11,Warwickshire Police,Warwickshire Police,-1.533801,52.283517,On or near Wise Terrace,E01031266,Warwick 013F,Burglary,Investigation complete; no suspect identified,
b51a0983155380e5b9ed985c4c203f2c9edcad943638750cc8167f8337f7ecd9,2017-11,Warwickshire Police,Warwickshire Police,-1.530571,52.282632,On or near Tower Street,E01031266,Warwick 013F,Burglary,Defendant found not guilty,
af3647f706ca0d943124a87d0f0757879635da131af98057aa193bff7a26795f,2017-11,Warwickshire Police,Warwickshire Police,-1.534232,52.280184,On or near Tachbrook Road,E01031266,Warwick 013F,Burglary,Court result unavailable,
d43211e54303041201307811697a5dd3f2b18ce4568fc47841cb879942ee8b63,2017-11,Warwickshire Police,Warwickshire Police,-1.530571,52.282632,On or near Tower Street,E01031266,Warwick 013F,Burglary,Defendant found not guilty,
a209a1b2ab663cc0bf3f3ea88373d00443d9a8801ab72a8d8c061d2992e9fe3b,2017-11,Warwickshire Police,Warwickshire Police,-1.528501,52.282966,On or near Neilston Street,E01031266,Warwick 013F,Burglary,Defendant found not guilty,
89ea3ec176f69d5bdb04eff0654ccbe1ec7b9b6f41e1921407c4804b1a347329,2017-11,Warwickshire Police,Warwickshire Police,-1.532899,52.281545,On or near Ranelagh Terrace,E01031266,Warwick 013F,Criminal damage and arson,Investigation complete; no suspect identified,
d609500c5ae9c84dce341d6ab78a33fd5efbd0e87c36a6be9843c991f56813ca,2017-11,Warwickshire Police,Warwickshire Police,-1.533801,52.283517,On or near Wise Terrace,E01031266,Warwick 013F,Criminal damage and arson,Investigation complete; no suspect identified,
4e4d18553fb9297950c210f179e71cab1a6f5a5aeb37de84977b59a8b11f7325,2017-11,Warwickshire Police,Warwickshire Police,-1.533158,52.281995,On or near Frances Havergal Close,E01031266,Warwick 013F,Criminal damage and arson,Investigation complete; no suspect identified,
dff253746b25d0d1ee209c6e5c3f7f6ab8347e3b40608da0f227b7148bfa48ff,2017-11,Warwickshire Police,Warwickshire Police,-1.534232,52.280184,On or near Tachbrook Road,E01031266,Warwick 013F,Drugs,Offender given a drugs possession warning,
ae3e39e8eed098f48c5be15fe615ea7840b0bbae282b253b07985412676f77e3,2017-11,Warwickshire Police,Warwickshire Police,-1.533637,52.283858,On or near Nightclub,E01031266,Warwick 013F,Drugs,Status update unavailable,
9370749eed8657232b2cd1ff8061b9ceea1f5100ef063b5e9a689b62675a839b,2017-11,Warwickshire Police,Warwickshire Police,-1.530090,52.281039,On or near Clarence Street,E01031266,Warwick 013F,Possession of weapons,Offender given community sentence,
66fc84803009de3504b899876ca3bd3a438ef565bcf03bf29c0a20e258bd1a24,2017-11,Warwickshire Police,Warwickshire Police,-1.530243,52.281777,On or near Ranelagh Street,E01031266,Warwick 013F,Public order,Formal action is not in the public interest,
de323434b4a53c34687fb7dc49662d2da69fb5155dcfe0b07557851b3b5e7284,2017-11,Warwickshire Police,Warwickshire Police,-1.533637,52.283858,On or near Nightclub,E01031266,Warwick 013F,Public order,Status update unavailable,
097e3cc45e326dd7f3cd91ffef1706d932aa01f26abf2fa44588ea69912e5c06,2017-11,Warwickshire Police,Warwickshire Police,-1.528501,52.282966,On or near Neilston Street,E01031266,Warwick 013F,Robbery,Investigation complete; no suspect identified,
12d0a909697e56aa29cc111a57cf9a859453588bf2113baffdf8682173594e04,2017-11,Warwickshire Police,Warwickshire Police,-1.531607,52.283140,On or near Clemens Street,E01031266,Warwick 013F,Shoplifting,Investigation complete; no suspect identified,
c6a45454248e083670996e8d24c06a937b6005dd492ebefcfc53f7a6e329978d,2017-11,Warwickshire Police,Warwickshire Police,-1.531607,52.283140,On or near Clemens Street,E01031266,Warwick 013F,Shoplifting,Local resolution,
89f8dbac4352f8841ca83c015a2132b0a47961afd77e832f1820c89536439422,2017-11,Warwickshire Police,Warwickshire Police,-1.531607,52.283140,On or near Clemens Street,E01031266,Warwick 013F,Shoplifting,Investigation complete; no suspect identified,
8704c7a5f5c39cd6c066f8a7589e8a341e0da483c9ea9ce6efda7dc1e6f4afe7,2017-11,Warwickshire Police,Warwickshire Police,-1.531607,52.283140,On or near Clemens Street,E01031266,Warwick 013F,Shoplifting,Status update unavailable,
09eae1ac644eabf55f1c2b5f392ec9067eb5906b95ec47d053fc1e72aee5827f,2017-11,Warwickshire Police,Warwickshire Police,-1.530243,52.281777,On or near Ranelagh Street,E01031266,Warwick 013F,Shoplifting,Status update unavailable,
d8bf27268024a1ee270186795595b6d2f5b9a0ee2f1457701cbb42f3fbf3c1a8,2017-11,Warwickshire Police,Warwickshire Police,-1.531017,52.283434,On or near Parking Area,E01031266,Warwick 013F,Theft from the person,Investigation complete; no suspect identified,
a22151ac61331f3842023a82afc05da94ffdd2a1fd1fa5e4322e8040e2e7996b,2017-11,Warwickshire Police,Warwickshire Police,-1.534224,52.282359,On or near Priory Street,E01031266,Warwick 013F,Violence and sexual offences,Investigation complete; no suspect identified,
420306b5783956b9c18392134153174c0de750fb7b72939426281d1e2ce3899f,2017-11,Warwickshire Police,Warwickshire Police,-1.533637,52.283858,On or near Nightclub,E01031266,Warwick 013F,Violence and sexual offences,Status update unavailable,
e963e4b8baa0c30edbebcf0494bb2d043b3d6687cc90985b060f5a475f5e866b,2017-11,Warwickshire Police,Warwickshire Police,-1.533637,52.283858,On or near Nightclub,E01031266,Warwick 013F,Violence and sexual offences,Status update unavailable,
d9e67108d5cb4b66281781422b456c1267d39eca39fe9dad07e07d001c6076cf,2017-11,Warwickshire Police,Warwickshire Police,-1.531607,52.283140,On or near Clemens Street,E01031266,Warwick 013F,Violence and sexual offences,Investigation complete; no suspect identified,
a0e3e8d59f4edce02938c948a567caa356f73c84b5d577a9ec1e57fd3fb77b9f,2017-11,Warwickshire Police,Warwickshire Police,-1.533158,52.281995,On or near Frances Havergal Close,E01031266,Warwick 013F,Violence and sexual offences,Formal action is not in the public interest,
11832767c3dd82aeaa02d78088f77073aa7d5ee8566030760f718c089fa9c01d,2017-11,Warwickshire Police,Warwickshire Police,-1.534232,52.280184,On or near Tachbrook Road,E01031266,Warwick 013F,Violence and sexual offences,Status update unavailable,
5941fd6d973e5e1ef021dbd4302f457894518355ca52c9138db565aac15a5f27,2017-11,Warwickshire Police,Warwickshire Police,-1.533637,52.283858,On or near Nightclub,E01031266,Warwick 013F,Violence and sexual offences,Investigation complete; no suspect identified,
,2017-11,Warwickshire Police,Warwickshire Police,-1.536572,52.262446,On or near Reignier Place,E01031259,Warwick 014A,Anti-social behaviour,,
,2017-11,Warwickshire Police,Warwickshire Police,-1.536572,52.262446,On or near Reignier Place,E01031259,Warwick 014A,Anti-social behaviour,,
6c0cb3336eb0ce11b87174cd9b464ef219a7dcdeded925cc401a1a31280b111a,2017-11,Warwickshire Police,Warwickshire Police,-1.536927,52.263499,On or near Banquo Approach,E01031259,Warwick 014A,Burglary,Investigation complete; no suspect identified,
aa62f24e7f14defeb0a7663ce3f960c47926937b765cfcd5a7301a9403fd59e6,2017-11,Warwickshire Police,Warwickshire Police,-1.540997,52.248249,On or near Oakley Wood Road,E01031259,Warwick 014A,Burglary,Investigation complete; no suspect identified,
b37c333b6a3912b9e3871c33d35dcc35e8ce9d7a2c81f6f1202d6b1720b97edd,2017-11,Warwickshire Police,Warwickshire Police,-1.536927,52.263499,On or near Banquo Approach,E01031259,Warwick 014A,Burglary,Investigation complete; no suspect identified,
6b7a1dd1e1fe08a3910aea13f08773a40b6a188ad691400e3e63433870d69929,2017-11,Warwickshire Police,Warwickshire Police,-1.539107,52.263786,On or near Dogberry Way,E01031259,Warwick 014A,Criminal damage and arson,Investigation complete; no suspect identified,
aedcfda3a19b4a4695acdf0e1fd5515b35afa0673e11415fb7c2de80e0d53f74,2017-11,Warwickshire Police,Warwickshire Police,-1.541811,52.264516,On or near Leontes Meadows,E01031259,Warwick 014A,Criminal damage and arson,Investigation complete; no suspect identified,
28a5b6c7a5f230b4d63faed96fe28ae3c2ef09946fe4985c28980a1cbe158bbb,2017-11,Warwickshire Police,Warwickshire Police,-1.539877,52.263052,On or near Trinculo Grove,E01031259,Warwick 014A,Vehicle crime,Investigation complete; no suspect identified,
db1c2c76a270419489cdbad2a5ab40202169959fac4931386e01437240f8c303,2017-11,Warwickshire Police,Warwickshire Police,-1.541811,52.264516,On or near Leontes Meadows,E01031259,Warwick 014A,Violence and sexual offences,Status update unavailable,
d5db06f3a2ca71d4b56de782c4ca6f459e000e71bd36be660cfcd974507006e6,2017-11,Warwickshire Police,Warwickshire Police,-1.536572,52.262446,On or near Reignier Place,E01031259,Warwick 014A,Violence and sexual offences,Status update unavailable,
b53e35d45cff7be8bbd169b67516c77eaa769d72d272d06258b09d99ba6ebfe8,2017-11,Warwickshire Police,Warwickshire Police,-1.545788,52.246677,On or near Commander Close,E01031260,Warwick 014B,Burglary,Investigation complete; no suspect identified,
ac650ed03b88e07cf1c0e5b200efb38428109385bc1cd5f153c0a71a6bed13ea,2017-11,Warwickshire Police,Warwickshire Police,-1.548432,52.250211,On or near Rye Fields,E01031260,Warwick 014B,Public order,Status update unavailable,
dbe3f9542b5b1cdd4659c5de86d44562a7589215935950f656658d3b0e8d6320,2017-11,Warwickshire Police,Warwickshire Police,-1.530211,52.258492,On or near Harbury Lane,E01031260,Warwick 014B,Vehicle crime,Investigation complete; no suspect identified,
ba66a2d02656067cb6272e9ea2645622a0d778467b65b8348c94b4ed68ec35d9,2017-11,Warwickshire Police,Warwickshire Police,-1.558673,52.248550,On or near Banbury Road,E01031260,Warwick 014B,Vehicle crime,Investigation complete; no suspect identified,
d9730510854e4b51cddfb7c1f2b63bf3f774583a01208f063749e974cf04ab37,2017-11,Warwickshire Police,Warwickshire Police,-1.550538,52.249149,On or near Seven Acre Close,E01031260,Warwick 014B,Violence and sexual offences,Unable to prosecute suspect,
00290f8d5795949dd634224c5220a2d2841ebee0952ecf92786433a8491e1369,2017-11,Warwickshire Police,Warwickshire Police,-1.615254,52.282687,On or near Clinton Avenue,E01031267,Warwick 014C,Other theft,Investigation complete; no suspect identified,
448032c70608a5ed69e76650b687633479e3c3b921ff5403bcc053f04c7d381c,2017-11,Warwickshire Police,Warwickshire Police,-1.615254,52.282687,On or near Clinton Avenue,E01031267,Warwick 014C,Other theft,Investigation complete; no suspect identified,
4115ab4a174aa5d5cf30b3b5a1de8bad85d5bd8020d833fc39ff0d0fa39c0321,2017-11,Warwickshire Police,Warwickshire Police,-1.615254,52.282687,On or near Clinton Avenue,E01031267,Warwick 014C,Other theft,Investigation complete; no suspect identified,
2cea5670535329d05f71fda77e2275170302e8c4c23c3f043f1412cc61ba32f2,2017-11,Warwickshire Police,Warwickshire Police,-1.626900,52.280045,On or near Dorchester Avenue,E01031267,Warwick 014C,Violence and sexual offences,Status update unavailable,
,2017-11,Warwickshire Police,Warwickshire Police,-1.633756,52.298353,On or near Mickleton Drive,E01031268,Warwick 014D,Anti-social behaviour,,
,2017-11,Warwickshire Police,Warwickshire Police,-1.635262,52.300641,On or near Mollington Grove,E01031268,Warwick 014D,Anti-social behaviour,,
,2017-11,Warwickshire Police,Warwickshire Police,-1.630391,52.300958,On or near Dorsington Close,E01031268,Warwick 014D,Anti-social behaviour,,
d9f0ec4d4f0805dcb411ba181ea5d478b1960b8822a915285c4c4644add78231,2017-11,Warwickshire Police,Warwickshire Police,-1.627259,52.295024,On or near Petrol Station,E01031268,Warwick 014D,Other theft,Investigation complete; no suspect identified,
a44a402d909b92cb22df4b7392ff276ca6b0880aed766b4d44668e60c494b676,2017-11,Warwickshire Police,Warwickshire Police,-1.627259,52.295024,On or near Petrol Station,E01031268,Warwick 014D,Other theft,Investigation complete; no suspect identified,
eb0eca7d9a332ca9f05d013c849c3e427262e9093004ee3e73d9b4f4c5d82aee,2017-11,Warwickshire Police,Warwickshire Police,-1.652767,52.303175,On or near Birmingham Road,E01031268,Warwick 014D,Other theft,Status update unavailable,
b2ea1556639a550a1d24369493bbb37de4f425a3df78b6a1598bae695637e071,2017-11,Warwickshire Police,Warwickshire Police,-1.645033,52.300167,On or near Canal Road,E01031268,Warwick 014D,Other theft,Investigation complete; no suspect identified,
73fa133f0de57247a669502d7d4bb679e192546deee4e3aac9791842858a0767,2017-11,Warwickshire Police,Warwickshire Police,-1.658908,52.303579,On or near The Green,E01031268,Warwick 014D,Vehicle crime,Investigation complete; no suspect identified,
a0faceb6cf82b73015238ba9a782b4d01ca1eaf6ebcd88eca4c401e7bb0bd15d,2017-11,Warwickshire Police,Warwickshire Police,-1.630391,52.300958,On or near Dorsington Close,E01031268,Warwick 014D,Violence and sexual offences,Local resolution,
e2052fae1417c19220e57e4934e1afee327fbbdd26056208eac63fa7a6636662,2017-11,Warwickshire Police,Warwickshire Police,-1.621593,52.283696,On or near Field Barn Road,E01031268,Warwick 014D,Violence and sexual offences,Unable to prosecute suspect,
,2017-11,Warwickshire Police,Warwickshire Police,-1.618245,52.250124,On or near Church Road,E01031269,Warwick 014E,Anti-social behaviour,,
,2017-11,Warwickshire Police,Warwickshire Police,-1.605131,52.245631,On or near Keyte'S Lane,E01031269,Warwick 014E,Anti-social behaviour,,
cacf5dd36deda3304a3cbd49956c07ca2d6464f6bfc12cca007e4ded15bfdb7c,2017-11,Warwickshire Police,Warwickshire Police,-1.604432,52.240298,On or near Sandy Way,E01031269,Warwick 014E,Burglary,Investigation complete; no suspect identified,
41d90d7b7c7181542592ddc6a612d089ca66e6c32e24d35f6ba68bd03d98cad5,2017-11,Warwickshire Police,Warwickshire Police,-1.618537,52.257093,On or near Moat Green,E01031269,Warwick 014E,Other theft,Status update unavailable,
c00430aea4f6262d2c36c27ccd96c5f16cda3433ca88ef3fb68bc0b2b8546501,2017-11,Warwickshire Police,Warwickshire Police,-1.604432,52.240298,On or near Sandy Way,E01031269,Warwick 014E,Vehicle crime,Investigation complete; no suspect identified,
94e09f07feb13f3ec049d70436ed578cb9cb527a7f6613d32e28e739688c6982,2017-11,Warwickshire Police,Warwickshire Police,-1.604432,52.240298,On or near Sandy Way,E01031269,Warwick 014E,Vehicle crime,Investigation complete; no suspect identified,
47bf39679c59d1369488a80701ade21df5524fcf1193024e27b1e7f68a07c773,2017-11,Warwickshire Police,Warwickshire Police,-1.606711,52.239253,On or near Bremridge Close,E01031269,Warwick 014E,Violence and sexual offences,Status update unavailable,
,2017-11,Warwickshire Police,Warwickshire Police,-1.522984,52.272533,On or near Brunswick Street,E01031327,Warwick 015A,Anti-social behaviour,,
8c6f64fd4a95203c2c42fe6335d54de88530ec5b71a7c763ae783a0dca993a84,2017-11,Warwickshire Police,Warwickshire Police,-1.524010,52.268428,On or near Hall'S Close,E01031327,Warwick 015A,Burglary,Investigation complete; no suspect identified,
c62e799944d506399e95c03c86fee2f97d1d623fbc6417e13b5f12a92775890e,2017-11,Warwickshire Police,Warwickshire Police,-1.528230,52.268454,On or near Lammas Croft,E01031327,Warwick 015A,Burglary,Investigation complete; no suspect identified,
33f1dc7146f9f9fc68881fbd38efdd0bab11fa6a9e098c5df672b89fd0ce6089,2017-11,Warwickshire Police,Warwickshire Police,-1.525432,52.272453,On or near Langley Road,E01031327,Warwick 015A,Criminal damage and arson,Investigation complete; no suspect identified,
40407c8a38af5b8c25b2daa91d2cd41df93f96f099f598a7def32a8309c07f18,2017-11,Warwickshire Police,Warwickshire Police,-1.520738,52.268784,On or near Curran Close,E01031327,Warwick 015A,Other theft,Investigation complete; no suspect identified,
c7f58e3514f989ad57cdcdb0f0ffb40d874042ac66f627dca495b83ab63347c6,2017-11,Warwickshire Police,Warwickshire Police,-1.529558,52.270285,On or near Clarkson Drive,E01031327,Warwick 015A,Public order,Status update unavailable,
253329664d7e537965d2cdf9b202a7a451f43c2096336dc246ad5acee1f87591,2017-11,Warwickshire Police,Warwickshire Police,-1.528230,52.268454,On or near Lammas Croft,E01031327,Warwick 015A,Shoplifting,Status update unavailable,
84de541f97c6c430f4f05a2ea0b41c10ab6b5a58afe11658fe9d0772a7b93aa3,2017-11,Warwickshire Police,Warwickshire Police,-1.521058,52.268992,On or near Home Farm Crescent,E01031327,Warwick 015A,Shoplifting,Offender given suspended prison sentence,
3dced0a40908da4e78a9275f7613a0cbdc1012598cd198d174e762ea7a7d9984,2017-11,Warwickshire Police,Warwickshire Police,-1.528230,52.268454,On or near Lammas Croft,E01031327,Warwick 015A,Shoplifting,Investigation complete; no suspect identified,
4c6aa3efc5e6c2faaebb88ef02dabbe396ce80eacc265201f119f24d824ec764,2017-11,Warwickshire Police,Warwickshire Police,-1.522984,52.272533,On or near Brunswick Street,E01031327,Warwick 015A,Vehicle crime,Formal action is not in the public interest,
224ddb62ec145cdf05286af5a04dbc6095ce98f717626c28bd2870e10b5533ed,2017-11,Warwickshire Police,Warwickshire Police,-1.523231,52.269972,On or near Palmer Road,E01031327,Warwick 015A,Violence and sexual offences,Unable to prosecute suspect,
e67ed9837791c54fe1b0babc9d9bd24cafced554d41f7dccb8e0b360e88e72e3,2017-11,Warwickshire Police,Warwickshire Police,-1.524010,52.268428,On or near Hall'S Close,E01031327,Warwick 015A,Other crime,Formal action is not in the public interest,
,2017-11,Warwickshire Police,Warwickshire Police,-1.520720,52.270420,On or near Church Close,E01031328,Warwick 015B,Anti-social behaviour,,
,2017-11,Warwickshire Police,Warwickshire Police,-1.520720,52.270420,On or near Church Close,E01031328,Warwick 015B,Anti-social behaviour,,
8dc99b0b180103007f99a8667c404b5008b27cb54671c115c7368e33affbe608,2017-11,Warwickshire Police,Warwickshire Police,-1.519303,52.268634,On or near Canon Young Road,E01031328,Warwick 015B,Burglary,Investigation complete; no suspect identified,
9661018613cdc2f42d494ae90bf7f59e2ca65aba52c0300276021fc62b57038b,2017-11,Warwickshire Police,Warwickshire Police,-1.518844,52.271797,On or near Greville Smith Avenue,E01031328,Warwick 015B,Criminal damage and arson,Status update unavailable,
1c32fa90a2f352eee2accb1fe4e4d30672c15dec871b0337a9fa59dd94bf4482,2017-11,Warwickshire Police,Warwickshire Police,-1.513248,52.272952,On or near Parish End,E01031328,Warwick 015B,Violence and sexual offences,Formal action is not in the public interest,
787a47b056e4fdae5379c3bcef0af5c96ca93cc1a2c747584ea60eecfab5c047,2017-11,Warwickshire Police,Warwickshire Police,-1.513433,52.274777,On or near Hastang Fields,E01031328,Warwick 015B,Violence and sexual offences,Status update unavailable,
1062dca5431d62ff180e41869c35d426b8472e357d3a5ab9d0ae639c3b300713,2017-11,Warwickshire Police,Warwickshire Police,-1.513248,52.272952,On or near Parish End,E01031328,Warwick 015B,Violence and sexual offences,Formal action is not in the public interest,
,2017-11,Warwickshire Police,Warwickshire Police,-1.533249,52.263512,On or near Ashford Road,E01031329,Warwick 015C,Anti-social behaviour,,
,2017-11,Warwickshire Police,Warwickshire Police,-1.536129,52.266984,On or near Sir Toby Belch Drive,E01031329,Warwick 015C,Anti-social behaviour,,
,2017-11,Warwickshire Police,Warwickshire Police,-1.535993,52.264538,On or near Rambures Close,E01031329,Warwick 015C,Anti-social behaviour,,
,2017-11,Warwickshire Police,Warwickshire Police,-1.532803,52.266926,On or near St Catherine'S Crescent,E01031329,Warwick 015C,Anti-social behaviour,,
,2017-11,Warwickshire Police,Warwickshire Police,-1.534302,52.267948,On or near Tachbrook Road,E01031329,Warwick 015C,Anti-social behaviour,,
feb826964beb02a67ec25b18ccd12c337aeebd5b4c8ed3f5c0427e2f1b47e34a,2017-11,Warwickshire Police,Warwickshire Police,-1.532963,52.272618,On or near Goldacre Close,E01031329,Warwick 015C,Burglary,Investigation complete; no suspect identified,
77830332c1f4f346f971e9454092852bf479192314746498b44223fe7f380dad,2017-11,Warwickshire Police,Warwickshire Police,-1.535993,52.264538,On or near Rambures Close,E01031329,Warwick 015C,Burglary,Investigation complete; no suspect identified,
256acf8238c9b4d15aa3405fdd9c2c49073fdd55a70e535f5c75c48d056ca319,2017-11,Warwickshire Police,Warwickshire Police,-1.533982,52.270464,On or near Tachbrook Road,E01031329,Warwick 015C,Burglary,Investigation complete; no suspect identified,
22323bb3687181fc54200254f0573d9e01afa64fb794a13529ad70042ebe8c77,2017-11,Warwickshire Police,Warwickshire Police,-1.536874,52.265791,On or near Priam Circus,E01031329,Warwick 015C,Criminal damage and arson,Status update unavailable,
73fda36041818bbed48d2d13a9f392a13fca7699c133b5c06a4b965320805af8,2017-11,Warwickshire Police,Warwickshire Police,-1.533249,52.263512,On or near Ashford Road,E01031329,Warwick 015C,Criminal damage and arson,Investigation complete; no suspect identified,
,2017-11,Warwickshire Police,Warwickshire Police,-1.524622,52.263181,On or near Verdun Close,E01031330,Warwick 015D,Anti-social behaviour,,
96c9663defff96ec43d3e54f819d6cf098245dacef0f6178171bc21d31137547,2017-11,Warwickshire Police,Warwickshire Police,-1.524622,52.263181,On or near Verdun Close,E01031330,Warwick 015D,Burglary,Investigation complete; no suspect identified,
1deb6fd6ad658ab9268e877e947612d3a5428817cde998bc72264ce7ba4f18c2,2017-11,Warwickshire Police,Warwickshire Police,-1.529170,52.266867,On or near Franklin Road,E01031330,Warwick 015D,Burglary,Investigation complete; no suspect identified,
3444acebaf851199072c0fd800dbdc68b9cb153891bad4ae738a8f0036553794,2017-11,Warwickshire Police,Warwickshire Police,-1.529645,52.266302,On or near Gleave Road,E01031330,Warwick 015D,Other theft,Investigation complete; no suspect identified,
af5a17eacf03b4d4c8569b6ae2d0db0110bee91e4e6bcb14d1fa62c0286f7e84,2017-11,Warwickshire Police,Warwickshire Police,-1.529645,52.266302,On or near Gleave Road,E01031330,Warwick 015D,Other theft,Investigation complete; no suspect identified,
7aa679bf8944c1cd49936aa446c412aaa557e7a07b5d91468ecccfc36a329d9d,2017-11,Warwickshire Police,Warwickshire Police,-1.524622,52.263181,On or near Verdun Close,E01031330,Warwick 015D,Public order,Status update unavailable,
c5f672790f2e89ecfcb75c21812c59cc47f38d37393ec4440c3d269cd27ee50c,2017-11,Warwickshire Police,Warwickshire Police,-1.529645,52.266302,On or near Gleave Road,E01031330,Warwick 015D,Theft from the person,Investigation complete; no suspect identified,
,2017-11,Warwickshire Police,Warwickshire Police,-1.526714,52.259368,On or near Rideswell Grove,E01031331,Warwick 015E,Anti-social behaviour,,
e5726e38c3148c025bc27520695b814d02cf7dbc9bb6c993a90d6be03f0486c5,2017-11,Warwickshire Police,Warwickshire Police,-1.526027,52.262035,On or near Armstrong Close,E01031331,Warwick 015E,Burglary,Investigation complete; no suspect identified,
bd9b08a3f827efc9a73c5ccceb3d6263aea4128e82012eb25ac771cba751aa17,2017-11,Warwickshire Police,Warwickshire Police,-1.528319,52.261433,On or near Crutchley Way,E01031331,Warwick 015E,Criminal damage and arson,Offender sent to prison,
f0cb4b5a4a057045415fea3407df79a3278773ded1db4c3773c055c0793d77be,2017-11,Warwickshire Police,Warwickshire Police,-1.531975,51.977471,On or near High Street,E01028795,West Oxfordshire 002A,Other theft,Investigation complete; no suspect identified,
0d5cd194351a6cee3a627b058c525fb61581a5bde7d1eb5a73e8bc646a1f0712,2017-11,Warwickshire Police,Warwickshire Police,-2.214007,52.192891,On or near George Street,E01032292,Worcester 011B,Robbery,Offender sent to prison,
582696897353d803bdd9f1994ea5d59f94269a8ab39152c581c39e0089679a51,2017-11,Warwickshire Police,Warwickshire Police,-1.996008,52.151253,On or near Park/Open Space,E01032410,Wychavon 010D,Public order,Status update unavailable,
,2017-11,Warwickshire Police,Warwickshire Police,-1.771767,52.116357,On or near Boundary Road West,E01032390,Wychavon 011A,Anti-social behaviour,,
1efb3e59e251cf26ab8b8e485f174fd64f8194716647bd1e596ae060de378f36,2017-11,Warwickshire Police,Warwickshire Police,-1.771767,52.116357,On or near Boundary Road West,E01032390,Wychavon 011A,Criminal damage and arson,Court result unavailable,
a381212e781aaca7b8a45aba38d40aad193d9f8dc350c46d1d37377ad7714458,2017-11,Warwickshire Police,Warwickshire Police,-1.771767,52.116357,On or near Boundary Road West,E01032390,Wychavon 011A,Criminal damage and arson,Unable to prosecute suspect,
d19ecae7f16aff69105c11e1a16da3cc0a258add5cef19ea83a31b9fcd21bf85,2017-11,Warwickshire Police,Warwickshire Police,-1.951631,52.101984,On or near Supermarket,E01032376,Wychavon 015A,Shoplifting,Local resolution,
54f88052e3d7f897d2da7f72aa0b9ed5b203620628e99e3aeebd36381d7a248e,2017-11,Warwickshire Police,Warwickshire Police,-2.265012,52.390600,On or near Kidderminster Police Station,E01032454,Wyre Forest 006D,Criminal damage and arson,Offender fined,
7643ac21d23e517aae5b5dd012fdfb2a7560ac563b2d761e480cebe49ef25ab1,2017-11,Warwickshire Police,Warwickshire Police,,,No Location,,,Bicycle theft,Investigation complete; no suspect identified,
523209b4a3a7ff37680ddb187ac3728063e2af5823f7acddab8e33a17bf81c08,2017-11,Warwickshire Police,Warwickshire Police,,,No Location,,,Bicycle theft,Investigation complete; no suspect identified,
9bac0c24199a7511ea041bbc7e10abd65398652a5e61c571e3fe86ecae532366,2017-11,Warwickshire Police,Warwickshire Police,,,No Location,,,Burglary,Investigation complete; no suspect identified,
b9805d58a00ee682880cd548a7182797ddc486cbfd53b6f32858b3da8aa9e4da,2017-11,Warwickshire Police,Warwickshire Police,,,No Location,,,Burglary,Investigation complete; no suspect identified,
f45230c028770df555205aad1457eb462b6aad8fa44a9ac7b543e213d5e9fb8d,2017-11,Warwickshire Police,Warwickshire Police,,,No Location,,,Burglary,Investigation complete; no suspect identified,
1b23f293a93e0e60c00509581acbae96d3d323d0028550abfae4e69a10043249,2017-11,Warwickshire Police,Warwickshire Police,,,No Location,,,Burglary,Investigation complete; no suspect identified,
1727a4acc36e81544f8dfe7fbbcfa3a1fdd433dc327b297a8048e9034d33f6fc,2017-11,Warwickshire Police,Warwickshire Police,,,No Location,,,Burglary,Formal action is not in the public interest,
5451227e5de104242b8e2b114eeaf9c00967cf65bddebe33f1be952b0ffc09ac,2017-11,Warwickshire Police,Warwickshire Police,,,No Location,,,Burglary,Investigation complete; no suspect identified,
c39ed9e714271c039d5316ce15f4e2c9fa64f5d67390bcc00f2837dbabc653ca,2017-11,Warwickshire Police,Warwickshire Police,,,No Location,,,Burglary,Investigation complete; no suspect identified,
608dc4b75b826925fef2c85126e05de3641daf8832c5ab1494cb14d682e68e93,2017-11,Warwickshire Police,Warwickshire Police,,,No Location,,,Burglary,Investigation complete; no suspect identified,
2163260b1ab88514f403722effb6cfc371297c42f7d32678e9611ed5f316cbd5,2017-11,Warwickshire Police,Warwickshire Police,,,No Location,,,Burglary,Investigation complete; no suspect identified,
3b6bf921c3239739ebe15fd7bb62d6d23fdd827ffababa93016694bcd1a53847,2017-11,Warwickshire Police,Warwickshire Police,,,No Location,,,Burglary,Investigation complete; no suspect identified,
df786429d440d4dbcbf98643c23f7b9d2ba03eafe7bccaa2dee0a983f71a2940,2017-11,Warwickshire Police,Warwickshire Police,,,No Location,,,Burglary,Investigation complete; no suspect identified,
968b4200eefc850ab8e46ca027e40bce88f36b54bf9bceb11d48fcc7d1352d7b,2017-11,Warwickshire Police,Warwickshire Police,,,No Location,,,Criminal damage and arson,Investigation complete; no suspect identified,
401c624a24a1c4c1cc15049a18f61a8ec6286c12ec19fda600fa0c1bbedb4752,2017-11,Warwickshire Police,Warwickshire Police,,,No Location,,,Criminal damage and arson,Unable to prosecute suspect,
c401fb9373090df1d193b42552d71505bb4b3307bbf1daead2c9b5472f8fd8de,2017-11,Warwickshire Police,Warwickshire Police,,,No Location,,,Drugs,Offender given conditional discharge,
3d61e26c758224dfb260803404a476d199dc58febd1d35e132b61d5d0e6a4372,2017-11,Warwickshire Police,Warwickshire Police,,,No Location,,,Other theft,Investigation complete; no suspect identified,
30ff53a2ac238010177f10a5d9221fc88ca15efc68c04e17056b959480c0e6c7,2017-11,Warwickshire Police,Warwickshire Police,,,No Location,,,Other theft,Investigation complete; no suspect identified,
8a9033d55907a3e9a11701b1f8ec6a6e523342a4282d51214943779d5bcaaabe,2017-11,Warwickshire Police,Warwickshire Police,,,No Location,,,Other theft,Investigation complete; no suspect identified,
17c95edf5c18824a2f525c7ecea0eaf29b63d0fcb7e152eeecbd178ac37819e4,2017-11,Warwickshire Police,Warwickshire Police,,,No Location,,,Other theft,Investigation complete; no suspect identified,
5eea4800e4f781af54e44ab0a39579e3a368f34849aa0f1a47632f03aff5f2e1,2017-11,Warwickshire Police,Warwickshire Police,,,No Location,,,Other theft,Local resolution,
2b8b5fc0583caf79ab7d3a31232d211dfdbc9d9212293fce107d0e0a931c56d7,2017-11,Warwickshire Police,Warwickshire Police,,,No Location,,,Other theft,Investigation complete; no suspect identified,
34d6cf9c00fbe6ec78da8a79b9284cab5aeff86002f112213763e5388fcaa7f2,2017-11,Warwickshire Police,Warwickshire Police,,,No Location,,,Other theft,Investigation complete; no suspect identified,
6ac62d8de2646e94112a91921ccf11065550d11a2c791a52e5a3bb6a57af7682,2017-11,Warwickshire Police,Warwickshire Police,,,No Location,,,Other theft,Investigation complete; no suspect identified,
5d37ad4605d5a9013bfa4bf0686dfdf0acc90d7e198dd3056ec17c216ab2de51,2017-11,Warwickshire Police,Warwickshire Police,,,No Location,,,Other theft,Investigation complete; no suspect identified,
ceb6a28672bc88aeb794521ef6167cc62efd184fa21976307671ee94e655e5fb,2017-11,Warwickshire Police,Warwickshire Police,,,No Location,,,Other theft,Investigation complete; no suspect identified,
be15457982407f503aa8e0c28def4ee49ab480e0d311958b4ad8699930b2d1b4,2017-11,Warwickshire Police,Warwickshire Police,,,No Location,,,Other theft,Investigation complete; no suspect identified,
15288dcb7432ff3409d7ee90f4794d6687b8bc4960521ad2385706a830f428d3,2017-11,Warwickshire Police,Warwickshire Police,,,No Location,,,Other theft,Investigation complete; no suspect identified,
1fa1d34b9dc6f58c02a41330cff21c02f6597efaf43af863618aa9426d4aa4df,2017-11,Warwickshire Police,Warwickshire Police,,,No Location,,,Other theft,Investigation complete; no suspect identified,
f12011c2112bee1e7b281d393a4acf4f6b2ef35acb51ca079a98c4c6f165fa3e,2017-11,Warwickshire Police,Warwickshire Police,,,No Location,,,Other theft,Status update unavailable,
2b9f6f62c35b991a9e98ae32582733e6fc8e4d4cd3635734e1268bb787ce2365,2017-11,Warwickshire Police,Warwickshire Police,,,No Location,,,Public order,Formal action is not in the public interest,
2a15a96cc7e5bb94a48ef2a7d2df43f4d31b947c6271f30412681da49639fdc6,2017-11,Warwickshire Police,Warwickshire Police,,,No Location,,,Robbery,Status update unavailable,
7495d482a41105409baf693e3d18bc6175d007645af8b0e7ff1adecf9db809a6,2017-11,Warwickshire Police,Warwickshire Police,,,No Location,,,Shoplifting,Status update unavailable,
2d82123e6f472fb870edfa391506c7b5b338a147bcbd361d610c79bfac3f12c3,2017-11,Warwickshire Police,Warwickshire Police,,,No Location,,,Shoplifting,Investigation complete; no suspect identified,
821f9d98246d7cd163ca3b96ced38bbbc762a6a46156e4381907597a63fb0638,2017-11,Warwickshire Police,Warwickshire Police,,,No Location,,,Shoplifting,Investigation complete; no suspect identified,
e347c35d207a2280270e464744fbdc5cdcc89966e048252d33706891c51e7f29,2017-11,Warwickshire Police,Warwickshire Police,,,No Location,,,Shoplifting,Investigation complete; no suspect identified,
05657f0d7d5bae77ee65d8b7c1c0debeed1958f9270962ee86292b1534ca6353,2017-11,Warwickshire Police,Warwickshire Police,,,No Location,,,Shoplifting,Local resolution,
f8065f7153a1992aa2f8ae2ee633690456b3be4c29132322e132823ca8915c6b,2017-11,Warwickshire Police,Warwickshire Police,,,No Location,,,Shoplifting,Investigation complete; no suspect identified,
398434bb51e62f5895f08f6fd96f2f5ef919c2bebfb75c79f69c93b550ff2cb2,2017-11,Warwickshire Police,Warwickshire Police,,,No Location,,,Shoplifting,Investigation complete; no suspect identified,
cf52d3f4a7fa8e3672d7e7e4055fb27ae0e2fc1340fc3aeced563ef9b3cb3f1b,2017-11,Warwickshire Police,Warwickshire Police,,,No Location,,,Shoplifting,Status update unavailable,
6b7f8ec6c6bbaf383b6095536304a7f37e9e59621db37b71476c3be973e77dce,2017-11,Warwickshire Police,Warwickshire Police,,,No Location,,,Shoplifting,Investigation complete; no suspect identified,
7fd80aae03e2583e80a4bf12be6b6f0ba462004885e11f65cefa594a06bb513a,2017-11,Warwickshire Police,Warwickshire Police,,,No Location,,,Shoplifting,Investigation complete; no suspect identified,
b2683fd888c845ea43ed7c39a7f9f203a7434c7c3a147382e97e4161d8e80a28,2017-11,Warwickshire Police,Warwickshire Police,,,No Location,,,Shoplifting,Unable to prosecute suspect,
34d512bbb352bd2e47a42bb0f055c3f8c8e599b858834d81e6f8fb692f60fdc9,2017-11,Warwickshire Police,Warwickshire Police,,,No Location,,,Shoplifting,Investigation complete; no suspect identified,
bfb058a1da228f181eaeedaadcf64084f2e16531a31b2de2de4408ad73ba700b,2017-11,Warwickshire Police,Warwickshire Police,,,No Location,,,Shoplifting,Investigation complete; no suspect identified,
1bca0df7b42e55d46bb4e1e60e068a39868780f4ec9249876a6915bee7b5d3e4,2017-11,Warwickshire Police,Warwickshire Police,,,No Location,,,Shoplifting,Court result unavailable,
318fd2a33d3d580068cf0f4e655707877e83004b689524df0d89465ee3d79c82,2017-11,Warwickshire Police,Warwickshire Police,,,No Location,,,Shoplifting,Investigation complete; no suspect identified,
32452466bdeae0a093d8d55ec9ae691f0e72d783af0239ca6e057367dc2ffd11,2017-11,Warwickshire Police,Warwickshire Police,,,No Location,,,Shoplifting,Status update unavailable,
4c18e49cd4a5c8ec768f8dad32eb08e11e02493f6581b9a1cd66ab1cb78d93d0,2017-11,Warwickshire Police,Warwickshire Police,,,No Location,,,Vehicle crime,Investigation complete; no suspect identified,
07a0e21a1f248e4f61324bcfaea02c8dd6e0ae8282dbdbda46a256ab5a965acd,2017-11,Warwickshire Police,Warwickshire Police,,,No Location,,,Vehicle crime,Status update unavailable,
8de26117f085a184681b095bebcd502c5e6378300d6ac73725fa1a5c5ce6c607,2017-11,Warwickshire Police,Warwickshire Police,,,No Location,,,Vehicle crime,Defendant found not guilty,
5eb599716004bf3f0094fe9939d0347a907de3a3ff4b7eb6bc28273394ac1d1c,2017-11,Warwickshire Police,Warwickshire Police,,,No Location,,,Vehicle crime,Status update unavailable,
4bb745037e776f6d6159879d8bac7e265cdb25c39367cda27d6f8e8fcf644b93,2017-11,Warwickshire Police,Warwickshire Police,,,No Location,,,Vehicle crime,Investigation complete; no suspect identified,
527030fea66b9838f26c97dee3974759f0fad46866e5e1022115e51b31117621,2017-11,Warwickshire Police,Warwickshire Police,,,No Location,,,Vehicle crime,Investigation complete; no suspect identified,
e2099b0a805de6c141570b42ac83a98307b2005d6036ba429d4f3f39ed61585d,2017-11,Warwickshire Police,Warwickshire Police,,,No Location,,,Violence and sexual offences,Unable to prosecute suspect,
7a27a5b9233691daee7c226ee46a55b92a55bb905386750898837db019b56004,2017-11,Warwickshire Police,Warwickshire Police,,,No Location,,,Violence and sexual offences,Unable to prosecute suspect,
5a0fb69ab1139264e6595b930852fdf9ab0ca1b5bd85dee1a7b0c50c065dd289,2017-11,Warwickshire Police,Warwickshire Police,,,No Location,,,Violence and sexual offences,Unable to prosecute suspect,
1510128bea6fceabef08d28c7598cbbd98b7a3a2388313c43c409bdc252cc94b,2017-11,Warwickshire Police,Warwickshire Police,,,No Location,,,Violence and sexual offences,Status update unavailable,
311f9dd526b653c5a0cf0826677c11bf40f0e66855ec8a2909a148d9c622cbc6,2017-11,Warwickshire Police,Warwickshire Police,,,No Location,,,Violence and sexual offences,Investigation complete; no suspect identified,
28c7c991a27283398b0d93f2b3fb97399605ce88ac5cb74c606ca6b9d19c2a46,2017-11,Warwickshire Police,Warwickshire Police,,,No Location,,,Violence and sexual offences,Status update unavailable,
d1276682d8501408ccb99eee8c9830e30bf8e8b78842bb1609560db045f3e5f4,2017-11,Warwickshire Police,Warwickshire Police,,,No Location,,,Violence and sexual offences,Status update unavailable,
51253c452db93ac3c6ddb1a6f8ca1b03e674bdcab91c5182ba03582ed92ec0c9,2017-11,Warwickshire Police,Warwickshire Police,,,No Location,,,Violence and sexual offences,Status update unavailable,
e8bcce0d4724263303e9fd24116ff1ac28de344e02cb6a79719f92625dd6d81a,2017-11,Warwickshire Police,Warwickshire Police,,,No Location,,,Violence and sexual offences,Status update unavailable,
a72db28fd0517082323cadedf97b1342f65cdb0c18b5db0caa40ed4873f986b4,2017-11,Warwickshire Police,Warwickshire Police,,,No Location,,,Violence and sexual offences,Status update unavailable,
96e6d7a2ef06a324a7038ab96b330958559dcc37ed6b1afdd7ea3d357d318cf0,2017-11,Warwickshire Police,Warwickshire Police,,,No Location,,,Violence and sexual offences,Further investigation is not in the public interest,
de87ba40534fd5760c6afe744d1d95e71d628908e45df2be5730b137c87ce294,2017-11,Warwickshire Police,Warwickshire Police,,,No Location,,,Violence and sexual offences,Status update unavailable,
fc71cd8430d433103c9347527908b5f5f5f0623aa8415afc69c0309421881891,2017-11,Warwickshire Police,Warwickshire Police,,,No Location,,,Violence and sexual offences,Status update unavailable,
3c3819ea70bf3bd7f4c09f52c2d04d6df2ac650f42b2ced48a5b85a3e1fa67fe,2017-11,Warwickshire Police,Warwickshire Police,,,No Location,,,Violence and sexual offences,Status update unavailable,
ec8b04daa292ff11c1e67db7725d090232eda2733d9863cead8ff5d1d37102e1,2017-11,Warwickshire Police,Warwickshire Police,,,No Location,,,Violence and sexual offences,Status update unavailable,
259b3db1fd74ffe6d36e6df1d5d0c5344035ed6fdd0a1860e4c642507e9ab033,2017-11,Warwickshire Police,Warwickshire Police,,,No Location,,,Violence and sexual offences,Status update unavailable,
86870c3c4a741e54f03e2061b76ba2c3241c3f8741bf08808c9b0dacb431fe4b,2017-11,Warwickshire Police,Warwickshire Police,,,No Location,,,Violence and sexual offences,Status update unavailable,
44dacf00b6484d759a9cd7f128c943ba2b3aaed8f877f27d74d6af9aec4f275b,2017-11,Warwickshire Police,Warwickshire Police,,,No Location,,,Violence and sexual offences,Status update unavailable,
2842c27eaf9fb8d11f1032aa27b53aad4912b81f19d4ff2227f92d3fba761a19,2017-11,Warwickshire Police,Warwickshire Police,,,No Location,,,Violence and sexual offences,Investigation complete; no suspect identified,
8bf64d7ad64f20b35cf409a5c322e2f283e82424f93b256f4b5d0152e67dff85,2017-11,Warwickshire Police,Warwickshire Police,,,No Location,,,Violence and sexual offences,Unable to prosecute suspect,
2549fb4e773fc9f24b9af49aa7f8809bb2c47fb15331e0a8ad0ba59254d8c11c,2017-11,Warwickshire Police,Warwickshire Police,,,No Location,,,Violence and sexual offences,Status update unavailable,
873bcbd2fc5238a1704d411703efe9bf1f3ee515298b9abadaf0f5a68ba1f726,2017-11,Warwickshire Police,Warwickshire Police,,,No Location,,,Violence and sexual offences,Investigation complete; no suspect identified,
40eae9e57b50722531e603295ebb707d417d542ac2cf3d2caa38ceed0de3f018,2017-11,Warwickshire Police,Warwickshire Police,,,No Location,,,Other crime,Unable to prosecute suspect,
9fb44dec972fc36907c3b1d56f87eafdb849ca08faef669083ca53d05c788fad,2017-11,Warwickshire Police,Warwickshire Police,,,No Location,,,Other crime,Unable to prosecute suspect,
