Crime ID,Month,Reported by,Falls within,Longitude,Latitude,Location,LSOA code,LSOA name,Crime type,Last outcome category,Context
caa081d7dee37d7f58172440988a8f161860b9080f00b65ff485819f1b817578,2019-03,North Yorkshire Police,North Yorkshire Police,-1.912704,53.948932,On or near Crossbank Road,E01010646,Bradford 001A,Drugs,Offender given a drugs possession warning,
,2019-03,North Yorkshire Police,North Yorkshire Police,-1.819597,53.923411,On or near Sefton Drive,E01010692,Bradford 001D,Anti-social behaviour,,
,2019-03,North Yorkshire Police,North Yorkshire Police,-1.738604,53.898851,On or near Windermere Avenue,E01010772,Bradford 005B,Anti-social behaviour,,
,2019-03,North Yorkshire Police,North Yorkshire Police,-1.752133,53.788023,On or near Adelaide Street,E01010730,Bradford 045C,Anti-social behaviour,,
2bae658618d1315edd011be22f4916bbd081f46055f76c20b8c47e9050f1a6e5,2019-03,North Yorkshire Police,North Yorkshire Police,-2.538231,54.120483,On or near Crowtrees,E01027558,Craven 001A,Violence and sexual offences,Under investigation,
c3afcb0baf2c2541183d53cd23eb2afd29dbd03e23dcc83a7fc816e856e7589a,2019-03,North Yorkshire Police,North Yorkshire Police,-2.538231,54.120483,On or near Crowtrees,E01027558,Craven 001A,Other crime,Under investigation,
,2019-03,North Yorkshire Police,North Yorkshire Police,-2.509516,54.118172,On or near Supermarket,E01027559,Craven 001B,Anti-social behaviour,,
,2019-03,North Yorkshire Police,North Yorkshire Police,-2.509516,54.118172,On or near Supermarket,E01027559,Craven 001B,Anti-social behaviour,,
6b49541ed5943502ff5dfa01f76fa8e6e89644d4dfca2b5481cdc29783a8eae0,2019-03,North Yorkshire Police,North Yorkshire Police,-2.509516,54.118172,On or near Supermarket,E01027559,Craven 001B,Criminal damage and arson,Under investigation,
44d6cd18994e60b55d1cc9f6fcd9cf56bc6b61913b2ca978a0543ee2e1aae91f,2019-03,North Yorkshire Police,North Yorkshire Police,-2.510445,54.117835,On or near King Street,E01027559,Craven 001B,Shoplifting,Investigation complete; no suspect identified,
027005f8726a26cf2018aa8f4e13c766577f6e5b24751c63bb0272b7857f929e,2019-03,North Yorkshire Police,North Yorkshire Police,-2.513450,54.119665,On or near Wesley Way,E01027559,Craven 001B,Violence and sexual offences,Under investigation,
e838f6015ca0a26288de2fb8acf34e1ddb95f8ba1683708541e553486e7e6528,2019-03,North Yorkshire Police,North Yorkshire Police,-2.513450,54.119665,On or near Wesley Way,E01027559,Craven 001B,Violence and sexual offences,Under investigation,
296686fef01e0a637f87676a0dc50e3d14e62ddcb20ff238c4eaf3d48392f23c,2019-03,North Yorkshire Police,North Yorkshire Police,-2.347727,54.093817,On or near Shepherd Gate,E01027569,Craven 001C,Burglary,Investigation complete; no suspect identified,
45ccc47e0831081d19807b97103c2d822009ba60c3a07246dd8f93f8dc83f193,2019-03,North Yorkshire Police,North Yorkshire Police,-2.365910,54.083814,On or near Eldroth Road,E01027569,Craven 001C,Violence and sexual offences,Under investigation,
922f4460e08967bcea67ce10b47ca27be0edec764e68e98374e2ccf593bd6e99,2019-03,North Yorkshire Police,North Yorkshire Police,-2.443149,54.136733,On or near Lowkber Lane,E01027570,Craven 001D,Burglary,Under investigation,
6513d685fdbfd9f5d7cc1e49ca7dd188e067b0616a4276758c5121fccc0e07e5,2019-03,North Yorkshire Police,North Yorkshire Police,-2.513708,54.163946,On or near A65,E01027570,Craven 001D,Burglary,Under investigation,
fdd54e93de7e95b321442f758fb30c6a4099ea8c3d87fd9d0e3f331a02af12a8,2019-03,North Yorkshire Police,North Yorkshire Police,-2.508686,54.136618,On or near Bentham Road,E01027570,Craven 001D,Burglary,Under investigation,
4b3090b71269d7731e9f8fc81ef720ed8509ef7cd9a89982d32445bb6d606a20,2019-03,North Yorkshire Police,North Yorkshire Police,-2.466679,54.149488,On or near Low Demesne,E01027570,Craven 001D,Criminal damage and arson,Unable to prosecute suspect,
5dea84a863f9419f9663834b17654dfd91363490ce5e89bd08244b454666b76a,2019-03,North Yorkshire Police,North Yorkshire Police,-2.352421,54.205500,On or near Parking Area,E01027570,Craven 001D,Other theft,Under investigation,
522960e9e79ac23b99d34b1af4c1e8ef20e5fe2b29525bfaea3628d7689271a2,2019-03,North Yorkshire Police,North Yorkshire Police,-2.495947,54.143897,On or near Bentham Road,E01027570,Craven 001D,Other theft,Investigation complete; no suspect identified,
8f23b366fe23e2f7b94e2d723f1b302b29302cf99898520c3d3dc124d7ce5388,2019-03,North Yorkshire Police,North Yorkshire Police,-2.469474,54.146187,On or near Petrol Station,E01027570,Craven 001D,Other theft,Under investigation,
e366ced159c380cddccd88eb77e441e4a338005edab9ed644c94df23c8f499fe,2019-03,North Yorkshire Police,North Yorkshire Police,-2.352421,54.205500,On or near Parking Area,E01027570,Craven 001D,Other theft,Investigation complete; no suspect identified,
cee562daeb5d1326c8c3ce9057ee15f8ab26d14ec0c36c163e8bc0c251de30a2,2019-03,North Yorkshire Police,North Yorkshire Police,-2.469474,54.146187,On or near Petrol Station,E01027570,Craven 001D,Violence and sexual offences,Under investigation,
873e4367e84fb1628975c12a4b456d946575f55cc0284320c3072c7bb8e05cf7,2019-03,North Yorkshire Police,North Yorkshire Police,-2.471299,54.151851,On or near The Brow,E01027570,Craven 001D,Violence and sexual offences,Under investigation,
4027d95d67575e2a6e03f8791dff6b4e5a2a98945eb3af16d49294417e612ff3,2019-03,North Yorkshire Police,North Yorkshire Police,-2.044599,53.970139,On or near The Croft,E01027562,Craven 002A,Burglary,Under investigation,
674c966e4b9b0355040505520b55aefc16246a733840ddb67fdae253a24ec22d,2019-03,North Yorkshire Police,North Yorkshire Police,-2.155332,54.063815,On or near Back Lane,E01027562,Craven 002A,Other theft,Under investigation,
256231c41b39caac0de606cc35a978a7b9336eca74d5cc3cd76e050ba9094fc6,2019-03,North Yorkshire Police,North Yorkshire Police,-2.162272,54.045075,On or near Main Street,E01027562,Craven 002A,Vehicle crime,Under investigation,
a781402155274871875e0cc549e45f3786542c9686d3ad72d3f377e1d5d4f78b,2019-03,North Yorkshire Police,North Yorkshire Police,-2.162664,53.992911,On or near A65,E01027562,Craven 002A,Violence and sexual offences,Under investigation,
e1a8c2090b0eb5dd43d6e998aaf3fd40a2fc7093c16e7cca4422b74bf6404717,2019-03,North Yorkshire Police,North Yorkshire Police,-2.106321,53.981227,On or near Church Croft,E01027562,Craven 002A,Violence and sexual offences,Unable to prosecute suspect,
64a964a3499e76c6ddbf033c4d8fbc8398ecdf42cce5f200d8dc735b5946f0dc,2019-03,North Yorkshire Police,North Yorkshire Police,-1.997489,54.075213,On or near Chapel Croft,E01027567,Craven 002B,Burglary,Investigation complete; no suspect identified,
9f839158d11b9a958f8afe3b65c9b1a943fbfa30de74577ee5952532308c76f3,2019-03,North Yorkshire Police,North Yorkshire Police,-1.999552,54.071851,On or near Parking Area,E01027567,Craven 002B,Drugs,Offender given a drugs possession warning,
5d97aaf4af3a604a0f279a18aaf3bcfdb9c0e7b3f63213db8bcdd2b1f5c773f6,2019-03,North Yorkshire Police,North Yorkshire Police,-1.997413,54.071860,On or near Broughton,E01027567,Craven 002B,Other theft,Under investigation,
3cd363c02d064b5ea625d44172de67c9ef0f424416b8f1f5b55b9c4ab952041b,2019-03,North Yorkshire Police,North Yorkshire Police,-1.984594,54.065793,On or near B6265,E01027567,Craven 002B,Violence and sexual offences,Under investigation,
90b38aac98952562592ef7acc365f9fc5aec0dfe169ecf51053d60e2fdb8052c,2019-03,North Yorkshire Police,North Yorkshire Police,-2.017399,54.068417,On or near B6265,E01027585,Craven 002C,Burglary,Investigation complete; no suspect identified,
14577976e6f1e6156bd6ac7931259b0ac006c6f8ec66f4db28c48717296c59bf,2019-03,North Yorkshire Police,North Yorkshire Police,-2.072661,54.168840,On or near Coates Lane,E01027585,Craven 002C,Burglary,Investigation complete; no suspect identified,
a81e2eeab5f7fe99efa0dc2dcd1195d631b9939c0a1fecece5c641976d75052d,2019-03,North Yorkshire Police,North Yorkshire Police,-2.089698,54.192034,On or near Parking Area,E01027585,Craven 002C,Violence and sexual offences,Under investigation,
d5c74f73f994147c84b8dad0ed936f2843d48c53cab24d46e4b14b8087cf41fa,2019-03,North Yorkshire Police,North Yorkshire Police,-2.011700,54.070521,On or near Doctor Laithe,E01027585,Craven 002C,Violence and sexual offences,Under investigation,
,2019-03,North Yorkshire Police,North Yorkshire Police,-2.218358,54.006007,On or near Sports/Recreation Area,E01027568,Craven 003A,Anti-social behaviour,,
,2019-03,North Yorkshire Police,North Yorkshire Police,-2.225195,54.006192,On or near Brook Street,E01027568,Craven 003A,Anti-social behaviour,,
,2019-03,North Yorkshire Police,North Yorkshire Police,-2.218358,54.006007,On or near Sports/Recreation Area,E01027568,Craven 003A,Anti-social behaviour,,
,2019-03,North Yorkshire Police,North Yorkshire Police,-2.255453,54.019065,On or near Back Green,E01027568,Craven 003A,Anti-social behaviour,,
,2019-03,North Yorkshire Police,North Yorkshire Police,-2.218358,54.006007,On or near Sports/Recreation Area,E01027568,Craven 003A,Anti-social behaviour,,
,2019-03,North Yorkshire Police,North Yorkshire Police,-2.218358,54.006007,On or near Sports/Recreation Area,E01027568,Craven 003A,Anti-social behaviour,,
,2019-03,North Yorkshire Police,North Yorkshire Police,-2.218358,54.006007,On or near Sports/Recreation Area,E01027568,Craven 003A,Anti-social behaviour,,
,2019-03,North Yorkshire Police,North Yorkshire Police,-2.225195,54.006192,On or near Brook Street,E01027568,Craven 003A,Anti-social behaviour,,
,2019-03,North Yorkshire Police,North Yorkshire Police,-2.224466,54.006931,On or near Kendal Close,E01027568,Craven 003A,Anti-social behaviour,,
,2019-03,North Yorkshire Police,North Yorkshire Police,-2.218358,54.006007,On or near Sports/Recreation Area,E01027568,Craven 003A,Anti-social behaviour,,
275344c2caac0c91f1b763170e0280dea2f4773b2c8f8e90bc205f617487c713,2019-03,North Yorkshire Police,North Yorkshire Police,-2.227751,54.010412,On or near Parking Area,E01027568,Craven 003A,Burglary,Under investigation,
2a9b28bede758feff94ce168cda504981b830adbd87c5a48eb7d90c5b3c42ca5,2019-03,North Yorkshire Police,North Yorkshire Police,-2.253522,54.020255,On or near School Lane,E01027568,Craven 003A,Burglary,Under investigation,
28441d7b18b8f32e057dd8985c61bb07f222262cc2db58bb7fa91e6a0abfe923,2019-03,North Yorkshire Police,North Yorkshire Police,-2.255453,54.019065,On or near Back Green,E01027568,Craven 003A,Public order,Under investigation,
f9cc24f2dbbfbe24c3da87718864fbda5d876e80b9ce6714dcac021a74974302,2019-03,North Yorkshire Police,North Yorkshire Police,-2.255453,54.019065,On or near Back Green,E01027568,Craven 003A,Public order,Under investigation,
33c703c22df76182af077c05b7221b155b7a32e5f9685e23826f9aced0552197,2019-03,North Yorkshire Police,North Yorkshire Police,-2.217728,54.005065,On or near Thornview Road,E01027568,Craven 003A,Vehicle crime,Investigation complete; no suspect identified,
119bcab625265c8d2100cc52ad400ed2ff8785ced9b66c69d5c336f23ee58499,2019-03,North Yorkshire Police,North Yorkshire Police,-2.235577,54.007485,On or near The Oaks,E01027568,Craven 003A,Vehicle crime,Investigation complete; no suspect identified,
a1a394d9509d6383fa3927a22428541da374cfc651664fefec4e76f23f8dbccf,2019-03,North Yorkshire Police,North Yorkshire Police,-2.254127,54.019301,On or near Hartley Green,E01027568,Craven 003A,Violence and sexual offences,Under investigation,
d08c4cb1bce7a48be80906f4297a52b85ce0ab1d5e12373475f9e18ddd5f6a68,2019-03,North Yorkshire Police,North Yorkshire Police,-2.227940,54.006070,On or near Kendal Road,E01027568,Craven 003A,Violence and sexual offences,Under investigation,
11f6241eb001ee13d6799bb2cb6099d6095da588d95811401bf046b684b24fdf,2019-03,North Yorkshire Police,North Yorkshire Police,-2.224466,54.006931,On or near Kendal Close,E01027568,Craven 003A,Violence and sexual offences,Under investigation,
d7cbd86c614f2629bbc4a91cdfd1c5421f0ba66e556d28795fda053041df6325,2019-03,North Yorkshire Police,North Yorkshire Police,-2.256658,54.018892,On or near Rileys Croft,E01027568,Craven 003A,Violence and sexual offences,Under investigation,
3da5d5ee70ce013f4395d7540e3796daa5aa1968e3db929eef626a8d29236af7,2019-03,North Yorkshire Police,North Yorkshire Police,-2.218358,54.006007,On or near Sports/Recreation Area,E01027568,Craven 003A,Violence and sexual offences,Under investigation,
f4550939f45af6941812a39c123c5b20aa79c70aa1ffdd9f9cf7fe31165ae8a7,2019-03,North Yorkshire Police,North Yorkshire Police,-2.227940,54.006070,On or near Kendal Road,E01027568,Craven 003A,Violence and sexual offences,Under investigation,
be10d29c464af4319929bd214cc63a436f795fbc7b6f1bab4562a1506b493ab8,2019-03,North Yorkshire Police,North Yorkshire Police,-2.255453,54.019065,On or near Back Green,E01027568,Craven 003A,Violence and sexual offences,Under investigation,
c22effa64f2712697c4b33ee5c159b1090abb9f91c2144a5c4ccd9fa074efef5,2019-03,North Yorkshire Police,North Yorkshire Police,-2.224466,54.006931,On or near Kendal Close,E01027568,Craven 003A,Other crime,Under investigation,
,2019-03,North Yorkshire Police,North Yorkshire Police,-2.274001,54.100928,On or near Main Street,E01027571,Craven 003B,Anti-social behaviour,,
,2019-03,North Yorkshire Police,North Yorkshire Police,-2.276239,54.101759,On or near Church Lane,E01027571,Craven 003B,Anti-social behaviour,,
4f275d922eba7d7121c22c4b05c4329feed4f81defaf070edc373b467f686b07,2019-03,North Yorkshire Police,North Yorkshire Police,-2.294667,54.056561,On or near Parking Area,E01027571,Craven 003B,Violence and sexual offences,Under investigation,
cb13991b310f2c2bac01392646fa36e48c7b1209992f7080d2901869c77c7734,2019-03,North Yorkshire Police,North Yorkshire Police,-2.294667,54.056561,On or near Parking Area,E01027571,Craven 003B,Violence and sexual offences,Under investigation,
6853b6ca4111b153dbf3f58fb714aadd28830447d248a4604761299b8fb935df,2019-03,North Yorkshire Police,North Yorkshire Police,-2.294667,54.056561,On or near Parking Area,E01027571,Craven 003B,Violence and sexual offences,Under investigation,
489efea8c6e045ab387549f1d806573a7d00e28c010a48fd903542eae818fd4c,2019-03,North Yorkshire Police,North Yorkshire Police,-2.294667,54.056561,On or near Parking Area,E01027571,Craven 003B,Violence and sexual offences,Under investigation,
11f1df501f3d1bbcd1f37a55d39bd96804db153ab779ffa7629fe7f69f3b3246,2019-03,North Yorkshire Police,North Yorkshire Police,-2.290252,54.071806,On or near Church Street,E01027571,Craven 003B,Violence and sexual offences,Under investigation,
4409314ab0c8134c55cd922b9d8290d7e7bdd2f72e151ceaf7c30cf73c2b70ee,2019-03,North Yorkshire Police,North Yorkshire Police,-2.287396,54.072065,On or near Belle Hill,E01027571,Craven 003B,Violence and sexual offences,Under investigation,
8a8affc5bff30c31d73cf5345ac37020ad18fcbd9b7f0a995803121eab5952ef,2019-03,North Yorkshire Police,North Yorkshire Police,-2.294667,54.056561,On or near Parking Area,E01027571,Craven 003B,Violence and sexual offences,Under investigation,
,2019-03,North Yorkshire Police,North Yorkshire Police,-2.283624,54.070222,On or near Mill Close,E01027572,Craven 003C,Anti-social behaviour,,
,2019-03,North Yorkshire Police,North Yorkshire Police,-2.278551,54.072526,On or near Northfields Crescent,E01027572,Craven 003C,Anti-social behaviour,,
,2019-03,North Yorkshire Police,North Yorkshire Police,-2.283624,54.070222,On or near Mill Close,E01027572,Craven 003C,Anti-social behaviour,,
,2019-03,North Yorkshire Police,North Yorkshire Police,-2.281900,54.070532,On or near Kirkgate,E01027572,Craven 003C,Anti-social behaviour,,
eaef9c2bd36586f35513212d41e62e30273c0808bb05c31c534ca94b06dd7480,2019-03,North Yorkshire Police,North Yorkshire Police,-2.276434,54.071317,On or near Townhead Way,E01027572,Craven 003C,Criminal damage and arson,Investigation complete; no suspect identified,
dd5a5e51b99ded74e9fc3e147a107a214e89a2c49e992e1f4dece5dcfb331b5c,2019-03,North Yorkshire Police,North Yorkshire Police,-2.275954,54.067975,On or near High Street,E01027572,Craven 003C,Other theft,Investigation complete; no suspect identified,
24b3e4ae32e25dce5670a04b126a893f9d1fcbfdda18149971e6415c2e0c2a97,2019-03,North Yorkshire Police,North Yorkshire Police,-2.276740,54.069016,On or near Market Place,E01027572,Craven 003C,Shoplifting,Unable to prosecute suspect,
f37dd6a6e717e169c1b300668d8e2f416eac87908b023d60ecc01ce57fdcc611,2019-03,North Yorkshire Police,North Yorkshire Police,-2.278044,54.069849,On or near Parking Area,E01027572,Craven 003C,Violence and sexual offences,Under investigation,
2466a0566cc87b7300c20074a6e64a3164fb74fb069957310156f32784f77d1b,2019-03,North Yorkshire Police,North Yorkshire Police,-2.283624,54.070222,On or near Mill Close,E01027572,Craven 003C,Violence and sexual offences,Under investigation,
,2019-03,North Yorkshire Police,North Yorkshire Police,-2.281744,54.067845,On or near Sports/Recreation Area,E01027573,Craven 003D,Anti-social behaviour,,
,2019-03,North Yorkshire Police,North Yorkshire Police,-2.279881,54.054422,On or near Lodge Road,E01027573,Craven 003D,Anti-social behaviour,,
e9aa75fbdff713891399b2fe76e3394026aff5c8652e5257485a1a846bac4ea6,2019-03,North Yorkshire Police,North Yorkshire Police,-2.316365,54.047321,On or near Swainstead Rake,E01027573,Craven 003D,Burglary,Investigation complete; no suspect identified,
ddcc9a0bc01e4fb179891e7cab7cacecee9e1df58bb0cef5563c2469a5b6d74d,2019-03,North Yorkshire Police,North Yorkshire Police,-2.283534,54.061495,On or near B6480,E01027573,Craven 003D,Burglary,Under investigation,
88fc7bc0d34fc0d32a6f3f6588f9ddfcd077af80144e76ad376600fafc020f9a,2019-03,North Yorkshire Police,North Yorkshire Police,-2.272607,54.065520,On or near Green Head Lane,E01027573,Craven 003D,Criminal damage and arson,Under investigation,
7bc0622f038116ac3bee1a9014a508fc136d1e2bbc85a5f11cd235256aa8dcba,2019-03,North Yorkshire Police,North Yorkshire Police,-2.276627,54.070337,On or near Townhead,E01027573,Craven 003D,Criminal damage and arson,Under investigation,
63dcbbd0ffb648482f543b1c84d322b6a53ba0d4e9526abf87ec56a117b0e903,2019-03,North Yorkshire Police,North Yorkshire Police,-2.279122,54.064220,On or near Falcon Close,E01027573,Craven 003D,Vehicle crime,Investigation complete; no suspect identified,
e86139de8a443a50e1992244e5576b6371f87ff619c8638e60f8e7d7b07eecf2,2019-03,North Yorkshire Police,North Yorkshire Police,-2.279642,54.064237,On or near Longdale Avenue,E01027573,Craven 003D,Vehicle crime,Investigation complete; no suspect identified,
44381e0e54f058110da51e57f4bdf89edb8f4ce5484266009ace4e5e90cd2a17,2019-03,North Yorkshire Police,North Yorkshire Police,-1.890596,53.983822,On or near B6160,E01027557,Craven 004A,Burglary,Under investigation,
83ed73ab811f85b2caddec0e56fc1bfb3e32f3fcac31b342616fa68df6213586,2019-03,North Yorkshire Police,North Yorkshire Police,-1.883936,53.993549,On or near Parking Area,E01027557,Craven 004A,Public order,Under investigation,
ca1f7b57c5d87083a1cb6bfe28809acbe09c6cf1e952eaf22d39aa80293a6959,2019-03,North Yorkshire Police,North Yorkshire Police,-1.974466,53.986206,On or near Hunters Croft,E01027561,Craven 004B,Burglary,Investigation complete; no suspect identified,
2b7c2aeb9e241101d9b6248cc07d4bce8139591ebf3896132f64637572dffe29,2019-03,North Yorkshire Police,North Yorkshire Police,-1.989413,53.977912,On or near East Lane,E01027561,Craven 004B,Burglary,Investigation complete; no suspect identified,
322d04805ea7431bdc7e4d086d5cddef93e5932eee06e27ca76486ad69d26e3d,2019-03,North Yorkshire Police,North Yorkshire Police,-1.972778,53.977982,On or near Low Lane,E01027561,Craven 004B,Other theft,Investigation complete; no suspect identified,
397a3f056e9997ebd47d226549b6f6eb437ab4e73501a47d3dfd23ed05c636d3,2019-03,North Yorkshire Police,North Yorkshire Police,-1.972778,53.977982,On or near Low Lane,E01027561,Craven 004B,Other theft,Investigation complete; no suspect identified,
aaa8f628f6f7e9b85cb66847b28a5cc7bf25ca0ae196718f60abcf074e92a204,2019-03,North Yorkshire Police,North Yorkshire Police,-1.972778,53.977982,On or near Low Lane,E01027561,Craven 004B,Other theft,Investigation complete; no suspect identified,
8ee5f36cdc591450c092dedb390d5983d52da9ffef24cc089f26e35c920db78f,2019-03,North Yorkshire Police,North Yorkshire Police,-1.972778,53.977982,On or near Low Lane,E01027561,Craven 004B,Other theft,Investigation complete; no suspect identified,
493d641a3d14e7ecb9fbe2426d3c27e32fa26b75df1ab608e500dda5db9b3e86,2019-03,North Yorkshire Police,North Yorkshire Police,-2.027083,53.969749,On or near White Hills Croft,E01027576,Craven 004C,Burglary,Investigation complete; no suspect identified,
64a4672bf27cf2031686ecedb619f3f1dc49b0cb69941821764726237adc70ee,2019-03,North Yorkshire Police,North Yorkshire Police,-2.027083,53.969749,On or near White Hills Croft,E01027576,Craven 004C,Burglary,Investigation complete; no suspect identified,
c594e16aee357d8fe27a109016cdba01a6f731fc015411c1d6417d142ad29441,2019-03,North Yorkshire Police,North Yorkshire Police,-2.027083,53.969749,On or near White Hills Croft,E01027576,Craven 004C,Burglary,Investigation complete; no suspect identified,
ff903dc994079bf994c8cef5796762d4fa93f146366540080f6d1e988b9b53a1,2019-03,North Yorkshire Police,North Yorkshire Police,-2.024093,53.966163,On or near Hill Rise,E01027576,Craven 004C,Vehicle crime,Investigation complete; no suspect identified,
c3c507eaa30c1c04b8963bb9db5161d96144492a0a0e852abfe6f49539740ed0,2019-03,North Yorkshire Police,North Yorkshire Police,-2.026667,53.962559,On or near West Bank Road,E01027576,Craven 004C,Violence and sexual offences,Under investigation,
856a66d0d2c1e7296f3120bfdca51f1d480076507c2c6d61deda8aff5e7c01f6,2019-03,North Yorkshire Police,North Yorkshire Police,-2.005619,53.965842,On or near Uplands,E01027574,Craven 005A,Violence and sexual offences,Under investigation,
,2019-03,North Yorkshire Police,North Yorkshire Police,-2.024350,53.961247,On or near Granville Street,E01027577,Craven 005C,Anti-social behaviour,,
,2019-03,North Yorkshire Police,North Yorkshire Police,-2.022856,53.961265,On or near Crossley Place,E01027577,Craven 005C,Anti-social behaviour,,
,2019-03,North Yorkshire Police,North Yorkshire Police,-2.015144,53.961042,On or near Court Lane,E01027577,Craven 005C,Anti-social behaviour,,
,2019-03,North Yorkshire Police,North Yorkshire Police,-2.014215,53.961977,On or near Shopping Area,E01027577,Craven 005C,Anti-social behaviour,,
,2019-03,North Yorkshire Police,North Yorkshire Police,-2.024227,53.960492,On or near Hall Croft,E01027577,Craven 005C,Anti-social behaviour,,
,2019-03,North Yorkshire Police,North Yorkshire Police,-2.015053,53.962165,On or near Bus/Coach Station,E01027577,Craven 005C,Anti-social behaviour,,
,2019-03,North Yorkshire Police,North Yorkshire Police,-2.012904,53.961132,On or near Bunkers Hill,E01027577,Craven 005C,Anti-social behaviour,,
725c93e8c5c0f1244e18e63c84eb67924dbf40be006f7795bcd18a1d27af3f4f,2019-03,North Yorkshire Police,North Yorkshire Police,-2.017049,53.960395,On or near Caroline Square,E01027577,Craven 005C,Criminal damage and arson,Under investigation,
f5c6c41e00667eaae89fc057af2d8586e8a51b607b202170967d3f630caaa525,2019-03,North Yorkshire Police,North Yorkshire Police,-2.012294,53.960099,On or near Duke Street,E01027577,Craven 005C,Criminal damage and arson,Investigation complete; no suspect identified,
cc0237047549d8baf4bc8dd602f06bd3a1bfa584efee4f833be9a311a69daaed,2019-03,North Yorkshire Police,North Yorkshire Police,-2.017049,53.960395,On or near Caroline Square,E01027577,Craven 005C,Other theft,Under investigation,
737d510c4ece1a8cee18062fd04617c7e15342731a47a4a45a3319966484ec49,2019-03,North Yorkshire Police,North Yorkshire Police,-2.019229,53.962722,On or near Elliot Street,E01027577,Craven 005C,Other theft,Investigation complete; no suspect identified,
06cca509281d4a62c21c2333f4fc842485c53f923f7c01a228933cdb2c59e962,2019-03,North Yorkshire Police,North Yorkshire Police,-2.014215,53.961977,On or near Shopping Area,E01027577,Craven 005C,Public order,Under investigation,
4d02031277d1d55529a8294e34dde2a7eaa2ba2d825bac8c4766d24861f4f68c,2019-03,North Yorkshire Police,North Yorkshire Police,-2.012904,53.961132,On or near Bunkers Hill,E01027577,Craven 005C,Public order,Awaiting court outcome,
8750d9aaaec08d13200db6aeb399db06081fb6a80f2b2a949624ae9040a4c767,2019-03,North Yorkshire Police,North Yorkshire Police,-2.017537,53.962030,On or near Bay Horse Yard,E01027577,Craven 005C,Shoplifting,Investigation complete; no suspect identified,
80007f95f1c74fef4c67398de7459391f26479f03c7028d5da31da1a3edf97d6,2019-03,North Yorkshire Police,North Yorkshire Police,-2.012720,53.960566,On or near Petyt Grove,E01027577,Craven 005C,Vehicle crime,Investigation complete; no suspect identified,
50e13d4ff50ceb760633bdcfa9d717e61cc0b3fe908a7420a2abf8c8a9f41ab3,2019-03,North Yorkshire Police,North Yorkshire Police,-2.018376,53.962929,On or near Victoria Terrace,E01027577,Craven 005C,Vehicle crime,Investigation complete; no suspect identified,
bccece9e8acc260e6852389b78443f926c75862a2d31ecb2fa757cd0198ba044,2019-03,North Yorkshire Police,North Yorkshire Police,-2.016577,53.961905,On or near High Street,E01027577,Craven 005C,Violence and sexual offences,Under investigation,
c12b7f0c1bddd9a50b3365931323ba05d1bde74b26df2e5fed823c4f0f6117e7,2019-03,North Yorkshire Police,North Yorkshire Police,-2.015891,53.961743,On or near Shopping Area,E01027577,Craven 005C,Violence and sexual offences,Under investigation,
ced3ddb026cb79a4176f85f0217d50108fef1adac787f04cb7f56e68e89c2b14,2019-03,North Yorkshire Police,North Yorkshire Police,-2.015144,53.961042,On or near Court Lane,E01027577,Craven 005C,Violence and sexual offences,Unable to prosecute suspect,
682f2cc18965dbaff879696ac48fa2adc880888e83647ef8f3df78030604ed95,2019-03,North Yorkshire Police,North Yorkshire Police,-2.016882,53.963271,On or near Mill Bridge,E01027577,Craven 005C,Violence and sexual offences,Under investigation,
,2019-03,North Yorkshire Police,North Yorkshire Police,-2.011790,53.958481,On or near Montgomery Street,E01027579,Craven 005D,Anti-social behaviour,,
,2019-03,North Yorkshire Police,North Yorkshire Police,-2.013314,53.958732,On or near Nelson Street,E01027579,Craven 005D,Anti-social behaviour,,
,2019-03,North Yorkshire Police,North Yorkshire Police,-2.011790,53.958481,On or near Montgomery Street,E01027579,Craven 005D,Anti-social behaviour,,
,2019-03,North Yorkshire Police,North Yorkshire Police,-2.008255,53.959892,On or near Little Brook,E01027579,Craven 005D,Anti-social behaviour,,
,2019-03,North Yorkshire Police,North Yorkshire Police,-2.010372,53.954733,On or near North Parade,E01027579,Craven 005D,Anti-social behaviour,,
,2019-03,North Yorkshire Police,North Yorkshire Police,-2.006486,53.957475,On or near Moorview Road,E01027579,Craven 005D,Anti-social behaviour,,
9af491904f3ef4141b8fdf23e1404e46fa2c463349d719913d721c867fe622d8,2019-03,North Yorkshire Police,North Yorkshire Police,-2.004475,53.957609,On or near Crook Rise View,E01027579,Craven 005D,Drugs,Offender fined,
5e040dd9248a433755ad31a7256c39d399b1500d68775c28d92f3f9da19965fb,2019-03,North Yorkshire Police,North Yorkshire Police,-2.008696,53.955884,On or near Simbach Close,E01027579,Craven 005D,Other theft,Under investigation,
e3e08a5119a28851bd4ad02359bf2ba3174103b42f5b4470ec53792829757c00,2019-03,North Yorkshire Police,North Yorkshire Police,-2.008255,53.959892,On or near Little Brook,E01027579,Craven 005D,Public order,Under investigation,
8d6197cea3c50ac0af02264467e2a3d18075a72acde0e4335af54c03ced1d150,2019-03,North Yorkshire Police,North Yorkshire Police,-2.004475,53.957609,On or near Crook Rise View,E01027579,Craven 005D,Violence and sexual offences,Awaiting court outcome,
5cc52e61dfb9da76b435aa34e02c0b605394900b3b2cf4ac70042066a8929c25,2019-03,North Yorkshire Police,North Yorkshire Police,-2.008071,53.957286,On or near Western Road,E01027579,Craven 005D,Violence and sexual offences,Unable to prosecute suspect,
801b840a685f236ab8e53f1f9d14d5fc06dcc7765aa6624c49542cbc1a5e7d92,2019-03,North Yorkshire Police,North Yorkshire Police,-2.008255,53.959892,On or near Little Brook,E01027579,Craven 005D,Violence and sexual offences,Unable to prosecute suspect,
8abc3c4d0834b3f76a6a94ab62897403474d52499999c5fc8c13289b1c0ec1ea,2019-03,North Yorkshire Police,North Yorkshire Police,-2.008071,53.957286,On or near Western Road,E01027579,Craven 005D,Violence and sexual offences,Under investigation,
2c0fd5b0b046c6b4667de9d512645b5026b34573b2d99251a90e4c1a06cf08a4,2019-03,North Yorkshire Police,North Yorkshire Police,-2.004475,53.957609,On or near Crook Rise View,E01027579,Craven 005D,Violence and sexual offences,Under investigation,
,2019-03,North Yorkshire Police,North Yorkshire Police,-2.017658,53.959406,On or near Nightclub,E01027578,Craven 006A,Anti-social behaviour,,
cdc5acde5082b8cbf5de23f82294cc76ec822170fd0a12a9fc746d799aac6d75,2019-03,North Yorkshire Police,North Yorkshire Police,-2.017369,53.959765,On or near Devonshire Place,E01027578,Craven 006A,Criminal damage and arson,Investigation complete; no suspect identified,
55fecceba72cabd6c2bae4ad61d7a7b84a0e12234bcd2df077e6a13a7e2405b3,2019-03,North Yorkshire Police,North Yorkshire Police,-2.016270,53.957330,On or near Sidgwick Court,E01027578,Craven 006A,Drugs,Under investigation,
ce0150feb122006016a9887a37bce4a059c7900821292406abc28c95ffcd0970,2019-03,North Yorkshire Police,North Yorkshire Police,-2.017658,53.959406,On or near Nightclub,E01027578,Craven 006A,Public order,Under investigation,
98599b66dd3c0ddbe49b37792e3d7eec8baa4edda69a19a4db7eeda0237291bd,2019-03,North Yorkshire Police,North Yorkshire Police,-2.014136,53.956386,On or near Milton Street,E01027578,Craven 006A,Vehicle crime,Investigation complete; no suspect identified,
,2019-03,North Yorkshire Police,North Yorkshire Police,-2.017960,53.953024,On or near Waterside,E01027580,Craven 006B,Anti-social behaviour,,
,2019-03,North Yorkshire Police,North Yorkshire Police,-2.018130,53.959217,On or near Parking Area,E01027581,Craven 006C,Anti-social behaviour,,
,2019-03,North Yorkshire Police,North Yorkshire Police,-2.033873,53.958719,On or near Bowling View,E01027581,Craven 006C,Anti-social behaviour,,
,2019-03,North Yorkshire Police,North Yorkshire Police,-2.018556,53.957132,On or near Pembroke Street,E01027581,Craven 006C,Anti-social behaviour,,
,2019-03,North Yorkshire Police,North Yorkshire Police,-2.018983,53.958480,On or near Thanets Court,E01027581,Craven 006C,Anti-social behaviour,,
,2019-03,North Yorkshire Police,North Yorkshire Police,-2.018130,53.959217,On or near Parking Area,E01027581,Craven 006C,Anti-social behaviour,,
,2019-03,North Yorkshire Police,North Yorkshire Police,-2.035489,53.958629,On or near Sawley Street,E01027581,Craven 006C,Anti-social behaviour,,
,2019-03,North Yorkshire Police,North Yorkshire Police,-2.036370,53.956247,On or near Ings Lane,E01027581,Craven 006C,Anti-social behaviour,,
,2019-03,North Yorkshire Police,North Yorkshire Police,-2.026558,53.958757,On or near Parking Area,E01027581,Craven 006C,Anti-social behaviour,,
,2019-03,North Yorkshire Police,North Yorkshire Police,-2.018130,53.959217,On or near Parking Area,E01027581,Craven 006C,Anti-social behaviour,,
,2019-03,North Yorkshire Police,North Yorkshire Police,-2.025474,53.956331,On or near Airedale Mews,E01027581,Craven 006C,Anti-social behaviour,,
,2019-03,North Yorkshire Police,North Yorkshire Police,-2.038749,53.957406,On or near Marina Crescent,E01027581,Craven 006C,Anti-social behaviour,,
,2019-03,North Yorkshire Police,North Yorkshire Police,-2.032867,53.958666,On or near Pendle Street,E01027581,Craven 006C,Anti-social behaviour,,
,2019-03,North Yorkshire Police,North Yorkshire Police,-2.021255,53.960178,On or near Back Bridge Street,E01027581,Craven 006C,Anti-social behaviour,,
b6323b81e9bcc5e914a3453974935a0669203ecb953790d89e8ad39520c96d13,2019-03,North Yorkshire Police,North Yorkshire Police,-2.018130,53.959217,On or near Parking Area,E01027581,Craven 006C,Criminal damage and arson,Under investigation,
aa65d9678763e04dc6fc993552bfb8afc48ca7d1d344dcd4d8dbc572d4afe950,2019-03,North Yorkshire Police,North Yorkshire Police,-2.017550,53.956853,On or near Cumberland Street,E01027581,Craven 006C,Drugs,Under investigation,
4d6cce602433a0a424e3b7963a6c4232b4923f8b891b2d7d5cead6c443bfb8d7,2019-03,North Yorkshire Police,North Yorkshire Police,-2.033873,53.958719,On or near Bowling View,E01027581,Craven 006C,Other theft,Under investigation,
13071f9f8db304351f624ed056b6198640d3ee53e0bdde46256dc319d0433e90,2019-03,North Yorkshire Police,North Yorkshire Police,-2.018130,53.959217,On or near Parking Area,E01027581,Craven 006C,Other theft,Under investigation,
a3ea4ebd2ffd991ac75db57162b88bfa15a00dd9e303b26362f18c014f0e7e46,2019-03,North Yorkshire Police,North Yorkshire Police,-2.019852,53.957356,On or near Church Street,E01027581,Craven 006C,Public order,Under investigation,
e2a9ae074f92e440823f5cfe7a4ca6459ec989056eb7efc48aa51a0db9450040,2019-03,North Yorkshire Police,North Yorkshire Police,-2.019213,53.959981,On or near Coach Street Yard,E01027581,Craven 006C,Public order,Under investigation,
173cbd260f73d9c1bd34fb0e81c44575b8a9cee15efa986e457f031760f9d8a1,2019-03,North Yorkshire Police,North Yorkshire Police,-2.019213,53.959981,On or near Coach Street Yard,E01027581,Craven 006C,Public order,Under investigation,
3ed1da502caf9fab02e1d676427a37104a07fb66e5f986b868278587d8fcec6d,2019-03,North Yorkshire Police,North Yorkshire Police,-2.039816,53.958286,On or near Broughton Crescent,E01027581,Craven 006C,Shoplifting,Under investigation,
fbaf9f61996611a5147623ebb17d4fb0ebc273129349123604bf04efb6a23f8e,2019-03,North Yorkshire Police,North Yorkshire Police,-2.019213,53.959981,On or near Coach Street Yard,E01027581,Craven 006C,Shoplifting,Under investigation,
0d4d3c9d38fa96464084705b7e7f97e06acc52e3c379caaf0515437c4e701a74,2019-03,North Yorkshire Police,North Yorkshire Police,-2.020919,53.959082,On or near Cavendish Street,E01027581,Craven 006C,Shoplifting,Investigation complete; no suspect identified,
b7a963d9d6ede193e23674860eca7a6cda9a4522c2e742cc7a844767643340e0,2019-03,North Yorkshire Police,North Yorkshire Police,-2.039207,53.958619,On or near Broughton Grove,E01027581,Craven 006C,Violence and sexual offences,Formal action is not in the public interest,
a92fa6781fe1792b0dfafc5f1de4a6f7d8681eb2d0593edec1a68d3e1509acc4,2019-03,North Yorkshire Police,North Yorkshire Police,-2.018130,53.959217,On or near Parking Area,E01027581,Craven 006C,Violence and sexual offences,Under investigation,
ff88bbeecc2634a7b6cc9f15761969d6d491818c813b653bfcf5444b8a71ab98,2019-03,North Yorkshire Police,North Yorkshire Police,-2.032328,53.950900,On or near Parking Area,E01027581,Craven 006C,Violence and sexual offences,Under investigation,
c39cab73c609ee0152073d9ef8167acc2a24bafbad345514cb316a26471e2b13,2019-03,North Yorkshire Police,North Yorkshire Police,-2.033873,53.958719,On or near Bowling View,E01027581,Craven 006C,Violence and sexual offences,Under investigation,
c8e813f54759779328f16e88d55ff8a298c945887d0a742dedfd30e4334d8f06,2019-03,North Yorkshire Police,North Yorkshire Police,-2.039207,53.958619,On or near Broughton Grove,E01027581,Craven 006C,Violence and sexual offences,Under investigation,
d3765ae3507cd20deb07ad82007f4d8ac3338dfd3476a45b9cd24e64e132de81,2019-03,North Yorkshire Police,North Yorkshire Police,-2.039207,53.958619,On or near Broughton Grove,E01027581,Craven 006C,Violence and sexual offences,Formal action is not in the public interest,
,2019-03,North Yorkshire Police,North Yorkshire Police,-2.020644,53.956790,On or near Supermarket,E01027582,Craven 006D,Anti-social behaviour,,
,2019-03,North Yorkshire Police,North Yorkshire Police,-2.019148,53.951595,On or near Keighley Road,E01027582,Craven 006D,Anti-social behaviour,,
,2019-03,North Yorkshire Police,North Yorkshire Police,-2.023171,53.951568,On or near Burnside Crescent,E01027582,Craven 006D,Anti-social behaviour,,
,2019-03,North Yorkshire Police,North Yorkshire Police,-2.013264,53.945296,On or near Parking Area,E01027582,Craven 006D,Anti-social behaviour,,
,2019-03,North Yorkshire Police,North Yorkshire Police,-2.019028,53.955685,On or near Hospital,E01027582,Craven 006D,Anti-social behaviour,,
,2019-03,North Yorkshire Police,North Yorkshire Police,-2.012456,53.944208,On or near Conference/Exhibition Centre,E01027582,Craven 006D,Anti-social behaviour,,
207f3c2bbdf4f4cce7f6a8440c3ed9409b5d2535da907af7eed211285929d1fd,2019-03,North Yorkshire Police,North Yorkshire Police,-2.017349,53.949286,On or near Farm Croft,E01027582,Craven 006D,Burglary,Investigation complete; no suspect identified,
36b2d9a1667565145edf4c614577700f84c138cf2d3bbae9bdb60ce0bf274c99,2019-03,North Yorkshire Police,North Yorkshire Police,-2.017349,53.949286,On or near Farm Croft,E01027582,Craven 006D,Burglary,Investigation complete; no suspect identified,
a4f4c1a3cd58f9cbc4f0361f49557d2ee24a3449a28b3314c487719cc978f2d6,2019-03,North Yorkshire Police,North Yorkshire Police,-2.020644,53.956790,On or near Supermarket,E01027582,Craven 006D,Other theft,Under investigation,
7dc49225fb50e800f93606e8d2622f4cfce3df013bd9f178ad26d31aea7ef74e,2019-03,North Yorkshire Police,North Yorkshire Police,-2.012456,53.944208,On or near Conference/Exhibition Centre,E01027582,Craven 006D,Public order,Under investigation,
04cda3b51b0ac47dedc11ba57c7e994e3eb70d90a4bff31adfc857c25293bc7a,2019-03,North Yorkshire Police,North Yorkshire Police,-2.020644,53.956790,On or near Supermarket,E01027582,Craven 006D,Shoplifting,Under investigation,
d7ef2026150a917f0637a191e7cacb1aca7387b74aaca7b4c5fd19cef83991f6,2019-03,North Yorkshire Police,North Yorkshire Police,-2.020644,53.956790,On or near Supermarket,E01027582,Craven 006D,Shoplifting,Under investigation,
ccae84aa58a7f7e7132ce742babe3bb59538f777e1371227e00b717b486ce8ec,2019-03,North Yorkshire Police,North Yorkshire Police,-2.023171,53.951568,On or near Burnside Crescent,E01027582,Craven 006D,Violence and sexual offences,Under investigation,
234a6bdf6ca99ffde91b0038f5202d8d7461117de245814bdde534db68f2e3ad,2019-03,North Yorkshire Police,North Yorkshire Police,-2.022349,53.953203,On or near Burnside Avenue,E01027582,Craven 006D,Violence and sexual offences,Under investigation,
3549c84efdad6f939d4576fd679af62405e1ce2a9ba4e718869a7a55887cb212,2019-03,North Yorkshire Police,North Yorkshire Police,-2.021875,53.951325,On or near Branch Road,E01027582,Craven 006D,Violence and sexual offences,Under investigation,
,2019-03,North Yorkshire Police,North Yorkshire Police,-2.016164,53.919123,On or near Aireside Terrace,E01027556,Craven 007A,Anti-social behaviour,,
06d1077aeda99b62a774b779354e5a420521ef42229818d0c217428a35aaa651,2019-03,North Yorkshire Police,North Yorkshire Police,-2.017960,53.919186,On or near Garth Fold,E01027556,Craven 007A,Burglary,Investigation complete; no suspect identified,
dfd9261fdbc2951f6fc7f67949bda32a63ffa695f91d204637bbd3bb79ee3964,2019-03,North Yorkshire Police,North Yorkshire Police,-2.063061,53.910524,On or near Cow Lane,E01027556,Craven 007A,Burglary,Under investigation,
ffc175320daf3ccc65ff2c7a9be4219ffe2791cb7954b0979f49f72b8450ea89,2019-03,North Yorkshire Police,North Yorkshire Police,-2.005840,53.916868,On or near Aireside Avenue,E01027556,Craven 007A,Drugs,Under investigation,
3daf58ad301c0be88afeefc31bf3c13b49a93960cdda2a73c2d60a19271f44c2,2019-03,North Yorkshire Police,North Yorkshire Police,-2.012189,53.914432,On or near Crag View,E01027556,Craven 007A,Vehicle crime,Investigation complete; no suspect identified,
,2019-03,North Yorkshire Police,North Yorkshire Police,-2.042757,53.883749,On or near Acre Mews,E01027560,Craven 007B,Anti-social behaviour,,
64470d0f7f8410037c021703b0a070c20b77e2357e5dd625e46d29688e4e202c,2019-03,North Yorkshire Police,North Yorkshire Police,-2.033833,53.890484,On or near Bannister Walk,E01027560,Craven 007B,Burglary,Investigation complete; no suspect identified,
2ec5fc98450f0e49d368434ab6c4943eff9a26cde92eeb1772a35a58fc7ee5e8,2019-03,North Yorkshire Police,North Yorkshire Police,-2.039290,53.884712,On or near Hartley Place,E01027560,Craven 007B,Burglary,Under investigation,
fcad3258b06b0bc35f79f583978275473076d196d2ef13c012e611a90bf33df1,2019-03,North Yorkshire Police,North Yorkshire Police,-2.031113,53.895904,On or near Carr Head Lane,E01027560,Craven 007B,Criminal damage and arson,Under investigation,
a91a6d95a259bb07c51106e0b48ea6faeb29a6eadb9381f81af88ec5888a3172,2019-03,North Yorkshire Police,North Yorkshire Police,-2.042758,53.884639,On or near Park Road,E01027560,Craven 007B,Criminal damage and arson,Investigation complete; no suspect identified,
abf2ce815ac4801bb2b23c9ab74c72b1d4c04c192c334ea8a61f397ec5dfa614,2019-03,North Yorkshire Police,North Yorkshire Police,-2.067682,53.878102,On or near Reedshaw Lane,E01027560,Craven 007B,Other theft,Investigation complete; no suspect identified,
fdd270400e43537066176fad279728435c1bb29e525c974eaa2c66b351330be1,2019-03,North Yorkshire Police,North Yorkshire Police,-2.052845,53.885300,On or near Middleton,E01027560,Craven 007B,Violence and sexual offences,Under investigation,
82543f0ec8ff350019e2bc4c8da49c3458cfaa89a660d80695623f5bed388207,2019-03,North Yorkshire Police,North Yorkshire Police,-2.042758,53.884639,On or near Park Road,E01027560,Craven 007B,Violence and sexual offences,Under investigation,
ccc9731a81c3d15f1a10e201d5fddf0c05585b68405e2950dde9efc808e24585,2019-03,North Yorkshire Police,North Yorkshire Police,-2.046956,53.883514,On or near Colne Road,E01027560,Craven 007B,Violence and sexual offences,Under investigation,
5d4c12b60cf423cb3c07b187c5aa0a439632283f35b307a096929cef9d128bf5,2019-03,North Yorkshire Police,North Yorkshire Police,-2.042758,53.884639,On or near Park Road,E01027560,Craven 007B,Violence and sexual offences,Under investigation,
3037b0268832fc6ba493f8582ee644792a501aa6cc546fa02b7c6b54ee219501,2019-03,North Yorkshire Police,North Yorkshire Police,-2.042272,53.884918,On or near Royd Street,E01027560,Craven 007B,Other crime,Under investigation,
cbce7ac65bdedbd1171da3df3782045c3b0ca745ac18525da0b692306ead8988,2019-03,North Yorkshire Police,North Yorkshire Police,-2.101434,53.984269,On or near Petrol Station,E01027563,Craven 007C,Public order,Under investigation,
4294d9edf3ceb7fe672798cbe9ecd6eb36d55a1fb5289e7d0299ecda31b39da4,2019-03,North Yorkshire Police,North Yorkshire Police,-2.110578,53.987928,On or near Gargrave House Gardens,E01027563,Craven 007C,Vehicle crime,Investigation complete; no suspect identified,
1b369079eaee97ea16a16ffadd777b92d7cd3daaf34982cb30ad9eacc0c70df6,2019-03,North Yorkshire Police,North Yorkshire Police,-2.102397,53.985239,On or near Swire Croft Road,E01027563,Craven 007C,Violence and sexual offences,Under investigation,
2eed6f26eec806844afce73120db6037978c8d8070dc107ac5cc8bd10788345a,2019-03,North Yorkshire Police,North Yorkshire Police,-2.105564,53.983403,On or near St Robert Court,E01027563,Craven 007C,Violence and sexual offences,Offender given a caution,
,2019-03,North Yorkshire Police,North Yorkshire Police,-2.146022,53.931618,On or near Sycamore Court,E01027586,Craven 007D,Anti-social behaviour,,
,2019-03,North Yorkshire Police,North Yorkshire Police,-2.043214,53.942988,On or near New Street,E01027586,Craven 007D,Anti-social behaviour,,
,2019-03,North Yorkshire Police,North Yorkshire Police,-2.044219,53.942547,On or near Westwood,E01027586,Craven 007D,Anti-social behaviour,,
,2019-03,North Yorkshire Police,North Yorkshire Police,-2.042849,53.943716,On or near Swan Street,E01027586,Craven 007D,Anti-social behaviour,,
80928b9e55d7291897f16e8a1784db18b22ad9210970cf1410e30f48364270a5,2019-03,North Yorkshire Police,North Yorkshire Police,-2.047434,53.943022,On or near Beech Hill Road,E01027586,Craven 007D,Burglary,Investigation complete; no suspect identified,
1aa5ce7153a901a0641ccdda60ea54983f3532b08eb7679b967689e37e6072f4,2019-03,North Yorkshire Police,North Yorkshire Police,-2.090458,53.957908,On or near Gargrave Road,E01027586,Craven 007D,Vehicle crime,Investigation complete; no suspect identified,
ba9a3b3843bfaa5870111d84a75fe0c4a97fcf35eecb43e74ae12e7c445602f9,2019-03,North Yorkshire Police,North Yorkshire Police,-2.043718,53.943733,On or near Chapel House Mews,E01027586,Craven 007D,Violence and sexual offences,Under investigation,
17847fe71f89639ce1f819106af31ae713fe78bdab7d486f9405f81cdd03c6d4,2019-03,North Yorkshire Police,North Yorkshire Police,-2.090458,53.957908,On or near Gargrave Road,E01027586,Craven 007D,Violence and sexual offences,Under investigation,
,2019-03,North Yorkshire Police,North Yorkshire Police,-2.012394,53.940406,On or near Keighley Road,E01027555,Craven 008A,Anti-social behaviour,,
,2019-03,North Yorkshire Police,North Yorkshire Police,-1.985548,53.911520,On or near The Crofts,E01027555,Craven 008A,Anti-social behaviour,,
,2019-03,North Yorkshire Police,North Yorkshire Police,-1.985548,53.911520,On or near The Crofts,E01027555,Craven 008A,Anti-social behaviour,,
db44936d62fef2cee785f31d8a21747e05dd1dec062fcbd04e3fed028f253995,2019-03,North Yorkshire Police,North Yorkshire Police,-1.991174,53.942627,On or near Back Lane,E01027555,Craven 008A,Burglary,Under investigation,
6d2557ff585ffcfe5116ae5532b63028c0c2aa0849b8ac4b58c71f0462be3af8,2019-03,North Yorkshire Police,North Yorkshire Police,-1.990160,53.913488,On or near Main Street,E01027555,Craven 008A,Burglary,Under investigation,
818adc86e544466b1e8089a0f07650cadda5d9c58f16cc6553d49be1a69b6205,2019-03,North Yorkshire Police,North Yorkshire Police,-1.991174,53.942627,On or near Back Lane,E01027555,Craven 008A,Burglary,Investigation complete; no suspect identified,
85a3282541d0815cd1d31e502b90b99359a636d93f5512602d5a4adcf7bbe6ae,2019-03,North Yorkshire Police,North Yorkshire Police,-1.985458,53.906576,On or near Station Road,E01027555,Craven 008A,Drugs,Under investigation,
a5460e73df75d8f9c8ff44cb531c3395e55b271305365c1b9ee6ed4e72c1d9e0,2019-03,North Yorkshire Police,North Yorkshire Police,-1.990160,53.913488,On or near Main Street,E01027555,Craven 008A,Other theft,Under investigation,
,2019-03,North Yorkshire Police,North Yorkshire Police,-1.995291,53.900735,On or near Police Station,E01027564,Craven 008B,Anti-social behaviour,,
,2019-03,North Yorkshire Police,North Yorkshire Police,-1.993176,53.900456,On or near Back Colne Road,E01027564,Craven 008B,Anti-social behaviour,,
7290b2e07f7a3742c3cc781352dc63f8cc75a16b75bf2522838a9eb29698b05a,2019-03,North Yorkshire Police,North Yorkshire Police,-1.993176,53.900456,On or near Back Colne Road,E01027564,Craven 008B,Burglary,Under investigation,
e8166a585f90b4662a6d37798871df7553e52a7c247645ab9df4bdf39d534d72,2019-03,North Yorkshire Police,North Yorkshire Police,-1.992217,53.900995,On or near Main Street,E01027564,Craven 008B,Other theft,Under investigation,
985d784a9bb3457b3716551d693ffe0b35eab38830b932f3625bbe72fde61e08,2019-03,North Yorkshire Police,North Yorkshire Police,-1.992217,53.900995,On or near Main Street,E01027564,Craven 008B,Other theft,Under investigation,
3b940c29b1d97480a4b3b901b55ff53263d827b3b0424879ce70ad3419ec95e7,2019-03,North Yorkshire Police,North Yorkshire Police,-1.993176,53.900456,On or near Back Colne Road,E01027564,Craven 008B,Public order,Under investigation,
6a9b17de12c2ce86b268c424325be856467d4368d34c32d74808e4683866ca14,2019-03,North Yorkshire Police,North Yorkshire Police,-1.991562,53.902020,On or near North Street,E01027564,Craven 008B,Shoplifting,Under investigation,
9814b5f072812c19496e8cb9c6ea6069c3350d44109241c5e8a95a878c10b94f,2019-03,North Yorkshire Police,North Yorkshire Police,-1.991562,53.902020,On or near North Street,E01027564,Craven 008B,Shoplifting,Under investigation,
031c31056decff7b6882a16cadb43062128df2b249803228501171b3aeb4def4,2019-03,North Yorkshire Police,North Yorkshire Police,-1.991562,53.902020,On or near North Street,E01027564,Craven 008B,Shoplifting,Under investigation,
f3f1709ad2f99a0ee02d36b2697a44c94f13b0f04b63d97d54856abef6895018,2019-03,North Yorkshire Police,North Yorkshire Police,-1.991562,53.902020,On or near North Street,E01027564,Craven 008B,Shoplifting,Under investigation,
26e3781b0d805db0632cd5d24a4c48fc7e7c41d58d3c0cd6efd947ebba0ea973,2019-03,North Yorkshire Police,North Yorkshire Police,-1.991562,53.902020,On or near North Street,E01027564,Craven 008B,Shoplifting,Offender given conditional discharge,
e38746bfb0b0b4c88df4d643e3b110d24ba4767f4c12e16a7bad4c9c4c8d2deb,2019-03,North Yorkshire Police,North Yorkshire Police,-1.991562,53.902020,On or near North Street,E01027564,Craven 008B,Shoplifting,Under investigation,
23dc71629ae7af029edc4f824cac46e318ba8312e35eeebad773c4519bc54108,2019-03,North Yorkshire Police,North Yorkshire Police,-1.991562,53.902020,On or near North Street,E01027564,Craven 008B,Shoplifting,Under investigation,
6fb2dbf4ef8c2edaebf645b0b47715d4d96f6c0b50259cfe88fac0e020aad362,2019-03,North Yorkshire Police,North Yorkshire Police,-1.991562,53.902020,On or near North Street,E01027564,Craven 008B,Shoplifting,Under investigation,
adbf8c3719cc8d94bfb1044a23173b5c0fe2f051b737e546bc4d8d9d0caafce6,2019-03,North Yorkshire Police,North Yorkshire Police,-1.991562,53.902020,On or near North Street,E01027564,Craven 008B,Shoplifting,Under investigation,
a2615811ba3278f6a373bac65d7d3e79d5085b1e87489d93a1165757e659a9c2,2019-03,North Yorkshire Police,North Yorkshire Police,-1.990102,53.900968,On or near Rhodesia Street,E01027564,Craven 008B,Violence and sexual offences,Under investigation,
34ec7c940416ce0e5564fcc0bf0de01dd80b9cea11543da1e795a58c8e6133c8,2019-03,North Yorkshire Police,North Yorkshire Police,-1.991243,53.901912,On or near Parking Area,E01027564,Craven 008B,Violence and sexual offences,Under investigation,
,2019-03,North Yorkshire Police,North Yorkshire Police,-1.989584,53.903116,On or near Petrol Station,E01027565,Craven 008C,Anti-social behaviour,,
,2019-03,North Yorkshire Police,North Yorkshire Police,-1.990467,53.901355,On or near Hall Street,E01027565,Craven 008C,Anti-social behaviour,,
e0533739eef4875e1c12df679627f6520ad489526ca8b46e1844183af3d0c1d5,2019-03,North Yorkshire Police,North Yorkshire Police,-1.981700,53.903637,On or near Hardings Lane,E01027565,Craven 008C,Burglary,Under investigation,
73d399518c494411fc522f79605f0895b494e6ce5b70c4b8f080c1a31829f7ea,2019-03,North Yorkshire Police,North Yorkshire Police,-1.988655,53.902568,On or near Newby Drive,E01027565,Craven 008C,Burglary,Investigation complete; no suspect identified,
108acc057b6e15f6883350538d348c9b6599e25f1e922750250f5153379f0911,2019-03,North Yorkshire Police,North Yorkshire Police,-1.989584,53.903116,On or near Petrol Station,E01027565,Craven 008C,Other theft,Under investigation,
036ddca7d2a0c6c2014c0e8a3896231b7e165aa9e9372e4f92d98b1bf06a63e9,2019-03,North Yorkshire Police,North Yorkshire Police,-1.989584,53.903116,On or near Petrol Station,E01027565,Craven 008C,Public order,Under investigation,
d3ceb3932d1315aa06e81e24840a65ae75b51a0185c29d201a9845cb3614d33c,2019-03,North Yorkshire Police,North Yorkshire Police,-1.989584,53.903116,On or near Petrol Station,E01027565,Craven 008C,Shoplifting,Under investigation,
ff9d2feaf4d7660e87051fac1a01990588498ca24bba3e20170c1bb0904adce4,2019-03,North Yorkshire Police,North Yorkshire Police,-1.989584,53.903116,On or near Petrol Station,E01027565,Craven 008C,Violence and sexual offences,Under investigation,
,2019-03,North Yorkshire Police,North Yorkshire Police,-2.001364,53.903638,On or near Highgate,E01027566,Craven 008D,Anti-social behaviour,,
,2019-03,North Yorkshire Police,North Yorkshire Police,-1.998700,53.901220,On or near Washburn Drive,E01027566,Craven 008D,Anti-social behaviour,,
37c5736e195e38e30e2b325894f83db777a6807e7733373eb7232dbcf195b7b3,2019-03,North Yorkshire Police,North Yorkshire Police,-2.012824,53.900537,On or near Binns Lane,E01027566,Craven 008D,Burglary,Unable to prosecute suspect,
7aa2fb98e6bb9b257afc72f7375ba21ecf0b276874fd389ed49a4fdbcef96825,2019-03,North Yorkshire Police,North Yorkshire Police,-2.001896,53.899108,On or near Lodge Street,E01027566,Craven 008D,Violence and sexual offences,Under investigation,
01f7ca6e5f73a2ae82117c4980ec2a030ca4c862730600a30d1c00f6ec1edd84,2019-03,North Yorkshire Police,North Yorkshire Police,-2.001896,53.899108,On or near Lodge Street,E01027566,Craven 008D,Violence and sexual offences,Under investigation,
,2019-03,North Yorkshire Police,North Yorkshire Police,-1.988947,53.894299,On or near Main Street,E01027583,Craven 008E,Anti-social behaviour,,
,2019-03,North Yorkshire Police,North Yorkshire Police,-1.989205,53.895522,On or near Bridge Road,E01027583,Craven 008E,Anti-social behaviour,,
97ccc6a40bdf7c748248aa0014e7d7d85f4a387d1532182c8642b5b93dbaa0fe,2019-03,North Yorkshire Police,North Yorkshire Police,-1.992218,53.895711,On or near Holme Lane,E01027583,Craven 008E,Bicycle theft,Under investigation,
6ec58c1fa6d399801fb9feec3250d42b57cee6ee0f2c2c1c99171ae446d5c43d,2019-03,North Yorkshire Police,North Yorkshire Police,-1.988947,53.894299,On or near Main Street,E01027583,Craven 008E,Criminal damage and arson,Investigation complete; no suspect identified,
f113ec11cc074e2ac6d67e527f39cb6962303c08ea8508d79eed48da31364da7,2019-03,North Yorkshire Police,North Yorkshire Police,-1.996479,53.894623,On or near Hazel Grove,E01027583,Craven 008E,Violence and sexual offences,Unable to prosecute suspect,
a71d3a50655191d2a10860c40f2cfdf10ac6a177acfdb598e0e7cf068b2e8d6d,2019-03,North Yorkshire Police,North Yorkshire Police,-1.993603,53.893545,On or near Ash Grove,E01027583,Craven 008E,Violence and sexual offences,Under investigation,
b081718a493a7cd0a3de3da009d01d39add52d7e461595e088dd0d2f670652bd,2019-03,North Yorkshire Police,North Yorkshire Police,-1.993451,53.894407,On or near Scott Close,E01027583,Craven 008E,Violence and sexual offences,Under investigation,
,2019-03,North Yorkshire Police,North Yorkshire Police,-2.003553,53.873879,On or near Long Gate,E01027584,Craven 008F,Anti-social behaviour,,
,2019-03,North Yorkshire Police,North Yorkshire Police,-1.991884,53.889491,On or near Hall Drive,E01027584,Craven 008F,Anti-social behaviour,,
,2019-03,North Yorkshire Police,North Yorkshire Police,-1.993025,53.889949,On or near Hall Way,E01027584,Craven 008F,Anti-social behaviour,,
f746f48a182b7c5eb71611a1702f352a3bb5c8e6a4c74266abf8f2c2a3cf29d9,2019-03,North Yorkshire Police,North Yorkshire Police,-1.994578,53.888197,On or near West Lane,E01027584,Craven 008F,Burglary,Investigation complete; no suspect identified,
84fa0c2b22fb44f020410397c129457d310fa844d03d5f53fe14860b9b000cbe,2019-03,North Yorkshire Police,North Yorkshire Police,-1.995019,53.890678,On or near The Acres,E01027584,Craven 008F,Other theft,Under investigation,
086b3e0797677a673b17c7d963e99a258fc84a915d56153ab1dd95d507d0a55d,2019-03,North Yorkshire Police,North Yorkshire Police,-1.991306,53.892897,On or near Greenroyd Court,E01027584,Craven 008F,Violence and sexual offences,Unable to prosecute suspect,
f1bf7e1809173140c684c3c9e7aaafe2463fbc693a14f34b4d28adad6f3d7e69,2019-03,North Yorkshire Police,North Yorkshire Police,-1.995019,53.890678,On or near The Acres,E01027584,Craven 008F,Violence and sexual offences,Under investigation,
bd528a764335c6d7673606c90e6bc44ea0986426176a56fd47cd3a08c071686b,2019-03,North Yorkshire Police,North Yorkshire Police,-1.995505,53.891118,On or near The Poplars,E01027584,Craven 008F,Violence and sexual offences,Under investigation,
5d8ab8f17c75e730ea2cb1f4e33450b4e054f66b69b9619a16e41598e0e03bec,2019-03,North Yorkshire Police,North Yorkshire Police,-1.991306,53.892897,On or near Greenroyd Court,E01027584,Craven 008F,Violence and sexual offences,Under investigation,
551206a71252fd3f60193cca373a9d26d027018264c00f0d99c6d06430bd1a2b,2019-03,North Yorkshire Police,North Yorkshire Police,-0.770548,54.016127,On or near Water Lane,E01013119,East Riding of Yorkshire 011G,Violence and sexual offences,Under investigation,
,2019-03,North Yorkshire Police,North Yorkshire Police,-0.969417,53.700916,On or near West End,E01013072,East Riding of Yorkshire 042A,Anti-social behaviour,,
,2019-03,North Yorkshire Police,North Yorkshire Police,-2.434267,54.810397,On or near Sports/Recreation Area,E01019305,Eden 001A,Anti-social behaviour,,
ccad5f5d7ef683f107432631799f3d4cd3003f9b6e86fcc993a4979c987ed360,2019-03,North Yorkshire Police,North Yorkshire Police,-1.156455,54.447578,On or near High Street,E01027591,Hambleton 001A,Burglary,Under investigation,
9171d3a7620f65424e3adc06491f0f94ded9abd82f6d840e026b6af86a5a4e2f,2019-03,North Yorkshire Police,North Yorkshire Police,-1.200271,54.460072,On or near A172,E01027591,Hambleton 001A,Burglary,Investigation complete; no suspect identified,
21843d09cdfb8d6901541aeab9bd80acc9ebd742abfda9ef6ae8b8f8681771a4,2019-03,North Yorkshire Police,North Yorkshire Police,-1.177726,54.463506,On or near Wainstones Court,E01027591,Hambleton 001A,Violence and sexual offences,Under investigation,
,2019-03,North Yorkshire Police,North Yorkshire Police,-1.133350,54.488594,On or near Supermarket,E01027597,Hambleton 001B,Anti-social behaviour,,
,2019-03,North Yorkshire Police,North Yorkshire Police,-1.131578,54.492123,On or near Newton Road,E01027597,Hambleton 001B,Anti-social behaviour,,
,2019-03,North Yorkshire Police,North Yorkshire Police,-1.129355,54.492098,On or near Farm Garth,E01027597,Hambleton 001B,Anti-social behaviour,,
,2019-03,North Yorkshire Police,North Yorkshire Police,-1.128180,54.495100,On or near Roseberry Crescent,E01027597,Hambleton 001B,Anti-social behaviour,,
2bdbf347f1a18f889a364fe7793f34d69e6165386fd9136458eeef73145914f6,2019-03,North Yorkshire Police,North Yorkshire Police,-1.133350,54.488594,On or near Supermarket,E01027597,Hambleton 001B,Criminal damage and arson,Under investigation,
f6788ee195efe4aada05a26f0b19ddcbd38199383cd276e2319a8d0953259e40,2019-03,North Yorkshire Police,North Yorkshire Police,-1.066381,54.477212,On or near Station Road,E01027597,Hambleton 001B,Criminal damage and arson,Investigation complete; no suspect identified,
058a4ccff71c4af7c1bdad4a4e66e7fe24bcda2ad99ff1cfe63319d9665aea37,2019-03,North Yorkshire Police,North Yorkshire Police,-1.129355,54.492098,On or near Farm Garth,E01027597,Hambleton 001B,Criminal damage and arson,Investigation complete; no suspect identified,
48ee5cc8a33dbc238a67473e34951c0597b1b5fe31e347e258b76e65a371646f,2019-03,North Yorkshire Police,North Yorkshire Police,-1.129355,54.492098,On or near Farm Garth,E01027597,Hambleton 001B,Criminal damage and arson,Investigation complete; no suspect identified,
5dc110e0128d1a11038aea222e6ff3a0d2bcd5cc1eca6c47d4a1997fb4781827,2019-03,North Yorkshire Police,North Yorkshire Police,-1.129355,54.492098,On or near Farm Garth,E01027597,Hambleton 001B,Criminal damage and arson,Investigation complete; no suspect identified,
16ae1fa31676d88397d49f5132c047aecede3e5bb8ab28ee0a0cf3dddfacd21d,2019-03,North Yorkshire Police,North Yorkshire Police,-1.132134,54.488433,On or near Parking Area,E01027597,Hambleton 001B,Public order,Under investigation,
0288c7d482916ec73934de54a7ef97e1f16dd14a3f78ce55f2e86cabca95b168,2019-03,North Yorkshire Police,North Yorkshire Police,-1.137623,54.490234,On or near Linden Road,E01027597,Hambleton 001B,Violence and sexual offences,Under investigation,
,2019-03,North Yorkshire Police,North Yorkshire Police,-1.134054,54.491817,On or near Cleveland Street,E01027599,Hambleton 001C,Anti-social behaviour,,
,2019-03,North Yorkshire Police,North Yorkshire Police,-1.133423,54.492468,On or near John Street,E01027599,Hambleton 001C,Anti-social behaviour,,
,2019-03,North Yorkshire Police,North Yorkshire Police,-1.133972,54.493533,On or near Spence Court,E01027599,Hambleton 001C,Anti-social behaviour,,
,2019-03,North Yorkshire Police,North Yorkshire Police,-1.132277,54.492613,On or near Woodbine Close,E01027599,Hambleton 001C,Anti-social behaviour,,
,2019-03,North Yorkshire Police,North Yorkshire Police,-1.132558,54.491770,On or near Edward Kitching Terrace,E01027599,Hambleton 001C,Anti-social behaviour,,
,2019-03,North Yorkshire Police,North Yorkshire Police,-1.132277,54.492613,On or near Woodbine Close,E01027599,Hambleton 001C,Anti-social behaviour,,
,2019-03,North Yorkshire Police,North Yorkshire Police,-1.135824,54.492081,On or near The Hawthorns,E01027599,Hambleton 001C,Anti-social behaviour,,
,2019-03,North Yorkshire Police,North Yorkshire Police,-1.133972,54.493533,On or near Spence Court,E01027599,Hambleton 001C,Anti-social behaviour,,
,2019-03,North Yorkshire Police,North Yorkshire Police,-1.132277,54.492613,On or near Woodbine Close,E01027599,Hambleton 001C,Anti-social behaviour,,
188ec0a7c5bfd4eb9bc3c7fddffa07277a7329ac4c4424e18e08e5ec3413f563,2019-03,North Yorkshire Police,North Yorkshire Police,-1.134736,54.492415,On or near Whinstone View,E01027599,Hambleton 001C,Violence and sexual offences,Unable to prosecute suspect,
7b29197b4cefbcf315e59bb3b3b9c20488f3f0d9146d911a588447fcd4a22f70,2019-03,North Yorkshire Police,North Yorkshire Police,-1.133877,54.490701,On or near Romany Road,E01027599,Hambleton 001C,Violence and sexual offences,Under investigation,
,2019-03,North Yorkshire Police,North Yorkshire Police,-1.184648,54.468397,On or near Glebe Road,E01027623,Hambleton 001D,Anti-social behaviour,,
1344ce6654d606a7bc92611b1e1fc45dce5a62e8e19dccb2ab17764fb6d9d680,2019-03,North Yorkshire Police,North Yorkshire Police,-1.188713,54.470384,On or near Petrol Station,E01027623,Hambleton 001D,Criminal damage and arson,Investigation complete; no suspect identified,
83e907a67d076143b5a598e0cb11aeda713db1e8e92723a6923fa9e78dbf8a27,2019-03,North Yorkshire Police,North Yorkshire Police,-1.185117,54.474296,On or near Queens Drive,E01027623,Hambleton 001D,Violence and sexual offences,Under investigation,
086d3c9b3c3eddc3a967c28f62a09b15b51695ced5291ef7cc895f4093621f3d,2019-03,North Yorkshire Police,North Yorkshire Police,-1.183667,54.466539,On or near Station Road,E01027623,Hambleton 001D,Violence and sexual offences,Under investigation,
85f6094805645601166569339a82e3fec1cc19269673909c0d6ab4826f621a89,2019-03,North Yorkshire Police,North Yorkshire Police,-1.182537,54.475995,On or near Meadowfield,E01027623,Hambleton 001D,Violence and sexual offences,Formal action is not in the public interest,
bce8587c0f534e242d26acff870d77338f3540f6458039c57a94e2f3600eba64,2019-03,North Yorkshire Police,North Yorkshire Police,-1.185117,54.474296,On or near Queens Drive,E01027623,Hambleton 001D,Violence and sexual offences,Under investigation,
a5ea6447e20709f7d42adb4f8546c9a42a479bb5213fbf6548a3eccb1139342a,2019-03,North Yorkshire Police,North Yorkshire Police,-1.188713,54.470384,On or near Petrol Station,E01027623,Hambleton 001D,Violence and sexual offences,Investigation complete; no suspect identified,
,2019-03,North Yorkshire Police,North Yorkshire Police,-1.200548,54.469600,On or near Sowerby Crescent,E01027625,Hambleton 001E,Anti-social behaviour,,
,2019-03,North Yorkshire Police,North Yorkshire Police,-1.193152,54.470656,On or near Angel Court,E01027625,Hambleton 001E,Anti-social behaviour,,
,2019-03,North Yorkshire Police,North Yorkshire Police,-1.193455,54.469346,On or near Bridge Road,E01027625,Hambleton 001E,Anti-social behaviour,,
ce10a7253708d12f0361850246838b62b40c66f44c24a90f8d5ddbe0398a37e0,2019-03,North Yorkshire Police,North Yorkshire Police,-1.199838,54.470386,On or near Allen Court,E01027625,Hambleton 001E,Criminal damage and arson,Investigation complete; no suspect identified,
6f0907ccf2654b96ddade4c886ec809a454faf75811e170a9c99f2a6baed5abb,2019-03,North Yorkshire Police,North Yorkshire Police,-1.198382,54.469091,On or near Sports/Recreation Area,E01027625,Hambleton 001E,Criminal damage and arson,Investigation complete; no suspect identified,
875d5bf24a29d6f96eef7af61c0d4161c9ce58205e6476c28adde3e79396ece5,2019-03,North Yorkshire Police,North Yorkshire Police,-1.193455,54.469346,On or near Bridge Road,E01027625,Hambleton 001E,Shoplifting,Investigation complete; no suspect identified,
45174ab6cef300da1083625ab3bdce7010f059dacc5128f868d2adb10ddfa907,2019-03,North Yorkshire Police,North Yorkshire Police,-1.199122,54.469132,On or near Allen Grove,E01027625,Hambleton 001E,Violence and sexual offences,Under investigation,
78f9c467807b91acdbe923618c9d3a4c46ebc64275314f27c8fae9832bf536c1,2019-03,North Yorkshire Police,North Yorkshire Police,-1.199838,54.470386,On or near Allen Court,E01027625,Hambleton 001E,Violence and sexual offences,Formal action is not in the public interest,
4533af6fb5ced25dfceac2b2f6deaacbafbb9f856421c5295edd327c021ee9a4,2019-03,North Yorkshire Police,North Yorkshire Police,-1.193455,54.469346,On or near Bridge Road,E01027625,Hambleton 001E,Violence and sexual offences,Investigation complete; no suspect identified,
10b8125b822913dff623663af30736f671f593ed467c6d6d8fb7441a628dac25,2019-03,North Yorkshire Police,North Yorkshire Police,-1.201637,54.469140,On or near Hebron Road,E01027625,Hambleton 001E,Violence and sexual offences,Under investigation,
5b1ad438bed136e82be3b3cddf2c4e254942e656f6a0fdc3398e186e50179979,2019-03,North Yorkshire Police,North Yorkshire Police,-1.199122,54.469132,On or near Allen Grove,E01027625,Hambleton 001E,Other crime,Under investigation,
,2019-03,North Yorkshire Police,North Yorkshire Police,-1.136634,54.493201,On or near Sports/Recreation Area,E01027598,Hambleton 002A,Anti-social behaviour,,
,2019-03,North Yorkshire Police,North Yorkshire Police,-1.165480,54.494401,On or near Parking Area,E01027598,Hambleton 002A,Anti-social behaviour,,
,2019-03,North Yorkshire Police,North Yorkshire Police,-1.132573,54.494718,On or near Bradleys Terrace,E01027598,Hambleton 002A,Anti-social behaviour,,
5e37a26af9cce1d9a6f47d4a9099cc6867ae11c2200c9f755cf4a3c9207ac856,2019-03,North Yorkshire Police,North Yorkshire Police,-1.132573,54.494718,On or near Bradleys Terrace,E01027598,Hambleton 002A,Other theft,Under investigation,
c9f67c96403c08d1c01e5b17ffd3c43928f2b5b7fc58df71afced4d1cd0ded66,2019-03,North Yorkshire Police,North Yorkshire Police,-1.165480,54.494401,On or near Parking Area,E01027598,Hambleton 002A,Other theft,Under investigation,
94a9624a034d99b96c5324d6d4f800e96be52843d520731cf4497f0a26208eb7,2019-03,North Yorkshire Police,North Yorkshire Police,-1.140694,54.483650,On or near Angrove Drive,E01027598,Hambleton 002A,Violence and sexual offences,Under investigation,
f280af1514e952cf0cb89723bf5bbc452a98d5d2e6919fabcc2b4b9e198dbd95,2019-03,North Yorkshire Police,North Yorkshire Police,-1.140694,54.483650,On or near Angrove Drive,E01027598,Hambleton 002A,Violence and sexual offences,Under investigation,
,2019-03,North Yorkshire Police,North Yorkshire Police,-1.272541,54.456691,On or near Rudby Lea,E01027618,Hambleton 002B,Anti-social behaviour,,
9303586edf6746c2640eaea63ef2acf4cdf57a5162f4a1c751b8549d8066a4e2,2019-03,North Yorkshire Police,North Yorkshire Police,-1.253828,54.455121,On or near Park/Open Space,E01027618,Hambleton 002B,Other theft,Investigation complete; no suspect identified,
24a19263a167f700b516d2ed587feb86d6556543e1398b695ad93a04d6c11f08,2019-03,North Yorkshire Police,North Yorkshire Police,-1.286230,54.450041,On or near Levendale,E01027618,Hambleton 002B,Other theft,Under investigation,
7603cdaba06d88fb364eccc3d07627f350e70a389f91efb7ca4e236e8c6ebf70,2019-03,North Yorkshire Police,North Yorkshire Police,-1.276710,54.449409,On or near The Wynd,E01027618,Hambleton 002B,Public order,Under investigation,
badddd7168db1686fd2d5b44a578da9fe34c02c380a0506bf7aef8cef0a7c3c2,2019-03,North Yorkshire Police,North Yorkshire Police,-1.193124,54.475967,On or near Peacocks Close,E01027624,Hambleton 002C,Burglary,Investigation complete; no suspect identified,
518d0c99fd3c2b1dafdc44def2de9533a377908a2cbb2480f21f83d1c6674024,2019-03,North Yorkshire Police,North Yorkshire Police,-1.187217,54.478930,On or near Cedarwood Avenue,E01027624,Hambleton 002C,Criminal damage and arson,Under investigation,
f3edb4388b23f95c7f808216abff6d51f7a676d98e9cfe566ec1e797d1032d95,2019-03,North Yorkshire Police,North Yorkshire Police,-1.176990,54.483282,On or near Stanley Grove,E01027624,Hambleton 002C,Other theft,Investigation complete; no suspect identified,
c32801f43f4453bafe319e265bc359f513929291754e879852176ac02fbe36b5,2019-03,North Yorkshire Police,North Yorkshire Police,-1.176990,54.483282,On or near Stanley Grove,E01027624,Hambleton 002C,Other crime,Action to be taken by another organisation,
,2019-03,North Yorkshire Police,North Yorkshire Police,-1.195263,54.466087,On or near Malvern Drive,E01027626,Hambleton 002D,Anti-social behaviour,,
,2019-03,North Yorkshire Police,North Yorkshire Police,-1.195638,54.468956,On or near West Green,E01027626,Hambleton 002D,Anti-social behaviour,,
,2019-03,North Yorkshire Police,North Yorkshire Police,-1.194604,54.469003,On or near Leven Wynd,E01027626,Hambleton 002D,Anti-social behaviour,,
,2019-03,North Yorkshire Police,North Yorkshire Police,-1.221232,54.474022,On or near Hillfield Close,E01027626,Hambleton 002D,Anti-social behaviour,,
,2019-03,North Yorkshire Police,North Yorkshire Police,-1.194604,54.469003,On or near Leven Wynd,E01027626,Hambleton 002D,Anti-social behaviour,,
,2019-03,North Yorkshire Police,North Yorkshire Police,-1.195638,54.468956,On or near West Green,E01027626,Hambleton 002D,Anti-social behaviour,,
c751a3dee97245ba18f91a66ad4616edba2ebd83b164edfb614b1e1b05d757c7,2019-03,North Yorkshire Police,North Yorkshire Police,-1.195638,54.468956,On or near West Green,E01027626,Hambleton 002D,Other theft,Investigation complete; no suspect identified,
341b310996c4a2488d29e9e10253b7bbbc5b85ef4635001708c26ddf4b858d01,2019-03,North Yorkshire Police,North Yorkshire Police,-1.194604,54.469003,On or near Leven Wynd,E01027626,Hambleton 002D,Violence and sexual offences,Investigation complete; no suspect identified,
2b902b750f87a52497fe2f19f6697d765f4f7a5012a19c5b7ef0f79a62a3ec6c,2019-03,North Yorkshire Police,North Yorkshire Police,-1.236106,54.485728,On or near Hilton Road,E01027626,Hambleton 002D,Violence and sexual offences,Under investigation,
baa5be8697863b0d4df2a0ce7b3983335e2075007c2918880e868fbb23a377ed,2019-03,North Yorkshire Police,North Yorkshire Police,-1.227906,54.484283,On or near Brackenhill Walk,E01027626,Hambleton 002D,Other crime,Action to be taken by another organisation,
,2019-03,North Yorkshire Police,North Yorkshire Police,-1.264118,54.411964,On or near Church Lane,E01027627,Hambleton 002E,Anti-social behaviour,,
,2019-03,North Yorkshire Police,North Yorkshire Police,-1.265731,54.411408,On or near High Street,E01027627,Hambleton 002E,Anti-social behaviour,,
23c0cc8e7db57832aab072a4bca586b8cf2fc869b56aadb362cd065de636d6e3,2019-03,North Yorkshire Police,North Yorkshire Police,-1.217185,54.428152,On or near The Crescent,E01027627,Hambleton 002E,Burglary,Investigation complete; no suspect identified,
5771b1596b60b9dedde7e1d63d1f54c8be08a8c3a94ef4f1208ba482b00dd339,2019-03,North Yorkshire Police,North Yorkshire Police,-1.320172,54.421351,On or near A19,E01027627,Hambleton 002E,Drugs,Under investigation,
fd392dfc5fd723b5782441c655c8f770485dbbb6b48a62e5cae18034c441312e,2019-03,North Yorkshire Police,North Yorkshire Police,-1.197322,54.422305,On or near Raisdale Road,E01027627,Hambleton 002E,Vehicle crime,Investigation complete; no suspect identified,
,2019-03,North Yorkshire Police,North Yorkshire Police,-1.431694,54.354164,On or near Sports/Recreation Area,E01027590,Hambleton 003A,Anti-social behaviour,,
,2019-03,North Yorkshire Police,North Yorkshire Police,-1.426784,54.362031,On or near Linen Way,E01027590,Hambleton 003A,Anti-social behaviour,,
e66a2e29772e8771d05eabaad48ba62f4cf8d77a5a2ea3ced12393256c5a4698,2019-03,North Yorkshire Police,North Yorkshire Police,-1.432631,54.355337,On or near De Ferrers Road,E01027590,Hambleton 003A,Burglary,Investigation complete; no suspect identified,
5ddab0ea0f9ef3104d931dca0f694b3a7731749b6d5af54d0097dda5b03365f4,2019-03,North Yorkshire Police,North Yorkshire Police,-1.427352,54.361010,On or near Orchard Grove,E01027590,Hambleton 003A,Criminal damage and arson,Investigation complete; no suspect identified,
737c4cb8fe0952c6c3940f3146fb3a2fad8982ca1437fcdc9b081962225e27dd,2019-03,North Yorkshire Police,North Yorkshire Police,-1.422383,54.362010,On or near Cockpit Hill,E01027590,Hambleton 003A,Other theft,Under investigation,
18d020066aad6f4e839a58ee47fad0699c4572a886dd4e60edbecdc8b56a6ff5,2019-03,North Yorkshire Police,North Yorkshire Police,-1.419635,54.361512,On or near Danelaw Fields,E01027590,Hambleton 003A,Violence and sexual offences,Unable to prosecute suspect,
d1e7e9b353ddea0db31bf17f30e7c8a82beb211771f9029dead2cad1999ad1ac,2019-03,North Yorkshire Police,North Yorkshire Police,-1.420449,54.361660,On or near Danelaw Road,E01027590,Hambleton 003A,Violence and sexual offences,Under investigation,
e174aab5707fc77abe7916605e082da5327856aa2532fed1f083dc063a6d4e2a,2019-03,North Yorkshire Police,North Yorkshire Police,-1.422383,54.362010,On or near Cockpit Hill,E01027590,Hambleton 003A,Violence and sexual offences,Unable to prosecute suspect,
,2019-03,North Yorkshire Police,North Yorkshire Police,-1.392014,54.385291,On or near Low Moor Lane,E01027613,Hambleton 003C,Anti-social behaviour,,
,2019-03,North Yorkshire Police,North Yorkshire Police,-1.389852,54.414794,On or near Spring Hill,E01027613,Hambleton 003C,Anti-social behaviour,,
,2019-03,North Yorkshire Police,North Yorkshire Police,-1.297332,54.324841,On or near Sports/Recreation Area,E01027613,Hambleton 003C,Anti-social behaviour,,
9dd62cf4999ccae4dbe841b08def574b6ff6ca74f9d3001936b8a9d63f158b89,2019-03,North Yorkshire Police,North Yorkshire Police,-1.291835,54.379919,On or near Quarry Lane,E01027613,Hambleton 003C,Vehicle crime,Investigation complete; no suspect identified,
51d0dcecffe75a7e436f3083168f0ad14f82b1181951efa3c2dd772ee5c758b9,2019-03,North Yorkshire Police,North Yorkshire Police,-1.389852,54.414794,On or near Spring Hill,E01027613,Hambleton 003C,Violence and sexual offences,Unable to prosecute suspect,
0c4ac45f40f3ad57d844d897d6e2c0f48cfe033df650422b1b180b6e4b226159,2019-03,North Yorkshire Police,North Yorkshire Police,-1.350126,54.430486,On or near Low Lane,E01027617,Hambleton 003D,Violence and sexual offences,Under investigation,
,2019-03,North Yorkshire Police,North Yorkshire Police,-1.435622,54.336972,On or near Alverton Lane,E01027605,Hambleton 004A,Anti-social behaviour,,
974de66635e60cd445038be7177e3d88f2625a1a4e4b625d0be63fc46eceec12,2019-03,North Yorkshire Police,North Yorkshire Police,-1.440290,54.337515,On or near Bishopsgarth,E01027605,Hambleton 004A,Violence and sexual offences,Under investigation,
58dfc99b18105a52cd8c0fa6e6a721b46ca39cb92b08bde3b6c576966d88a3ca,2019-03,North Yorkshire Police,North Yorkshire Police,-1.437741,54.336056,On or near Beaconsfield Street,E01027605,Hambleton 004A,Violence and sexual offences,Under investigation,
24ce36c7d7038fdcde182e51ae20a98540660d3f18cccc16cb8b442d6778e255,2019-03,North Yorkshire Police,North Yorkshire Police,-1.435622,54.336972,On or near Alverton Lane,E01027605,Hambleton 004A,Violence and sexual offences,Under investigation,
,2019-03,North Yorkshire Police,North Yorkshire Police,-1.427450,54.336205,On or near Crosby Road,E01027606,Hambleton 004B,Anti-social behaviour,,
0c45fd87e42b49bcb7067cfd110ef7d8cc3e83539e680df643df45c5f5d0db22,2019-03,North Yorkshire Police,North Yorkshire Police,-1.434795,54.331081,On or near Broomfield Avenue,E01027606,Hambleton 004B,Bicycle theft,Investigation complete; no suspect identified,
c65daf0ab2717ae77faf322f3ca100b458d93ab3eee4d42ac478c2ee3b858bda,2019-03,North Yorkshire Police,North Yorkshire Police,-1.439835,54.331365,On or near Sports/Recreation Area,E01027606,Hambleton 004B,Other theft,Under investigation,
3c74878530c14a918731f87948a8605f5caf5ffd182bbdffdb6383e52a26e10f,2019-03,North Yorkshire Police,North Yorkshire Police,-1.431125,54.332924,On or near Byram Court,E01027606,Hambleton 004B,Vehicle crime,Unable to prosecute suspect,
61c65c276a9885496636629e8a3c3b9d25aa1ecbaffc552f55a5cbc10b5b8307,2019-03,North Yorkshire Police,North Yorkshire Police,-1.430268,54.335967,On or near Further/Higher Educational Building,E01027606,Hambleton 004B,Violence and sexual offences,Under investigation,
34c5651267b2c70d8dea6b3b4af79dda00f3585345bcd92fd82f1685002ed3be,2019-03,North Yorkshire Police,North Yorkshire Police,-1.430268,54.335967,On or near Further/Higher Educational Building,E01027606,Hambleton 004B,Violence and sexual offences,Action to be taken by another organisation,
bd3a626252395a289094b6dcb20f731dfcc8950df9abb4b558cbe700fa517d66,2019-03,North Yorkshire Police,North Yorkshire Police,-1.432899,54.330335,On or near Mulgrave Drive,E01027606,Hambleton 004B,Violence and sexual offences,Under investigation,
65c903cd4db303b4a279706696effe08a895d6d5ec722a848cf71d3d6de69989,2019-03,North Yorkshire Police,North Yorkshire Police,-1.441156,54.333762,On or near Kilnwick Court,E01027606,Hambleton 004B,Violence and sexual offences,Under investigation,
97c758e716f6e2cae3acd18efe785c6215e65bfbd2b16751899cfdb4a7ea6c1c,2019-03,North Yorkshire Police,North Yorkshire Police,-1.430268,54.335967,On or near Further/Higher Educational Building,E01027606,Hambleton 004B,Violence and sexual offences,Under investigation,
819bbd623d6beece867b9ab7bfe5a9d3fabf6ccf37e4113a15da2d148efc989e,2019-03,North Yorkshire Police,North Yorkshire Police,-1.441156,54.333762,On or near Kilnwick Court,E01027606,Hambleton 004B,Violence and sexual offences,Under investigation,
429d78e9e46fb7b8398c9f7f5a65cc6f5a6249b33c55bf2959712cb5b3d83ad2,2019-03,North Yorkshire Police,North Yorkshire Police,-1.430268,54.335967,On or near Further/Higher Educational Building,E01027606,Hambleton 004B,Violence and sexual offences,Under investigation,
e2cbfd6ef0efcb8114453f61b9cc18537077374115b1165563a6e88716107337,2019-03,North Yorkshire Police,North Yorkshire Police,-1.432899,54.330335,On or near Mulgrave Drive,E01027606,Hambleton 004B,Violence and sexual offences,Under investigation,
442bb8b8551323426322963d9fc9986a6e65f429dea94d3796653b6c474e0948,2019-03,North Yorkshire Police,North Yorkshire Police,-1.441156,54.333762,On or near Kilnwick Court,E01027606,Hambleton 004B,Violence and sexual offences,Under investigation,
615655bf99975ba5b6e74aef447621c403f44507c02f8da5dac8899cafe6dcb8,2019-03,North Yorkshire Police,North Yorkshire Police,-1.432899,54.330335,On or near Mulgrave Drive,E01027606,Hambleton 004B,Other crime,Under investigation,
0387b57e9d508d03cfb9da474981abb9a595de4f64af9a33838a84c296cdbec4,2019-03,North Yorkshire Police,North Yorkshire Police,-1.436394,54.333398,On or near Racecourse Lane,E01027606,Hambleton 004B,Other crime,Under investigation,
,2019-03,North Yorkshire Police,North Yorkshire Police,-1.431857,54.337826,On or near Supermarket,E01027608,Hambleton 004C,Anti-social behaviour,,
,2019-03,North Yorkshire Police,North Yorkshire Police,-1.428050,54.337340,On or near Crosby Gardens,E01027608,Hambleton 004C,Anti-social behaviour,,
,2019-03,North Yorkshire Police,North Yorkshire Police,-1.428050,54.337340,On or near Crosby Gardens,E01027608,Hambleton 004C,Anti-social behaviour,,
,2019-03,North Yorkshire Police,North Yorkshire Police,-1.428050,54.337340,On or near Crosby Gardens,E01027608,Hambleton 004C,Anti-social behaviour,,
,2019-03,North Yorkshire Police,North Yorkshire Police,-1.424648,54.337540,On or near Valley Road,E01027608,Hambleton 004C,Anti-social behaviour,,
,2019-03,North Yorkshire Police,North Yorkshire Police,-1.432565,54.340040,On or near Elder Road,E01027608,Hambleton 004C,Anti-social behaviour,,
,2019-03,North Yorkshire Police,North Yorkshire Police,-1.437038,54.338021,On or near Ashlea Road,E01027608,Hambleton 004C,Anti-social behaviour,,
,2019-03,North Yorkshire Police,North Yorkshire Police,-1.438175,54.338098,On or near Upwell Road,E01027608,Hambleton 004C,Anti-social behaviour,,
,2019-03,North Yorkshire Police,North Yorkshire Police,-1.428050,54.337340,On or near Crosby Gardens,E01027608,Hambleton 004C,Anti-social behaviour,,
,2019-03,North Yorkshire Police,North Yorkshire Police,-1.428050,54.337340,On or near Crosby Gardens,E01027608,Hambleton 004C,Anti-social behaviour,,
,2019-03,North Yorkshire Police,North Yorkshire Police,-1.437038,54.338021,On or near Ashlea Road,E01027608,Hambleton 004C,Anti-social behaviour,,
,2019-03,North Yorkshire Police,North Yorkshire Police,-1.431857,54.337826,On or near Supermarket,E01027608,Hambleton 004C,Anti-social behaviour,,
,2019-03,North Yorkshire Police,North Yorkshire Police,-1.435360,54.340341,On or near Supermarket,E01027608,Hambleton 004C,Anti-social behaviour,,
,2019-03,North Yorkshire Police,North Yorkshire Police,-1.431857,54.337826,On or near Supermarket,E01027608,Hambleton 004C,Anti-social behaviour,,
874a4a6c957d8c5630771b2ed0111839ab0765da98d2b684f2e128a9bdb4cdd4,2019-03,North Yorkshire Police,North Yorkshire Police,-1.425829,54.336683,On or near Greenhowsyke Lane,E01027608,Hambleton 004C,Burglary,Unable to prosecute suspect,
e275a2c870d77a994a240de736588e4f3b903b6da986a0a6ef39a49727776251,2019-03,North Yorkshire Police,North Yorkshire Police,-1.424648,54.337540,On or near Valley Road,E01027608,Hambleton 004C,Burglary,Under investigation,
7a8a9acf4b507c258bbcb50f2be83fa8189010858769f704a6a98696b3fd848f,2019-03,North Yorkshire Police,North Yorkshire Police,-1.433873,54.341160,On or near Friarage Street,E01027608,Hambleton 004C,Burglary,Investigation complete; no suspect identified,
b278515cf76739b732de11071e6f21160045f939ae6b5461e2f0ce88793b4654,2019-03,North Yorkshire Police,North Yorkshire Police,-1.437038,54.338021,On or near Ashlea Road,E01027608,Hambleton 004C,Burglary,Investigation complete; no suspect identified,
c1c802c233425fa1bd7ab7b96d8821285bd28724503df79c198733e32f55889a,2019-03,North Yorkshire Police,North Yorkshire Police,-1.437038,54.338021,On or near Ashlea Road,E01027608,Hambleton 004C,Criminal damage and arson,Investigation complete; no suspect identified,
6ea2fe5eb7e29c249c3a75b3ba80ffc15f3806cf1cb0a7dff9ad9205dc8373b2,2019-03,North Yorkshire Police,North Yorkshire Police,-1.424963,54.339204,On or near Central Drive,E01027608,Hambleton 004C,Drugs,Under investigation,
77b93fdbef92e8d7b96d92377f962447474b4a7c662b8a3c8f225232af55dfdc,2019-03,North Yorkshire Police,North Yorkshire Police,-1.429561,54.339253,On or near Parking Area,E01027608,Hambleton 004C,Other theft,Under investigation,
f045b1b80d6f7296a15b4166feb6225b8e3191807691777baf552dfbe106371e,2019-03,North Yorkshire Police,North Yorkshire Police,-1.435153,54.339782,On or near Shopping Area,E01027608,Hambleton 004C,Robbery,Under investigation,
1ae0f7b2bde731df44eb24f5428b41b20a5231d2dcf7efe78a4746c5460925cd,2019-03,North Yorkshire Police,North Yorkshire Police,-1.435153,54.339782,On or near Shopping Area,E01027608,Hambleton 004C,Shoplifting,Under investigation,
6acff0c1b528eb241182e73dae38d0136af26bb52669fbaa89633d7d4d4dd3de,2019-03,North Yorkshire Police,North Yorkshire Police,-1.431857,54.337826,On or near Supermarket,E01027608,Hambleton 004C,Shoplifting,Under investigation,
c7f63bf81481b80f391069d908862f49eab2ae3ee9a5b0c7e442854e52b094d4,2019-03,North Yorkshire Police,North Yorkshire Police,-1.435153,54.339782,On or near Shopping Area,E01027608,Hambleton 004C,Shoplifting,Under investigation,
11b1eca6458aac61674ee545c65ef12f82690b094e24ac1a46e88acf9463e9ce,2019-03,North Yorkshire Police,North Yorkshire Police,-1.433875,54.338770,On or near High Street,E01027608,Hambleton 004C,Shoplifting,Awaiting court outcome,
d0d4944f093863f25e1ccbae74ee01785edd5b45404c6712d951697ba83b8102,2019-03,North Yorkshire Police,North Yorkshire Police,-1.433359,54.339370,On or near Shopping Area,E01027608,Hambleton 004C,Shoplifting,Awaiting court outcome,
cf2ce73a17a2ce5135ff98b5ff0adbdaca71e0b9d99bd514a69ceb9d9ca3646a,2019-03,North Yorkshire Police,North Yorkshire Police,-1.431857,54.337826,On or near Supermarket,E01027608,Hambleton 004C,Shoplifting,Under investigation,
2dc188580c5d9e0c81d91c531d386f176b5333215cdf61407160772d2d629cd6,2019-03,North Yorkshire Police,North Yorkshire Police,-1.435360,54.340341,On or near Supermarket,E01027608,Hambleton 004C,Shoplifting,Under investigation,
23ec446f1152eae805f65fdbdc4761c732828b26ddf899aed9adcb74b3c7ee17,2019-03,North Yorkshire Police,North Yorkshire Police,-1.435153,54.339782,On or near Shopping Area,E01027608,Hambleton 004C,Shoplifting,Under investigation,
f7bd084e77c519eadb226d1d6900d9ad4aaa6f7bc8f91427b8e4db7c49caea80,2019-03,North Yorkshire Police,North Yorkshire Police,-1.435153,54.339782,On or near Shopping Area,E01027608,Hambleton 004C,Shoplifting,Under investigation,
56c50590564dc985d9545dd992d4981bf5a77f1e87995332cc0d7c5476cd9aea,2019-03,North Yorkshire Police,North Yorkshire Police,-1.431857,54.337826,On or near Supermarket,E01027608,Hambleton 004C,Shoplifting,Under investigation,
bb4f17ef5c83e73288524175270a32029ec88dfef2243a1ae7f073dc1446568e,2019-03,North Yorkshire Police,North Yorkshire Police,-1.433216,54.338569,On or near Shopping Area,E01027608,Hambleton 004C,Shoplifting,Awaiting court outcome,
be67abb424e330edeb7983f476b32ed8e23173f87f88e25f9eb14ad3021139bf,2019-03,North Yorkshire Police,North Yorkshire Police,-1.433359,54.339370,On or near Shopping Area,E01027608,Hambleton 004C,Shoplifting,Under investigation,
7cf0bb51a07af0754c9ceb7514ab1d9411a58393e12811e47ca5a1215facb1d8,2019-03,North Yorkshire Police,North Yorkshire Police,-1.432828,54.338855,On or near Zetland Street,E01027608,Hambleton 004C,Shoplifting,Unable to prosecute suspect,
7f2e2e1437d1e3b894fe9d186ecbbe547fcb286affbaa4c0a7140993de8714d2,2019-03,North Yorkshire Police,North Yorkshire Police,-1.435360,54.340341,On or near Supermarket,E01027608,Hambleton 004C,Shoplifting,Under investigation,
3c1b55c422443f9d0fff7c52f6a110ae017b1ad447a21bb6363b0ba53a05e992,2019-03,North Yorkshire Police,North Yorkshire Police,-1.431857,54.337826,On or near Supermarket,E01027608,Hambleton 004C,Shoplifting,Local resolution,
0e82bc0e6335a379e09517752e3847f7d1042e15fe0b5f878887eec10c0863d5,2019-03,North Yorkshire Police,North Yorkshire Police,-1.435360,54.340341,On or near Supermarket,E01027608,Hambleton 004C,Shoplifting,Awaiting court outcome,
47ceec5861f3f767fc8aa6dffa51a4d142fa485ccdfdf9f049f5fa3b7df92281,2019-03,North Yorkshire Police,North Yorkshire Police,-1.433359,54.339370,On or near Shopping Area,E01027608,Hambleton 004C,Shoplifting,Awaiting court outcome,
505a3401e74b73584da8d37e96b81f076c2ec30a33588a735b12372105774eac,2019-03,North Yorkshire Police,North Yorkshire Police,-1.431857,54.337826,On or near Supermarket,E01027608,Hambleton 004C,Shoplifting,Offender given conditional discharge,
1ef7a4cb046760921ba9ac78b01c96e56de1ef3b222cafd1de60334c4bd08541,2019-03,North Yorkshire Police,North Yorkshire Police,-1.435153,54.339782,On or near Shopping Area,E01027608,Hambleton 004C,Shoplifting,Investigation complete; no suspect identified,
993dd99268f0dee74e4191e09a21f87bbf0b46f92f2fa940920978e9c4bcc4dc,2019-03,North Yorkshire Police,North Yorkshire Police,-1.431857,54.337826,On or near Supermarket,E01027608,Hambleton 004C,Shoplifting,Unable to prosecute suspect,
32d85d450050aa814eb413cf91969eae8b39a920b932ed1ce646b7bb3f2d3116,2019-03,North Yorkshire Police,North Yorkshire Police,-1.423664,54.337517,On or near Ashlands Court,E01027608,Hambleton 004C,Vehicle crime,Investigation complete; no suspect identified,
4a74b053e78a34a0b172c904762f7064dbfb352f9b2f0fed91f81bffa8487e23,2019-03,North Yorkshire Police,North Yorkshire Police,-1.432565,54.340040,On or near Elder Road,E01027608,Hambleton 004C,Violence and sexual offences,Under investigation,
90413deb160228b71319c8b89609bafa206f505700e88423c85fb7a533db627c,2019-03,North Yorkshire Police,North Yorkshire Police,-1.433875,54.338770,On or near High Street,E01027608,Hambleton 004C,Violence and sexual offences,Under investigation,
9a6a558be94cf180bd0d665eabef0c30c51198e6daa079848a4a7439d5069e8c,2019-03,North Yorkshire Police,North Yorkshire Police,-1.428050,54.337340,On or near Crosby Gardens,E01027608,Hambleton 004C,Violence and sexual offences,Unable to prosecute suspect,
8b15ecf48b78b5596ec084871ff2657d970f34b3088cfd48f1676f51bb936ec2,2019-03,North Yorkshire Police,North Yorkshire Police,-1.424908,54.336571,On or near Paterson Crescent,E01027608,Hambleton 004C,Violence and sexual offences,Unable to prosecute suspect,
3a37846ec2ff26f1fc8cd38305bf8f5b1e23acd1c733c3f24afee04c0ce51722,2019-03,North Yorkshire Police,North Yorkshire Police,-1.435360,54.340341,On or near Supermarket,E01027608,Hambleton 004C,Violence and sexual offences,Unable to prosecute suspect,
93478fa39d81992847603c648e9200bf71052221942f7f3a700df6615c0c0e2d,2019-03,North Yorkshire Police,North Yorkshire Police,-1.424908,54.336571,On or near Paterson Crescent,E01027608,Hambleton 004C,Violence and sexual offences,Unable to prosecute suspect,
124248cd0726e671fa3210c8d9ee2d3f5e72ceaa91e1cfa7ae0a26458d666ccd,2019-03,North Yorkshire Police,North Yorkshire Police,-1.430650,54.340606,On or near Parking Area,E01027608,Hambleton 004C,Violence and sexual offences,Under investigation,
0230c80417d87df52f78864b9efb6d45af3e7e97a0dfd13c46e56121cfdb2190,2019-03,North Yorkshire Police,North Yorkshire Police,-1.437038,54.338021,On or near Ashlea Road,E01027608,Hambleton 004C,Violence and sexual offences,Under investigation,
ed6094d60b3c50628505bc76258d8d2158073a296b62a4f84eaa168ffc011590,2019-03,North Yorkshire Police,North Yorkshire Police,-1.440768,54.338577,On or near Bailey Court,E01027608,Hambleton 004C,Violence and sexual offences,Unable to prosecute suspect,
7879f43cb279f0d8829cfe97a5cd34f99dbd65ff29f4463ffb9100f4082acb4d,2019-03,North Yorkshire Police,North Yorkshire Police,-1.432565,54.340040,On or near Elder Road,E01027608,Hambleton 004C,Violence and sexual offences,Unable to prosecute suspect,
6d5665946f60c83840314b7cbdbca7cd4b8f9caa571329651cec780281336420,2019-03,North Yorkshire Police,North Yorkshire Police,-1.433875,54.338770,On or near High Street,E01027608,Hambleton 004C,Violence and sexual offences,Under investigation,
203ded6b5a412ee3447c2c42e2163a5d0b645e70c0d0abf0837ac8f8bd44c404,2019-03,North Yorkshire Police,North Yorkshire Police,-1.433873,54.341160,On or near Friarage Street,E01027608,Hambleton 004C,Violence and sexual offences,Under investigation,
db4c6c8862f60b95a82fd0a4fdd59736cb1642fa26097431b243f8a428994906,2019-03,North Yorkshire Police,North Yorkshire Police,-1.424908,54.336571,On or near Paterson Crescent,E01027608,Hambleton 004C,Violence and sexual offences,Under investigation,
1bcd442d858c806eeb56be4f2adb77ad7b6156c1bb335bfa352f812de2917b73,2019-03,North Yorkshire Police,North Yorkshire Police,-1.433359,54.339370,On or near Shopping Area,E01027608,Hambleton 004C,Violence and sexual offences,Under investigation,
382a8a1922da3ac21a0982ee7b74a9cb5dfe460180f93aa5faffd6da119e1276,2019-03,North Yorkshire Police,North Yorkshire Police,-1.424963,54.339204,On or near Central Drive,E01027608,Hambleton 004C,Other crime,Under investigation,
,2019-03,North Yorkshire Police,North Yorkshire Police,-1.419817,54.334380,On or near Knotto Bottom Way,E01027609,Hambleton 004D,Anti-social behaviour,,
,2019-03,North Yorkshire Police,North Yorkshire Police,-1.419316,54.333928,On or near Knotto Bottom Close,E01027609,Hambleton 004D,Anti-social behaviour,,
,2019-03,North Yorkshire Police,North Yorkshire Police,-1.419817,54.334380,On or near Knotto Bottom Way,E01027609,Hambleton 004D,Anti-social behaviour,,
7957bb2f6d2e8a09e0b1901541e4e8548a7200acbf854c457458b0c83bb2d622,2019-03,North Yorkshire Police,North Yorkshire Police,-1.421689,54.341229,On or near Bullamoor Close,E01027609,Hambleton 004D,Criminal damage and arson,Under investigation,
a5a259a17d9cdf2ab020f69e19f0b3f83c6bdd684e0ad304ff40a54a42061d23,2019-03,North Yorkshire Police,North Yorkshire Police,-1.421689,54.341229,On or near Bullamoor Close,E01027609,Hambleton 004D,Criminal damage and arson,Under investigation,
569d43e53f5d50ef341e73b80a5bc843c160bf03c023b4335425c07262d94cc2,2019-03,North Yorkshire Police,North Yorkshire Police,-1.421689,54.341229,On or near Bullamoor Close,E01027609,Hambleton 004D,Criminal damage and arson,Under investigation,
56d119f3ede5f906e80a393f4e0b59ba8df60e589f774cd5992853dc48678e68,2019-03,North Yorkshire Police,North Yorkshire Police,-1.418706,54.339030,On or near Bankhead Close,E01027609,Hambleton 004D,Other theft,Unable to prosecute suspect,
33717cc0eead42b1dc9b46a23751dc1b134f59410a8f3174ae85668baaba8b0c,2019-03,North Yorkshire Police,North Yorkshire Police,-1.421689,54.341229,On or near Bullamoor Close,E01027609,Hambleton 004D,Violence and sexual offences,Under investigation,
7488e236b1294da7033aef998b44728c8420bb723a807d890a22b90fe909cbb3,2019-03,North Yorkshire Police,North Yorkshire Police,-1.421689,54.341229,On or near Bullamoor Close,E01027609,Hambleton 004D,Violence and sexual offences,Under investigation,
8dd1b3a20fc9f77fd22d0f3dce9ff5107e039ef0491e774ca57fef6410c5fae0,2019-03,North Yorkshire Police,North Yorkshire Police,-1.421689,54.341229,On or near Bullamoor Close,E01027609,Hambleton 004D,Violence and sexual offences,Under investigation,
80e0367043ad9b4fee1a8d4cbd70e25e27dace5470aa1d538ee61ffe0c5ed672,2019-03,North Yorkshire Police,North Yorkshire Police,-1.418328,54.340754,On or near Hailstone Drive,E01027609,Hambleton 004D,Violence and sexual offences,Awaiting court outcome,
,2019-03,North Yorkshire Police,North Yorkshire Police,-1.425520,54.335684,On or near Prospect View,E01027610,Hambleton 004E,Anti-social behaviour,,
,2019-03,North Yorkshire Police,North Yorkshire Police,-1.423421,54.333966,On or near Jubilee Gardens,E01027610,Hambleton 004E,Anti-social behaviour,,
,2019-03,North Yorkshire Police,North Yorkshire Police,-1.425520,54.335684,On or near Prospect View,E01027610,Hambleton 004E,Anti-social behaviour,,
b6da3832659238f8c81d93e001f95eb2f3c4a5315454e98c9fe50a633a9504fd,2019-03,North Yorkshire Police,North Yorkshire Police,-1.424721,54.334548,On or near Greenhill Crescent,E01027610,Hambleton 004E,Burglary,Offender given community sentence,
bf3d3b559d4676cdd01c2372087f838a7e26dfb2a7ec70e734b89bbcc6996526,2019-03,North Yorkshire Police,North Yorkshire Police,-1.424721,54.334548,On or near Greenhill Crescent,E01027610,Hambleton 004E,Burglary,Unable to prosecute suspect,
00f8e954397078d110d94f364dae555240b319cf3e2e715085ea40d4793005c4,2019-03,North Yorkshire Police,North Yorkshire Police,-1.420319,54.338058,On or near Bankhead Road,E01027610,Hambleton 004E,Criminal damage and arson,Under investigation,
1901af96850763253caae00f158d970ce5a446bb1456746dc71c42cd1cd497cb,2019-03,North Yorkshire Police,North Yorkshire Police,-1.423421,54.333966,On or near Jubilee Gardens,E01027610,Hambleton 004E,Drugs,Under investigation,
d368076de503cb838453bcbbc28fd3d3d3f2aef4e5b2fe0dd091b2e22c7f3183,2019-03,North Yorkshire Police,North Yorkshire Police,-1.420907,54.338924,On or near Ashlands Close,E01027610,Hambleton 004E,Other theft,Under investigation,
7a04fe9afa27f8046f45cf18c7a3af5280935af16b9d06cc5f5d4c4403c0ccef,2019-03,North Yorkshire Police,North Yorkshire Police,-1.425520,54.335684,On or near Prospect View,E01027610,Hambleton 004E,Public order,Under investigation,
,2019-03,North Yorkshire Police,North Yorkshire Police,-1.437659,54.343209,On or near High Street,E01027611,Hambleton 004F,Anti-social behaviour,,
,2019-03,North Yorkshire Police,North Yorkshire Police,-1.434531,54.341406,On or near Hospital,E01027611,Hambleton 004F,Anti-social behaviour,,
,2019-03,North Yorkshire Police,North Yorkshire Police,-1.433574,54.348313,On or near Parking Area,E01027611,Hambleton 004F,Anti-social behaviour,,
,2019-03,North Yorkshire Police,North Yorkshire Police,-1.437967,54.342096,On or near Castle Close,E01027611,Hambleton 004F,Anti-social behaviour,,
,2019-03,North Yorkshire Police,North Yorkshire Police,-1.432782,54.342198,On or near Supermarket,E01027611,Hambleton 004F,Anti-social behaviour,,
,2019-03,North Yorkshire Police,North Yorkshire Police,-1.438366,54.345531,On or near Willow Beck Road,E01027611,Hambleton 004F,Anti-social behaviour,,
,2019-03,North Yorkshire Police,North Yorkshire Police,-1.437659,54.343209,On or near High Street,E01027611,Hambleton 004F,Anti-social behaviour,,
,2019-03,North Yorkshire Police,North Yorkshire Police,-1.438366,54.345531,On or near Willow Beck Road,E01027611,Hambleton 004F,Anti-social behaviour,,
,2019-03,North Yorkshire Police,North Yorkshire Police,-1.442641,54.338811,On or near Springwell Lane,E01027611,Hambleton 004F,Anti-social behaviour,,
,2019-03,North Yorkshire Police,North Yorkshire Police,-1.434531,54.341406,On or near Hospital,E01027611,Hambleton 004F,Anti-social behaviour,,
da5e71bf3829ff7ca205119a368e773bee1f4ea7fa50240815db1eb0158220db,2019-03,North Yorkshire Police,North Yorkshire Police,-1.435245,54.342039,On or near Police Station,E01027611,Hambleton 004F,Bicycle theft,Investigation complete; no suspect identified,
20eb19cf8b55db3c49f966b36eff803da54adc67d1fba8d2730426960d3b9819,2019-03,North Yorkshire Police,North Yorkshire Police,-1.449449,54.363395,On or near A167,E01027611,Hambleton 004F,Criminal damage and arson,Under investigation,
aa9af807b4c15267fe41cbb70f0e065b6f715dafd7e62681644631a0cde512c3,2019-03,North Yorkshire Police,North Yorkshire Police,-1.433574,54.348313,On or near Parking Area,E01027611,Hambleton 004F,Criminal damage and arson,Investigation complete; no suspect identified,
947e9a4c730ca82c085208c8d5f512ab234b28c96707f41b4a0a724460fc50ae,2019-03,North Yorkshire Police,North Yorkshire Police,-1.449449,54.363395,On or near A167,E01027611,Hambleton 004F,Criminal damage and arson,Under investigation,
319412087dd0cc9a39129cd4e0c52610dfb722f461ababe4bf1c2011b86020a6,2019-03,North Yorkshire Police,North Yorkshire Police,-1.435245,54.342039,On or near Police Station,E01027611,Hambleton 004F,Criminal damage and arson,Under investigation,
94e91e4c2153ddeb747d0db2b53212fb42f646831c0ed722a6e9b57cf331d144,2019-03,North Yorkshire Police,North Yorkshire Police,-1.439112,54.342713,On or near Tannery Lane,E01027611,Hambleton 004F,Criminal damage and arson,Under investigation,
a0c34a5201bb63ff92065493dd1da2bee8ea6cfaf16dbf4263b60bd80394fa80,2019-03,North Yorkshire Police,North Yorkshire Police,-1.437967,54.342096,On or near Castle Close,E01027611,Hambleton 004F,Drugs,Offender given a drugs possession warning,
eba6b06450541a11d0cb446e8a130dd7e18dbc4f9d14642979721fbd05f2bb13,2019-03,North Yorkshire Police,North Yorkshire Police,-1.439112,54.342713,On or near Tannery Lane,E01027611,Hambleton 004F,Other theft,Under investigation,
9426ac4bfafc4f778bffd7c9937e8e343d2f580681cd5b101531459f8dcdb877,2019-03,North Yorkshire Police,North Yorkshire Police,-1.431958,54.348413,On or near Petrol Station,E01027611,Hambleton 004F,Other theft,Investigation complete; no suspect identified,
6e39c71b7b723eba3a89e51dc6790610300b0a8affb3ce8163a1bf6199a27a68,2019-03,North Yorkshire Police,North Yorkshire Police,-1.438366,54.345531,On or near Willow Beck Road,E01027611,Hambleton 004F,Shoplifting,Under investigation,
20c2ec6a7ad1c8bde26493d333a476635f2928a341c4e96f9bde5fbfc89fbbd6,2019-03,North Yorkshire Police,North Yorkshire Police,-1.438366,54.345531,On or near Willow Beck Road,E01027611,Hambleton 004F,Shoplifting,Under investigation,
05c01a8cec34e1c44c1fc51ebca58e5f073e8513a512ce297a72e96b154bafcf,2019-03,North Yorkshire Police,North Yorkshire Police,-1.434531,54.341406,On or near Hospital,E01027611,Hambleton 004F,Shoplifting,Under investigation,
9705bc5da1d5287e3f2256b6ada8374e9492829a4cb97558c58a9230a920e519,2019-03,North Yorkshire Police,North Yorkshire Police,-1.432782,54.342198,On or near Supermarket,E01027611,Hambleton 004F,Shoplifting,Under investigation,
eb10f6848e07d3329ef35d061125a2c858b026147ebf4078d434c977d276187f,2019-03,North Yorkshire Police,North Yorkshire Police,-1.438366,54.345531,On or near Willow Beck Road,E01027611,Hambleton 004F,Violence and sexual offences,Under investigation,
2962df45f9b8c0cfe7896d7233cbb202244ef4db6ba7a44f9b86ab3af4b62c1c,2019-03,North Yorkshire Police,North Yorkshire Police,-1.437291,54.343145,On or near High Street,E01027611,Hambleton 004F,Violence and sexual offences,Under investigation,
fc60e2ce2cb3d8dc2a2c80f4393578028bc36702c555cb3efa3f7288e492af01,2019-03,North Yorkshire Police,North Yorkshire Police,-1.431958,54.348413,On or near Petrol Station,E01027611,Hambleton 004F,Violence and sexual offences,Under investigation,
bb95b32906e0daa871b5b31306f61a2afce218dfdedc962c0eabddaa39d6b2d7,2019-03,North Yorkshire Police,North Yorkshire Police,-1.431958,54.348413,On or near Petrol Station,E01027611,Hambleton 004F,Violence and sexual offences,Under investigation,
137a9671debe6a547157ed7a3bbcf778def19c16d9085a951deb72e834237bd1,2019-03,North Yorkshire Police,North Yorkshire Police,-1.449449,54.363395,On or near A167,E01027611,Hambleton 004F,Violence and sexual offences,Under investigation,
69e220e6ab3cfc9223031b0154b6586970515239b40d6cd5121ab45fe5a67945,2019-03,North Yorkshire Police,North Yorkshire Police,-1.449449,54.363395,On or near A167,E01027611,Hambleton 004F,Violence and sexual offences,Under investigation,
af9accd8431a1ecc43ce622d7be5b0133adf670c618448a44f224729495b6e75,2019-03,North Yorkshire Police,North Yorkshire Police,-1.441787,54.347336,On or near Petrol Station,E01027611,Hambleton 004F,Violence and sexual offences,Under investigation,
71d87b94f87e4e25f2996e1f426c47fdee1ab949c8fed4be597545dcb604aeb8,2019-03,North Yorkshire Police,North Yorkshire Police,-1.433574,54.348313,On or near Parking Area,E01027611,Hambleton 004F,Violence and sexual offences,Unable to prosecute suspect,
ace183c8f23bbb2e1e223020671adc3d7d0e5ca746d068df63659b8696a4026d,2019-03,North Yorkshire Police,North Yorkshire Police,-1.441787,54.347336,On or near Petrol Station,E01027611,Hambleton 004F,Violence and sexual offences,Under investigation,
a3207700b03bace6e323cd1a90d96098afcfca429b389491972b6d9fa131a9f6,2019-03,North Yorkshire Police,North Yorkshire Police,-1.436067,54.344900,On or near Swain Court,E01027611,Hambleton 004F,Violence and sexual offences,Under investigation,
ad85e9abf35387367de401654059d9c7e02d2689fa9c6323489bef76ec99f20b,2019-03,North Yorkshire Police,North Yorkshire Police,-1.440852,54.350504,On or near Thurston Road,E01027611,Hambleton 004F,Violence and sexual offences,Unable to prosecute suspect,
cb1a5af805c4832ff5815fbb8a3324c50aee29913533f48ec2bb28df9a6a84b5,2019-03,North Yorkshire Police,North Yorkshire Police,-1.432782,54.342198,On or near Supermarket,E01027611,Hambleton 004F,Other crime,Under investigation,
,2019-03,North Yorkshire Police,North Yorkshire Police,-1.430376,54.342627,On or near Hospital,E01027612,Hambleton 004G,Anti-social behaviour,,
,2019-03,North Yorkshire Police,North Yorkshire Police,-1.425590,54.341679,On or near Beech Grove,E01027612,Hambleton 004G,Anti-social behaviour,,
,2019-03,North Yorkshire Police,North Yorkshire Police,-1.425813,54.345526,On or near Turker Lane,E01027612,Hambleton 004G,Anti-social behaviour,,
,2019-03,North Yorkshire Police,North Yorkshire Police,-1.426378,54.342545,On or near Supermarket,E01027612,Hambleton 004G,Anti-social behaviour,,
,2019-03,North Yorkshire Police,North Yorkshire Police,-1.426378,54.342545,On or near Supermarket,E01027612,Hambleton 004G,Anti-social behaviour,,
,2019-03,North Yorkshire Police,North Yorkshire Police,-1.432699,54.341523,On or near Bus/Coach Station,E01027612,Hambleton 004G,Anti-social behaviour,,
f2765202c66d5aff603333e5dfad022ed99cba68546065a57797df0315846b6b,2019-03,North Yorkshire Police,North Yorkshire Police,-1.428844,54.341092,On or near Dene Road,E01027612,Hambleton 004G,Bicycle theft,Unable to prosecute suspect,
37edfb7a04562595491947cdf51835abbfc631d56807b6485982e84e521226b4,2019-03,North Yorkshire Police,North Yorkshire Police,-1.432423,54.342538,On or near Friarage Mount,E01027612,Hambleton 004G,Burglary,Investigation complete; no suspect identified,
0055ac1164095d36b12601d5d45ee25ae4e712f8c26f1f0e62b5304999ccd025,2019-03,North Yorkshire Police,North Yorkshire Police,-1.428844,54.341092,On or near Dene Road,E01027612,Hambleton 004G,Criminal damage and arson,Investigation complete; no suspect identified,
7cf92254903648ca1d7e6aecdd38c8155df038e4ac5e3861d498be88f612d179,2019-03,North Yorkshire Police,North Yorkshire Police,-1.432699,54.341523,On or near Bus/Coach Station,E01027612,Hambleton 004G,Criminal damage and arson,Unable to prosecute suspect,
2934b50f7a575c47ae67568775276c5e7ef7a5cdafcc183afa7a55d4e9292cf8,2019-03,North Yorkshire Police,North Yorkshire Police,-1.425336,54.343331,On or near Turker Close,E01027612,Hambleton 004G,Criminal damage and arson,Investigation complete; no suspect identified,
67b54c062736568ea5d5ab96ce295d8954b572591be4098f484aa73db7f076f8,2019-03,North Yorkshire Police,North Yorkshire Police,-1.425336,54.343331,On or near Turker Close,E01027612,Hambleton 004G,Criminal damage and arson,Unable to prosecute suspect,
2d66d8cc4832de2761b2d5f1ef0a0a6da30f35d0039c67f7588350164b9a4771,2019-03,North Yorkshire Police,North Yorkshire Police,-1.422875,54.343319,On or near Moorview Road,E01027612,Hambleton 004G,Other theft,Unable to prosecute suspect,
a91e02818c29c6fb964fc34d8dda9fcdeb6a7773918b721976f48984551dccf7,2019-03,North Yorkshire Police,North Yorkshire Police,-1.432699,54.341523,On or near Bus/Coach Station,E01027612,Hambleton 004G,Shoplifting,Awaiting court outcome,
4cf2452ae32aa5d83e5b6b632a45550dde7394b17be66fa972894d35e9c78765,2019-03,North Yorkshire Police,North Yorkshire Police,-1.428844,54.341092,On or near Dene Road,E01027612,Hambleton 004G,Vehicle crime,Under investigation,
5a46d6a4d5fb8310446b6d04b64043f94fdf120f8f97fa5fe868148f8324b7ea,2019-03,North Yorkshire Police,North Yorkshire Police,-1.422875,54.343319,On or near Moorview Road,E01027612,Hambleton 004G,Violence and sexual offences,Unable to prosecute suspect,
d1ce9f98efd8e1ff5b47fe92672a4f967d54ed1486a3a33451723924dd7f8d3d,2019-03,North Yorkshire Police,North Yorkshire Police,-1.425336,54.343331,On or near Turker Close,E01027612,Hambleton 004G,Violence and sexual offences,Under investigation,
19d5f8991c1dc45469cc6451cd08170d55fb82a484afc4037df6065621c8e100,2019-03,North Yorkshire Police,North Yorkshire Police,-1.430376,54.342627,On or near Hospital,E01027612,Hambleton 004G,Violence and sexual offences,Under investigation,
f1288dd2f715de60df5155763d07924d47c15c88ef3dfe860f93b6a47dd504b6,2019-03,North Yorkshire Police,North Yorkshire Police,-1.432699,54.341523,On or near Bus/Coach Station,E01027612,Hambleton 004G,Violence and sexual offences,Under investigation,
78b7d8cd6180c71db24844c47e228af776b337e8b0829db8605d9506ab8a4d91,2019-03,North Yorkshire Police,North Yorkshire Police,-1.426745,54.342718,On or near Forest Road,E01027612,Hambleton 004G,Violence and sexual offences,Formal action is not in the public interest,
a44f47c8a0e6322033d710c8893657a45ec6c831ef81b1ca0f14dbcb36060315,2019-03,North Yorkshire Police,North Yorkshire Police,-1.418870,54.342626,On or near Lewis Close,E01027612,Hambleton 004G,Violence and sexual offences,Under investigation,
52e8ef2ad9b4ca0c50dec3f0dccb30ddfda3c11aff796897f08f249fc4d70314,2019-03,North Yorkshire Police,North Yorkshire Police,-1.432699,54.341523,On or near Bus/Coach Station,E01027612,Hambleton 004G,Violence and sexual offences,Unable to prosecute suspect,
13f7cd7992eb6913c5ca1da689582c8eae3e0e84e07b9eba334d23d9407a9ec9,2019-03,North Yorkshire Police,North Yorkshire Police,-1.426378,54.342545,On or near Supermarket,E01027612,Hambleton 004G,Violence and sexual offences,Unable to prosecute suspect,
37509429e851ceaa06b917dec54ce98dce3b755d06fb9d42b80e0aaaebeaec4d,2019-03,North Yorkshire Police,North Yorkshire Police,-1.428844,54.341092,On or near Dene Road,E01027612,Hambleton 004G,Violence and sexual offences,Under investigation,
38bdcf3857fe5fce468552ce77d1ee8af482c64209666c594264ab570ae72872,2019-03,North Yorkshire Police,North Yorkshire Police,-1.425590,54.341679,On or near Beech Grove,E01027612,Hambleton 004G,Other crime,Under investigation,
28d9262754f2fb8e224cb64a6350ca3ef9b933543b3b124a8c36efdcb645c949,2019-03,North Yorkshire Police,North Yorkshire Police,-1.446096,54.333524,On or near Supermarket,E01027616,Hambleton 004H,Criminal damage and arson,Investigation complete; no suspect identified,
c5ba85a474f20d4102d41a4b6d1c572639f2f86992e13bf021be61b7be334c74,2019-03,North Yorkshire Police,North Yorkshire Police,-1.446746,54.330876,On or near Harewood Lane,E01027616,Hambleton 004H,Criminal damage and arson,Investigation complete; no suspect identified,
6ce679fcc8844d61d51375eabe3c855ccb7b1babca1fcab68b1d6efce4e27466,2019-03,North Yorkshire Police,North Yorkshire Police,-1.445067,54.332243,On or near Cherry Garth Road,E01027616,Hambleton 004H,Other theft,Under investigation,
,2019-03,North Yorkshire Police,North Yorkshire Police,-1.561687,54.306947,On or near Petrol Station,E01027603,Hambleton 005A,Anti-social behaviour,,
3a20d954296d3fa1f368abcbec781d4714cd72328750caada3f737db2aea3084,2019-03,North Yorkshire Police,North Yorkshire Police,-1.557605,54.306312,On or near Glebe Square,E01027603,Hambleton 005A,Burglary,Under investigation,
e65cc79e0c0da2c5ea79bd290c7c5abd40ab5f3634bc3ec0b13f61534f72ebec,2019-03,North Yorkshire Police,North Yorkshire Police,-1.566156,54.308725,On or near Conygarth Way,E01027603,Hambleton 005A,Drugs,Under investigation,
7bc0137629fd2534911ba7b750b1de54c42177f403d824f5290b7e130bc7a476,2019-03,North Yorkshire Police,North Yorkshire Police,-1.559803,54.304873,On or near Leeming Lane,E01027603,Hambleton 005A,Shoplifting,Offender sent to prison,
4a403b0d9876dc1e05fc5e71f70cd5cd3d6ad74f2a6ea5b48edf4a70b15cef7f,2019-03,North Yorkshire Police,North Yorkshire Police,-1.566497,54.314307,On or near Roughley Bank,E01027603,Hambleton 005A,Shoplifting,Under investigation,
fa8b7f451efeca11b71e6f4a45fc41f469940e07bb00ef4507198620eb63062b,2019-03,North Yorkshire Police,North Yorkshire Police,-1.561687,54.306947,On or near Petrol Station,E01027603,Hambleton 005A,Vehicle crime,Investigation complete; no suspect identified,
,2019-03,North Yorkshire Police,North Yorkshire Police,-1.463407,54.323303,On or near Ainderby Road,E01027604,Hambleton 005B,Anti-social behaviour,,
ca9a9f7f869e935cd84764a0c6126d9f6d25d35959520baa343db83724a10f69,2019-03,North Yorkshire Police,North Yorkshire Police,-1.553980,54.363000,On or near Lowfield Lane,E01027604,Hambleton 005B,Other theft,Investigation complete; no suspect identified,
b0217b4261596d0fd76478ab2c3ade064a514438e2dc5772acdc62bb12b5a96a,2019-03,North Yorkshire Police,North Yorkshire Police,-1.499241,54.323619,On or near St Helens Close,E01027604,Hambleton 005B,Public order,Unable to prosecute suspect,
b3b235310a327e76e5b6325a3019387422c7d00cbbb674626720bc575c9794a4,2019-03,North Yorkshire Police,North Yorkshire Police,-1.496376,54.322816,On or near Fountains Way,E01027604,Hambleton 005B,Violence and sexual offences,Under investigation,
c61a7d5110d33cd298bb4e8f23c8de73237b51eadd4041557461805f6a107fdb,2019-03,North Yorkshire Police,North Yorkshire Police,-1.496376,54.322816,On or near Fountains Way,E01027604,Hambleton 005B,Violence and sexual offences,Under investigation,
09584eeb0adbaf58e675f59c566f03946af8be3b813152e4dd40cf0bd7508240,2019-03,North Yorkshire Police,North Yorkshire Police,-1.496376,54.322816,On or near Fountains Way,E01027604,Hambleton 005B,Violence and sexual offences,Under investigation,
2228d5ba443ab188c4633af9c76ec9d63ebf80235ae673559d4191390d4f1126,2019-03,North Yorkshire Police,North Yorkshire Police,-1.496376,54.322816,On or near Fountains Way,E01027604,Hambleton 005B,Violence and sexual offences,Under investigation,
1fd46d4e49a0cc99bdcf23a5abdd2feb328b97395f95a5d1f2050f781ce20e4a,2019-03,North Yorkshire Police,North Yorkshire Police,-1.497816,54.321995,On or near Harewood Close,E01027604,Hambleton 005B,Violence and sexual offences,Under investigation,
aee211608e44ce1bc41d72d7e7de7758654f53eff58846022ba5f8a95eea37dd,2019-03,North Yorkshire Police,North Yorkshire Police,-1.496376,54.322816,On or near Fountains Way,E01027604,Hambleton 005B,Violence and sexual offences,Under investigation,
d39668fe69de7574e82cb04c608657f6e71a8e6da7117ccb0eb7f65f2c98b2ee,2019-03,North Yorkshire Police,North Yorkshire Police,-1.495901,54.322724,On or near Rievaulx Drive,E01027604,Hambleton 005B,Other crime,Awaiting court outcome,
fc8401121c92aa1e159c78e63d38cb9a0fa77cca8ca909eb6b9cc7380bf77676,2019-03,North Yorkshire Police,North Yorkshire Police,-1.425390,54.332834,On or near Millfield Crescent,E01027607,Hambleton 005C,Violence and sexual offences,Under investigation,
,2019-03,North Yorkshire Police,North Yorkshire Police,-1.450487,54.329473,On or near The Link,E01027614,Hambleton 005D,Anti-social behaviour,,
4db62b8ca3c7ba31984317e6bdff35e012ed23395b96d8c71692d0c4de1f83af,2019-03,North Yorkshire Police,North Yorkshire Police,-1.449488,54.325936,On or near Lees Lane,E01027614,Hambleton 005D,Criminal damage and arson,Under investigation,
bc093588a6d9497cfae727ad8d6617ba623a0f27614af4471abca7d249e9e1ce,2019-03,North Yorkshire Police,North Yorkshire Police,-1.447615,54.329199,On or near Harewood Chase,E01027614,Hambleton 005D,Shoplifting,Under investigation,
12c5e58c9c347679d4103e20c11132fcc6b0319a0cf1b79c8cb13b6c45608a5b,2019-03,North Yorkshire Police,North Yorkshire Police,-1.447615,54.329199,On or near Harewood Chase,E01027614,Hambleton 005D,Shoplifting,Under investigation,
fdab958945d8bcb5b77b777b9c8c73d829049cf4a0ac1d7573b1c146b0870679,2019-03,North Yorkshire Police,North Yorkshire Police,-1.449488,54.325936,On or near Lees Lane,E01027614,Hambleton 005D,Violence and sexual offences,Under investigation,
25d3c3ba0cbf7e90f526901b212623e41acb60865e59b6dc2209226c7e1254f6,2019-03,North Yorkshire Police,North Yorkshire Police,-1.440439,54.328789,On or near Bransdale Avenue,E01027615,Hambleton 005E,Violence and sexual offences,Under investigation,
742c2af4ef259323ffcc15eeb558a425f65fc2df2ec28b3a9e6d86b772ef85c5,2019-03,North Yorkshire Police,North Yorkshire Police,-1.440439,54.328789,On or near Bransdale Avenue,E01027615,Hambleton 005E,Violence and sexual offences,Under investigation,
,2019-03,North Yorkshire Police,North Yorkshire Police,-1.590454,54.287052,On or near South End Avenue,E01027587,Hambleton 006A,Anti-social behaviour,,
,2019-03,North Yorkshire Police,North Yorkshire Police,-1.592800,54.284363,On or near Parking Area,E01027587,Hambleton 006A,Anti-social behaviour,,
,2019-03,North Yorkshire Police,North Yorkshire Police,-1.586066,54.286560,On or near Brookside Close,E01027587,Hambleton 006A,Anti-social behaviour,,
,2019-03,North Yorkshire Police,North Yorkshire Police,-1.592800,54.284363,On or near Parking Area,E01027587,Hambleton 006A,Anti-social behaviour,,
,2019-03,North Yorkshire Police,North Yorkshire Police,-1.589583,54.285036,On or near Glebe Close,E01027587,Hambleton 006A,Anti-social behaviour,,
f5eacc7127ea7f2c51a78b49a0873c24b14ef6e788974741a7949af9a9bc9e9e,2019-03,North Yorkshire Police,North Yorkshire Police,-1.595304,54.285918,On or near Queen Anne'S Drive,E01027587,Hambleton 006A,Criminal damage and arson,Investigation complete; no suspect identified,
f994d70f27fe4f06515d08b75e61135dde9f2ba081200aee6271b7ae58f6e207,2019-03,North Yorkshire Police,North Yorkshire Police,-1.594264,54.285465,On or near Grange Close,E01027587,Hambleton 006A,Criminal damage and arson,Under investigation,
,2019-03,North Yorkshire Police,North Yorkshire Police,-1.593470,54.289695,On or near Parking Area,E01027588,Hambleton 006B,Anti-social behaviour,,
,2019-03,North Yorkshire Police,North Yorkshire Police,-1.592342,54.288748,On or near Market Place,E01027588,Hambleton 006B,Anti-social behaviour,,
,2019-03,North Yorkshire Police,North Yorkshire Police,-1.593470,54.289695,On or near Parking Area,E01027588,Hambleton 006B,Anti-social behaviour,,
,2019-03,North Yorkshire Police,North Yorkshire Police,-1.593470,54.289695,On or near Parking Area,E01027588,Hambleton 006B,Anti-social behaviour,,
,2019-03,North Yorkshire Police,North Yorkshire Police,-1.593470,54.289695,On or near Parking Area,E01027588,Hambleton 006B,Anti-social behaviour,,
,2019-03,North Yorkshire Police,North Yorkshire Police,-1.584485,54.286456,On or near Brookside Avenue,E01027588,Hambleton 006B,Anti-social behaviour,,
,2019-03,North Yorkshire Police,North Yorkshire Police,-1.593586,54.290388,On or near North End,E01027588,Hambleton 006B,Anti-social behaviour,,
,2019-03,North Yorkshire Police,North Yorkshire Police,-1.583949,54.283192,On or near Vasey Close,E01027588,Hambleton 006B,Anti-social behaviour,,
,2019-03,North Yorkshire Police,North Yorkshire Police,-1.585417,54.283898,On or near Stapleton Close,E01027588,Hambleton 006B,Anti-social behaviour,,
,2019-03,North Yorkshire Police,North Yorkshire Police,-1.593470,54.289695,On or near Parking Area,E01027588,Hambleton 006B,Anti-social behaviour,,
,2019-03,North Yorkshire Police,North Yorkshire Police,-1.592342,54.288748,On or near Market Place,E01027588,Hambleton 006B,Anti-social behaviour,,
,2019-03,North Yorkshire Police,North Yorkshire Police,-1.592342,54.288748,On or near Market Place,E01027588,Hambleton 006B,Anti-social behaviour,,
,2019-03,North Yorkshire Police,North Yorkshire Police,-1.585417,54.283898,On or near Stapleton Close,E01027588,Hambleton 006B,Anti-social behaviour,,
,2019-03,North Yorkshire Police,North Yorkshire Police,-1.593586,54.290388,On or near North End,E01027588,Hambleton 006B,Anti-social behaviour,,
,2019-03,North Yorkshire Police,North Yorkshire Police,-1.593470,54.289695,On or near Parking Area,E01027588,Hambleton 006B,Anti-social behaviour,,
d80d6e4301b52e8890908c0eed2870d8541d257246535203334a6565d2eb8395,2019-03,North Yorkshire Police,North Yorkshire Police,-1.585417,54.283898,On or near Stapleton Close,E01027588,Hambleton 006B,Burglary,Investigation complete; no suspect identified,
e37747683246a2b7179f84942aef8cf5d56161911557e7913df14fcf445485e5,2019-03,North Yorkshire Police,North Yorkshire Police,-1.593470,54.289695,On or near Parking Area,E01027588,Hambleton 006B,Criminal damage and arson,Investigation complete; no suspect identified,
48fea0a825c6d903e54c6768bb24cc436db3ed49088b209437df5ad534173208,2019-03,North Yorkshire Police,North Yorkshire Police,-1.586708,54.283795,On or near Iddison Drive,E01027588,Hambleton 006B,Other theft,Under investigation,
50262cc989221db3fbafbdf436b289736052ab833951ff9ea1b075e1c45ea396,2019-03,North Yorkshire Police,North Yorkshire Police,-1.592342,54.288748,On or near Market Place,E01027588,Hambleton 006B,Other theft,Under investigation,
7a205fe8a6eabb213f7d6b6f9298a51ed687fd81c187d1e072f51ab00e4f49db,2019-03,North Yorkshire Police,North Yorkshire Police,-1.592342,54.288748,On or near Market Place,E01027588,Hambleton 006B,Vehicle crime,Under investigation,
f76b836cc047da73562078ee398a76217d5d90dece1baf1e68d67015616879eb,2019-03,North Yorkshire Police,North Yorkshire Police,-1.588979,54.282499,On or near Parker Drive,E01027588,Hambleton 006B,Violence and sexual offences,Unable to prosecute suspect,
47a2595156f53cd00932de8ab424608016abb18bdd12cb27b6a0e5521396aa0c,2019-03,North Yorkshire Police,North Yorkshire Police,-1.588979,54.282499,On or near Parker Drive,E01027588,Hambleton 006B,Violence and sexual offences,Under investigation,
6406e3ddeb314518588cb011c2229c1a6ed3e0872014d88c39858dcdbf76f44e,2019-03,North Yorkshire Police,North Yorkshire Police,-1.595222,54.289620,On or near Police Station,E01027588,Hambleton 006B,Other crime,Under investigation,
,2019-03,North Yorkshire Police,North Yorkshire Police,-1.580588,54.295079,On or near Sandhill Lane,E01027589,Hambleton 006C,Anti-social behaviour,,
,2019-03,North Yorkshire Police,North Yorkshire Police,-1.568037,54.299277,On or near Petrol Station,E01027589,Hambleton 006C,Anti-social behaviour,,
,2019-03,North Yorkshire Police,North Yorkshire Police,-1.584637,54.291184,On or near The Crescent,E01027589,Hambleton 006C,Anti-social behaviour,,
,2019-03,North Yorkshire Police,North Yorkshire Police,-1.568037,54.299277,On or near Petrol Station,E01027589,Hambleton 006C,Anti-social behaviour,,
,2019-03,North Yorkshire Police,North Yorkshire Police,-1.587002,54.291300,On or near Bedale Road,E01027589,Hambleton 006C,Anti-social behaviour,,
,2019-03,North Yorkshire Police,North Yorkshire Police,-1.580588,54.295079,On or near Sandhill Lane,E01027589,Hambleton 006C,Anti-social behaviour,,
9af4d7913d9e709936b448b4403f91969995119fe8ded69c3c6dcef61e64c9cc,2019-03,North Yorkshire Police,North Yorkshire Police,-1.584637,54.291184,On or near The Crescent,E01027589,Hambleton 006C,Criminal damage and arson,Under investigation,
5c56770c9260019cbdfd66391ac8b557b967761dd2a738208074ca02fab87f77,2019-03,North Yorkshire Police,North Yorkshire Police,-1.584637,54.291184,On or near The Crescent,E01027589,Hambleton 006C,Criminal damage and arson,Unable to prosecute suspect,
84c1aed6c9a6876a7dfb85b97a77877566b45df732251ee071b2eff39bdcb13a,2019-03,North Yorkshire Police,North Yorkshire Police,-1.590592,54.288652,On or near Bridge Street,E01027589,Hambleton 006C,Drugs,Under investigation,
518211683d6eebb1f750d263f02133a5286b2463440d5fae754b8c0bee73d416,2019-03,North Yorkshire Police,North Yorkshire Police,-1.587002,54.291300,On or near Bedale Road,E01027589,Hambleton 006C,Drugs,Under investigation,
fd253effdc2f84e0d6adafba282f1f5aa169df31bb33d5d4b414769d2561ea90,2019-03,North Yorkshire Police,North Yorkshire Police,-1.568037,54.299277,On or near Petrol Station,E01027589,Hambleton 006C,Other theft,Under investigation,
c55e3e3231e944474fd034878ed025291e07a59c890b86d2c9796524a2de1eb9,2019-03,North Yorkshire Police,North Yorkshire Police,-1.589190,54.290633,On or near Ascough Wynd,E01027589,Hambleton 006C,Other theft,Under investigation,
f413062cedadd2360b7e32fe949231ce3d96c2bb254f2859b7f667a67f46cea8,2019-03,North Yorkshire Police,North Yorkshire Police,-1.568037,54.299277,On or near Petrol Station,E01027589,Hambleton 006C,Public order,Unable to prosecute suspect,
54f85b7282613cd572b3af677b2aa33a817c3982cd8f7d0639588c71d91ec75b,2019-03,North Yorkshire Police,North Yorkshire Police,-1.568037,54.299277,On or near Petrol Station,E01027589,Hambleton 006C,Vehicle crime,Investigation complete; no suspect identified,
e5e25dc63d31941f5ac757e556f42b26ef20b29123ddb32f0ae687e6afff1037,2019-03,North Yorkshire Police,North Yorkshire Police,-1.584637,54.291184,On or near The Crescent,E01027589,Hambleton 006C,Violence and sexual offences,Unable to prosecute suspect,
e926d6be4a07eddea87dd1d898e5442a2d6baa81ffabc51ded9cc8d1c1eaaa9c,2019-03,North Yorkshire Police,North Yorkshire Police,-1.587836,54.286234,On or near South End,E01027589,Hambleton 006C,Violence and sexual offences,Under investigation,
a76bb0eb6f5f5b5b41139ca6d3a25bf8b6b9dcbd52cf68822ed5fe51566c72cf,2019-03,North Yorkshire Police,North Yorkshire Police,-1.590592,54.288652,On or near Bridge Street,E01027589,Hambleton 006C,Violence and sexual offences,Unable to prosecute suspect,
8bb94e2cef971b3ea7b62ce5fb9ab8e036ebc1206d03b60c5cfd0f9f7867c6d6,2019-03,North Yorkshire Police,North Yorkshire Police,-1.590016,54.289405,On or near Bedale Road,E01027589,Hambleton 006C,Violence and sexual offences,Under investigation,
af54ec62dda76f71f5dacc29cf4de21019ec302425282c623e12d64cc5cd5856,2019-03,North Yorkshire Police,North Yorkshire Police,-1.584637,54.291184,On or near The Crescent,E01027589,Hambleton 006C,Violence and sexual offences,Under investigation,
,2019-03,North Yorkshire Police,North Yorkshire Police,-1.672823,54.259595,On or near Sergeant Bank,E01027593,Hambleton 006D,Anti-social behaviour,,
,2019-03,North Yorkshire Police,North Yorkshire Police,-1.603227,54.334233,On or near Bowbridge Lane,E01027593,Hambleton 006D,Anti-social behaviour,,
,2019-03,North Yorkshire Police,North Yorkshire Police,-1.672823,54.259595,On or near Sergeant Bank,E01027593,Hambleton 006D,Anti-social behaviour,,
3235961bc7016baae8b9cc5e99395c6ae193da324bfc00fa5cb65c1ea5c4b384,2019-03,North Yorkshire Police,North Yorkshire Police,-1.625744,54.303478,On or near A684,E01027593,Hambleton 006D,Criminal damage and arson,Under investigation,
0268c66f659aa4511b9ee2c1935e75ad38f00b47efe98d07c34f89f88dbb112e,2019-03,North Yorkshire Police,North Yorkshire Police,-1.589227,54.254460,On or near Castle Meadows,E01027593,Hambleton 006D,Other theft,Unable to prosecute suspect,
4d9f2058b4eebbb2b1994d63e0cc7255501409934ecb13ed53492ca018ee00fe,2019-03,North Yorkshire Police,North Yorkshire Police,-1.632561,54.307597,On or near Mastil Lane,E01027593,Hambleton 006D,Public order,Awaiting court outcome,
73b6e6184b7d6a68126a742ae1ebdafa0100c9877b5a97891611b2f2c32ac6b9,2019-03,North Yorkshire Police,North Yorkshire Police,-1.625744,54.303478,On or near A684,E01027593,Hambleton 006D,Violence and sexual offences,Under investigation,
,2019-03,North Yorkshire Police,North Yorkshire Police,-1.581968,54.205723,On or near Nosterfield Road,E01027628,Hambleton 007B,Anti-social behaviour,,
35dd9c6dd44c11353642d228250847bffdf8e0a7f0b3dc32aaad7fd5c3d16582,2019-03,North Yorkshire Police,North Yorkshire Police,-1.554369,54.211745,On or near Back Lane,E01027628,Hambleton 007B,Burglary,Under investigation,
c4a8fb8fdebb5056e485724366e05093c47f418dc1ffb24cae9a24c70770e428,2019-03,North Yorkshire Police,North Yorkshire Police,-1.590701,54.206265,On or near Mowbray Terrace,E01027628,Hambleton 007B,Criminal damage and arson,Under investigation,
ac6d0947575aedfcc7bf2a7aee5a26e0659cd46b228a900ef4c24d347f6a3ebc,2019-03,North Yorkshire Police,North Yorkshire Police,-1.477506,54.210268,On or near Leeming Lane,E01027628,Hambleton 007B,Violence and sexual offences,Unable to prosecute suspect,
e39687e8dde8f00bf9a19d8b4d88ebc6d0b90b66cce9cf51cc1e199afd393924,2019-03,North Yorkshire Police,North Yorkshire Police,-1.396348,54.289284,On or near North Riding Rise,E01027633,Hambleton 007C,Other theft,Investigation complete; no suspect identified,
73d25cbba85c4e88a8e1c807496ec460af8ec89d04bc30c251161b2b9722c1d7,2019-03,North Yorkshire Police,North Yorkshire Police,-1.429422,54.284870,On or near A167,E01027633,Hambleton 007C,Violence and sexual offences,Offender given community sentence,
793e3da9c5da9d7030bf81b2a2d58e02a7ad3a9d4069d6a9e26c1802f2fc5396,2019-03,North Yorkshire Police,North Yorkshire Police,-1.400500,54.304816,On or near Brockholme Lane,E01027633,Hambleton 007C,Other crime,Action to be taken by another organisation,
,2019-03,North Yorkshire Police,North Yorkshire Police,-1.552029,54.276391,On or near Exelby Close,E01033065,Hambleton 007D,Anti-social behaviour,,
1ed4da4807aec01b9f9ab8bb2ef2e4d1d16e6a2ec29cadef34ce76b6dc8df717,2019-03,North Yorkshire Police,North Yorkshire Police,-1.550379,54.296696,On or near Prospect Way,E01033065,Hambleton 007D,Violence and sexual offences,Under investigation,
ad1975486d0bbd01ddca0b2b931dc45db68214fe82c2a5776887daed306ca802,2019-03,North Yorkshire Police,North Yorkshire Police,-1.526047,54.249339,On or near Croft Hill,E01033066,Hambleton 007E,Burglary,Under investigation,
8c7ecc97d199c2c29aabe8de396cad7ebd1f1e5b712035ff897e0a6444230c30,2019-03,North Yorkshire Police,North Yorkshire Police,-1.525823,54.259521,On or near Church Wind,E01033066,Hambleton 007E,Violence and sexual offences,Under investigation,
f00ffc7c713a93ba9d21f95d9f5a1369d3c636e4b505d925ed3b02d1d444e5be,2019-03,North Yorkshire Police,North Yorkshire Police,-1.521222,54.292270,On or near Beech Close,E01033066,Hambleton 007E,Violence and sexual offences,Under investigation,
58400fded65577299b623ba1d4bf73a9e285ba0c950a965caaf8443a41632e3a,2019-03,North Yorkshire Police,North Yorkshire Police,-1.517752,54.293416,On or near Laurel Close,E01033066,Hambleton 007E,Violence and sexual offences,Under investigation,
,2019-03,North Yorkshire Police,North Yorkshire Police,-1.342299,54.231643,On or near Chapel Street,E01027620,Hambleton 008A,Anti-social behaviour,,
,2019-03,North Yorkshire Police,North Yorkshire Police,-1.341657,54.226697,On or near Silver Street,E01027620,Hambleton 008A,Anti-social behaviour,,
fd1b39ac634f19837380a446ab5984e8b2bd99464788d34a654979cc608be6f9,2019-03,North Yorkshire Police,North Yorkshire Police,-1.338494,54.224037,On or near Front Street,E01027620,Hambleton 008A,Other theft,Under investigation,
260ec78f8f730de005818ca02d7f2376501828c5c989cb8164820a76dd9b8238,2019-03,North Yorkshire Police,North Yorkshire Police,-1.341657,54.226697,On or near Silver Street,E01027620,Hambleton 008A,Other theft,Under investigation,
7502cf88e368ad850c4e9aaa4704503edb483240f9158a00015a844ab26412c8,2019-03,North Yorkshire Police,North Yorkshire Police,-1.341657,54.226697,On or near Silver Street,E01027620,Hambleton 008A,Other theft,Under investigation,
acf4596c875f496ce341cb2ff0acf1cdcb36a18241fecddc9d7dde460fdfc181,2019-03,North Yorkshire Police,North Yorkshire Police,-1.347593,54.230629,On or near Supermarket,E01027620,Hambleton 008A,Shoplifting,Under investigation,
ef8913568a5a5b965f27d70d1b536537f9dd5089b146bb49a5404028cabc0ee8,2019-03,North Yorkshire Police,North Yorkshire Police,-1.332533,54.223680,On or near Blakey Lane,E01027620,Hambleton 008A,Vehicle crime,Investigation complete; no suspect identified,
,2019-03,North Yorkshire Police,North Yorkshire Police,-1.342603,54.233802,On or near Parking Area,E01027630,Hambleton 008B,Anti-social behaviour,,
,2019-03,North Yorkshire Police,North Yorkshire Police,-1.344360,54.234243,On or near Barley'S Yard,E01027630,Hambleton 008B,Anti-social behaviour,,
,2019-03,North Yorkshire Police,North Yorkshire Police,-1.342846,54.231997,On or near Supermarket,E01027630,Hambleton 008B,Anti-social behaviour,,
,2019-03,North Yorkshire Police,North Yorkshire Police,-1.343136,54.233050,On or near Shopping Area,E01027630,Hambleton 008B,Anti-social behaviour,,
,2019-03,North Yorkshire Police,North Yorkshire Police,-1.344108,54.231716,On or near Castlegate,E01027630,Hambleton 008B,Anti-social behaviour,,
,2019-03,North Yorkshire Police,North Yorkshire Police,-1.340069,54.232997,On or near Finkle Street,E01027630,Hambleton 008B,Anti-social behaviour,,
,2019-03,North Yorkshire Police,North Yorkshire Police,-1.343136,54.233050,On or near Shopping Area,E01027630,Hambleton 008B,Anti-social behaviour,,
,2019-03,North Yorkshire Police,North Yorkshire Police,-1.342846,54.231997,On or near Supermarket,E01027630,Hambleton 008B,Anti-social behaviour,,
,2019-03,North Yorkshire Police,North Yorkshire Police,-1.344108,54.231716,On or near Castlegate,E01027630,Hambleton 008B,Anti-social behaviour,,
,2019-03,North Yorkshire Police,North Yorkshire Police,-1.343136,54.233050,On or near Shopping Area,E01027630,Hambleton 008B,Anti-social behaviour,,
,2019-03,North Yorkshire Police,North Yorkshire Police,-1.350573,54.231302,On or near Race Track,E01027630,Hambleton 008B,Anti-social behaviour,,
,2019-03,North Yorkshire Police,North Yorkshire Police,-1.350573,54.231302,On or near Race Track,E01027630,Hambleton 008B,Anti-social behaviour,,
,2019-03,North Yorkshire Police,North Yorkshire Police,-1.345604,54.231221,On or near Petrol Station,E01027630,Hambleton 008B,Anti-social behaviour,,
065a13204aec81ca2477404ea81b89789b845112799b40ab35beb0abb6045136,2019-03,North Yorkshire Police,North Yorkshire Police,-1.343416,54.239576,On or near Whitelass Close,E01027630,Hambleton 008B,Criminal damage and arson,Local resolution,
67acee90e10bb700fd83073c64147e53b6af73472e59a3067cd9cbfa2aa61ba8,2019-03,North Yorkshire Police,North Yorkshire Police,-1.341996,54.233340,On or near Millgate,E01027630,Hambleton 008B,Criminal damage and arson,Under investigation,
73cd46ea3b062ff60b52f2c030a75482e4920509463f21b22a3a562aaf454a1a,2019-03,North Yorkshire Police,North Yorkshire Police,-1.343416,54.239576,On or near Whitelass Close,E01027630,Hambleton 008B,Criminal damage and arson,Under investigation,
653f17a7107994861394e9e87e0cf5c70e0857401b644c11570957ca27324d0c,2019-03,North Yorkshire Police,North Yorkshire Police,-1.341826,54.234400,On or near Bridge Street,E01027630,Hambleton 008B,Criminal damage and arson,Investigation complete; no suspect identified,
b492fe4a37dda1f8b91ead5f446e0f84612925318a881334e0552f9d9ac41a40,2019-03,North Yorkshire Police,North Yorkshire Police,-1.343136,54.233050,On or near Shopping Area,E01027630,Hambleton 008B,Criminal damage and arson,Investigation complete; no suspect identified,
816783f82c9cedbe3b3c87e993f4b24c642b42fad8a63e13f9174c3f395ef777,2019-03,North Yorkshire Police,North Yorkshire Police,-1.350573,54.231302,On or near Race Track,E01027630,Hambleton 008B,Other theft,Unable to prosecute suspect,
1da63d9dd01659b9f481f91653fa1e41165af822984fd08a7992bd93920b4684,2019-03,North Yorkshire Police,North Yorkshire Police,-1.342208,54.232532,On or near Parking Area,E01027630,Hambleton 008B,Other theft,Under investigation,
cc77f96451fd6d6142a335fba43d1f2520468b974e248977b1cb9007f82fc61e,2019-03,North Yorkshire Police,North Yorkshire Police,-1.340648,54.232290,On or near Parking Area,E01027630,Hambleton 008B,Other theft,Under investigation,
57331da5749746b7677a56386e5f44afc834445ccf2a806ded1c35b8a889368d,2019-03,North Yorkshire Police,North Yorkshire Police,-1.345604,54.231221,On or near Petrol Station,E01027630,Hambleton 008B,Other theft,Under investigation,
d7b9d8dca49e704afe2972f65abe0b48f49b99635ef8f41971cb0dd4add314ef,2019-03,North Yorkshire Police,North Yorkshire Police,-1.342592,54.232561,On or near Market Place,E01027630,Hambleton 008B,Other theft,Investigation complete; no suspect identified,
67d8583cd4a5c0d05eeba9211cfa5a1b57f1771c9b72b95ef4b410fda7f6b05c,2019-03,North Yorkshire Police,North Yorkshire Police,-1.342846,54.231997,On or near Supermarket,E01027630,Hambleton 008B,Shoplifting,Under investigation,
8a135e1750c10e5953c387f76d452c845055d7a8772c8deb5c5cf3ea82ac5c60,2019-03,North Yorkshire Police,North Yorkshire Police,-1.342846,54.231997,On or near Supermarket,E01027630,Hambleton 008B,Shoplifting,Under investigation,
154ec8533a91787c18c59e5299f99841e133c602c9a8bc84c10480294b714ce7,2019-03,North Yorkshire Police,North Yorkshire Police,-1.342846,54.231997,On or near Supermarket,E01027630,Hambleton 008B,Shoplifting,Defendant sent to Crown Court,
f1259cd48ba4433485aa4f418904a778d4b146d24d5caafa4209a695683c578d,2019-03,North Yorkshire Police,North Yorkshire Police,-1.342208,54.232532,On or near Parking Area,E01027630,Hambleton 008B,Violence and sexual offences,Under investigation,
88fbf74b646c3d0579b0dd1f645d3d921a8ecd6001b536898194221ef6d27310,2019-03,North Yorkshire Police,North Yorkshire Police,-1.349177,54.237154,On or near Norby,E01027630,Hambleton 008B,Violence and sexual offences,Unable to prosecute suspect,
c369a1e3fadfc7e59d575b06995efc4ad1ee469b15d676e8a2a98c3cf4e53ae3,2019-03,North Yorkshire Police,North Yorkshire Police,-1.349177,54.237154,On or near Norby,E01027630,Hambleton 008B,Violence and sexual offences,Unable to prosecute suspect,
d30613cfa19001648d45ec78799ad53a2e1d384ceb22b9638b12ccaf39c81049,2019-03,North Yorkshire Police,North Yorkshire Police,-1.341268,54.234783,On or near A61,E01027630,Hambleton 008B,Violence and sexual offences,Under investigation,
,2019-03,North Yorkshire Police,North Yorkshire Police,-1.334924,54.233319,On or near Byland Avenue,E01027631,Hambleton 008C,Anti-social behaviour,,
,2019-03,North Yorkshire Police,North Yorkshire Police,-1.340939,54.236147,On or near Petrol Station,E01027631,Hambleton 008C,Anti-social behaviour,,
,2019-03,North Yorkshire Police,North Yorkshire Police,-1.334537,54.240220,On or near Allerdale Close,E01027631,Hambleton 008C,Anti-social behaviour,,
960db2f51892ad40ab9a0c1b866300579046f1745b495d9b480f511dec4e4835,2019-03,North Yorkshire Police,North Yorkshire Police,-1.338051,54.235431,On or near Old Mill Row,E01027631,Hambleton 008C,Violence and sexual offences,Under investigation,
f5a3fbdf82c724a9fdb493a2df211a529a80175ebefe53056e7ca386dee452e6,2019-03,North Yorkshire Police,North Yorkshire Police,-1.337324,54.235804,On or near Rymer Way,E01027631,Hambleton 008C,Violence and sexual offences,Under investigation,
4e78752a02934c0d6438cbd634f0e312f0b2d38c611c2a076b7fa115a2fd61f9,2019-03,North Yorkshire Police,North Yorkshire Police,-1.331458,54.238028,On or near Faven Field Road,E01027631,Hambleton 008C,Violence and sexual offences,Under investigation,
832ab770c1c1f2b940eed17a717d1440cf08f11e5411043bbb583ee376028fca,2019-03,North Yorkshire Police,North Yorkshire Police,-1.404212,54.219050,On or near Coney Garth Lane,E01027632,Hambleton 008D,Burglary,Under investigation,
ffd3eac9c65cf2f715f628fef995e05aa0aba1f2db5d8d8bba7122d88aa109c0,2019-03,North Yorkshire Police,North Yorkshire Police,-1.384238,54.227721,On or near Sports/Recreation Area,E01027632,Hambleton 008D,Criminal damage and arson,Investigation complete; no suspect identified,
6aab390f2109bf78eea18aac9cc2f8c940cdfb3f33119ca0427fc92b3256236a,2019-03,North Yorkshire Police,North Yorkshire Police,-1.338807,54.283131,On or near Swan Lane,E01027637,Hambleton 008E,Burglary,Investigation complete; no suspect identified,
0360ace4a8c174d26e53f2f6fd821fb9b9ea8e7c62f582ad02db7063fcf6560e,2019-03,North Yorkshire Police,North Yorkshire Police,-1.343212,54.300762,On or near Bedlam Hill,E01027637,Hambleton 008E,Burglary,Under investigation,
9b1174449a0ad022e6f8ff65b97640ae3d8451ceedf626b5f576b6b663aeb832,2019-03,North Yorkshire Police,North Yorkshire Police,-1.299762,54.302171,On or near Fore Lane,E01027637,Hambleton 008E,Other crime,Action to be taken by another organisation,
,2019-03,North Yorkshire Police,North Yorkshire Police,-1.327835,54.227726,On or near Bankside Close,E01027621,Hambleton 009A,Anti-social behaviour,,
402eb6f10e804d14c948f1f171217c67d95cc8a7a57a34cde8227fe216f3a53b,2019-03,North Yorkshire Police,North Yorkshire Police,-1.341922,54.227390,On or near The Close,E01027621,Hambleton 009A,Criminal damage and arson,Unable to prosecute suspect,
46833ae04e3d0af010f09d5c0dd251dd4791c1f4675fc6424a1eb07ae785446f,2019-03,North Yorkshire Police,North Yorkshire Police,-1.351989,54.219275,On or near Topcliffe Road,E01027621,Hambleton 009A,Violence and sexual offences,Under investigation,
e104b9cc49230d5b5503305653b558549918ec9b3074d0c490191f3fbafb0002,2019-03,North Yorkshire Police,North Yorkshire Police,-1.346295,54.222453,On or near School Garth,E01027621,Hambleton 009A,Violence and sexual offences,Under investigation,
48eec6748e11f623131d80af3b8dd542a071ee7f13b3c9e4b961b8849fb44186,2019-03,North Yorkshire Police,North Yorkshire Police,-1.350123,54.224792,On or near Saxty Way,E01027621,Hambleton 009A,Violence and sexual offences,Under investigation,
42f60fa667996e5b5bfcfed4ae80659c0847dfc6687815233c4985875b126c84,2019-03,North Yorkshire Police,North Yorkshire Police,-1.356577,54.227972,On or near Lochranza Road,E01027621,Hambleton 009A,Violence and sexual offences,Unable to prosecute suspect,
157e444207e772b0e2b45d03cd051df1308c5b5063b9793da9de71670892fdbb,2019-03,North Yorkshire Police,North Yorkshire Police,-1.346295,54.222453,On or near School Garth,E01027621,Hambleton 009A,Violence and sexual offences,Unable to prosecute suspect,
89d98a709a6da0b5f56cc8bb7171484abd2eeaa5be4fdb992c4d1acb3a7cc6bc,2019-03,North Yorkshire Police,North Yorkshire Police,-1.340132,54.223264,On or near Back Lane,E01027621,Hambleton 009A,Violence and sexual offences,Under investigation,
a1353330b43b5cfa22b1d970c8cf4f46719e45e644afa5ae045a4ac636aefdbf,2019-03,North Yorkshire Police,North Yorkshire Police,-1.314787,54.207916,On or near Moor End Lane,E01027621,Hambleton 009A,Violence and sexual offences,Under investigation,
e75dfa94c69be1a26bf91c607c2f89135a214566e5a38eb074f4bcc7a0126447,2019-03,North Yorkshire Police,North Yorkshire Police,-1.356584,54.228557,On or near The Dialstone,E01027621,Hambleton 009A,Violence and sexual offences,Under investigation,
cc8fa96bbbc147663785e4467e337b75d1a6546236eff4a9d35afb867bff350c,2019-03,North Yorkshire Police,North Yorkshire Police,-1.344107,54.223061,On or near King'S Gardens,E01027621,Hambleton 009A,Violence and sexual offences,Under investigation,
72149e397731ed4f735ac2b3b16e4d55588cc0430546d9e8b34c29aee356d7f3,2019-03,North Yorkshire Police,North Yorkshire Police,-1.344107,54.223061,On or near King'S Gardens,E01027621,Hambleton 009A,Violence and sexual offences,Under investigation,
,2019-03,North Yorkshire Police,North Yorkshire Police,-1.336706,54.235100,On or near Sutton Court,E01027629,Hambleton 009B,Anti-social behaviour,,
,2019-03,North Yorkshire Police,North Yorkshire Police,-1.336706,54.235100,On or near Sutton Court,E01027629,Hambleton 009B,Anti-social behaviour,,
,2019-03,North Yorkshire Police,North Yorkshire Police,-1.330332,54.235541,On or near Hambleton Avenue,E01027629,Hambleton 009B,Anti-social behaviour,,
,2019-03,North Yorkshire Police,North Yorkshire Police,-1.327745,54.236111,On or near South Dowber Lane,E01027629,Hambleton 009B,Anti-social behaviour,,
35d98aff9a6d2914edf63f914f9485e8e3f1d675c8422c2b36f2dcfd5c2b012b,2019-03,North Yorkshire Police,North Yorkshire Police,-1.332277,54.236684,On or near Tranmire Close,E01027629,Hambleton 009B,Criminal damage and arson,Investigation complete; no suspect identified,
4cca342894c55893737b285ed9c965ae60f6bc51e1faa740c035d231350d7e1e,2019-03,North Yorkshire Police,North Yorkshire Police,-1.328617,54.235342,On or near Newlands Court,E01027629,Hambleton 009B,Other theft,Under investigation,
7312a34367f02da24d7f734b1f56e00cb8c9ae11cf6e6e76ca94e66aa6fa3114,2019-03,North Yorkshire Police,North Yorkshire Police,-1.328617,54.235342,On or near Newlands Court,E01027629,Hambleton 009B,Vehicle crime,Under investigation,
2ab75b3410b20da5f10eaee6b02d55c6afdb1fc5e4495e2f354c0f6cbc9abe84,2019-03,North Yorkshire Police,North Yorkshire Police,-1.329327,54.235059,On or near Hambleton View,E01027629,Hambleton 009B,Violence and sexual offences,Unable to prosecute suspect,
e10564db29687edde52ebaf1b56740cb41f19e61e2065aee5d84926fc5af80f7,2019-03,North Yorkshire Police,North Yorkshire Police,-1.329327,54.235059,On or near Hambleton View,E01027629,Hambleton 009B,Violence and sexual offences,Unable to prosecute suspect,
,2019-03,North Yorkshire Police,North Yorkshire Police,-1.387585,54.178748,On or near Front Street,E01027635,Hambleton 009C,Anti-social behaviour,,
c6e0edf799d6460a177c05762c7c45c50170f2c59781548a92830f0314489590,2019-03,North Yorkshire Police,North Yorkshire Police,-1.341327,54.179915,On or near Pit Ings Lane,E01027635,Hambleton 009C,Burglary,Under investigation,
cdcb2cacb6e6c7d4b9c75158aecffe0761b65c81380628c5bc5ddc5873f653fc,2019-03,North Yorkshire Police,North Yorkshire Police,-1.360834,54.181781,On or near Dalton Lane,E01027635,Hambleton 009C,Other theft,Under investigation,
4a2a9faeec317571196ae29437809546b83bfdeb9d8bde2b08c1d289b0b2d9a7,2019-03,North Yorkshire Police,North Yorkshire Police,-1.400992,54.204169,On or near Orr Crescent,E01027635,Hambleton 009C,Violence and sexual offences,Under investigation,
49722b6bec3eb7dc09c8b4bb2ee0f0781e46c4a687338007f9becfb3e783e19b,2019-03,North Yorkshire Police,North Yorkshire Police,-1.280402,54.176744,On or near Church Lane,E01027635,Hambleton 009C,Violence and sexual offences,Under investigation,
4dd84bcfecc20ffa86dd4421c34d7d5f00edd5632576c541d61415b3de2397c1,2019-03,North Yorkshire Police,North Yorkshire Police,-1.383542,54.176570,On or near Winn Lane,E01027635,Hambleton 009C,Violence and sexual offences,Under investigation,
a7d19ced298e079d0fc572a70d2b28a143d40c2de51d0963ec80fdd8453fc6c3,2019-03,North Yorkshire Police,North Yorkshire Police,-1.384084,54.179269,On or near East Lea,E01027635,Hambleton 009C,Violence and sexual offences,Under investigation,
a0480310721951dc60b94a8a02243bc182fa03b483ec27eb9717dfe65a8766a2,2019-03,North Yorkshire Police,North Yorkshire Police,-1.222728,54.169816,On or near Ings Lane,E01027636,Hambleton 009D,Public order,Under investigation,
,2019-03,North Yorkshire Police,North Yorkshire Police,-1.190147,54.117976,On or near Conroy Close,E01027594,Hambleton 010A,Anti-social behaviour,,
a5ba683b5c9c6654ff4fdedf15cf70caa0c7063edfcaaf9ac268724e66c0fdd6,2019-03,North Yorkshire Police,North Yorkshire Police,-1.190147,54.117976,On or near Conroy Close,E01027594,Hambleton 010A,Shoplifting,Under investigation,
b2e4dfa0606e7141032c4457ec76e85ed28ff226ebc60c22d9cd8f144914d251,2019-03,North Yorkshire Police,North Yorkshire Police,-1.184995,54.117797,On or near Leasmires Avenue,E01027594,Hambleton 010A,Violence and sexual offences,Unable to prosecute suspect,
353a0ba1f7fc6767c8944daba712b905d82b6533574a3d12b7ad4016725eb75a,2019-03,North Yorkshire Police,North Yorkshire Police,-1.189202,54.116226,On or near Hambleton Close,E01027594,Hambleton 010A,Violence and sexual offences,Under investigation,
,2019-03,North Yorkshire Police,North Yorkshire Police,-1.201411,54.120936,On or near Drovers Court,E01027595,Hambleton 010B,Anti-social behaviour,,
8f998c63ff75c477cdb1625f7a0976156e5947ba04ffb25bf30b722a6d2606ef,2019-03,North Yorkshire Police,North Yorkshire Police,-1.194830,54.115527,On or near Sports/Recreation Area,E01027595,Hambleton 010B,Violence and sexual offences,Under investigation,
ac628b733e09347028eaeda05ac97fc3083353f556c91a20e8cf483a34bcd3e8,2019-03,North Yorkshire Police,North Yorkshire Police,-1.199887,54.121429,On or near The Nurseries,E01027595,Hambleton 010B,Violence and sexual offences,Under investigation,
2647b4a6b8629dacb48cdd8f086cd1ec950a9fec2915f3190ff1767d624d01e4,2019-03,North Yorkshire Police,North Yorkshire Police,-1.194830,54.115527,On or near Sports/Recreation Area,E01027595,Hambleton 010B,Other crime,Under investigation,
,2019-03,North Yorkshire Police,North Yorkshire Police,-1.184726,54.126055,On or near Cedar Place,E01027596,Hambleton 010C,Anti-social behaviour,,
67e19644767bc28a56f7c47feafe90dc8e8d8fa08cd6de8cb1864b960996c510,2019-03,North Yorkshire Police,North Yorkshire Police,-1.185652,54.127967,On or near Lime Tree Avenue,E01027596,Hambleton 010C,Public order,Under investigation,
ac68b43e9103ef9cb8e4b9e5c27c48012a28a2e96c7714fe54da2c91f0ffda76,2019-03,North Yorkshire Police,North Yorkshire Police,-1.192579,54.121965,On or near Market Place,E01027596,Hambleton 010C,Public order,Under investigation,
75e520f17bb2cc3db368fc021b345ebf3dbd0a94ce4481bff5cb3b5231481d72,2019-03,North Yorkshire Police,North Yorkshire Police,-1.192579,54.121965,On or near Market Place,E01027596,Hambleton 010C,Violence and sexual offences,Under investigation,
0238932110760b3e5eea651d27299b7f361e6caae9a3220ac8be0796f89f9dc0,2019-03,North Yorkshire Police,North Yorkshire Police,-1.192579,54.121965,On or near Market Place,E01027596,Hambleton 010C,Violence and sexual offences,Unable to prosecute suspect,
37b4328fd4fb1620a7d7e064ebc60af974381ca9abb8c4ca85e4ba8b3a45fe09,2019-03,North Yorkshire Police,North Yorkshire Police,-1.136245,54.087977,On or near White Rose Close,E01027601,Hambleton 010D,Criminal damage and arson,Investigation complete; no suspect identified,
c0b090d63f411020856d6386268c670b3113115fc5be1ca183c2e46a7d8c00c5,2019-03,North Yorkshire Police,North Yorkshire Police,-1.098204,54.057859,On or near Goose Lane,E01027601,Hambleton 010D,Other theft,Formal action is not in the public interest,
,2019-03,North Yorkshire Police,North Yorkshire Police,-1.068309,54.129444,On or near Race Track,E01027622,Hambleton 010E,Anti-social behaviour,,
83773fb4f8f5c2af45769a7c7cccb2329be9be7b0317875bf49103b0ac353ab6,2019-03,North Yorkshire Police,North Yorkshire Police,-1.142967,54.126799,On or near West Way,E01027622,Hambleton 010E,Criminal damage and arson,Local resolution,
41340a1a59e48f21cdcf3a5ccb6c6ddca0cc85e7f2b1a7669a43c0be42588bf3,2019-03,North Yorkshire Police,North Yorkshire Police,-1.108648,54.161521,On or near Well Lane,E01027622,Hambleton 010E,Other theft,Investigation complete; no suspect identified,
a05139187328560673076bdf9dbac42f63ad01d4abf7bf46756ae3fcc00fb496,2019-03,North Yorkshire Police,North Yorkshire Police,-1.142967,54.126799,On or near West Way,E01027622,Hambleton 010E,Violence and sexual offences,Under investigation,
fe4cdb6cd7785594ccf78509cfe036159e18e80a9d7d94562dfddee2ea636f48,2019-03,North Yorkshire Police,North Yorkshire Police,-1.113600,54.103218,On or near High Street,E01027622,Hambleton 010E,Violence and sexual offences,Unable to prosecute suspect,
47fd238a29fea4e6a740115f02727facf5be0b87930f100217ebadf6b2cf3939,2019-03,North Yorkshire Police,North Yorkshire Police,-1.331181,54.145904,On or near Fawdington Road,E01027600,Hambleton 011A,Criminal damage and arson,Investigation complete; no suspect identified,
b5603b4d6f05fdb2830a1e70a3db69cda389927f3e5699725fe90752f304c57f,2019-03,North Yorkshire Police,North Yorkshire Police,-1.331181,54.145904,On or near Fawdington Road,E01027600,Hambleton 011A,Criminal damage and arson,Investigation complete; no suspect identified,
00c1d2ac0cc5ffe907eb0e9f1d4f3b79b685e0df06568348e0b4f28efa647d9b,2019-03,North Yorkshire Police,North Yorkshire Police,-1.330134,54.125451,On or near Fox Garth,E01027600,Hambleton 011A,Drugs,Under investigation,
7fb78a3ac46a9c3932b9a9b9b8db2b9fe7b90a40a0fa85054b523b60c7734f6d,2019-03,North Yorkshire Police,North Yorkshire Police,-1.333811,54.092675,On or near Ox Close Lane,E01027600,Hambleton 011A,Other theft,Investigation complete; no suspect identified,
2d505fc867c86d9dc97df309c5b71f12953210ffa9fd72c607f76476cfa737d9,2019-03,North Yorkshire Police,North Yorkshire Police,-1.333811,54.092675,On or near Ox Close Lane,E01027600,Hambleton 011A,Violence and sexual offences,Under investigation,
cc9bd586af0c50f693e67b5338242b521ee9a6e274ee96c692764d80fbb1f98c,2019-03,North Yorkshire Police,North Yorkshire Police,-1.251640,54.171095,On or near Parking Area,E01027600,Hambleton 011A,Violence and sexual offences,Under investigation,
,2019-03,North Yorkshire Police,North Yorkshire Police,-1.155436,54.022952,On or near The Old Orchard,E01027619,Hambleton 011B,Anti-social behaviour,,
,2019-03,North Yorkshire Police,North Yorkshire Police,-1.155436,54.022952,On or near The Old Orchard,E01027619,Hambleton 011B,Anti-social behaviour,,
f0948a393d2cf65d8b9c6b7d687b78ead164ec609a4d4a49b7ee7c0124d3ff6c,2019-03,North Yorkshire Police,North Yorkshire Police,-1.157851,54.036396,On or near Ambler'S Lane,E01027619,Hambleton 011B,Other theft,Under investigation,
50d6790651bd02af02338208b4575d22710541e118d58de7e65fb4d50afe7eb4,2019-03,North Yorkshire Police,North Yorkshire Police,-1.154135,54.018628,On or near Saxon Vale,E01027619,Hambleton 011B,Other crime,Under investigation,
,2019-03,North Yorkshire Police,North Yorkshire Police,-1.195223,54.074689,On or near A19,E01027634,Hambleton 011C,Anti-social behaviour,,
f1de4f8a8214dd7e30e18c6cd54e505a12ea9f76f79f02aaeb1d09fedc7d6946,2019-03,North Yorkshire Police,North Yorkshire Police,-1.289907,54.066252,On or near Rice Lane,E01027634,Hambleton 011C,Other theft,Under investigation,
bd08a75a16b812b859a86769c1081270043e126f2eb5962b6965f90345575855,2019-03,North Yorkshire Police,North Yorkshire Police,-1.215463,54.072764,On or near Station Court,E01027634,Hambleton 011C,Violence and sexual offences,Under investigation,
56ecf0d57fe02034fc1286743785633f3decda74dea0720977af322dbb796dfb,2019-03,North Yorkshire Police,North Yorkshire Police,-1.215463,54.072764,On or near Station Court,E01027634,Hambleton 011C,Violence and sexual offences,Under investigation,
,2019-03,North Yorkshire Police,North Yorkshire Police,-1.624615,54.118119,On or near Park/Open Space,E01027666,Harrogate 001A,Anti-social behaviour,,
0d93d8900b4eb4b00787688bfbe14a6540e082532d510f8dd3b4e61e762182ec,2019-03,North Yorkshire Police,North Yorkshire Police,-1.641218,54.165452,On or near Church Street,E01027666,Harrogate 001A,Burglary,Investigation complete; no suspect identified,
7c5d5ce3732a4c3c9a17778e202de35027e049d30f1744fb74f8436e68118edc,2019-03,North Yorkshire Police,North Yorkshire Police,-1.641804,54.166784,On or near Church Bank,E01027666,Harrogate 001A,Violence and sexual offences,Unable to prosecute suspect,
2f6ea80c0941df987c2b4d5a09023bbf2e269318fc056792f1fea3c9a314084a,2019-03,North Yorkshire Police,North Yorkshire Police,-1.641804,54.166784,On or near Church Bank,E01027666,Harrogate 001A,Violence and sexual offences,Unable to prosecute suspect,
7966c406d537fdca79b898c13aec425f5570550e5e6a37d86ca34d97d2d91308,2019-03,North Yorkshire Police,North Yorkshire Police,-1.647040,54.163421,On or near Mowbray Crescent,E01027666,Harrogate 001A,Violence and sexual offences,Under investigation,
,2019-03,North Yorkshire Police,North Yorkshire Police,-1.538675,54.154561,On or near Parking Area,E01027667,Harrogate 001B,Anti-social behaviour,,
,2019-03,North Yorkshire Police,North Yorkshire Police,-1.616780,54.138199,On or near Pine Croft,E01027667,Harrogate 001B,Anti-social behaviour,,
,2019-03,North Yorkshire Police,North Yorkshire Police,-1.561369,54.189230,On or near The Shepherdies,E01027667,Harrogate 001B,Anti-social behaviour,,
dc505a9cb9c4827e0183d4311b2879a9519ebb94e477247af681799e5ec3003a,2019-03,North Yorkshire Police,North Yorkshire Police,-1.538675,54.154561,On or near Parking Area,E01027667,Harrogate 001B,Criminal damage and arson,Under investigation,
040827bbbcf9e5eb17101dd2a645c5dfa7f452e1066abeaaeb9fead37efeeac3,2019-03,North Yorkshire Police,North Yorkshire Police,-1.615162,54.134446,On or near Green Lane,E01027667,Harrogate 001B,Other crime,Under investigation,
3042791bff184ec5460906e1b3151ec8bbeeca992d90a56a2baf4cfbef25b2a1,2019-03,North Yorkshire Police,North Yorkshire Police,-1.712215,54.221796,On or near Keld Bank,E01027686,Harrogate 001D,Burglary,Unable to prosecute suspect,
fbe7c78d73fd94e245042c3c68a51c9424facc4598675c6565f53a00105ea956,2019-03,North Yorkshire Police,North Yorkshire Police,-1.782469,54.196374,On or near Pott Moor High Road,E01027686,Harrogate 001D,Criminal damage and arson,Investigation complete; no suspect identified,
6787cdead3c8d46e5dcff4d74ddf7a353f72737e682649e93da0573a2886c8ec,2019-03,North Yorkshire Police,North Yorkshire Police,-1.647907,54.180382,On or near Holmfield,E01027686,Harrogate 001D,Public order,Under investigation,
440c2e980a55aa51c8da7e864eb064da31a04e943ef7e220aa5d113e4de52aba,2019-03,North Yorkshire Police,North Yorkshire Police,-1.739811,54.247931,On or near Stark Bank Road,E01027686,Harrogate 001D,Violence and sexual offences,Under investigation,
,2019-03,North Yorkshire Police,North Yorkshire Police,-1.548679,54.138601,On or near Doublegates Avenue,E01027712,Harrogate 002A,Anti-social behaviour,,
030df225345621741479522ba8a3ad81a613ffbcc9cbdde32b683ecad3ab0750,2019-03,North Yorkshire Police,North Yorkshire Police,-1.550556,54.139148,On or near Doublegates Court,E01027712,Harrogate 002A,Burglary,Investigation complete; no suspect identified,
,2019-03,North Yorkshire Police,North Yorkshire Police,-1.523825,54.137014,On or near Fishergate,E01027713,Harrogate 002B,Anti-social behaviour,,
,2019-03,North Yorkshire Police,North Yorkshire Police,-1.523825,54.137014,On or near Fishergate,E01027713,Harrogate 002B,Anti-social behaviour,,
,2019-03,North Yorkshire Police,North Yorkshire Police,-1.536618,54.137198,On or near Aislabie Close,E01027713,Harrogate 002B,Anti-social behaviour,,
,2019-03,North Yorkshire Police,North Yorkshire Police,-1.533154,54.134929,On or near Sports/Recreation Area,E01027713,Harrogate 002B,Anti-social behaviour,,
,2019-03,North Yorkshire Police,North Yorkshire Police,-1.532899,54.139934,On or near Marlborough Grove,E01027713,Harrogate 002B,Anti-social behaviour,,
03c9f87af43485ec594752cd6ff37c30e255366bd20ab26bb23f96ede75abc97,2019-03,North Yorkshire Police,North Yorkshire Police,-1.523825,54.137014,On or near Fishergate,E01027713,Harrogate 002B,Burglary,Investigation complete; no suspect identified,
4def5530188b4cad2e237e76fb9cd37a8f2b59a0e0beb97a813f27dafa6a7826,2019-03,North Yorkshire Police,North Yorkshire Police,-1.531131,54.140601,On or near Westmount Close,E01027713,Harrogate 002B,Burglary,Investigation complete; no suspect identified,
eb3a1b830c1ed4f1cbb1ed5c5d837d1ae7c732b6e4fa48169e50a103e5564e1d,2019-03,North Yorkshire Police,North Yorkshire Police,-1.528393,54.136367,On or near Old Park Mews,E01027713,Harrogate 002B,Burglary,Investigation complete; no suspect identified,
5a81ba979c388dfb82d43bd3f6f7ce5c56e7fe77c4fccae0248057f78641cfa7,2019-03,North Yorkshire Police,North Yorkshire Police,-1.532899,54.139934,On or near Marlborough Grove,E01027713,Harrogate 002B,Burglary,Under investigation,
195085e20980f1d48a8fa8b630a03577d18707db13d7e1b5b0a49e845ac83aba,2019-03,North Yorkshire Police,North Yorkshire Police,-1.526741,54.137627,On or near Westbourne Grove,E01027713,Harrogate 002B,Criminal damage and arson,Investigation complete; no suspect identified,
96247bd3065b5ae6a5978c8f97a9f316bde5153438350d404c265c2ed588218b,2019-03,North Yorkshire Police,North Yorkshire Police,-1.531131,54.140601,On or near Westmount Close,E01027713,Harrogate 002B,Criminal damage and arson,Under investigation,
fb6dfb3081bb30818b6bea021eb79bc047b675f8274c23b484886c4d19912eaa,2019-03,North Yorkshire Police,North Yorkshire Police,-1.523825,54.137014,On or near Fishergate,E01027713,Harrogate 002B,Drugs,Offender given a drugs possession warning,
d85076ed0bfa4e6a7b6ae64b223412bbc345134651d6f4e116eb07da68656a0c,2019-03,North Yorkshire Police,North Yorkshire Police,-1.527098,54.137188,On or near Blossomgate,E01027713,Harrogate 002B,Other theft,Investigation complete; no suspect identified,
1a9b8bdb40144966afdae9ef0dd016f66f667f003f91347ea55d4ef2468b7d7a,2019-03,North Yorkshire Police,North Yorkshire Police,-1.523825,54.137014,On or near Fishergate,E01027713,Harrogate 002B,Other theft,Investigation complete; no suspect identified,
75db3c1832285b7749592053096f1b8e5a866a70cb6226b560eb8e4bbba3684d,2019-03,North Yorkshire Police,North Yorkshire Police,-1.525277,54.138538,On or near St Wilfrid'S Road,E01027713,Harrogate 002B,Public order,Under investigation,
5dcaeeb08ba08455741e5d293009da35b314c2cc6a4baa6ea7a4be714a682d0b,2019-03,North Yorkshire Police,North Yorkshire Police,-1.523825,54.137014,On or near Fishergate,E01027713,Harrogate 002B,Shoplifting,Under investigation,
0ed76e29c3715b950fccba5f0734f65b77e439ac65fc113952ffe5f75011e108,2019-03,North Yorkshire Police,North Yorkshire Police,-1.526455,54.135901,On or near Bus/Coach Station,E01027713,Harrogate 002B,Violence and sexual offences,Unable to prosecute suspect,
7042c861469209cc87ab57a517bc1efa0fb7f6a88f49bf52bf7a9435811b5d7e,2019-03,North Yorkshire Police,North Yorkshire Police,-1.527842,54.137722,On or near Parking Area,E01027713,Harrogate 002B,Violence and sexual offences,Under investigation,
cc9ac19e9bc79c3c78d8fefb44784931ae3f2b4ab647307b31685be2fba55ce6,2019-03,North Yorkshire Police,North Yorkshire Police,-1.523825,54.137014,On or near Fishergate,E01027713,Harrogate 002B,Other crime,Under investigation,
722f9524dfb4b812015766c16a91629ac9444778030bddd8333b94d4f1782bc3,2019-03,North Yorkshire Police,North Yorkshire Police,-1.536618,54.137198,On or near Aislabie Close,E01027713,Harrogate 002B,Other crime,Further investigation is not in the public interest,
2309b27432d4430f2fdcd8322fed4bec2ed082ff725058e208a1ea8ea1954533,2019-03,North Yorkshire Police,North Yorkshire Police,-1.523825,54.137014,On or near Fishergate,E01027713,Harrogate 002B,Other crime,Under investigation,
291f1c1ec484bd54d56495ee255de77c86d5de27a47a829db586af84cce38764,2019-03,North Yorkshire Police,North Yorkshire Police,-1.523825,54.137014,On or near Fishergate,E01027713,Harrogate 002B,Other crime,Under investigation,
,2019-03,North Yorkshire Police,North Yorkshire Police,-1.531171,54.142498,On or near Fennel Grove,E01027714,Harrogate 002C,Anti-social behaviour,,
,2019-03,North Yorkshire Police,North Yorkshire Police,-1.531171,54.142498,On or near Fennel Grove,E01027714,Harrogate 002C,Anti-social behaviour,,
,2019-03,North Yorkshire Police,North Yorkshire Police,-1.531171,54.142498,On or near Fennel Grove,E01027714,Harrogate 002C,Anti-social behaviour,,
,2019-03,North Yorkshire Police,North Yorkshire Police,-1.531171,54.142498,On or near Fennel Grove,E01027714,Harrogate 002C,Anti-social behaviour,,
4be965e7a47fb80e9eb2041f66e841649cb49082b30ba426ed74c0a2004537f6,2019-03,North Yorkshire Police,North Yorkshire Police,-1.531841,54.146886,On or near Red Hills Road,E01027714,Harrogate 002C,Criminal damage and arson,Unable to prosecute suspect,
4ceff0b5f9bbd7d6fb7d28967c65acf6b6016e2439be501ea3df115b7fe2b2fd,2019-03,North Yorkshire Police,North Yorkshire Police,-1.522941,54.142007,On or near Tower Court,E01027714,Harrogate 002C,Violence and sexual offences,Unable to prosecute suspect,
3e550fc1ce0540211fec7922ee645b18d1524ef86c380c506616cb50bca6b810,2019-03,North Yorkshire Police,North Yorkshire Police,-1.522941,54.142007,On or near Tower Court,E01027714,Harrogate 002C,Violence and sexual offences,Unable to prosecute suspect,
90ba81a8237a8da8b5f998d706f47a76642a16768f00a40108fef9c659292cec,2019-03,North Yorkshire Police,North Yorkshire Police,-1.546854,54.140383,On or near Williams Road,E01027715,Harrogate 002D,Other theft,Under investigation,
,2019-03,North Yorkshire Police,North Yorkshire Police,-1.550516,54.090480,On or near Horse Mill Lane,E01027643,Harrogate 003A,Anti-social behaviour,,
,2019-03,North Yorkshire Police,North Yorkshire Police,-1.526558,54.120083,On or near Parking Area,E01027643,Harrogate 003A,Anti-social behaviour,,
02510f5a0c08316f65322c130f353761e57caeb91a8405c1a5a3bda11042ca9e,2019-03,North Yorkshire Police,North Yorkshire Police,-1.432030,54.121822,On or near Anthony Lane,E01027688,Harrogate 003B,Criminal damage and arson,Investigation complete; no suspect identified,
9908d14ae35145e1004bc88481ecce83eb9a93bfd3cf0639b3a5220b125085e8,2019-03,North Yorkshire Police,North Yorkshire Police,-1.438874,54.128245,On or near Cover Lane,E01027688,Harrogate 003B,Criminal damage and arson,Under investigation,
4bd8cdb5adede4a64cff0c26a8b90047fd305601901f80a5882c41d419cb8b2b,2019-03,North Yorkshire Police,North Yorkshire Police,-1.446170,54.121637,On or near Blea Pit Lane,E01027688,Harrogate 003B,Criminal damage and arson,Under investigation,
5d1a655e9dd4a7e725fa40dfcc9b5eeace47f8dc0eb196bd6c76c49261099b04,2019-03,North Yorkshire Police,North Yorkshire Police,-1.481247,54.136766,On or near Back Lane,E01027688,Harrogate 003B,Vehicle crime,Investigation complete; no suspect identified,
07da274c6a5ec930720fcf6794fd65f1ff5878b31f4216eb7ef91eba1b12a149,2019-03,North Yorkshire Police,North Yorkshire Police,-1.481247,54.136766,On or near Back Lane,E01027688,Harrogate 003B,Vehicle crime,Investigation complete; no suspect identified,
cbabdf69dda01face9f5ef92b8d5c35504d5eba06580b77935ddec51cbacf72f,2019-03,North Yorkshire Police,North Yorkshire Police,-1.481247,54.136766,On or near Back Lane,E01027688,Harrogate 003B,Vehicle crime,Under investigation,
,2019-03,North Yorkshire Police,North Yorkshire Police,-1.507897,54.188188,On or near Norton Close,E01027736,Harrogate 003C,Anti-social behaviour,,
,2019-03,North Yorkshire Police,North Yorkshire Police,-1.498422,54.153133,On or near Smith Lane,E01027736,Harrogate 003C,Anti-social behaviour,,
11cfaaeff91174358bd9afda2ee95ffe1eb10c671c659ca6d02e5a957a6ec058,2019-03,North Yorkshire Police,North Yorkshire Police,-1.446389,54.187849,On or near Wide Howe Lane,E01027736,Harrogate 003C,Burglary,Investigation complete; no suspect identified,
1c7bce12435f39b559ea8f1b388cfccaaf2c8356a33a953bab35e11c5352b5fc,2019-03,North Yorkshire Police,North Yorkshire Police,-1.446389,54.187849,On or near Wide Howe Lane,E01027736,Harrogate 003C,Burglary,Under investigation,
f6a744f8d9823577aa53733fbaad293eb99f623a93d447240b418c1376f31f83,2019-03,North Yorkshire Police,North Yorkshire Police,-1.493466,54.197888,On or near Holmebeck Lane,E01027736,Harrogate 003C,Violence and sexual offences,Further investigation is not in the public interest,
89060ef251cc263b88ff28b8d02d52d9c43779c48a14f68beb29245458f1f247,2019-03,North Yorkshire Police,North Yorkshire Police,-1.507897,54.188188,On or near Norton Close,E01027736,Harrogate 003C,Violence and sexual offences,Unable to prosecute suspect,
21461f807c40aa4743aaa89c908f0e53e2bda58a769413977a4151756daefebd,2019-03,North Yorkshire Police,North Yorkshire Police,-1.498422,54.153133,On or near Smith Lane,E01027736,Harrogate 003C,Violence and sexual offences,Under investigation,
986d92afc34c7519af5e443a46c5e3cbc32403c8d1faba541f1bb8f6b8fbf94e,2019-03,North Yorkshire Police,North Yorkshire Police,-1.418294,54.152171,On or near Back Lane,E01027737,Harrogate 003D,Burglary,Under investigation,
9f1f0ae2e46aa15e6b59ef17e3ccb801626b5dff76156e15ab8cb8b678ae7b0f,2019-03,North Yorkshire Police,North Yorkshire Police,-1.409271,54.138538,On or near Park/Open Space,E01027737,Harrogate 003D,Criminal damage and arson,Investigation complete; no suspect identified,
4c500b269ce33ffa74fe2d846fdc43d34a59f4dcb1a985380e4260efda6b3008,2019-03,North Yorkshire Police,North Yorkshire Police,-1.402489,54.132231,On or near Heyford Road,E01027737,Harrogate 003D,Violence and sexual offences,Unable to prosecute suspect,
97c621960012a1bb01579d8c7a964c51e78b00f6bb6d66c74d2ef6c2146b3036,2019-03,North Yorkshire Police,North Yorkshire Police,-1.416270,54.153437,On or near Gables Court,E01027737,Harrogate 003D,Violence and sexual offences,Under investigation,
617871adda03f384b586e3e1f87571629b12d2cb39af3f13616be4016e94ecdc,2019-03,North Yorkshire Police,North Yorkshire Police,-1.354906,54.151102,On or near Church Lane,E01027737,Harrogate 003D,Violence and sexual offences,Unable to prosecute suspect,
,2019-03,North Yorkshire Police,North Yorkshire Police,-1.519866,54.139191,On or near Princess Close,E01027705,Harrogate 004A,Anti-social behaviour,,
,2019-03,North Yorkshire Police,North Yorkshire Police,-1.523002,54.140659,On or near Police Station,E01027705,Harrogate 004A,Anti-social behaviour,,
f1e4a0a54682651384f9269ec985c74f4eca09c4e9724e3f3f580637677be896,2019-03,North Yorkshire Police,North Yorkshire Police,-1.518674,54.136409,On or near St Marygate,E01027705,Harrogate 004A,Drugs,Under investigation,
773673066e9488adbc80e22819fe1e29579f33f6ab1f72fa5dee6f434b307e09,2019-03,North Yorkshire Police,North Yorkshire Police,-1.518674,54.136409,On or near St Marygate,E01027705,Harrogate 004A,Other theft,Under investigation,
9f33cff2ea50484402f917be6ca9340dbb66b5efadca56b2fe490772c908d13c,2019-03,North Yorkshire Police,North Yorkshire Police,-1.519813,54.139802,On or near The Orchards,E01027705,Harrogate 004A,Public order,Unable to prosecute suspect,
0628a692f26c7d7180c1711d9cbee9b3d7c431576b5c3f42d3042289ac50f666,2019-03,North Yorkshire Police,North Yorkshire Police,-1.518674,54.136409,On or near St Marygate,E01027705,Harrogate 004A,Public order,Awaiting court outcome,
75e9b1471cff2440d372d217c2e4e8e85044cc3fc72a111497bcdf5ad9ff4871,2019-03,North Yorkshire Police,North Yorkshire Police,-1.519866,54.139191,On or near Princess Close,E01027705,Harrogate 004A,Shoplifting,Unable to prosecute suspect,
1cce29ab76b79878e1dec7dbf1011cd3b6751ff1e04c72e2e2f2670b5b79bba6,2019-03,North Yorkshire Police,North Yorkshire Police,-1.519866,54.139191,On or near Princess Close,E01027705,Harrogate 004A,Violence and sexual offences,Under investigation,
27fa260244d3fb1921408463ed735c679565cb9c753df4a888552d01bbd7cbb0,2019-03,North Yorkshire Police,North Yorkshire Police,-1.518052,54.138591,On or near Stonebridgegate,E01027705,Harrogate 004A,Violence and sexual offences,Under investigation,
812fdfa0f3b8eb5d016835c5d45baeb166d0e9c0387196c44dd6ba4a0c222c54,2019-03,North Yorkshire Police,North Yorkshire Police,-1.517081,54.137796,On or near Lickley Street,E01027705,Harrogate 004A,Violence and sexual offences,Under investigation,
a6599b84f2c33403767c3fd80edeeb3548015abb18a0515dd8e41896d2f0c72d,2019-03,North Yorkshire Police,North Yorkshire Police,-1.519866,54.139191,On or near Princess Close,E01027705,Harrogate 004A,Violence and sexual offences,Under investigation,
eb8320fba2252a2fe9b34b6205d660c2e2f2db6f4bed137e86cd23eaf7d87b57,2019-03,North Yorkshire Police,North Yorkshire Police,-1.516195,54.141630,On or near Magdalen'S Close,E01027705,Harrogate 004A,Violence and sexual offences,Under investigation,
,2019-03,North Yorkshire Police,North Yorkshire Police,-1.521454,54.136834,On or near Bus/Coach Station,E01027706,Harrogate 004B,Anti-social behaviour,,
,2019-03,North Yorkshire Police,North Yorkshire Police,-1.520205,54.132371,On or near Bondgate Green Close,E01027706,Harrogate 004B,Anti-social behaviour,,
,2019-03,North Yorkshire Police,North Yorkshire Police,-1.521572,54.134623,On or near Bedern Bank,E01027706,Harrogate 004B,Anti-social behaviour,,
,2019-03,North Yorkshire Police,North Yorkshire Police,-1.521454,54.136834,On or near Bus/Coach Station,E01027706,Harrogate 004B,Anti-social behaviour,,
,2019-03,North Yorkshire Police,North Yorkshire Police,-1.524897,54.135607,On or near High Skellgate,E01027706,Harrogate 004B,Anti-social behaviour,,
,2019-03,North Yorkshire Police,North Yorkshire Police,-1.522809,54.136210,On or near Supermarket,E01027706,Harrogate 004B,Anti-social behaviour,,
,2019-03,North Yorkshire Police,North Yorkshire Police,-1.523999,54.135154,On or near Water Skellgate,E01027706,Harrogate 004B,Anti-social behaviour,,
,2019-03,North Yorkshire Police,North Yorkshire Police,-1.523999,54.135154,On or near Water Skellgate,E01027706,Harrogate 004B,Anti-social behaviour,,
,2019-03,North Yorkshire Police,North Yorkshire Police,-1.522415,54.134537,On or near Skellgarths,E01027706,Harrogate 004B,Anti-social behaviour,,
,2019-03,North Yorkshire Police,North Yorkshire Police,-1.523999,54.135154,On or near Water Skellgate,E01027706,Harrogate 004B,Anti-social behaviour,,
,2019-03,North Yorkshire Police,North Yorkshire Police,-1.522809,54.136210,On or near Supermarket,E01027706,Harrogate 004B,Anti-social behaviour,,
,2019-03,North Yorkshire Police,North Yorkshire Police,-1.522332,54.137754,On or near Finkle Close,E01027706,Harrogate 004B,Anti-social behaviour,,
,2019-03,North Yorkshire Police,North Yorkshire Police,-1.523771,54.135045,On or near Mallard Close,E01027706,Harrogate 004B,Anti-social behaviour,,
,2019-03,North Yorkshire Police,North Yorkshire Police,-1.520205,54.132371,On or near Bondgate Green Close,E01027706,Harrogate 004B,Anti-social behaviour,,
,2019-03,North Yorkshire Police,North Yorkshire Police,-1.523284,54.137434,On or near Old Market Place,E01027706,Harrogate 004B,Anti-social behaviour,,
,2019-03,North Yorkshire Police,North Yorkshire Police,-1.522360,54.131283,On or near Southgate Avenue,E01027706,Harrogate 004B,Anti-social behaviour,,
,2019-03,North Yorkshire Police,North Yorkshire Police,-1.520205,54.132371,On or near Bondgate Green Close,E01027706,Harrogate 004B,Anti-social behaviour,,
,2019-03,North Yorkshire Police,North Yorkshire Police,-1.522464,54.132919,On or near Waterside,E01027706,Harrogate 004B,Anti-social behaviour,,
,2019-03,North Yorkshire Police,North Yorkshire Police,-1.520205,54.132371,On or near Bondgate Green Close,E01027706,Harrogate 004B,Anti-social behaviour,,
b887fd1975aa2d43c3acc33e6f4334b8d7344091d008aa6a9a5e358b861653cf,2019-03,North Yorkshire Police,North Yorkshire Police,-1.524188,54.132036,On or near Heckler Close,E01027706,Harrogate 004B,Criminal damage and arson,Investigation complete; no suspect identified,
1ac34ece6b28d3ace2c95794df7b6d1478a7d2cf5e665123551e1c8564ba833a,2019-03,North Yorkshire Police,North Yorkshire Police,-1.521572,54.134623,On or near Bedern Bank,E01027706,Harrogate 004B,Criminal damage and arson,Investigation complete; no suspect identified,
95c12a99c6e60fa6cc2061df5626c76835dad1b8ecf124d117d56788eba39d89,2019-03,North Yorkshire Police,North Yorkshire Police,-1.523104,54.135789,On or near Kirkgate,E01027706,Harrogate 004B,Other theft,Under investigation,
34d120c26cd679c54d6c96ef20b83cd712d2f4b4ebcb6a532c1c62ccc76fc424,2019-03,North Yorkshire Police,North Yorkshire Police,-1.522789,54.135284,On or near Duck Hill,E01027706,Harrogate 004B,Public order,Under investigation,
459771afbf3c40ae63fe9eb1c2171bf642d5a7596fec44fa3bd206d2daa8dfd9,2019-03,North Yorkshire Police,North Yorkshire Police,-1.522809,54.136210,On or near Supermarket,E01027706,Harrogate 004B,Shoplifting,Under investigation,
cac1590385fdd38da6f1a8d336a5bd1c17862bf89b2a2ad43ee00fb0c0504a93,2019-03,North Yorkshire Police,North Yorkshire Police,-1.519957,54.135291,On or near Minster Road,E01027706,Harrogate 004B,Vehicle crime,Investigation complete; no suspect identified,
98a573afa505ed5e2e40d8326b9af24fce2357b376acd921a4c535d96a74a02f,2019-03,North Yorkshire Police,North Yorkshire Police,-1.520205,54.132371,On or near Bondgate Green Close,E01027706,Harrogate 004B,Violence and sexual offences,Under investigation,
8ccd7499e08740c7451422bc59d41fc085638fc1c1402a9dfaeeb33c6acc75c3,2019-03,North Yorkshire Police,North Yorkshire Police,-1.522883,54.137729,On or near Finkle Street,E01027706,Harrogate 004B,Violence and sexual offences,Under investigation,
aebfaa2395f509232486bfc6c02972d9d79d5a56ee8f51c0ea08860570a86bcc,2019-03,North Yorkshire Police,North Yorkshire Police,-1.521454,54.136834,On or near Bus/Coach Station,E01027706,Harrogate 004B,Violence and sexual offences,Under investigation,
a898f3a23d617f03054808893fbb0db7fb0d1a16a5abc4c6a0f65d7ecc4aca93,2019-03,North Yorkshire Police,North Yorkshire Police,-1.521494,54.130758,On or near Claro Road,E01027706,Harrogate 004B,Violence and sexual offences,Under investigation,
e82693f52114a4841dc7ce4881cf9a3dd7c2b6900e519e9298543e42be4c4cb1,2019-03,North Yorkshire Police,North Yorkshire Police,-1.524897,54.135607,On or near High Skellgate,E01027706,Harrogate 004B,Violence and sexual offences,Unable to prosecute suspect,
,2019-03,North Yorkshire Police,North Yorkshire Police,-1.521998,54.133456,On or near King Street,E01027707,Harrogate 004C,Anti-social behaviour,,
,2019-03,North Yorkshire Police,North Yorkshire Police,-1.517433,54.133897,On or near Agnesgate,E01027707,Harrogate 004C,Anti-social behaviour,,
,2019-03,North Yorkshire Police,North Yorkshire Police,-1.508988,54.127131,On or near Littlethorpe Road,E01027707,Harrogate 004C,Anti-social behaviour,,
,2019-03,North Yorkshire Police,North Yorkshire Police,-1.519944,54.124470,On or near Gallows Hill Drive,E01027707,Harrogate 004C,Anti-social behaviour,,
,2019-03,North Yorkshire Police,North Yorkshire Police,-1.518166,54.131338,On or near Newby Street,E01027707,Harrogate 004C,Anti-social behaviour,,
7cec5febd0b1d12da55ea1a8b79bdb461a4f1e3944eb55e779b5b922e23d06ac,2019-03,North Yorkshire Police,North Yorkshire Police,-1.520349,54.125181,On or near Gallows Hill,E01027707,Harrogate 004C,Criminal damage and arson,Investigation complete; no suspect identified,
,2019-03,North Yorkshire Police,North Yorkshire Police,-1.532848,54.121330,On or near Southfield Road,E01027708,Harrogate 004D,Anti-social behaviour,,
5eaa35514ec3e5da026740b57061ef76bfb577d6ca4960817b837c04ad17208f,2019-03,North Yorkshire Police,North Yorkshire Police,-1.532848,54.121330,On or near Southfield Road,E01027708,Harrogate 004D,Criminal damage and arson,Investigation complete; no suspect identified,
91f620dd38dff8543d7226bbba24766bbe588389c81d6217fdb5f8102026dd94,2019-03,North Yorkshire Police,North Yorkshire Police,-1.526502,54.122357,On or near Moorside View,E01027708,Harrogate 004D,Criminal damage and arson,Investigation complete; no suspect identified,
03e4eebc3de3e2985bf38fea255f264b0c88b3f9db5e45735ff075d348ff9263,2019-03,North Yorkshire Police,North Yorkshire Police,-1.524143,54.122617,On or near Petrol Station,E01027708,Harrogate 004D,Other theft,Under investigation,
70d3f169bc3cf57ca25c340cf7aa3b05b0c737d1419717ea95086cafcbca3111,2019-03,North Yorkshire Police,North Yorkshire Police,-1.524143,54.122617,On or near Petrol Station,E01027708,Harrogate 004D,Other theft,Under investigation,
173f67f496a276e90dfc56c70d6df060e788baa7c9136624523cb29ab6763c91,2019-03,North Yorkshire Police,North Yorkshire Police,-1.526573,54.121521,On or near Peckfield,E01027708,Harrogate 004D,Public order,Under investigation,
a39beba867fff263dc9dc090be6d745ca789d7b45d77b9f3fea158426ab3b6c9,2019-03,North Yorkshire Police,North Yorkshire Police,-1.526573,54.121521,On or near Peckfield,E01027708,Harrogate 004D,Public order,Under investigation,
880fe9dae6932f63405984f4de467126b3e7e80dadfe4c5f532aac47704fa4d6,2019-03,North Yorkshire Police,North Yorkshire Police,-1.524080,54.121376,On or near Supermarket,E01027708,Harrogate 004D,Shoplifting,Investigation complete; no suspect identified,
5bad38477d36bf9c80a5991a1c5f60d6ba3f3e0cf7765ca9d397e4366116de56,2019-03,North Yorkshire Police,North Yorkshire Police,-1.526573,54.121521,On or near Peckfield,E01027708,Harrogate 004D,Violence and sexual offences,Under investigation,
,2019-03,North Yorkshire Police,North Yorkshire Police,-1.531885,54.125326,On or near Lead Lane,E01027709,Harrogate 004E,Anti-social behaviour,,
,2019-03,North Yorkshire Police,North Yorkshire Police,-1.529481,54.130888,On or near Whitcliffe Avenue,E01027709,Harrogate 004E,Anti-social behaviour,,
,2019-03,North Yorkshire Police,North Yorkshire Police,-1.537984,54.125906,On or near Red Bank Drive,E01027709,Harrogate 004E,Anti-social behaviour,,
,2019-03,North Yorkshire Police,North Yorkshire Police,-1.529953,54.128410,On or near Whitcliffe Crescent,E01027709,Harrogate 004E,Anti-social behaviour,,
,2019-03,North Yorkshire Police,North Yorkshire Police,-1.529481,54.130888,On or near Whitcliffe Avenue,E01027709,Harrogate 004E,Anti-social behaviour,,
,2019-03,North Yorkshire Police,North Yorkshire Police,-1.535000,54.127234,On or near Red Bank Lane,E01027709,Harrogate 004E,Anti-social behaviour,,
5ca4cbc0438f0db8907f37f05c408fd16d649175380e57153043cfa159638d82,2019-03,North Yorkshire Police,North Yorkshire Police,-1.531885,54.125326,On or near Lead Lane,E01027709,Harrogate 004E,Criminal damage and arson,Investigation complete; no suspect identified,
121795be8e22da78269a54820b16be756fda8e8f3aa0797819381f04f1c12546,2019-03,North Yorkshire Police,North Yorkshire Police,-1.529481,54.130888,On or near Whitcliffe Avenue,E01027709,Harrogate 004E,Criminal damage and arson,Investigation complete; no suspect identified,
01b69b42c975b88e8823e9ec1492fbe069356120e678b8bc52525e8e6889306e,2019-03,North Yorkshire Police,North Yorkshire Police,-1.531885,54.125326,On or near Lead Lane,E01027709,Harrogate 004E,Violence and sexual offences,Under investigation,
830eb0d121afbb690e5ba0817c7bd9c1e0fe57af47fb0c0ea06c7079cf5a0f3b,2019-03,North Yorkshire Police,North Yorkshire Police,-1.531885,54.125326,On or near Lead Lane,E01027709,Harrogate 004E,Violence and sexual offences,Under investigation,
,2019-03,North Yorkshire Police,North Yorkshire Police,-1.525744,54.125760,On or near Kingston Avenue,E01027710,Harrogate 004F,Anti-social behaviour,,
,2019-03,North Yorkshire Police,North Yorkshire Police,-1.526969,54.126996,On or near Grove Close,E01027710,Harrogate 004F,Anti-social behaviour,,
9f31bfcad9a63c9cf540271c9036f9a3244c799372814798e1f0adce1837a99b,2019-03,North Yorkshire Police,North Yorkshire Police,-1.526969,54.126996,On or near Grove Close,E01027710,Harrogate 004F,Bicycle theft,Under investigation,
edff16d90b86ecd9b3a59085f60ecb26a2064ee699033ef57b1ec5a4d9fea1fb,2019-03,North Yorkshire Police,North Yorkshire Police,-1.530129,54.123620,On or near Supermarket,E01027710,Harrogate 004F,Shoplifting,Under investigation,
0577096f60ae81bbe317182113ef8a0fc09dab792e6f07d1ccb76184c75de3df,2019-03,North Yorkshire Police,North Yorkshire Police,-1.527144,54.130493,On or near Bluebell Close,E01027710,Harrogate 004F,Violence and sexual offences,Under investigation,
b719a4691617bc408aa9773b0bbab915c39f14339344e41a8a3824723af0c1da,2019-03,North Yorkshire Police,North Yorkshire Police,-1.532986,54.124027,On or near Oak Road,E01027710,Harrogate 004F,Violence and sexual offences,Unable to prosecute suspect,
,2019-03,North Yorkshire Police,North Yorkshire Police,-1.525621,54.127188,On or near Princess Royal Road,E01027711,Harrogate 004G,Anti-social behaviour,,
,2019-03,North Yorkshire Police,North Yorkshire Police,-1.523244,54.127583,On or near King Edward Road,E01027711,Harrogate 004G,Anti-social behaviour,,
,2019-03,North Yorkshire Police,North Yorkshire Police,-1.523396,54.129004,On or near Aismunderby Road,E01027711,Harrogate 004G,Anti-social behaviour,,
,2019-03,North Yorkshire Police,North Yorkshire Police,-1.521945,54.128810,On or near Wakeman Road,E01027711,Harrogate 004G,Anti-social behaviour,,
c15937b7d6eebe5505630ee037de16f6b77aef3d1901c5557e6f53419e28dc4d,2019-03,North Yorkshire Police,North Yorkshire Police,-1.522248,54.130375,On or near Southgate,E01027711,Harrogate 004G,Vehicle crime,Investigation complete; no suspect identified,
1a0c5e10f874682c48bb4b7bfe721812a8df73635597e82a4c28efe14b1cc225,2019-03,North Yorkshire Police,North Yorkshire Police,-1.522928,54.129829,On or near Ambrose Road,E01027711,Harrogate 004G,Violence and sexual offences,Under investigation,
c6cd8d6a568aa6c9aecb5da5ea180f43974f4c56cf9ebbe3774a4020dedfea8e,2019-03,North Yorkshire Police,North Yorkshire Police,-1.522928,54.129829,On or near Ambrose Road,E01027711,Harrogate 004G,Violence and sexual offences,Under investigation,
,2019-03,North Yorkshire Police,North Yorkshire Police,-1.395524,54.087087,On or near Hunters Row,E01027644,Harrogate 005A,Anti-social behaviour,,
,2019-03,North Yorkshire Police,North Yorkshire Police,-1.395524,54.087087,On or near Hunters Row,E01027644,Harrogate 005A,Anti-social behaviour,,
,2019-03,North Yorkshire Police,North Yorkshire Police,-1.395524,54.087087,On or near Hunters Row,E01027644,Harrogate 005A,Anti-social behaviour,,
,2019-03,North Yorkshire Police,North Yorkshire Police,-1.395524,54.087087,On or near Hunters Row,E01027644,Harrogate 005A,Anti-social behaviour,,
,2019-03,North Yorkshire Police,North Yorkshire Police,-1.395524,54.087087,On or near Hunters Row,E01027644,Harrogate 005A,Anti-social behaviour,,
,2019-03,North Yorkshire Police,North Yorkshire Police,-1.395524,54.087087,On or near Hunters Row,E01027644,Harrogate 005A,Anti-social behaviour,,
,2019-03,North Yorkshire Police,North Yorkshire Police,-1.395524,54.087087,On or near Hunters Row,E01027644,Harrogate 005A,Anti-social behaviour,,
d030abbf1c03afb3af62fba9920a7f283cd84d190b7f9276352ad538df44df93,2019-03,North Yorkshire Police,North Yorkshire Police,-1.394879,54.084145,On or near The Chase,E01027644,Harrogate 005A,Burglary,Investigation complete; no suspect identified,
9084c7f572cef2f1acabc4ab89d10bf7fcb6389239aef46e70763fe20cdfee74,2019-03,North Yorkshire Police,North Yorkshire Police,-1.395524,54.087087,On or near Hunters Row,E01027644,Harrogate 005A,Criminal damage and arson,Investigation complete; no suspect identified,
05405519da2c3ef4b61ea5078282d5be65527f11639dc98a02ab16841a012849,2019-03,North Yorkshire Police,North Yorkshire Police,-1.395524,54.087087,On or near Hunters Row,E01027644,Harrogate 005A,Criminal damage and arson,Investigation complete; no suspect identified,
1d19db95bd282747c89d8b8d82ba5806d45981c02537f04f8e0ece4a8734ee27,2019-03,North Yorkshire Police,North Yorkshire Police,-1.397975,54.085715,On or near Petrol Station,E01027644,Harrogate 005A,Other theft,Local resolution,
cc206bdecdc4194c7b9ec4080efc0b6f62b2ed55bf6e19302816687de1c940e6,2019-03,North Yorkshire Police,North Yorkshire Police,-1.397975,54.085715,On or near Petrol Station,E01027644,Harrogate 005A,Other theft,Local resolution,
4f75a8372396032a50c0c0dbb2367ca38c582081dd33232e2ce4d49ba56e56c9,2019-03,North Yorkshire Police,North Yorkshire Police,-1.390522,54.091448,On or near Springfield Grove,E01027644,Harrogate 005A,Other theft,Unable to prosecute suspect,
8d0f873db91e018abf864c4c3d97f16ea8ce43eeacc94c9a9973078ba7fd3506,2019-03,North Yorkshire Police,North Yorkshire Police,-1.397975,54.085715,On or near Petrol Station,E01027644,Harrogate 005A,Other theft,Investigation complete; no suspect identified,
20d39406219dbedb1d80f9954aa2b3592cba332c89fec2534119012e378b440b,2019-03,North Yorkshire Police,North Yorkshire Police,-1.397975,54.085715,On or near Petrol Station,E01027644,Harrogate 005A,Other theft,Under investigation,
f0eacef436535a661e289b7600c51a7b32a11d202f1dcfead12d8185da30b7ed,2019-03,North Yorkshire Police,North Yorkshire Police,-1.397975,54.085715,On or near Petrol Station,E01027644,Harrogate 005A,Other theft,Under investigation,
17b9c956021bfeaf626c9b2e152d36b2f9178a157b35b4f199f08decc9d3bdb8,2019-03,North Yorkshire Police,North Yorkshire Police,-1.397975,54.085715,On or near Petrol Station,E01027644,Harrogate 005A,Other theft,Local resolution,
0f38f1a4798acd3f722462bc2e4624dc94eb4148e38cf41201beddfcc70e6df5,2019-03,North Yorkshire Police,North Yorkshire Police,-1.399231,54.086611,On or near Abel Close,E01027644,Harrogate 005A,Shoplifting,Investigation complete; no suspect identified,
52425ac60d324b96778176976c527567b12f74ab7eab10ecb4752d2915249f2c,2019-03,North Yorkshire Police,North Yorkshire Police,-1.397975,54.085715,On or near Petrol Station,E01027644,Harrogate 005A,Theft from the person,Investigation complete; no suspect identified,
14be2e7dd0aca42c5c991165a77a22ff611f87eee33afcd3c761be10f15cc426,2019-03,North Yorkshire Police,North Yorkshire Police,-1.397975,54.085715,On or near Petrol Station,E01027644,Harrogate 005A,Vehicle crime,Under investigation,
992da7b4448a4cca9f3aee1bafbfd637c9fe929846f393b89ca6c3e03e3a60be,2019-03,North Yorkshire Police,North Yorkshire Police,-1.395524,54.087087,On or near Hunters Row,E01027644,Harrogate 005A,Violence and sexual offences,Unable to prosecute suspect,
91da19bc73a5d99c52d436f43a89a5829df32e0f1302e66d7ca5557c78151bc6,2019-03,North Yorkshire Police,North Yorkshire Police,-1.395524,54.087087,On or near Hunters Row,E01027644,Harrogate 005A,Violence and sexual offences,Formal action is not in the public interest,
bbc9547e4d81dc8cdcab03a7602a9d2c0c7366293b831f7c20d697870800a4af,2019-03,North Yorkshire Police,North Yorkshire Police,-1.395524,54.087087,On or near Hunters Row,E01027644,Harrogate 005A,Violence and sexual offences,Under investigation,
281d1eb592375f27107794cd64de1a24c17db0b88cbf3c2913668232ea06fe69,2019-03,North Yorkshire Police,North Yorkshire Police,-1.395410,54.083402,On or near Wetherby Road,E01027644,Harrogate 005A,Violence and sexual offences,Unable to prosecute suspect,
,2019-03,North Yorkshire Police,North Yorkshire Police,-1.396294,54.092007,On or near New Row,E01027645,Harrogate 005B,Anti-social behaviour,,
,2019-03,North Yorkshire Police,North Yorkshire Police,-1.395590,54.094134,On or near High Street,E01027645,Harrogate 005B,Anti-social behaviour,,
,2019-03,North Yorkshire Police,North Yorkshire Police,-1.396294,54.092007,On or near New Row,E01027645,Harrogate 005B,Anti-social behaviour,,
a51587539d1e0df7669a0b1e18f46d11d218a00bad54d75fff2034671a87e33d,2019-03,North Yorkshire Police,North Yorkshire Police,-1.396294,54.092007,On or near New Row,E01027645,Harrogate 005B,Criminal damage and arson,Under investigation,
5a6f6fcb2337e52631dfd9c953643c4d5ed11af8be09e8be078ae80ca47ad6a5,2019-03,North Yorkshire Police,North Yorkshire Police,-1.390365,54.093865,On or near Sports/Recreation Area,E01027645,Harrogate 005B,Criminal damage and arson,Investigation complete; no suspect identified,
556b86b6987cbd80fae1c3dab0f75f2ebb4da3a0e83d7a37a1144b09d967d826,2019-03,North Yorkshire Police,North Yorkshire Police,-1.390365,54.093865,On or near Sports/Recreation Area,E01027645,Harrogate 005B,Other theft,Under investigation,
5089899b0f911a2bb571b29968e1bd0af3b9ddc23984a22b0520c7f2037c9c21,2019-03,North Yorkshire Police,North Yorkshire Police,-1.396294,54.092007,On or near New Row,E01027645,Harrogate 005B,Other theft,Unable to prosecute suspect,
0b311a7449cc6d44ce342dfeae8dde5f1d3ceac1e4ef38eb5cfd1e0a742ede0f,2019-03,North Yorkshire Police,North Yorkshire Police,-1.395590,54.094134,On or near High Street,E01027645,Harrogate 005B,Public order,Under investigation,
0aea55499146acac2e00907532a7a79d3d2a2e0478ced774f57894796625a203,2019-03,North Yorkshire Police,North Yorkshire Police,-1.395983,54.096535,On or near Horsefair,E01027645,Harrogate 005B,Public order,Under investigation,
f6eae14d2d423974fd53f145eba176fa021251f4d8aa48a89c58c8718f1c6d86,2019-03,North Yorkshire Police,North Yorkshire Police,-1.399064,54.090709,On or near Kingfisher Reach,E01027645,Harrogate 005B,Violence and sexual offences,Under investigation,
8df8c0771650e9f96c0d0bb2b869763a1ac725fd31a7596d5733660f0c439ab2,2019-03,North Yorkshire Police,North Yorkshire Police,-1.394165,54.093318,On or near Church Mews,E01027645,Harrogate 005B,Violence and sexual offences,Unable to prosecute suspect,
55454cd77f282a71ef0246f598f6f5a2029a22d15505aaf16a279c1c1e5d3d32,2019-03,North Yorkshire Police,North Yorkshire Police,-1.396294,54.092007,On or near New Row,E01027645,Harrogate 005B,Violence and sexual offences,Under investigation,
,2019-03,North Yorkshire Police,North Yorkshire Police,-1.363719,54.064571,On or near The Croft,E01027647,Harrogate 005C,Anti-social behaviour,,
,2019-03,North Yorkshire Police,North Yorkshire Police,-1.408111,54.042625,On or near Manor Park,E01027647,Harrogate 005C,Anti-social behaviour,,
,2019-03,North Yorkshire Police,North Yorkshire Police,-1.349791,54.065161,On or near B6265,E01027647,Harrogate 005C,Anti-social behaviour,,
c948ca9a587fd8b8a43af38940a785f21c40cd0965fda3a69e0bbbd0fa545803,2019-03,North Yorkshire Police,North Yorkshire Police,-1.363719,54.064571,On or near The Croft,E01027647,Harrogate 005C,Criminal damage and arson,Under investigation,
8acfdd85c9f836fae51686dbb72a2c40a5af38687f533f581da175b42f5d006e,2019-03,North Yorkshire Police,North Yorkshire Police,-1.409452,54.073028,On or near Harrogate Road,E01027647,Harrogate 005C,Other theft,Under investigation,
3d16d7cf8c0ca27ef8c2e9c619d4f9d3c35a51d858699ba15eefbea5c10927f0,2019-03,North Yorkshire Police,North Yorkshire Police,-1.409452,54.073028,On or near Harrogate Road,E01027647,Harrogate 005C,Other theft,Under investigation,
d969ac1fdcf966666e4c192c4092126865e976b7ce8247afb71a6c50346c120b,2019-03,North Yorkshire Police,North Yorkshire Police,-1.329539,54.075054,On or near Tom Lane,E01027647,Harrogate 005C,Shoplifting,Investigation complete; no suspect identified,
a60448c0df75dcf3addf4c63986e75a99e2fccbf2d1e62f42a4fa8368530d752,2019-03,North Yorkshire Police,North Yorkshire Police,-1.414155,54.105847,On or near A168,E01027687,Harrogate 005D,Burglary,Under investigation,
c0cfb74702acd89ac7ed8f50cb990d464c0017029d564e00f91fc2ec83f38e47,2019-03,North Yorkshire Police,North Yorkshire Police,-1.396134,54.098801,On or near Petrol Station,E01027687,Harrogate 005D,Burglary,Investigation complete; no suspect identified,
81f6847577a8427f7770f761c10ac151ae7fcfa4ce755ea9bb9d44d070e33e05,2019-03,North Yorkshire Police,North Yorkshire Police,-1.396134,54.098801,On or near Petrol Station,E01027687,Harrogate 005D,Criminal damage and arson,Investigation complete; no suspect identified,
8eefcd627e45dcdc53856403d52fc3adc84b76b81220552424484d4c8a46e87d,2019-03,North Yorkshire Police,North Yorkshire Police,-1.416718,54.100889,On or near Skelton Road,E01027687,Harrogate 005D,Criminal damage and arson,Investigation complete; no suspect identified,
060d3e2337b6955f07f82f32dd0766e935ef0f84ae251f1ea5dc3b47c8ac8d08,2019-03,North Yorkshire Police,North Yorkshire Police,-1.406616,54.107958,On or near The Croft,E01027687,Harrogate 005D,Drugs,Under investigation,
8525019d3d8819a496e5cd4e1aa1b76faac56e898f63a1d14e5aef22e285b9cd,2019-03,North Yorkshire Police,North Yorkshire Police,-1.403600,54.109192,On or near St John'S Walk,E01027687,Harrogate 005D,Other theft,Investigation complete; no suspect identified,
5a78fa95313c76faea1596dc8c79434872770d124c96d5bda96311686f0f3372,2019-03,North Yorkshire Police,North Yorkshire Police,-1.405352,54.105381,On or near Hill View,E01027687,Harrogate 005D,Violence and sexual offences,Under investigation,
c3501a639d0d72114741dca6cd7f26c3b1c8d5628879c5088adeea3d18fafec6,2019-03,North Yorkshire Police,North Yorkshire Police,-1.354934,54.118738,On or near Wath Lane,E01027687,Harrogate 005D,Violence and sexual offences,Investigation complete; no suspect identified,
0e3f61aaab719128b5300a0d5f7e2d78f0090e2c39143ec0739bc092f81479b4,2019-03,North Yorkshire Police,North Yorkshire Police,-1.405352,54.105381,On or near Hill View,E01027687,Harrogate 005D,Violence and sexual offences,Under investigation,
35c9a63a980b274c086bfa4cb665d16a8c873292a5b2980647e6594525731434,2019-03,North Yorkshire Police,North Yorkshire Police,-1.416718,54.100889,On or near Skelton Road,E01027687,Harrogate 005D,Violence and sexual offences,Awaiting court outcome,
ae38a9c63bcf69ca8b6d51bdce5461a65c6d98e9d0963d26361fa386b1513da7,2019-03,North Yorkshire Police,North Yorkshire Police,-1.416718,54.100889,On or near Skelton Road,E01027687,Harrogate 005D,Other crime,Under investigation,
d552518040afa2c9bb24e34470bcb952853fb8f62c82dc4d2fd3574e2b4e9206,2019-03,North Yorkshire Police,North Yorkshire Police,-1.676422,54.079919,On or near Parking Area,E01027681,Harrogate 006A,Burglary,Investigation complete; no suspect identified,
7fe9bf08e3f9e6f67ba1273d7570d612528a39d59c36990ecfe1e8fcf54992ad,2019-03,North Yorkshire Police,North Yorkshire Police,-1.590874,54.067535,On or near Sports/Recreation Area,E01027681,Harrogate 006A,Other theft,Under investigation,
522826f777149befdf1dc4f44c8f39fb4bb556ea16fd0b8ffcf9805042a509d3,2019-03,North Yorkshire Police,North Yorkshire Police,-1.582335,54.059632,On or near Parking Area,E01027681,Harrogate 006A,Other theft,Under investigation,
5fd8f62aece61d8adb99ca8a0321f89c590e55a3e97cddf3edda8d9c4a6c939c,2019-03,North Yorkshire Police,North Yorkshire Police,-1.693313,54.056865,On or near Parking Area,E01027681,Harrogate 006A,Violence and sexual offences,Investigation complete; no suspect identified,
c28bd06453ab2fbbb814b2e966ca75a8617682bb4cc2b7207693374c421d3f37,2019-03,North Yorkshire Police,North Yorkshire Police,-1.693228,54.058141,On or near Hartwith Avenue,E01027681,Harrogate 006A,Violence and sexual offences,Unable to prosecute suspect,
40a8e3866ec852d883a801bb3b0b34de28f52c24074021ad6129597b86ef5d47,2019-03,North Yorkshire Police,North Yorkshire Police,-1.692004,54.056278,On or near The Crescent,E01027681,Harrogate 006A,Violence and sexual offences,Under investigation,
,2019-03,North Yorkshire Police,North Yorkshire Police,-1.701704,54.054226,On or near Grange Road,E01027693,Harrogate 006B,Anti-social behaviour,,
6ffc252228d9f39f047b448c95be7c9d496d10f99e046b86d4ad7b472a6dc1e3,2019-03,North Yorkshire Police,North Yorkshire Police,-1.777206,54.031696,On or near Sandy Gate,E01027693,Harrogate 006B,Burglary,Under investigation,
92761c53e46a0eef1bc91ef6e512600dbfe7abd2671f1dbc9edf7ff64370d93d,2019-03,North Yorkshire Police,North Yorkshire Police,-1.762647,54.084389,On or near Petrol Station,E01027693,Harrogate 006B,Criminal damage and arson,Investigation complete; no suspect identified,
96461ba8d87287bd3f1a0b6241c0709ceeffae8e5fa71b919c71edb928782fbf,2019-03,North Yorkshire Police,North Yorkshire Police,-1.762647,54.084389,On or near Petrol Station,E01027693,Harrogate 006B,Other theft,Investigation complete; no suspect identified,
e4d4dd3c4853cc8a37e88e5a1930e7814c83f69693ca9391848b994bceda902d,2019-03,North Yorkshire Police,North Yorkshire Police,-1.707508,54.043365,On or near Dacre Hall Park,E01027693,Harrogate 006B,Public order,Under investigation,
cb186cf7bbde02fafc0e71e98576fff3ab2cb715fdb17fbf834c6a29add4d0d6,2019-03,North Yorkshire Police,North Yorkshire Police,-1.762647,54.084389,On or near Petrol Station,E01027693,Harrogate 006B,Violence and sexual offences,Under investigation,
8ebb8ff630a8ae0c3ec548504c7d822b43da8fda9ce1538d750948c11390d12f,2019-03,North Yorkshire Police,North Yorkshire Police,-1.766460,54.012415,On or near Parking Area,E01027693,Harrogate 006B,Violence and sexual offences,Investigation complete; no suspect identified,
d935d310ed5e49ba70137bf6283e309bbba0a856c20f0ab480b0b579c43be9c6,2019-03,North Yorkshire Police,North Yorkshire Police,-1.767705,54.087580,On or near Grassfield Close,E01027693,Harrogate 006B,Violence and sexual offences,Under investigation,
9d7a02f82aca7f8a027f8bb836c859cbb737bbdb26bf5bfe5a8e84f64ea5223b,2019-03,North Yorkshire Police,North Yorkshire Police,-1.859034,54.163567,On or near Sports/Recreation Area,E01027701,Harrogate 006C,Criminal damage and arson,Investigation complete; no suspect identified,
bfc436406bb99b21ab72dc5088a64e2b78afd4bcda1f494168c9c885233b86fe,2019-03,North Yorkshire Police,North Yorkshire Police,-1.767964,54.095903,On or near Wath Road,E01027701,Harrogate 006C,Other theft,Investigation complete; no suspect identified,
ee27ae35b3956ab91b4e87f11b6e34edd368ca9d5e9eb16fc871993de6f5d1fe,2019-03,North Yorkshire Police,North Yorkshire Police,-1.767964,54.095903,On or near Wath Road,E01027701,Harrogate 006C,Other theft,Investigation complete; no suspect identified,
71d64c84f4a27992f894d4011c64d48e35afb3210b33f4e898ad442c59dfc9f1,2019-03,North Yorkshire Police,North Yorkshire Police,-1.848673,54.157353,On or near Sports/Recreation Area,E01027701,Harrogate 006C,Other theft,Investigation complete; no suspect identified,
3a906e21addfbbfa41caaac4e14e3051c23a8e1efe24d30200d279447c052aa9,2019-03,North Yorkshire Police,North Yorkshire Police,-1.785242,54.098865,On or near Grange Lane,E01027701,Harrogate 006C,Violence and sexual offences,Under investigation,
02ac4d4c62a81f280fc917634a023497ee564296eca28da3d39f4dfa3b11d8e3,2019-03,North Yorkshire Police,North Yorkshire Police,-1.736324,54.077234,On or near Lupton Close,E01027701,Harrogate 006C,Violence and sexual offences,Under investigation,
dc48e6e4d227d3b79cf5ab587cb6ba6f7ff963742cb056c7924f8bc3c37e218e,2019-03,North Yorkshire Police,North Yorkshire Police,-1.734885,54.077590,On or near Lupton Springs,E01027701,Harrogate 006C,Violence and sexual offences,Under investigation,
98c7e3eb03ea2a7970bdea911fe843b2748d8bbbefd7049a17a5e4d952769344,2019-03,North Yorkshire Police,North Yorkshire Police,-1.711779,54.083793,On or near B6265,E01027701,Harrogate 006C,Other crime,Action to be taken by another organisation,
015a1fe778fd4a4f120d74bee6e6a2b036ba7a3387ee198225d280541c64a378,2019-03,North Yorkshire Police,North Yorkshire Police,-1.760496,54.086389,On or near Back High Street,E01027702,Harrogate 006D,Other theft,Investigation complete; no suspect identified,
d24cb141a03c4ac99a64f51c8940e15324aa97e77bc06331c09664265c166751,2019-03,North Yorkshire Police,North Yorkshire Police,-1.496254,54.091982,On or near Elm Tree Rise,E01027642,Harrogate 007A,Criminal damage and arson,Investigation complete; no suspect identified,
f6dd237d9537872e6d25ad84d299a7f298d07f26acebc864b5204b4a56e22176,2019-03,North Yorkshire Police,North Yorkshire Police,-1.505224,54.069226,On or near Burnett Close,E01027642,Harrogate 007A,Vehicle crime,Investigation complete; no suspect identified,
bd4bec2dbdcb8fc86d58298863caab70cc46f60a0f031751dbc2f0e092cb5ddd,2019-03,North Yorkshire Police,North Yorkshire Police,-1.505224,54.069226,On or near Burnett Close,E01027642,Harrogate 007A,Vehicle crime,Investigation complete; no suspect identified,
179c5e44eb640448125bb4b7e1a9cfa556a542fcd9abecf2ba450cd43428ea40,2019-03,North Yorkshire Police,North Yorkshire Police,-1.466550,54.039330,On or near Beech Close,E01027646,Harrogate 007B,Criminal damage and arson,Under investigation,
4c5f02dcac1c1a63ddd7304a8e63057f5916e17f5c04502c048f95fb3c5674d2,2019-03,North Yorkshire Police,North Yorkshire Police,-1.439701,54.060095,On or near Spellow Crescent,E01027646,Harrogate 007B,Criminal damage and arson,Investigation complete; no suspect identified,
46a1d35143c2ae0710f48390f514ccd403588259d52b26d582e7d1f6e6a5138e,2019-03,North Yorkshire Police,North Yorkshire Police,-1.456262,54.038987,On or near Farnham Lane,E01027646,Harrogate 007B,Criminal damage and arson,Unable to prosecute suspect,
4345d897f3423bb153ea8b47d20580aed0b5229304c556a12eda662c1e2a72c7,2019-03,North Yorkshire Police,North Yorkshire Police,-1.500069,54.023844,On or near High Moor Lane,E01027646,Harrogate 007B,Other theft,Under investigation,
,2019-03,North Yorkshire Police,North Yorkshire Police,-1.487578,54.016808,On or near Fortune Hill,E01027674,Harrogate 007C,Anti-social behaviour,,
52ee7951fdd7b375a139efaf6560d48efcbbf2073c0a03b34a1f33c536c7dd86,2019-03,North Yorkshire Police,North Yorkshire Police,-1.476178,54.009533,On or near Parking Area,E01027674,Harrogate 007C,Criminal damage and arson,Investigation complete; no suspect identified,
29d3b7609adf43023e6f75c800b047014d8c2cbec3f2c03b43affb464ff46f2b,2019-03,North Yorkshire Police,North Yorkshire Police,-1.469861,54.013073,On or near Tentergate Road,E01027674,Harrogate 007C,Vehicle crime,Investigation complete; no suspect identified,
f4186266871e649da1987cd1574f81e4476142c5ba3f43bd3d56228c1d319c52,2019-03,North Yorkshire Police,North Yorkshire Police,-1.499964,54.021138,On or near Scotton Drive,E01027674,Harrogate 007C,Violence and sexual offences,Under investigation,
a8b571e1a99c5f85a9f54e82bc3f73ff9578e140a22bbebd4021d0f736c44b20,2019-03,North Yorkshire Police,North Yorkshire Police,-1.476178,54.009533,On or near Parking Area,E01027674,Harrogate 007C,Violence and sexual offences,Under investigation,
,2019-03,North Yorkshire Police,North Yorkshire Police,-1.470214,54.015295,On or near Woodpark Avenue,E01027675,Harrogate 007D,Anti-social behaviour,,
,2019-03,North Yorkshire Police,North Yorkshire Police,-1.455742,54.014538,On or near Sterling Chase,E01027675,Harrogate 007D,Anti-social behaviour,,
,2019-03,North Yorkshire Police,North Yorkshire Police,-1.473721,54.014375,On or near Coverdale Drive,E01027675,Harrogate 007D,Anti-social behaviour,,
882d42d833632c36f67617d680025ccf7509a8f676784d79231c3deb5fa7f07a,2019-03,North Yorkshire Police,North Yorkshire Police,-1.461623,54.019966,On or near Greengate View,E01027675,Harrogate 007D,Public order,Under investigation,
15156550dae2f72a5a7446e5d14b5b37c8efc45c0157e3d2c110283b0cbf68cb,2019-03,North Yorkshire Police,North Yorkshire Police,-1.457253,54.014473,On or near Half Crown Way,E01027675,Harrogate 007D,Violence and sexual offences,Under investigation,
78e9da8602fa5f86468515fb09797722954e9fcc5e42d5071a462933b4e912dd,2019-03,North Yorkshire Police,North Yorkshire Police,-1.457253,54.014473,On or near Half Crown Way,E01027675,Harrogate 007D,Violence and sexual offences,Under investigation,
0e4408b5073d972c525511ab06fcd4448b869e7a8c2606f791bd687c0115a692,2019-03,North Yorkshire Police,North Yorkshire Police,-1.461623,54.019966,On or near Greengate View,E01027675,Harrogate 007D,Violence and sexual offences,Under investigation,
,2019-03,North Yorkshire Police,North Yorkshire Police,-1.540974,54.011631,On or near Knox Close,E01027641,Harrogate 008A,Anti-social behaviour,,
,2019-03,North Yorkshire Police,North Yorkshire Police,-1.544622,54.012903,On or near Over Nidd,E01027641,Harrogate 008A,Anti-social behaviour,,
,2019-03,North Yorkshire Police,North Yorkshire Police,-1.540974,54.011631,On or near Knox Close,E01027641,Harrogate 008A,Anti-social behaviour,,
77cf12f53f1e1efa41958b9ff2b893fcd721e8b266b23f070e08947c409e398e,2019-03,North Yorkshire Police,North Yorkshire Police,-1.541865,54.013872,On or near Peckett'S Holt,E01027641,Harrogate 008A,Criminal damage and arson,Under investigation,
c102e6d67b1c00db11a5d37e2b58f32fd04e338d5ae8fc53367b49de02cd46cf,2019-03,North Yorkshire Police,North Yorkshire Police,-1.534248,54.014023,On or near Burns Way,E01027641,Harrogate 008A,Violence and sexual offences,Under investigation,
eec4347823654d7261f5b135d8d03539031786f88ef62791cd714ee280481f28,2019-03,North Yorkshire Police,North Yorkshire Police,-1.541865,54.013872,On or near Peckett'S Holt,E01027641,Harrogate 008A,Violence and sexual offences,Under investigation,
f1c89db855580739880bf8a2eb46c44d493c556b2194e5ce20396a76a453498a,2019-03,North Yorkshire Police,North Yorkshire Police,-1.592962,53.999271,On or near Burley Lane,E01027664,Harrogate 008B,Burglary,Action to be taken by another organisation,
f8519fd098036a6faa0fbfc5a2bf89a1ae07044b9127af61429c0e437b888709,2019-03,North Yorkshire Police,North Yorkshire Police,-1.604489,54.020781,On or near Brookfield Way,E01027664,Harrogate 008B,Burglary,Investigation complete; no suspect identified,
f833b69309384643674254c7145fd61fb84f20ab9def3ad69557c82dd6e58de2,2019-03,North Yorkshire Police,North Yorkshire Police,-1.606054,54.007008,On or near Skipton Road,E01027664,Harrogate 008B,Burglary,Under investigation,
7cd5d699664e1ca651b095f566d135580fefe1833a136389e7cbccbf7ba0d2ae,2019-03,North Yorkshire Police,North Yorkshire Police,-1.607762,54.023372,On or near Meadow Close,E01027664,Harrogate 008B,Other theft,Under investigation,
8d8a700727f7cff157a0c20b5d332de40030c203ded380b82c36eb6db1e1be66,2019-03,North Yorkshire Police,North Yorkshire Police,-1.598008,53.999630,On or near Burley Bank Road,E01027664,Harrogate 008B,Violence and sexual offences,Unable to prosecute suspect,
db3efec9599abcfe1537799fd6473e73b6ff43392e56e00ec5d252f7a672b85b,2019-03,North Yorkshire Police,North Yorkshire Police,-1.592324,53.998982,On or near Burley Bank Close,E01027664,Harrogate 008B,Violence and sexual offences,Under investigation,
fb5c53f3fcf514a5a61ab97390464ee4e26b2d5278852f2f2c10e8b684d1cb20,2019-03,North Yorkshire Police,North Yorkshire Police,-1.567571,54.036697,On or near Sports/Recreation Area,E01027665,Harrogate 008C,Other theft,Investigation complete; no suspect identified,
,2019-03,North Yorkshire Police,North Yorkshire Police,-1.580634,54.002473,On or near Coltsfoot Court,E01027722,Harrogate 008D,Anti-social behaviour,,
4759f5b189db0d1683be77fa6dc048b1ee48acfb61c3c0012fece6af4bcc21f1,2019-03,North Yorkshire Police,North Yorkshire Police,-1.577803,54.003353,On or near Burdock Close,E01027722,Harrogate 008D,Burglary,Under investigation,
1f043e71efd8b5c8455b52decc97312fb68c216a9e95402ef4e680a934d0e7c4,2019-03,North Yorkshire Police,North Yorkshire Police,-1.579570,54.003593,On or near Foxglove Close,E01027722,Harrogate 008D,Public order,Under investigation,
ded84219a7f4b4d84ae48b84e2d63221d5b44992714df21135ad98e6e468eca7,2019-03,North Yorkshire Police,North Yorkshire Police,-1.570240,54.005852,On or near Campion Grove,E01027722,Harrogate 008D,Violence and sexual offences,Under investigation,
0ee1ad9620bf69d0292e8b6de4f35c23edab9efb6576ea7e5ee50787f3add511,2019-03,North Yorkshire Police,North Yorkshire Police,-1.574325,54.003314,On or near Butterbur Way,E01027722,Harrogate 008D,Violence and sexual offences,Unable to prosecute suspect,
,2019-03,North Yorkshire Police,North Yorkshire Police,-1.455945,54.007124,On or near Princess Grove,E01027668,Harrogate 009A,Anti-social behaviour,,
bd799592df7e2aab300efc579f3eedc01b92b57427ee1abac2bda972d188a8f6,2019-03,North Yorkshire Police,North Yorkshire Police,-1.457043,54.007219,On or near Princess Mount,E01027668,Harrogate 009A,Criminal damage and arson,Investigation complete; no suspect identified,
cffa955a917b433923ba91608d9744b6ed5d248bc92c761cc4c659655e6ac726,2019-03,North Yorkshire Police,North Yorkshire Police,-1.454140,54.007511,On or near Barbondale Grove,E01027668,Harrogate 009A,Public order,Unable to prosecute suspect,
d36d64520299f72f120e678c95dcc5f1a90728d43ac76f33a29be6c342bf0f31,2019-03,North Yorkshire Police,North Yorkshire Police,-1.457043,54.007219,On or near Princess Mount,E01027668,Harrogate 009A,Vehicle crime,Investigation complete; no suspect identified,
524a549e3f9f38cfd5d324d66a05e8e29688c2ac8162c50f6a647005c30b0904,2019-03,North Yorkshire Police,North Yorkshire Police,-1.456803,54.009204,On or near Manor Crescent,E01027668,Harrogate 009A,Violence and sexual offences,Unable to prosecute suspect,
dbe417e1b102284b7102b3e0cd48f56abd62346204ea795c6434c26f082dfa3b,2019-03,North Yorkshire Police,North Yorkshire Police,-1.454526,54.008268,On or near Queens Road,E01027668,Harrogate 009A,Violence and sexual offences,Unable to prosecute suspect,
cedb495343d8b24be1d8b2e13368b57180e4d7300303ee585512c081085c607b,2019-03,North Yorkshire Police,North Yorkshire Police,-1.456803,54.009204,On or near Manor Crescent,E01027668,Harrogate 009A,Violence and sexual offences,Unable to prosecute suspect,
1633277ca4cdd3ff46b82efa0d83c7c645f34d86e295d09c893c360bad173ed0,2019-03,North Yorkshire Police,North Yorkshire Police,-1.453280,54.007903,On or near Cotterdale Close,E01027668,Harrogate 009A,Violence and sexual offences,Under investigation,
,2019-03,North Yorkshire Police,North Yorkshire Police,-1.467016,54.008818,On or near Park Square,E01027669,Harrogate 009B,Anti-social behaviour,,
,2019-03,North Yorkshire Police,North Yorkshire Police,-1.465376,54.008209,On or near Park Place,E01027669,Harrogate 009B,Anti-social behaviour,,
943825f487ed549b04541c3a0bf55cf9fd6b953433625f05bf6474319b2a13c5,2019-03,North Yorkshire Police,North Yorkshire Police,-1.459907,54.006333,On or near York Garth,E01027669,Harrogate 009B,Criminal damage and arson,Investigation complete; no suspect identified,
9e5c3da007001c812a9e146fdf02f53086c3b261d402a6505512e839befb1678,2019-03,North Yorkshire Police,North Yorkshire Police,-1.463127,54.011057,On or near Hambleton Grove,E01027669,Harrogate 009B,Criminal damage and arson,Under investigation,
7c44876b50fec86fb4c0f964ce943203879cdac809d6de5fe3b0230a3841585d,2019-03,North Yorkshire Police,North Yorkshire Police,-1.463127,54.011057,On or near Hambleton Grove,E01027669,Harrogate 009B,Criminal damage and arson,Under investigation,
64fae63c79c78fbcd610330d4c19c32e2370eea30ea9ea938787f0b26372539e,2019-03,North Yorkshire Police,North Yorkshire Police,-1.468246,54.012913,On or near Petrol Station,E01027669,Harrogate 009B,Shoplifting,Unable to prosecute suspect,
84d17738a62e961c1867b1491d567fa63f42f83b77130a43d86d38c589057500,2019-03,North Yorkshire Police,North Yorkshire Police,-1.463127,54.011057,On or near Hambleton Grove,E01027669,Harrogate 009B,Vehicle crime,Under investigation,
04b908248dbf6f59812cac2c6f60bcd99cc3e83e00798671b3f151bffd9db026,2019-03,North Yorkshire Police,North Yorkshire Police,-1.463127,54.011057,On or near Hambleton Grove,E01027669,Harrogate 009B,Vehicle crime,Investigation complete; no suspect identified,
6d28e6478e284ff8c7354bbc6e11fbe52219c01aa1e3f1746e96297d9d862c3b,2019-03,North Yorkshire Police,North Yorkshire Police,-1.459907,54.006333,On or near York Garth,E01027669,Harrogate 009B,Violence and sexual offences,Under investigation,
41a780aa5381b9f055931955fc94b05496f0c147dc1e358fbffc3ac47d723a8e,2019-03,North Yorkshire Police,North Yorkshire Police,-1.459907,54.006333,On or near York Garth,E01027669,Harrogate 009B,Violence and sexual offences,Under investigation,
9472ee07d323cf2cd8efc6ec5ef68d904b5bd90c4415ce8254b68ee7fd3aaacf,2019-03,North Yorkshire Police,North Yorkshire Police,-1.463821,54.009299,On or near Park Drive,E01027669,Harrogate 009B,Violence and sexual offences,Under investigation,
25dbb9b5947f25db493530d1b254f7025f77a38a00385d133433931a47a6e005,2019-03,North Yorkshire Police,North Yorkshire Police,-1.463127,54.011057,On or near Hambleton Grove,E01027669,Harrogate 009B,Violence and sexual offences,Under investigation,
6e7218db020ba26697cb66ebde5aa3565076d2e1f1d6cd8de4bd94d9cf0b2339,2019-03,North Yorkshire Police,North Yorkshire Police,-1.459907,54.006333,On or near York Garth,E01027669,Harrogate 009B,Violence and sexual offences,Local resolution,
1cdc82e1d7a9cd9199cfe4db35ef76930f7e1f16685aa8e3f4fa86c7ba17c9ba,2019-03,North Yorkshire Police,North Yorkshire Police,-1.459907,54.006333,On or near York Garth,E01027669,Harrogate 009B,Violence and sexual offences,Under investigation,
f76b1b375ab6c7d4bfc224e8d84b8cb53f0a078cacf4058bf00e8cd52acb5326,2019-03,North Yorkshire Police,North Yorkshire Police,-1.468246,54.012913,On or near Petrol Station,E01027669,Harrogate 009B,Violence and sexual offences,Unable to prosecute suspect,
3e4433f1d7d03299e58ad2fec19279107cd2f79c71dafecab62c8f81fd87f112,2019-03,North Yorkshire Police,North Yorkshire Police,-1.463127,54.011057,On or near Hambleton Grove,E01027669,Harrogate 009B,Violence and sexual offences,Unable to prosecute suspect,
,2019-03,North Yorkshire Police,North Yorkshire Police,-1.465324,54.007517,On or near Bus/Coach Station,E01027673,Harrogate 009C,Anti-social behaviour,,
,2019-03,North Yorkshire Police,North Yorkshire Police,-1.468056,54.005066,On or near Union Street,E01027673,Harrogate 009C,Anti-social behaviour,,
,2019-03,North Yorkshire Police,North Yorkshire Police,-1.466845,54.006688,On or near Cheapside,E01027673,Harrogate 009C,Anti-social behaviour,,
,2019-03,North Yorkshire Police,North Yorkshire Police,-1.467433,54.006025,On or near Wellington Street,E01027673,Harrogate 009C,Anti-social behaviour,,
,2019-03,North Yorkshire Police,North Yorkshire Police,-1.466113,54.007826,On or near Silver Street,E01027673,Harrogate 009C,Anti-social behaviour,,
,2019-03,North Yorkshire Police,North Yorkshire Police,-1.465324,54.007517,On or near Bus/Coach Station,E01027673,Harrogate 009C,Anti-social behaviour,,
,2019-03,North Yorkshire Police,North Yorkshire Police,-1.466113,54.007826,On or near Silver Street,E01027673,Harrogate 009C,Anti-social behaviour,,
,2019-03,North Yorkshire Police,North Yorkshire Police,-1.466113,54.007826,On or near Silver Street,E01027673,Harrogate 009C,Anti-social behaviour,,
,2019-03,North Yorkshire Police,North Yorkshire Police,-1.468755,54.004099,On or near Claro Mews,E01027673,Harrogate 009C,Anti-social behaviour,,
,2019-03,North Yorkshire Police,North Yorkshire Police,-1.465324,54.007517,On or near Bus/Coach Station,E01027673,Harrogate 009C,Anti-social behaviour,,
5498fe76f296123c039e0e57b254128793c6f15a3b80a08847085af47e69998b,2019-03,North Yorkshire Police,North Yorkshire Police,-1.464012,54.006324,On or near Iles Lane,E01027673,Harrogate 009C,Burglary,Unable to prosecute suspect,
4eed38028ee3d933f0b89c44601772c2200126aa587f5a163e551df168e23925,2019-03,North Yorkshire Police,North Yorkshire Police,-1.464298,54.003036,On or near Crag Lane,E01027673,Harrogate 009C,Criminal damage and arson,Investigation complete; no suspect identified,
13147610704e1ee386d5a383d57f34f48b08a4fb2dbf4518d6469c740bcae24b,2019-03,North Yorkshire Police,North Yorkshire Police,-1.469112,54.008378,On or near Kirkgate,E01027673,Harrogate 009C,Drugs,Under investigation,
a9357ff1fb0407963f58a15290b44f6a7754d0659192211ae5b9539292f604b8,2019-03,North Yorkshire Police,North Yorkshire Police,-1.464727,54.005240,On or near Stockdale Close,E01027673,Harrogate 009C,Drugs,Offender given a drugs possession warning,
7b491d86f8fc30e7bc072d1ac267a40ae7a2d76a5189f4bc4ada6fd5a4aabb44,2019-03,North Yorkshire Police,North Yorkshire Police,-1.467643,54.007536,On or near Police Station,E01027673,Harrogate 009C,Other theft,Investigation complete; no suspect identified,
0ac469737638743ec06e53a7c52d1f610b7bcc78963b3e03a0e0cea18f552214,2019-03,North Yorkshire Police,North Yorkshire Police,-1.467102,54.008037,On or near Parking Area,E01027673,Harrogate 009C,Shoplifting,Under investigation,
8b27917ca1e7c5a0effccc20a64a27f77343c42148fb14482f1f4f9394462d9e,2019-03,North Yorkshire Police,North Yorkshire Police,-1.465324,54.007517,On or near Bus/Coach Station,E01027673,Harrogate 009C,Shoplifting,Further investigation is not in the public interest,
77d834a0c6ff73667eaf6e102c667d607b212565bf171ec3a6fc98304f9e15f0,2019-03,North Yorkshire Police,North Yorkshire Police,-1.467102,54.008037,On or near Parking Area,E01027673,Harrogate 009C,Shoplifting,Under investigation,
1c79694c3f0b9693e79a39831add0cb06d6a630387648afa78e07cd58177d5a8,2019-03,North Yorkshire Police,North Yorkshire Police,-1.467307,54.007552,On or near Castlegate,E01027673,Harrogate 009C,Theft from the person,Investigation complete; no suspect identified,
917a3e100ddde165b7dd283bf552ffdb23efd1e8696cb2e4e3d28e7ccbc25a78,2019-03,North Yorkshire Police,North Yorkshire Police,-1.471241,54.008972,On or near Water Bag Bank,E01027673,Harrogate 009C,Vehicle crime,Investigation complete; no suspect identified,
51b5a0bb1463b4e718f3c866c0aff07e68952203068f149e2768b6fce916d2d1,2019-03,North Yorkshire Police,North Yorkshire Police,-1.465324,54.007517,On or near Bus/Coach Station,E01027673,Harrogate 009C,Violence and sexual offences,Under investigation,
616f70c091e563703bbaeb3366576fe5638a5c38f0d8c2ff39202fc89bb318c6,2019-03,North Yorkshire Police,North Yorkshire Police,-1.464298,54.003036,On or near Crag Lane,E01027673,Harrogate 009C,Violence and sexual offences,Under investigation,
8053fca4ceb7bf9ae9353f0aba09fbae815c6e9b7a17610862bafdd6987fc5a7,2019-03,North Yorkshire Police,North Yorkshire Police,-1.467433,54.006025,On or near Wellington Street,E01027673,Harrogate 009C,Violence and sexual offences,Under investigation,
a146479749d353a8a679101a0fe055cffced08024be392aaea73a13068fdaed6,2019-03,North Yorkshire Police,North Yorkshire Police,-1.465324,54.007517,On or near Bus/Coach Station,E01027673,Harrogate 009C,Violence and sexual offences,Under investigation,
7d3c63bd60e95a667be13c1fd82e387d0225c6d4119233fdf41b7ddced68f5e9,2019-03,North Yorkshire Police,North Yorkshire Police,-1.466113,54.007826,On or near Silver Street,E01027673,Harrogate 009C,Violence and sexual offences,Under investigation,
a5542c4a421969b19cb8312103f06c15e74e0bbc10a0a9afdff7356c7f71d3a6,2019-03,North Yorkshire Police,North Yorkshire Police,-1.468755,54.004099,On or near Claro Mews,E01027673,Harrogate 009C,Violence and sexual offences,Offender given community sentence,
,2019-03,North Yorkshire Police,North Yorkshire Police,-1.459121,54.015218,On or near Alexandra Park Road,E01027676,Harrogate 009D,Anti-social behaviour,,
f1d7cde6afed3b08a5ab4191fa3ab9664da87ae6151ed73edd011af8df5fcc34,2019-03,North Yorkshire Police,North Yorkshire Police,-1.462936,54.015253,On or near The Briars,E01027676,Harrogate 009D,Drugs,Under investigation,
e1e1de8484ba7730a1232fbc977645f04d672f9412d729c0a7a2a8db4a3b88a8,2019-03,North Yorkshire Police,North Yorkshire Police,-1.463941,54.013038,On or near Stockwell View,E01027676,Harrogate 009D,Other theft,Unable to prosecute suspect,
7858f1abac37ade9d21f094dc3829ea7a5aec8948b7e57e4a46293eed7c01121,2019-03,North Yorkshire Police,North Yorkshire Police,-1.462500,54.018289,On or near Hyde Park Road,E01027676,Harrogate 009D,Other theft,Investigation complete; no suspect identified,
ada4b7677aa382584b971c0db5f0517c05f1e736153aa2f97713e9a85eef7858,2019-03,North Yorkshire Police,North Yorkshire Police,-1.461190,54.015722,On or near Meadow Road,E01027676,Harrogate 009D,Public order,Under investigation,
9a4046276680373413aac9c9a31f82b66c8ef4a26f030ec71ae1701388e0fe10,2019-03,North Yorkshire Police,North Yorkshire Police,-1.465681,54.011796,On or near Stockwell Road,E01027676,Harrogate 009D,Vehicle crime,Under investigation,
d6826724199e050ab797651b9fa14e2e0339f7539eec71c8bda781454842b0ff,2019-03,North Yorkshire Police,North Yorkshire Police,-1.461190,54.015722,On or near Meadow Road,E01027676,Harrogate 009D,Vehicle crime,Investigation complete; no suspect identified,
f858d18c1511d95aaec477751efde2431ce5f4818f8a941d781dbea84a29e334,2019-03,North Yorkshire Police,North Yorkshire Police,-1.459693,54.016974,On or near Carmires Avenue,E01027676,Harrogate 009D,Violence and sexual offences,Under investigation,
35112ecf57cea92f22a5860f5d6c72d429d8cccbae013810b2fb4384e3887620,2019-03,North Yorkshire Police,North Yorkshire Police,-1.461190,54.015722,On or near Meadow Road,E01027676,Harrogate 009D,Violence and sexual offences,Under investigation,
130a5c674939d58fbf4f4847dcfa7cf3fcebcf41a35fa3cbb23b5a350299f79d,2019-03,North Yorkshire Police,North Yorkshire Police,-1.456023,54.014027,On or near Angel Gardens,E01027676,Harrogate 009D,Violence and sexual offences,Under investigation,
,2019-03,North Yorkshire Police,North Yorkshire Police,-1.536077,54.008736,On or near Hill Top Walk,E01027638,Harrogate 010A,Anti-social behaviour,,
0300cbc7dd3708e28d2f9ffc709ba42bdf1fb3767e14fe6e7280a5798e276cc8,2019-03,North Yorkshire Police,North Yorkshire Police,-1.539493,54.013063,On or near Bachelor Road,E01027638,Harrogate 010A,Burglary,Under investigation,
6f4329689b9b89abe2e42c243236b3a683904a3066fb9ad7b532fa24b0bbef3c,2019-03,North Yorkshire Police,North Yorkshire Police,-1.540088,54.011717,On or near Knox Road,E01027638,Harrogate 010A,Vehicle crime,Investigation complete; no suspect identified,
,2019-03,North Yorkshire Police,North Yorkshire Police,-1.529001,54.013868,On or near Keats Walk,E01027639,Harrogate 010B,Anti-social behaviour,,
,2019-03,North Yorkshire Police,North Yorkshire Police,-1.529001,54.013868,On or near Keats Walk,E01027639,Harrogate 010B,Anti-social behaviour,,
5dc03be9186a2b281590011db6c1637e11c2a4db15226fa21f330bb8eac64b36,2019-03,North Yorkshire Police,North Yorkshire Police,-1.529001,54.013868,On or near Keats Walk,E01027639,Harrogate 010B,Criminal damage and arson,Under investigation,
75a0a5a8016ea5a59d6ceef2f0c1a1718f82f3a134b752be9fd63bde0c574809,2019-03,North Yorkshire Police,North Yorkshire Police,-1.527396,54.014041,On or near Chaucer Green,E01027639,Harrogate 010B,Criminal damage and arson,Under investigation,
,2019-03,North Yorkshire Police,North Yorkshire Police,-1.540062,54.005768,On or near Skipton Road,E01027640,Harrogate 010C,Anti-social behaviour,,
,2019-03,North Yorkshire Police,North Yorkshire Police,-1.537901,54.006640,On or near Warren Place,E01027640,Harrogate 010C,Anti-social behaviour,,
8873097fa8d17444ec062a4ff1cb301d38c1e737940a9a56a5d7f07de6093aad,2019-03,North Yorkshire Police,North Yorkshire Police,-1.537901,54.006640,On or near Warren Place,E01027640,Harrogate 010C,Criminal damage and arson,Under investigation,
f995904c063fd26a75b6cd627b083fb4581a7086c5ce908480bdf48a4d591496,2019-03,North Yorkshire Police,North Yorkshire Police,-1.540062,54.005768,On or near Skipton Road,E01027640,Harrogate 010C,Criminal damage and arson,Investigation complete; no suspect identified,
1e2d1301c33d60b09ae38cb354de85bcd02ef9e4445dbeaf91d85381ecc0a254,2019-03,North Yorkshire Police,North Yorkshire Police,-1.537901,54.006640,On or near Warren Place,E01027640,Harrogate 010C,Drugs,Under investigation,
3432e58a9b905d2175c5dbd350683c669c3f3e63206f4f36ab9446a474e94c63,2019-03,North Yorkshire Police,North Yorkshire Police,-1.538120,54.008888,On or near Hill Top Close,E01027640,Harrogate 010C,Vehicle crime,Investigation complete; no suspect identified,
,2019-03,North Yorkshire Police,North Yorkshire Police,-1.549834,54.006479,On or near Omega Street,E01027690,Harrogate 010D,Anti-social behaviour,,
,2019-03,North Yorkshire Police,North Yorkshire Police,-1.549834,54.006479,On or near Omega Street,E01027690,Harrogate 010D,Anti-social behaviour,,
,2019-03,North Yorkshire Police,North Yorkshire Police,-1.549834,54.006479,On or near Omega Street,E01027690,Harrogate 010D,Anti-social behaviour,,
,2019-03,North Yorkshire Police,North Yorkshire Police,-1.549834,54.006479,On or near Omega Street,E01027690,Harrogate 010D,Anti-social behaviour,,
,2019-03,North Yorkshire Police,North Yorkshire Police,-1.549834,54.006479,On or near Omega Street,E01027690,Harrogate 010D,Anti-social behaviour,,
,2019-03,North Yorkshire Police,North Yorkshire Police,-1.549834,54.006479,On or near Omega Street,E01027690,Harrogate 010D,Anti-social behaviour,,
,2019-03,North Yorkshire Police,North Yorkshire Police,-1.549298,54.006665,On or near West Street,E01027690,Harrogate 010D,Anti-social behaviour,,
,2019-03,North Yorkshire Police,North Yorkshire Police,-1.549834,54.006479,On or near Omega Street,E01027690,Harrogate 010D,Anti-social behaviour,,
c62a1ab87b3cd61188643df1f6c5e15e94ff5d2293b7b8a6e791906f9defb66d,2019-03,North Yorkshire Police,North Yorkshire Police,-1.549834,54.006479,On or near Omega Street,E01027690,Harrogate 010D,Criminal damage and arson,Under investigation,
5a85cdfab74ce65e36c74f980e764d78c10aae1bd34a58f8ff832cc0d643004f,2019-03,North Yorkshire Police,North Yorkshire Police,-1.544885,54.008464,On or near Knox Drive,E01027690,Harrogate 010D,Public order,Formal action is not in the public interest,
,2019-03,North Yorkshire Police,North Yorkshire Police,-1.530342,54.008588,On or near Birch Grove,E01027738,Harrogate 010E,Anti-social behaviour,,
,2019-03,North Yorkshire Police,North Yorkshire Police,-1.527885,54.008650,On or near Walnut Grove,E01027738,Harrogate 010E,Anti-social behaviour,,
39ce291a0e3de20a091b57cdd66a6c1d5877baa93d734eea59624a1b52c7c4b8,2019-03,North Yorkshire Police,North Yorkshire Police,-1.530917,54.009013,On or near Chestnut Grove,E01027738,Harrogate 010E,Criminal damage and arson,Investigation complete; no suspect identified,
b3eb00818c56f35c3ad5c5afe8184bc54e4e6d0445742ed8b55ae1b90ad68663,2019-03,North Yorkshire Police,North Yorkshire Police,-1.529519,54.007120,On or near Butler Road,E01027738,Harrogate 010E,Drugs,Under investigation,
4706ccee33f74e59d578d55e93c9ee5ea29601b80282b524e849c649ec8f446b,2019-03,North Yorkshire Police,North Yorkshire Police,-1.529519,54.007120,On or near Butler Road,E01027738,Harrogate 010E,Violence and sexual offences,Under investigation,
9b2e7c908ed70e54e99fd00aca6b85983d69e5919c4dfe9f6e780d7003b4f09f,2019-03,North Yorkshire Police,North Yorkshire Police,-1.533307,54.006802,On or near Albert Road,E01027738,Harrogate 010E,Violence and sexual offences,Under investigation,
,2019-03,North Yorkshire Police,North Yorkshire Police,-1.536862,54.005423,On or near Petrol Station,E01027739,Harrogate 010F,Anti-social behaviour,,
,2019-03,North Yorkshire Police,North Yorkshire Police,-1.532962,54.006234,On or near King Edward'S Drive,E01027739,Harrogate 010F,Anti-social behaviour,,
,2019-03,North Yorkshire Police,North Yorkshire Police,-1.530540,54.005884,On or near Rawson Street,E01027739,Harrogate 010F,Anti-social behaviour,,
,2019-03,North Yorkshire Police,North Yorkshire Police,-1.532962,54.006234,On or near King Edward'S Drive,E01027739,Harrogate 010F,Anti-social behaviour,,
5acb72d28cdb6f1a03250f4a7ace8fc420ef3f4707144791725338c86e41ac8f,2019-03,North Yorkshire Police,North Yorkshire Police,-1.536862,54.005423,On or near Petrol Station,E01027739,Harrogate 010F,Bicycle theft,Investigation complete; no suspect identified,
54cd349d4d965e820d1aad3e60e939a46853d917f69741d40bc80dbed39416f9,2019-03,North Yorkshire Police,North Yorkshire Police,-1.536862,54.005423,On or near Petrol Station,E01027739,Harrogate 010F,Robbery,Under investigation,
b3986fca4897caf104d3e501b183bcb7da983a585f3da841f69bb9a651df7df7,2019-03,North Yorkshire Police,North Yorkshire Police,-1.532962,54.006234,On or near King Edward'S Drive,E01027739,Harrogate 010F,Shoplifting,Under investigation,
c7a63b0acffd7bcbba524524f3bb5cacceabd1225486ea318614d677f1ea9029,2019-03,North Yorkshire Police,North Yorkshire Police,-1.536862,54.005423,On or near Petrol Station,E01027739,Harrogate 010F,Shoplifting,Under investigation,
6958895d0647db370e554f1c20e82185e7d074305d2645b7cea7c4d25730024b,2019-03,North Yorkshire Police,North Yorkshire Police,-1.532962,54.006234,On or near King Edward'S Drive,E01027739,Harrogate 010F,Violence and sexual offences,Under investigation,
9c9e6424575eaeb054c903f2104c6c248d198f9cbaea7b58e3dfb739da0626e5,2019-03,North Yorkshire Police,North Yorkshire Police,-1.536862,54.005423,On or near Petrol Station,E01027739,Harrogate 010F,Violence and sexual offences,Under investigation,
d29cfefbed8a1c7e76e76e872242461d623d128f4c103839d50b0db1c623b7a6,2019-03,North Yorkshire Police,North Yorkshire Police,-1.532962,54.006234,On or near King Edward'S Drive,E01027739,Harrogate 010F,Violence and sexual offences,Under investigation,
bca6d6eaa732c6c537fe064de107d306f595de05a5b2efd25cda61365989c041,2019-03,North Yorkshire Police,North Yorkshire Police,-1.536862,54.005423,On or near Petrol Station,E01027739,Harrogate 010F,Violence and sexual offences,Under investigation,
48706dd97d9439ec50507fb70b3adf58fc28844e80c9ba5c72dc6fffee7d3d99,2019-03,North Yorkshire Police,North Yorkshire Police,-1.525671,54.008767,On or near Poplar Grove,E01027741,Harrogate 010G,Violence and sexual offences,Unable to prosecute suspect,
,2019-03,North Yorkshire Police,North Yorkshire Police,-1.546699,54.002935,On or near Coppice View,E01027689,Harrogate 011A,Anti-social behaviour,,
,2019-03,North Yorkshire Police,North Yorkshire Police,-1.544299,54.004777,On or near Coppice Rise,E01027689,Harrogate 011A,Anti-social behaviour,,
,2019-03,North Yorkshire Police,North Yorkshire Police,-1.548127,54.003569,On or near Petrol Station,E01027689,Harrogate 011A,Anti-social behaviour,,
,2019-03,North Yorkshire Police,North Yorkshire Police,-1.548127,54.003569,On or near Petrol Station,E01027689,Harrogate 011A,Anti-social behaviour,,
,2019-03,North Yorkshire Police,North Yorkshire Police,-1.546712,54.003159,On or near Coppice Avenue,E01027689,Harrogate 011A,Anti-social behaviour,,
,2019-03,North Yorkshire Police,North Yorkshire Police,-1.548127,54.003569,On or near Petrol Station,E01027689,Harrogate 011A,Anti-social behaviour,,
,2019-03,North Yorkshire Police,North Yorkshire Police,-1.548127,54.003569,On or near Petrol Station,E01027689,Harrogate 011A,Anti-social behaviour,,
,2019-03,North Yorkshire Police,North Yorkshire Police,-1.548127,54.003569,On or near Petrol Station,E01027689,Harrogate 011A,Anti-social behaviour,,
,2019-03,North Yorkshire Police,North Yorkshire Police,-1.548127,54.003569,On or near Petrol Station,E01027689,Harrogate 011A,Anti-social behaviour,,
efe9ecebd8ef0eaceef26ac5e9a918987e728bb8301b4dc9da1d11b69d42fa09,2019-03,North Yorkshire Police,North Yorkshire Police,-1.547923,54.002643,On or near Coppice Gate,E01027689,Harrogate 011A,Criminal damage and arson,Investigation complete; no suspect identified,
0641b921729611d837d9f907883c51a4ef67700e31ef3bddffeb2b0e7f9843ff,2019-03,North Yorkshire Police,North Yorkshire Police,-1.547923,54.002643,On or near Coppice Gate,E01027689,Harrogate 011A,Criminal damage and arson,Investigation complete; no suspect identified,
7bcd6e26e4ad71098c1e1242afe484ef1fe86472136b7a57010c858d64a35910,2019-03,North Yorkshire Police,North Yorkshire Police,-1.547923,54.002643,On or near Coppice Gate,E01027689,Harrogate 011A,Criminal damage and arson,Investigation complete; no suspect identified,
4faac8a2e8de859b722ba9ace189ca03bbc1b62574e02a2c33946f3030b41ee6,2019-03,North Yorkshire Police,North Yorkshire Police,-1.548127,54.003569,On or near Petrol Station,E01027689,Harrogate 011A,Other theft,Investigation complete; no suspect identified,
926fc18960b10c89587eee6b7d50317e9a15ce2b41b0df8df56be9680c239847,2019-03,North Yorkshire Police,North Yorkshire Police,-1.548127,54.003569,On or near Petrol Station,E01027689,Harrogate 011A,Robbery,Under investigation,
138b828a156ab9531fe030e1c2f8f8f183ded5b0f1d89c4c998647e634ba4b62,2019-03,North Yorkshire Police,North Yorkshire Police,-1.550035,54.000619,On or near Oakdale Rise,E01027689,Harrogate 011A,Violence and sexual offences,Under investigation,
86ccdc54c097e0e38a9f69de3cf7bd52aba9c337f6293f4e7a1cd56394d63d0d,2019-03,North Yorkshire Police,North Yorkshire Police,-1.551716,54.000356,On or near Scargill Road,E01027689,Harrogate 011A,Violence and sexual offences,Formal action is not in the public interest,
,2019-03,North Yorkshire Police,North Yorkshire Police,-1.553831,54.007967,On or near Oak Beck Way,E01027691,Harrogate 011B,Anti-social behaviour,,
,2019-03,North Yorkshire Police,North Yorkshire Police,-1.553012,54.003291,On or near Stonebeck Avenue,E01027691,Harrogate 011B,Anti-social behaviour,,
,2019-03,North Yorkshire Police,North Yorkshire Police,-1.555206,54.006427,On or near Burnside Drive,E01027691,Harrogate 011B,Anti-social behaviour,,
,2019-03,North Yorkshire Police,North Yorkshire Police,-1.555206,54.006427,On or near Burnside Drive,E01027691,Harrogate 011B,Anti-social behaviour,,
,2019-03,North Yorkshire Police,North Yorkshire Police,-1.553792,54.004516,On or near Timble Grove,E01027691,Harrogate 011B,Anti-social behaviour,,
,2019-03,North Yorkshire Police,North Yorkshire Police,-1.553831,54.007967,On or near Oak Beck Way,E01027691,Harrogate 011B,Anti-social behaviour,,
,2019-03,North Yorkshire Police,North Yorkshire Police,-1.553831,54.007967,On or near Oak Beck Way,E01027691,Harrogate 011B,Anti-social behaviour,,
,2019-03,North Yorkshire Police,North Yorkshire Police,-1.553831,54.007967,On or near Oak Beck Way,E01027691,Harrogate 011B,Anti-social behaviour,,
59b78e53270ab6e8125be7e59887aa230fde6c8c9ce358203c108ca1e892f4f5,2019-03,North Yorkshire Police,North Yorkshire Police,-1.550523,54.009124,On or near Westville Oval,E01027691,Harrogate 011B,Drugs,Under investigation,
71ec2847011eccafb7a56dfc8759067b2e3c0345e85055337a95ae9c3a2eea0d,2019-03,North Yorkshire Police,North Yorkshire Police,-1.555206,54.006427,On or near Burnside Drive,E01027691,Harrogate 011B,Public order,Under investigation,
c2b82d81606f4a4617123e6e5500e9fea37c5e8c93bcdae3c806f9e20b83da1a,2019-03,North Yorkshire Police,North Yorkshire Police,-1.549974,54.004888,On or near Petrol Station,E01027691,Harrogate 011B,Public order,Investigation complete; no suspect identified,
afb1e8b529c1417d4d1c942cc059ba4b3f6766a213bdec8f0182f0da1095f960,2019-03,North Yorkshire Police,North Yorkshire Police,-1.554445,54.006199,On or near Euclid Avenue,E01027691,Harrogate 011B,Shoplifting,Under investigation,
d265d3300e85749c7476013fec5b2966d5239081b127fd4208baba0b2d876e78,2019-03,North Yorkshire Police,North Yorkshire Police,-1.553831,54.007967,On or near Oak Beck Way,E01027691,Harrogate 011B,Vehicle crime,Investigation complete; no suspect identified,
209aac84af83a2456830c72e70d0333b1ebde0feeb2e11e0ef003c0758cb3d62,2019-03,North Yorkshire Police,North Yorkshire Police,-1.550098,54.007513,On or near Park House Green,E01027691,Harrogate 011B,Vehicle crime,Investigation complete; no suspect identified,
6a8eda59186272f3280dfd1d87802bbe937331deb8f44ed982912b780783ade5,2019-03,North Yorkshire Police,North Yorkshire Police,-1.553831,54.007967,On or near Oak Beck Way,E01027691,Harrogate 011B,Violence and sexual offences,Under investigation,
9d3b40b782954dff66c20c1fe9fc610ffdf00e8a32acd61f583396367aa8a190,2019-03,North Yorkshire Police,North Yorkshire Police,-1.555045,54.002867,On or near Fewston Crescent,E01027691,Harrogate 011B,Violence and sexual offences,Unable to prosecute suspect,
4c8b72649b00bec0c15bf99bfc053a90af709bb888f1ebb9d606c5167a2907f0,2019-03,North Yorkshire Police,North Yorkshire Police,-1.553831,54.007967,On or near Oak Beck Way,E01027691,Harrogate 011B,Violence and sexual offences,Awaiting court outcome,
e1368a9359cd1d2823beca27fa78e9f3c0dd5a5ae39263e749ae66731670e285,2019-03,North Yorkshire Police,North Yorkshire Police,-1.553831,54.007967,On or near Oak Beck Way,E01027691,Harrogate 011B,Violence and sexual offences,Unable to prosecute suspect,
,2019-03,North Yorkshire Police,North Yorkshire Police,-1.568022,54.004981,On or near Salisbury Drive,E01027720,Harrogate 011C,Anti-social behaviour,,
,2019-03,North Yorkshire Police,North Yorkshire Police,-1.566786,54.004977,On or near Norwich Drive,E01027720,Harrogate 011C,Anti-social behaviour,,
,2019-03,North Yorkshire Police,North Yorkshire Police,-1.564536,54.004241,On or near Lichfield Grove,E01027720,Harrogate 011C,Anti-social behaviour,,
99bd2b81a5e205cecc830f5201913582261e06a7915890014ce2cfeb9253833f,2019-03,North Yorkshire Police,North Yorkshire Police,-1.557628,54.005303,On or near Markenfield Road,E01027720,Harrogate 011C,Bicycle theft,Investigation complete; no suspect identified,
9a1a9b5c65af93feb06d844ccdcb6a8665c9a67517b777eafe3047dc8ea37b61,2019-03,North Yorkshire Police,North Yorkshire Police,-1.557955,54.006158,On or near Nunnington Crescent,E01027720,Harrogate 011C,Burglary,Under investigation,
ba8cea2a24a71272d2fbd888ab6f8555338d266609055809e0907be8fdf87c90,2019-03,North Yorkshire Police,North Yorkshire Police,-1.566786,54.004977,On or near Norwich Drive,E01027720,Harrogate 011C,Criminal damage and arson,Investigation complete; no suspect identified,
c0038f44720cd3abd92a3c12aa13dd74c44be34941d17871f9efa50ec6daa91d,2019-03,North Yorkshire Police,North Yorkshire Police,-1.566063,54.005514,On or near Ely Close,E01027720,Harrogate 011C,Criminal damage and arson,Investigation complete; no suspect identified,
4742354c791374a79d9beae435fec32034cf349043ad247eb324283812a65d93,2019-03,North Yorkshire Police,North Yorkshire Police,-1.565400,54.004765,On or near Lincoln Grove,E01027720,Harrogate 011C,Violence and sexual offences,Offender given community sentence,
164fb8e9a15fc614bf3c6ad0b9b7bb2a7f03de9d818cfc280a50f314ac9333d5,2019-03,North Yorkshire Police,North Yorkshire Police,-1.574253,54.001364,On or near Petty Whin Close,E01027721,Harrogate 011D,Violence and sexual offences,Under investigation,
c04957a1a9f8bc6f4e371edc0a5034133c75597f2c30bea9cb269fe3b706e072,2019-03,North Yorkshire Police,North Yorkshire Police,-1.574253,54.001364,On or near Petty Whin Close,E01027721,Harrogate 011D,Violence and sexual offences,Under investigation,
,2019-03,North Yorkshire Police,North Yorkshire Police,-1.557885,54.004136,On or near Bramham Drive,E01027723,Harrogate 011E,Anti-social behaviour,,
,2019-03,North Yorkshire Police,North Yorkshire Police,-1.561497,54.003070,On or near Jenny Field Drive,E01027723,Harrogate 011E,Anti-social behaviour,,
,2019-03,North Yorkshire Police,North Yorkshire Police,-1.561343,54.004643,On or near Newby Crescent,E01027723,Harrogate 011E,Anti-social behaviour,,
,2019-03,North Yorkshire Police,North Yorkshire Police,-1.558128,54.002734,On or near Parking Area,E01027723,Harrogate 011E,Anti-social behaviour,,
,2019-03,North Yorkshire Police,North Yorkshire Police,-1.562189,54.002534,On or near Winksley Grove,E01027723,Harrogate 011E,Anti-social behaviour,,
,2019-03,North Yorkshire Police,North Yorkshire Police,-1.558128,54.002734,On or near Parking Area,E01027723,Harrogate 011E,Anti-social behaviour,,
,2019-03,North Yorkshire Police,North Yorkshire Police,-1.556957,54.001031,On or near Hartwith Drive,E01027723,Harrogate 011E,Anti-social behaviour,,
,2019-03,North Yorkshire Police,North Yorkshire Police,-1.561343,54.004643,On or near Newby Crescent,E01027723,Harrogate 011E,Anti-social behaviour,,
,2019-03,North Yorkshire Police,North Yorkshire Police,-1.556055,54.004075,On or near Bewerley Road,E01027723,Harrogate 011E,Anti-social behaviour,,
,2019-03,North Yorkshire Police,North Yorkshire Police,-1.559642,54.002407,On or near Grantley Place,E01027723,Harrogate 011E,Anti-social behaviour,,
,2019-03,North Yorkshire Police,North Yorkshire Police,-1.558128,54.002734,On or near Parking Area,E01027723,Harrogate 011E,Anti-social behaviour,,
0d0e1f35a1cb2e492f21a85861da0f5a44e95ebcc7feb66180d3c21764b1f57c,2019-03,North Yorkshire Police,North Yorkshire Police,-1.561343,54.004643,On or near Newby Crescent,E01027723,Harrogate 011E,Criminal damage and arson,Investigation complete; no suspect identified,
207f3c890f126aba7d4f2e2f62fd2d57c48579ee42e05816a8d8e48d99c7f329,2019-03,North Yorkshire Police,North Yorkshire Police,-1.556055,54.004075,On or near Bewerley Road,E01027723,Harrogate 011E,Criminal damage and arson,Investigation complete; no suspect identified,
6aa463934dbb75d54138fc7c6892095dcbc28222579d8ae64870b1c2a2f447e2,2019-03,North Yorkshire Police,North Yorkshire Police,-1.559189,54.004850,On or near Harewood Road,E01027723,Harrogate 011E,Criminal damage and arson,Investigation complete; no suspect identified,
8abbcb6a7c9eed051130fbfdddff6d657936b541517863b1796c4c3669aaa233,2019-03,North Yorkshire Police,North Yorkshire Police,-1.557885,54.004136,On or near Bramham Drive,E01027723,Harrogate 011E,Criminal damage and arson,Unable to prosecute suspect,
d17132f78f77cf3ddb0cdbe22a8c2c82fa24171439a03990e9c3b4a352e5d81f,2019-03,North Yorkshire Police,North Yorkshire Police,-1.558128,54.002734,On or near Parking Area,E01027723,Harrogate 011E,Shoplifting,Under investigation,
008f69809567bb5c57cd071c4fdff57dc7877d78a6fe5fedd50644b9bcce5749,2019-03,North Yorkshire Police,North Yorkshire Police,-1.558128,54.002734,On or near Parking Area,E01027723,Harrogate 011E,Shoplifting,Investigation complete; no suspect identified,
842f05d61defc897ff5be6926a370f0250a289e4b6077682cf101d95ac5b63d9,2019-03,North Yorkshire Police,North Yorkshire Police,-1.559189,54.004850,On or near Harewood Road,E01027723,Harrogate 011E,Violence and sexual offences,Under investigation,
d59b615eceef64839856b73dd287e4bf11872e7f8e885ffb5989d3808a0524e1,2019-03,North Yorkshire Police,North Yorkshire Police,-1.559189,54.004850,On or near Harewood Road,E01027723,Harrogate 011E,Violence and sexual offences,Unable to prosecute suspect,
5449cc8295cb0937b9675fa3a79c15d969d6afdcd2b25bf63c630adb64669e1b,2019-03,North Yorkshire Police,North Yorkshire Police,-1.559189,54.004850,On or near Harewood Road,E01027723,Harrogate 011E,Violence and sexual offences,Under investigation,
a9480c9beb0a81600c9d235c4cc885051062177af718f8ff995c6eb332e02c64,2019-03,North Yorkshire Police,North Yorkshire Police,-1.561343,54.004643,On or near Newby Crescent,E01027723,Harrogate 011E,Violence and sexual offences,Under investigation,
,2019-03,North Yorkshire Police,North Yorkshire Police,-1.453539,54.010277,On or near The Spinney,E01027670,Harrogate 012A,Anti-social behaviour,,
,2019-03,North Yorkshire Police,North Yorkshire Police,-1.453539,54.010277,On or near The Spinney,E01027670,Harrogate 012A,Anti-social behaviour,,
9797041d468269b033a2be47cbf801f3fe60f9f5da361ab5558984a2058652cf,2019-03,North Yorkshire Police,North Yorkshire Police,-1.448869,54.010292,On or near Borrowbydale Avenue,E01027670,Harrogate 012A,Vehicle crime,Investigation complete; no suspect identified,
b6e1348907b79459f547c02d3afea577a1046beadec2957a5e7368f9e2ca0b51,2019-03,North Yorkshire Police,North Yorkshire Police,-1.448959,54.005825,On or near Uldale Close,E01027670,Harrogate 012A,Vehicle crime,Investigation complete; no suspect identified,
923b711e2a59d92a9a44e449fa72ee7deff072eaf716640e059733cc653af264,2019-03,North Yorkshire Police,North Yorkshire Police,-1.454766,54.012107,On or near Park Lane,E01027670,Harrogate 012A,Violence and sexual offences,Under investigation,
6385922e1e86391dc2b156329a6c1fa7344aaac7c701ab61e7d42c957e29998e,2019-03,North Yorkshire Police,North Yorkshire Police,-1.448869,54.010292,On or near Borrowbydale Avenue,E01027670,Harrogate 012A,Violence and sexual offences,Formal action is not in the public interest,
5bb9b486c9e7a4c158079041836fc3c4d7ea3f312cf9722dbbbe41e6287ae168,2019-03,North Yorkshire Police,North Yorkshire Police,-1.451329,54.008883,On or near Cragdale Rise,E01027670,Harrogate 012A,Violence and sexual offences,Unable to prosecute suspect,
,2019-03,North Yorkshire Police,North Yorkshire Police,-1.451542,54.001990,On or near Byland Mews,E01027671,Harrogate 012B,Anti-social behaviour,,
,2019-03,North Yorkshire Police,North Yorkshire Police,-1.443800,54.000238,On or near Shopping Area,E01027671,Harrogate 012B,Anti-social behaviour,,
9565ce0ae9eca5a22d8407264bf1aa030dec1fe813a13018488d0022c234dc4a,2019-03,North Yorkshire Police,North Yorkshire Police,-1.443800,54.000238,On or near Shopping Area,E01027671,Harrogate 012B,Other theft,Under investigation,
7f683f08c3547f96e9975a2edcc4fdf41cadbb6b5890f279212803963fbcc873,2019-03,North Yorkshire Police,North Yorkshire Police,-1.451542,54.001990,On or near Byland Mews,E01027671,Harrogate 012B,Other theft,Investigation complete; no suspect identified,
cebaa6075388591b208e887348bc777d1d4d0f19426cd2cf90ed609ba41048e8,2019-03,North Yorkshire Police,North Yorkshire Police,-1.443800,54.000238,On or near Shopping Area,E01027671,Harrogate 012B,Shoplifting,Under investigation,
43ebe00d0a55947ba5c26da1d2372d8eb755d604a4c75bce3b8c76eb10948999,2019-03,North Yorkshire Police,North Yorkshire Police,-1.443800,54.000238,On or near Shopping Area,E01027671,Harrogate 012B,Shoplifting,Under investigation,
aec97bd218d388bfea7584d59773fd6d8e76d66df15c598339bdb7a4cb182cb6,2019-03,North Yorkshire Police,North Yorkshire Police,-1.451182,54.003831,On or near Petrol Station,E01027671,Harrogate 012B,Shoplifting,Under investigation,
bd2e1ff803b43b792c190db6c32e49bcf2db4e8d3fc867e4a2c25b36782e82ae,2019-03,North Yorkshire Police,North Yorkshire Police,-1.443714,53.999797,On or near Shopping Area,E01027671,Harrogate 012B,Shoplifting,Investigation complete; no suspect identified,
2b73dc8c946aeb495a908730dd6a0c397ace0f1524fbdb8882a2e65aa86c29dd,2019-03,North Yorkshire Police,North Yorkshire Police,-1.443800,54.000238,On or near Shopping Area,E01027671,Harrogate 012B,Shoplifting,Under investigation,
3f5af405c27db62447997a017aef5f26e54ece2961b59b1d994de856faff8784,2019-03,North Yorkshire Police,North Yorkshire Police,-1.454119,54.002056,On or near Farfield Avenue,E01027671,Harrogate 012B,Vehicle crime,Investigation complete; no suspect identified,
5fc44f0968a6893afbcca9d8fd0e5642f6cd9141530a0eac3f1a4863ebb44fb1,2019-03,North Yorkshire Police,North Yorkshire Police,-1.454119,54.002056,On or near Farfield Avenue,E01027671,Harrogate 012B,Vehicle crime,Investigation complete; no suspect identified,
d562257328147364637f045b0da12ae63e300c620f68415893ace39a06233d4d,2019-03,North Yorkshire Police,North Yorkshire Police,-1.456136,53.998371,On or near Abbots Way,E01027671,Harrogate 012B,Violence and sexual offences,Under investigation,
,2019-03,North Yorkshire Police,North Yorkshire Police,-1.470021,53.999260,On or near Belmont Avenue,E01027672,Harrogate 012C,Anti-social behaviour,,
,2019-03,North Yorkshire Police,North Yorkshire Police,-1.470021,53.999260,On or near Belmont Avenue,E01027672,Harrogate 012C,Anti-social behaviour,,
48cf4a75f6fd184a8b0e634e673f11e200013638e3fb9feba61e1ac094ad22ea,2019-03,North Yorkshire Police,North Yorkshire Police,-1.451594,54.000372,On or near Jervaulx Drive,E01027672,Harrogate 012C,Vehicle crime,Investigation complete; no suspect identified,
2c45d672e8f4986765fc2ae8f6e824782385b5d93804242ae4147463057e850a,2019-03,North Yorkshire Police,North Yorkshire Police,-1.452106,54.000842,On or near Fountains Way,E01027672,Harrogate 012C,Violence and sexual offences,Formal action is not in the public interest,
,2019-03,North Yorkshire Police,North Yorkshire Police,-1.497098,53.974057,On or near Rudding Lane,E01027704,Harrogate 012D,Anti-social behaviour,,
,2019-03,North Yorkshire Police,North Yorkshire Police,-1.517199,53.997202,On or near Torrs Road,E01027649,Harrogate 013A,Anti-social behaviour,,
,2019-03,North Yorkshire Police,North Yorkshire Police,-1.522725,53.999462,On or near Avondale Road,E01027649,Harrogate 013A,Anti-social behaviour,,
,2019-03,North Yorkshire Police,North Yorkshire Police,-1.518132,53.993000,On or near Hospital,E01027649,Harrogate 013A,Anti-social behaviour,,
,2019-03,North Yorkshire Police,North Yorkshire Police,-1.515745,53.993646,On or near Lancaster Park Road,E01027649,Harrogate 013A,Anti-social behaviour,,
,2019-03,North Yorkshire Police,North Yorkshire Police,-1.518713,54.000804,On or near Sports/Recreation Area,E01027649,Harrogate 013A,Anti-social behaviour,,
,2019-03,North Yorkshire Police,North Yorkshire Police,-1.518132,53.993000,On or near Hospital,E01027649,Harrogate 013A,Anti-social behaviour,,
,2019-03,North Yorkshire Police,North Yorkshire Police,-1.524938,53.996748,On or near Granby Park,E01027649,Harrogate 013A,Anti-social behaviour,,
,2019-03,North Yorkshire Police,North Yorkshire Police,-1.525088,53.999625,On or near Gascoigne Crescent,E01027649,Harrogate 013A,Anti-social behaviour,,
,2019-03,North Yorkshire Police,North Yorkshire Police,-1.518713,54.000804,On or near Sports/Recreation Area,E01027649,Harrogate 013A,Anti-social behaviour,,
,2019-03,North Yorkshire Police,North Yorkshire Police,-1.524412,54.001384,On or near Hambleton Road,E01027649,Harrogate 013A,Anti-social behaviour,,
,2019-03,North Yorkshire Police,North Yorkshire Police,-1.518132,53.993000,On or near Hospital,E01027649,Harrogate 013A,Anti-social behaviour,,
,2019-03,North Yorkshire Police,North Yorkshire Police,-1.518132,53.993000,On or near Hospital,E01027649,Harrogate 013A,Anti-social behaviour,,
,2019-03,North Yorkshire Police,North Yorkshire Police,-1.524938,53.996748,On or near Granby Park,E01027649,Harrogate 013A,Anti-social behaviour,,
,2019-03,North Yorkshire Police,North Yorkshire Police,-1.518132,53.993000,On or near Hospital,E01027649,Harrogate 013A,Anti-social behaviour,,
,2019-03,North Yorkshire Police,North Yorkshire Police,-1.518713,54.000804,On or near Sports/Recreation Area,E01027649,Harrogate 013A,Anti-social behaviour,,
fd2e0cafafcae6e7973ccd3dcc46ac3b8fe5291d899827fdf3c588428136ff71,2019-03,North Yorkshire Police,North Yorkshire Police,-1.518132,53.993000,On or near Hospital,E01027649,Harrogate 013A,Burglary,Unable to prosecute suspect,
47eb779c7d9c051cf06d0def703ea5abb59cb5462423f7eff97ed5e253045925,2019-03,North Yorkshire Police,North Yorkshire Police,-1.524412,54.001384,On or near Hambleton Road,E01027649,Harrogate 013A,Burglary,Investigation complete; no suspect identified,
e2c0de726efc901e71fad90d39ee578e516e9c54d1f74653490666b9b4c1d9c6,2019-03,North Yorkshire Police,North Yorkshire Police,-1.514530,53.999717,On or near Kingsley Drive,E01027649,Harrogate 013A,Criminal damage and arson,Unable to prosecute suspect,
8b133f83b4470ec3cebba0b28182cc457ac62e51f219de4fd674cd8a6993da0f,2019-03,North Yorkshire Police,North Yorkshire Police,-1.524412,54.001384,On or near Hambleton Road,E01027649,Harrogate 013A,Other theft,Unable to prosecute suspect,
1e4ff7f0aee564f95ff1e3d821fb4eacca658ef006ce66653504a25fb22340ef,2019-03,North Yorkshire Police,North Yorkshire Police,-1.521968,53.996332,On or near Highgate Park,E01027649,Harrogate 013A,Public order,Unable to prosecute suspect,
76eec78cdb83b668c32ec4527f3a046ac3145fc1c7651347a006cf747247e55f,2019-03,North Yorkshire Police,North Yorkshire Police,-1.518022,53.997206,On or near Anchor Road,E01027649,Harrogate 013A,Vehicle crime,Investigation complete; no suspect identified,
da2f47731d1030bb0ab1a006ab9731c32b31d8275bce1c60fd2ba590858df049,2019-03,North Yorkshire Police,North Yorkshire Police,-1.518713,54.000804,On or near Sports/Recreation Area,E01027649,Harrogate 013A,Violence and sexual offences,Under investigation,
9d30c2d87958608c685d8514c5af4d10e57d0a49d07efd434268ebb8a210754b,2019-03,North Yorkshire Police,North Yorkshire Police,-1.524412,54.001384,On or near Hambleton Road,E01027649,Harrogate 013A,Violence and sexual offences,Under investigation,
feca178cd6be9a0745b11a48c1ddbc27a3eeb2f2d3e1867bdbaba9d361ca11e8,2019-03,North Yorkshire Police,North Yorkshire Police,-1.522863,53.999445,On or near Slingsby Crescent,E01027649,Harrogate 013A,Violence and sexual offences,Unable to prosecute suspect,
726e02d531cd291c1121cb2118b38d86dde75d0d8f182519792fd41536f7b0bd,2019-03,North Yorkshire Police,North Yorkshire Police,-1.525088,53.999625,On or near Gascoigne Crescent,E01027649,Harrogate 013A,Violence and sexual offences,Under investigation,
25da40f51b3a08313eb3760dc077c0f1ae25cbaa3f48fce0d23eae74803dcfc5,2019-03,North Yorkshire Police,North Yorkshire Police,-1.518132,53.993000,On or near Hospital,E01027649,Harrogate 013A,Violence and sexual offences,Unable to prosecute suspect,
e70a0f69b0f84fd369b0f62459d66f7c1ded2ad7257b08bcfd8268677c78b2c5,2019-03,North Yorkshire Police,North Yorkshire Police,-1.522863,53.999445,On or near Slingsby Crescent,E01027649,Harrogate 013A,Violence and sexual offences,Unable to prosecute suspect,
c3fac024e0f7896a552845737ba8d3ee4f3086ffedc0335dc1bf40eb9d939551,2019-03,North Yorkshire Police,North Yorkshire Police,-1.516710,53.995933,On or near Hurstleigh Terrace,E01027649,Harrogate 013A,Violence and sexual offences,Under investigation,
8041058dd585fb533004c0a5fc39b85060217fa206d9df3f6cedeeadf8add209,2019-03,North Yorkshire Police,North Yorkshire Police,-1.524412,54.001384,On or near Hambleton Road,E01027649,Harrogate 013A,Violence and sexual offences,Unable to prosecute suspect,
764e631587f3deb377cae84af405b208d350db7f4b3da5f44ee6b7871eab007c,2019-03,North Yorkshire Police,North Yorkshire Police,-1.525088,53.999625,On or near Gascoigne Crescent,E01027649,Harrogate 013A,Violence and sexual offences,Under investigation,
f381f35baba544b7d17a5cd14060c353c4afa8d7721e184e5fbce04bee382c31,2019-03,North Yorkshire Police,North Yorkshire Police,-1.518713,54.000804,On or near Sports/Recreation Area,E01027649,Harrogate 013A,Violence and sexual offences,Unable to prosecute suspect,
5ab4c875801f38d1792a943d8f2759f92399707e4afb8e4747adb394dd705888,2019-03,North Yorkshire Police,North Yorkshire Police,-1.524412,54.001384,On or near Hambleton Road,E01027649,Harrogate 013A,Violence and sexual offences,Unable to prosecute suspect,
14e0a029dfcaaba6a14c589d5d5db5772ff88ec540250afc9cbac27d9d5e559e,2019-03,North Yorkshire Police,North Yorkshire Police,-1.522863,53.999445,On or near Slingsby Crescent,E01027649,Harrogate 013A,Violence and sexual offences,Unable to prosecute suspect,
5903d94dfd6e4159fe3b7fb69f7835fbc26d799560799a851c7e1c09a8ef8643,2019-03,North Yorkshire Police,North Yorkshire Police,-1.524412,54.001384,On or near Hambleton Road,E01027649,Harrogate 013A,Violence and sexual offences,Unable to prosecute suspect,
40acd974e5dec1c90e63d783216291227a32cb1d00d747dc9e89af39f7c7fb39,2019-03,North Yorkshire Police,North Yorkshire Police,-1.518713,54.000804,On or near Sports/Recreation Area,E01027649,Harrogate 013A,Violence and sexual offences,Under investigation,
7530d43db8157269a214f39cea2a2d1b9ec46714d6c96ba7bf3dffd8c1a4911e,2019-03,North Yorkshire Police,North Yorkshire Police,-1.524412,54.001384,On or near Hambleton Road,E01027649,Harrogate 013A,Violence and sexual offences,Unable to prosecute suspect,
184d0b39be6c19eaf70df5fe86cba1eeb2416e1877eeb1c911c7902337c286c6,2019-03,North Yorkshire Police,North Yorkshire Police,-1.524412,54.001384,On or near Hambleton Road,E01027649,Harrogate 013A,Violence and sexual offences,Under investigation,
feefe690ad600299153ea6dc4854dfbbee6a97a2a817f66324d6f0293262917c,2019-03,North Yorkshire Police,North Yorkshire Police,-1.524412,54.001384,On or near Hambleton Road,E01027649,Harrogate 013A,Violence and sexual offences,Under investigation,
391b4f6a9fb0c3d5afcde495a8654985bcb6413126a37d4f19293deeb7246701,2019-03,North Yorkshire Police,North Yorkshire Police,-1.518132,53.993000,On or near Hospital,E01027649,Harrogate 013A,Violence and sexual offences,Offender given community sentence,
ca85c6505243751928ce09ba33e77331653dbc33279a2cc5ba7f2486c90c3f33,2019-03,North Yorkshire Police,North Yorkshire Police,-1.525088,53.999625,On or near Gascoigne Crescent,E01027649,Harrogate 013A,Violence and sexual offences,Under investigation,
e9a83a6189caba95bda16219f59b3f5d5fc022f7a733b01c4273d9d4d8b5f35d,2019-03,North Yorkshire Police,North Yorkshire Police,-1.522725,53.999462,On or near Avondale Road,E01027649,Harrogate 013A,Violence and sexual offences,Unable to prosecute suspect,
feb245698ef62195267070a7e196ca780f5793827486e16c14df621e888d42bc,2019-03,North Yorkshire Police,North Yorkshire Police,-1.516710,53.995933,On or near Hurstleigh Terrace,E01027649,Harrogate 013A,Violence and sexual offences,Under investigation,
,2019-03,North Yorkshire Police,North Yorkshire Police,-1.513759,53.991320,On or near Sports/Recreation Area,E01027651,Harrogate 013B,Anti-social behaviour,,
,2019-03,North Yorkshire Police,North Yorkshire Police,-1.512488,53.991719,On or near St Nicholas Road,E01027651,Harrogate 013B,Anti-social behaviour,,
,2019-03,North Yorkshire Police,North Yorkshire Police,-1.508708,53.992791,On or near Tyson Place,E01027651,Harrogate 013B,Anti-social behaviour,,
,2019-03,North Yorkshire Police,North Yorkshire Police,-1.511137,53.993745,On or near Fairfax Avenue,E01027651,Harrogate 013B,Anti-social behaviour,,
adca14ab05cdff2e647bd1005c15e580ee32548efd343026f909e8cd3626d77d,2019-03,North Yorkshire Police,North Yorkshire Police,-1.512488,53.991719,On or near St Nicholas Road,E01027651,Harrogate 013B,Other theft,Investigation complete; no suspect identified,
96e002d48b772275ea48780844d24197b6a91e80b1b7f2c149a9cccee0b908d3,2019-03,North Yorkshire Police,North Yorkshire Police,-1.510831,53.995172,On or near Tunstall Road,E01027651,Harrogate 013B,Shoplifting,Under investigation,
6d3890a2850e57d55f1ad2abd00169d5c4933479d644b592f807404fa0597c49,2019-03,North Yorkshire Police,North Yorkshire Police,-1.510831,53.995172,On or near Tunstall Road,E01027651,Harrogate 013B,Shoplifting,Under investigation,
d611da90a7b25c752f5a5371735fa8e9d40972ca3a37204622f537dd2c48a4a8,2019-03,North Yorkshire Police,North Yorkshire Police,-1.510831,53.995172,On or near Tunstall Road,E01027651,Harrogate 013B,Shoplifting,Under investigation,
395018ff1c190749caa9ca0504436fa38368c35416419012db5a9f08743478a7,2019-03,North Yorkshire Police,North Yorkshire Police,-1.508875,53.995461,On or near Kennion Road,E01027651,Harrogate 013B,Violence and sexual offences,Under investigation,
,2019-03,North Yorkshire Police,North Yorkshire Police,-1.534783,54.003060,On or near Skipton Road,E01027657,Harrogate 013C,Anti-social behaviour,,
,2019-03,North Yorkshire Police,North Yorkshire Police,-1.534976,54.002135,On or near Waterloo Street,E01027657,Harrogate 013C,Anti-social behaviour,,
,2019-03,North Yorkshire Police,North Yorkshire Police,-1.534908,54.001416,On or near Chatsworth Terrace,E01027657,Harrogate 013C,Anti-social behaviour,,
,2019-03,North Yorkshire Police,North Yorkshire Police,-1.534403,54.000137,On or near Elmwood Street,E01027657,Harrogate 013C,Anti-social behaviour,,
,2019-03,North Yorkshire Police,North Yorkshire Police,-1.535926,54.000422,On or near Grove Road,E01027657,Harrogate 013C,Anti-social behaviour,,
a37b48800394cb898e021d9603c8d6b1483d8709c387aba36d84d0f6829257e2,2019-03,North Yorkshire Police,North Yorkshire Police,-1.536804,54.000991,On or near Chatsworth Place,E01027657,Harrogate 013C,Burglary,Under investigation,
0f2769da693dc44db2285d650f77067e6dbeedc88d8215205db089fccc01a09d,2019-03,North Yorkshire Police,North Yorkshire Police,-1.538624,53.999255,On or near Franklin Mount,E01027657,Harrogate 013C,Criminal damage and arson,Investigation complete; no suspect identified,
e7864a7e9833bef6da172096a68afd38bc83e673765a3fc590c836f54fd821b8,2019-03,North Yorkshire Police,North Yorkshire Police,-1.538624,53.999255,On or near Franklin Mount,E01027657,Harrogate 013C,Other theft,Investigation complete; no suspect identified,
c9b7abbad35301fc39ad32da61c89138242451ab551b54cda5dfa722504d191c,2019-03,North Yorkshire Police,North Yorkshire Police,-1.534783,54.003060,On or near Skipton Road,E01027657,Harrogate 013C,Violence and sexual offences,Under investigation,
27046792355120042dd36647fc2b165a6bcee9556a2003e541fcfc1953b042fd,2019-03,North Yorkshire Police,North Yorkshire Police,-1.534403,54.000137,On or near Elmwood Street,E01027657,Harrogate 013C,Violence and sexual offences,Awaiting court outcome,
707a511d6d4f37fe299147c18fcfffa50732b15264aa2e12ea0b9973ef07a7ca,2019-03,North Yorkshire Police,North Yorkshire Police,-1.535926,54.000422,On or near Grove Road,E01027657,Harrogate 013C,Violence and sexual offences,Under investigation,
8ffd251d7f6dea6afd3d2f27394aa87c194d6c4545fbafb8fd2ca85a9aac3327,2019-03,North Yorkshire Police,North Yorkshire Police,-1.534403,54.000137,On or near Elmwood Street,E01027657,Harrogate 013C,Violence and sexual offences,Under investigation,
603441f9a1185bc32c0595981d4d12dc0d41559ad05c2a1a8b95200b340f14bb,2019-03,North Yorkshire Police,North Yorkshire Police,-1.538624,53.999255,On or near Franklin Mount,E01027657,Harrogate 013C,Violence and sexual offences,Unable to prosecute suspect,
,2019-03,North Yorkshire Police,North Yorkshire Police,-1.530459,53.999565,On or near Regent Grove,E01027658,Harrogate 013D,Anti-social behaviour,,
,2019-03,North Yorkshire Police,North Yorkshire Police,-1.522400,53.994563,On or near Knaresborough Road,E01027658,Harrogate 013D,Anti-social behaviour,,
,2019-03,North Yorkshire Police,North Yorkshire Police,-1.527175,53.999929,On or near Devonshire Way,E01027658,Harrogate 013D,Anti-social behaviour,,
384e17143e1a5b00a857756b6ae4e41471724f4b28140eb7ed98f504c9a1f373,2019-03,North Yorkshire Police,North Yorkshire Police,-1.530459,53.999565,On or near Regent Grove,E01027658,Harrogate 013D,Drugs,Offender deprived of property,
767cf2311733b86c65c685451f26934f8cc8ba8b184e70b758d86b988d7486b0,2019-03,North Yorkshire Police,North Yorkshire Police,-1.530459,53.999565,On or near Regent Grove,E01027658,Harrogate 013D,Drugs,Under investigation,
0f8344ebc232c85fb432eb38b98d5c254d85e2010481f628ec8acd5d9e1cf7c0,2019-03,North Yorkshire Police,North Yorkshire Police,-1.527888,53.998881,On or near Chestnut Avenue,E01027658,Harrogate 013D,Possession of weapons,Under investigation,
eb659dc7b5a6e17c4787420c65ec0a45eeaf2eb02acbd03717ce381389885590,2019-03,North Yorkshire Police,North Yorkshire Police,-1.529247,54.000153,On or near Grove Park Walk,E01027658,Harrogate 013D,Violence and sexual offences,Unable to prosecute suspect,
b2aa7879b2a2ac1261a991095ef47f0fbd2b2c20a29463caba53b1c4bb184d58,2019-03,North Yorkshire Police,North Yorkshire Police,-1.530197,53.998431,On or near Skipton Road,E01027658,Harrogate 013D,Violence and sexual offences,Under investigation,
04a076cc24a8384fe594f02cfd34ca088dde97eda37c671f75f15b1d3b26bce1,2019-03,North Yorkshire Police,North Yorkshire Police,-1.530197,53.998431,On or near Skipton Road,E01027658,Harrogate 013D,Violence and sexual offences,Under investigation,
534c430d2bcc2ea93024b130a3663cf998f2e0b7bfb085eb679c0cb0043dbb06,2019-03,North Yorkshire Police,North Yorkshire Police,-1.528584,53.999414,On or near Regent Avenue,E01027658,Harrogate 013D,Violence and sexual offences,Unable to prosecute suspect,
cf7e811e4571d0cd6b6ac965aa15b028045d556d09c3fa7030b1d4b12b268438,2019-03,North Yorkshire Police,North Yorkshire Police,-1.529868,53.999158,On or near Regent Terrace,E01027658,Harrogate 013D,Violence and sexual offences,Unable to prosecute suspect,
19f6f7fca13b46c67d688c61a40fa8dfd7d9fd995c1701c9d1ed0181562d9a3c,2019-03,North Yorkshire Police,North Yorkshire Police,-1.528584,53.999414,On or near Regent Avenue,E01027658,Harrogate 013D,Violence and sexual offences,Unable to prosecute suspect,
cbabb1fa4170ebaa7e75a7c0b27b0055bdd759e111cfecf1156fe751d597252b,2019-03,North Yorkshire Police,North Yorkshire Police,-1.527399,53.997665,On or near Lime Grove,E01027658,Harrogate 013D,Other crime,Under investigation,
,2019-03,North Yorkshire Police,North Yorkshire Police,-1.541136,54.002491,On or near Osborne Road,E01027692,Harrogate 013E,Anti-social behaviour,,
,2019-03,North Yorkshire Police,North Yorkshire Police,-1.542778,54.001599,On or near Osborne Gardens,E01027692,Harrogate 013E,Anti-social behaviour,,
cf3214779faa3e88e84b13b61e806a32570c881576df21964f93309374028a02,2019-03,North Yorkshire Police,North Yorkshire Police,-1.541630,54.001936,On or near Chatsworth Grove,E01027692,Harrogate 013E,Criminal damage and arson,Investigation complete; no suspect identified,
65a8a157466199d40a00fa3410fe1f5d64034b806b48b00184ccc72a4b3e7d64,2019-03,North Yorkshire Police,North Yorkshire Police,-1.537967,54.003441,On or near Dawson Terrace,E01027692,Harrogate 013E,Other theft,Under investigation,
d22a27c4305ad3e56e0dcff226c9b9e6d1f60f3d9f9af93526b897ce1be761af,2019-03,North Yorkshire Police,North Yorkshire Police,-1.539320,54.001109,On or near West Grove Road,E01027692,Harrogate 013E,Possession of weapons,Awaiting court outcome,
bb19304b231e433cc9bcb6e537474be566cc710ea2b026d04cadfa49341b346a,2019-03,North Yorkshire Police,North Yorkshire Police,-1.537848,54.003189,On or near Supermarket,E01027692,Harrogate 013E,Shoplifting,Under investigation,
3ddd97648e0be4b75634d48a8b913b45dc7ea427603c7a1871f7c6d56ea5bb31,2019-03,North Yorkshire Police,North Yorkshire Police,-1.538499,54.002247,On or near De Ferrieres Avenue,E01027692,Harrogate 013E,Violence and sexual offences,Under investigation,
,2019-03,North Yorkshire Police,North Yorkshire Police,-1.531530,54.004656,On or near Albany Avenue,E01027740,Harrogate 013F,Anti-social behaviour,,
,2019-03,North Yorkshire Police,North Yorkshire Police,-1.524623,54.007002,On or near Woodfield Road,E01027740,Harrogate 013F,Anti-social behaviour,,
,2019-03,North Yorkshire Police,North Yorkshire Police,-1.533030,54.002936,On or near Woodfield Grove,E01027740,Harrogate 013F,Anti-social behaviour,,
,2019-03,North Yorkshire Police,North Yorkshire Police,-1.529377,54.004863,On or near Elm Road,E01027740,Harrogate 013F,Anti-social behaviour,,
,2019-03,North Yorkshire Police,North Yorkshire Police,-1.529377,54.004863,On or near Elm Road,E01027740,Harrogate 013F,Anti-social behaviour,,
,2019-03,North Yorkshire Police,North Yorkshire Police,-1.529377,54.004863,On or near Elm Road,E01027740,Harrogate 013F,Anti-social behaviour,,
,2019-03,North Yorkshire Police,North Yorkshire Police,-1.529377,54.004863,On or near Elm Road,E01027740,Harrogate 013F,Anti-social behaviour,,
,2019-03,North Yorkshire Police,North Yorkshire Police,-1.527876,54.005361,On or near Alder Road,E01027740,Harrogate 013F,Anti-social behaviour,,
,2019-03,North Yorkshire Police,North Yorkshire Police,-1.524623,54.007002,On or near Woodfield Road,E01027740,Harrogate 013F,Anti-social behaviour,,
,2019-03,North Yorkshire Police,North Yorkshire Police,-1.523158,54.006996,On or near Dene Park,E01027740,Harrogate 013F,Anti-social behaviour,,
d92494c00de0e9d37f31e53b95ff374d4dd763ac1e0beffafa301f375d5d751e,2019-03,North Yorkshire Police,North Yorkshire Police,-1.530736,54.003431,On or near Woodfield Avenue,E01027740,Harrogate 013F,Burglary,Under investigation,
15e535446b618420e0dfb36423a08e85b8cd69f19928339b071da95e8e3c7084,2019-03,North Yorkshire Police,North Yorkshire Police,-1.529377,54.004863,On or near Elm Road,E01027740,Harrogate 013F,Criminal damage and arson,Awaiting court outcome,
ba9471899d2608f85ff6a1b7418d3cdd5fa8fb246e6933de5418afe6181e64e9,2019-03,North Yorkshire Police,North Yorkshire Police,-1.523158,54.006996,On or near Dene Park,E01027740,Harrogate 013F,Criminal damage and arson,Investigation complete; no suspect identified,
3727f32fb5fcedfc5ffc612d0e176efe9c68b96f301b00496ae17f577207d264,2019-03,North Yorkshire Police,North Yorkshire Police,-1.533030,54.002936,On or near Woodfield Grove,E01027740,Harrogate 013F,Drugs,Under investigation,
873670a33bd272a30c0a59596362029d99751eba9d3f12c1391c8bfd57b06bc7,2019-03,North Yorkshire Police,North Yorkshire Police,-1.523158,54.006996,On or near Dene Park,E01027740,Harrogate 013F,Other theft,Under investigation,
152febb0825a7543446a1d5ebd202d86eb7befe7959a4fc298733101c3f9a502,2019-03,North Yorkshire Police,North Yorkshire Police,-1.529377,54.004863,On or near Elm Road,E01027740,Harrogate 013F,Other theft,Under investigation,
87d30ff0fbcd56ff11d17a3daa0fad63587ac73e382c99158891887ba197af04,2019-03,North Yorkshire Police,North Yorkshire Police,-1.529377,54.004863,On or near Elm Road,E01027740,Harrogate 013F,Public order,Awaiting court outcome,
58968ac9d4645bf852648701f739d36e16b861bb5378a47e1729fa63c757a817,2019-03,North Yorkshire Police,North Yorkshire Police,-1.529377,54.004863,On or near Elm Road,E01027740,Harrogate 013F,Violence and sexual offences,Under investigation,
5b291d415b7d7c88b066e1a0a0cfa04c65723f122cbd5c04b9718ce2888b6b76,2019-03,North Yorkshire Police,North Yorkshire Police,-1.529143,54.006696,On or near Charles Avenue,E01027740,Harrogate 013F,Violence and sexual offences,Under investigation,
a3d4e050fdb9a0063545a8072ce2eaf67d7c6f4901592d04a4cbd4ca931a88d2,2019-03,North Yorkshire Police,North Yorkshire Police,-1.533030,54.002936,On or near Woodfield Grove,E01027740,Harrogate 013F,Violence and sexual offences,Under investigation,
21b3533d28a87f3b968bf44467fd3df5e0a0f1d131e0afc8f30a2dfce5a0d69c,2019-03,North Yorkshire Police,North Yorkshire Police,-1.524623,54.007002,On or near Woodfield Road,E01027740,Harrogate 013F,Violence and sexual offences,Under investigation,
,2019-03,North Yorkshire Police,North Yorkshire Police,-1.509370,53.997476,On or near Century Walk,E01027648,Harrogate 014A,Anti-social behaviour,,
5772e40fbddf5950a9553d54f0f22f0a778788d2bcc074cb9d1b872759afeb95,2019-03,North Yorkshire Police,North Yorkshire Police,-1.509370,53.997476,On or near Century Walk,E01027648,Harrogate 014A,Burglary,Investigation complete; no suspect identified,
fcb2bf4947e702944d6415fdaca36a88bca9f582775e6f2a1d147e9db9dd68c7,2019-03,North Yorkshire Police,North Yorkshire Police,-1.505141,53.993918,On or near Cawthorn Place,E01027648,Harrogate 014A,Drugs,Under investigation,
2b33e8b875f6b47fe5759347e0009306f195b8323067ade961a07a1bc81bc0d6,2019-03,North Yorkshire Police,North Yorkshire Police,-1.509370,53.997476,On or near Century Walk,E01027648,Harrogate 014A,Violence and sexual offences,Under investigation,
93641a54dcc677c0abfa2dae89bc38db0c35e0140d102d6fdf81c2289d4cda72,2019-03,North Yorkshire Police,North Yorkshire Police,-1.509370,53.997476,On or near Century Walk,E01027648,Harrogate 014A,Violence and sexual offences,Under investigation,
73f0ac8bfbe6b3ce4c71813ed0ec638b9a7dddfc9617dd3bd366bcc8e72147ea,2019-03,North Yorkshire Police,North Yorkshire Police,-1.509370,53.997476,On or near Century Walk,E01027648,Harrogate 014A,Violence and sexual offences,Under investigation,
6db8a811d20698856e867fa70fe31e10ff0e7f0f5d85585de52ebc9c0f5d669c,2019-03,North Yorkshire Police,North Yorkshire Police,-1.505609,53.994288,On or near 6Th Avenue,E01027648,Harrogate 014A,Violence and sexual offences,Unable to prosecute suspect,
,2019-03,North Yorkshire Police,North Yorkshire Police,-1.512090,53.997101,On or near Malden Road,E01027650,Harrogate 014B,Anti-social behaviour,,
,2019-03,North Yorkshire Police,North Yorkshire Police,-1.515733,53.998608,On or near Leyland Crescent,E01027650,Harrogate 014B,Anti-social behaviour,,
,2019-03,North Yorkshire Police,North Yorkshire Police,-1.512783,53.996484,On or near Supermarket,E01027650,Harrogate 014B,Anti-social behaviour,,
078738662029507ca093acd3427b3f7081723fa248cfbbd528bc48b387f8508b,2019-03,North Yorkshire Police,North Yorkshire Police,-1.514049,53.995212,On or near St Andrew'S Crescent,E01027650,Harrogate 014B,Criminal damage and arson,Under investigation,
f47580e7adaa9607dfc4e71e2a145f7153f282d05c49692d50cff2d1c7feed5e,2019-03,North Yorkshire Police,North Yorkshire Police,-1.512783,53.996484,On or near Supermarket,E01027650,Harrogate 014B,Other theft,Under investigation,
7d3b68c9a31f7d6023ca9181e9b1523aa85bf62e264c8115e6cfc4c253345928,2019-03,North Yorkshire Police,North Yorkshire Police,-1.512783,53.996484,On or near Supermarket,E01027650,Harrogate 014B,Shoplifting,Under investigation,
e69073cb903c18aaa1b7d82abf07d1e56e67f2051bb2251a5b747e0f9ce78a69,2019-03,North Yorkshire Police,North Yorkshire Police,-1.512783,53.996484,On or near Supermarket,E01027650,Harrogate 014B,Shoplifting,Under investigation,
c4e957553077555f3c6da4be45449bb43df57094ffd8c1c92cafccaf2e463269,2019-03,North Yorkshire Police,North Yorkshire Police,-1.515733,53.998608,On or near Leyland Crescent,E01027650,Harrogate 014B,Violence and sexual offences,Under investigation,
8dce654174d1ebd85907301bd43db17faef55dcf455a0bd70873018ab5da46fb,2019-03,North Yorkshire Police,North Yorkshire Police,-1.513880,53.993971,On or near St Andrew'S Place,E01027650,Harrogate 014B,Violence and sexual offences,Unable to prosecute suspect,
2547373315fe144b96c382a2e9c704e08cfac380b2faad573d8d104340404648,2019-03,North Yorkshire Police,North Yorkshire Police,-1.515733,53.998608,On or near Leyland Crescent,E01027650,Harrogate 014B,Violence and sexual offences,Under investigation,
,2019-03,North Yorkshire Police,North Yorkshire Police,-1.502032,54.003935,On or near Allotment Gardens,E01027726,Harrogate 014C,Anti-social behaviour,,
,2019-03,North Yorkshire Police,North Yorkshire Police,-1.493291,54.002596,On or near Millfield Glade,E01027726,Harrogate 014C,Anti-social behaviour,,
deac7dab55faccc744c01486da75fd7eb901b05d919739692ebe31808874f1ef,2019-03,North Yorkshire Police,North Yorkshire Police,-1.502804,54.003193,On or near Diamond Grove,E01027726,Harrogate 014C,Bicycle theft,Investigation complete; no suspect identified,
6146c2592e447d5185a7f88a29e16cd8686e5f232f60e03c6580fdb737169233,2019-03,North Yorkshire Police,North Yorkshire Police,-1.493291,54.002596,On or near Millfield Glade,E01027726,Harrogate 014C,Burglary,Under investigation,
c1c8454c03bc66b5fadbeca5396a6b124d0b55b51acba71403cb3bc6d6f30e6c,2019-03,North Yorkshire Police,North Yorkshire Police,-1.495782,54.002229,On or near Highbank Grove,E01027726,Harrogate 014C,Other theft,Under investigation,
12de3a075da770a06d57f1a8fb650c05802a15ea8abfbebc1691870fa49d633c,2019-03,North Yorkshire Police,North Yorkshire Police,-1.497543,54.001715,On or near Avenue Close,E01027726,Harrogate 014C,Robbery,Under investigation,
ae32f9a96a57a5efbedf105dfc060a24790c259a8f98cb362dc5ad29be1a6924,2019-03,North Yorkshire Police,North Yorkshire Police,-1.503339,54.003078,On or near Diamond Place,E01027726,Harrogate 014C,Vehicle crime,Unable to prosecute suspect,
4662ba9e8626eeeffe931ae241b1becaa25c9f3ae82cf5e66b020397956d12b6,2019-03,North Yorkshire Police,North Yorkshire Police,-1.502200,54.002597,On or near Harrison Grove,E01027726,Harrogate 014C,Vehicle crime,Investigation complete; no suspect identified,
d987d0342bf0141f612bb5ef5acf8ec90427f0772fe2f2def1105a635fd18f39,2019-03,North Yorkshire Police,North Yorkshire Police,-1.504712,54.003093,On or near Emerald Close,E01027726,Harrogate 014C,Violence and sexual offences,Under investigation,
a95e84438b51d558e40d12909c9f75f729b14f6b5b16be091423e88b4ac28ef6,2019-03,North Yorkshire Police,North Yorkshire Police,-1.503339,54.003078,On or near Diamond Place,E01027726,Harrogate 014C,Violence and sexual offences,Under investigation,
a1bb7c1676ad437d5de70eb90648ea48a772437f47cc46bc3525e25e1c359988,2019-03,North Yorkshire Police,North Yorkshire Police,-1.504712,54.003093,On or near Emerald Close,E01027726,Harrogate 014C,Violence and sexual offences,Under investigation,
06d0749671c64243354e16c0c0697f122304f9d9f53ec88480a9a22a854572d9,2019-03,North Yorkshire Police,North Yorkshire Police,-1.497543,54.001715,On or near Avenue Close,E01027726,Harrogate 014C,Violence and sexual offences,Under investigation,
0b074fe61aba42be133ba19ee2cba37c39e986d30c2a3fbd3b329579ce1f0a44,2019-03,North Yorkshire Police,North Yorkshire Police,-1.497543,54.001715,On or near Avenue Close,E01027726,Harrogate 014C,Violence and sexual offences,Under investigation,
c4a8d16a1af5e867847be35b2e6ca18312afaed5ac5c3bf299a8e4b1dd9b863b,2019-03,North Yorkshire Police,North Yorkshire Police,-1.495782,54.002229,On or near Highbank Grove,E01027726,Harrogate 014C,Violence and sexual offences,Under investigation,
fbc8213d54cb1992b2ce4768b6fe761c80a133dab61721b0a7dfdf58fd9dd1e8,2019-03,North Yorkshire Police,North Yorkshire Police,-1.497543,54.001715,On or near Avenue Close,E01027726,Harrogate 014C,Violence and sexual offences,Under investigation,
0e63f150fb504b74b71a952c22d7fa745f1180d78e53214582614b286e6ec65b,2019-03,North Yorkshire Police,North Yorkshire Police,-1.495782,54.002229,On or near Highbank Grove,E01027726,Harrogate 014C,Other crime,Under investigation,
,2019-03,North Yorkshire Police,North Yorkshire Police,-1.506528,54.001770,On or near Olive Way,E01027727,Harrogate 014D,Anti-social behaviour,,
,2019-03,North Yorkshire Police,North Yorkshire Police,-1.504540,53.997034,On or near Petrol Station,E01027727,Harrogate 014D,Anti-social behaviour,,
,2019-03,North Yorkshire Police,North Yorkshire Police,-1.499393,54.000105,On or near Albert Place,E01027727,Harrogate 014D,Anti-social behaviour,,
,2019-03,North Yorkshire Police,North Yorkshire Police,-1.502468,53.999335,On or near Station View,E01027727,Harrogate 014D,Anti-social behaviour,,
b0b257394ba8e06434822ae4193f0918012845322d7f31f4cc1ecc7fe0bab965,2019-03,North Yorkshire Police,North Yorkshire Police,-1.499393,54.000105,On or near Albert Place,E01027727,Harrogate 014D,Bicycle theft,Investigation complete; no suspect identified,
dcbcccc09a6bee68aeaf75c490a79a6ad73724a000b967784f047ba9554756b2,2019-03,North Yorkshire Police,North Yorkshire Police,-1.502468,53.999335,On or near Station View,E01027727,Harrogate 014D,Burglary,Investigation complete; no suspect identified,
77c74e87d142c24047f3fa1e95c7b8a33aa7b6206ed8feef38aaee8eeda9a62a,2019-03,North Yorkshire Police,North Yorkshire Police,-1.500115,53.998382,On or near Pedestrian Subway,E01027727,Harrogate 014D,Shoplifting,Under investigation,
b077e61d4833f01474e9014006ab284e4a89e8e47428b19fe6fb09748f7b9ae5,2019-03,North Yorkshire Police,North Yorkshire Police,-1.499393,54.000105,On or near Albert Place,E01027727,Harrogate 014D,Vehicle crime,Investigation complete; no suspect identified,
cbec6f3b148e72c48d13931893045a270304fe8dfb106c059b787167fa6ac4b8,2019-03,North Yorkshire Police,North Yorkshire Police,-1.499393,54.000105,On or near Albert Place,E01027727,Harrogate 014D,Violence and sexual offences,Under investigation,
007c9d551622e6b0277cb3ed878e55a42aa09a598ddd7fb2b0163e87bae562c6,2019-03,North Yorkshire Police,North Yorkshire Police,-1.492625,53.999600,On or near Forest Lane,E01027728,Harrogate 014E,Burglary,Under investigation,
cce8bff15a7dd9ea154222f4d0e40dccc8085fd5e8669efe470ad80b2e1f7e54,2019-03,North Yorkshire Police,North Yorkshire Police,-1.493210,53.996645,On or near Forest Way,E01027728,Harrogate 014E,Criminal damage and arson,Investigation complete; no suspect identified,
a4b1dc2459613956231080b54d8471dc0e114df1a5e738fb986bb067af564cb4,2019-03,North Yorkshire Police,North Yorkshire Police,-1.495892,53.998167,On or near Forest Avenue,E01027728,Harrogate 014E,Criminal damage and arson,Investigation complete; no suspect identified,
a20d71a763eae60b85b0dbdc771ac690abfeaa531177ccfeea85bff07d6985af,2019-03,North Yorkshire Police,North Yorkshire Police,-1.495892,53.998167,On or near Forest Avenue,E01027728,Harrogate 014E,Other theft,Investigation complete; no suspect identified,
75dc7faf11d2e4dcb0910df1e6e7e58ecaca6f89409c7e4921f4e450bd8ab2c7,2019-03,North Yorkshire Police,North Yorkshire Police,-1.495892,53.998167,On or near Forest Avenue,E01027728,Harrogate 014E,Other theft,Under investigation,
9282a0f3f309061dfa10677a61dad0fbcebdb156cbf98f9245a68fb08421293c,2019-03,North Yorkshire Police,North Yorkshire Police,-1.498540,53.998672,On or near Spa Terrace,E01027728,Harrogate 014E,Robbery,Offender sent to prison,
b4b0d9fe4bea7f2bb615039f229b5a02c1fe885924f6f27835c1db25334b33ea,2019-03,North Yorkshire Police,North Yorkshire Police,-1.494135,53.998366,On or near Forest Close,E01027728,Harrogate 014E,Violence and sexual offences,Unable to prosecute suspect,
f2c3ef0c2bf9d61960dae59479913e71ad3e768680a7fb762eb39d85c933c49f,2019-03,North Yorkshire Police,North Yorkshire Police,-1.497277,53.998406,On or near Belmont Terrace,E01027728,Harrogate 014E,Violence and sexual offences,Under investigation,
,2019-03,North Yorkshire Police,North Yorkshire Police,-1.500196,53.995452,On or near Prospect Close,E01027729,Harrogate 014F,Anti-social behaviour,,
,2019-03,North Yorkshire Police,North Yorkshire Police,-1.498826,53.996507,On or near Sycamore Drive,E01027729,Harrogate 014F,Anti-social behaviour,,
,2019-03,North Yorkshire Police,North Yorkshire Police,-1.500032,53.996359,On or near Prospect Road,E01027729,Harrogate 014F,Anti-social behaviour,,
,2019-03,North Yorkshire Police,North Yorkshire Police,-1.501272,53.997272,On or near Avenue Terrace,E01027729,Harrogate 014F,Anti-social behaviour,,
,2019-03,North Yorkshire Police,North Yorkshire Police,-1.498546,53.999463,On or near High Street,E01027729,Harrogate 014F,Anti-social behaviour,,
83b617c9b8c35e9dd3c5f467b9d30a8dd740c71124c8898a9a44f5ccd495f718,2019-03,North Yorkshire Police,North Yorkshire Police,-1.501272,53.997272,On or near Avenue Terrace,E01027729,Harrogate 014F,Drugs,Under investigation,
ede163bfdd4d0a396d436f1ab72c7b3ae33c6aacc5387323bcc1c3b9d13fdc32,2019-03,North Yorkshire Police,North Yorkshire Police,-1.502509,53.995893,On or near Stonefall Avenue,E01027729,Harrogate 014F,Other theft,Investigation complete; no suspect identified,
3d1c5a216a6d82fd4c76e58811fac2806da7a2c70f714b1d0f4910af00722a10,2019-03,North Yorkshire Police,North Yorkshire Police,-1.502509,53.995893,On or near Stonefall Avenue,E01027729,Harrogate 014F,Other theft,Investigation complete; no suspect identified,
58fab9f2b94c0497cfbd87904832bab1132f03fd1c47db747d4d8353384b22cd,2019-03,North Yorkshire Police,North Yorkshire Police,-1.498546,53.999463,On or near High Street,E01027729,Harrogate 014F,Robbery,Offender otherwise dealt with,
c859d10429ee951bc386d9c100a39f3f5fa532c89a2984a6b4bb76ecde1cd0c4,2019-03,North Yorkshire Police,North Yorkshire Police,-1.499444,53.999637,On or near Camwal Terrace,E01027729,Harrogate 014F,Violence and sexual offences,Under investigation,
a0616179dff142be3785b0a14358e41e8a95112ed91cbc231d3161f32e129f02,2019-03,North Yorkshire Police,North Yorkshire Police,-1.498546,53.999463,On or near High Street,E01027729,Harrogate 014F,Violence and sexual offences,Under investigation,
3897ff4096a3e086b723af28d477a7f7550b281795a3096ca0aab4f5e920477e,2019-03,North Yorkshire Police,North Yorkshire Police,-1.498826,53.996507,On or near Sycamore Drive,E01027729,Harrogate 014F,Violence and sexual offences,Under investigation,
244aa6b0834518dca85a0bd50e444c92e5d84e1687b730490fa2bb63f899eacc,2019-03,North Yorkshire Police,North Yorkshire Police,-1.500769,53.996030,On or near South Beech Avenue,E01027729,Harrogate 014F,Violence and sexual offences,Under investigation,
b66ea897aa3a2097dd3ece4cc33527782255a89817b98ded113f2b4996d381a2,2019-03,North Yorkshire Police,North Yorkshire Police,-1.500196,53.995452,On or near Prospect Close,E01027729,Harrogate 014F,Violence and sexual offences,Under investigation,
211de66cdc104f58052ed2c4316e33de43a603857d0e793dbb082e44e8c332e9,2019-03,North Yorkshire Police,North Yorkshire Police,-1.502509,53.995893,On or near Stonefall Avenue,E01027729,Harrogate 014F,Violence and sexual offences,Under investigation,
5a40bdc6a8bf71c4653280d300a7cea35cf40ec15a443759e3ec3a7b9763a6a0,2019-03,North Yorkshire Police,North Yorkshire Police,-1.501947,53.996969,On or near Beech Street,E01027729,Harrogate 014F,Violence and sexual offences,Under investigation,
f3c40d06bde910da7680035f78e9a3c6a862f366fe32e7f63a62a09510881e9e,2019-03,North Yorkshire Police,North Yorkshire Police,-1.502438,53.996756,On or near Stonefall Mews,E01027729,Harrogate 014F,Violence and sexual offences,Unable to prosecute suspect,
7df9a5c4401f6a8b6852ee585e86ca8bb316fe98973c363e3d126afa3a01f716,2019-03,North Yorkshire Police,North Yorkshire Police,-1.497869,53.998651,On or near Belmont Grove,E01027729,Harrogate 014F,Violence and sexual offences,Under investigation,
ffadb4bbee979fdd08d42380a4843a0ac7103930c63a77e1cffe2393fd7079b2,2019-03,North Yorkshire Police,North Yorkshire Police,-1.502509,53.995893,On or near Stonefall Avenue,E01027729,Harrogate 014F,Violence and sexual offences,Under investigation,
47a6a959d6fb4cdafb868b7f1610c8c89085df47bd59a6a54cc81c9ef538dc5f,2019-03,North Yorkshire Police,North Yorkshire Police,-1.502509,53.995893,On or near Stonefall Avenue,E01027729,Harrogate 014F,Violence and sexual offences,Under investigation,
abd95f86af351d15389b89f3cdd5b2de8426a7c243e7492705d9b1599740f479,2019-03,North Yorkshire Police,North Yorkshire Police,-1.500514,53.995606,On or near Avenue Grove,E01027729,Harrogate 014F,Violence and sexual offences,Under investigation,
85a0bc7dfd5308511c4a2872421923036b2851a2373fdffc20cfe4810ab62894,2019-03,North Yorkshire Police,North Yorkshire Police,-1.502438,53.996756,On or near Stonefall Mews,E01027729,Harrogate 014F,Violence and sexual offences,Unable to prosecute suspect,
edb41dcdb02b02f3534cecfd7ce1738685f184130db2fa793cda733986fdf573,2019-03,North Yorkshire Police,North Yorkshire Police,-1.502438,53.996756,On or near Stonefall Mews,E01027729,Harrogate 014F,Violence and sexual offences,Unable to prosecute suspect,
0de80f29f83a98506bdab85948aa379008d649af93122f93041f7a13369f9dd9,2019-03,North Yorkshire Police,North Yorkshire Police,-1.498826,53.996507,On or near Sycamore Drive,E01027729,Harrogate 014F,Other crime,Investigation complete; no suspect identified,
,2019-03,North Yorkshire Police,North Yorkshire Police,-1.553902,53.987053,On or near West Cliffe Mount,E01027652,Harrogate 015A,Anti-social behaviour,,
,2019-03,North Yorkshire Police,North Yorkshire Police,-1.559737,53.986185,On or near Harlow Moor Road,E01027652,Harrogate 015A,Anti-social behaviour,,
,2019-03,North Yorkshire Police,North Yorkshire Police,-1.553902,53.987053,On or near West Cliffe Mount,E01027652,Harrogate 015A,Anti-social behaviour,,
b237e7b8874cd959e8b1775b14b03b8eff8d037c0876ffc648a7098f3b32e87a,2019-03,North Yorkshire Police,North Yorkshire Police,-1.550775,53.987104,On or near West Cliffe Mews,E01027652,Harrogate 015A,Criminal damage and arson,Under investigation,
5f66971c8a5e062b384727969c9da25a27a1fb109019afda586c88fdbe19edb3,2019-03,North Yorkshire Police,North Yorkshire Police,-1.559737,53.986185,On or near Harlow Moor Road,E01027652,Harrogate 015A,Public order,Unable to prosecute suspect,
e84528c5447e9dd46d38fe2dacc917fdef58e8d223e935d9268b3be39e11baf0,2019-03,North Yorkshire Police,North Yorkshire Police,-1.552826,53.987867,On or near Harlow Terrace,E01027652,Harrogate 015A,Violence and sexual offences,Unable to prosecute suspect,
9637a668440ca48a20c5c0cbbc3d36958fd65dec977dbbaeea31da857075623c,2019-03,North Yorkshire Police,North Yorkshire Police,-1.555220,53.987903,On or near Harlow Moor Drive,E01027652,Harrogate 015A,Violence and sexual offences,Investigation complete; no suspect identified,
2449b7f52b4b96bb9da99d0d2c7d955adb4018359561d4ae3eb678d47b8f1ed0,2019-03,North Yorkshire Police,North Yorkshire Police,-1.553902,53.987053,On or near West Cliffe Mount,E01027652,Harrogate 015A,Violence and sexual offences,Under investigation,
,2019-03,North Yorkshire Police,North Yorkshire Police,-1.546718,53.998441,On or near Ripon Road,E01027655,Harrogate 015B,Anti-social behaviour,,
,2019-03,North Yorkshire Police,North Yorkshire Police,-1.546718,53.998441,On or near Ripon Road,E01027655,Harrogate 015B,Anti-social behaviour,,
d3a5c0c6cb6dee737f010a0ad3c103fe4ad50627cf6fced5b19263db03b85083,2019-03,North Yorkshire Police,North Yorkshire Police,-1.546718,53.998441,On or near Ripon Road,E01027655,Harrogate 015B,Other theft,Investigation complete; no suspect identified,
5267449566e08cfa49c130f40ce153576f84f6e4eae329058c037673ccf36d7c,2019-03,North Yorkshire Police,North Yorkshire Police,-1.548165,53.994348,On or near Promenade Lane,E01027655,Harrogate 015B,Other theft,Under investigation,
65bd1327deab58cb10ec99a618ca16ee5f702224729e51426e429b008455de05,2019-03,North Yorkshire Police,North Yorkshire Police,-1.554040,53.992725,On or near Brunswick Drive,E01027655,Harrogate 015B,Other theft,Investigation complete; no suspect identified,
98fb3274e2f995227a4961b342852abd8dc8e91f26d0081dcbc1517c165138d3,2019-03,North Yorkshire Police,North Yorkshire Police,-1.554111,53.996033,On or near Kent Avenue,E01027655,Harrogate 015B,Vehicle crime,Investigation complete; no suspect identified,
afe7e6088a804f409df82eb8be3cd6f67b127bba5ded59b26490e1315b12ae5c,2019-03,North Yorkshire Police,North Yorkshire Police,-1.548165,53.994348,On or near Promenade Lane,E01027655,Harrogate 015B,Violence and sexual offences,Under investigation,
,2019-03,North Yorkshire Police,North Yorkshire Police,-1.535426,53.995935,On or near Back Dragon Parade,E01027659,Harrogate 015C,Anti-social behaviour,,
,2019-03,North Yorkshire Police,North Yorkshire Police,-1.535426,53.995935,On or near Back Dragon Parade,E01027659,Harrogate 015C,Anti-social behaviour,,
,2019-03,North Yorkshire Police,North Yorkshire Police,-1.535426,53.995935,On or near Back Dragon Parade,E01027659,Harrogate 015C,Anti-social behaviour,,
,2019-03,North Yorkshire Police,North Yorkshire Police,-1.534611,53.995177,On or near East Parade,E01027659,Harrogate 015C,Anti-social behaviour,,
,2019-03,North Yorkshire Police,North Yorkshire Police,-1.533407,53.995136,On or near Hyde Park Road,E01027659,Harrogate 015C,Anti-social behaviour,,
,2019-03,North Yorkshire Police,North Yorkshire Police,-1.533407,53.995136,On or near Hyde Park Road,E01027659,Harrogate 015C,Anti-social behaviour,,
3646a3ec54a3bf89242612f1eb3dca8728816f4dde1f08911d9cafebb9143126,2019-03,North Yorkshire Police,North Yorkshire Police,-1.535426,53.995935,On or near Back Dragon Parade,E01027659,Harrogate 015C,Bicycle theft,Investigation complete; no suspect identified,
b4d5f3ea273f09a80b4462db3dfed1157ca655675b760ef37c1a208183a1dd72,2019-03,North Yorkshire Police,North Yorkshire Police,-1.535738,53.995370,On or near Bower Road,E01027659,Harrogate 015C,Criminal damage and arson,Under investigation,
05a14b57ceffb650bf7bbcf7c7b9bea7a14a60bc101a7fac5830a298b36242d1,2019-03,North Yorkshire Police,North Yorkshire Police,-1.533407,53.995136,On or near Hyde Park Road,E01027659,Harrogate 015C,Drugs,Under investigation,
c6809aa15edd2549bdb2921c080d3aa3585ea2f9e4f9c575682f4282d22ab6f3,2019-03,North Yorkshire Police,North Yorkshire Police,-1.533407,53.995136,On or near Hyde Park Road,E01027659,Harrogate 015C,Drugs,Offender given a drugs possession warning,
8f549bdb1e16ceee78cc23460322bdd1b51ef688d0a837eb5cd113b2093dc069,2019-03,North Yorkshire Police,North Yorkshire Police,-1.535426,53.995935,On or near Back Dragon Parade,E01027659,Harrogate 015C,Drugs,Local resolution,
f23b8b21079b2732f99558a37699eb2fc868ab7f208da02db048c6e414493f9c,2019-03,North Yorkshire Police,North Yorkshire Police,-1.529919,53.997343,On or near Westmoreland Street,E01027659,Harrogate 015C,Other theft,Offender given community sentence,
bced1f4e71b1397836b9086bf23d596bcbcd6400abf70b84e2195e9919262de9,2019-03,North Yorkshire Police,North Yorkshire Police,-1.532627,53.998009,On or near Dragon Avenue,E01027659,Harrogate 015C,Other theft,Unable to prosecute suspect,
e20082aeca362768f7f860ea10d6074b5564f15907436190efc345b3094cd9de,2019-03,North Yorkshire Police,North Yorkshire Police,-1.533891,53.998185,On or near Dragon Road,E01027659,Harrogate 015C,Robbery,Unable to prosecute suspect,
00d1de8c5babd5824d82065243c28d11be441b379fa259a5badca5d75b05a28d,2019-03,North Yorkshire Police,North Yorkshire Police,-1.535426,53.995935,On or near Back Dragon Parade,E01027659,Harrogate 015C,Shoplifting,Under investigation,
bd8a36096d8ecc39228ce6cc66fc7deec2f3f3cc3f9be9ca1b304af7c2449e83,2019-03,North Yorkshire Police,North Yorkshire Police,-1.529919,53.997343,On or near Westmoreland Street,E01027659,Harrogate 015C,Shoplifting,Under investigation,
9fe699b97151038a530d2d59b2c354d0e7a1ced1b32855250e5b42aa859efb54,2019-03,North Yorkshire Police,North Yorkshire Police,-1.535426,53.995935,On or near Back Dragon Parade,E01027659,Harrogate 015C,Shoplifting,Unable to prosecute suspect,
a4a4f47a4f728ff5f2cc7bca08043c646378ca8094a4638b471d46010c87da44,2019-03,North Yorkshire Police,North Yorkshire Police,-1.535426,53.995935,On or near Back Dragon Parade,E01027659,Harrogate 015C,Shoplifting,Under investigation,
7b4a63d1aecd6910e0ca51d73b1ca3e1503aa4463d2c4bb8a3ab08c61c7266f3,2019-03,North Yorkshire Police,North Yorkshire Police,-1.535426,53.995935,On or near Back Dragon Parade,E01027659,Harrogate 015C,Shoplifting,Unable to prosecute suspect,
d3fe97734d4405d5fd15438a01d77597886fafad6536c026ffbaf6e4fc355a33,2019-03,North Yorkshire Police,North Yorkshire Police,-1.535738,53.995370,On or near Bower Road,E01027659,Harrogate 015C,Vehicle crime,Offender sent to prison,
a96c4f5a095a50f345fd7160b74e4bf840526d9aa8307af5571baa1079e38794,2019-03,North Yorkshire Police,North Yorkshire Police,-1.533891,53.998185,On or near Dragon Road,E01027659,Harrogate 015C,Violence and sexual offences,Under investigation,
a044bd6fc61703d5404558d4bca3f93d166f6ba0b578c2814854a3806853b8ef,2019-03,North Yorkshire Police,North Yorkshire Police,-1.533891,53.998185,On or near Dragon Road,E01027659,Harrogate 015C,Violence and sexual offences,Under investigation,
7e7c4efe65c53b273f2812d30963925c1f5fd2264729469fd56888d14b9f7201,2019-03,North Yorkshire Police,North Yorkshire Police,-1.533891,53.998185,On or near Dragon Road,E01027659,Harrogate 015C,Violence and sexual offences,Under investigation,
042be521fc705b5d6bdf26f040880de577f692fc7c4587eef74dd52da61de286,2019-03,North Yorkshire Police,North Yorkshire Police,-1.532806,53.997012,On or near Dragon Parade,E01027659,Harrogate 015C,Violence and sexual offences,Unable to prosecute suspect,
d73b5aba810dd09f0d1571a0f39577f1fbf0565d350b832571014af228eb891a,2019-03,North Yorkshire Police,North Yorkshire Police,-1.533407,53.995136,On or near Hyde Park Road,E01027659,Harrogate 015C,Violence and sexual offences,Under investigation,
44c6ea5aee898b9f8d5eb7f4f6466688dea6232248d2db09edb39721bbad4ae5,2019-03,North Yorkshire Police,North Yorkshire Police,-1.535426,53.995935,On or near Back Dragon Parade,E01027659,Harrogate 015C,Violence and sexual offences,Unable to prosecute suspect,
b258b36671ffa7fbbca9899a7ce1279441b256e7206782abfe0f28d7640b3b8d,2019-03,North Yorkshire Police,North Yorkshire Police,-1.532806,53.997012,On or near Dragon Parade,E01027659,Harrogate 015C,Violence and sexual offences,Unable to prosecute suspect,
34081db9811f0180ca6d27fd69a0ebd0ca47d40f7e156811871aa478987bd9dd,2019-03,North Yorkshire Police,North Yorkshire Police,-1.535426,53.995935,On or near Back Dragon Parade,E01027659,Harrogate 015C,Other crime,Investigation complete; no suspect identified,
,2019-03,North Yorkshire Police,North Yorkshire Police,-1.544692,53.998155,On or near Spring Mount,E01027677,Harrogate 015D,Anti-social behaviour,,
,2019-03,North Yorkshire Police,North Yorkshire Police,-1.544692,53.998155,On or near Spring Mount,E01027677,Harrogate 015D,Anti-social behaviour,,
,2019-03,North Yorkshire Police,North Yorkshire Police,-1.544047,53.995770,On or near Theatre/Concert Hall,E01027677,Harrogate 015D,Anti-social behaviour,,
,2019-03,North Yorkshire Police,North Yorkshire Police,-1.544047,53.995770,On or near Theatre/Concert Hall,E01027677,Harrogate 015D,Anti-social behaviour,,
,2019-03,North Yorkshire Police,North Yorkshire Police,-1.539439,53.998620,On or near Studley Road,E01027677,Harrogate 015D,Anti-social behaviour,,
,2019-03,North Yorkshire Police,North Yorkshire Police,-1.543355,53.997619,On or near Springfield Avenue,E01027677,Harrogate 015D,Anti-social behaviour,,
,2019-03,North Yorkshire Police,North Yorkshire Police,-1.543689,53.994960,On or near King'S Road,E01027677,Harrogate 015D,Anti-social behaviour,,
,2019-03,North Yorkshire Police,North Yorkshire Police,-1.539999,54.000393,On or near St Luke'S Mount,E01027677,Harrogate 015D,Anti-social behaviour,,
,2019-03,North Yorkshire Police,North Yorkshire Police,-1.540039,53.996744,On or near Strawberry Dale Square,E01027677,Harrogate 015D,Anti-social behaviour,,
,2019-03,North Yorkshire Police,North Yorkshire Police,-1.539439,53.998620,On or near Studley Road,E01027677,Harrogate 015D,Anti-social behaviour,,
bc0d933c11ac6dc31c5edde6a81ba90e442edd286dcc44fb0d66b90425f4e924,2019-03,North Yorkshire Police,North Yorkshire Police,-1.540039,53.996744,On or near Strawberry Dale Square,E01027677,Harrogate 015D,Burglary,Under investigation,
eb42e7507b0d2477eece9d85cdfa75be0e77f95c330d077f6708e97ad3223652,2019-03,North Yorkshire Police,North Yorkshire Police,-1.545740,53.999956,On or near Hollins Road,E01027677,Harrogate 015D,Burglary,Investigation complete; no suspect identified,
24e84ea8d2cfefbef6b1db36fccf56f56f15cd9fe72b7649a0df0a1b1677e0a2,2019-03,North Yorkshire Police,North Yorkshire Police,-1.540656,53.997591,On or near King'S Road,E01027677,Harrogate 015D,Criminal damage and arson,Investigation complete; no suspect identified,
d2d543b1d407330e42a5a1ad38371e8c2b5d1c84f9c28d4e9be231ff0168ab38,2019-03,North Yorkshire Police,North Yorkshire Police,-1.543689,53.994960,On or near King'S Road,E01027677,Harrogate 015D,Criminal damage and arson,Under investigation,
8f87444a66bfda72b93e0821da359f827c080d1f6da83141072dd1eee72e5438,2019-03,North Yorkshire Police,North Yorkshire Police,-1.540039,53.996744,On or near Strawberry Dale Square,E01027677,Harrogate 015D,Criminal damage and arson,Investigation complete; no suspect identified,
79ab66a72d06bce557af7d3b7596d045334c70291dbbb5d38154cd0efff7a1a4,2019-03,North Yorkshire Police,North Yorkshire Police,-1.543562,53.998258,On or near Spring Grove,E01027677,Harrogate 015D,Criminal damage and arson,Unable to prosecute suspect,
b27c9de9d5faca5418a8594bc89ac79d2e887560f2b897c3bd3e4d1d8419fdf0,2019-03,North Yorkshire Police,North Yorkshire Police,-1.544692,53.998155,On or near Spring Mount,E01027677,Harrogate 015D,Other theft,Under investigation,
45191d9a2de3b0bd3c5404adf432b42f00c9253fd4f263ab3f9a46c2bc30dfc4,2019-03,North Yorkshire Police,North Yorkshire Police,-1.539439,53.998620,On or near Studley Road,E01027677,Harrogate 015D,Vehicle crime,Investigation complete; no suspect identified,
768381c551b7ae207b908d0610ea5f57e8b7ad1d1426a80d92254010867a6e92,2019-03,North Yorkshire Police,North Yorkshire Police,-1.542028,53.999034,On or near Coppice Beck Court,E01027677,Harrogate 015D,Violence and sexual offences,Under investigation,
03672b6849a6a2fa4f07cc89601c99d3dcf18dc3ff592482344bc380e980d2c9,2019-03,North Yorkshire Police,North Yorkshire Police,-1.539999,54.000393,On or near St Luke'S Mount,E01027677,Harrogate 015D,Violence and sexual offences,Unable to prosecute suspect,
211efd298bb490b0196ead801913e6c0e931b12c710b823f5e6c89bff49d2560,2019-03,North Yorkshire Police,North Yorkshire Police,-1.542157,53.999799,On or near Mansfield Court,E01027677,Harrogate 015D,Violence and sexual offences,Under investigation,
,2019-03,North Yorkshire Police,North Yorkshire Police,-1.546411,53.992966,On or near Back Royal Parade,E01027678,Harrogate 015E,Anti-social behaviour,,
,2019-03,North Yorkshire Police,North Yorkshire Police,-1.540516,53.993618,On or near Shopping Area,E01027678,Harrogate 015E,Anti-social behaviour,,
,2019-03,North Yorkshire Police,North Yorkshire Police,-1.546103,53.994664,On or near Crescent Gardens,E01027678,Harrogate 015E,Anti-social behaviour,,
,2019-03,North Yorkshire Police,North Yorkshire Police,-1.546411,53.992966,On or near Back Royal Parade,E01027678,Harrogate 015E,Anti-social behaviour,,
,2019-03,North Yorkshire Police,North Yorkshire Police,-1.544536,53.994262,On or near Nightclub,E01027678,Harrogate 015E,Anti-social behaviour,,
,2019-03,North Yorkshire Police,North Yorkshire Police,-1.538242,53.996503,On or near Strawberry Dale,E01027678,Harrogate 015E,Anti-social behaviour,,
,2019-03,North Yorkshire Police,North Yorkshire Police,-1.543616,53.994744,On or near Nightclub,E01027678,Harrogate 015E,Anti-social behaviour,,
,2019-03,North Yorkshire Police,North Yorkshire Police,-1.542177,53.993813,On or near Oxford Street,E01027678,Harrogate 015E,Anti-social behaviour,,
,2019-03,North Yorkshire Police,North Yorkshire Police,-1.538242,53.996503,On or near Strawberry Dale,E01027678,Harrogate 015E,Anti-social behaviour,,
,2019-03,North Yorkshire Police,North Yorkshire Police,-1.538242,53.996503,On or near Strawberry Dale,E01027678,Harrogate 015E,Anti-social behaviour,,
,2019-03,North Yorkshire Police,North Yorkshire Police,-1.539546,53.988931,On or near Parking Area,E01027678,Harrogate 015E,Anti-social behaviour,,
,2019-03,North Yorkshire Police,North Yorkshire Police,-1.538242,53.996503,On or near Strawberry Dale,E01027678,Harrogate 015E,Anti-social behaviour,,
,2019-03,North Yorkshire Police,North Yorkshire Police,-1.538242,53.996503,On or near Strawberry Dale,E01027678,Harrogate 015E,Anti-social behaviour,,
,2019-03,North Yorkshire Police,North Yorkshire Police,-1.538242,53.996503,On or near Strawberry Dale,E01027678,Harrogate 015E,Anti-social behaviour,,
,2019-03,North Yorkshire Police,North Yorkshire Police,-1.540516,53.993618,On or near Shopping Area,E01027678,Harrogate 015E,Anti-social behaviour,,
,2019-03,North Yorkshire Police,North Yorkshire Police,-1.538242,53.996503,On or near Strawberry Dale,E01027678,Harrogate 015E,Anti-social behaviour,,
,2019-03,North Yorkshire Police,North Yorkshire Police,-1.542177,53.993813,On or near Oxford Street,E01027678,Harrogate 015E,Anti-social behaviour,,
,2019-03,North Yorkshire Police,North Yorkshire Police,-1.544893,53.993661,On or near Parking Area,E01027678,Harrogate 015E,Anti-social behaviour,,
,2019-03,North Yorkshire Police,North Yorkshire Police,-1.540516,53.993618,On or near Shopping Area,E01027678,Harrogate 015E,Anti-social behaviour,,
,2019-03,North Yorkshire Police,North Yorkshire Police,-1.543674,53.993621,On or near The Ginnel,E01027678,Harrogate 015E,Anti-social behaviour,,
,2019-03,North Yorkshire Police,North Yorkshire Police,-1.537373,53.992312,On or near Parking Area,E01027678,Harrogate 015E,Anti-social behaviour,,
,2019-03,North Yorkshire Police,North Yorkshire Police,-1.537839,53.988826,On or near Robert Street,E01027678,Harrogate 015E,Anti-social behaviour,,
,2019-03,North Yorkshire Police,North Yorkshire Police,-1.544893,53.993661,On or near Parking Area,E01027678,Harrogate 015E,Anti-social behaviour,,
,2019-03,North Yorkshire Police,North Yorkshire Police,-1.538446,53.994617,On or near Bower Street,E01027678,Harrogate 015E,Anti-social behaviour,,
,2019-03,North Yorkshire Police,North Yorkshire Police,-1.547324,53.994605,On or near Swan Road,E01027678,Harrogate 015E,Anti-social behaviour,,
,2019-03,North Yorkshire Police,North Yorkshire Police,-1.544536,53.994262,On or near Nightclub,E01027678,Harrogate 015E,Anti-social behaviour,,
,2019-03,North Yorkshire Police,North Yorkshire Police,-1.540516,53.993618,On or near Shopping Area,E01027678,Harrogate 015E,Anti-social behaviour,,
,2019-03,North Yorkshire Police,North Yorkshire Police,-1.537839,53.988826,On or near Robert Street,E01027678,Harrogate 015E,Anti-social behaviour,,
,2019-03,North Yorkshire Police,North Yorkshire Police,-1.538242,53.996503,On or near Strawberry Dale,E01027678,Harrogate 015E,Anti-social behaviour,,
,2019-03,North Yorkshire Police,North Yorkshire Police,-1.540516,53.993618,On or near Shopping Area,E01027678,Harrogate 015E,Anti-social behaviour,,
,2019-03,North Yorkshire Police,North Yorkshire Police,-1.541424,53.994322,On or near Cheltenham Crescent,E01027678,Harrogate 015E,Anti-social behaviour,,
,2019-03,North Yorkshire Police,North Yorkshire Police,-1.538657,53.992074,On or near Shopping Area,E01027678,Harrogate 015E,Anti-social behaviour,,
,2019-03,North Yorkshire Police,North Yorkshire Police,-1.542177,53.993813,On or near Oxford Street,E01027678,Harrogate 015E,Anti-social behaviour,,
,2019-03,North Yorkshire Police,North Yorkshire Police,-1.540516,53.993618,On or near Shopping Area,E01027678,Harrogate 015E,Anti-social behaviour,,
,2019-03,North Yorkshire Police,North Yorkshire Police,-1.544893,53.993661,On or near Parking Area,E01027678,Harrogate 015E,Anti-social behaviour,,
,2019-03,North Yorkshire Police,North Yorkshire Police,-1.544893,53.993661,On or near Parking Area,E01027678,Harrogate 015E,Anti-social behaviour,,
,2019-03,North Yorkshire Police,North Yorkshire Police,-1.544283,53.993722,On or near Parking Area,E01027678,Harrogate 015E,Anti-social behaviour,,
,2019-03,North Yorkshire Police,North Yorkshire Police,-1.540516,53.993618,On or near Shopping Area,E01027678,Harrogate 015E,Anti-social behaviour,,
,2019-03,North Yorkshire Police,North Yorkshire Police,-1.544893,53.993661,On or near Parking Area,E01027678,Harrogate 015E,Anti-social behaviour,,
,2019-03,North Yorkshire Police,North Yorkshire Police,-1.544893,53.993661,On or near Parking Area,E01027678,Harrogate 015E,Anti-social behaviour,,
,2019-03,North Yorkshire Police,North Yorkshire Police,-1.540516,53.993618,On or near Shopping Area,E01027678,Harrogate 015E,Anti-social behaviour,,
,2019-03,North Yorkshire Police,North Yorkshire Police,-1.543494,53.993333,On or near Parliament Terrace,E01027678,Harrogate 015E,Anti-social behaviour,,
,2019-03,North Yorkshire Police,North Yorkshire Police,-1.538242,53.996503,On or near Strawberry Dale,E01027678,Harrogate 015E,Anti-social behaviour,,
,2019-03,North Yorkshire Police,North Yorkshire Police,-1.543616,53.994744,On or near Nightclub,E01027678,Harrogate 015E,Anti-social behaviour,,
,2019-03,North Yorkshire Police,North Yorkshire Police,-1.542177,53.993813,On or near Oxford Street,E01027678,Harrogate 015E,Anti-social behaviour,,
,2019-03,North Yorkshire Police,North Yorkshire Police,-1.540516,53.993618,On or near Shopping Area,E01027678,Harrogate 015E,Anti-social behaviour,,
,2019-03,North Yorkshire Police,North Yorkshire Police,-1.543364,53.994015,On or near Parliament Street,E01027678,Harrogate 015E,Anti-social behaviour,,
,2019-03,North Yorkshire Police,North Yorkshire Police,-1.537534,53.997076,On or near Mayfield Grove,E01027678,Harrogate 015E,Anti-social behaviour,,
,2019-03,North Yorkshire Police,North Yorkshire Police,-1.540516,53.993618,On or near Shopping Area,E01027678,Harrogate 015E,Anti-social behaviour,,
,2019-03,North Yorkshire Police,North Yorkshire Police,-1.540603,53.991263,On or near John Street,E01027678,Harrogate 015E,Anti-social behaviour,,
,2019-03,North Yorkshire Police,North Yorkshire Police,-1.538222,53.994184,On or near Bus/Coach Station,E01027678,Harrogate 015E,Anti-social behaviour,,
,2019-03,North Yorkshire Police,North Yorkshire Police,-1.541424,53.994322,On or near Cheltenham Crescent,E01027678,Harrogate 015E,Anti-social behaviour,,
,2019-03,North Yorkshire Police,North Yorkshire Police,-1.538242,53.996503,On or near Strawberry Dale,E01027678,Harrogate 015E,Anti-social behaviour,,
,2019-03,North Yorkshire Police,North Yorkshire Police,-1.544536,53.994262,On or near Nightclub,E01027678,Harrogate 015E,Anti-social behaviour,,
b0354a02bb9f7efde599749621eba4cebf1a089eecf162d0253f053f558f8db2,2019-03,North Yorkshire Police,North Yorkshire Police,-1.537534,53.997076,On or near Mayfield Grove,E01027678,Harrogate 015E,Bicycle theft,Investigation complete; no suspect identified,
08bbecc96ddc2207bff4f549f3e32351d836b438fa46239cf3808c59b966b0f9,2019-03,North Yorkshire Police,North Yorkshire Police,-1.539546,53.988931,On or near Parking Area,E01027678,Harrogate 015E,Bicycle theft,Investigation complete; no suspect identified,
c0ae04d15201d68ee6b0edbcf692ede549b5978e715d36981af1918792338aa5,2019-03,North Yorkshire Police,North Yorkshire Police,-1.537839,53.988826,On or near Robert Street,E01027678,Harrogate 015E,Burglary,Under investigation,
db76cbda6659aec24141eaed4b77a611b26b63a6a1cec8c81e57c5048a9992b6,2019-03,North Yorkshire Police,North Yorkshire Police,-1.540575,53.995227,On or near Granville Road,E01027678,Harrogate 015E,Burglary,Under investigation,
32fecd9c3add20d0393f3cdbf7697ec148d96173af912efccb830f58fd53c7e1,2019-03,North Yorkshire Police,North Yorkshire Police,-1.538242,53.996503,On or near Strawberry Dale,E01027678,Harrogate 015E,Burglary,Under investigation,
c21c77abf28135db37d75fa92a5cc93a038112ee6414ed36cf1af87691f78e40,2019-03,North Yorkshire Police,North Yorkshire Police,-1.537839,53.988826,On or near Robert Street,E01027678,Harrogate 015E,Criminal damage and arson,Under investigation,
c4a2932577c64b00c6f518a6e56270284cbe729d48ddd709c8a164188ac58639,2019-03,North Yorkshire Police,North Yorkshire Police,-1.537839,53.988826,On or near Robert Street,E01027678,Harrogate 015E,Criminal damage and arson,Under investigation,
4aa5e4a86b95590c3ba93cac5e842d1609d47c4a8765717d41d2bc0ddbd26216,2019-03,North Yorkshire Police,North Yorkshire Police,-1.537839,53.988826,On or near Robert Street,E01027678,Harrogate 015E,Criminal damage and arson,Under investigation,
1746ff905b8a2aba166e0b1e9408fd0cc610e8df2b746796348b03bc3ea16d10,2019-03,North Yorkshire Police,North Yorkshire Police,-1.540004,53.994461,On or near Theatre/Concert Hall,E01027678,Harrogate 015E,Criminal damage and arson,Under investigation,
1ea8e3f23fa58fef839e5e1c992acb5c0edbabd050d8100fcde35499965aa0b6,2019-03,North Yorkshire Police,North Yorkshire Police,-1.539546,53.988931,On or near Parking Area,E01027678,Harrogate 015E,Criminal damage and arson,Under investigation,
44d05150e6acf0ef52ec85e35b6a6f0ffe4e520437eb4d1acc7cf27784937648,2019-03,North Yorkshire Police,North Yorkshire Police,-1.537157,53.989794,On or near Albert Terrace,E01027678,Harrogate 015E,Criminal damage and arson,Investigation complete; no suspect identified,
ce3081211fbba6391c0811f0db309a207dc82e32ed5d5ef415321ce2002d745f,2019-03,North Yorkshire Police,North Yorkshire Police,-1.541424,53.994322,On or near Cheltenham Crescent,E01027678,Harrogate 015E,Criminal damage and arson,Investigation complete; no suspect identified,
bfa51871245edd1d6329c7182baf7e1bf72eb311bac6461ce4a6eb784d49d939,2019-03,North Yorkshire Police,North Yorkshire Police,-1.539369,53.989767,On or near Oxford Terrace,E01027678,Harrogate 015E,Criminal damage and arson,Under investigation,
d0881aace750abd306b03c037ef960db6f3b880500b1b661d32c2247a260ad5e,2019-03,North Yorkshire Police,North Yorkshire Police,-1.537534,53.997076,On or near Mayfield Grove,E01027678,Harrogate 015E,Drugs,Under investigation,
20c4c6804c0366035c67d5425c92a5d4a34d1b17ba321ef51f47918d390ebf18,2019-03,North Yorkshire Police,North Yorkshire Police,-1.536223,53.998365,On or near Mayfield Terrace,E01027678,Harrogate 015E,Drugs,Under investigation,
a9adb1f37ed09b065386bcbff18bcd694865ec806d22e98e50d360ee4fd8f5fe,2019-03,North Yorkshire Police,North Yorkshire Police,-1.544283,53.993722,On or near Parking Area,E01027678,Harrogate 015E,Drugs,Offender given suspended prison sentence,
344ff8991f2c11802245c279543aaa69d71fdcea0e952120a7f98ec596436def,2019-03,North Yorkshire Police,North Yorkshire Police,-1.547324,53.994605,On or near Swan Road,E01027678,Harrogate 015E,Drugs,Offender given conditional discharge,
8d0718aa9b6d0ae61aaca712bb6e7e28c241297062ecdfb093a2cf217357ba27,2019-03,North Yorkshire Police,North Yorkshire Police,-1.537505,53.991404,On or near Station Parade,E01027678,Harrogate 015E,Drugs,Under investigation,
3c232b8b21e21b1b979d07e9c22285a2d2c55004dd56ea19a12746db2b095fa6,2019-03,North Yorkshire Police,North Yorkshire Police,-1.543616,53.994744,On or near Nightclub,E01027678,Harrogate 015E,Other theft,Under investigation,
1ad217ce439c5b442da3ae8407b6173db3d340b6f811e9a62fae4dfff8ef5911,2019-03,North Yorkshire Police,North Yorkshire Police,-1.539546,53.988931,On or near Parking Area,E01027678,Harrogate 015E,Other theft,Under investigation,
70c7e4e25e793fe577676399e5645c837cfecd3c653a0e60dba8a3b5edd444cf,2019-03,North Yorkshire Police,North Yorkshire Police,-1.539447,53.993722,On or near Shopping Area,E01027678,Harrogate 015E,Other theft,Under investigation,
012c1a1367a726db99103d259f46609210219ab4e649affc791ca12ed3c4e21f,2019-03,North Yorkshire Police,North Yorkshire Police,-1.540004,53.994461,On or near Theatre/Concert Hall,E01027678,Harrogate 015E,Possession of weapons,Under investigation,
70a06867f8f2f54f2ae5dac9b2a956567e2c678a79bd16b742e09ff9c30679db,2019-03,North Yorkshire Police,North Yorkshire Police,-1.538446,53.994617,On or near Bower Street,E01027678,Harrogate 015E,Public order,Under investigation,
d57518a724fbbe8025c308f8cc4db9bf9eaa50f48a966955103d2a5c3efe4f44,2019-03,North Yorkshire Police,North Yorkshire Police,-1.540516,53.993618,On or near Shopping Area,E01027678,Harrogate 015E,Public order,Under investigation,
4dabba7ca627d3f8ee7e0310f1aff9269c7bec9169759f8168b190ff2aa0ba78,2019-03,North Yorkshire Police,North Yorkshire Police,-1.540516,53.993618,On or near Shopping Area,E01027678,Harrogate 015E,Public order,Under investigation,
d77c5d6031cd2f33ae083b5c36881e0627355929d93fc52a4f5a4ef5b30d0baf,2019-03,North Yorkshire Police,North Yorkshire Police,-1.543364,53.994015,On or near Parliament Street,E01027678,Harrogate 015E,Public order,Under investigation,
6d86078007b798f271a0108824b06be2eea77d786e0f73bc1156263c1a8405ae,2019-03,North Yorkshire Police,North Yorkshire Police,-1.537157,53.989794,On or near Albert Terrace,E01027678,Harrogate 015E,Shoplifting,Investigation complete; no suspect identified,
9fa80f4e5a89a06441f2928ff9e7eaed1c72563cffb10379005ee438e0193ddd,2019-03,North Yorkshire Police,North Yorkshire Police,-1.539447,53.993722,On or near Shopping Area,E01027678,Harrogate 015E,Shoplifting,Under investigation,
41e499ae5e9b61ef2e0b759796c06785298d5bf2ada91da29615da3061199d50,2019-03,North Yorkshire Police,North Yorkshire Police,-1.540516,53.993618,On or near Shopping Area,E01027678,Harrogate 015E,Shoplifting,Local resolution,
4530e1a6db665cc1adc709606a1619e7247f8eaafe1eaff36333de8f21d99e29,2019-03,North Yorkshire Police,North Yorkshire Police,-1.543364,53.994015,On or near Parliament Street,E01027678,Harrogate 015E,Shoplifting,Under investigation,
7fcaa3e0a7de287b98722d51d208beec3f1117ee1b3f6ee65eaa3e1436abe4eb,2019-03,North Yorkshire Police,North Yorkshire Police,-1.539447,53.993722,On or near Shopping Area,E01027678,Harrogate 015E,Shoplifting,Offender given community sentence,
5741ce8cb16a6b0ed4e99b33b2a4cdcb52ed8518fbf8a8bd48f5ca21fdc641e0,2019-03,North Yorkshire Police,North Yorkshire Police,-1.538951,53.993046,On or near Shopping Area,E01027678,Harrogate 015E,Shoplifting,Local resolution,
762996443ea5c61c50fb4083a4b94d297f16cbb6e91ed02dc132a7c4de6b001c,2019-03,North Yorkshire Police,North Yorkshire Police,-1.537157,53.989794,On or near Albert Terrace,E01027678,Harrogate 015E,Shoplifting,Investigation complete; no suspect identified,
908be125bb4313a610a8dcfc4bdc7b56e0a96e9849f606e7d6906a117b018f35,2019-03,North Yorkshire Police,North Yorkshire Police,-1.539447,53.993722,On or near Shopping Area,E01027678,Harrogate 015E,Shoplifting,Offender given conditional discharge,
191559dd0e641c3935a5e08616acc5808f42739708d4304b05ffa0e6ff52d369,2019-03,North Yorkshire Police,North Yorkshire Police,-1.540516,53.993618,On or near Shopping Area,E01027678,Harrogate 015E,Shoplifting,Offender given penalty notice,
5533022ea30455dea8fbafc38ec5eb38504aebf801cae155511f67ca7a2a7d78,2019-03,North Yorkshire Police,North Yorkshire Police,-1.540516,53.993618,On or near Shopping Area,E01027678,Harrogate 015E,Shoplifting,Local resolution,
af42e357e68363554ce3a00bf80eeea80039b0dafee14ef737d78d2069cbea0b,2019-03,North Yorkshire Police,North Yorkshire Police,-1.538951,53.993046,On or near Shopping Area,E01027678,Harrogate 015E,Shoplifting,Under investigation,
73cd1f0fb354533969608f5c09bb313235bd321ca1e7ec4ff2b0358244dc7ac0,2019-03,North Yorkshire Police,North Yorkshire Police,-1.540516,53.993618,On or near Shopping Area,E01027678,Harrogate 015E,Shoplifting,Under investigation,
1bdab79639da37db4a466e64bff791eb09670061a6b03167521f92ebdf9f9236,2019-03,North Yorkshire Police,North Yorkshire Police,-1.538951,53.993046,On or near Shopping Area,E01027678,Harrogate 015E,Shoplifting,Under investigation,
23d7a8fd2afc86cc0eb81632f1d538eda1cb65711a0c94e7a7dd3464534abe32,2019-03,North Yorkshire Police,North Yorkshire Police,-1.540516,53.993618,On or near Shopping Area,E01027678,Harrogate 015E,Shoplifting,Under investigation,
402e165c35c6e393139b2c8cf5dd555f2b818af9278bcef4c2c45e4034cb3a3c,2019-03,North Yorkshire Police,North Yorkshire Police,-1.539447,53.993722,On or near Shopping Area,E01027678,Harrogate 015E,Shoplifting,Under investigation,
94a4f28ddf705276f6e32efbff09ea3c28bbf35d454b0a1c20b07cf2846f8041,2019-03,North Yorkshire Police,North Yorkshire Police,-1.537157,53.989794,On or near Albert Terrace,E01027678,Harrogate 015E,Shoplifting,Under investigation,
5c6b51cc280b555deebe57eac521f3db127a1c6f86bb32cc9d6d9ae0ea088c34,2019-03,North Yorkshire Police,North Yorkshire Police,-1.544743,53.993436,On or near Montpellier Gardens,E01027678,Harrogate 015E,Shoplifting,Under investigation,
7413b02999edf40dc35faabd8a15228af62b26d105b94b0683dd274464f9c5da,2019-03,North Yorkshire Police,North Yorkshire Police,-1.537984,53.994983,On or near Nightclub,E01027678,Harrogate 015E,Shoplifting,Under investigation,
e163bfd5e1c7e9db163096c647806ff436cb2309df213f983dd0d54b6a4f87d4,2019-03,North Yorkshire Police,North Yorkshire Police,-1.544536,53.994262,On or near Nightclub,E01027678,Harrogate 015E,Theft from the person,Investigation complete; no suspect identified,
87dacb60d2e7f105194b1f7647dbcfc4bea62e35ad20e3c68e6c45bd0cdb1b95,2019-03,North Yorkshire Police,North Yorkshire Police,-1.540516,53.993618,On or near Shopping Area,E01027678,Harrogate 015E,Violence and sexual offences,Under investigation,
66a66f2107676d8a0c60c8e1e7fc25727c9a38aaf89978cf2467ec08a0024850,2019-03,North Yorkshire Police,North Yorkshire Police,-1.539546,53.988931,On or near Parking Area,E01027678,Harrogate 015E,Violence and sexual offences,Under investigation,
239697f582f4cfe88d6086b541d1e673e0cbc2f8138fd80a0864a73d349cd090,2019-03,North Yorkshire Police,North Yorkshire Police,-1.543616,53.994744,On or near Nightclub,E01027678,Harrogate 015E,Violence and sexual offences,Under investigation,
b5c70380604ad4616ebb2b304d12c2bf666f2dd771a1cbe9da95618ef5443358,2019-03,North Yorkshire Police,North Yorkshire Police,-1.538032,53.993438,On or near Parking Area,E01027678,Harrogate 015E,Violence and sexual offences,Under investigation,
3855ed8d324b59c259bbfb5ebb07b7c0adfbf0e669fb1b330abf3cf016a27974,2019-03,North Yorkshire Police,North Yorkshire Police,-1.543616,53.994744,On or near Nightclub,E01027678,Harrogate 015E,Violence and sexual offences,Under investigation,
1e423bd70f6e2ce42330eb87040bc248be885f105546b02b2fa243c9f3e05c3e,2019-03,North Yorkshire Police,North Yorkshire Police,-1.540516,53.993618,On or near Shopping Area,E01027678,Harrogate 015E,Violence and sexual offences,Under investigation,
78b53fe461e6391696abc65da1d3690bfe0eee2cd4e5c5609bd9c1183d9c513b,2019-03,North Yorkshire Police,North Yorkshire Police,-1.537505,53.991404,On or near Station Parade,E01027678,Harrogate 015E,Violence and sexual offences,Under investigation,
82f7957e0a63f23296b4781d9d6f2a5807ee1ecf7c0c06359e620be91fa748e9,2019-03,North Yorkshire Police,North Yorkshire Police,-1.543616,53.994744,On or near Nightclub,E01027678,Harrogate 015E,Violence and sexual offences,Unable to prosecute suspect,
15454ab6f681cf6453ad32ae7542bb90d94e6c999b0e14e340c15c7b94dc7f27,2019-03,North Yorkshire Police,North Yorkshire Police,-1.543364,53.994015,On or near Parliament Street,E01027678,Harrogate 015E,Violence and sexual offences,Defendant found not guilty,
ffb08447e37077013808d10c4840f792534ec1258d57d8d0a1d5be99add503a3,2019-03,North Yorkshire Police,North Yorkshire Police,-1.542177,53.993813,On or near Oxford Street,E01027678,Harrogate 015E,Violence and sexual offences,Under investigation,
f734d962f596c5eecea5b818809d1f2a65e4dc16b5bff063b998c9c295e37d77,2019-03,North Yorkshire Police,North Yorkshire Police,-1.538334,53.995110,On or near Station Parade,E01027678,Harrogate 015E,Violence and sexual offences,Under investigation,
5434617f158f42358b112763ad58c24665c1265a4c7e26c03ba3bbfd4fcb397d,2019-03,North Yorkshire Police,North Yorkshire Police,-1.538222,53.994184,On or near Bus/Coach Station,E01027678,Harrogate 015E,Violence and sexual offences,Under investigation,
dbd670a271299b128c57c56c86b641a3ba0d1a37268c509a9c9a24c13139270b,2019-03,North Yorkshire Police,North Yorkshire Police,-1.540516,53.993618,On or near Shopping Area,E01027678,Harrogate 015E,Violence and sexual offences,Under investigation,
c2a09b07d9d8d5435c732497ef73597d537e422c009a328740af5d38c3f3401f,2019-03,North Yorkshire Police,North Yorkshire Police,-1.540516,53.993618,On or near Shopping Area,E01027678,Harrogate 015E,Violence and sexual offences,Under investigation,
f39bc7126c8ac6218b2cd241a7c0633b74f4d68df5fad8139d6125d1c6a8a384,2019-03,North Yorkshire Police,North Yorkshire Police,-1.543616,53.994744,On or near Nightclub,E01027678,Harrogate 015E,Violence and sexual offences,Unable to prosecute suspect,
649f447342dfde8235bdd28889eaaf9bc2d60801405a4676461d302e7d92da91,2019-03,North Yorkshire Police,North Yorkshire Police,-1.542177,53.993813,On or near Oxford Street,E01027678,Harrogate 015E,Violence and sexual offences,Under investigation,
447884587ff23f22693faa9428f6bb2120fd9c22f33c772354b722d2b8a19a71,2019-03,North Yorkshire Police,North Yorkshire Police,-1.540516,53.993618,On or near Shopping Area,E01027678,Harrogate 015E,Violence and sexual offences,Awaiting court outcome,
a3a61612403f04ebce50601978c764a870ead9d810d8ef32479b0fc934e73a1a,2019-03,North Yorkshire Police,North Yorkshire Police,-1.539369,53.989767,On or near Oxford Terrace,E01027678,Harrogate 015E,Violence and sexual offences,Under investigation,
9642fc750b2eef7413e2cc0680fa6260a826ad5b1e898f0c84d37045af946d9c,2019-03,North Yorkshire Police,North Yorkshire Police,-1.544536,53.994262,On or near Nightclub,E01027678,Harrogate 015E,Violence and sexual offences,Awaiting court outcome,
c03dbb94c788a5c87e702c760115a508206ae17feddbc1799750a0f7ee3f5c6d,2019-03,North Yorkshire Police,North Yorkshire Police,-1.543616,53.994744,On or near Nightclub,E01027678,Harrogate 015E,Violence and sexual offences,Unable to prosecute suspect,
ac2171db0a6a69b3c27222d0d8371d412e8c32ac5decd190df3573e65dccc270,2019-03,North Yorkshire Police,North Yorkshire Police,-1.544536,53.994262,On or near Nightclub,E01027678,Harrogate 015E,Violence and sexual offences,Awaiting court outcome,
8a567f0f490395812309bdefdfbdded84ac3c6bdaf0ed614dfd7092d4ccbc075,2019-03,North Yorkshire Police,North Yorkshire Police,-1.544440,53.993228,On or near Montpellier Mews,E01027678,Harrogate 015E,Violence and sexual offences,Unable to prosecute suspect,
a12b3a1caded83783e0dc64e46eddb86273c6384806f90cd24b8e35be9410b1d,2019-03,North Yorkshire Police,North Yorkshire Police,-1.543494,53.993333,On or near Parliament Terrace,E01027678,Harrogate 015E,Violence and sexual offences,Under investigation,
be78b958196cab408ba990f156789259f8b8a36640220b679779def96f034b9e,2019-03,North Yorkshire Police,North Yorkshire Police,-1.540516,53.993618,On or near Shopping Area,E01027678,Harrogate 015E,Violence and sexual offences,Under investigation,
da1e57a2195418cb51034477dc2b6c43f656164c87e313544b1f2d4025953f72,2019-03,North Yorkshire Police,North Yorkshire Police,-1.543674,53.993621,On or near The Ginnel,E01027678,Harrogate 015E,Violence and sexual offences,Under investigation,
dc93738ac6e75a73d99cc09098de77e6941bc76de281a364941db6f91dd461f5,2019-03,North Yorkshire Police,North Yorkshire Police,-1.538222,53.994184,On or near Bus/Coach Station,E01027678,Harrogate 015E,Violence and sexual offences,Under investigation,
93be93b022dba481e2309e23968ab91f466790c6cd873448b93ced5f9bbea342,2019-03,North Yorkshire Police,North Yorkshire Police,-1.538242,53.996503,On or near Strawberry Dale,E01027678,Harrogate 015E,Violence and sexual offences,Under investigation,
59b2f0022f38490b9adf6887741d43da0744d25bb7105c07e0ab7be79f4ed89f,2019-03,North Yorkshire Police,North Yorkshire Police,-1.538334,53.995110,On or near Station Parade,E01027678,Harrogate 015E,Violence and sexual offences,Unable to prosecute suspect,
66e3dc7c8b4cbfa24d6bbf6b3e163563d6df0a2f487093cdecead516f08de46d,2019-03,North Yorkshire Police,North Yorkshire Police,-1.540516,53.993618,On or near Shopping Area,E01027678,Harrogate 015E,Violence and sexual offences,Under investigation,
9eb62734edaaa4d03b59d78e69cb9ce29e2f8d2057dd76f0e01d8d2c3b455468,2019-03,North Yorkshire Police,North Yorkshire Police,-1.544536,53.994262,On or near Nightclub,E01027678,Harrogate 015E,Violence and sexual offences,Awaiting court outcome,
ef134f74def8e1f5d0fcb25dd79e0dd34f8bd327b822516b934570025e44ed6e,2019-03,North Yorkshire Police,North Yorkshire Police,-1.544893,53.993661,On or near Parking Area,E01027678,Harrogate 015E,Violence and sexual offences,Under investigation,
e3de284cc61348cf3868c6b32e53c132024bf262d2b04fea10e7c9e9dbd022a6,2019-03,North Yorkshire Police,North Yorkshire Police,-1.537534,53.997076,On or near Mayfield Grove,E01027678,Harrogate 015E,Violence and sexual offences,Under investigation,
71aebc65cb92dc6ce5019780040cbc1c755d7cc05f4e4b71184206d45d6e469a,2019-03,North Yorkshire Police,North Yorkshire Police,-1.537505,53.991404,On or near Station Parade,E01027678,Harrogate 015E,Violence and sexual offences,Investigation complete; no suspect identified,
17ba6e051969b3c19182e1e97c4578913c6e92218adb770d38c3312f7131d675,2019-03,North Yorkshire Police,North Yorkshire Police,-1.539447,53.993722,On or near Shopping Area,E01027678,Harrogate 015E,Other crime,Under investigation,
,2019-03,North Yorkshire Police,North Yorkshire Police,-1.549388,53.991324,On or near Valley Drive,E01027680,Harrogate 015F,Anti-social behaviour,,
,2019-03,North Yorkshire Police,North Yorkshire Police,-1.548100,53.990519,On or near St Peter'S Square,E01027680,Harrogate 015F,Anti-social behaviour,,
,2019-03,North Yorkshire Police,North Yorkshire Police,-1.549388,53.991324,On or near Valley Drive,E01027680,Harrogate 015F,Anti-social behaviour,,
,2019-03,North Yorkshire Police,North Yorkshire Police,-1.546467,53.990630,On or near Belmont Road,E01027680,Harrogate 015F,Anti-social behaviour,,
,2019-03,North Yorkshire Police,North Yorkshire Police,-1.549388,53.991324,On or near Valley Drive,E01027680,Harrogate 015F,Anti-social behaviour,,
,2019-03,North Yorkshire Police,North Yorkshire Police,-1.549388,53.991324,On or near Valley Drive,E01027680,Harrogate 015F,Anti-social behaviour,,
,2019-03,North Yorkshire Police,North Yorkshire Police,-1.549388,53.991324,On or near Valley Drive,E01027680,Harrogate 015F,Anti-social behaviour,,
,2019-03,North Yorkshire Police,North Yorkshire Police,-1.549388,53.991324,On or near Valley Drive,E01027680,Harrogate 015F,Anti-social behaviour,,
,2019-03,North Yorkshire Police,North Yorkshire Police,-1.547487,53.992152,On or near Valley Road,E01027680,Harrogate 015F,Anti-social behaviour,,
a60574aedee120e7307588d4c8fa3b56d9377e36cc6f18244da892feb8a88854,2019-03,North Yorkshire Police,North Yorkshire Police,-1.548446,53.989558,On or near Cold Bath Road,E01027680,Harrogate 015F,Burglary,Under investigation,
567e6150b90fc0e4519ff8f5dbbe56646889404a784dec9f934fe43a90cbdfa5,2019-03,North Yorkshire Police,North Yorkshire Police,-1.549388,53.991324,On or near Valley Drive,E01027680,Harrogate 015F,Criminal damage and arson,Under investigation,
68107439dceb7d8d8774754ef9583661a576d3ddf0879a673dcd053aaafa50ca,2019-03,North Yorkshire Police,North Yorkshire Police,-1.547487,53.992152,On or near Valley Road,E01027680,Harrogate 015F,Criminal damage and arson,Under investigation,
5b38600baafd736126894db55bc040bb652504b8b46f2ca6323e9dee9be003ff,2019-03,North Yorkshire Police,North Yorkshire Police,-1.549388,53.991324,On or near Valley Drive,E01027680,Harrogate 015F,Criminal damage and arson,Investigation complete; no suspect identified,
2adda831423fe39ecc6934114a56565590c13930e6cd23f66a3c1e7917e29728,2019-03,North Yorkshire Police,North Yorkshire Police,-1.549388,53.991324,On or near Valley Drive,E01027680,Harrogate 015F,Criminal damage and arson,Investigation complete; no suspect identified,
f6017cfaa9160d68bca8d80b9f95fbf2dcd52bfc331a4b831e8a1643377f62f1,2019-03,North Yorkshire Police,North Yorkshire Police,-1.548874,53.990881,On or near Valley Mount,E01027680,Harrogate 015F,Drugs,Under investigation,
e6bc6eef2cfbc8a3fcd513fced29594b1c4533cd5d6d434eeaf8492632cab5fc,2019-03,North Yorkshire Police,North Yorkshire Police,-1.547487,53.992152,On or near Valley Road,E01027680,Harrogate 015F,Drugs,Under investigation,
f964ba6fbcca90ee35a41bd162dbeb7de082cc8fc1e4d359f8142db31737dcb8,2019-03,North Yorkshire Police,North Yorkshire Police,-1.546467,53.990630,On or near Belmont Road,E01027680,Harrogate 015F,Other theft,Investigation complete; no suspect identified,
4fa5f77a33f3f9e8b7a01043beef0bbd177b6a27c0b427d6dc22da397866da03,2019-03,North Yorkshire Police,North Yorkshire Police,-1.549388,53.991324,On or near Valley Drive,E01027680,Harrogate 015F,Public order,Investigation complete; no suspect identified,
01ec3583c4dd5fd2307596d238c262f54e3875ae001858b6c27c9cb8555390a7,2019-03,North Yorkshire Police,North Yorkshire Police,-1.547487,53.992152,On or near Valley Road,E01027680,Harrogate 015F,Public order,Local resolution,
95435132ff862f19a08e4b747e302280fcf8547338dc82fa0f6f99caa85da333,2019-03,North Yorkshire Police,North Yorkshire Police,-1.548874,53.990881,On or near Valley Mount,E01027680,Harrogate 015F,Vehicle crime,Under investigation,
a2017f730f4fe18b5b7c4cea0d88902c727cc57c7f303e08f98db842473ce48e,2019-03,North Yorkshire Police,North Yorkshire Police,-1.546467,53.990630,On or near Belmont Road,E01027680,Harrogate 015F,Violence and sexual offences,Under investigation,
c984cfd8bedc038ee1ed135882a945ee65730ba6edc895c87386e7f18096aaa1,2019-03,North Yorkshire Police,North Yorkshire Police,-1.548909,53.991843,On or near Valley Drive,E01027680,Harrogate 015F,Violence and sexual offences,Offender given community sentence,
4e3c55cdffa773b95287010b37f232fec36b9ded1ae186af6f8f623e26051f54,2019-03,North Yorkshire Police,North Yorkshire Police,-1.545002,53.992107,On or near Esplanade,E01027680,Harrogate 015F,Violence and sexual offences,Under investigation,
849e0650f3fd5c450bdbadfa76769c20f18934caebf07bdf62edc19c0d57d026,2019-03,North Yorkshire Police,North Yorkshire Police,-1.546467,53.990630,On or near Belmont Road,E01027680,Harrogate 015F,Violence and sexual offences,Unable to prosecute suspect,
90f581ce4f382ad4d6fbc12e1dd843f18ee775eba02b8ba047afe90c0b945f83,2019-03,North Yorkshire Police,North Yorkshire Police,-1.296653,53.966230,On or near Fairfax Crescent,E01027683,Harrogate 016A,Burglary,Investigation complete; no suspect identified,
3692cced5f3677b2f42784539675c4704a2ec26632c653bbb69a434a8c42186c,2019-03,North Yorkshire Police,North Yorkshire Police,-1.280454,53.964238,On or near Ralph Garth,E01027683,Harrogate 016A,Burglary,Under investigation,
9479d69b6c39545a2b47472d9ad1e6aea072e2cd884998ff53ab7faf47fbb0d7,2019-03,North Yorkshire Police,North Yorkshire Police,-1.311895,53.961689,On or near Rudgate,E01027683,Harrogate 016A,Criminal damage and arson,Investigation complete; no suspect identified,
00d64bc87eb6efa6f50206afa6a3b2933fbfa7790e82b41813f95ddcd191ac03,2019-03,North Yorkshire Police,North Yorkshire Police,-1.296653,53.966230,On or near Fairfax Crescent,E01027683,Harrogate 016A,Other theft,Under investigation,
a2105c4cf500e85668d499a3a272675fbd6fdafbf017fd0e52e6cd435325fd51,2019-03,North Yorkshire Police,North Yorkshire Police,-1.311895,53.961689,On or near Rudgate,E01027683,Harrogate 016A,Other theft,Investigation complete; no suspect identified,
,2019-03,North Yorkshire Police,North Yorkshire Police,-1.276433,53.948224,On or near Moor Lane,E01027684,Harrogate 016B,Anti-social behaviour,,
,2019-03,North Yorkshire Police,North Yorkshire Police,-1.235748,53.953383,On or near Saddlers Way,E01027684,Harrogate 016B,Anti-social behaviour,,
,2019-03,North Yorkshire Police,North Yorkshire Police,-1.244129,53.958460,On or near Manor Chase,E01027684,Harrogate 016B,Anti-social behaviour,,
190ffc481a3f0292f2bfa713641179bf506ad5973e95f9053498e3f12e195029,2019-03,North Yorkshire Police,North Yorkshire Police,-1.315451,53.948399,On or near Tom Cat Lane,E01027684,Harrogate 016B,Criminal damage and arson,Investigation complete; no suspect identified,
9406e298a10689189d7426b0e233d629dd1178d77d88d102eb14eec1a9b7a0da,2019-03,North Yorkshire Police,North Yorkshire Police,-1.321073,53.965301,On or near Shopping Area,E01027684,Harrogate 016B,Other theft,Investigation complete; no suspect identified,
,2019-03,North Yorkshire Police,North Yorkshire Police,-1.237961,53.980747,On or near Green Lane,E01027696,Harrogate 016D,Anti-social behaviour,,
9646deaae7fbf3208a11cd7c55dd3c11aabdf7c9e5bc1b1f9ec5529e273168f7,2019-03,North Yorkshire Police,North Yorkshire Police,-1.262037,53.998136,On or near A59,E01027696,Harrogate 016D,Drugs,Under investigation,
a44763ac324052013f365ca9beb65b9694befbad06f14aecee4d4baec1277f74,2019-03,North Yorkshire Police,North Yorkshire Police,-1.295372,54.026855,On or near Parking Area,E01027696,Harrogate 016D,Violence and sexual offences,Unable to prosecute suspect,
75bada45e42d0a94399996e83f2c40d349b4bf27100e1a8d48e7414684ddd001,2019-03,North Yorkshire Police,North Yorkshire Police,-1.222587,54.014515,On or near The Avenue,E01027696,Harrogate 016D,Violence and sexual offences,Under investigation,
d694576eb4b4acdd5edaadeee3ad0b0248ba30d31a71a4f15c79da68a4d13d3b,2019-03,North Yorkshire Police,North Yorkshire Police,-1.295372,54.026855,On or near Parking Area,E01027696,Harrogate 016D,Violence and sexual offences,Under investigation,
,2019-03,North Yorkshire Police,North Yorkshire Police,-1.379055,53.944906,On or near B1224,E01027703,Harrogate 016E,Anti-social behaviour,,
,2019-03,North Yorkshire Police,North Yorkshire Police,-1.277950,53.998853,On or near Hammerton Close,E01027703,Harrogate 016E,Anti-social behaviour,,
,2019-03,North Yorkshire Police,North Yorkshire Police,-1.277950,53.998853,On or near Hammerton Close,E01027703,Harrogate 016E,Anti-social behaviour,,
1d13cf7547fc622bb598fc5b72a773fde41aeed23bb2d218c9f2d065626d7927,2019-03,North Yorkshire Police,North Yorkshire Police,-1.379055,53.944906,On or near B1224,E01027703,Harrogate 016E,Drugs,Under investigation,
a845c9ee0a54c99e49c700a8df00ad84381db8390b245a50861be098e9a0b8d8,2019-03,North Yorkshire Police,North Yorkshire Police,-1.379055,53.944906,On or near B1224,E01027703,Harrogate 016E,Other theft,Under investigation,
024a0ab1f9eb25f8a6f71f96ddc80c34434526848e8ad99c8ad856de8f969469,2019-03,North Yorkshire Police,North Yorkshire Police,-1.321095,53.998673,On or near Station Road,E01027703,Harrogate 016E,Other theft,Investigation complete; no suspect identified,
726deddb1b0e200fc780c2776d60c2578c2df4089b84d40dc9d4b730b64dd647,2019-03,North Yorkshire Police,North Yorkshire Police,-1.379055,53.944906,On or near B1224,E01027703,Harrogate 016E,Other theft,Investigation complete; no suspect identified,
f3511c23cbbfb63d2b95a5cc2b51aff1ea67b674a940b29a70093a79c2d2ce6e,2019-03,North Yorkshire Police,North Yorkshire Police,-1.379055,53.944906,On or near B1224,E01027703,Harrogate 016E,Other theft,Under investigation,
56d4bba635e7bfc1201daaf00b0bd09fe3154eff87996f563270924a077ffc4d,2019-03,North Yorkshire Police,North Yorkshire Police,-1.375251,53.950684,On or near Loshpot Lane,E01027703,Harrogate 016E,Other theft,Under investigation,
443187fe1f5ecaf5e303586f1c1e73f48cca6f1478b5206b786cd2844ac9d6c4,2019-03,North Yorkshire Police,North Yorkshire Police,-1.379055,53.944906,On or near B1224,E01027703,Harrogate 016E,Other theft,Under investigation,
23781c3a435fbba5bba71101ef8b17db9f8c83428a645052a6b55a9f47c58a80,2019-03,North Yorkshire Police,North Yorkshire Police,-1.379055,53.944906,On or near B1224,E01027703,Harrogate 016E,Other theft,Under investigation,
9a1449601ae420f9ba349d77404783af55d686e0734401e0fd27d72ad413146e,2019-03,North Yorkshire Police,North Yorkshire Police,-1.379055,53.944906,On or near B1224,E01027703,Harrogate 016E,Robbery,Under investigation,
52b63667b044cf14aca3fddbb4a621d2c0d76245c6c6a8aaa9687e28833bf393,2019-03,North Yorkshire Police,North Yorkshire Police,-1.379055,53.944906,On or near B1224,E01027703,Harrogate 016E,Shoplifting,Under investigation,
703755aba51855e90f0ad02570980fac8f05a01aabce0ba06e166ef52531ad65,2019-03,North Yorkshire Police,North Yorkshire Police,-1.375251,53.950684,On or near Loshpot Lane,E01027703,Harrogate 016E,Vehicle crime,Investigation complete; no suspect identified,
fc83ee5350ee5fdcceef78e632c2b2a11efaf5920a4283fd4bba6c0051e5b659,2019-03,North Yorkshire Police,North Yorkshire Police,-1.375251,53.950684,On or near Loshpot Lane,E01027703,Harrogate 016E,Vehicle crime,Under investigation,
85c394f6077fc3b0a4d6293080b59805c486942dd6e5ac0240ccc489f10f034e,2019-03,North Yorkshire Police,North Yorkshire Police,-1.375251,53.950684,On or near Loshpot Lane,E01027703,Harrogate 016E,Vehicle crime,Investigation complete; no suspect identified,
968960fbc6aa6b83165b055d555377f2098e1c0a377331e6b16c482457e81c0b,2019-03,North Yorkshire Police,North Yorkshire Police,-1.375251,53.950684,On or near Loshpot Lane,E01027703,Harrogate 016E,Vehicle crime,Investigation complete; no suspect identified,
e4107d321e299092b9ddcde392da41425573ea96d89de533e951575e9b5a4a35,2019-03,North Yorkshire Police,North Yorkshire Police,-1.375251,53.950684,On or near Loshpot Lane,E01027703,Harrogate 016E,Vehicle crime,Investigation complete; no suspect identified,
2700f22dca635beabd81c35c76acbb92754142d7627ec6dfe2cea58df5f69c13,2019-03,North Yorkshire Police,North Yorkshire Police,-1.375251,53.950684,On or near Loshpot Lane,E01027703,Harrogate 016E,Vehicle crime,Investigation complete; no suspect identified,
3697e48d2fa0e1186d65ed1fd874e2977e2ae2614c8808f4e0eaf0573632b022,2019-03,North Yorkshire Police,North Yorkshire Police,-1.375251,53.950684,On or near Loshpot Lane,E01027703,Harrogate 016E,Vehicle crime,Under investigation,
16bf3f26e8566acf746220b7ef812a07b11f5d53f518649d896ed88557e4c368,2019-03,North Yorkshire Police,North Yorkshire Police,-1.375251,53.950684,On or near Loshpot Lane,E01027703,Harrogate 016E,Vehicle crime,Investigation complete; no suspect identified,
930ff3a0b5396326df6efa64490c4c58c0ea73988f0b90ff1d8b7fb69d36785a,2019-03,North Yorkshire Police,North Yorkshire Police,-1.375251,53.950684,On or near Loshpot Lane,E01027703,Harrogate 016E,Vehicle crime,Investigation complete; no suspect identified,
c0b97ff32bdc137b1fd4e13eca896a2ef4015a1c4b93b32705b968a30025e565,2019-03,North Yorkshire Police,North Yorkshire Police,-1.367211,54.015714,On or near Allerton Lane,E01027703,Harrogate 016E,Violence and sexual offences,Unable to prosecute suspect,
ea6e52bcd29d0871b4722356a20abb796c420c6d2af1558eae59196aa592f523,2019-03,North Yorkshire Police,North Yorkshire Police,-1.381811,53.960479,On or near Parking Area,E01027703,Harrogate 016E,Violence and sexual offences,Under investigation,
172ca4a33fc72a075fa016cbe21124c4986d432af4d88d8268f3062316c1ebb0,2019-03,North Yorkshire Police,North Yorkshire Police,-1.407936,53.974281,On or near South Park Lane,E01027703,Harrogate 016E,Violence and sexual offences,Under investigation,
a3ae9e240aa7942021cdaf463836d0ac9d1506787c13cdb3a5e914a50d5a785e,2019-03,North Yorkshire Police,North Yorkshire Police,-1.367211,54.015714,On or near Allerton Lane,E01027703,Harrogate 016E,Violence and sexual offences,Unable to prosecute suspect,
27b4159578f04a4bba30bf075eedc6819511619464dc2de01803ba87bf7426f7,2019-03,North Yorkshire Police,North Yorkshire Police,-1.379055,53.944906,On or near B1224,E01027703,Harrogate 016E,Violence and sexual offences,Under investigation,
,2019-03,North Yorkshire Police,North Yorkshire Police,-1.500807,53.987725,On or near Rudbeck Close,E01027660,Harrogate 017A,Anti-social behaviour,,
,2019-03,North Yorkshire Police,North Yorkshire Police,-1.512112,53.989965,On or near Wedderburn Lodge,E01027660,Harrogate 017A,Anti-social behaviour,,
8a5c50da0b53e67b54d57c02eba731f94b4fa5928bcb1b5bd6938b7a984539ec,2019-03,North Yorkshire Police,North Yorkshire Police,-1.511246,53.989656,On or near Cedar Grove,E01027660,Harrogate 017A,Burglary,Under investigation,
869ec0f376f4997d36539edca4a107f49e311f4cfc8ace6a0f979c6843c352f1,2019-03,North Yorkshire Police,North Yorkshire Police,-1.507344,53.985613,On or near Conference/Exhibition Centre,E01027660,Harrogate 017A,Drugs,Offender given a drugs possession warning,
5096d452ebc4ca495dd294d94af387ec1973de63300b1116db7f3e1132153d35,2019-03,North Yorkshire Police,North Yorkshire Police,-1.495059,53.981248,On or near Crimple Lane,E01027660,Harrogate 017A,Vehicle crime,Investigation complete; no suspect identified,
9f2ded4672174b4a23da2ef731513c1834fca92763ec22a34114dcab194845e4,2019-03,North Yorkshire Police,North Yorkshire Police,-1.501478,53.989022,On or near Eleanor Drive,E01027660,Harrogate 017A,Violence and sexual offences,Under investigation,
771f16969cc8c5055c6a513c2cd014453a78256f33e607d08a56002fef143dfb,2019-03,North Yorkshire Police,North Yorkshire Police,-1.505130,53.988435,On or near Petrol Station,E01027660,Harrogate 017A,Violence and sexual offences,Unable to prosecute suspect,
5dea4e6335fd84222fc29c5237a4a4d73396dc33f691017fd44360408dbcdbad,2019-03,North Yorkshire Police,North Yorkshire Police,-1.491254,53.988225,On or near Bowland Close,E01027661,Harrogate 017B,Drugs,Offender given community sentence,
985b06a3fc3d5bdfe611046af16d431819e082257640faa097021721380b0093,2019-03,North Yorkshire Police,North Yorkshire Police,-1.499266,53.987764,On or near Rudbeck Crescent,E01027661,Harrogate 017B,Shoplifting,Under investigation,
db37256468070741087f86dea26599b956f9a4df066fb821a0c707c4ea8b29a6,2019-03,North Yorkshire Police,North Yorkshire Police,-1.499266,53.987764,On or near Rudbeck Crescent,E01027661,Harrogate 017B,Shoplifting,Under investigation,
feb321b0268e6ffd9f5eddea7976f4802917fac31c81ecca242e69b857624e06,2019-03,North Yorkshire Police,North Yorkshire Police,-1.499266,53.987764,On or near Rudbeck Crescent,E01027661,Harrogate 017B,Shoplifting,Under investigation,
09c5c78b5c234f010fe06ca08988d332330d6d59bf8ff97ef5bb80d61699ad10,2019-03,North Yorkshire Police,North Yorkshire Police,-1.497417,53.989374,On or near Plompton Close,E01027661,Harrogate 017B,Violence and sexual offences,Under investigation,
296b3b26ea7e7ee3f84261333c878c537b0ac2110bb281e5c7732517fd7ddbf1,2019-03,North Yorkshire Police,North Yorkshire Police,-1.499266,53.987764,On or near Rudbeck Crescent,E01027661,Harrogate 017B,Other crime,Under investigation,
,2019-03,North Yorkshire Police,North Yorkshire Police,-1.514617,53.989624,On or near Wayside Crescent,E01027662,Harrogate 017C,Anti-social behaviour,,
6bb630f0c83b2efd7c8a8019dac66404c18193d169445e5f42cc4eb63b909038,2019-03,North Yorkshire Police,North Yorkshire Police,-1.520388,53.983814,On or near Hookstone Road,E01027662,Harrogate 017C,Drugs,Under investigation,
64376d9735edb24a2f0381380aedde26b7eeaad4038175ee9bd5ee56852021b4,2019-03,North Yorkshire Police,North Yorkshire Police,-1.512998,53.987263,On or near St Leonard'S Close,E01027662,Harrogate 017C,Vehicle crime,Investigation complete; no suspect identified,
5a77f33a2dcb2e55c8f000b19381f468cd1b7a8a6f8b09fe6bccddae86d1c9cf,2019-03,North Yorkshire Police,North Yorkshire Police,-1.494380,53.993298,On or near Hookstone Park,E01027663,Harrogate 017D,Burglary,Under investigation,
f73e71dac9fada575f47b5786b979c70b14bf804f62d9de84af4990d5c42986d,2019-03,North Yorkshire Police,North Yorkshire Police,-1.498852,53.994314,On or near Prospect Road,E01027663,Harrogate 017D,Criminal damage and arson,Under investigation,
00d77a48232f64a9047ebc5adb995e09d3c4fe72f4d08f919f8f170693986ae2,2019-03,North Yorkshire Police,North Yorkshire Police,-1.498852,53.994314,On or near Prospect Road,E01027663,Harrogate 017D,Criminal damage and arson,Investigation complete; no suspect identified,
dcc0330532ed5d73d5c96eee8622fbc6f92619adba60f6244885b677706df1a4,2019-03,North Yorkshire Police,North Yorkshire Police,-1.498852,53.994314,On or near Prospect Road,E01027663,Harrogate 017D,Other theft,Investigation complete; no suspect identified,
025238c77b1cd147d47152c50ca52386826f7820cbe3171796ddd48e1c9d8586,2019-03,North Yorkshire Police,North Yorkshire Police,-1.498852,53.994314,On or near Prospect Road,E01027663,Harrogate 017D,Shoplifting,Unable to prosecute suspect,
8ec63c39c2ba9504ed33628534906f56dd38feaa2fcff0c0241f293af8c21476,2019-03,North Yorkshire Police,North Yorkshire Police,-1.498114,53.990941,On or near Hookstone Chase,E01027663,Harrogate 017D,Shoplifting,Under investigation,
4f1e47bfda22e1aa1dd37d37824d09b777cf17403ca090d02eb5f541597662c9,2019-03,North Yorkshire Police,North Yorkshire Police,-1.498852,53.994314,On or near Prospect Road,E01027663,Harrogate 017D,Shoplifting,Investigation complete; no suspect identified,
5666e82fca419f6a3e7772edf74f880663eb7203a640492e8a24c87e97de1eba,2019-03,North Yorkshire Police,North Yorkshire Police,-1.498852,53.994314,On or near Prospect Road,E01027663,Harrogate 017D,Vehicle crime,Investigation complete; no suspect identified,
f6918b92e9141b399134f5d60323472032d31efef1aeac7d94225d50f0b4013a,2019-03,North Yorkshire Police,North Yorkshire Police,-1.498852,53.994314,On or near Prospect Road,E01027663,Harrogate 017D,Vehicle crime,Investigation complete; no suspect identified,
f7ff7e5e4d1193ed467fbc97cbf87e60020bdea1f940d13449125e89d99f3edf,2019-03,North Yorkshire Police,North Yorkshire Police,-1.491344,53.994552,On or near Crossways Drive,E01027663,Harrogate 017D,Vehicle crime,Unable to prosecute suspect,
d9e2cb246b033236a5ec88e6abcbb5b7f600d120b09b9fdb4fa800b0b94bc33e,2019-03,North Yorkshire Police,North Yorkshire Police,-1.494380,53.993298,On or near Hookstone Park,E01027663,Harrogate 017D,Violence and sexual offences,Unable to prosecute suspect,
,2019-03,North Yorkshire Police,North Yorkshire Police,-1.529521,53.977164,On or near Hookstone Avenue,E01027697,Harrogate 017E,Anti-social behaviour,,
,2019-03,North Yorkshire Police,North Yorkshire Police,-1.527722,53.977130,On or near Birchwood Mews,E01027697,Harrogate 017E,Anti-social behaviour,,
,2019-03,North Yorkshire Police,North Yorkshire Police,-1.529309,53.978430,On or near Mount Gardens,E01027697,Harrogate 017E,Anti-social behaviour,,
0bb18fd7073e2dd77423d47b81c0937fe952be45a9fd917e512d917a340bc25e,2019-03,North Yorkshire Police,North Yorkshire Police,-1.527722,53.977130,On or near Birchwood Mews,E01027697,Harrogate 017E,Criminal damage and arson,Unable to prosecute suspect,
155872aa3c5b05d403f4991ddb4c577db8bdd152813f5aeeb35e6b6a77f51e64,2019-03,North Yorkshire Police,North Yorkshire Police,-1.530795,53.976450,On or near Beech Avenue,E01027697,Harrogate 017E,Shoplifting,Under investigation,
d4e6eaf98d4698f84700abdd02dd2f5388168aac40130a447b55cb5b96a09a6d,2019-03,North Yorkshire Police,North Yorkshire Police,-1.526921,53.973864,On or near Almsford Oval,E01027697,Harrogate 017E,Vehicle crime,Investigation complete; no suspect identified,
9c52cff9dfd69c1fe392575caefd3dc7db71d34c08eb054085f0f34d64b69551,2019-03,North Yorkshire Police,North Yorkshire Police,-1.524698,53.976309,On or near Sports/Recreation Area,E01027697,Harrogate 017E,Violence and sexual offences,Further investigation is not in the public interest,
,2019-03,North Yorkshire Police,North Yorkshire Police,-1.525272,53.987492,On or near Oatlands Drive,E01027733,Harrogate 017F,Anti-social behaviour,,
34411dccb3ecc0fea96bc1a11b08f14f2ab3ffc47621a6c861650ce31e65772d,2019-03,North Yorkshire Police,North Yorkshire Police,-1.519400,53.991477,On or near St Winifred'S Avenue,E01027733,Harrogate 017F,Criminal damage and arson,Investigation complete; no suspect identified,
1aa042d7ce853382f5157d21274967b3ddee0d559c7039c0d49dce006553f577,2019-03,North Yorkshire Police,North Yorkshire Police,-1.525272,53.987492,On or near Oatlands Drive,E01027733,Harrogate 017F,Public order,Unable to prosecute suspect,
,2019-03,North Yorkshire Police,North Yorkshire Police,-1.654948,54.011598,On or near Tang Road,E01027682,Harrogate 018A,Anti-social behaviour,,
a29b85735c72a5ba46199901bf9451d7a6ecbeedc7eb43a676f6a60610736686,2019-03,North Yorkshire Police,North Yorkshire Police,-1.668325,54.012283,On or near Staupes Road,E01027682,Harrogate 018A,Criminal damage and arson,Unable to prosecute suspect,
82064501cc2da9d24c5c2bd91d6f99e645333a2e439c0eb0a56ce54b09d33f3a,2019-03,North Yorkshire Police,North Yorkshire Police,-1.607341,54.045390,On or near Clint Garth,E01027682,Harrogate 018A,Violence and sexual offences,Awaiting court outcome,
5e6eaf9a06ff028c4f30a58ccae22b71b139692880219158fd812dc7b42763af,2019-03,North Yorkshire Police,North Yorkshire Police,-1.633992,54.031237,On or near Parking Area,E01027682,Harrogate 018A,Violence and sexual offences,Under investigation,
04c7d367146f7c4c90b9aa0aaac5956b0eb1bad7647c5c1f8a178292e0bb5569,2019-03,North Yorkshire Police,North Yorkshire Police,-1.607341,54.045390,On or near Clint Garth,E01027682,Harrogate 018A,Violence and sexual offences,Awaiting court outcome,
385871b137f37792b0eefcd85411b04dc3f8399712fa4e17ff1e1d9118cdc1da,2019-03,North Yorkshire Police,North Yorkshire Police,-1.607341,54.045390,On or near Clint Garth,E01027682,Harrogate 018A,Violence and sexual offences,Unable to prosecute suspect,
16e948e1662f98154696416fbc88c2d06b316fac1b2fefeab56aec0c7793ef24,2019-03,North Yorkshire Police,North Yorkshire Police,-1.725613,54.011780,On or near Trafalgar Square,E01027694,Harrogate 018B,Violence and sexual offences,Unable to prosecute suspect,
f85956df160745c5810c97a857616ba4369f182857731e65265b5d7287b4b89e,2019-03,North Yorkshire Police,North Yorkshire Police,-1.725613,54.011780,On or near Trafalgar Square,E01027694,Harrogate 018B,Violence and sexual offences,Unable to prosecute suspect,
,2019-03,North Yorkshire Police,North Yorkshire Police,-1.591898,53.967658,On or near Shaw Lane,E01027734,Harrogate 018C,Anti-social behaviour,,
d1d81c1d6683a9dea528993210f4cc44923ec22c1289217be3ef17233e7c0de2,2019-03,North Yorkshire Police,North Yorkshire Police,-1.677322,53.977534,On or near Watson'S Lane,E01027734,Harrogate 018C,Other theft,Under investigation,
8d879da2631c36aacd003c59b4a5bb2619f5b2bd2e5da831158f69257a0e5307,2019-03,North Yorkshire Police,North Yorkshire Police,-1.586597,53.947246,On or near High Moor Road,E01027734,Harrogate 018C,Violence and sexual offences,Under investigation,
7687b38b63063bcf38aa8517175ea359f98c73880daa1b504c0e68d46be094f6,2019-03,North Yorkshire Police,North Yorkshire Police,-1.743051,53.977684,On or near Rues Lane,E01027735,Harrogate 018D,Burglary,Investigation complete; no suspect identified,
2f97814785402903dc02d7f6298da81e523681af00c219e3d115557635d74ec7,2019-03,North Yorkshire Police,North Yorkshire Police,-1.685887,53.915119,On or near Riverside Drive,E01027735,Harrogate 018D,Vehicle crime,Investigation complete; no suspect identified,
fd1a26d9e15582adebfae3ae19dcd5496556488b2c306f5a6b121163af24eff4,2019-03,North Yorkshire Police,North Yorkshire Police,-1.787052,53.939248,On or near Denton Road,E01027735,Harrogate 018D,Violence and sexual offences,Unable to prosecute suspect,
ec1e6203f0906f42e2db699c7f86b1a94acf26bf02ffef463df9164eaf9faa7f,2019-03,North Yorkshire Police,North Yorkshire Police,-1.743444,54.003129,On or near Hardisty Hill,E01027735,Harrogate 018D,Violence and sexual offences,Unable to prosecute suspect,
b09487c4315ff029d00acb5fe01d7af12f478e1e65a548dbb497db16b8e5c059,2019-03,North Yorkshire Police,North Yorkshire Police,-1.743444,54.003129,On or near Hardisty Hill,E01027735,Harrogate 018D,Violence and sexual offences,Unable to prosecute suspect,
,2019-03,North Yorkshire Police,North Yorkshire Police,-1.536444,53.995004,On or near Haywra Street,E01027656,Harrogate 019A,Anti-social behaviour,,
,2019-03,North Yorkshire Police,North Yorkshire Police,-1.537043,53.993227,On or near Parking Area,E01027656,Harrogate 019A,Anti-social behaviour,,
,2019-03,North Yorkshire Police,North Yorkshire Police,-1.536444,53.995004,On or near Haywra Street,E01027656,Harrogate 019A,Anti-social behaviour,,
,2019-03,North Yorkshire Police,North Yorkshire Police,-1.535108,53.993040,On or near The Parade,E01027656,Harrogate 019A,Anti-social behaviour,,
,2019-03,North Yorkshire Police,North Yorkshire Police,-1.536444,53.995004,On or near Haywra Street,E01027656,Harrogate 019A,Anti-social behaviour,,
,2019-03,North Yorkshire Police,North Yorkshire Police,-1.536444,53.995004,On or near Haywra Street,E01027656,Harrogate 019A,Anti-social behaviour,,
,2019-03,North Yorkshire Police,North Yorkshire Police,-1.536444,53.995004,On or near Haywra Street,E01027656,Harrogate 019A,Anti-social behaviour,,
,2019-03,North Yorkshire Police,North Yorkshire Police,-1.531803,53.991256,On or near Conference/Exhibition Centre,E01027656,Harrogate 019A,Anti-social behaviour,,
,2019-03,North Yorkshire Police,North Yorkshire Police,-1.529351,53.990869,On or near Park Parade,E01027656,Harrogate 019A,Anti-social behaviour,,
,2019-03,North Yorkshire Police,North Yorkshire Police,-1.531803,53.991256,On or near Conference/Exhibition Centre,E01027656,Harrogate 019A,Anti-social behaviour,,
,2019-03,North Yorkshire Police,North Yorkshire Police,-1.531803,53.991256,On or near Conference/Exhibition Centre,E01027656,Harrogate 019A,Anti-social behaviour,,
,2019-03,North Yorkshire Police,North Yorkshire Police,-1.536444,53.995004,On or near Haywra Street,E01027656,Harrogate 019A,Anti-social behaviour,,
,2019-03,North Yorkshire Police,North Yorkshire Police,-1.535235,53.989877,On or near South Park Road,E01027656,Harrogate 019A,Anti-social behaviour,,
,2019-03,North Yorkshire Police,North Yorkshire Police,-1.536444,53.995004,On or near Haywra Street,E01027656,Harrogate 019A,Anti-social behaviour,,
,2019-03,North Yorkshire Police,North Yorkshire Police,-1.536444,53.995004,On or near Haywra Street,E01027656,Harrogate 019A,Anti-social behaviour,,
2a9b9d868ce3f34178067a0da602bf886908134e534059f821dead27a514763a,2019-03,North Yorkshire Police,North Yorkshire Police,-1.536444,53.995004,On or near Haywra Street,E01027656,Harrogate 019A,Burglary,Investigation complete; no suspect identified,
ba7b6f85184149c4287f89ce02942cce6f8ceac28565d310d3cebd1f179f1ed4,2019-03,North Yorkshire Police,North Yorkshire Police,-1.537158,53.993848,On or near Parking Area,E01027656,Harrogate 019A,Criminal damage and arson,Under investigation,
ff89d3fb00cb7a72357f81af1079e359066c0e5a7c51ae4fdc35e5b3510b0e83,2019-03,North Yorkshire Police,North Yorkshire Police,-1.529351,53.990869,On or near Park Parade,E01027656,Harrogate 019A,Criminal damage and arson,Under investigation,
7e5c0420e145d1c5c5cca810d1321d61535e9fc54b95096a8186c1ef0ec2678a,2019-03,North Yorkshire Police,North Yorkshire Police,-1.531488,53.994877,On or near Kingsway,E01027656,Harrogate 019A,Criminal damage and arson,Investigation complete; no suspect identified,
0f413f6f11ae4cefa54c4221d5390fc1ab6fd19e504339ca2aa172dc9ddfe884,2019-03,North Yorkshire Police,North Yorkshire Police,-1.537158,53.993848,On or near Parking Area,E01027656,Harrogate 019A,Criminal damage and arson,Under investigation,
36f0cf74ce09bf68088681cff4dca5e122164e741327167f1a3c40e5adb34bef,2019-03,North Yorkshire Police,North Yorkshire Police,-1.536444,53.995004,On or near Haywra Street,E01027656,Harrogate 019A,Criminal damage and arson,Investigation complete; no suspect identified,
c31a1791db1b1cc23fb9c85683fa22f479af5c00dbd2bbadbd4d72591c369691,2019-03,North Yorkshire Police,North Yorkshire Police,-1.535262,53.994245,On or near Parking Area,E01027656,Harrogate 019A,Drugs,Under investigation,
fa2dbc320ff9afb766c9bc3b193d2c949f4525c873d4cfec004125749150f068,2019-03,North Yorkshire Police,North Yorkshire Police,-1.535262,53.994245,On or near Parking Area,E01027656,Harrogate 019A,Public order,Under investigation,
fc415c747de94b36615f453b149d8dc8969a414cc58f2f8f7d8c280eb10d8d05,2019-03,North Yorkshire Police,North Yorkshire Police,-1.529351,53.990869,On or near Park Parade,E01027656,Harrogate 019A,Violence and sexual offences,Under investigation,
15a6ba7bfc1051259c68084528353985ee29d7601bd68726fd38866d75786831,2019-03,North Yorkshire Police,North Yorkshire Police,-1.537043,53.993227,On or near Parking Area,E01027656,Harrogate 019A,Violence and sexual offences,Under investigation,
8822a781c77e866a0519e1204175217c619e112bf1a492c86dce252c4f2422a5,2019-03,North Yorkshire Police,North Yorkshire Police,-1.535262,53.994245,On or near Parking Area,E01027656,Harrogate 019A,Violence and sexual offences,Unable to prosecute suspect,
7e58a03e98ea5d4e384b1621edabe6292bdf72ee296143307bab8bbd4b2ef071,2019-03,North Yorkshire Police,North Yorkshire Police,-1.529351,53.990869,On or near Park Parade,E01027656,Harrogate 019A,Violence and sexual offences,Under investigation,
921845c618a45b2f2277e6059e3c237e589bee23590680229338fb9607a4b27b,2019-03,North Yorkshire Police,North Yorkshire Police,-1.535262,53.994245,On or near Parking Area,E01027656,Harrogate 019A,Violence and sexual offences,Offender given a caution,
,2019-03,North Yorkshire Police,North Yorkshire Police,-1.541392,53.991644,On or near Prospect Place,E01027679,Harrogate 019B,Anti-social behaviour,,
,2019-03,North Yorkshire Police,North Yorkshire Police,-1.541391,53.993136,On or near Cambridge Road,E01027679,Harrogate 019B,Anti-social behaviour,,
,2019-03,North Yorkshire Police,North Yorkshire Police,-1.542019,53.992905,On or near Cambridge Crescent,E01027679,Harrogate 019B,Anti-social behaviour,,
,2019-03,North Yorkshire Police,North Yorkshire Police,-1.542875,53.992683,On or near Montpellier Square,E01027679,Harrogate 019B,Anti-social behaviour,,
,2019-03,North Yorkshire Police,North Yorkshire Police,-1.542019,53.992905,On or near Cambridge Crescent,E01027679,Harrogate 019B,Anti-social behaviour,,
,2019-03,North Yorkshire Police,North Yorkshire Police,-1.541392,53.991644,On or near Prospect Place,E01027679,Harrogate 019B,Anti-social behaviour,,
,2019-03,North Yorkshire Police,North Yorkshire Police,-1.539996,53.992376,On or near James Street,E01027679,Harrogate 019B,Anti-social behaviour,,
,2019-03,North Yorkshire Police,North Yorkshire Police,-1.541875,53.993470,On or near Cambridge Terrace,E01027679,Harrogate 019B,Anti-social behaviour,,
,2019-03,North Yorkshire Police,North Yorkshire Police,-1.541391,53.993136,On or near Cambridge Road,E01027679,Harrogate 019B,Anti-social behaviour,,
,2019-03,North Yorkshire Police,North Yorkshire Police,-1.541875,53.993470,On or near Cambridge Terrace,E01027679,Harrogate 019B,Anti-social behaviour,,
,2019-03,North Yorkshire Police,North Yorkshire Police,-1.541392,53.991644,On or near Prospect Place,E01027679,Harrogate 019B,Anti-social behaviour,,
,2019-03,North Yorkshire Police,North Yorkshire Police,-1.541182,53.989908,On or near West Park Street,E01027679,Harrogate 019B,Anti-social behaviour,,
,2019-03,North Yorkshire Police,North Yorkshire Police,-1.537706,53.988403,On or near Trafalgar Road,E01027679,Harrogate 019B,Anti-social behaviour,,
,2019-03,North Yorkshire Police,North Yorkshire Police,-1.541392,53.991644,On or near Prospect Place,E01027679,Harrogate 019B,Anti-social behaviour,,
,2019-03,North Yorkshire Police,North Yorkshire Police,-1.539825,53.992627,On or near Shopping Area,E01027679,Harrogate 019B,Anti-social behaviour,,
,2019-03,North Yorkshire Police,North Yorkshire Police,-1.538373,53.987444,On or near York Place,E01027679,Harrogate 019B,Anti-social behaviour,,
6ec1cef67ef5fa944cc37e2f5f86c5b3ec8efd2e613f7e1dbe6c2793fdf67716,2019-03,North Yorkshire Police,North Yorkshire Police,-1.542019,53.992905,On or near Cambridge Crescent,E01027679,Harrogate 019B,Bicycle theft,Investigation complete; no suspect identified,
f7b12d6e767b80f7ff60eda30931d41fb9b9bda5ded8929864847688d096cde7,2019-03,North Yorkshire Police,North Yorkshire Police,-1.539825,53.992627,On or near Shopping Area,E01027679,Harrogate 019B,Burglary,Investigation complete; no suspect identified,
8d624f79063f1d2188f33c231bfb1d5944b2993f3d409cba6f90939789433c67,2019-03,North Yorkshire Police,North Yorkshire Police,-1.542875,53.992683,On or near Montpellier Square,E01027679,Harrogate 019B,Criminal damage and arson,Under investigation,
e34499b6b0c13a916452e69e823c356ac0b9cd2c046e8bde8788693aa61b6565,2019-03,North Yorkshire Police,North Yorkshire Police,-1.541392,53.991644,On or near Prospect Place,E01027679,Harrogate 019B,Criminal damage and arson,Under investigation,
4da9b5021ff95acfc34c4bc72edc8ba4e86dcd396eca3154f94f831e97c39fe1,2019-03,North Yorkshire Police,North Yorkshire Police,-1.549487,53.984970,On or near Cold Bath Road,E01027679,Harrogate 019B,Criminal damage and arson,Under investigation,
fc73dbd531d1550e7b13104bf3ffdc4eca42c643974ebe58dcc67eb5ded252ce,2019-03,North Yorkshire Police,North Yorkshire Police,-1.542875,53.992683,On or near Montpellier Square,E01027679,Harrogate 019B,Criminal damage and arson,Investigation complete; no suspect identified,
742fee187d32298347b33d64dc878d31ecac940fbded1e727ef037aa16550b0b,2019-03,North Yorkshire Police,North Yorkshire Police,-1.542019,53.992905,On or near Cambridge Crescent,E01027679,Harrogate 019B,Criminal damage and arson,Investigation complete; no suspect identified,
02a646bb82eff7e7e8664856fe8f832950b1cd375ac55a896ed17de7b1841cdb,2019-03,North Yorkshire Police,North Yorkshire Police,-1.542875,53.992683,On or near Montpellier Square,E01027679,Harrogate 019B,Drugs,Under investigation,
14b6eeb7ece42aa5d2f5894905d736eeb0edafdc577c11b99c15829446629283,2019-03,North Yorkshire Police,North Yorkshire Police,-1.536435,53.988866,On or near Back York Place,E01027679,Harrogate 019B,Drugs,Offender given a drugs possession warning,
8f842ee4c4da3a0afb5f3356b4c465b96a2b16daca8965bac061438c5e4bd5a2,2019-03,North Yorkshire Police,North Yorkshire Police,-1.547155,53.989068,On or near Treesdale Road,E01027679,Harrogate 019B,Drugs,Under investigation,
18eac106050d6310833f3b8ddc8e705162b80d6cca6e7246047b7d779b6fca46,2019-03,North Yorkshire Police,North Yorkshire Police,-1.542019,53.992905,On or near Cambridge Crescent,E01027679,Harrogate 019B,Public order,Under investigation,
caa9f88b399a85d321ff6d01a416ac8fa4b577c6555e99664f9f5cc24400ea4f,2019-03,North Yorkshire Police,North Yorkshire Police,-1.550156,53.989394,On or near Harlow Moor Drive,E01027679,Harrogate 019B,Public order,Under investigation,
53b8f7280be3053b60510d1a1cec01b7cafc488a40269eca9cf803407116a512,2019-03,North Yorkshire Police,North Yorkshire Police,-1.543855,53.988220,On or near Beech Grove,E01027679,Harrogate 019B,Robbery,Unable to prosecute suspect,
e54200432557f81e55f3b5585dc95587063bfc3a8e6cf1078a4ce3c54d3ee855,2019-03,North Yorkshire Police,North Yorkshire Police,-1.541875,53.993470,On or near Cambridge Terrace,E01027679,Harrogate 019B,Shoplifting,Investigation complete; no suspect identified,
d2cb9066b0da15a1bd88c2648f56d11d3fa0096097d08960afbb5acb8382ec56,2019-03,North Yorkshire Police,North Yorkshire Police,-1.541875,53.993470,On or near Cambridge Terrace,E01027679,Harrogate 019B,Shoplifting,Under investigation,
06ca5f2a8d70d6a63529fa7ec4c391bb18d5ee18037dea30fb1b7185515a692f,2019-03,North Yorkshire Police,North Yorkshire Police,-1.539825,53.992627,On or near Shopping Area,E01027679,Harrogate 019B,Shoplifting,Local resolution,
a0b52fdb03ab206f5047d525e23b4473bfab25ce612c7a476f469fb5a02f0cc0,2019-03,North Yorkshire Police,North Yorkshire Police,-1.541391,53.993136,On or near Cambridge Road,E01027679,Harrogate 019B,Shoplifting,Under investigation,
05ec920574f9f90c2832feaa5efd7c5444dcc303137c7fbb242c5ca6a3cab9bd,2019-03,North Yorkshire Police,North Yorkshire Police,-1.544263,53.985723,On or near Otley Road,E01027679,Harrogate 019B,Vehicle crime,Investigation complete; no suspect identified,
40064303198b772644fb5fe34682f1513451fb1926783ece068e4857832a21dc,2019-03,North Yorkshire Police,North Yorkshire Police,-1.537706,53.988403,On or near Trafalgar Road,E01027679,Harrogate 019B,Violence and sexual offences,Unable to prosecute suspect,
46acc65c4cc357357afc0c7cdd9b36745a0b321855a9008f6a580cc9659be2af,2019-03,North Yorkshire Police,North Yorkshire Police,-1.549487,53.984970,On or near Cold Bath Road,E01027679,Harrogate 019B,Violence and sexual offences,Under investigation,
f506a35dbac11077d524e2724c0450ee4dce126e1f620cbda31095cd76914413,2019-03,North Yorkshire Police,North Yorkshire Police,-1.541392,53.991644,On or near Prospect Place,E01027679,Harrogate 019B,Violence and sexual offences,Under investigation,
82fbff78951ca9fd3f42a4758c7dc90fcc98d8f393e7ebacc4114316610f1116,2019-03,North Yorkshire Police,North Yorkshire Police,-1.541392,53.991644,On or near Prospect Place,E01027679,Harrogate 019B,Violence and sexual offences,Under investigation,
dbd4637c546492471bd1d84bea32cf70f2e08a54fe2d8cdbd2238b4d83230da8,2019-03,North Yorkshire Police,North Yorkshire Police,-1.543310,53.990573,On or near Byron Walk Mews,E01027679,Harrogate 019B,Violence and sexual offences,Under investigation,
8209bfffbb3b5df6731a7b84949d53b0c01f02b437663cb0865d12b2d56c1b54,2019-03,North Yorkshire Police,North Yorkshire Police,-1.549487,53.984970,On or near Cold Bath Road,E01027679,Harrogate 019B,Violence and sexual offences,Under investigation,
464444b59d284908139fba6feaebf077fed32de934e488264ee464feab9416c8,2019-03,North Yorkshire Police,North Yorkshire Police,-1.542789,53.983830,On or near Park Avenue,E01027730,Harrogate 019C,Drugs,Offender given a drugs possession warning,
0e541e86b8d13abe326da098c77604c09dc7f8445fc5683350f375354f159de4,2019-03,North Yorkshire Police,North Yorkshire Police,-1.540759,53.981252,On or near Park Avenue South,E01027730,Harrogate 019C,Other theft,Investigation complete; no suspect identified,
bdf8d98b14390b8c8acd342c82c1cd66bba62cca82c2eb6a203bd7968dff29a3,2019-03,North Yorkshire Police,North Yorkshire Police,-1.540759,53.981252,On or near Park Avenue South,E01027730,Harrogate 019C,Robbery,Under investigation,
,2019-03,North Yorkshire Police,North Yorkshire Police,-1.531619,53.979041,On or near Cromwell Road,E01027731,Harrogate 019D,Anti-social behaviour,,
41a6602d47315a104a685f29d2589f74057619e171ffa52d1ab03fe60f3f7aef,2019-03,North Yorkshire Police,North Yorkshire Police,-1.533296,53.979093,On or near Mount Street,E01027731,Harrogate 019D,Shoplifting,Under investigation,
,2019-03,North Yorkshire Police,North Yorkshire Police,-1.532268,53.982414,On or near Tewit Well Road,E01027732,Harrogate 019E,Anti-social behaviour,,
680d393bc1fd4401834845a3fa75a914b36a0664f49bf9253ccb241395bbc532,2019-03,North Yorkshire Police,North Yorkshire Police,-1.563090,53.980526,On or near Otley Road,E01027653,Harrogate 020A,Theft from the person,Under investigation,
,2019-03,North Yorkshire Police,North Yorkshire Police,-1.566922,53.991846,On or near Cornwall Close,E01027654,Harrogate 020B,Anti-social behaviour,,
,2019-03,North Yorkshire Police,North Yorkshire Police,-1.554005,53.998881,On or near Oakdale Glen,E01027654,Harrogate 020B,Anti-social behaviour,,
bcef57313c3614c475e7a62828d66696bf9966e894214074c2ef887d5c77cd8f,2019-03,North Yorkshire Police,North Yorkshire Police,-1.566922,53.991846,On or near Cornwall Close,E01027654,Harrogate 020B,Burglary,Investigation complete; no suspect identified,
ac011a2db2a68c9b07d0770210440dbad122f074897eb6ce67840e2c854be8c6,2019-03,North Yorkshire Police,North Yorkshire Police,-1.566922,53.991846,On or near Cornwall Close,E01027654,Harrogate 020B,Criminal damage and arson,Investigation complete; no suspect identified,
8d1b88a40079e16c3e4e3e8d9a58101f7893a1f0e61b35526ed19df4ada85c38,2019-03,North Yorkshire Police,North Yorkshire Police,-1.553432,54.001081,On or near Oakdale Place,E01027654,Harrogate 020B,Criminal damage and arson,Investigation complete; no suspect identified,
a70edf077467e6a26f93ee8a8eec6ea6905af95b9c0b03ca644641c46e598a78,2019-03,North Yorkshire Police,North Yorkshire Police,-1.579899,53.995146,On or near Penny Pot Gardens,E01027654,Harrogate 020B,Other theft,Investigation complete; no suspect identified,
,2019-03,North Yorkshire Police,North Yorkshire Police,-1.549276,53.974813,On or near Rossett Gardens,E01027716,Harrogate 020D,Anti-social behaviour,,
a1fcb23e00152560f53a14f70cc9f2de05ca334379cae3ea86a3a61c19dd9702,2019-03,North Yorkshire Police,North Yorkshire Police,-1.549276,53.974813,On or near Rossett Gardens,E01027716,Harrogate 020D,Criminal damage and arson,Action to be taken by another organisation,
a8dd1e6a5d09ca3d1425e8ef983a2271e49d364b5395a64799795db6b2dc25c5,2019-03,North Yorkshire Police,North Yorkshire Police,-1.549276,53.974813,On or near Rossett Gardens,E01027716,Harrogate 020D,Criminal damage and arson,Unable to prosecute suspect,
34f784068074ae7314994131aa15805ce16c10f269ac8134672f9412ba1c21dd,2019-03,North Yorkshire Police,North Yorkshire Police,-1.552162,53.968739,On or near The Drive,E01027716,Harrogate 020D,Drugs,Offender given a drugs possession warning,
ec61a8547fe9b6fc29d88b70059b414c7cfe55489742e69b052efdc3b47c4880,2019-03,North Yorkshire Police,North Yorkshire Police,-1.549276,53.974813,On or near Rossett Gardens,E01027716,Harrogate 020D,Public order,Under investigation,
4ca83fe7e2a00b2b2a1980404719d51d8c325b042bfc08e1944163dac63d7fd5,2019-03,North Yorkshire Police,North Yorkshire Police,-1.549276,53.974813,On or near Rossett Gardens,E01027716,Harrogate 020D,Violence and sexual offences,Unable to prosecute suspect,
cbbb553ed5c5f77e36c2e48e7542f165545632a0b388d863add36b627c77de73,2019-03,North Yorkshire Police,North Yorkshire Police,-1.549276,53.974813,On or near Rossett Gardens,E01027716,Harrogate 020D,Violence and sexual offences,Under investigation,
2b138ddbbf7e0b7e70433c6bdd915b973054145e57467817eb2e9b419fc1fc1a,2019-03,North Yorkshire Police,North Yorkshire Police,-1.549276,53.974813,On or near Rossett Gardens,E01027716,Harrogate 020D,Violence and sexual offences,Under investigation,
c10d99676b537744af5f277fac4a5b235634b35c1ffe879d16d30c8efb354dae,2019-03,North Yorkshire Police,North Yorkshire Police,-1.549276,53.974813,On or near Rossett Gardens,E01027716,Harrogate 020D,Violence and sexual offences,Action to be taken by another organisation,
157983d798adebb7d989483dd8544529b01c9cf776b6166fc2ef9b5e713f2dad,2019-03,North Yorkshire Police,North Yorkshire Police,-1.555092,53.974142,On or near Yew Tree Walk,E01027716,Harrogate 020D,Violence and sexual offences,Under investigation,
ee996f99eee45c79bc0f449939c49327feae31c83f1264a2f8ab1beef0c8edc9,2019-03,North Yorkshire Police,North Yorkshire Police,-1.549276,53.974813,On or near Rossett Gardens,E01027716,Harrogate 020D,Violence and sexual offences,Unable to prosecute suspect,
1672b3efb550b9e7cbd8ca1e23a3deed85a4d8cffa31551be12f14cf415ea02f,2019-03,North Yorkshire Police,North Yorkshire Police,-1.549276,53.974813,On or near Rossett Gardens,E01027716,Harrogate 020D,Violence and sexual offences,Under investigation,
,2019-03,North Yorkshire Police,North Yorkshire Police,-1.556031,53.981875,On or near Hill Rise Avenue,E01027717,Harrogate 020E,Anti-social behaviour,,
,2019-03,North Yorkshire Police,North Yorkshire Police,-1.554049,53.980412,On or near Pannal Ash Grove,E01027717,Harrogate 020E,Anti-social behaviour,,
,2019-03,North Yorkshire Police,North Yorkshire Police,-1.557634,53.981692,On or near Supermarket,E01027717,Harrogate 020E,Anti-social behaviour,,
a9ab2596762ef891b6e536e7142ad7db6b83f91bcc508789db39a3bf70eadc67,2019-03,North Yorkshire Police,North Yorkshire Police,-1.548803,53.983304,On or near Cundall Way,E01027717,Harrogate 020E,Other theft,Investigation complete; no suspect identified,
e93c57ba09de48b7242fb708e0a1d6ab96f8bbfc0301c9208fd323605d2aa0b0,2019-03,North Yorkshire Police,North Yorkshire Police,-1.558373,53.981075,On or near West Lea Avenue,E01027717,Harrogate 020E,Possession of weapons,Formal action is not in the public interest,
637830130988217ea3590551caf78f492d3fa179659f6b7b3beaf0524d93a2d6,2019-03,North Yorkshire Police,North Yorkshire Police,-1.548803,53.983304,On or near Cundall Way,E01027717,Harrogate 020E,Violence and sexual offences,Under investigation,
07f56e2fa85bf568a2c043f00b05c5ad2ac1f90637d6a9dc5fd3919cf3636d60,2019-03,North Yorkshire Police,North Yorkshire Police,-1.548803,53.983304,On or near Cundall Way,E01027717,Harrogate 020E,Violence and sexual offences,Unable to prosecute suspect,
447a55c74eabc7f62a1996cb2c9c0e720c7d46ebdaa96614ec939d25becba7cb,2019-03,North Yorkshire Police,North Yorkshire Police,-1.548803,53.983304,On or near Cundall Way,E01027717,Harrogate 020E,Violence and sexual offences,Under investigation,
43caed6c7f9087d38e70b02989d91563ead1964bfcb515c2fbad04169ea0753b,2019-03,North Yorkshire Police,North Yorkshire Police,-1.548803,53.983304,On or near Cundall Way,E01027717,Harrogate 020E,Violence and sexual offences,Unable to prosecute suspect,
,2019-03,North Yorkshire Police,North Yorkshire Police,-1.550504,53.978295,On or near Richmond Avenue,E01027718,Harrogate 020F,Anti-social behaviour,,
,2019-03,North Yorkshire Police,North Yorkshire Police,-1.542226,53.978156,On or near St George'S Road,E01027718,Harrogate 020F,Anti-social behaviour,,
d0ea5b943e4b94fcd023e0fd56f0650f8e6b38197ce88f9ca0b0a72d083039f6,2019-03,North Yorkshire Police,North Yorkshire Police,-1.541560,53.976329,On or near Hutton Gate,E01027718,Harrogate 020F,Criminal damage and arson,Investigation complete; no suspect identified,
e6251347c30ac5583e669eff2e4b043fa8890b99464fba0eae3d5daa8263e775,2019-03,North Yorkshire Police,North Yorkshire Police,-1.541560,53.976329,On or near Hutton Gate,E01027718,Harrogate 020F,Criminal damage and arson,Investigation complete; no suspect identified,
29d19396116840ff133387951534a3b6dba0289941a2c17da81aca334a67d9cf,2019-03,North Yorkshire Police,North Yorkshire Police,-1.548064,53.978376,On or near Arthurs Grove,E01027718,Harrogate 020F,Criminal damage and arson,Investigation complete; no suspect identified,
5eaa3e0748c7980b73b71c676d30e4a15750b5399e3cc1485279262cd5a764a1,2019-03,North Yorkshire Police,North Yorkshire Police,-1.543088,53.976048,On or near Redfearn Mews,E01027718,Harrogate 020F,Criminal damage and arson,Under investigation,
9737e759a64530d9de0d3493996b4f0d59ad1b307eba8c62134aeb86fe6e87ec,2019-03,North Yorkshire Police,North Yorkshire Police,-1.543237,53.980533,On or near Sports/Recreation Area,E01027718,Harrogate 020F,Vehicle crime,Investigation complete; no suspect identified,
856ade8558d13875fb00cd294eeb3df135a8010005d13ae4d4460331b1a18f03,2019-03,North Yorkshire Police,North Yorkshire Police,-1.543401,53.976669,On or near St George'S Walk,E01027718,Harrogate 020F,Violence and sexual offences,Under investigation,
b1cb0c79bdc91675a2495206889f7e81d760b3b44858edf9aa6964eaf1e5d01b,2019-03,North Yorkshire Police,North Yorkshire Police,-1.550504,53.978295,On or near Richmond Avenue,E01027718,Harrogate 020F,Violence and sexual offences,Under investigation,
34face5d79d7d352065268ecc0c2ac6d9b63dc5f617619b8d22d682e82334197,2019-03,North Yorkshire Police,North Yorkshire Police,-1.543088,53.976048,On or near Redfearn Mews,E01027718,Harrogate 020F,Other crime,Under investigation,
,2019-03,North Yorkshire Police,North Yorkshire Police,-1.555749,53.976913,On or near Westdene,E01027719,Harrogate 020G,Anti-social behaviour,,
8bc3e4c7ae480df0d8d61b4af43988b113944134bad2e256463b545e90011acd,2019-03,North Yorkshire Police,North Yorkshire Police,-1.547237,53.958995,On or near Burn Bridge Road,E01027699,Harrogate 021A,Vehicle crime,Investigation complete; no suspect identified,
558a1eb3388ba0f57e8f11656bbcdde69858489540519e23de0d2186a7f8b270,2019-03,North Yorkshire Police,North Yorkshire Police,-1.546333,53.959432,On or near Burn Bridge Oval,E01027699,Harrogate 021A,Vehicle crime,Investigation complete; no suspect identified,
94d57c9bbdb8716e34486f010e25a789f54455c091b319f866ab406387d5b14a,2019-03,North Yorkshire Police,North Yorkshire Police,-1.535352,53.958788,On or near Mill Lane,E01027699,Harrogate 021A,Violence and sexual offences,Under investigation,
,2019-03,North Yorkshire Police,North Yorkshire Police,-1.525258,53.971287,On or near Fulwith Mill Lane,E01027700,Harrogate 021B,Anti-social behaviour,,
,2019-03,North Yorkshire Police,North Yorkshire Police,-1.525258,53.971287,On or near Fulwith Mill Lane,E01027700,Harrogate 021B,Anti-social behaviour,,
,2019-03,North Yorkshire Police,North Yorkshire Police,-1.525258,53.971287,On or near Fulwith Mill Lane,E01027700,Harrogate 021B,Anti-social behaviour,,
e51cccfc189c6999daa870ee5f411d69d08f0ff83e9ffe1d08ce144f216918fa,2019-03,North Yorkshire Police,North Yorkshire Police,-1.530397,53.958913,On or near Petrol Station,E01027700,Harrogate 021B,Other theft,Under investigation,
adf6247d8b4c99ce273c5988b17d419e5d0a1770ac88044c939b36ac867b85bc,2019-03,North Yorkshire Police,North Yorkshire Police,-1.530397,53.958913,On or near Petrol Station,E01027700,Harrogate 021B,Other theft,Under investigation,
1b9d47558916c56c2ba57c78ab8e4a47eee4afcf6878afc5803c5eab9ca81b39,2019-03,North Yorkshire Police,North Yorkshire Police,-1.530397,53.958913,On or near Petrol Station,E01027700,Harrogate 021B,Other theft,Under investigation,
da11945c67cad3944b86fb010ef23f7ed0d13dfb7cb49effe74b0a1336df2fbe,2019-03,North Yorkshire Police,North Yorkshire Police,-1.528809,53.969971,On or near Fulwith Avenue,E01027700,Harrogate 021B,Violence and sexual offences,Local resolution,
,2019-03,North Yorkshire Police,North Yorkshire Police,-1.494881,53.916508,On or near Wharfe Lane,E01027724,Harrogate 021C,Anti-social behaviour,,
3ed65499f4a4d5294eeb20ffe745523b92e17e6aec7eb0ab4c4f2b990c57211d,2019-03,North Yorkshire Police,North Yorkshire Police,-1.580195,53.923173,On or near Kingsway,E01027724,Harrogate 021C,Burglary,Under investigation,
de44bcebb85cc66b7f63aa5f4a75d0a3e7dfc5dee8c06096beef3d203c7bc52f,2019-03,North Yorkshire Police,North Yorkshire Police,-1.580195,53.923173,On or near Kingsway,E01027724,Harrogate 021C,Burglary,Under investigation,
2293fddfaea2d7f5699572afa2fdd9e405476cf6e3678fcaf4afe4a972ed8526,2019-03,North Yorkshire Police,North Yorkshire Police,-1.543294,53.947377,On or near Harrogate Road,E01027724,Harrogate 021C,Drugs,Under investigation,
317ef6af13178e4494a634197ab4ede6720a24fb2593a79cb97b1526a652878f,2019-03,North Yorkshire Police,North Yorkshire Police,-1.561470,53.918405,On or near Brook Lane,E01027724,Harrogate 021C,Other theft,Under investigation,
d8e50a5f4e9b8494abf6c53d6e00c0d385520819cda9b4e40b409c9fa50a45b7,2019-03,North Yorkshire Police,North Yorkshire Police,-1.513291,53.943781,On or near Follifoot Lane,E01027724,Harrogate 021C,Vehicle crime,Investigation complete; no suspect identified,
,2019-03,North Yorkshire Police,North Yorkshire Police,-1.451862,53.955525,On or near Castle Close,E01027725,Harrogate 021D,Anti-social behaviour,,
,2019-03,North Yorkshire Police,North Yorkshire Police,-1.443261,53.951423,On or near East Park Road,E01027725,Harrogate 021D,Anti-social behaviour,,
8377ba9c4c4a877041a1519cdf9daa12fa41b1175de47e26a53e5076df9d4bd8,2019-03,North Yorkshire Police,North Yorkshire Police,-1.439016,53.929373,On or near Wetherby Road,E01027725,Harrogate 021D,Burglary,Investigation complete; no suspect identified,
d01e4b15fb3a61f63574920777289a7ccd111332cee4db4fd6565122ccb7963f,2019-03,North Yorkshire Police,North Yorkshire Police,-1.451717,53.930592,On or near Main Street,E01027725,Harrogate 021D,Other theft,Unable to prosecute suspect,
3bda9bb257dae44788786d53beb0657b7bf461cddc122da0fcb8407fb3562db5,2019-03,North Yorkshire Police,North Yorkshire Police,-1.457502,53.920165,On or near Paddock House Lane,E01027725,Harrogate 021D,Public order,Under investigation,
2fa2e106bada3c6eabadd8548ad7566c45e49e36ad4fca26e39b2ed97b66a339,2019-03,North Yorkshire Police,North Yorkshire Police,-1.444557,53.950233,On or near Park Mount,E01027725,Harrogate 021D,Violence and sexual offences,Under investigation,
,2019-03,North Yorkshire Police,North Yorkshire Police,-1.385731,53.924987,On or near Boston Road,E01011704,Leeds 002C,Anti-social behaviour,,
23255cab62445f9a7c5b156e49e861bffaac002592e6281a10a0dcdd87d2a1aa,2019-03,North Yorkshire Police,North Yorkshire Police,-1.324490,53.897227,On or near A659,E01011712,Leeds 005E,Violence and sexual offences,Unable to prosecute suspect,
83d2612f7678571ecbc16f2281c941136feeff0353e2ad1a24093bce48485e4e,2019-03,North Yorkshire Police,North Yorkshire Police,-1.417149,53.928056,On or near Sicklinghall Road,E01011706,Leeds 006C,Burglary,Investigation complete; no suspect identified,
,2019-03,North Yorkshire Police,North Yorkshire Police,-1.523565,53.834862,On or near Sports/Recreation Area,E01011517,Leeds 024B,Anti-social behaviour,,
,2019-03,North Yorkshire Police,North Yorkshire Police,-1.546332,53.795043,On or near New Station Street,E01033016,Leeds 111E,Anti-social behaviour,,
,2019-03,North Yorkshire Police,North Yorkshire Police,-2.142392,53.916891,On or near Victoria Mews,E01025200,Pendle 003B,Anti-social behaviour,,
,2019-03,North Yorkshire Police,North Yorkshire Police,-2.205262,53.859206,On or near Grange Avenue,E01025177,Pendle 008D,Anti-social behaviour,,
8955e63fbe1a18da711835472b8dbd2a4578700a76f8a4bc51326394215e0dd6,2019-03,North Yorkshire Police,North Yorkshire Police,-2.353773,54.001146,On or near The Plantation,E01025331,Ribble Valley 001C,Burglary,Investigation complete; no suspect identified,
,2019-03,North Yorkshire Police,North Yorkshire Police,-1.640204,54.476156,On or near St Cuthbert'S Green,E01027743,Richmondshire 001A,Anti-social behaviour,,
,2019-03,North Yorkshire Police,North Yorkshire Police,-1.640204,54.476156,On or near St Cuthbert'S Green,E01027743,Richmondshire 001A,Anti-social behaviour,,
fa4f188cc6098bf105d45744e85f154e02b4a3dacd3aafcf4919de464b8eb70b,2019-03,North Yorkshire Police,North Yorkshire Police,-1.648237,54.473322,On or near Cedar Grove,E01027743,Richmondshire 001A,Burglary,Investigation complete; no suspect identified,
37c7259d0c22719b9c6647e9a785c8097ba4c811ef13bfe9ce0468ee1ea3c669,2019-03,North Yorkshire Police,North Yorkshire Police,-1.623847,54.459192,On or near Richmond Road,E01027743,Richmondshire 001A,Other theft,Investigation complete; no suspect identified,
f2a3decd268f0af3bac042535c10675bb29a679e4b7fa3efa99c382e87b6e33e,2019-03,North Yorkshire Police,North Yorkshire Police,-1.666328,54.465051,On or near Park/Open Space,E01027743,Richmondshire 001A,Vehicle crime,Investigation complete; no suspect identified,
0835ff9d5ed834b7e04749092bf824e1e49146ae813f592c4ce09ef0b5a28a66,2019-03,North Yorkshire Police,North Yorkshire Police,-1.666328,54.465051,On or near Park/Open Space,E01027743,Richmondshire 001A,Vehicle crime,Under investigation,
f3502a973c4cb00db165733a38d78f5a442efbe7ae75dfb81377228aa89b270d,2019-03,North Yorkshire Police,North Yorkshire Police,-1.623847,54.459192,On or near Richmond Road,E01027743,Richmondshire 001A,Violence and sexual offences,Under investigation,
,2019-03,North Yorkshire Police,North Yorkshire Police,-1.570531,54.427246,On or near Green Lane,E01027751,Richmondshire 001B,Anti-social behaviour,,
a1f755dd72b4ca287bb4d3a3be25bb05d85f547be0a742f6a4209d30f42ecf1f,2019-03,North Yorkshire Police,North Yorkshire Police,-1.559730,54.482998,On or near South Parade,E01027751,Richmondshire 001B,Burglary,Under investigation,
c955a6fd5875a443770e9b7b8ec1e5204632c26ab8e206a3c5da73eafbe5dcbf,2019-03,North Yorkshire Police,North Yorkshire Police,-1.488044,54.465048,On or near Eryholme Lane,E01027751,Richmondshire 001B,Criminal damage and arson,Investigation complete; no suspect identified,
9167a1d3882c664561e55ddf42506e40d7a2f49b7ddc9ed2d1fcf0d89e545b05,2019-03,North Yorkshire Police,North Yorkshire Police,-1.559730,54.482998,On or near South Parade,E01027751,Richmondshire 001B,Other theft,Investigation complete; no suspect identified,
4e8cbaac3aaa547ab6b6c637a379bacaf3a88228de423e7f10d3c61759cdf99b,2019-03,North Yorkshire Police,North Yorkshire Police,-1.555132,54.482883,On or near Tees View,E01027751,Richmondshire 001B,Other theft,Investigation complete; no suspect identified,
07081a92e2278763e796c63e1756ed0ffc636c9456853b573cfe568589da742c,2019-03,North Yorkshire Police,North Yorkshire Police,-1.549620,54.456342,On or near West Lane,E01027751,Richmondshire 001B,Vehicle crime,Investigation complete; no suspect identified,
ff712abf7b595f4d70b3221c948646b6365941c47ab17e5368ff3a669e0374c1,2019-03,North Yorkshire Police,North Yorkshire Police,-1.715951,54.439484,On or near Anteforth View,E01027752,Richmondshire 001C,Burglary,Investigation complete; no suspect identified,
ec160a34d6ac9828d2602527d2a88775dec04b08b8289b2d8617f847711795aa,2019-03,North Yorkshire Police,North Yorkshire Police,-1.776780,54.472656,On or near New Lane,E01027752,Richmondshire 001C,Shoplifting,Under investigation,
8600f7765de282f8cd916584d49f9bde5f0bf6c088bb96986a5d80bf2fa99fb9,2019-03,North Yorkshire Police,North Yorkshire Police,-1.810020,54.461947,On or near Watling Close,E01027752,Richmondshire 001C,Vehicle crime,Investigation complete; no suspect identified,
,2019-03,North Yorkshire Police,North Yorkshire Police,-1.684888,54.497067,On or near Spenceley Place,E01027759,Richmondshire 001D,Anti-social behaviour,,
719a2ef16833ee9e07115a644e9e698a8a2d56f25da8e6c0ab565e156d795221,2019-03,North Yorkshire Police,North Yorkshire Police,-1.689654,54.495723,On or near Harthorn Court,E01027759,Richmondshire 001D,Burglary,Investigation complete; no suspect identified,
de1ed5adff933fb30f1bb2c71645a6eb7ac6081c815b8f51e6979d5222db90ab,2019-03,North Yorkshire Police,North Yorkshire Police,-1.684888,54.497067,On or near Spenceley Place,E01027759,Richmondshire 001D,Criminal damage and arson,Under investigation,
61a4634da04848183a0b9bcd446ab6b03d6846c342c899a1ed6d3fe91a7af496,2019-03,North Yorkshire Police,North Yorkshire Police,-1.694015,54.472062,On or near Parkshill Court,E01027759,Richmondshire 001D,Other theft,Investigation complete; no suspect identified,
d5ed33dde3f6a87a250396f99db1cc3b55f3803f4ea8a4722ff57e7976291b05,2019-03,North Yorkshire Police,North Yorkshire Police,-1.684888,54.497067,On or near Spenceley Place,E01027759,Richmondshire 001D,Violence and sexual offences,Investigation complete; no suspect identified,
,2019-03,North Yorkshire Police,North Yorkshire Police,-1.666920,54.428179,On or near A1,E01027761,Richmondshire 001E,Anti-social behaviour,,
a3b1e9542cebdd36dea8a18d088c943adbf20445a96b1cb7370b509e70b84ba2,2019-03,North Yorkshire Police,North Yorkshire Police,-1.637715,54.429443,On or near Smithson Close,E01027761,Richmondshire 001E,Burglary,Investigation complete; no suspect identified,
71e5695b1cb85bb08c195b4037b29b520b154b6e6d51f671ed44a87983b73eb3,2019-03,North Yorkshire Police,North Yorkshire Police,-1.661872,54.444081,On or near Middleton Tyas Lane,E01027761,Richmondshire 001E,Burglary,Under investigation,
7ad82a55f32f3a304749747b77c470f0b07108f6d871336e0326f499cc7c14d7,2019-03,North Yorkshire Police,North Yorkshire Police,-1.661872,54.444081,On or near Middleton Tyas Lane,E01027761,Richmondshire 001E,Other theft,Under investigation,
c5ec0f1c020892c23f012f143d108d2507d9bc7b5b499fc3eb130c45174e6c62,2019-03,North Yorkshire Police,North Yorkshire Police,-1.648220,54.448347,On or near School Bank,E01027761,Richmondshire 001E,Vehicle crime,Investigation complete; no suspect identified,
7a60c96efe66cbea665e06449322332961cc95342882649ef4782c765be9f11c,2019-03,North Yorkshire Police,North Yorkshire Police,-1.658025,54.445005,On or near West Close,E01027761,Richmondshire 001E,Violence and sexual offences,Under investigation,
b4c3f8cef678947b606b5a13da0d6c92b629830e0c86a80f57d2b9c0ab90eb39,2019-03,North Yorkshire Police,North Yorkshire Police,-1.752135,54.516483,On or near High Row,E01027762,Richmondshire 001F,Criminal damage and arson,Investigation complete; no suspect identified,
da7514f992682de8f46832acb3ba70429d4f50ac8bcb72cd2923a07d9efda484,2019-03,North Yorkshire Police,North Yorkshire Police,-1.777876,54.483946,On or near West Lane,E01027762,Richmondshire 001F,Other theft,Unable to prosecute suspect,
6aadd22c6adadb7e2eb810cfa185afa17f8c63c6162937aaabdb0a470ea1a36d,2019-03,North Yorkshire Police,North Yorkshire Police,-1.785389,54.481614,On or near A66,E01027762,Richmondshire 001F,Vehicle crime,Investigation complete; no suspect identified,
,2019-03,North Yorkshire Police,North Yorkshire Police,-1.727291,54.410356,On or near Conyers Close,E01027765,Richmondshire 002A,Anti-social behaviour,,
,2019-03,North Yorkshire Police,North Yorkshire Police,-1.730878,54.413096,On or near Norman Road,E01027765,Richmondshire 002A,Anti-social behaviour,,
,2019-03,North Yorkshire Police,North Yorkshire Police,-1.730878,54.413096,On or near Norman Road,E01027765,Richmondshire 002A,Anti-social behaviour,,
,2019-03,North Yorkshire Police,North Yorkshire Police,-1.730878,54.413096,On or near Norman Road,E01027765,Richmondshire 002A,Anti-social behaviour,,
,2019-03,North Yorkshire Police,North Yorkshire Police,-1.730878,54.413096,On or near Norman Road,E01027765,Richmondshire 002A,Anti-social behaviour,,
,2019-03,North Yorkshire Police,North Yorkshire Police,-1.730878,54.413096,On or near Norman Road,E01027765,Richmondshire 002A,Anti-social behaviour,,
360ca912914fbdbda9b1934d73f27aa4e68acefc154c209f688f44610bc170ed,2019-03,North Yorkshire Police,North Yorkshire Police,-1.728928,54.412094,On or near Norman Square,E01027765,Richmondshire 002A,Violence and sexual offences,Under investigation,
3728e5acd98a7522e3cce8fb3c94f94fd5f2e661f59233fcf05b935a8f49e176,2019-03,North Yorkshire Police,North Yorkshire Police,-1.731780,54.411813,On or near Cutpurse Lane,E01027765,Richmondshire 002A,Violence and sexual offences,Under investigation,
f27c0eeab388eabc84117e31f626a519c957d0d9d6f17c400bc29ac4b247dd8d,2019-03,North Yorkshire Police,North Yorkshire Police,-1.727291,54.410356,On or near Conyers Close,E01027765,Richmondshire 002A,Violence and sexual offences,Under investigation,
,2019-03,North Yorkshire Police,North Yorkshire Police,-1.733765,54.405113,On or near Church Wynd,E01027766,Richmondshire 002B,Anti-social behaviour,,
,2019-03,North Yorkshire Police,North Yorkshire Police,-1.734835,54.406481,On or near Pottergate,E01027766,Richmondshire 002B,Anti-social behaviour,,
e5d46d25dba51ced1ee466937232f23fa141ec4e40de536d806b4d0ee3a69613,2019-03,North Yorkshire Police,North Yorkshire Police,-1.732754,54.406638,On or near Frenchgate,E01027766,Richmondshire 002B,Vehicle crime,Investigation complete; no suspect identified,
1a2a5af06d849445e97141aec2a040c7dd89eb8e83f3ff8166d32b1aed0f5e84,2019-03,North Yorkshire Police,North Yorkshire Police,-1.729814,54.408636,On or near Eastfield Avenue,E01027766,Richmondshire 002B,Violence and sexual offences,Under investigation,
d27307b9c955a0e81b578d9db696d9804d3d095198eaacc742281e5f05291603,2019-03,North Yorkshire Police,North Yorkshire Police,-1.727673,54.406187,On or near Linden Close,E01027766,Richmondshire 002B,Violence and sexual offences,Under investigation,
928c98cd8cfa1ed4a9fe4b50f642128b802da6e17099042b8b49c7673d62e8bd,2019-03,North Yorkshire Police,North Yorkshire Police,-1.727673,54.406187,On or near Linden Close,E01027766,Richmondshire 002B,Violence and sexual offences,Under investigation,
3ec5fb0d5f997365399b3d9e417f29d3fe6b618c4cbaaf36fe56441e9e08d1cd,2019-03,North Yorkshire Police,North Yorkshire Police,-1.729814,54.408636,On or near Eastfield Avenue,E01027766,Richmondshire 002B,Violence and sexual offences,Under investigation,
2d72b1bb9a6bd628d8c941e2ad19b3220dc6897cef309c7464a10c44148f54b6,2019-03,North Yorkshire Police,North Yorkshire Police,-1.729985,54.408385,On or near Tudor Road,E01027766,Richmondshire 002B,Violence and sexual offences,Under investigation,
9a9a6c0468d987e6ab39c892534d48dbef6e0503bd93ff8e46ba46ba0225f65a,2019-03,North Yorkshire Police,North Yorkshire Police,-1.727673,54.406187,On or near Linden Close,E01027766,Richmondshire 002B,Violence and sexual offences,Under investigation,
7ff3fd20d0b910d63c5b39e3d5f298fde0fb8910a4166e6b4ea9cfe276436b94,2019-03,North Yorkshire Police,North Yorkshire Police,-1.729814,54.408636,On or near Eastfield Avenue,E01027766,Richmondshire 002B,Violence and sexual offences,Under investigation,
,2019-03,North Yorkshire Police,North Yorkshire Police,-1.725319,54.410378,On or near Gilling Road,E01027767,Richmondshire 002C,Anti-social behaviour,,
,2019-03,North Yorkshire Police,North Yorkshire Police,-1.725319,54.410378,On or near Gilling Road,E01027767,Richmondshire 002C,Anti-social behaviour,,
,2019-03,North Yorkshire Police,North Yorkshire Police,-1.725704,54.405697,On or near The Crescent,E01027767,Richmondshire 002C,Anti-social behaviour,,
206e99128afe48bb20ae0b176668ba9175a848586ab07e2fb544aae62c212253,2019-03,North Yorkshire Police,North Yorkshire Police,-1.725319,54.410378,On or near Gilling Road,E01027767,Richmondshire 002C,Shoplifting,Local resolution,
53869b06d0868bbc01d9ce82d61be6ce0126bd18b4dd99f5ffdca9e46f24a76b,2019-03,North Yorkshire Police,North Yorkshire Police,-1.717482,54.409524,On or near White Canons Court,E01027767,Richmondshire 002C,Violence and sexual offences,Under investigation,
6d92716121b5a862846885a455125d3d3f95195092a10ef59717200b20ddcc2c,2019-03,North Yorkshire Police,North Yorkshire Police,-1.717482,54.409524,On or near White Canons Court,E01027767,Richmondshire 002C,Other crime,Under investigation,
53950de870b12bfb224541f70b24ca495fd6bbdbb5b44e85072cb0860a93449f,2019-03,North Yorkshire Police,North Yorkshire Police,-1.717482,54.409524,On or near White Canons Court,E01027767,Richmondshire 002C,Other crime,Under investigation,
,2019-03,North Yorkshire Police,North Yorkshire Police,-1.764605,54.407990,On or near Green Lane,E01027769,Richmondshire 002E,Anti-social behaviour,,
29bf079b61a12d95d337c19f009de09b1278de47f28e723c2889e19fe68aae4c,2019-03,North Yorkshire Police,North Yorkshire Police,-1.754575,54.410648,On or near Hurgill Road,E01027769,Richmondshire 002E,Vehicle crime,Investigation complete; no suspect identified,
fd37aa34e3d18d56c9973711e8f13d58c539e287dd46e39b521f36c77e2e5c9a,2019-03,North Yorkshire Police,North Yorkshire Police,-1.752621,54.405072,On or near Fielding'S Yard,E01027769,Richmondshire 002E,Violence and sexual offences,Under investigation,
9d7429eb41447d056bee5aa9a51c3896301e431d5b8c4af80d2c6e9135b5810a,2019-03,North Yorkshire Police,North Yorkshire Police,-1.749752,54.405767,On or near Sports/Recreation Area,E01027769,Richmondshire 002E,Violence and sexual offences,Under investigation,
6827783aac962b0addf312b0a8ffd4bb6d709bd5d1294ba2d80212944d594908,2019-03,North Yorkshire Police,North Yorkshire Police,-1.749752,54.405767,On or near Sports/Recreation Area,E01027769,Richmondshire 002E,Violence and sexual offences,Unable to prosecute suspect,
aa5e72103cf0ce89907d6dba19d5a665a8884fefd08639c958a0188e080eb32d,2019-03,North Yorkshire Police,North Yorkshire Police,-1.752353,54.406168,On or near Willance Grove,E01027769,Richmondshire 002E,Violence and sexual offences,Offender given a caution,
,2019-03,North Yorkshire Police,North Yorkshire Police,-1.736143,54.401901,On or near Castle Terrace,E01027770,Richmondshire 002F,Anti-social behaviour,,
,2019-03,North Yorkshire Police,North Yorkshire Police,-1.741199,54.403745,On or near Newbiggin,E01027770,Richmondshire 002F,Anti-social behaviour,,
,2019-03,North Yorkshire Police,North Yorkshire Police,-1.738797,54.403623,On or near Finkle Street,E01027770,Richmondshire 002F,Anti-social behaviour,,
,2019-03,North Yorkshire Police,North Yorkshire Police,-1.744150,54.404884,On or near Westfields,E01027770,Richmondshire 002F,Anti-social behaviour,,
,2019-03,North Yorkshire Police,North Yorkshire Police,-1.742899,54.405276,On or near Parking Area,E01027770,Richmondshire 002F,Anti-social behaviour,,
,2019-03,North Yorkshire Police,North Yorkshire Police,-1.742899,54.405276,On or near Parking Area,E01027770,Richmondshire 002F,Anti-social behaviour,,
3a0b1a4f535727e813bb40757a7d0edb01f36f63a84ab3b8816f1e724c6a0c92,2019-03,North Yorkshire Police,North Yorkshire Police,-1.744150,54.404884,On or near Westfields,E01027770,Richmondshire 002F,Burglary,Investigation complete; no suspect identified,
8ce94a7a088a71b2e0dfe5840db516fc2e06d266bdb4a237cef6da943e5c6bbd,2019-03,North Yorkshire Police,North Yorkshire Police,-1.742899,54.405276,On or near Parking Area,E01027770,Richmondshire 002F,Burglary,Investigation complete; no suspect identified,
c9f4f937f8bc54bd0a739e0f64be98ca057b2f58879c7ad3e66f4665b1056dea,2019-03,North Yorkshire Police,North Yorkshire Police,-1.739271,54.404091,On or near Rosemary Lane,E01027770,Richmondshire 002F,Criminal damage and arson,Investigation complete; no suspect identified,
8cdf71cf401511afa26d44d9bd64ed1d253b06628e9c83e6025a4dea418bdecd,2019-03,North Yorkshire Police,North Yorkshire Police,-1.737356,54.402550,On or near Tower Street Castle Wynd,E01027770,Richmondshire 002F,Criminal damage and arson,Under investigation,
5b89585aadb2195c9ccc9115c837658a861341b5e3fd4f612c44d348c4373696,2019-03,North Yorkshire Police,North Yorkshire Police,-1.737356,54.402550,On or near Tower Street Castle Wynd,E01027770,Richmondshire 002F,Criminal damage and arson,Investigation complete; no suspect identified,
87b0fece3b3addfa31e23585611b34f93aa184145d34db30221d0edbef48fd58,2019-03,North Yorkshire Police,North Yorkshire Police,-1.742899,54.405276,On or near Parking Area,E01027770,Richmondshire 002F,Criminal damage and arson,Investigation complete; no suspect identified,
a0864fbcb8d70ab6f2afc99f7fad31de7397267f38bbac180e9adb47727e223b,2019-03,North Yorkshire Police,North Yorkshire Police,-1.741457,54.404438,On or near Petrol Station,E01027770,Richmondshire 002F,Criminal damage and arson,Under investigation,
4bafbc734da2b10e95ae1dc52db16d13878d9609029199a495a0dd452b740c81,2019-03,North Yorkshire Police,North Yorkshire Police,-1.739271,54.404091,On or near Rosemary Lane,E01027770,Richmondshire 002F,Drugs,Under investigation,
ed458238324ad5c5976b064e1de6af9617dc3351fd0313e4194eab9e8eb97bd9,2019-03,North Yorkshire Police,North Yorkshire Police,-1.741457,54.404438,On or near Petrol Station,E01027770,Richmondshire 002F,Shoplifting,Local resolution,
43669124040e4cbe2e3554a53daeb31093100aff90603086ad31585207819b6d,2019-03,North Yorkshire Police,North Yorkshire Police,-1.741457,54.404438,On or near Petrol Station,E01027770,Richmondshire 002F,Shoplifting,Under investigation,
c7e3f9fe5f09d2ce33664c9b52f7e1a2c72907c3be74be61b2810eb2472753f2,2019-03,North Yorkshire Police,North Yorkshire Police,-1.738586,54.405267,On or near Hospital,E01027770,Richmondshire 002F,Shoplifting,Under investigation,
79918cfe503b5b88d584246a60c8c686962493cba9e0de54adb528c4120ebf5f,2019-03,North Yorkshire Police,North Yorkshire Police,-1.736548,54.403591,On or near Supermarket,E01027770,Richmondshire 002F,Shoplifting,Offender sent to prison,
8be1401401d4df80a1b7af9c7647ddc882cb3ee15546a2183c725e696221ce5e,2019-03,North Yorkshire Police,North Yorkshire Police,-1.738797,54.403623,On or near Finkle Street,E01027770,Richmondshire 002F,Shoplifting,Investigation complete; no suspect identified,
4572e119dc987d90b163b401da177c050f0f30e4373523306213d0a136443e1f,2019-03,North Yorkshire Police,North Yorkshire Police,-1.740002,54.403113,On or near Thornhill,E01027770,Richmondshire 002F,Violence and sexual offences,Under investigation,
f62ecab3625122eef1b5c0295c39e9b03d7137c325fd3daef7603d46d14d466b,2019-03,North Yorkshire Police,North Yorkshire Police,-1.736355,54.402386,On or near Millgate,E01027770,Richmondshire 002F,Violence and sexual offences,Offender given community sentence,
fd0624ada92fb963fac681dda5d84c6f60f1a2e4cfcb3d454249d09c8bcfa983,2019-03,North Yorkshire Police,North Yorkshire Police,-1.738699,54.401996,On or near The Bar Castle Hill,E01027770,Richmondshire 002F,Violence and sexual offences,Under investigation,
55b978140118736a14725610ee288b9fe31b9efa6891984165bfb7f23259533f,2019-03,North Yorkshire Police,North Yorkshire Police,-1.744726,54.411293,On or near Racecourse Road,E01027770,Richmondshire 002F,Violence and sexual offences,Under investigation,
83c972a7d4f3996b9e0b3f6ee6a4532133fc5a864ff32d7cba6b99b1152ac15b,2019-03,North Yorkshire Police,North Yorkshire Police,-1.738586,54.405267,On or near Hospital,E01027770,Richmondshire 002F,Violence and sexual offences,Under investigation,
13ccdd3fb87ad072f68175f3099f9521b3283c79c4c192d9aaebf399f1e138f9,2019-03,North Yorkshire Police,North Yorkshire Police,-1.739271,54.404091,On or near Rosemary Lane,E01027770,Richmondshire 002F,Violence and sexual offences,Under investigation,
d70fbc22f3a055646999f660a412bdcfcfc5ede9d8f7296d001daebf24c9f7f8,2019-03,North Yorkshire Police,North Yorkshire Police,-1.738699,54.401996,On or near The Bar Castle Hill,E01027770,Richmondshire 002F,Violence and sexual offences,Under investigation,
9e1d669aaea76e6b2c160620b9e290804426f217d95c1c78b981341a6000e2b0,2019-03,North Yorkshire Police,North Yorkshire Police,-1.738586,54.405267,On or near Hospital,E01027770,Richmondshire 002F,Violence and sexual offences,Unable to prosecute suspect,
ae1869d60381a735b7b90f38af172bad38eee736dd1afc1261b87369ce227087,2019-03,North Yorkshire Police,North Yorkshire Police,-1.737356,54.402550,On or near Tower Street Castle Wynd,E01027770,Richmondshire 002F,Violence and sexual offences,Under investigation,
348dcbd3e35f1faabd2672e88d59483c23cea31bca2744b46ebbabee7375d550,2019-03,North Yorkshire Police,North Yorkshire Police,-1.739271,54.404091,On or near Rosemary Lane,E01027770,Richmondshire 002F,Violence and sexual offences,Under investigation,
6b7a0767d3cbeec2e72f4fca7c05a294d6636fa85fcb17930fd4e8717256611d,2019-03,North Yorkshire Police,North Yorkshire Police,-1.742899,54.405276,On or near Parking Area,E01027770,Richmondshire 002F,Other crime,Under investigation,
,2019-03,North Yorkshire Police,North Yorkshire Police,-1.713209,54.399278,On or near Easby Mews,E01027745,Richmondshire 003A,Anti-social behaviour,,
,2019-03,North Yorkshire Police,North Yorkshire Police,-1.653715,54.398358,On or near Shakespeare Close,E01027745,Richmondshire 003A,Anti-social behaviour,,
,2019-03,North Yorkshire Police,North Yorkshire Police,-1.616011,54.393176,On or near Bolton Road,E01027745,Richmondshire 003A,Anti-social behaviour,,
b6a59f6fa9698e2ef5061f1a30c34c3db762a6e8347229823aeca4cfa50f0b08,2019-03,North Yorkshire Police,North Yorkshire Police,-1.616834,54.407351,On or near Rowan Brook,E01027745,Richmondshire 003A,Burglary,Investigation complete; no suspect identified,
d366d52eaf4372acedadebcc1f8f9c7abf1ffa4c087dc97baf476266fb2c25a0,2019-03,North Yorkshire Police,North Yorkshire Police,-1.599793,54.405975,On or near B1263,E01027745,Richmondshire 003A,Other crime,Under investigation,
f267c10a52186ce2108b7bccc392062943da8ed66cb1806bbaaef6eb8c574b82,2019-03,North Yorkshire Police,North Yorkshire Police,-1.662329,54.394141,On or near Brompton Park,E01027746,Richmondshire 003B,Other theft,Investigation complete; no suspect identified,
0d68fa63e53d401ea63aa797df94e664d968807a7f617e9608e0f3a006919145,2019-03,North Yorkshire Police,North Yorkshire Police,-1.662329,54.394141,On or near Brompton Park,E01027746,Richmondshire 003B,Other theft,Investigation complete; no suspect identified,
4636360475f5ef5f19268925fbc43ed38291432a98e3640cbb96c91f9a0ae65e,2019-03,North Yorkshire Police,North Yorkshire Police,-1.658731,54.391578,On or near Bridge Road,E01027746,Richmondshire 003B,Violence and sexual offences,Under investigation,
bd64e445c84d4d4bf925d0df01c635d8e181b008329aff8572a910c7cdd871f2,2019-03,North Yorkshire Police,North Yorkshire Police,-1.630840,54.372866,On or near Bennions Way,E01027747,Richmondshire 003C,Violence and sexual offences,Under investigation,
,2019-03,North Yorkshire Police,North Yorkshire Police,-1.630593,54.379714,On or near Noel'S Court,E01027748,Richmondshire 003D,Anti-social behaviour,,
b639b9d4a47d4ba5007694ff0d4180d3f7ebc1463bea1a51d1766ac8c3014a2a,2019-03,North Yorkshire Police,North Yorkshire Police,-1.633859,54.379499,On or near King'S Close,E01027748,Richmondshire 003D,Drugs,Offender given a drugs possession warning,
a48f24e87ab7204ec385fd0139b879d558655e77208de515965c0f529d949ed1,2019-03,North Yorkshire Police,North Yorkshire Police,-1.631700,54.378171,On or near Petrol Station,E01027748,Richmondshire 003D,Shoplifting,Offender sent to prison,
468e1e948c3ae7649dd6088de5665c9a65d5f4bf5392b684494f48f4edeb0d5b,2019-03,North Yorkshire Police,North Yorkshire Police,-1.636515,54.376865,On or near Garth Meadows,E01027748,Richmondshire 003D,Violence and sexual offences,Under investigation,
98b660b1332144e8a69dd78b739408d429f490cdab2b1358c27792887f4d53ca,2019-03,North Yorkshire Police,North Yorkshire Police,-1.631318,54.381360,On or near Brough Meadows,E01027748,Richmondshire 003D,Violence and sexual offences,Under investigation,
9f4adbee24cf07b36495697254232cda27ccc4cb08048358852ad993531ca711,2019-03,North Yorkshire Police,North Yorkshire Police,-1.631318,54.381360,On or near Brough Meadows,E01027748,Richmondshire 003D,Violence and sexual offences,Under investigation,
,2019-03,North Yorkshire Police,North Yorkshire Police,-1.686849,54.379819,On or near Walkerville Avenue,E01027749,Richmondshire 004A,Anti-social behaviour,,
,2019-03,North Yorkshire Police,North Yorkshire Police,-1.687512,54.383730,On or near Daisy Close,E01027749,Richmondshire 004A,Anti-social behaviour,,
,2019-03,North Yorkshire Police,North Yorkshire Police,-1.687221,54.379460,On or near Supermarket,E01027749,Richmondshire 004A,Anti-social behaviour,,
,2019-03,North Yorkshire Police,North Yorkshire Police,-1.687221,54.379460,On or near Supermarket,E01027749,Richmondshire 004A,Anti-social behaviour,,
,2019-03,North Yorkshire Police,North Yorkshire Police,-1.687221,54.379460,On or near Supermarket,E01027749,Richmondshire 004A,Anti-social behaviour,,
,2019-03,North Yorkshire Police,North Yorkshire Police,-1.686849,54.379819,On or near Walkerville Avenue,E01027749,Richmondshire 004A,Anti-social behaviour,,
,2019-03,North Yorkshire Police,North Yorkshire Police,-1.686300,54.381048,On or near Primrose Court,E01027749,Richmondshire 004A,Anti-social behaviour,,
,2019-03,North Yorkshire Police,North Yorkshire Police,-1.687221,54.379460,On or near Supermarket,E01027749,Richmondshire 004A,Anti-social behaviour,,
,2019-03,North Yorkshire Police,North Yorkshire Police,-1.687221,54.379460,On or near Supermarket,E01027749,Richmondshire 004A,Anti-social behaviour,,
c10b0173e291e51b30cc2f8aff38ed825581333d10da5527bce1faded9c1d804,2019-03,North Yorkshire Police,North Yorkshire Police,-1.684767,54.382186,On or near Peppermint Drive,E01027749,Richmondshire 004A,Burglary,Investigation complete; no suspect identified,
8242ce51748812cb0165bac4f798b6387e7bccc95aa73a9381e355d030b6aea9,2019-03,North Yorkshire Police,North Yorkshire Police,-1.682019,54.381262,On or near Sports/Recreation Area,E01027749,Richmondshire 004A,Other theft,Investigation complete; no suspect identified,
d81261e9c769f432fcefdd1680524c0794e49ea5ee7fc29fff2ac94d9c8eaa50,2019-03,North Yorkshire Police,North Yorkshire Police,-1.689614,54.380652,On or near Colville Road,E01027749,Richmondshire 004A,Public order,Unable to prosecute suspect,
582b0e8e849565808a5e9c4310050cdc49aee449d53d483277b3b46c4b5dff72,2019-03,North Yorkshire Police,North Yorkshire Police,-1.687221,54.379460,On or near Supermarket,E01027749,Richmondshire 004A,Violence and sexual offences,Under investigation,
,2019-03,North Yorkshire Police,North Yorkshire Police,-1.708969,54.375928,On or near Linton Rise,E01027750,Richmondshire 004B,Anti-social behaviour,,
,2019-03,North Yorkshire Police,North Yorkshire Police,-1.697152,54.375198,On or near Chepstow Close,E01027750,Richmondshire 004B,Anti-social behaviour,,
,2019-03,North Yorkshire Police,North Yorkshire Police,-1.690101,54.379234,On or near Constantine Grove,E01027750,Richmondshire 004B,Anti-social behaviour,,
,2019-03,North Yorkshire Police,North Yorkshire Police,-1.697152,54.375198,On or near Chepstow Close,E01027750,Richmondshire 004B,Anti-social behaviour,,
,2019-03,North Yorkshire Police,North Yorkshire Police,-1.683391,54.378992,On or near Easton Way,E01027750,Richmondshire 004B,Anti-social behaviour,,
,2019-03,North Yorkshire Police,North Yorkshire Police,-1.683391,54.378992,On or near Easton Way,E01027750,Richmondshire 004B,Anti-social behaviour,,
e0b0898ee9f03c3438fd9886efc5a74657747c69ac7b581a50b1782b66b4162f,2019-03,North Yorkshire Police,North Yorkshire Police,-1.695128,54.376137,On or near Mons Road,E01027750,Richmondshire 004B,Criminal damage and arson,Under investigation,
a4e82ff2ea1efe19961e23185c8b4d607481e578be319abc632ecd937c08bade,2019-03,North Yorkshire Police,North Yorkshire Police,-1.683391,54.378992,On or near Easton Way,E01027750,Richmondshire 004B,Criminal damage and arson,Under investigation,
ba6d5a710ad97fa6b7f8671e01960efa36e628adbc674f009d288a0a8fcc989a,2019-03,North Yorkshire Police,North Yorkshire Police,-1.683391,54.378992,On or near Easton Way,E01027750,Richmondshire 004B,Violence and sexual offences,Awaiting court outcome,
a62f8beca723293424d51ba7e70119faa5d76d1a742c725f44de05a4bece3f22,2019-03,North Yorkshire Police,North Yorkshire Police,-1.704695,54.377329,On or near Cravendale Road,E01027750,Richmondshire 004B,Violence and sexual offences,Under investigation,
2fe004ccfedbf30129a519a27e6997af0ed398a591a78382ad5fbf7fcfc8f83a,2019-03,North Yorkshire Police,North Yorkshire Police,-1.700891,54.375316,On or near Ayr Avenue,E01027750,Richmondshire 004B,Violence and sexual offences,Under investigation,
381b841d684c3be0b71736310c18c262c153849a4e3fca23fecfe0272f74fa6f,2019-03,North Yorkshire Police,North Yorkshire Police,-1.691574,54.384109,On or near Bridge Close,E01027750,Richmondshire 004B,Violence and sexual offences,Under investigation,
57e0443ae1267d0b2e9981aad1b42d4c5931ac0cddcb5705e0900ee3cc82800e,2019-03,North Yorkshire Police,North Yorkshire Police,-1.694553,54.366501,On or near Sports/Recreation Area,E01027750,Richmondshire 004B,Violence and sexual offences,Under investigation,
b24355a5471044b328d5cc3756ad4a36dd6a57ac4c22005718168b9e432dc797,2019-03,North Yorkshire Police,North Yorkshire Police,-1.691574,54.384109,On or near Bridge Close,E01027750,Richmondshire 004B,Violence and sexual offences,Under investigation,
2abf4296987f5a70161f60a6b8103bd15a087458d57c936f50be1c8ff13f7219,2019-03,North Yorkshire Police,North Yorkshire Police,-1.691574,54.384109,On or near Bridge Close,E01027750,Richmondshire 004B,Violence and sexual offences,Under investigation,
,2019-03,North Yorkshire Police,North Yorkshire Police,-1.713869,54.379688,On or near Hallgarth,E01027754,Richmondshire 004C,Anti-social behaviour,,
,2019-03,North Yorkshire Police,North Yorkshire Police,-1.721235,54.376398,On or near Parking Area,E01027754,Richmondshire 004C,Anti-social behaviour,,
,2019-03,North Yorkshire Police,North Yorkshire Police,-1.726255,54.383203,On or near Richmond Road,E01027754,Richmondshire 004C,Anti-social behaviour,,
,2019-03,North Yorkshire Police,North Yorkshire Police,-1.729208,54.402407,On or near Bus/Coach Station,E01027754,Richmondshire 004C,Anti-social behaviour,,
,2019-03,North Yorkshire Police,North Yorkshire Police,-1.721235,54.376398,On or near Parking Area,E01027754,Richmondshire 004C,Anti-social behaviour,,
,2019-03,North Yorkshire Police,North Yorkshire Police,-1.726255,54.383203,On or near Richmond Road,E01027754,Richmondshire 004C,Anti-social behaviour,,
00e4396a0a61cbb4dd5cb21958a1640a2abb174e1dc9e895ea889c50c3103c79,2019-03,North Yorkshire Police,North Yorkshire Police,-1.713869,54.379688,On or near Hallgarth,E01027754,Richmondshire 004C,Criminal damage and arson,Under investigation,
eceb48c598556ecf3bf6ecf50f5514976732d90c74f7fef3bd988dbe3c66ae48,2019-03,North Yorkshire Police,North Yorkshire Police,-1.736427,54.398333,On or near Slee Gill,E01027754,Richmondshire 004C,Criminal damage and arson,Investigation complete; no suspect identified,
e55ca7626773e10b3bb9a3651944aea2e64f36b47fbc1962e55d115fc0ae78d9,2019-03,North Yorkshire Police,North Yorkshire Police,-1.726568,54.400990,On or near Rimington Avenue,E01027754,Richmondshire 004C,Criminal damage and arson,Under investigation,
08a4989df6c3aa7551c18575c41822fe7b4ef6ba03f473f0a753afbb7ac8526a,2019-03,North Yorkshire Police,North Yorkshire Police,-1.713869,54.379688,On or near Hallgarth,E01027754,Richmondshire 004C,Criminal damage and arson,Under investigation,
c60f0aa72f04246483c4bf96192ec779090ef090c5b82143e84a9b3226293d5a,2019-03,North Yorkshire Police,North Yorkshire Police,-1.736427,54.398333,On or near Slee Gill,E01027754,Richmondshire 004C,Criminal damage and arson,Under investigation,
f227da8d273039133777baac475d4099f3a195579af093a4bf6b315ad7273f34,2019-03,North Yorkshire Police,North Yorkshire Police,-1.713869,54.379688,On or near Hallgarth,E01027754,Richmondshire 004C,Other theft,Under investigation,
076dc1f0937f0bafb54e852b6d4f273aeb6222486f8500f16e457b3a73cb1b2b,2019-03,North Yorkshire Police,North Yorkshire Police,-1.722827,54.377714,On or near Police Station,E01027754,Richmondshire 004C,Shoplifting,Investigation complete; no suspect identified,
30c0cd5c9ea3000d65f32c1e04d3e47da09d957b00d43cf6326e455ed3857efa,2019-03,North Yorkshire Police,North Yorkshire Police,-1.710484,54.379455,On or near Wandesford Grove,E01027754,Richmondshire 004C,Violence and sexual offences,Under investigation,
2e37de84b0720cbd334abfa02a0b2c481d5068cbc9c03b4cd96874db364bc5e9,2019-03,North Yorkshire Police,North Yorkshire Police,-1.732044,54.385499,On or near French Road,E01027754,Richmondshire 004C,Violence and sexual offences,Under investigation,
18ab806b174bfb58b4b88d62a77889375e7c3c65c596b677049f25c1da89b758,2019-03,North Yorkshire Police,North Yorkshire Police,-1.713869,54.379688,On or near Hallgarth,E01027754,Richmondshire 004C,Violence and sexual offences,Investigation complete; no suspect identified,
492f2b4c6e3b41b2864014c6c9fddb3b55a1038c26d729825d8adc42be95b708,2019-03,North Yorkshire Police,North Yorkshire Police,-1.710484,54.379455,On or near Wandesford Grove,E01027754,Richmondshire 004C,Violence and sexual offences,Under investigation,
cbcafe628610c135b93278b9de1c7d029b2e24ef987ed7d4aa65eb73a50fbdff,2019-03,North Yorkshire Police,North Yorkshire Police,-1.721235,54.376398,On or near Parking Area,E01027754,Richmondshire 004C,Violence and sexual offences,Unable to prosecute suspect,
d4f28ab26c3b26ab263b8d954bc43ae1fdb1ae0fb0979b3e2fb93e2ad1e4cd64,2019-03,North Yorkshire Police,North Yorkshire Police,-1.721235,54.376398,On or near Parking Area,E01027754,Richmondshire 004C,Violence and sexual offences,Under investigation,
78b2ac02268b687f7bf3c7abc3b630a2de5eb433fcb60041533f7e8ff884ee02,2019-03,North Yorkshire Police,North Yorkshire Police,-1.713869,54.379688,On or near Hallgarth,E01027754,Richmondshire 004C,Violence and sexual offences,Under investigation,
a9604dca90d78160657517060ec46285e03cf538db458350dc9b3dce4ea8fef6,2019-03,North Yorkshire Police,North Yorkshire Police,-1.725960,54.399757,On or near Scots Dike Terrace,E01027754,Richmondshire 004C,Violence and sexual offences,Under investigation,
,2019-03,North Yorkshire Police,North Yorkshire Police,-1.714828,54.372419,On or near Nightclub,E01027771,Richmondshire 004E,Anti-social behaviour,,
,2019-03,North Yorkshire Police,North Yorkshire Police,-1.723137,54.370516,On or near Hilltop Crescent,E01027771,Richmondshire 004E,Anti-social behaviour,,
,2019-03,North Yorkshire Police,North Yorkshire Police,-1.721791,54.373919,On or near Parking Area,E01027771,Richmondshire 004E,Anti-social behaviour,,
,2019-03,North Yorkshire Police,North Yorkshire Police,-1.714828,54.372419,On or near Nightclub,E01027771,Richmondshire 004E,Anti-social behaviour,,
,2019-03,North Yorkshire Police,North Yorkshire Police,-1.717452,54.362414,On or near Queens Avenue,E01027771,Richmondshire 004E,Anti-social behaviour,,
,2019-03,North Yorkshire Police,North Yorkshire Police,-1.714828,54.372419,On or near Nightclub,E01027771,Richmondshire 004E,Anti-social behaviour,,
33fc95f7fdb63337eb16ffae9d3d0a2dda43783cac185015b8088c0779be50b1,2019-03,North Yorkshire Police,North Yorkshire Police,-1.712141,54.375828,On or near St Oswalds Close,E01027771,Richmondshire 004E,Burglary,Under investigation,
1be195dff5acec2bf9783a3909a64dc67ea22a404e3c5f1ee1102cb67e4a03a6,2019-03,North Yorkshire Police,North Yorkshire Police,-1.712141,54.375828,On or near St Oswalds Close,E01027771,Richmondshire 004E,Criminal damage and arson,Under investigation,
bff8cb1c2b77e10bcbd92799e8737d8abb90f0f59aa0ef1ffe8e1dc0573b7abe,2019-03,North Yorkshire Police,North Yorkshire Police,-1.712141,54.375828,On or near St Oswalds Close,E01027771,Richmondshire 004E,Criminal damage and arson,Investigation complete; no suspect identified,
030766213fd3f0a824d944d8c49d409d0b7b257496636d2c8d59178cda22e2f6,2019-03,North Yorkshire Police,North Yorkshire Police,-1.721791,54.373919,On or near Parking Area,E01027771,Richmondshire 004E,Criminal damage and arson,Under investigation,
5711f3f7513eb8d3af3be3cf939eb72c32a69fcd25d6de1fb9a6095ec60a5704,2019-03,North Yorkshire Police,North Yorkshire Police,-1.721791,54.373919,On or near Parking Area,E01027771,Richmondshire 004E,Criminal damage and arson,Under investigation,
04cceda3ec823ec5252a4c10abf730725b09ce55b56e828f23624ba1af56c9fe,2019-03,North Yorkshire Police,North Yorkshire Police,-1.717452,54.362414,On or near Queens Avenue,E01027771,Richmondshire 004E,Public order,Under investigation,
23028f351340ccfb56fddf5dbb8571243fa877bbc51c730d353d4b3e005dd4f5,2019-03,North Yorkshire Police,North Yorkshire Police,-1.714828,54.372419,On or near Nightclub,E01027771,Richmondshire 004E,Public order,Under investigation,
97fcb43d991b051758a2966cc78779673744150a16654a0d700026fee11a1603,2019-03,North Yorkshire Police,North Yorkshire Police,-1.721791,54.373919,On or near Parking Area,E01027771,Richmondshire 004E,Public order,Under investigation,
0c7af052bc9b1ac4f7356e469c8f3b00f7291cce28ad96cd2dcbae4e156915e0,2019-03,North Yorkshire Police,North Yorkshire Police,-1.721791,54.373919,On or near Parking Area,E01027771,Richmondshire 004E,Shoplifting,Under investigation,
59ceff443e398495f48d83d6036005261c0a824e2cf1f4256bffe4e3a975a056,2019-03,North Yorkshire Police,North Yorkshire Police,-1.714828,54.372419,On or near Nightclub,E01027771,Richmondshire 004E,Violence and sexual offences,Unable to prosecute suspect,
e45056ce037cd0cd9f27575f3076c7b689e868b512563d938112b3ad8c9cc715,2019-03,North Yorkshire Police,North Yorkshire Police,-1.714828,54.372419,On or near Nightclub,E01027771,Richmondshire 004E,Violence and sexual offences,Unable to prosecute suspect,
2d2b787fb01f980293a6cce889e76a97d8b44963e5f18d2862a7789083ddb883,2019-03,North Yorkshire Police,North Yorkshire Police,-1.710922,54.369696,On or near Weardale Road,E01027771,Richmondshire 004E,Violence and sexual offences,Unable to prosecute suspect,
2194a93d8c8045e73122e39a4a3c71430d48b4d159bba01d0e50eeec484af271,2019-03,North Yorkshire Police,North Yorkshire Police,-1.710922,54.369696,On or near Weardale Road,E01027771,Richmondshire 004E,Violence and sexual offences,Action to be taken by another organisation,
6c3cbe7dc30193f91a588d47263ad364285a5005e8b603ac2c06c9b6b9c4ae6f,2019-03,North Yorkshire Police,North Yorkshire Police,-1.714828,54.372419,On or near Nightclub,E01027771,Richmondshire 004E,Violence and sexual offences,Under investigation,
8ce9a815cad43183a23b3a8c92bf3362ff5ecdda0883221c15af84ec6b0902e1,2019-03,North Yorkshire Police,North Yorkshire Police,-1.714828,54.372419,On or near Nightclub,E01027771,Richmondshire 004E,Violence and sexual offences,Under investigation,
26de20f4b7e79ebf81e0b95ce9b8b45d2cd835066b7634b8928d3c77f231c5dc,2019-03,North Yorkshire Police,North Yorkshire Police,-1.724632,54.358791,On or near Sports/Recreation Area,E01027771,Richmondshire 004E,Violence and sexual offences,Formal action is not in the public interest,
608b85f51d07a3a89ed0bbe8296e8c519725fba134e2b6e052aabe1559758076,2019-03,North Yorkshire Police,North Yorkshire Police,-1.714828,54.372419,On or near Nightclub,E01027771,Richmondshire 004E,Violence and sexual offences,Unable to prosecute suspect,
,2019-03,North Yorkshire Police,North Yorkshire Police,-1.708713,54.355518,On or near Woodcock Drive,E01027772,Richmondshire 004F,Anti-social behaviour,,
06904d4b36f7ec26ccc06a4ccf82cbddacb84963dc4690ecd76db3025f7f3ff7,2019-03,North Yorkshire Police,North Yorkshire Police,-1.705210,54.354764,On or near Hawthorne Avenue,E01027772,Richmondshire 004F,Other theft,Under investigation,
d9a8a02a1534e88fc2994ae704318bc2fd16b8b163854b5e3a3db47cee681547,2019-03,North Yorkshire Police,North Yorkshire Police,-1.708648,54.353765,On or near Birch Close,E01027772,Richmondshire 004F,Other theft,Investigation complete; no suspect identified,
fbb3b8dcc12ed75fd5117c674bc58e2bdf78f0d4507cd9c36bf6e21632c3eec0,2019-03,North Yorkshire Police,North Yorkshire Police,-1.706787,54.355927,On or near Kingfisher Court,E01027772,Richmondshire 004F,Public order,Under investigation,
,2019-03,North Yorkshire Police,North Yorkshire Police,-1.740884,54.380459,On or near Downholme Road,E01033183,Richmondshire 004G,Anti-social behaviour,,
6d17b3d4ec74e5c643dd90a2f34d8f71702de17eb4b14a373e7fb465108a0718,2019-03,North Yorkshire Police,North Yorkshire Police,-1.733164,54.378977,On or near Wardrop Road,E01033183,Richmondshire 004G,Criminal damage and arson,Investigation complete; no suspect identified,
72fdeb7d5158d682196548c69f330548f96c207b6c940394bb94192d1e656261,2019-03,North Yorkshire Police,North Yorkshire Police,-1.729292,54.377926,On or near La Bassee Road,E01033183,Richmondshire 004G,Violence and sexual offences,Unable to prosecute suspect,
681b976fe20cffacf616a0c785bc98019bf3c611f788ac5690c685688f00946b,2019-03,North Yorkshire Police,North Yorkshire Police,-1.731445,54.378200,On or near Lys Crescent,E01033183,Richmondshire 004G,Violence and sexual offences,Under investigation,
954700f8edceb3801e92379f52b5ddbaf05e1af685a5823d032be34f935b89ab,2019-03,North Yorkshire Police,North Yorkshire Police,-1.728890,54.378123,On or near Amiens Crescent,E01033183,Richmondshire 004G,Violence and sexual offences,Unable to prosecute suspect,
4da8897568df955d1c3ab7df295ac79c130a689b7da61f36af1ace74e4298f2d,2019-03,North Yorkshire Police,North Yorkshire Police,-1.737058,54.383955,On or near Birdwood Close,E01033183,Richmondshire 004G,Violence and sexual offences,Under investigation,
a810286b233f7694d9d81434855d8005920f6b167623a6767b4375813a0044e9,2019-03,North Yorkshire Police,North Yorkshire Police,-1.731445,54.378200,On or near Lys Crescent,E01033183,Richmondshire 004G,Violence and sexual offences,Under investigation,
b94915b512edc5f25be56592ced6c3bfb9c5db5d3f05480603d7245c14b98ab9,2019-03,North Yorkshire Police,North Yorkshire Police,-1.731445,54.378200,On or near Lys Crescent,E01033183,Richmondshire 004G,Other crime,Further investigation is not in the public interest,
,2019-03,North Yorkshire Police,North Yorkshire Police,-1.725783,54.375402,On or near Supermarket,E01033184,Richmondshire 004H,Anti-social behaviour,,
,2019-03,North Yorkshire Police,North Yorkshire Police,-1.725783,54.375402,On or near Supermarket,E01033184,Richmondshire 004H,Anti-social behaviour,,
91a7514a8fcd37b42906e4ca5cf7b43c6c35cc98edeca88bb14537284726d865,2019-03,North Yorkshire Police,North Yorkshire Police,-1.736934,54.376918,On or near Roman Crescent,E01033184,Richmondshire 004H,Criminal damage and arson,Investigation complete; no suspect identified,
8ee491de714a3a9e1c33bf964d2ade7729232562a96bdb21eb64ed3151a497e0,2019-03,North Yorkshire Police,North Yorkshire Police,-1.725783,54.375402,On or near Supermarket,E01033184,Richmondshire 004H,Violence and sexual offences,Under investigation,
1972ed6d7cc1f8286a8467f7c48e80dcb6165c8481122ef96f5ac88c8ac7e0f2,2019-03,North Yorkshire Police,North Yorkshire Police,-1.746023,54.378367,On or near Risedale Road,E01033184,Richmondshire 004H,Violence and sexual offences,Unable to prosecute suspect,
5b3147cef78a5ed378434071d45b4a2bfdd8ecbad155b96a013c0679a9711ecd,2019-03,North Yorkshire Police,North Yorkshire Police,-1.725783,54.375402,On or near Supermarket,E01033184,Richmondshire 004H,Violence and sexual offences,Under investigation,
911535727077057883e633a9cb7c9a3015a1fff5e86c96db83663003f88f37a6,2019-03,North Yorkshire Police,North Yorkshire Police,-1.738146,54.377532,On or near Derby Close,E01033184,Richmondshire 004H,Violence and sexual offences,Under investigation,
5bdb701de8616621c475931e55d3556320bee13f5283f1600f66d451a7555089,2019-03,North Yorkshire Police,North Yorkshire Police,-1.725783,54.375402,On or near Supermarket,E01033184,Richmondshire 004H,Violence and sexual offences,Under investigation,
89121e0c4bb368cb97890d13267c7970b7f5943f46c0465a2215e84b2d886889,2019-03,North Yorkshire Police,North Yorkshire Police,-1.744123,54.379477,On or near Menin Road,E01033184,Richmondshire 004H,Violence and sexual offences,Under investigation,
6afbccb01cd46a0ac5d511a6004b45177261053c3b05757fa08d604da9979381,2019-03,North Yorkshire Police,North Yorkshire Police,-1.732200,54.375775,On or near Somerset Close,E01033184,Richmondshire 004H,Violence and sexual offences,Under investigation,
4697295d422db805fd7be94757a82b9bfa1824dd8041b73620bae90e10438af0,2019-03,North Yorkshire Police,North Yorkshire Police,-1.744123,54.379477,On or near Menin Road,E01033184,Richmondshire 004H,Other crime,Under investigation,
9c656ebf04587032e620f15460c0bf86ccd1536bc91946b0c9b217ebf0ceabc2,2019-03,North Yorkshire Police,North Yorkshire Police,-1.981884,54.291106,On or near Church Lane,E01027742,Richmondshire 005A,Vehicle crime,Investigation complete; no suspect identified,
9ae4330233b91824450d14306fafd327afe9e4413e0a2ad753b63d113e46b2a3,2019-03,North Yorkshire Police,North Yorkshire Police,-2.194061,54.305160,On or near Raynes Court,E01027753,Richmondshire 005B,Burglary,Investigation complete; no suspect identified,
fff1cf00145224c7a390e6f01bf5dfd18967d4563ccef1d4592b8dd8c6b4c7b4,2019-03,North Yorkshire Police,North Yorkshire Police,-2.315058,54.265747,On or near Park/Open Space,E01027753,Richmondshire 005B,Burglary,Under investigation,
875351cd48933f58d6266321cc768adf18d8d8dd61e3fc47ac913909ae877274,2019-03,North Yorkshire Police,North Yorkshire Police,-1.942217,54.390815,On or near Hill Close,E01027764,Richmondshire 005D,Burglary,Investigation complete; no suspect identified,
390b667428b868238d99da6757d430ea0cc5d78d4115398696012a5191258e35,2019-03,North Yorkshire Police,North Yorkshire Police,-1.777981,54.401733,On or near Reeth Road,E01027773,Richmondshire 005E,Burglary,Investigation complete; no suspect identified,
b3945695737469c79ab7541a286d5dfe33dfceb09a9955ce353dec72b52f587e,2019-03,North Yorkshire Police,North Yorkshire Police,-1.777981,54.401733,On or near Reeth Road,E01027773,Richmondshire 005E,Burglary,Investigation complete; no suspect identified,
,2019-03,North Yorkshire Police,North Yorkshire Police,-1.660684,54.339566,On or near Park Chase,E01027756,Richmondshire 006B,Anti-social behaviour,,
,2019-03,North Yorkshire Police,North Yorkshire Police,-1.677876,54.381440,On or near Bronte Drive,E01027756,Richmondshire 006B,Anti-social behaviour,,
,2019-03,North Yorkshire Police,North Yorkshire Police,-1.679017,54.383186,On or near Darwin Drive,E01027756,Richmondshire 006B,Anti-social behaviour,,
879f7149abae7ae2d6699cbb7b534ec77aae0d0db0cf24b104c9dd1fad4c1ac0,2019-03,North Yorkshire Police,North Yorkshire Police,-1.677876,54.381440,On or near Bronte Drive,E01027756,Richmondshire 006B,Other theft,Under investigation,
79df851cd63dc35d8d55bddd0b4a2d89be453649f15543e8b4de1b2e58ce0000,2019-03,North Yorkshire Police,North Yorkshire Police,-1.677876,54.381440,On or near Bronte Drive,E01027756,Richmondshire 006B,Violence and sexual offences,Unable to prosecute suspect,
c685ee2db2902692d705f729e7cc1168b266fa27023ba3f9624166c88589d699,2019-03,North Yorkshire Police,North Yorkshire Police,-1.710508,54.327851,On or near South View,E01027756,Richmondshire 006B,Violence and sexual offences,Under investigation,
8eb1a47d5d9b1d021f3edbc0acfad58d10e8a0bcdc68f6fde9433dafd2315ece,2019-03,North Yorkshire Police,North Yorkshire Police,-1.707093,54.330107,On or near Church Bank,E01027756,Richmondshire 006B,Violence and sexual offences,Unable to prosecute suspect,
bef5938ee7dc2f3c45d09a216d2019239099c0d6ed15f394351e742fc7962156,2019-03,North Yorkshire Police,North Yorkshire Police,-1.679017,54.383186,On or near Darwin Drive,E01027756,Richmondshire 006B,Violence and sexual offences,Under investigation,
,2019-03,North Yorkshire Police,North Yorkshire Police,-1.657936,54.298208,On or near Sinks Lane,E01027758,Richmondshire 006D,Anti-social behaviour,,
08319dd400d6f0bfa3daa93be91841f0e0eadf8932991442812ed8f3b79f2d9b,2019-03,North Yorkshire Police,North Yorkshire Police,-1.659383,54.312736,On or near Pastures Green,E01027758,Richmondshire 006D,Vehicle crime,Investigation complete; no suspect identified,
da0cec0da09c05438ed89b0b7ff712faaefef3f68f93388cb35b192b44ffccbe,2019-03,North Yorkshire Police,North Yorkshire Police,-1.804934,54.285360,On or near Market Place,E01027760,Richmondshire 006E,Burglary,Investigation complete; no suspect identified,
,2019-03,North Yorkshire Police,North Yorkshire Police,-1.823171,54.309618,On or near Bolton Way,E01033185,Richmondshire 006F,Anti-social behaviour,,
82f7d7c93c86f5785496f12d3053bc076e262d673aa73cf1d19b55ba5b7eddae,2019-03,North Yorkshire Police,North Yorkshire Police,-1.834383,54.299963,On or near Low Lane,E01033185,Richmondshire 006F,Other theft,Investigation complete; no suspect identified,
fe3b76c6ddddedce9b0c2c4cb8084d9bc08eecc41ccc24ad53365c6704bc98ee,2019-03,North Yorkshire Police,North Yorkshire Police,-1.821124,54.310199,On or near Rowan Court,E01033185,Richmondshire 006F,Public order,Under investigation,
9abc1568cdd9f4aa3af1fb80a30141690e608e6640ca71b0479ffb5c488a69ed,2019-03,North Yorkshire Police,North Yorkshire Police,-1.830512,54.310922,On or near Grove Square,E01033185,Richmondshire 006F,Public order,Under investigation,
82f0e585708b71bfbb59eaacbb17b947c7c3b17d2c810abde4ba017b0cc0aa88,2019-03,North Yorkshire Police,North Yorkshire Police,-1.829134,54.309554,On or near Railway Street,E01033185,Richmondshire 006F,Shoplifting,Under investigation,
2141dc64c04101b37ab323156c63e48be0d17ae5aea9ad07d09e7589ac57268f,2019-03,North Yorkshire Police,North Yorkshire Police,-1.831606,54.310277,On or near Shawl Terrace,E01033185,Richmondshire 006F,Shoplifting,Awaiting court outcome,
d4a6129a4f98a7e7bbfada415b076ce662cbea7108e21fedd03b5a5ab6cdd86f,2019-03,North Yorkshire Police,North Yorkshire Police,-1.829990,54.310760,On or near Police Station,E01033185,Richmondshire 006F,Shoplifting,Awaiting court outcome,
5e2c56b73c422cd32028cea95ceda39ac91afd9f06ca33dc43acec460984d3f4,2019-03,North Yorkshire Police,North Yorkshire Police,-1.829134,54.309554,On or near Railway Street,E01033185,Richmondshire 006F,Shoplifting,Under investigation,
765a44d5d46b53444e9a4ac85ad40d3219047f7eb5a15fe6a9c41b20f66fb95f,2019-03,North Yorkshire Police,North Yorkshire Police,-1.829134,54.309554,On or near Railway Street,E01033185,Richmondshire 006F,Shoplifting,Offender given community sentence,
c14215109f93c74e37829c7e9761f657d72b3243d471e5bb593a6be7ffbfba07,2019-03,North Yorkshire Police,North Yorkshire Police,-1.831334,54.309243,On or near Wensley Road,E01033186,Richmondshire 006G,Other theft,Investigation complete; no suspect identified,
e422012ee467ed2903fc349fb38bc654dd20dc7e655eaa063f1a6cffae05a6a8,2019-03,North Yorkshire Police,North Yorkshire Police,-1.817894,54.307201,On or near Herriot Court,E01033186,Richmondshire 006G,Other theft,Under investigation,
3a178f5d16d328db3200d99aa2ecfc74619654ecbd4a008a1376cb97261ae25c,2019-03,North Yorkshire Police,North Yorkshire Police,-0.878119,54.221647,On or near Westfield Lane,E01027776,Ryedale 001A,Criminal damage and arson,Investigation complete; no suspect identified,
b500c17de7d01f9c7db87d402df21caee8aa2a9e12903840553694ef83f753a9,2019-03,North Yorkshire Police,North Yorkshire Police,-0.800878,54.256603,On or near Back Lane South,E01027776,Ryedale 001A,Violence and sexual offences,Under investigation,
02b11851ab0688dbca76dfaa2ee7ace0566adf3779ee62bd4678888c9ff2e768,2019-03,North Yorkshire Police,North Yorkshire Police,-0.966463,54.348121,On or near Parking Area,E01027777,Ryedale 001B,Violence and sexual offences,Under investigation,
,2019-03,North Yorkshire Police,North Yorkshire Police,-0.931798,54.270471,On or near Crown Square,E01027783,Ryedale 001C,Anti-social behaviour,,
,2019-03,North Yorkshire Police,North Yorkshire Police,-0.929741,54.269257,On or near Howe End,E01027783,Ryedale 001C,Anti-social behaviour,,
419007193db0f1fadf81a63b91bda9f77aae366c6fdc74a1d24542bd4154c9b1,2019-03,North Yorkshire Police,North Yorkshire Police,-0.928948,54.265511,On or near Carter Lane,E01027783,Ryedale 001C,Criminal damage and arson,Investigation complete; no suspect identified,
ae48ba40ce5552b88464841b712beb7cf82c540893735f0b633c0122994a67a4,2019-03,North Yorkshire Police,North Yorkshire Police,-0.929741,54.269257,On or near Howe End,E01027783,Ryedale 001C,Violence and sexual offences,Under investigation,
9832508a6745b59e31bd350bf2464239732286f4a19e8d9ac559cc43fc42c0f0,2019-03,North Yorkshire Police,North Yorkshire Police,-0.974519,54.246314,On or near Main Street,E01027783,Ryedale 001C,Violence and sexual offences,Under investigation,
,2019-03,North Yorkshire Police,North Yorkshire Police,-0.927269,54.268085,On or near Oxcroft,E01027784,Ryedale 001D,Anti-social behaviour,,
,2019-03,North Yorkshire Police,North Yorkshire Police,-0.933587,54.268995,On or near West End,E01027784,Ryedale 001D,Anti-social behaviour,,
581cfcf885fc89834c0d6f5e95a4157460734ff368bf5c80e60eae3483654835,2019-03,North Yorkshire Police,North Yorkshire Police,-0.936332,54.270322,On or near Brooke Close,E01027784,Ryedale 001D,Burglary,Under investigation,
04c472d0d5c3799cf937df274bbf9365d903626cb0570330c4505e1547271a1b,2019-03,North Yorkshire Police,North Yorkshire Police,-0.939906,54.274677,On or near Waydale Close,E01027784,Ryedale 001D,Public order,Under investigation,
9faa780c642e207227b76c558cbeeef9c8b641a529ccf1840343e5f1fe280710,2019-03,North Yorkshire Police,North Yorkshire Police,-0.929390,54.267412,On or near Petch Garth,E01027784,Ryedale 001D,Shoplifting,Under investigation,
851a7c696b441cf05ecb32fe33785456c2f1c122e8d6870cb08daec010871e7e,2019-03,North Yorkshire Police,North Yorkshire Police,-0.935153,54.270779,On or near Manor Close,E01027784,Ryedale 001D,Violence and sexual offences,Under investigation,
72e26edeb6544d48d38dddd01ce5d2cbe5bb4ba66e5e2b8b99ad80c72b63e8a2,2019-03,North Yorkshire Police,North Yorkshire Police,-0.927269,54.268085,On or near Oxcroft,E01027784,Ryedale 001D,Violence and sexual offences,Under investigation,
,2019-03,North Yorkshire Police,North Yorkshire Police,-0.777708,54.245873,On or near Market Place,E01027792,Ryedale 002A,Anti-social behaviour,,
,2019-03,North Yorkshire Police,North Yorkshire Police,-0.776142,54.245381,On or near Birdgate,E01027792,Ryedale 002A,Anti-social behaviour,,
,2019-03,North Yorkshire Police,North Yorkshire Police,-0.771442,54.251184,On or near Park/Open Space,E01027792,Ryedale 002A,Anti-social behaviour,,
,2019-03,North Yorkshire Police,North Yorkshire Police,-0.778950,54.249040,On or near Parking Area,E01027792,Ryedale 002A,Anti-social behaviour,,
,2019-03,North Yorkshire Police,North Yorkshire Police,-0.775591,54.244827,On or near Smiddy Hill,E01027792,Ryedale 002A,Anti-social behaviour,,
,2019-03,North Yorkshire Police,North Yorkshire Police,-0.778342,54.246239,On or near Shopping Area,E01027792,Ryedale 002A,Anti-social behaviour,,
,2019-03,North Yorkshire Police,North Yorkshire Police,-0.775591,54.244827,On or near Smiddy Hill,E01027792,Ryedale 002A,Anti-social behaviour,,
21bb7bdeb1336d74427af7651a07a8625b60cd967ee59713bc39d1984ebda592,2019-03,North Yorkshire Police,North Yorkshire Police,-0.771442,54.251184,On or near Park/Open Space,E01027792,Ryedale 002A,Criminal damage and arson,Under investigation,
6a1548cabc6160beba4721db531dbfee127e4d0292dfc0a3d164a8eb013edc1e,2019-03,North Yorkshire Police,North Yorkshire Police,-0.779362,54.246519,On or near Bridge Street,E01027792,Ryedale 002A,Other theft,Investigation complete; no suspect identified,
784e59739f266359ee7f010823c1a50fdf81a042e6733b6b5be4fd71991e3c95,2019-03,North Yorkshire Police,North Yorkshire Police,-0.778342,54.246239,On or near Shopping Area,E01027792,Ryedale 002A,Other theft,Suspect charged as part of another case,
b0a00f18ae085644b98460d446b9a426897ba6772ed22df45cf3081460d7391c,2019-03,North Yorkshire Police,North Yorkshire Police,-0.774905,54.245179,On or near Hall Garth,E01027792,Ryedale 002A,Other theft,Investigation complete; no suspect identified,
3d9aebc23ce1f04f20c94f781d3fde066bdf0c55b079d9bd4f9abed7c126a54b,2019-03,North Yorkshire Police,North Yorkshire Police,-0.774151,54.244219,On or near Parking Area,E01027792,Ryedale 002A,Shoplifting,Under investigation,
e573d1152e29067d89f6baf560d34532dbf98aaaa864a265c4e33a98dd1d2d14,2019-03,North Yorkshire Police,North Yorkshire Police,-0.776479,54.246445,On or near Burgate,E01027792,Ryedale 002A,Violence and sexual offences,Unable to prosecute suspect,
3ca39a0aa599de75921e50cfa8b3eec65ec09c1dc8b376157b86e157ab2510ea,2019-03,North Yorkshire Police,North Yorkshire Police,-0.775591,54.244827,On or near Smiddy Hill,E01027792,Ryedale 002A,Violence and sexual offences,Under investigation,
cd96dbb7c585feb1a698d0ae3d9809c65de4848a603c8ca838baba1aa908b2d8,2019-03,North Yorkshire Police,North Yorkshire Police,-0.771270,54.241996,On or near Supermarket,E01027792,Ryedale 002A,Violence and sexual offences,Under investigation,
,2019-03,North Yorkshire Police,North Yorkshire Police,-0.771989,54.244161,On or near Crofts Avenue,E01027793,Ryedale 002B,Anti-social behaviour,,
10b796ef5c771681adf3bb3ccd886a98ea93f363f01ec304f8dfa1a09c7341f4,2019-03,North Yorkshire Police,North Yorkshire Police,-0.766909,54.240029,On or near Maudon Avenue,E01027793,Ryedale 002B,Drugs,Under investigation,
6fe2d22e3d70046853d940d62b00b0720677305c4efdfd78842c4d87991e6ed9,2019-03,North Yorkshire Police,North Yorkshire Police,-0.764236,54.241161,On or near The Orchard,E01027793,Ryedale 002B,Possession of weapons,Under investigation,
bc0d7de21402bb40c6bd99e2750b4ebc31bd270a02852f813c99dfdafeb06793,2019-03,North Yorkshire Police,North Yorkshire Police,-0.764236,54.241161,On or near The Orchard,E01027793,Ryedale 002B,Violence and sexual offences,Offender given community sentence,
a975e1db62fb2d0f96256366f0a9571117569926f5bfb319a7a748f4a4e5a55a,2019-03,North Yorkshire Police,North Yorkshire Police,-0.766252,54.243545,On or near Ruffa Lane,E01027793,Ryedale 002B,Violence and sexual offences,Unable to prosecute suspect,
8c6e409d052bd49c1a5a5e45662e50c0bdf464a76d54b0ec2b64946e06fb7b1d,2019-03,North Yorkshire Police,North Yorkshire Police,-0.764236,54.241161,On or near The Orchard,E01027793,Ryedale 002B,Violence and sexual offences,Under investigation,
ca8fd6103713dc9a2d0d02738c1660ec1f4d258d8bfc2918810a5372806924bc,2019-03,North Yorkshire Police,North Yorkshire Police,-0.764236,54.241161,On or near The Orchard,E01027793,Ryedale 002B,Violence and sexual offences,Unable to prosecute suspect,
,2019-03,North Yorkshire Police,North Yorkshire Police,-0.787481,54.248057,On or near Old Farm Close,E01027794,Ryedale 002C,Anti-social behaviour,,
,2019-03,North Yorkshire Police,North Yorkshire Police,-0.784283,54.252950,On or near Further/Higher Educational Building,E01027794,Ryedale 002C,Anti-social behaviour,,
c7e871fce9f2bde94d32a7cf5f6b28fd5d17a1759227e8f97bfa459635520cc0,2019-03,North Yorkshire Police,North Yorkshire Police,-0.789264,54.251661,On or near Western Way,E01027794,Ryedale 002C,Burglary,Under investigation,
658ae7a4eff9f5c8ffcf45765f849ae14e4b7b9ff745ce9dda56cfe0a230b653,2019-03,North Yorkshire Police,North Yorkshire Police,-0.780441,54.240112,On or near Mill Lane,E01027794,Ryedale 002C,Vehicle crime,Unable to prosecute suspect,
15f5342e07a113e9405d5406a3aa04a117d959bc06094adbb93d1b67baf2aa42,2019-03,North Yorkshire Police,North Yorkshire Police,-0.781681,54.241248,On or near Mole End,E01027794,Ryedale 002C,Violence and sexual offences,Unable to prosecute suspect,
,2019-03,North Yorkshire Police,North Yorkshire Police,-0.787495,54.246035,On or near Firthland Road,E01027795,Ryedale 002D,Anti-social behaviour,,
,2019-03,North Yorkshire Police,North Yorkshire Police,-0.780794,54.246353,On or near Parking Area,E01027795,Ryedale 002D,Anti-social behaviour,,
,2019-03,North Yorkshire Police,North Yorkshire Police,-0.787495,54.246035,On or near Firthland Road,E01027795,Ryedale 002D,Anti-social behaviour,,
,2019-03,North Yorkshire Police,North Yorkshire Police,-0.779418,54.245656,On or near The Ropery,E01027795,Ryedale 002D,Anti-social behaviour,,
7165a9cda33920e31208aa0a42b66d396b73f8bfe48bfe9c5df01d68dddbf94c,2019-03,North Yorkshire Police,North Yorkshire Police,-0.780794,54.246353,On or near Parking Area,E01027795,Ryedale 002D,Burglary,Under investigation,
b031f16d50c032d277041ca5095903ed8c4d554df1cdabf5300d0368a2219b51,2019-03,North Yorkshire Police,North Yorkshire Police,-0.791596,54.247469,On or near Manor Drive,E01027795,Ryedale 002D,Drugs,Local resolution,
abd1e6f94de2943c1c7cc3587b516b89142cb17f691748c98b51873ec2ac6216,2019-03,North Yorkshire Police,North Yorkshire Police,-0.787605,54.244373,On or near Paddock Close,E01027795,Ryedale 002D,Other crime,Action to be taken by another organisation,
c28fafd59c143dae760abbf53725ef7a1d2a32e5c4974c55650d06a53507b267,2019-03,North Yorkshire Police,North Yorkshire Police,-0.711404,54.237192,On or near South Lane,E01027801,Ryedale 002E,Other theft,Investigation complete; no suspect identified,
6067134006f4fc20841bafd50e9e30c3d6b1c8deb9ba52bc0764ac129c600ca7,2019-03,North Yorkshire Police,North Yorkshire Police,-0.727203,54.235859,On or near Thornton View,E01027801,Ryedale 002E,Other theft,Unable to prosecute suspect,
49844999e5091ba12c37710e0a546df381282df1432a0d48eb08aaf94de3122c,2019-03,North Yorkshire Police,North Yorkshire Police,-0.722030,54.235930,On or near Maltongate,E01027801,Ryedale 002E,Shoplifting,Unable to prosecute suspect,
,2019-03,North Yorkshire Police,North Yorkshire Police,-0.718669,54.300320,On or near Mill Bank Road,E01027802,Ryedale 002F,Anti-social behaviour,,
bf58adf48929f8cb26b7b57fa10f6a2067ad4a2d19193d58271cd249b9bd5fc1,2019-03,North Yorkshire Police,North Yorkshire Police,-0.654681,54.233786,On or near Main Street,E01027802,Ryedale 002F,Burglary,Investigation complete; no suspect identified,
50af3705933da2e4e25cb9d63c3a75f183aacfb3010c8b05ba13338e7c93ff14,2019-03,North Yorkshire Police,North Yorkshire Police,-0.706417,54.297529,On or near Back Lane,E01027802,Ryedale 002F,Burglary,Under investigation,
61185e1ac2e232bf0066d6e89dcfe39894d4e207a67e4bd57e1d47c346bde248,2019-03,North Yorkshire Police,North Yorkshire Police,-0.653256,54.230912,On or near Water Gap,E01027802,Ryedale 002F,Burglary,Investigation complete; no suspect identified,
c951c63b94b13e43d932313da307503002dd0a9814123b52ed0277008e0863ca,2019-03,North Yorkshire Police,North Yorkshire Police,-0.729976,54.260983,On or near Whitby Road,E01027802,Ryedale 002F,Other theft,Investigation complete; no suspect identified,
fa69c5577b5700121a4e9f7a5ed8bdf3e5298009ae2b30b68e062e169dd6bee7,2019-03,North Yorkshire Police,North Yorkshire Police,-0.703691,54.282544,On or near Parking Area,E01027802,Ryedale 002F,Other theft,Investigation complete; no suspect identified,
34f2edb9660b7a291404beb4e69930bbc5b7cd42745b3e4b5c933ecd902414aa,2019-03,North Yorkshire Police,North Yorkshire Police,-0.652504,54.231371,On or near Toc Lane,E01027802,Ryedale 002F,Violence and sexual offences,Under investigation,
7a7d321c36de16adebd328b00f5aea5183d72b7e0bf5fe4937513cfb0ada6557,2019-03,North Yorkshire Police,North Yorkshire Police,-0.623145,54.235380,On or near High Street,E01027802,Ryedale 002F,Violence and sexual offences,Under investigation,
,2019-03,North Yorkshire Police,North Yorkshire Police,-1.152479,54.207306,On or near Hambleton Lane,E01027775,Ryedale 003A,Anti-social behaviour,,
9b026741de68950e95e3b19b5a9a84c40a1f16674a91b2b2d183e39f6adac466,2019-03,North Yorkshire Police,North Yorkshire Police,-1.078003,54.202167,On or near Aumit Lane,E01027775,Ryedale 003A,Other theft,Under investigation,
33a83d6dd30632032439ba8ad8b7d042aa083a260f0c4ba48663287d6bda484f,2019-03,North Yorkshire Police,North Yorkshire Police,-1.117293,54.201463,On or near Carr Lane,E01027775,Ryedale 003A,Other theft,Under investigation,
a07354432c3c9a0c016093d4ba5188479501c13fa7611c7662dec93b9cef54aa,2019-03,North Yorkshire Police,North Yorkshire Police,-1.105938,54.199861,On or near St Hilda'S Walk,E01027775,Ryedale 003A,Other theft,Investigation complete; no suspect identified,
6a2ec8592a88948a76634f89944becfc939ab65d79770bf72884e80cf9a3e688,2019-03,North Yorkshire Police,North Yorkshire Police,-1.106756,54.198896,On or near Station Road,E01027775,Ryedale 003A,Violence and sexual offences,Under investigation,
,2019-03,North Yorkshire Police,North Yorkshire Police,-1.060997,54.246318,On or near Market Place,E01027780,Ryedale 003B,Anti-social behaviour,,
,2019-03,North Yorkshire Police,North Yorkshire Police,-0.991639,54.253514,On or near Beckett Close,E01027780,Ryedale 003B,Anti-social behaviour,,
43552028e7167804c611307a8195844a9c1c7faaf16c5f91c5307187b9e56456,2019-03,North Yorkshire Police,North Yorkshire Police,-1.001836,54.253302,On or near The Croft,E01027780,Ryedale 003B,Burglary,Under investigation,
6392c8f1ae22895562b8c9333a90f423c9810e458c3a77bd9b7da6f37031b312,2019-03,North Yorkshire Police,North Yorkshire Police,-0.994400,54.251056,On or near Gale Lane,E01027780,Ryedale 003B,Other theft,Investigation complete; no suspect identified,
ca18fb15d49e7b871b91689fea79a7f2381ec6f68e4455265bd2679dd403462e,2019-03,North Yorkshire Police,North Yorkshire Police,-1.064190,54.296449,On or near Cowhouse Bank,E01027780,Ryedale 003B,Vehicle crime,Under investigation,
19e4eb0aea3b91bfd6f2090d909fb027c44a962d8f76481f76532a3ed27c1a6f,2019-03,North Yorkshire Police,North Yorkshire Police,-1.061735,54.246234,On or near Market Place,E01027780,Ryedale 003B,Violence and sexual offences,Under investigation,
5d003094e2d4f50b3a786944e6c472f65cde7aed7e091e75b8ae19358167154e,2019-03,North Yorkshire Police,North Yorkshire Police,-0.991639,54.253514,On or near Beckett Close,E01027780,Ryedale 003B,Violence and sexual offences,Under investigation,
360fb86e5043363e9c92656753de2a5de6b67c4e5d7f151dff4d0f6c23d96d0f,2019-03,North Yorkshire Police,North Yorkshire Police,-1.001836,54.253302,On or near The Croft,E01027780,Ryedale 003B,Violence and sexual offences,Under investigation,
debb7be1f8b3cd195d1b265d0564afd190c1a207bb7d310bf6e882b040559493,2019-03,North Yorkshire Police,North Yorkshire Police,-1.164522,54.301859,On or near Shawclose Lane,E01027780,Ryedale 003B,Violence and sexual offences,Under investigation,
572a3f1b39957658853a26b015b578215320536bcd332020cc93bc3706fdde3c,2019-03,North Yorkshire Police,North Yorkshire Police,-0.994400,54.251056,On or near Gale Lane,E01027780,Ryedale 003B,Violence and sexual offences,Under investigation,
99de72e67a0174dd63f2acc32383f44bdf62ec4d6be5235fd6d72cf0fbb90b4b,2019-03,North Yorkshire Police,North Yorkshire Police,-1.001836,54.253302,On or near The Croft,E01027780,Ryedale 003B,Violence and sexual offences,Under investigation,
2a1e5bc5f6534f8dc9831bdb8a76319766e52cabff42e32f0235f79854e30089,2019-03,North Yorkshire Police,North Yorkshire Police,-1.164522,54.301859,On or near Shawclose Lane,E01027780,Ryedale 003B,Violence and sexual offences,Under investigation,
,2019-03,North Yorkshire Police,North Yorkshire Police,-1.058703,54.247297,On or near Bondgate,E01027781,Ryedale 003C,Anti-social behaviour,,
,2019-03,North Yorkshire Police,North Yorkshire Police,-1.058703,54.247297,On or near Bondgate,E01027781,Ryedale 003C,Anti-social behaviour,,
,2019-03,North Yorkshire Police,North Yorkshire Police,-1.057441,54.246110,On or near Eastgate,E01027781,Ryedale 003C,Anti-social behaviour,,
61f60d68343115328fdea5b93556d33ee2dd7ebc8c3112023c43c7df946182a5,2019-03,North Yorkshire Police,North Yorkshire Police,-1.065629,54.246408,On or near Parking Area,E01027781,Ryedale 003C,Shoplifting,Investigation complete; no suspect identified,
,2019-03,North Yorkshire Police,North Yorkshire Police,-0.858952,54.259279,On or near Main Street,E01027800,Ryedale 003D,Anti-social behaviour,,
650960bdb1be6ef5da836b6cd5a95db97e446c119bce82092d0a81d9630bbabc,2019-03,North Yorkshire Police,North Yorkshire Police,-1.010243,54.232952,On or near Sports/Recreation Area,E01027800,Ryedale 003D,Criminal damage and arson,Investigation complete; no suspect identified,
f98bd80aeac24a7eaab52b038e001df00ac4e42f7a4fe81c5bfcabfe88ce69dd,2019-03,North Yorkshire Police,North Yorkshire Police,-1.043065,54.204141,On or near Oswaldkirk Bank,E01027800,Ryedale 003D,Other theft,Investigation complete; no suspect identified,
eb6b1d3a7628e0880c8125fbf18e5ea316793c0889e6b6a8f72750c1c056ac8c,2019-03,North Yorkshire Police,North Yorkshire Police,-1.016139,54.205012,On or near Lack Lane,E01027800,Ryedale 003D,Public order,Under investigation,
5b83dbe4863901ad02fddae2c533b9578c0c3b53316628920aee84dfbb8b9792,2019-03,North Yorkshire Police,North Yorkshire Police,-0.848533,54.258560,On or near Sinnington Cliff Road,E01027800,Ryedale 003D,Violence and sexual offences,Under investigation,
cf71d18b3807a3df1411a8f1e5eeca59e7c677da628830498d5a67a12a48914e,2019-03,North Yorkshire Police,North Yorkshire Police,-0.955043,54.206852,On or near Park/Open Space,E01027800,Ryedale 003D,Violence and sexual offences,Under investigation,
0ab773059cbda32436fa7e5baf29ea5b3492c6dfda4632d329cce1f8eebf89cc,2019-03,North Yorkshire Police,North Yorkshire Police,-1.047562,54.201948,On or near St Oswald'S Close,E01027800,Ryedale 003D,Violence and sexual offences,Under investigation,
4cc8d9f3061d5e0c9da674d4b0374582aa1f274d122153d2a5c93bc7b903732f,2019-03,North Yorkshire Police,North Yorkshire Police,-0.717517,54.098786,On or near B1248,E01027779,Ryedale 004A,Criminal damage and arson,Unable to prosecute suspect,
d6510319b905f1530463fc4b9970d5add871ec3da49242b882f463eca715d1a8,2019-03,North Yorkshire Police,North Yorkshire Police,-0.747604,54.142741,On or near A64,E01027779,Ryedale 004A,Criminal damage and arson,Investigation complete; no suspect identified,
1b35f603cbe8788c8069f3b9c57e3cb716f031b0065634f74a61fc1414743967,2019-03,North Yorkshire Police,North Yorkshire Police,-0.747604,54.142741,On or near A64,E01027779,Ryedale 004A,Public order,Investigation complete; no suspect identified,
,2019-03,North Yorkshire Police,North Yorkshire Police,-0.666740,54.176648,On or near Poplars Lane,E01027796,Ryedale 004B,Anti-social behaviour,,
,2019-03,North Yorkshire Police,North Yorkshire Police,-0.695559,54.159625,On or near Manor View,E01027796,Ryedale 004B,Anti-social behaviour,,
,2019-03,North Yorkshire Police,North Yorkshire Police,-0.605942,54.171259,On or near Church Street,E01027796,Ryedale 004B,Anti-social behaviour,,
,2019-03,North Yorkshire Police,North Yorkshire Police,-0.694153,54.157093,On or near High Street,E01027796,Ryedale 004B,Anti-social behaviour,,
,2019-03,North Yorkshire Police,North Yorkshire Police,-0.694153,54.157093,On or near High Street,E01027796,Ryedale 004B,Anti-social behaviour,,
2cefabbf91922c0b2d6357b7e27fd02ed468e7f1a32735778fa340623451a9a2,2019-03,North Yorkshire Police,North Yorkshire Police,-0.666740,54.176648,On or near Poplars Lane,E01027796,Ryedale 004B,Criminal damage and arson,Investigation complete; no suspect identified,
f0fa9cb47e5916fe9f4b4e549eaa7dba433dac7d01fad407134464df429d5fc2,2019-03,North Yorkshire Police,North Yorkshire Police,-0.667311,54.165086,On or near Parking Area,E01027796,Ryedale 004B,Other theft,Investigation complete; no suspect identified,
1c30cf8d052418b3fc4fac7ffc53964f6ab41e148ab47b011e94717f58d8310e,2019-03,North Yorkshire Police,North Yorkshire Police,-0.695559,54.159625,On or near Manor View,E01027796,Ryedale 004B,Other theft,Investigation complete; no suspect identified,
44af871699446a3ef142e3f3542595716008476d828e41fea8d352ab195a101b,2019-03,North Yorkshire Police,North Yorkshire Police,-0.692433,54.158701,On or near St Andrews Court,E01027796,Ryedale 004B,Other theft,Investigation complete; no suspect identified,
6a869fe8b7b825b4d38f66e5cde5c36ea047364196d4dd94a87fa477ee469d04,2019-03,North Yorkshire Police,North Yorkshire Police,-0.694153,54.157093,On or near High Street,E01027796,Ryedale 004B,Violence and sexual offences,Under investigation,
d1fceb52ef2e8c55b61e7ef0f648e2632aa2948a80822477c7074a36b89e2a11,2019-03,North Yorkshire Police,North Yorkshire Police,-0.692433,54.158701,On or near St Andrews Court,E01027796,Ryedale 004B,Violence and sexual offences,Under investigation,
,2019-03,North Yorkshire Police,North Yorkshire Police,-0.430263,54.200179,On or near A1039,E01027798,Ryedale 004C,Anti-social behaviour,,
52723d44dba184f59ea9b83fdbb374662fcd9a4b6e1bb6f02c74979753e8dd2a,2019-03,North Yorkshire Police,North Yorkshire Police,-0.533667,54.177231,On or near The Pastures,E01027798,Ryedale 004C,Criminal damage and arson,Under investigation,
395247aaa337cc449a921216b2d69ac6195c7aebb8f8071f515b95cc68fff076,2019-03,North Yorkshire Police,North Yorkshire Police,-0.430263,54.200179,On or near A1039,E01027798,Ryedale 004C,Other theft,Under investigation,
7a321f982b70336275cdebe206d987afcda18bbde9eead2e6a1ac2eb3153a7e7,2019-03,North Yorkshire Police,North Yorkshire Police,-0.486293,54.184753,On or near Main Street,E01027798,Ryedale 004C,Public order,Under investigation,
1a3564833e80f288ce22a35e65bdadb6f1a98a24edc7b700df36ee10dd274d1e,2019-03,North Yorkshire Police,North Yorkshire Police,-0.439817,54.198056,On or near Old Malton Road,E01027798,Ryedale 004C,Violence and sexual offences,Unable to prosecute suspect,
,2019-03,North Yorkshire Police,North Yorkshire Police,-0.601670,54.103473,On or near Low Road,E01027803,Ryedale 004D,Anti-social behaviour,,
,2019-03,North Yorkshire Police,North Yorkshire Police,-0.661984,54.094694,On or near Cupid'S Alley,E01027803,Ryedale 004D,Anti-social behaviour,,
695639692e98be3d50bcfc71c86ab82545f9a36863dea251b8b973327b67ece4,2019-03,North Yorkshire Police,North Yorkshire Police,-0.554909,54.111999,On or near Park Lane,E01027803,Ryedale 004D,Burglary,Investigation complete; no suspect identified,
b7e65956fd76a87401ebc77ce4641a585359e78b149131e126e8c0aac8cd7532,2019-03,North Yorkshire Police,North Yorkshire Police,-0.661984,54.094694,On or near Cupid'S Alley,E01027803,Ryedale 004D,Burglary,Under investigation,
bccd0b1e525bf6d1bad888b62ef6d544b2fc45c2a628f8abb9d7f265a0c19883,2019-03,North Yorkshire Police,North Yorkshire Police,-0.533825,54.122503,On or near Main Road,E01027803,Ryedale 004D,Violence and sexual offences,Under investigation,
ff6313d8477fa0d12854d88d3a9bf2b5c6b02ddcfd6d3266c3c9bc7bc2975f84,2019-03,North Yorkshire Police,North Yorkshire Police,-0.533825,54.122503,On or near Main Road,E01027803,Ryedale 004D,Violence and sexual offences,Under investigation,
50cb00fea22b78b53858298b46d385957f9c770d0a876f1158b7ea60a50af610,2019-03,North Yorkshire Police,North Yorkshire Police,-0.601670,54.103473,On or near Low Road,E01027803,Ryedale 004D,Violence and sexual offences,Under investigation,
,2019-03,North Yorkshire Police,North Yorkshire Police,-0.807001,54.204525,On or near Shire Grove,E01027774,Ryedale 007A,Anti-social behaviour,,
,2019-03,North Yorkshire Police,North Yorkshire Police,-0.849115,54.149389,On or near Eastfield,E01027774,Ryedale 007A,Anti-social behaviour,,
6bfc749d023d098ad11766a0145d884536ff673c8ef3b7dd0e0288fd0d92cc7f,2019-03,North Yorkshire Police,North Yorkshire Police,-0.807145,54.209083,On or near Park/Open Space,E01027774,Ryedale 007A,Criminal damage and arson,Under investigation,
dd7681aaf34555c69b61491ee1e45d5dd141f87ceaf2918cfffa974b017400bf,2019-03,North Yorkshire Police,North Yorkshire Police,-0.808004,54.205883,On or near Theme/Adventure Park,E01027774,Ryedale 007A,Other theft,Under investigation,
de39527830903acb3e98060264aadd6e14cd9f7168b83ed97824934b3c97ae81,2019-03,North Yorkshire Police,North Yorkshire Police,-0.840597,54.150674,On or near Cherry Avenue,E01027774,Ryedale 007A,Public order,Under investigation,
576890bfe876988bbc2b9804f100e710e4b118f0c52f9ddaba5d59bb4c9dcc37,2019-03,North Yorkshire Police,North Yorkshire Police,-0.806236,54.202351,On or near Harding'S Yard,E01027774,Ryedale 007A,Violence and sexual offences,Under investigation,
ee61867d2ae8a618f152c6a9b140fc094e0ecca188b7d64a3554514eb5b021b4,2019-03,North Yorkshire Police,North Yorkshire Police,-0.806236,54.202351,On or near Harding'S Yard,E01027774,Ryedale 007A,Violence and sexual offences,Unable to prosecute suspect,
,2019-03,North Yorkshire Police,North Yorkshire Police,-0.897838,54.101948,On or near Church Lane,E01027778,Ryedale 007B,Anti-social behaviour,,
,2019-03,North Yorkshire Police,North Yorkshire Police,-0.816644,54.126703,On or near Riccal Drive,E01027778,Ryedale 007B,Anti-social behaviour,,
d7cc1281f199a0f295f6bcf391abc972e78277c76017616ce4c73dd11d97554c,2019-03,North Yorkshire Police,North Yorkshire Police,-0.883389,54.094993,On or near Holmes Crescent,E01027778,Ryedale 007B,Other theft,Under investigation,
2c7c46873e13193e188114a602cf8dbdcf0bef4c69e743acb1e5c44bb8477eea,2019-03,North Yorkshire Police,North Yorkshire Police,-0.814711,54.126334,On or near Derwent Road,E01027778,Ryedale 007B,Vehicle crime,Investigation complete; no suspect identified,
22f67ef724ea9363888b61d0ab1f933f093fac3b8a8e0106fa758826ac56b585,2019-03,North Yorkshire Police,North Yorkshire Police,-0.869943,54.101968,On or near Parking Area,E01027778,Ryedale 007B,Violence and sexual offences,Under investigation,
46ad80a9208f87e31edd4faa65c789840b549869f84b18a924da9b9dbc42f2ef,2019-03,North Yorkshire Police,North Yorkshire Police,-0.834650,54.099609,On or near Water Lane,E01027778,Ryedale 007B,Other crime,Under investigation,
436aeb31a6cfd30be74b9dbfb96861d7a809fdaee3b9121892c43cb3f9eb18b4,2019-03,North Yorkshire Police,North Yorkshire Police,-0.896426,54.157427,On or near High Street,E01027782,Ryedale 007C,Other theft,Investigation complete; no suspect identified,
ad7329b1a4365f92b7cd54669936acafca2b3f440db5f8157637c7a968c8195b,2019-03,North Yorkshire Police,North Yorkshire Police,-0.973648,54.127937,On or near Church Lane,E01027782,Ryedale 007C,Violence and sexual offences,Unable to prosecute suspect,
c2e5db83ee9650ce798bd2ff27e4e24adb7a70021fb61c3a350ffa568df21803,2019-03,North Yorkshire Police,North Yorkshire Police,-0.964528,54.004445,On or near Park/Open Space,E01027797,Ryedale 007D,Criminal damage and arson,Investigation complete; no suspect identified,
7a830f4e3903df849ce147a9870528a8a173a4c6a4f600ae16ce6dfdd0ee4e4d,2019-03,North Yorkshire Police,North Yorkshire Police,-0.965203,54.024620,On or near Parking Area,E01027797,Ryedale 007D,Other theft,Under investigation,
84495e0605a420deffd13ffde9fe4075892a87cf358a084f9a5db872cd2a372a,2019-03,North Yorkshire Police,North Yorkshire Police,-0.937637,53.992741,On or near Park/Open Space,E01027797,Ryedale 007D,Other theft,Investigation complete; no suspect identified,
609ee136dfd7d10c723274e781fc55a53ee32b03015d5e435c1b9824800cd690,2019-03,North Yorkshire Police,North Yorkshire Police,-0.971615,53.991149,On or near Sports/Recreation Area,E01027797,Ryedale 007D,Public order,Under investigation,
d2ff759c8d0f0037b9ce78a30d980413d8091a57d52fcd07873a58d680971d59,2019-03,North Yorkshire Police,North Yorkshire Police,-0.899746,54.083028,On or near Sports/Recreation Area,E01027797,Ryedale 007D,Violence and sexual offences,Under investigation,
c963a3e55a7c7c5c68621c051838d590b35927960a0cba78fc64ee7087af9a0d,2019-03,North Yorkshire Police,North Yorkshire Police,-1.008606,54.090517,On or near Terrington View,E01027799,Ryedale 007E,Burglary,Investigation complete; no suspect identified,
b322c0e1e4935a43500ed1f4d10c9bca91b55914a3f2bb9c1760890f1ab1d851,2019-03,North Yorkshire Police,North Yorkshire Police,-0.957300,54.076907,On or near Low Street,E01027799,Ryedale 007E,Other theft,Investigation complete; no suspect identified,
f342c6d71a84b3d27f1a42fcb8b93e965aafb185236b08a81cafe5bf22e2a2d0,2019-03,North Yorkshire Police,North Yorkshire Police,-0.997867,54.088864,On or near East End,E01027799,Ryedale 007E,Violence and sexual offences,Under investigation,
,2019-03,North Yorkshire Police,North Yorkshire Police,-0.799168,54.138871,On or near Smithson Court,E01027785,Ryedale 008A,Anti-social behaviour,,
,2019-03,North Yorkshire Police,North Yorkshire Police,-0.799060,54.136245,On or near Newgate,E01027785,Ryedale 008A,Anti-social behaviour,,
,2019-03,North Yorkshire Police,North Yorkshire Police,-0.794593,54.134610,On or near Church Hill,E01027785,Ryedale 008A,Anti-social behaviour,,
,2019-03,North Yorkshire Police,North Yorkshire Police,-0.799812,54.134590,On or near Market Street,E01027785,Ryedale 008A,Anti-social behaviour,,
,2019-03,North Yorkshire Police,North Yorkshire Police,-0.798255,54.134476,On or near Shopping Area,E01027785,Ryedale 008A,Anti-social behaviour,,
,2019-03,North Yorkshire Police,North Yorkshire Police,-0.801448,54.139424,On or near Petrol Station,E01027785,Ryedale 008A,Anti-social behaviour,,
,2019-03,North Yorkshire Police,North Yorkshire Police,-0.798255,54.134476,On or near Shopping Area,E01027785,Ryedale 008A,Anti-social behaviour,,
,2019-03,North Yorkshire Police,North Yorkshire Police,-0.801448,54.139424,On or near Petrol Station,E01027785,Ryedale 008A,Anti-social behaviour,,
,2019-03,North Yorkshire Police,North Yorkshire Police,-0.797520,54.135520,On or near St Michael Street,E01027785,Ryedale 008A,Anti-social behaviour,,
,2019-03,North Yorkshire Police,North Yorkshire Police,-0.799168,54.138871,On or near Smithson Court,E01027785,Ryedale 008A,Anti-social behaviour,,
,2019-03,North Yorkshire Police,North Yorkshire Police,-0.795220,54.142516,On or near Hudson Close,E01027785,Ryedale 008A,Anti-social behaviour,,
abe15195cf8189ef7cb89a560a2bfa7394bc60795b50d8e22279ce8986a98ef5,2019-03,North Yorkshire Police,North Yorkshire Police,-0.797263,54.134879,On or near Chapel Lane,E01027785,Ryedale 008A,Bicycle theft,Investigation complete; no suspect identified,
b1a1b398d34618685bdff86c16cdfef26a5ed5ba352318f963d972ee07ad2679,2019-03,North Yorkshire Police,North Yorkshire Police,-0.794297,54.139514,On or near Holgate Close,E01027785,Ryedale 008A,Bicycle theft,Investigation complete; no suspect identified,
f821be30c125c6d28c06555a7b82bd0a5b714b47ce185c48069cb70a5a8c7308,2019-03,North Yorkshire Police,North Yorkshire Police,-0.796986,54.133888,On or near Railway Street,E01027785,Ryedale 008A,Burglary,Investigation complete; no suspect identified,
12fd996cf42079cccb052ae1249a991d22467d31c322e12caf092a2e06cb2895,2019-03,North Yorkshire Police,North Yorkshire Police,-0.798255,54.134476,On or near Shopping Area,E01027785,Ryedale 008A,Criminal damage and arson,Under investigation,
151c9c9dc5c93db0ada2502c30811d51d4faa5ac957d71a476744cfe4ea1ee91,2019-03,North Yorkshire Police,North Yorkshire Police,-0.797520,54.135520,On or near St Michael Street,E01027785,Ryedale 008A,Criminal damage and arson,Investigation complete; no suspect identified,
89fc9338292c8b8d1aae77aff34523cb91d2d9d6558e509bbb47d41d1c9b3b80,2019-03,North Yorkshire Police,North Yorkshire Police,-0.795284,54.141897,On or near Winthropp Close,E01027785,Ryedale 008A,Other theft,Investigation complete; no suspect identified,
da53978be16a35d087a5fd46dc6c9e08722f8dc2174cfa8e2d8c4b517ad7f6e9,2019-03,North Yorkshire Police,North Yorkshire Police,-0.796642,54.134145,On or near Wells Lane,E01027785,Ryedale 008A,Other theft,Under investigation,
6e7551491396a35b2252021fcdc5b6ad10fa7c223a24bbbc97fd62545544e6f2,2019-03,North Yorkshire Police,North Yorkshire Police,-0.790318,54.133722,On or near Sheepfoot Hill,E01027785,Ryedale 008A,Other theft,Investigation complete; no suspect identified,
36046687a6d4658ce08545f2f0eccc7ddf7e5f7ca89a37b62d8e6e4767da14b1,2019-03,North Yorkshire Police,North Yorkshire Police,-0.797263,54.134879,On or near Chapel Lane,E01027785,Ryedale 008A,Public order,Under investigation,
693f786345b1558a9817b5a8741371d771f8c9470b1e29526bde2a069a79c130,2019-03,North Yorkshire Police,North Yorkshire Police,-0.797520,54.135520,On or near St Michael Street,E01027785,Ryedale 008A,Public order,Under investigation,
30063b42f7af8105aab2527c561fddc859584cbf311975dcf75dddfcdf879a53,2019-03,North Yorkshire Police,North Yorkshire Police,-0.798785,54.134643,On or near Shopping Area,E01027785,Ryedale 008A,Public order,Offender given community sentence,
e12585286330dcd7a29f4747bebd86b4b5c8ef0786d8637bd5c55aeab64eb3f7,2019-03,North Yorkshire Police,North Yorkshire Police,-0.796642,54.134145,On or near Wells Lane,E01027785,Ryedale 008A,Shoplifting,Under investigation,
b3699fa4bfd2df89cfede926af9ed24f2813990283c08c4923430a2d5754fedb,2019-03,North Yorkshire Police,North Yorkshire Police,-0.797520,54.135520,On or near St Michael Street,E01027785,Ryedale 008A,Shoplifting,Investigation complete; no suspect identified,
0e2f7642c518ded965db6fd27dc7cc9e7b68882e13e70c39e4751a2c190ff3c7,2019-03,North Yorkshire Police,North Yorkshire Police,-0.796642,54.134145,On or near Wells Lane,E01027785,Ryedale 008A,Shoplifting,Under investigation,
62466a995938aade6009ee550a2499b04d81973882ca4024f562bf755802f8cc,2019-03,North Yorkshire Police,North Yorkshire Police,-0.797375,54.136822,On or near Paul'S Row,E01027785,Ryedale 008A,Vehicle crime,Unable to prosecute suspect,
e79442e093892a7e346783e67c6c172bb0e1a88dcaf4a93397273f9901540937,2019-03,North Yorkshire Police,North Yorkshire Police,-0.792129,54.139843,On or near Burke Road,E01027785,Ryedale 008A,Violence and sexual offences,Unable to prosecute suspect,
e7713ebbde3f62990f0a5ae73a91131e05d6a9f41f19636f805b5eacf614548e,2019-03,North Yorkshire Police,North Yorkshire Police,-0.790318,54.133722,On or near Sheepfoot Hill,E01027785,Ryedale 008A,Violence and sexual offences,Under investigation,
595c5365829f612548abffb21bf0a112e4b32b8e0484540cd4b5c9c39a853aa7,2019-03,North Yorkshire Police,North Yorkshire Police,-0.790318,54.133722,On or near Sheepfoot Hill,E01027785,Ryedale 008A,Violence and sexual offences,Under investigation,
a2e472f2a289ef885e0c580b7cdb3de79997a948b21b1dd7e1bd1dd656f89cd3,2019-03,North Yorkshire Police,North Yorkshire Police,-0.796986,54.133888,On or near Railway Street,E01027785,Ryedale 008A,Violence and sexual offences,Under investigation,
fbed712e4ec72892e9a7bc11b7346f508064ca56bb9bde7c20b0ec806195471d,2019-03,North Yorkshire Police,North Yorkshire Police,-0.796642,54.134145,On or near Wells Lane,E01027785,Ryedale 008A,Violence and sexual offences,Under investigation,
00e55081c7050ab75e759965f893d08f1836f5d1449a140589196c08d013e063,2019-03,North Yorkshire Police,North Yorkshire Police,-0.790318,54.133722,On or near Sheepfoot Hill,E01027785,Ryedale 008A,Violence and sexual offences,Under investigation,
554c125d3de20740e2a8df9787d888a5d72c651514a7916da36069ec7dcfe3ef,2019-03,North Yorkshire Police,North Yorkshire Police,-0.798309,54.136283,On or near Finkle Street,E01027785,Ryedale 008A,Violence and sexual offences,Under investigation,
f6a7bac8b4f1706767c345526c21dff655e0cf66963ed6ad72f3f8af033f67a5,2019-03,North Yorkshire Police,North Yorkshire Police,-0.797263,54.134879,On or near Chapel Lane,E01027785,Ryedale 008A,Violence and sexual offences,Offender given community sentence,
,2019-03,North Yorkshire Police,North Yorkshire Police,-0.813186,54.127766,On or near Seph Way,E01027786,Ryedale 008B,Anti-social behaviour,,
,2019-03,North Yorkshire Police,North Yorkshire Police,-0.810185,54.137416,On or near Middlecave Drive,E01027786,Ryedale 008B,Anti-social behaviour,,
,2019-03,North Yorkshire Police,North Yorkshire Police,-0.818451,54.136877,On or near Parking Area,E01027786,Ryedale 008B,Anti-social behaviour,,
,2019-03,North Yorkshire Police,North Yorkshire Police,-0.806129,54.139003,On or near Folliott Ward Close,E01027786,Ryedale 008B,Anti-social behaviour,,
,2019-03,North Yorkshire Police,North Yorkshire Police,-0.811518,54.136315,On or near Castle Howard Drive,E01027786,Ryedale 008B,Anti-social behaviour,,
9ad89cd9ca55265c02575d75915b78d9e9a55cc31eeebe02526a3eb02ae98130,2019-03,North Yorkshire Police,North Yorkshire Police,-0.808738,54.136629,On or near Maiden Greve,E01027786,Ryedale 008B,Criminal damage and arson,Under investigation,
b975feec996864ff04902d80534250e6553bd5ee1d81784cfe8a550539a35b0a,2019-03,North Yorkshire Police,North Yorkshire Police,-0.802032,54.138288,On or near Mount Crescent,E01027786,Ryedale 008B,Other theft,Under investigation,
c49b6d3fd6c107631c341d6b6b521b117824dc070c5b3147e17e30fb9b96b547,2019-03,North Yorkshire Police,North Yorkshire Police,-0.805193,54.134850,On or near Russett Road,E01027786,Ryedale 008B,Public order,Under investigation,
5185808eee0f66a9752149695852e460709706654bc9f6040591f62ca89e78dd,2019-03,North Yorkshire Police,North Yorkshire Police,-0.799940,54.137602,On or near Newbiggin,E01027786,Ryedale 008B,Violence and sexual offences,Under investigation,
e8c9572ee70e2617c5914054317ea70b35e84c772f4904d3e2ae5b7753ab4c9d,2019-03,North Yorkshire Police,North Yorkshire Police,-0.802032,54.138288,On or near Mount Crescent,E01027786,Ryedale 008B,Violence and sexual offences,Unable to prosecute suspect,
f341f0a312b3edce0cf96a9c7d3b339401f7ecb81fcdde948e7128b929b5ba21,2019-03,North Yorkshire Police,North Yorkshire Police,-0.798316,54.136570,On or near Shopping Area,E01027786,Ryedale 008B,Violence and sexual offences,Under investigation,
,2019-03,North Yorkshire Police,North Yorkshire Police,-0.790331,54.137982,On or near Police Station,E01027787,Ryedale 008C,Anti-social behaviour,,
,2019-03,North Yorkshire Police,North Yorkshire Police,-0.790836,54.142203,On or near Sycamore Avenue,E01027787,Ryedale 008C,Anti-social behaviour,,
,2019-03,North Yorkshire Police,North Yorkshire Police,-0.801610,54.143910,On or near Outgang Road,E01027787,Ryedale 008C,Anti-social behaviour,,
4e7857dc67ce5f03776b98701875e1348f7d0d696313d61c5061bf19c3a117a2,2019-03,North Yorkshire Police,North Yorkshire Police,-0.810743,54.141988,On or near Broughton Road,E01027787,Ryedale 008C,Bicycle theft,Investigation complete; no suspect identified,
0c063ad58dca45636507aa1389c3f7142867d8dab7d33902df4632900b48ecc5,2019-03,North Yorkshire Police,North Yorkshire Police,-0.789031,54.143713,On or near Almond Tree Avenue,E01027787,Ryedale 008C,Criminal damage and arson,Investigation complete; no suspect identified,
f0d86a0615ba924ca117848a17cec8ff1595002f7d16ac11a6986bf6154db66d,2019-03,North Yorkshire Police,North Yorkshire Police,-0.789907,54.142032,On or near Lime Tree Avenue,E01027787,Ryedale 008C,Other theft,Investigation complete; no suspect identified,
9a849673be9f218f75d30616823ea45e9a8c75df1417d07f267dc68cfe88995b,2019-03,North Yorkshire Police,North Yorkshire Police,-0.791715,54.141969,On or near Birch Avenue,E01027787,Ryedale 008C,Public order,Under investigation,
dcfb171f18a0c5e9b4fe3f94d4ec94c904810c087b31531157752db44b16ab0f,2019-03,North Yorkshire Police,North Yorkshire Police,-0.789417,54.141497,On or near Highfield Road,E01027787,Ryedale 008C,Shoplifting,Under investigation,
979fc68df10cf8b1ddc091a64bd68af59a83229191b4da6a9d3c5155ccfb6cf1,2019-03,North Yorkshire Police,North Yorkshire Police,-0.780487,54.145847,On or near Westfold,E01027787,Ryedale 008C,Violence and sexual offences,Under investigation,
906f6a83f208efe00ced9efb07b57f217af8294b0e4bac80f228196fdb8962a5,2019-03,North Yorkshire Police,North Yorkshire Police,-0.780487,54.145847,On or near Westfold,E01027787,Ryedale 008C,Violence and sexual offences,Court case unable to proceed,
e4a49dc9f5a6e2df57f1468ca84bc4ce236614f6e9d2b2b33e1d3a416a812c65,2019-03,North Yorkshire Police,North Yorkshire Police,-0.794486,54.144073,On or near Fitzjohn Close,E01027787,Ryedale 008C,Violence and sexual offences,Under investigation,
94c0fdd6ac7226a76b14fbe561d99f88d86b107ee7c1fc51c704fc7e72735920,2019-03,North Yorkshire Police,North Yorkshire Police,-0.789031,54.143713,On or near Almond Tree Avenue,E01027787,Ryedale 008C,Violence and sexual offences,Under investigation,
e8e53f8aa1134a6cb14e84d5cb9f8cc4576556286b383ff1690e90969874a192,2019-03,North Yorkshire Police,North Yorkshire Police,-0.787941,54.142767,On or near Hawthorn Avenue,E01027787,Ryedale 008C,Violence and sexual offences,Under investigation,
302c611a9967e65754d5554f14155fbe644a05950a91a5264c4766659bb1e81a,2019-03,North Yorkshire Police,North Yorkshire Police,-0.789031,54.143713,On or near Almond Tree Avenue,E01027787,Ryedale 008C,Violence and sexual offences,Under investigation,
,2019-03,North Yorkshire Police,North Yorkshire Police,-0.775951,54.124714,On or near Ryedale Close,E01027788,Ryedale 008D,Anti-social behaviour,,
,2019-03,North Yorkshire Police,North Yorkshire Police,-0.775951,54.124714,On or near Ryedale Close,E01027788,Ryedale 008D,Anti-social behaviour,,
,2019-03,North Yorkshire Police,North Yorkshire Police,-0.777341,54.126355,On or near Hambleton Road,E01027788,Ryedale 008D,Anti-social behaviour,,
ac0951ed292690d39765c62eff63d01cc29e23d164728fcb89703b5b72ed5c3a,2019-03,North Yorkshire Police,North Yorkshire Police,-0.775951,54.124714,On or near Ryedale Close,E01027788,Ryedale 008D,Criminal damage and arson,Unable to prosecute suspect,
7b72e49084b4d23c7882106f7950cec34c35d00cc0ceb84b8c757f1f940cbeaf,2019-03,North Yorkshire Police,North Yorkshire Police,-0.780856,54.128602,On or near Howe Road,E01027788,Ryedale 008D,Other theft,Investigation complete; no suspect identified,
3f53142afcc008c15d0df43dd346291e44c03a922930047c3b9e8f59bd152356,2019-03,North Yorkshire Police,North Yorkshire Police,-0.782185,54.129227,On or near Jesmond Court,E01027788,Ryedale 008D,Violence and sexual offences,Under investigation,
57d972fc15e143f194d48f75598ae925032521a511a0b12dea67fc26134ebce2,2019-03,North Yorkshire Police,North Yorkshire Police,-0.782185,54.129227,On or near Jesmond Court,E01027788,Ryedale 008D,Violence and sexual offences,Under investigation,
,2019-03,North Yorkshire Police,North Yorkshire Police,-0.778647,54.129820,On or near Dean Road,E01027789,Ryedale 008E,Anti-social behaviour,,
,2019-03,North Yorkshire Police,North Yorkshire Police,-0.773311,54.135347,On or near Brindle Way,E01027789,Ryedale 008E,Anti-social behaviour,,
,2019-03,North Yorkshire Police,North Yorkshire Police,-0.774364,54.134954,On or near Fletton Road,E01027789,Ryedale 008E,Anti-social behaviour,,
a2a4f987ef67d51440d9415cedd7689e79fe127284319c904cda8ce36279409d,2019-03,North Yorkshire Police,North Yorkshire Police,-0.777321,54.134831,On or near Arbour Way,E01027789,Ryedale 008E,Burglary,Investigation complete; no suspect identified,
7a48d6f56ab263759a5021e3925d767dc6652100d655b3b891050603b034189a,2019-03,North Yorkshire Police,North Yorkshire Police,-0.777321,54.134831,On or near Arbour Way,E01027789,Ryedale 008E,Criminal damage and arson,Under investigation,
23304527bd17f58dc7e31a363677bdfa041fb81e76ce6cdfac0bcfdea72a18de,2019-03,North Yorkshire Police,North Yorkshire Police,-0.774337,54.134288,On or near Wealdon Court,E01027789,Ryedale 008E,Criminal damage and arson,Investigation complete; no suspect identified,
59c5ded73d36af98b83c3077f3a3ad09e7b6c7b8f88011a8aeb263b958bdf300,2019-03,North Yorkshire Police,North Yorkshire Police,-0.775863,54.128749,On or near Wayfarings Close,E01027789,Ryedale 008E,Criminal damage and arson,Under investigation,
518402ab2136dc5e407c8d3f48b671fc5a6da2e359c2f20e859de541ccee9a7b,2019-03,North Yorkshire Police,North Yorkshire Police,-0.775863,54.128749,On or near Wayfarings Close,E01027789,Ryedale 008E,Criminal damage and arson,Under investigation,
8c1ce5d61cff20b1caf8898c08aa1a7c250f0dc0de7e961879e5845d73372855,2019-03,North Yorkshire Police,North Yorkshire Police,-0.779402,54.131733,On or near North Road,E01027789,Ryedale 008E,Drugs,Under investigation,
5556c9bdb2fda2225bd02bdbbc5c45c37627e21740690d2e5fd8fd0622f21e87,2019-03,North Yorkshire Police,North Yorkshire Police,-0.772861,54.134525,On or near Stocks Close,E01027789,Ryedale 008E,Other theft,Investigation complete; no suspect identified,
e7882737b3ea85d518782ef5a2df1fed3c1b9f04be5f0b7f77dbbe83e7b832a4,2019-03,North Yorkshire Police,North Yorkshire Police,-0.777361,54.134526,On or near Bower Walk,E01027789,Ryedale 008E,Public order,Under investigation,
f5afda217737b2ce42d520390379723d423f71060c97b1ba382f0c170095ece3,2019-03,North Yorkshire Police,North Yorkshire Police,-0.774364,54.134954,On or near Fletton Road,E01027789,Ryedale 008E,Vehicle crime,Investigation complete; no suspect identified,
70ef1f5dd61f9fff8e91bf67a23f57734fa08e571274da2fb79ec44609963cfa,2019-03,North Yorkshire Police,North Yorkshire Police,-0.774364,54.134954,On or near Fletton Road,E01027789,Ryedale 008E,Violence and sexual offences,Under investigation,
6aa3e87e1d69949fc127b4b41bc06889dc4f75cb4521ce90bc4d01bb2dbaa796,2019-03,North Yorkshire Police,North Yorkshire Police,-0.777321,54.134831,On or near Arbour Way,E01027789,Ryedale 008E,Violence and sexual offences,Under investigation,
3057d59d4bb08b2c21bb56614b6ef7cf2004621e5af3628c5c63a947b5358c70,2019-03,North Yorkshire Police,North Yorkshire Police,-0.777321,54.134831,On or near Arbour Way,E01027789,Ryedale 008E,Violence and sexual offences,Under investigation,
fa4e28f601507e9956ec9ad2785f4b73ce7242010b48a361f928fa4a8534b409,2019-03,North Yorkshire Police,North Yorkshire Police,-0.777321,54.134831,On or near Arbour Way,E01027789,Ryedale 008E,Violence and sexual offences,Under investigation,
c28b4da9930dd7de31823dff8035e4be098f2b722cb71ba409516755382762d9,2019-03,North Yorkshire Police,North Yorkshire Police,-0.777653,54.130331,On or near Eastfield Road,E01027789,Ryedale 008E,Violence and sexual offences,Under investigation,
ae04a41f08fe2aeade06ede3eabcd922c07e891fbe7306500ed8166a0b36e0c0,2019-03,North Yorkshire Police,North Yorkshire Police,-0.779402,54.131733,On or near North Road,E01027789,Ryedale 008E,Violence and sexual offences,Under investigation,
6d7e8ee442231c61d544c04c91920a81a6edc42ae0418279993b7876b91bf3d1,2019-03,North Yorkshire Police,North Yorkshire Police,-0.774364,54.134954,On or near Fletton Road,E01027789,Ryedale 008E,Violence and sexual offences,Unable to prosecute suspect,
,2019-03,North Yorkshire Police,North Yorkshire Police,-0.799356,54.132392,On or near Riverside View,E01027790,Ryedale 008F,Anti-social behaviour,,
,2019-03,North Yorkshire Police,North Yorkshire Police,-0.785250,54.131163,On or near Grove Street,E01027790,Ryedale 008F,Anti-social behaviour,,
,2019-03,North Yorkshire Police,North Yorkshire Police,-0.797322,54.132848,On or near Railway Street,E01027790,Ryedale 008F,Anti-social behaviour,,
,2019-03,North Yorkshire Police,North Yorkshire Police,-0.787424,54.131662,On or near Wold Street,E01027790,Ryedale 008F,Anti-social behaviour,,
2997410b9e62a8b8ceb03b442d441dfa3092b333bcd52a95b2bb6251a7c394d2,2019-03,North Yorkshire Police,North Yorkshire Police,-0.787424,54.131662,On or near Wold Street,E01027790,Ryedale 008F,Bicycle theft,Investigation complete; no suspect identified,
3f8d54145bc1fad5fd81216ad8c7d31c766e37ad9526b3c628cb49fab5e78327,2019-03,North Yorkshire Police,North Yorkshire Police,-0.785250,54.131163,On or near Grove Street,E01027790,Ryedale 008F,Bicycle theft,Investigation complete; no suspect identified,
d4c0c19a6cbd8da5eafa67bbc417dd875cfe0aa22451262e9c52678e9324b15a,2019-03,North Yorkshire Police,North Yorkshire Police,-0.785260,54.132907,On or near Wallgates Lane,E01027790,Ryedale 008F,Burglary,Under investigation,
2792eb2afb7e37770f69b8aab0324b302eef12aa0f3cb677be7b843c92fa7e21,2019-03,North Yorkshire Police,North Yorkshire Police,-0.788158,54.129593,On or near St Peter Street,E01027790,Ryedale 008F,Criminal damage and arson,Investigation complete; no suspect identified,
105b67eca1fc783f897f41f1ad0e531b804dafd3d1e3ab8a55fe09d0fc063466,2019-03,North Yorkshire Police,North Yorkshire Police,-0.785260,54.132907,On or near Wallgates Lane,E01027790,Ryedale 008F,Criminal damage and arson,Offender given a caution,
0c169ffdacc9d6c8b8b28ad978f62368df63b5bdd2c1c7f6618450798ebb5e34,2019-03,North Yorkshire Police,North Yorkshire Police,-0.790718,54.132575,On or near Castlegate,E01027790,Ryedale 008F,Other theft,Investigation complete; no suspect identified,
9a339bde570a269bfcaba5c47ebd5c6692758eea4946655addc33a65ef002558,2019-03,North Yorkshire Police,North Yorkshire Police,-0.797322,54.132848,On or near Railway Street,E01027790,Ryedale 008F,Other theft,Formal action is not in the public interest,
db60a68e216bb0051cd4cf001b989c9d2c986fda7b3a2005fc5f53d764749782,2019-03,North Yorkshire Police,North Yorkshire Police,-0.795885,54.130147,On or near Park Road,E01027790,Ryedale 008F,Other theft,Investigation complete; no suspect identified,
b8ac77a4460c7863e5440a0c1e12a822fe72fde553da4cde01b19767d0cf09da,2019-03,North Yorkshire Police,North Yorkshire Police,-0.789521,54.132177,On or near Petrol Station,E01027790,Ryedale 008F,Other theft,Under investigation,
9b5e698a2ff21849f2c2cc2814d7dd1cd7898a1bc66fa0356a4e21f51c63d084,2019-03,North Yorkshire Police,North Yorkshire Police,-0.797322,54.132848,On or near Railway Street,E01027790,Ryedale 008F,Public order,Under investigation,
442848cc97a2a8fff8679672e23f07a3dba5db5c18c399b8974be03b8435e767,2019-03,North Yorkshire Police,North Yorkshire Police,-0.788158,54.129593,On or near St Peter Street,E01027790,Ryedale 008F,Robbery,Under investigation,
55b3e1a984dbdb4e0ab44ed9954ea991e235a5075a18fc9d30c8504563bf467f,2019-03,North Yorkshire Police,North Yorkshire Police,-0.797322,54.132848,On or near Railway Street,E01027790,Ryedale 008F,Violence and sexual offences,Unable to prosecute suspect,
9c43a8c13d04d4fc920f947aa0c27745fcf36a2cd87a8fe522ba106c8d25c48b,2019-03,North Yorkshire Police,North Yorkshire Police,-0.798638,54.132340,On or near Station Way,E01027790,Ryedale 008F,Violence and sexual offences,Under investigation,
c3ddf40605e77b6ec3386c97fadd32a69fd8be14d7d38f42c4d9200791344d18,2019-03,North Yorkshire Police,North Yorkshire Police,-0.797322,54.132848,On or near Railway Street,E01027790,Ryedale 008F,Violence and sexual offences,Offender given a caution,
fc502563fec37172303b0f29711bc11e77530a15b7c474ca94df73010e9e7663,2019-03,North Yorkshire Police,North Yorkshire Police,-0.797322,54.132848,On or near Railway Street,E01027790,Ryedale 008F,Violence and sexual offences,Under investigation,
9092976a618b25d9a7c36bfc6765aaaeed906917798438a0299c2bf9f5238d9d,2019-03,North Yorkshire Police,North Yorkshire Police,-0.782976,54.132515,On or near Old Court Close,E01027790,Ryedale 008F,Violence and sexual offences,Under investigation,
d6160b7eabaf9c03d70de44d5e54cb935e66d2ca006feadfced67b3650c7d157,2019-03,North Yorkshire Police,North Yorkshire Police,-0.784092,54.132563,On or near Commercial Street,E01027790,Ryedale 008F,Other crime,Under investigation,
,2019-03,North Yorkshire Police,North Yorkshire Police,-0.782688,54.124594,On or near Field View,E01027791,Ryedale 008G,Anti-social behaviour,,
2d92d69092cc4141aad55e040ab5bf504cb7f87d6125336aa4f93828f8e30b2d,2019-03,North Yorkshire Police,North Yorkshire Police,-0.783297,54.126245,On or near The Chase,E01027791,Ryedale 008G,Other theft,Investigation complete; no suspect identified,
ff1e5b6a54e8a47b4c82e5c54061f917acaccca092efc447c1d0bb396601e54b,2019-03,North Yorkshire Police,North Yorkshire Police,-0.782688,54.124594,On or near Field View,E01027791,Ryedale 008G,Possession of weapons,Under investigation,
4f93935fbe18f09c3dd065b042fcce69d22f88b3a644198594aa99fe2501a5d7,2019-03,North Yorkshire Police,North Yorkshire Police,-0.790677,54.119812,On or near Race Track,E01027791,Ryedale 008G,Violence and sexual offences,Under investigation,
32ef16cde2bb8cf36eddf41a73741b9280e3d792fffe6f33e9cf7187781b54a1,2019-03,North Yorkshire Police,North Yorkshire Police,-0.790677,54.119812,On or near Race Track,E01027791,Ryedale 008G,Violence and sexual offences,Under investigation,
49ed50d82fdba6f53ead12c4b8a92f90ae46796785b00fd0cce2ff9c31cd0558,2019-03,North Yorkshire Police,North Yorkshire Police,-0.784276,54.127307,On or near Saddle Close,E01027791,Ryedale 008G,Violence and sexual offences,Under investigation,
c7e3d4dcd5a58e95df725c31207e3e48cb50d13e2e2dd06de06830703d6310b4,2019-03,North Yorkshire Police,North Yorkshire Police,-0.782688,54.124594,On or near Field View,E01027791,Ryedale 008G,Violence and sexual offences,Formal action is not in the public interest,
0b765484455e49539667794093f9308612e59254ee5f0e56c6c660ddfee546b2,2019-03,North Yorkshire Police,North Yorkshire Police,-0.790677,54.119812,On or near Race Track,E01027791,Ryedale 008G,Violence and sexual offences,Under investigation,
,2019-03,North Yorkshire Police,North Yorkshire Police,-0.630029,54.482519,On or near Dundas Gardens,E01027837,Scarborough 001A,Anti-social behaviour,,
,2019-03,North Yorkshire Police,North Yorkshire Police,-0.628432,54.486420,On or near Stakesby Road,E01027837,Scarborough 001A,Anti-social behaviour,,
,2019-03,North Yorkshire Police,North Yorkshire Police,-0.630029,54.482519,On or near Dundas Gardens,E01027837,Scarborough 001A,Anti-social behaviour,,
e9e854c51029a71e46a81e0942b41dd82bc3a52164f83976b5718c3c03c1b274,2019-03,North Yorkshire Police,North Yorkshire Police,-0.630029,54.482519,On or near Dundas Gardens,E01027837,Scarborough 001A,Public order,Unable to prosecute suspect,
898a779694994a7caf94ff725387844fc0bdccb8cc77b6cff5a80b15eb457d10,2019-03,North Yorkshire Police,North Yorkshire Police,-0.631074,54.487285,On or near East Way,E01027837,Scarborough 001A,Public order,Unable to prosecute suspect,
dc05db5710bdd64bd9a9834b2330836a1c996a2e68b7c303fa3a4efba9423283,2019-03,North Yorkshire Police,North Yorkshire Police,-0.630029,54.482519,On or near Dundas Gardens,E01027837,Scarborough 001A,Vehicle crime,Awaiting court outcome,
4e3ab955b327a930aba33d0c2ac4e4107a9dd42194a6070f9f8d5f78fe573346,2019-03,North Yorkshire Police,North Yorkshire Police,-0.630029,54.482519,On or near Dundas Gardens,E01027837,Scarborough 001A,Violence and sexual offences,Unable to prosecute suspect,
,2019-03,North Yorkshire Police,North Yorkshire Police,-0.638069,54.487697,On or near Highfield Road,E01027839,Scarborough 001B,Anti-social behaviour,,
4edd974a0fb8e1f9b62cb72fb8303bd6bdac2e894a95eb60f07dd10df0214e4c,2019-03,North Yorkshire Police,North Yorkshire Police,-0.636269,54.485645,On or near Castle Road,E01027839,Scarborough 001B,Criminal damage and arson,Investigation complete; no suspect identified,
25122448347d9df7525abe2df2a22c80b5601dbacf1ccc4a7cd342c4cc450bef,2019-03,North Yorkshire Police,North Yorkshire Police,-0.638069,54.487697,On or near Highfield Road,E01027839,Scarborough 001B,Criminal damage and arson,Under investigation,
9b39a44b975dd9777193564b3ab4789f5ac8ce6c73b6ecf62d5a6527b7fd8e1f,2019-03,North Yorkshire Police,North Yorkshire Police,-0.636257,54.486481,On or near Petrol Station,E01027839,Scarborough 001B,Other theft,Under investigation,
a627f0dab89a08fb80390c292ea4614901224f7f5bb83d3eeba87d6a7436504e,2019-03,North Yorkshire Police,North Yorkshire Police,-0.642195,54.484301,On or near Priory Drive,E01027839,Scarborough 001B,Violence and sexual offences,Unable to prosecute suspect,
4e02eaaed0203b82c974a75f1ac8f790e17b59949cc1231160b0b577cd7eff8f,2019-03,North Yorkshire Police,North Yorkshire Police,-0.634598,54.488548,On or near White Leys Road,E01027839,Scarborough 001B,Violence and sexual offences,Under investigation,
,2019-03,North Yorkshire Police,North Yorkshire Police,-0.616357,54.487441,On or near The Paddock,E01027869,Scarborough 001C,Anti-social behaviour,,
,2019-03,North Yorkshire Police,North Yorkshire Police,-0.620628,54.488973,On or near Church Square,E01027869,Scarborough 001C,Anti-social behaviour,,
,2019-03,North Yorkshire Police,North Yorkshire Police,-0.616259,54.489418,On or near East Terrace,E01027869,Scarborough 001C,Anti-social behaviour,,
,2019-03,North Yorkshire Police,North Yorkshire Police,-0.614049,54.487217,On or near St Ann'S Staith,E01027869,Scarborough 001C,Anti-social behaviour,,
,2019-03,North Yorkshire Police,North Yorkshire Police,-0.616507,54.487120,On or near Sports/Recreation Area,E01027869,Scarborough 001C,Anti-social behaviour,,
,2019-03,North Yorkshire Police,North Yorkshire Police,-0.614049,54.487217,On or near St Ann'S Staith,E01027869,Scarborough 001C,Anti-social behaviour,,
,2019-03,North Yorkshire Police,North Yorkshire Police,-0.620628,54.488973,On or near Church Square,E01027869,Scarborough 001C,Anti-social behaviour,,
,2019-03,North Yorkshire Police,North Yorkshire Police,-0.616357,54.487441,On or near The Paddock,E01027869,Scarborough 001C,Anti-social behaviour,,
5dc71f60f6268b0e58e9c51f67dba697f3cf7c3f814639011885ed1aad28e955,2019-03,North Yorkshire Police,North Yorkshire Police,-0.614049,54.487217,On or near St Ann'S Staith,E01027869,Scarborough 001C,Criminal damage and arson,Under investigation,
1d3ecd7df4c0f99ee7a0a11f657eadbb6c5229c3d38ab9a26e6185a42a1c9cb9,2019-03,North Yorkshire Police,North Yorkshire Police,-0.614049,54.487217,On or near St Ann'S Staith,E01027869,Scarborough 001C,Criminal damage and arson,Investigation complete; no suspect identified,
3b58c670610b49bfd4fae4e173cbb31797ae41c56e45fe09e311f59b9fcfce27,2019-03,North Yorkshire Police,North Yorkshire Police,-0.618906,54.488297,On or near John Street,E01027869,Scarborough 001C,Criminal damage and arson,Under investigation,
e7f50aa0ba980a9b1fceb92b64c0e9a55d1addbbcc9fe8659c32f2738c210fb7,2019-03,North Yorkshire Police,North Yorkshire Police,-0.620628,54.488973,On or near Church Square,E01027869,Scarborough 001C,Other theft,Under investigation,
708bf31355edff607181730f3c96411a1fcc2b6ca99afe5d880738d8d357d099,2019-03,North Yorkshire Police,North Yorkshire Police,-0.620628,54.488973,On or near Church Square,E01027869,Scarborough 001C,Other theft,Investigation complete; no suspect identified,
9647131df87c04a3db80b94efac1bfe954d0dca51207b42a642027b4d7a0ab75,2019-03,North Yorkshire Police,North Yorkshire Police,-0.618906,54.488297,On or near John Street,E01027869,Scarborough 001C,Other theft,Investigation complete; no suspect identified,
fecb22e469a1ab4e047eebbebd7cb284d6b87bc647fd27b9f2f895ca3b4546c3,2019-03,North Yorkshire Police,North Yorkshire Police,-0.620628,54.488973,On or near Church Square,E01027869,Scarborough 001C,Public order,Under investigation,
9abcb0a51e001ae77eac054b014befaecce06029cc518eecfa7f573b80f2c762,2019-03,North Yorkshire Police,North Yorkshire Police,-0.615186,54.487374,On or near Parking Area,E01027869,Scarborough 001C,Public order,Under investigation,
d6ab4b3e715229234a1176da39d80366ab8b79d3656ca7abd98e43048155ede5,2019-03,North Yorkshire Police,North Yorkshire Police,-0.614626,54.487970,On or near Theme/Adventure Park,E01027869,Scarborough 001C,Violence and sexual offences,Under investigation,
fdc29c2e55c373ccbf0ca9fb4402bf376775670170103aae134219f029d17983,2019-03,North Yorkshire Police,North Yorkshire Police,-0.614049,54.487217,On or near St Ann'S Staith,E01027869,Scarborough 001C,Violence and sexual offences,Unable to prosecute suspect,
f2456b6402c2d24352446db5f840e2916ee6bd2c8cabc4b0c2a00a8880e36c0a,2019-03,North Yorkshire Police,North Yorkshire Police,-0.614626,54.487970,On or near Theme/Adventure Park,E01027869,Scarborough 001C,Violence and sexual offences,Under investigation,
aa555f3226608448919453d8842852aed6f979db05746187e5be1e857b542f42,2019-03,North Yorkshire Police,North Yorkshire Police,-0.614049,54.487217,On or near St Ann'S Staith,E01027869,Scarborough 001C,Violence and sexual offences,Unable to prosecute suspect,
e8eaa7d2ce3ed4810db3a20925841b4231a31f14a54402602852171b818e48fe,2019-03,North Yorkshire Police,North Yorkshire Police,-0.614626,54.487970,On or near Theme/Adventure Park,E01027869,Scarborough 001C,Violence and sexual offences,Under investigation,
bbc159cfca06fe6c28b201edf3b9536eed139d748a399fbcb839b5f79a82d85d,2019-03,North Yorkshire Police,North Yorkshire Police,-0.614049,54.487217,On or near St Ann'S Staith,E01027869,Scarborough 001C,Violence and sexual offences,Under investigation,
867853204857f32d265c33a017504363dd6e6e58c01165941d0f940b4ba33e07,2019-03,North Yorkshire Police,North Yorkshire Police,-0.616507,54.487120,On or near Sports/Recreation Area,E01027869,Scarborough 001C,Violence and sexual offences,Under investigation,
14332a9fb01c2ea9acb5c19d9d8bcfa0538d06ea0e8ebfd1fc8656b0070fa04e,2019-03,North Yorkshire Police,North Yorkshire Police,-0.614626,54.487970,On or near Theme/Adventure Park,E01027869,Scarborough 001C,Violence and sexual offences,Under investigation,
,2019-03,North Yorkshire Police,North Yorkshire Police,-0.617300,54.486931,On or near Skinner Street,E01027870,Scarborough 001D,Anti-social behaviour,,
,2019-03,North Yorkshire Police,North Yorkshire Police,-0.615686,54.484450,On or near Police Station,E01027870,Scarborough 001D,Anti-social behaviour,,
,2019-03,North Yorkshire Police,North Yorkshire Police,-0.613550,54.485980,On or near New Quay Road,E01027870,Scarborough 001D,Anti-social behaviour,,
,2019-03,North Yorkshire Police,North Yorkshire Police,-0.613550,54.485980,On or near New Quay Road,E01027870,Scarborough 001D,Anti-social behaviour,,
,2019-03,North Yorkshire Police,North Yorkshire Police,-0.616354,54.485248,On or near Shopping Area,E01027870,Scarborough 001D,Anti-social behaviour,,
,2019-03,North Yorkshire Police,North Yorkshire Police,-0.616354,54.485248,On or near Shopping Area,E01027870,Scarborough 001D,Anti-social behaviour,,
,2019-03,North Yorkshire Police,North Yorkshire Police,-0.616354,54.485248,On or near Shopping Area,E01027870,Scarborough 001D,Anti-social behaviour,,
,2019-03,North Yorkshire Police,North Yorkshire Police,-0.616354,54.485248,On or near Shopping Area,E01027870,Scarborough 001D,Anti-social behaviour,,
,2019-03,North Yorkshire Police,North Yorkshire Police,-0.615594,54.485339,On or near Wellington Road,E01027870,Scarborough 001D,Anti-social behaviour,,
59e5b6bfc8892c245f544a48efa109840f60a72feec0b083989a8fbec7203723,2019-03,North Yorkshire Police,North Yorkshire Police,-0.616354,54.485248,On or near Shopping Area,E01027870,Scarborough 001D,Criminal damage and arson,Investigation complete; no suspect identified,
aa55aa727b9dab9abcf8e8fe6f413d830afeb72aa81069c6eae9792fe7e07c49,2019-03,North Yorkshire Police,North Yorkshire Police,-0.622590,54.486623,On or near Petrol Station,E01027870,Scarborough 001D,Drugs,Offender given community sentence,
8c77d0d56033fe46b29fd13c6a2ad50d15388aa0d69b5fc49c0c59be6e8c377f,2019-03,North Yorkshire Police,North Yorkshire Police,-0.617189,54.487487,On or near Clarkson Street,E01027870,Scarborough 001D,Other theft,Under investigation,
fadd554162f05611ff724b293f3fafdf9bb72db9b72bba34657bdd679445d8f8,2019-03,North Yorkshire Police,North Yorkshire Police,-0.615594,54.485339,On or near Wellington Road,E01027870,Scarborough 001D,Public order,Under investigation,
f373041b35cfbe227d46a2731b0eadb676f6cfcb4f0fa749e39c7330429d1544,2019-03,North Yorkshire Police,North Yorkshire Police,-0.619848,54.483257,On or near Pannett Way,E01027870,Scarborough 001D,Violence and sexual offences,Under investigation,
317a606f33bd28ca95b94c9463bdec60ae18051ae58a946a3095e7ad92a151a9,2019-03,North Yorkshire Police,North Yorkshire Police,-0.613550,54.485980,On or near New Quay Road,E01027870,Scarborough 001D,Violence and sexual offences,Unable to prosecute suspect,
85e1bec3353e0c7ec63f95685ce29ee1eeab383e8231bbab56de511bf4be653f,2019-03,North Yorkshire Police,North Yorkshire Police,-0.618339,54.487716,On or near Well Close Square,E01027870,Scarborough 001D,Violence and sexual offences,Under investigation,
36043374a200ce7ad3aacdb39063bfe639bbed89e05aa48c7a3dca14e7c9fa5f,2019-03,North Yorkshire Police,North Yorkshire Police,-0.621023,54.480916,On or near A174,E01027870,Scarborough 001D,Violence and sexual offences,Under investigation,
9c994dc8e5a15fed66c893be7daa3143953983ea0e558166a56c0357600e1082,2019-03,North Yorkshire Police,North Yorkshire Police,-0.617092,54.487171,On or near Hunter Street,E01027870,Scarborough 001D,Violence and sexual offences,Under investigation,
fc26bdc5116cd771f6c3f522512e23a824777ff99a413c5c05b26a3788b79e6b,2019-03,North Yorkshire Police,North Yorkshire Police,-0.619536,54.484710,On or near Bagdale,E01027870,Scarborough 001D,Violence and sexual offences,Under investigation,
db956ee42850d947bcfd95d6a739d50b136e6f3fedd7f584e11f454d4fc87382,2019-03,North Yorkshire Police,North Yorkshire Police,-0.615594,54.485339,On or near Wellington Road,E01027870,Scarborough 001D,Violence and sexual offences,Offender given a caution,
fd066f9d83ce7ea2c07623fb65c3064dec0bb904245daf6be4a4e771764eeb36,2019-03,North Yorkshire Police,North Yorkshire Police,-0.616354,54.485248,On or near Shopping Area,E01027870,Scarborough 001D,Violence and sexual offences,Under investigation,
7eae2d4b16bb1efb81b5cd2be51de6c8559ecd40f42c93dd6fab2941317786e8,2019-03,North Yorkshire Police,North Yorkshire Police,-0.616354,54.485248,On or near Shopping Area,E01027870,Scarborough 001D,Violence and sexual offences,Under investigation,
40855ca849716d1059ee21c0373ccab9a42b77d2807ffa1f8a626ea3fd25a701,2019-03,North Yorkshire Police,North Yorkshire Police,-0.614898,54.485843,On or near Shopping Area,E01027870,Scarborough 001D,Violence and sexual offences,Offender fined,
,2019-03,North Yorkshire Police,North Yorkshire Police,-0.626245,54.489963,On or near Welton Court,E01027871,Scarborough 001E,Anti-social behaviour,,
,2019-03,North Yorkshire Police,North Yorkshire Police,-0.633908,54.492566,On or near Mulgrave Road,E01027871,Scarborough 001E,Anti-social behaviour,,
,2019-03,North Yorkshire Police,North Yorkshire Police,-0.633139,54.489717,On or near Saxon Road,E01027871,Scarborough 001E,Anti-social behaviour,,
8cf42413c33a93a7bca1c6e70bc7b0f50506f977f73250bc4b89a34b96e9de92,2019-03,North Yorkshire Police,North Yorkshire Police,-0.633139,54.489717,On or near Saxon Road,E01027871,Scarborough 001E,Public order,Under investigation,
8af1b49fad42552d61744cd1166f1ffe3b8a97e6fdf9acac157f929e95490edd,2019-03,North Yorkshire Police,North Yorkshire Police,-0.626245,54.489963,On or near Welton Court,E01027871,Scarborough 001E,Violence and sexual offences,Under investigation,
f21d735426f3c020a10b15f9a168418b70b181308b77461bcaec8310fea67a73,2019-03,North Yorkshire Police,North Yorkshire Police,-0.630813,54.490931,On or near White Point Road,E01027871,Scarborough 001E,Violence and sexual offences,Under investigation,
0be0360c08968276c5a6f07b0313a72a60b4bf7ba586990fec4b9d515c94cc28,2019-03,North Yorkshire Police,North Yorkshire Police,-0.625895,54.487523,On or near Field House Road,E01027871,Scarborough 001E,Violence and sexual offences,Under investigation,
a050b47371d727d56f8fec804a0be9d0a0ea47e3d41056af4be8a6d15846173c,2019-03,North Yorkshire Police,North Yorkshire Police,-0.633139,54.489717,On or near Saxon Road,E01027871,Scarborough 001E,Violence and sexual offences,Under investigation,
,2019-03,North Yorkshire Police,North Yorkshire Police,-0.941855,54.463352,On or near Petrol Station,E01027813,Scarborough 002A,Anti-social behaviour,,
,2019-03,North Yorkshire Police,North Yorkshire Police,-0.969586,54.439712,On or near Broad Gate Road,E01027813,Scarborough 002A,Anti-social behaviour,,
,2019-03,North Yorkshire Police,North Yorkshire Police,-0.976329,54.486504,On or near Parking Area,E01027813,Scarborough 002A,Anti-social behaviour,,
94ae08ac31daeca0c23e52346036c8967982bb483abe079b3ae1e34d9c3232b6,2019-03,North Yorkshire Police,North Yorkshire Police,-0.900015,54.463329,On or near Sports/Recreation Area,E01027813,Scarborough 002A,Burglary,Under investigation,
f23c209ea3e5a3a929fac75d1d67aedd08c6225c4596c72782a688adea2c11de,2019-03,North Yorkshire Police,North Yorkshire Police,-0.909892,54.471328,On or near West Lane,E01027813,Scarborough 002A,Other theft,Under investigation,
278620e7642057e496c4178dc6ebafe468eaf93aac094b2f9cf485a9872bc76d,2019-03,North Yorkshire Police,North Yorkshire Police,-0.946361,54.466906,On or near Bow Bridge Lane,E01027813,Scarborough 002A,Violence and sexual offences,Under investigation,
ac051f5aa7806a3b2266f6b5807dcdb00bb8c3d6436451ff1a669b5776aa2321,2019-03,North Yorkshire Police,North Yorkshire Police,-0.911136,54.466351,On or near Parking Area,E01027813,Scarborough 002A,Violence and sexual offences,Under investigation,
e7fbc2ea4685a31e32705c94174496cc409817726f40c07079409008e2c1ac7d,2019-03,North Yorkshire Police,North Yorkshire Police,-0.809785,54.442315,On or near Ghyll Brow,E01027822,Scarborough 002B,Violence and sexual offences,Under investigation,
,2019-03,North Yorkshire Police,North Yorkshire Police,-0.794463,54.555443,On or near Staithes Lane,E01027840,Scarborough 002C,Anti-social behaviour,,
,2019-03,North Yorkshire Police,North Yorkshire Police,-0.778313,54.541197,On or near West End Close,E01027840,Scarborough 002C,Anti-social behaviour,,
,2019-03,North Yorkshire Police,North Yorkshire Police,-0.793526,54.555784,On or near Parking Area,E01027840,Scarborough 002C,Anti-social behaviour,,
,2019-03,North Yorkshire Police,North Yorkshire Police,-0.757424,54.533741,On or near Nettledale Close,E01027840,Scarborough 002C,Anti-social behaviour,,
d9b70816cbeff4112b1582f61b0c043136f234af993fd2a41df22e88c5f5738c,2019-03,North Yorkshire Police,North Yorkshire Police,-0.793526,54.555784,On or near Parking Area,E01027840,Scarborough 002C,Criminal damage and arson,Investigation complete; no suspect identified,
c0c4ab0949de66397e1967b4b0fd8a38fc1a61067b12a847647ed3362c76c213,2019-03,North Yorkshire Police,North Yorkshire Police,-0.794311,54.552215,On or near Whitby Road,E01027840,Scarborough 002C,Vehicle crime,Investigation complete; no suspect identified,
522ed965406a82ab06c6b588426f0de3af13ccf5b468bfe9d335132b1710f198,2019-03,North Yorkshire Police,North Yorkshire Police,-0.805668,54.501656,On or near A171,E01027840,Scarborough 002C,Violence and sexual offences,Under investigation,
,2019-03,North Yorkshire Police,North Yorkshire Police,-0.668821,54.499553,On or near Meadowfield,E01027841,Scarborough 002D,Anti-social behaviour,,
,2019-03,North Yorkshire Police,North Yorkshire Police,-0.673051,54.504354,On or near Parking Area,E01027841,Scarborough 002D,Anti-social behaviour,,
ce9f72e613a5557355e162eac6c4335312adee6bc76045fd647d94515245130e,2019-03,North Yorkshire Police,North Yorkshire Police,-0.653503,54.495779,On or near Sandsend Road,E01027841,Scarborough 002D,Criminal damage and arson,Unable to prosecute suspect,
b16938ceef8f56510101f2d41de405f919369cd2011a88a4e1c4d08edf773b0e,2019-03,North Yorkshire Police,North Yorkshire Police,-0.682686,54.466486,On or near High Cragwell,E01027841,Scarborough 002D,Criminal damage and arson,Investigation complete; no suspect identified,
02438a8e8b63d5e65b28cb52bb4ae82cccde5903efd84dc06f23b3d46f2954e5,2019-03,North Yorkshire Police,North Yorkshire Police,-0.697360,54.481052,On or near Skelder Road,E01027841,Scarborough 002D,Other theft,Investigation complete; no suspect identified,
0dd6f7c3acb7ec9cfe9ed37ec22bc5c0cfdfee25bea969a09a74058cf128df97,2019-03,North Yorkshire Police,North Yorkshire Police,-0.653503,54.495779,On or near Sandsend Road,E01027841,Scarborough 002D,Violence and sexual offences,Unable to prosecute suspect,
d9f4d3de81b3918c1276375c7a49c15b7682817cbbe8efdcc2935f1710ccde96,2019-03,North Yorkshire Police,North Yorkshire Police,-0.635427,54.478940,On or near Holmstead Avenue,E01027838,Scarborough 003A,Other crime,Action to be taken by another organisation,
,2019-03,North Yorkshire Police,North Yorkshire Police,-0.609506,54.482339,On or near Horse Road,E01027864,Scarborough 003B,Anti-social behaviour,,
,2019-03,North Yorkshire Police,North Yorkshire Police,-0.608877,54.479491,On or near Abbot'S Walk,E01027864,Scarborough 003B,Anti-social behaviour,,
4f30503b4ec1799a7e81fd0285aad482435ada76a561fc945180f3004d4e8aa0,2019-03,North Yorkshire Police,North Yorkshire Police,-0.606476,54.483832,On or near Sports/Recreation Area,E01027864,Scarborough 003B,Drugs,Under investigation,
77b307346ecef645299855426902a380c5f4d5f90607a1a48ceab8531072d126,2019-03,North Yorkshire Police,North Yorkshire Police,-0.609506,54.482339,On or near Horse Road,E01027864,Scarborough 003B,Public order,Investigation complete; no suspect identified,
fe7313cd63c45967bd6c4d06c38d90f73c5783828667a6d9eb7eca266b664e77,2019-03,North Yorkshire Police,North Yorkshire Police,-0.599182,54.483631,On or near Hawsker Lane,E01027864,Scarborough 003B,Violence and sexual offences,Under investigation,
43484b436b291816f29275a0267dd9556a00a1f6fc59428db85bbd8dfe335450,2019-03,North Yorkshire Police,North Yorkshire Police,-0.608899,54.483851,On or near The Ropery,E01027864,Scarborough 003B,Violence and sexual offences,Under investigation,
1edfe3ade747106ef920aceaab988e857384642df2e40718c8b75628b701ed96,2019-03,North Yorkshire Police,North Yorkshire Police,-0.599182,54.483631,On or near Hawsker Lane,E01027864,Scarborough 003B,Violence and sexual offences,Under investigation,
263781b7f4f339c8e7892dc9dca1b00e629481a4d95875c29cf5b052bd00b7f6,2019-03,North Yorkshire Police,North Yorkshire Police,-0.603375,54.476075,On or near St Peter'S Court,E01027864,Scarborough 003B,Violence and sexual offences,Under investigation,
a915acf617ad2e3887f268aefd26ab6cd6825177233026e3c307dfdb8e6068c1,2019-03,North Yorkshire Police,North Yorkshire Police,-0.608899,54.483851,On or near The Ropery,E01027864,Scarborough 003B,Violence and sexual offences,Under investigation,
8e7a2d2e7d1afbfa0379fa34f1c68f6b5d7c4f7919ee092135b7d3e6922a37a5,2019-03,North Yorkshire Police,North Yorkshire Police,-0.603375,54.476075,On or near St Peter'S Court,E01027864,Scarborough 003B,Violence and sexual offences,Under investigation,
1d1af9603a7fb2994fa2a11cae04877f751bc74f75659dcc50042a2ce3dd655d,2019-03,North Yorkshire Police,North Yorkshire Police,-0.609506,54.482339,On or near Horse Road,E01027864,Scarborough 003B,Violence and sexual offences,Unable to prosecute suspect,
dab0a05d1b2da1180ff8afc2130b0158ba7a026668aba9d4afc218f7c2f4a586,2019-03,North Yorkshire Police,North Yorkshire Police,-0.606476,54.483832,On or near Sports/Recreation Area,E01027864,Scarborough 003B,Violence and sexual offences,Unable to prosecute suspect,
19070f6628e1aafdd5b87b967eb5efcaeec93924f16fdceb123758282ce9525d,2019-03,North Yorkshire Police,North Yorkshire Police,-0.608157,54.477515,On or near Sports/Recreation Area,E01027864,Scarborough 003B,Violence and sexual offences,Unable to prosecute suspect,
dac62ce8f58a171f10f312e0c447df15d72eb90c3323c334d2a7d7c279127011,2019-03,North Yorkshire Police,North Yorkshire Police,-0.608899,54.483851,On or near The Ropery,E01027864,Scarborough 003B,Violence and sexual offences,Under investigation,
08f5590501acd37d9a6a71c8c983525273b04cbad7e3547a15c43590797ef816,2019-03,North Yorkshire Police,North Yorkshire Police,-0.606206,54.482687,On or near St Mary'S Crescent,E01027864,Scarborough 003B,Violence and sexual offences,Under investigation,
,2019-03,North Yorkshire Police,North Yorkshire Police,-0.614588,54.484968,On or near Parking Area,E01027865,Scarborough 003C,Anti-social behaviour,,
,2019-03,North Yorkshire Police,North Yorkshire Police,-0.611986,54.479761,On or near Whitehall Landing,E01027865,Scarborough 003C,Anti-social behaviour,,
,2019-03,North Yorkshire Police,North Yorkshire Police,-0.611251,54.486403,On or near Parking Area,E01027865,Scarborough 003C,Anti-social behaviour,,
,2019-03,North Yorkshire Police,North Yorkshire Police,-0.610363,54.485297,On or near Church Street,E01027865,Scarborough 003C,Anti-social behaviour,,
,2019-03,North Yorkshire Police,North Yorkshire Police,-0.611251,54.486403,On or near Parking Area,E01027865,Scarborough 003C,Anti-social behaviour,,
,2019-03,North Yorkshire Police,North Yorkshire Police,-0.612507,54.487164,On or near Bridge Street,E01027865,Scarborough 003C,Anti-social behaviour,,
087568adf42db813a89154f46040df1da0b1b9e499e104ec30ce65666dff7142,2019-03,North Yorkshire Police,North Yorkshire Police,-0.608680,54.488935,On or near Parking Area,E01027865,Scarborough 003C,Burglary,Investigation complete; no suspect identified,
1bef977af49bc4cd69daa9c01f5c0144d76ee5a295449f73d1899a5ce4121b0d,2019-03,North Yorkshire Police,North Yorkshire Police,-0.612507,54.487164,On or near Bridge Street,E01027865,Scarborough 003C,Criminal damage and arson,Under investigation,
e6108a8e9844f858303cfe8a87c112537f6fb627198b140e5279ce268f66f7d1,2019-03,North Yorkshire Police,North Yorkshire Police,-0.615767,54.481584,On or near Park Terrace,E01027865,Scarborough 003C,Criminal damage and arson,Investigation complete; no suspect identified,
57734e9830ca7b0e2c2b45684df25449a4b99283438e28337f488850adacb60e,2019-03,North Yorkshire Police,North Yorkshire Police,-0.615252,54.479951,On or near Gledhill Drive,E01027865,Scarborough 003C,Possession of weapons,Under investigation,
1be7e9fdf79e350744a23cba3a057ede7a875c9765dc696a6e6b2887fe222715,2019-03,North Yorkshire Police,North Yorkshire Police,-0.614588,54.484968,On or near Parking Area,E01027865,Scarborough 003C,Violence and sexual offences,Under investigation,
5182a799d34756e692fbac5a89e63326e8de97f4e51f1ca83bf36f7f6f099d99,2019-03,North Yorkshire Police,North Yorkshire Police,-0.611251,54.486403,On or near Parking Area,E01027865,Scarborough 003C,Violence and sexual offences,Under investigation,
29c214138091d5fb32ee9bff831bb36c93aaa955382b333eadbb37277455e3c6,2019-03,North Yorkshire Police,North Yorkshire Police,-0.611251,54.486403,On or near Parking Area,E01027865,Scarborough 003C,Violence and sexual offences,Under investigation,
e5ce218c78bb58ef614d25eaf93399a1b0e6e278c15cddaee16023d6e700e8c1,2019-03,North Yorkshire Police,North Yorkshire Police,-0.611251,54.486403,On or near Parking Area,E01027865,Scarborough 003C,Violence and sexual offences,Under investigation,
15dc297ce695ea146aa96dd9ec4c5a3cf1874a38c2e942bfe5d17c5c5d0e1939,2019-03,North Yorkshire Police,North Yorkshire Police,-0.610363,54.485297,On or near Church Street,E01027865,Scarborough 003C,Violence and sexual offences,Unable to prosecute suspect,
,2019-03,North Yorkshire Police,North Yorkshire Police,-0.603763,54.471937,On or near Mount Pleasant,E01027866,Scarborough 003D,Anti-social behaviour,,
,2019-03,North Yorkshire Police,North Yorkshire Police,-0.606339,54.473341,On or near Queens Drive,E01027866,Scarborough 003D,Anti-social behaviour,,
,2019-03,North Yorkshire Police,North Yorkshire Police,-0.604416,54.476339,On or near St Peter'S Road,E01027866,Scarborough 003D,Anti-social behaviour,,
,2019-03,North Yorkshire Police,North Yorkshire Police,-0.604416,54.476339,On or near St Peter'S Road,E01027866,Scarborough 003D,Anti-social behaviour,,
7c0d1abd78558240678eb95342ce10877ed6a5066b21552dfc1991f06df46ce3,2019-03,North Yorkshire Police,North Yorkshire Police,-0.604416,54.476339,On or near St Peter'S Road,E01027866,Scarborough 003D,Bicycle theft,Investigation complete; no suspect identified,
ea3b38ef929b92e293e7c6481aa1b4312c168b214ebd12b2e0f110d73754474e,2019-03,North Yorkshire Police,North Yorkshire Police,-0.608810,54.471473,On or near Kingfisher Drive,E01027866,Scarborough 003D,Criminal damage and arson,Unable to prosecute suspect,
6fa19d44596bdf2153e2d10aec90449680a80c2f7949eaec6cebfa975f2d478a,2019-03,North Yorkshire Police,North Yorkshire Police,-0.608122,54.476732,On or near Sports/Recreation Area,E01027866,Scarborough 003D,Other theft,Offender given a caution,
401f06dc3d24ece691981c9507f913c904d283cb7d6d7f40d8df90e8cd6773c7,2019-03,North Yorkshire Police,North Yorkshire Police,-0.610848,54.476431,On or near Fairmead Court,E01027866,Scarborough 003D,Other theft,Investigation complete; no suspect identified,
5bcc21e9eed1f72a3be568f0dfef61840344f70d1e685dadc64093dc82e7bf25,2019-03,North Yorkshire Police,North Yorkshire Police,-0.601003,54.471878,On or near Cholmley Way,E01027866,Scarborough 003D,Other theft,Under investigation,
cb756b6ec68ae3c4638de4664d88231a0724c734aad357d2d686f90af599c10e,2019-03,North Yorkshire Police,North Yorkshire Police,-0.603763,54.471937,On or near Mount Pleasant,E01027866,Scarborough 003D,Public order,Offender given a caution,
46849e2ed1668ce6d10802979a9b8372123d43fa25bf47e039f02da07f919f14,2019-03,North Yorkshire Police,North Yorkshire Police,-0.601003,54.471878,On or near Cholmley Way,E01027866,Scarborough 003D,Public order,Under investigation,
082a2ce78c0c93daa097382983376858ab0da5c45e6255c228ed8f40165d3163,2019-03,North Yorkshire Police,North Yorkshire Police,-0.608810,54.471473,On or near Kingfisher Drive,E01027866,Scarborough 003D,Violence and sexual offences,Under investigation,
f3307eba35454c268b9cb629335d5b252f9f662df0883bdab9df79a664b7e218,2019-03,North Yorkshire Police,North Yorkshire Police,-0.601003,54.471878,On or near Cholmley Way,E01027866,Scarborough 003D,Violence and sexual offences,Under investigation,
6974df6c77d06ef61c5c91cd950d718baaae2d080009109d3a29af0f95f0a94d,2019-03,North Yorkshire Police,North Yorkshire Police,-0.601003,54.471878,On or near Cholmley Way,E01027866,Scarborough 003D,Violence and sexual offences,Under investigation,
5e019ea32a74ce94ce0f9a1c1ce3bc65583bc14652f825dd2cdd6a586c00cf79,2019-03,North Yorkshire Police,North Yorkshire Police,-0.610562,54.477587,On or near Talbot Court,E01027866,Scarborough 003D,Violence and sexual offences,Unable to prosecute suspect,
d61021ea2d501d0a0663fabaeebce3b1b7b04a052e75f0880279bb430894542d,2019-03,North Yorkshire Police,North Yorkshire Police,-0.606339,54.473341,On or near Queens Drive,E01027866,Scarborough 003D,Violence and sexual offences,Unable to prosecute suspect,
adb9ca9036fecddc989de9b25d31cddb01b831a8d2d13c24f9b70d1fc8f6afcb,2019-03,North Yorkshire Police,North Yorkshire Police,-0.601003,54.471878,On or near Cholmley Way,E01027866,Scarborough 003D,Other crime,Action to be taken by another organisation,
d8475823ce9de6f492979ab6bd23592ae6238e63f87b9d86016c7148b209cfcb,2019-03,North Yorkshire Police,North Yorkshire Police,-0.643751,54.434940,On or near Little Beck Bank,E01027821,Scarborough 004A,Criminal damage and arson,Under investigation,
eba5fce0769f7ff82f3ef8291f48206ea8bc8b29adc450383cc1d9696c06e340,2019-03,North Yorkshire Police,North Yorkshire Police,-0.666525,54.438671,On or near Blue Bank,E01027821,Scarborough 004A,Criminal damage and arson,Investigation complete; no suspect identified,
5079a7896bbf4f6fee64143aeacc166b30186feb5776b3fa9284f69d36a9d209,2019-03,North Yorkshire Police,North Yorkshire Police,-0.682850,54.446472,On or near Eskdaleside,E01027821,Scarborough 004A,Other theft,Investigation complete; no suspect identified,
b8e2221a9de51f4f1c000e06d90f40e32c6c4f6ee1e90cf72449a51cc61a26b1,2019-03,North Yorkshire Police,North Yorkshire Police,-0.717633,54.400856,On or near Parking Area,E01027821,Scarborough 004A,Violence and sexual offences,Under investigation,
48d59ed209192f724e4d428432293b516ab2e2f08f42274f860af8323ebae049,2019-03,North Yorkshire Police,North Yorkshire Police,-0.717633,54.400856,On or near Parking Area,E01027821,Scarborough 004A,Violence and sexual offences,Investigation complete; no suspect identified,
,2019-03,North Yorkshire Police,North Yorkshire Police,-0.662035,54.453910,On or near Hall Pasture,E01027823,Scarborough 004B,Anti-social behaviour,,
df9ffa5472933fadffd1d7e325a0e25ab676c2e3cf0d1f1d4191cf158a2c64ec,2019-03,North Yorkshire Police,North Yorkshire Police,-0.662607,54.458132,On or near The Avenue,E01027823,Scarborough 004B,Violence and sexual offences,Unable to prosecute suspect,
f5396aa83bec9641a1c79752c10e2c7f5205119e524ae1a94823f1c93b942edc,2019-03,North Yorkshire Police,North Yorkshire Police,-0.568160,54.454308,On or near B1447,E01027831,Scarborough 004C,Other theft,Under investigation,
3232177458d51d01f7c7aa16ef8ea30ce8e8e19b39afac651baf48c2542f4543,2019-03,North Yorkshire Police,North Yorkshire Police,-0.539639,54.437420,On or near B1447,E01027831,Scarborough 004C,Other theft,Under investigation,
04ef208512f0159abf5450b209a224ea5e3c935f44212ff0a6d66e2910c5010d,2019-03,North Yorkshire Police,North Yorkshire Police,-0.593915,54.463473,On or near Rigg View,E01027831,Scarborough 004C,Violence and sexual offences,Unable to prosecute suspect,
7e9e5c38dff6feee2626c57d0000299194d5da95f438097d1a751ae23a2575ca,2019-03,North Yorkshire Police,North Yorkshire Police,-0.554858,54.429514,On or near Sled Gates,E01027831,Scarborough 004C,Violence and sexual offences,Under investigation,
a0f40131db1c248f235813ff0bf3af20f20639fb4c69d6ad51e673b6756f332c,2019-03,North Yorkshire Police,North Yorkshire Police,-0.533461,54.435539,On or near The Close,E01027832,Scarborough 004D,Other theft,Investigation complete; no suspect identified,
,2019-03,North Yorkshire Police,North Yorkshire Police,-0.444712,54.323569,On or near Wandales Court,E01027836,Scarborough 004E,Anti-social behaviour,,
,2019-03,North Yorkshire Police,North Yorkshire Police,-0.446273,54.324578,On or near Laurel Close,E01027836,Scarborough 004E,Anti-social behaviour,,
,2019-03,North Yorkshire Police,North Yorkshire Police,-0.450913,54.326732,On or near Mill Lane,E01027836,Scarborough 004E,Anti-social behaviour,,
168883c9f3617605b972b287e671f4747a62540fee83980cc52df1d4f882c09c,2019-03,North Yorkshire Police,North Yorkshire Police,-0.442262,54.320464,On or near South End,E01027836,Scarborough 004E,Possession of weapons,Under investigation,
29504cd86e0ba5526ba76eb13666b47f96a8aca7d39b4096c57aa0456f9c0ffc,2019-03,North Yorkshire Police,North Yorkshire Police,-0.447953,54.324887,On or near Overgreen View,E01027836,Scarborough 004E,Violence and sexual offences,Under investigation,
,2019-03,North Yorkshire Police,North Yorkshire Police,-0.549955,54.307632,On or near Broxa Hill,E01027857,Scarborough 004F,Anti-social behaviour,,
68d22760f729e58cd66635479218be6073fbd29becdd0c4b71099770164df2f2,2019-03,North Yorkshire Police,North Yorkshire Police,-0.490837,54.401372,On or near The Avenue,E01027857,Scarborough 004F,Criminal damage and arson,Unable to prosecute suspect,
8a6629927ac8863048570c1554d80cb0e98ccf4c89e1e9ad57e708f74861456e,2019-03,North Yorkshire Police,North Yorkshire Police,-0.456101,54.308507,On or near Barmoor Lane,E01027857,Scarborough 004F,Other theft,Under investigation,
2a79811fd14cc2d483c5d210d69f7c2e9214ee8c079f7b303fc4964932a1c4ce,2019-03,North Yorkshire Police,North Yorkshire Police,-0.533820,54.288499,On or near Lang Gate,E01027857,Scarborough 004F,Other crime,Action to be taken by another organisation,
,2019-03,North Yorkshire Police,North Yorkshire Police,-0.435469,54.293213,On or near Fieldstead Crescent,E01027842,Scarborough 005A,Anti-social behaviour,,
,2019-03,North Yorkshire Police,North Yorkshire Police,-0.426439,54.292296,On or near St Leonard'S Crescent,E01027842,Scarborough 005A,Anti-social behaviour,,
237d904a7d7cd2c9c239bcc5a0e503137eef863553dd893f0595bdb4bf5d4bf5,2019-03,North Yorkshire Police,North Yorkshire Police,-0.430390,54.290612,On or near Wreyfield Drive,E01027842,Scarborough 005A,Bicycle theft,Investigation complete; no suspect identified,
ebf24a846a95400d66b4d2801ce2a35fec924c9e4f1c1104ec137eed429ec2da,2019-03,North Yorkshire Police,North Yorkshire Police,-0.435469,54.293213,On or near Fieldstead Crescent,E01027842,Scarborough 005A,Bicycle theft,Investigation complete; no suspect identified,
f416b137102a231cf5d101fc8f4eb4a5fb876fedf33d031077db73fd60d2baf6,2019-03,North Yorkshire Police,North Yorkshire Police,-0.426014,54.293360,On or near Endcliff Crescent,E01027842,Scarborough 005A,Criminal damage and arson,Investigation complete; no suspect identified,
45704d48e90e5a5ea1d0f96313dacaac5e390b58e8fb33414eddadf1e75d4e03,2019-03,North Yorkshire Police,North Yorkshire Police,-0.426439,54.292296,On or near St Leonard'S Crescent,E01027842,Scarborough 005A,Criminal damage and arson,Unable to prosecute suspect,
7609dd5ee2cf7dd0d2afb641600082339aa0d87182554c944c64b883275c9e29,2019-03,North Yorkshire Police,North Yorkshire Police,-0.427841,54.292997,On or near Colescliffe Road,E01027842,Scarborough 005A,Violence and sexual offences,Unable to prosecute suspect,
92ac9c6fa4984169685c463e1845860089e7269c1651f654ab2de594c7184c5f,2019-03,North Yorkshire Police,North Yorkshire Police,-0.427841,54.292997,On or near Colescliffe Road,E01027842,Scarborough 005A,Violence and sexual offences,Under investigation,
a7ef062d16e3047d1f354d7c8f7b8b67c77272b6be5c4a08904efc0bd27f7c9b,2019-03,North Yorkshire Police,North Yorkshire Police,-0.430996,54.290027,On or near Wreyfield Drive,E01027842,Scarborough 005A,Violence and sexual offences,Unable to prosecute suspect,
eda69d1b1b7c70979bfbe058f1c651dec768af7dd61ee4d509c3c51f2c9c5d55,2019-03,North Yorkshire Police,North Yorkshire Police,-0.430996,54.290027,On or near Wreyfield Drive,E01027842,Scarborough 005A,Violence and sexual offences,Unable to prosecute suspect,
9e60691ef56b10be5477120e589c10e05308976b707c01937615f4aecccb4fbd,2019-03,North Yorkshire Police,North Yorkshire Police,-0.427841,54.292997,On or near Colescliffe Road,E01027842,Scarborough 005A,Other crime,Under investigation,
0a17e6000a80e462d4ddc32d26eb790039e64e3cc9f335f22e36a64423efc6b9,2019-03,North Yorkshire Police,North Yorkshire Police,-0.443683,54.289329,On or near The Uplands,E01027843,Scarborough 005B,Burglary,Investigation complete; no suspect identified,
0a5d1cbaef164926ca1f55986c75eb72c55edba7e9e7eafb13798022710ba48c,2019-03,North Yorkshire Police,North Yorkshire Police,-0.442259,54.290811,On or near Willow Garth,E01027843,Scarborough 005B,Drugs,Offender given a drugs possession warning,
5f040b7496ae51c1964deb9188ad80a243f72d7329ed775c7dcae9d84948d712,2019-03,North Yorkshire Police,North Yorkshire Police,-0.441554,54.289948,On or near The Whins,E01027843,Scarborough 005B,Public order,Under investigation,
0a393cbff8faf53c2238cf4cfb83546d814a2e215a01308fc706b34b2568ca33,2019-03,North Yorkshire Police,North Yorkshire Police,-0.445171,54.293042,On or near Linden Road,E01027843,Scarborough 005B,Violence and sexual offences,Under investigation,
,2019-03,North Yorkshire Police,North Yorkshire Police,-0.437662,54.286851,On or near The Parkway,E01027844,Scarborough 005C,Anti-social behaviour,,
a39b070cd15fdac6231b5a9714530dec933f87e132f82ab7d84f00d498175a64,2019-03,North Yorkshire Police,North Yorkshire Police,-0.434678,54.290183,On or near Sycamore Park,E01027844,Scarborough 005C,Violence and sexual offences,Under investigation,
94a218e4fef76f25c5febfbf988c823494a8fcf2957e765c648cdb4ed680dd51,2019-03,North Yorkshire Police,North Yorkshire Police,-0.445685,54.290002,On or near High Moor Edge,E01027844,Scarborough 005C,Violence and sexual offences,Under investigation,
6eb8762f4e492c8fcfc3c06239ca202c6a7eadd28fd85da5495568d7c96cf5be,2019-03,North Yorkshire Police,North Yorkshire Police,-0.434678,54.290183,On or near Sycamore Park,E01027844,Scarborough 005C,Violence and sexual offences,Under investigation,
,2019-03,North Yorkshire Police,North Yorkshire Police,-0.422998,54.295496,On or near Harewood Avenue,E01027845,Scarborough 005D,Anti-social behaviour,,
,2019-03,North Yorkshire Police,North Yorkshire Police,-0.423064,54.293375,On or near Vernon Grove,E01027845,Scarborough 005D,Anti-social behaviour,,
bad3d8e5a2868d84d52edc257ea3b972077a5a19652319e37829fbf21aa27fbc,2019-03,North Yorkshire Police,North Yorkshire Police,-0.423064,54.293375,On or near Vernon Grove,E01027845,Scarborough 005D,Burglary,Under investigation,
ac2cd03f9107300d3f1311ced958b1dec70a3bcb042a2cba84143282a3f4c782,2019-03,North Yorkshire Police,North Yorkshire Police,-0.423064,54.293375,On or near Vernon Grove,E01027845,Scarborough 005D,Burglary,Under investigation,
64ccbaa6ae2d0be73961efac4d3ce34272932b95a51c1f9ec0f49979c6d158f9,2019-03,North Yorkshire Police,North Yorkshire Police,-0.423064,54.293375,On or near Vernon Grove,E01027845,Scarborough 005D,Burglary,Investigation complete; no suspect identified,
0bc95e87880e1f17a32454ea48720910878a088b091af6f8032c08164dd25880,2019-03,North Yorkshire Police,North Yorkshire Police,-0.425090,54.301060,On or near High Mill Drive,E01027845,Scarborough 005D,Drugs,Offender given a drugs possession warning,
6175f3a7b6cc0fcea66b6ee712e1daa80408c158afbdbe7166e4fcb54272cc2d,2019-03,North Yorkshire Police,North Yorkshire Police,-0.422998,54.295496,On or near Harewood Avenue,E01027845,Scarborough 005D,Other theft,Investigation complete; no suspect identified,
f49b3d8bbb9e9ed4b8100f6b1379a0dfd3ab718a76e8e0bf92a17aea4fcf7ea2,2019-03,North Yorkshire Police,North Yorkshire Police,-0.418403,54.297512,On or near Supermarket,E01027845,Scarborough 005D,Shoplifting,Offender given community sentence,
f89a28e70e1004750c7dace88676debcc9f5fddb7940d1ab243f5c0b5d538ab3,2019-03,North Yorkshire Police,North Yorkshire Police,-0.423064,54.293375,On or near Vernon Grove,E01027845,Scarborough 005D,Shoplifting,Under investigation,
36b340731b85567d9e3a69eec1db1f284e3b51c8f7072868293aa23068afd08e,2019-03,North Yorkshire Police,North Yorkshire Police,-0.418403,54.297512,On or near Supermarket,E01027845,Scarborough 005D,Shoplifting,Under investigation,
258d4b559b800e20387e164f79bfbffc446d5c72b96a11d4cbdc7dc57367aa16,2019-03,North Yorkshire Police,North Yorkshire Police,-0.423064,54.293375,On or near Vernon Grove,E01027845,Scarborough 005D,Shoplifting,Investigation complete; no suspect identified,
f75f9ff2a38b07f6fd02433c86db712b31df101fb631887d4b5d130f8158df95,2019-03,North Yorkshire Police,North Yorkshire Police,-0.421670,54.293249,On or near North Leas Avenue,E01027845,Scarborough 005D,Vehicle crime,Under investigation,
728cbacbece17517c81722e485a5bee308fb83bd436ce09c6fa2d77b89dadf41,2019-03,North Yorkshire Police,North Yorkshire Police,-0.421670,54.293249,On or near North Leas Avenue,E01027845,Scarborough 005D,Vehicle crime,Under investigation,
b034bb1ed67cbe05592e3ada6c1df4d70a29ac9cd2b25875c6ef695ca8bbefeb,2019-03,North Yorkshire Police,North Yorkshire Police,-0.422950,54.297553,On or near Westfield Avenue,E01027845,Scarborough 005D,Other crime,Under investigation,
f2cbf80f3dfd5829df791f70798c0e9f7c6054b2a9a934cf5c659740b66d2e2f,2019-03,North Yorkshire Police,North Yorkshire Police,-0.440224,54.298731,On or near Ellison Avenue,E01027855,Scarborough 005E,Violence and sexual offences,Under investigation,
,2019-03,North Yorkshire Police,North Yorkshire Police,-0.444249,54.294262,On or near Lawrence Grove,E01027856,Scarborough 005F,Anti-social behaviour,,
,2019-03,North Yorkshire Police,North Yorkshire Police,-0.440895,54.297652,On or near Danes Dyke,E01027856,Scarborough 005F,Anti-social behaviour,,
,2019-03,North Yorkshire Police,North Yorkshire Police,-0.440037,54.295555,On or near Keld Close,E01027856,Scarborough 005F,Anti-social behaviour,,
611334c2e367d46f800bddd9f7bcd1751bfa06fc2dd14d6a8dbf417a45f5e374,2019-03,North Yorkshire Police,North Yorkshire Police,-0.440116,54.295089,On or near Petrol Station,E01027856,Scarborough 005F,Bicycle theft,Under investigation,
753c838825a1956f4117ec7f98851641696b44a0530c47ae521a85e8fbc11e41,2019-03,North Yorkshire Police,North Yorkshire Police,-0.442269,54.297076,On or near Scalby Road,E01027856,Scarborough 005F,Criminal damage and arson,Action to be taken by another organisation,
a5de38ee922d0a5a5dadabb14d8b5a71ad34da9b402388cd5c99b6f55cb92e7d,2019-03,North Yorkshire Police,North Yorkshire Police,-0.441281,54.300839,On or near Chichester Close,E01027856,Scarborough 005F,Public order,Under investigation,
387337870050aba313b71c93c0a6dedfd57362c70197588cfb34cf32a5b221ba,2019-03,North Yorkshire Police,North Yorkshire Police,-0.440116,54.295089,On or near Petrol Station,E01027856,Scarborough 005F,Shoplifting,Awaiting court outcome,
4244d7240617f030dd47364b4001882786904339844bd9860b3eea2de13e1adf,2019-03,North Yorkshire Police,North Yorkshire Police,-0.440116,54.295089,On or near Petrol Station,E01027856,Scarborough 005F,Shoplifting,Under investigation,
a07b0414c9d1276ddfe4504aa8d7ce0439a0e79a9b047779cb9fcc1ead7cc14e,2019-03,North Yorkshire Police,North Yorkshire Police,-0.442269,54.297076,On or near Scalby Road,E01027856,Scarborough 005F,Violence and sexual offences,Under investigation,
,2019-03,North Yorkshire Police,North Yorkshire Police,-0.397338,54.283185,On or near Newborough,E01027805,Scarborough 006A,Anti-social behaviour,,
,2019-03,North Yorkshire Police,North Yorkshire Police,-0.390021,54.284499,On or near Parking Area,E01027805,Scarborough 006A,Anti-social behaviour,,
,2019-03,North Yorkshire Police,North Yorkshire Police,-0.396709,54.283958,On or near Market Way,E01027805,Scarborough 006A,Anti-social behaviour,,
,2019-03,North Yorkshire Police,North Yorkshire Police,-0.388888,54.284394,On or near Quay Street,E01027805,Scarborough 006A,Anti-social behaviour,,
,2019-03,North Yorkshire Police,North Yorkshire Police,-0.394276,54.285301,On or near Longwestgate,E01027805,Scarborough 006A,Anti-social behaviour,,
,2019-03,North Yorkshire Police,North Yorkshire Police,-0.393205,54.285584,On or near Church Stairs Street,E01027805,Scarborough 006A,Anti-social behaviour,,
,2019-03,North Yorkshire Police,North Yorkshire Police,-0.385520,54.288420,On or near Parking Area,E01027805,Scarborough 006A,Anti-social behaviour,,
,2019-03,North Yorkshire Police,North Yorkshire Police,-0.397338,54.283185,On or near Newborough,E01027805,Scarborough 006A,Anti-social behaviour,,
,2019-03,North Yorkshire Police,North Yorkshire Police,-0.396709,54.283958,On or near Market Way,E01027805,Scarborough 006A,Anti-social behaviour,,
,2019-03,North Yorkshire Police,North Yorkshire Police,-0.391268,54.285998,On or near Graham Close,E01027805,Scarborough 006A,Anti-social behaviour,,
,2019-03,North Yorkshire Police,North Yorkshire Police,-0.395305,54.283320,On or near Merchant'S Row,E01027805,Scarborough 006A,Anti-social behaviour,,
,2019-03,North Yorkshire Police,North Yorkshire Police,-0.397338,54.283185,On or near Newborough,E01027805,Scarborough 006A,Anti-social behaviour,,
947946316c5959dd7c12fcf51f41dfdf2cd92619619de14a5a5fff58e3561e0d,2019-03,North Yorkshire Police,North Yorkshire Police,-0.396878,54.283565,On or near St Helen'S Square,E01027805,Scarborough 006A,Bicycle theft,Investigation complete; no suspect identified,
fe812af48a5690705c484c919710325d59a28e503ade9f4e0615a51c8b2b7ddf,2019-03,North Yorkshire Police,North Yorkshire Police,-0.395305,54.283320,On or near Merchant'S Row,E01027805,Scarborough 006A,Burglary,Investigation complete; no suspect identified,
eef90fb3c5c9014aeac6a51390513dd77a87c19b3ad4e5a163f6aac9b37277a3,2019-03,North Yorkshire Police,North Yorkshire Police,-0.391691,54.286202,On or near Paradise,E01027805,Scarborough 006A,Criminal damage and arson,Under investigation,
0016f512990a679e6f00dbb21fb570f10c0760860cb9b0f4337d0f6d3d015e01,2019-03,North Yorkshire Police,North Yorkshire Police,-0.390021,54.284499,On or near Parking Area,E01027805,Scarborough 006A,Criminal damage and arson,Under investigation,
2d8417150a77a54e79d1d44dab0109a4d537636f996d66f109269895a4fe8608,2019-03,North Yorkshire Police,North Yorkshire Police,-0.397338,54.283185,On or near Newborough,E01027805,Scarborough 006A,Criminal damage and arson,Under investigation,
58797471bd345f269730527d151cae893754a2a3c484efcdee4bc21848b6d447,2019-03,North Yorkshire Police,North Yorkshire Police,-0.391691,54.286202,On or near Paradise,E01027805,Scarborough 006A,Criminal damage and arson,Under investigation,
5634b35fdfddf85777c03740d1948a0c7ab33513714914c7f052d0e3b30a09e4,2019-03,North Yorkshire Police,North Yorkshire Police,-0.391691,54.286202,On or near Paradise,E01027805,Scarborough 006A,Criminal damage and arson,Investigation complete; no suspect identified,
2bb72f96e69a3e5389e248fb742398acaca2461c682a0c49748e76c22c180bf9,2019-03,North Yorkshire Police,North Yorkshire Police,-0.390520,54.285485,On or near Castlegate,E01027805,Scarborough 006A,Criminal damage and arson,Under investigation,
93429db4562030e85f432b0e34fc58764b4ce447c4226bf13adacdd9a613c270,2019-03,North Yorkshire Police,North Yorkshire Police,-0.394276,54.285301,On or near Longwestgate,E01027805,Scarborough 006A,Drugs,Under investigation,
862509a917d3ee2d9a7527c86ed0fcaf20c16dd376b0f35f10d9d14062783fdf,2019-03,North Yorkshire Police,North Yorkshire Police,-0.397114,54.285789,On or near Tollergate,E01027805,Scarborough 006A,Drugs,Under investigation,
afc7138f1c50c8fbf178b9ce3365adb9dc9c3b1d8144d2911cc7900e0f33556f,2019-03,North Yorkshire Police,North Yorkshire Police,-0.397338,54.283185,On or near Newborough,E01027805,Scarborough 006A,Theft from the person,Unable to prosecute suspect,
24146cf12ff8df92d1729d15a7588f339634d18cdbb4c70cfd3438463657dbae,2019-03,North Yorkshire Police,North Yorkshire Police,-0.394797,54.284140,On or near St Sepulchre Street,E01027805,Scarborough 006A,Violence and sexual offences,Under investigation,
9e7d0fee8f3de143815c15c132b1a2c3198bd1cb28a22accc48317fd0948738d,2019-03,North Yorkshire Police,North Yorkshire Police,-0.396709,54.283958,On or near Market Way,E01027805,Scarborough 006A,Violence and sexual offences,Under investigation,
1a49f6a093bf6f74918a38c05e79990ce140832c7ebb2646b40d06a229d9fe50,2019-03,North Yorkshire Police,North Yorkshire Police,-0.397338,54.283185,On or near Newborough,E01027805,Scarborough 006A,Violence and sexual offences,Under investigation,
8b69ef7aa73fcda1db2bd1a9e0e9ad1c2fb6812084d548cab21d9cb33ca31a0a,2019-03,North Yorkshire Police,North Yorkshire Police,-0.396689,54.284471,On or near Friargate,E01027805,Scarborough 006A,Violence and sexual offences,Unable to prosecute suspect,
bea6b004dd55d6efe4b17933045ef1ce6f38d114de3ac167f10bb1c78795db0a,2019-03,North Yorkshire Police,North Yorkshire Police,-0.395380,54.285756,On or near Garibaldi Street,E01027805,Scarborough 006A,Violence and sexual offences,Under investigation,
e114cd3209c1edaae8c75f3e752dbcfd67835132fd5583ccc30e1f92070e21b5,2019-03,North Yorkshire Police,North Yorkshire Police,-0.388888,54.284394,On or near Quay Street,E01027805,Scarborough 006A,Violence and sexual offences,Unable to prosecute suspect,
6233666c6a94edd645da2757371e604d5453585fc0aa65297bdc83a4e154a3c2,2019-03,North Yorkshire Police,North Yorkshire Police,-0.397338,54.283185,On or near Newborough,E01027805,Scarborough 006A,Violence and sexual offences,Under investigation,
2b6f01afb693c28d3610e31cbe0bb181e35f6af9aa730a2ffdf44bc598234bfb,2019-03,North Yorkshire Police,North Yorkshire Police,-0.394797,54.284140,On or near St Sepulchre Street,E01027805,Scarborough 006A,Other crime,Under investigation,
,2019-03,North Yorkshire Police,North Yorkshire Police,-0.392389,54.283263,On or near Parking Area,E01027806,Scarborough 006B,Anti-social behaviour,,
,2019-03,North Yorkshire Police,North Yorkshire Police,-0.400221,54.282918,On or near Shopping Area,E01027806,Scarborough 006B,Anti-social behaviour,,
,2019-03,North Yorkshire Police,North Yorkshire Police,-0.401302,54.282366,On or near Shopping Area,E01027806,Scarborough 006B,Anti-social behaviour,,
,2019-03,North Yorkshire Police,North Yorkshire Police,-0.401302,54.282366,On or near Shopping Area,E01027806,Scarborough 006B,Anti-social behaviour,,
,2019-03,North Yorkshire Police,North Yorkshire Police,-0.398719,54.282053,On or near St Nicholas Street,E01027806,Scarborough 006B,Anti-social behaviour,,
,2019-03,North Yorkshire Police,North Yorkshire Police,-0.402793,54.282763,On or near Shopping Area,E01027806,Scarborough 006B,Anti-social behaviour,,
,2019-03,North Yorkshire Police,North Yorkshire Police,-0.401302,54.282366,On or near Shopping Area,E01027806,Scarborough 006B,Anti-social behaviour,,
,2019-03,North Yorkshire Police,North Yorkshire Police,-0.401772,54.282947,On or near Aberdeen Terrace,E01027806,Scarborough 006B,Anti-social behaviour,,
,2019-03,North Yorkshire Police,North Yorkshire Police,-0.401302,54.282366,On or near Shopping Area,E01027806,Scarborough 006B,Anti-social behaviour,,
,2019-03,North Yorkshire Police,North Yorkshire Police,-0.401302,54.282366,On or near Shopping Area,E01027806,Scarborough 006B,Anti-social behaviour,,
,2019-03,North Yorkshire Police,North Yorkshire Police,-0.398339,54.285508,On or near Auborough Street,E01027806,Scarborough 006B,Anti-social behaviour,,
,2019-03,North Yorkshire Police,North Yorkshire Police,-0.398719,54.282053,On or near St Nicholas Street,E01027806,Scarborough 006B,Anti-social behaviour,,
,2019-03,North Yorkshire Police,North Yorkshire Police,-0.400221,54.282918,On or near Shopping Area,E01027806,Scarborough 006B,Anti-social behaviour,,
,2019-03,North Yorkshire Police,North Yorkshire Police,-0.403525,54.284085,On or near Castle Road,E01027806,Scarborough 006B,Anti-social behaviour,,
,2019-03,North Yorkshire Police,North Yorkshire Police,-0.401302,54.282366,On or near Shopping Area,E01027806,Scarborough 006B,Anti-social behaviour,,
,2019-03,North Yorkshire Police,North Yorkshire Police,-0.401302,54.282366,On or near Shopping Area,E01027806,Scarborough 006B,Anti-social behaviour,,
,2019-03,North Yorkshire Police,North Yorkshire Police,-0.400246,54.283871,On or near St Thomas Street,E01027806,Scarborough 006B,Anti-social behaviour,,
,2019-03,North Yorkshire Police,North Yorkshire Police,-0.402793,54.282763,On or near Shopping Area,E01027806,Scarborough 006B,Anti-social behaviour,,
,2019-03,North Yorkshire Police,North Yorkshire Police,-0.402973,54.283251,On or near Aberdeen Street,E01027806,Scarborough 006B,Anti-social behaviour,,
,2019-03,North Yorkshire Police,North Yorkshire Police,-0.402793,54.282763,On or near Shopping Area,E01027806,Scarborough 006B,Anti-social behaviour,,
,2019-03,North Yorkshire Police,North Yorkshire Police,-0.396547,54.282977,On or near Prospect Place,E01027806,Scarborough 006B,Anti-social behaviour,,
,2019-03,North Yorkshire Police,North Yorkshire Police,-0.397600,54.284357,On or near Cross Street,E01027806,Scarborough 006B,Anti-social behaviour,,
,2019-03,North Yorkshire Police,North Yorkshire Police,-0.398339,54.285508,On or near Auborough Street,E01027806,Scarborough 006B,Anti-social behaviour,,
,2019-03,North Yorkshire Police,North Yorkshire Police,-0.402793,54.282763,On or near Shopping Area,E01027806,Scarborough 006B,Anti-social behaviour,,
,2019-03,North Yorkshire Police,North Yorkshire Police,-0.398719,54.282053,On or near St Nicholas Street,E01027806,Scarborough 006B,Anti-social behaviour,,
,2019-03,North Yorkshire Police,North Yorkshire Police,-0.399565,54.282010,On or near Shopping Area,E01027806,Scarborough 006B,Anti-social behaviour,,
,2019-03,North Yorkshire Police,North Yorkshire Police,-0.400221,54.282918,On or near Shopping Area,E01027806,Scarborough 006B,Anti-social behaviour,,
,2019-03,North Yorkshire Police,North Yorkshire Police,-0.402793,54.282763,On or near Shopping Area,E01027806,Scarborough 006B,Anti-social behaviour,,
,2019-03,North Yorkshire Police,North Yorkshire Police,-0.403525,54.284085,On or near Castle Road,E01027806,Scarborough 006B,Anti-social behaviour,,
,2019-03,North Yorkshire Police,North Yorkshire Police,-0.402793,54.282763,On or near Shopping Area,E01027806,Scarborough 006B,Anti-social behaviour,,
,2019-03,North Yorkshire Police,North Yorkshire Police,-0.401302,54.282366,On or near Shopping Area,E01027806,Scarborough 006B,Anti-social behaviour,,
,2019-03,North Yorkshire Police,North Yorkshire Police,-0.403525,54.284085,On or near Castle Road,E01027806,Scarborough 006B,Anti-social behaviour,,
,2019-03,North Yorkshire Police,North Yorkshire Police,-0.401302,54.282366,On or near Shopping Area,E01027806,Scarborough 006B,Anti-social behaviour,,
,2019-03,North Yorkshire Police,North Yorkshire Police,-0.401302,54.282366,On or near Shopping Area,E01027806,Scarborough 006B,Anti-social behaviour,,
,2019-03,North Yorkshire Police,North Yorkshire Police,-0.399903,54.284387,On or near Elder'S Street,E01027806,Scarborough 006B,Anti-social behaviour,,
,2019-03,North Yorkshire Police,North Yorkshire Police,-0.401285,54.283615,On or near Providence Place,E01027806,Scarborough 006B,Anti-social behaviour,,
,2019-03,North Yorkshire Police,North Yorkshire Police,-0.398339,54.285508,On or near Auborough Street,E01027806,Scarborough 006B,Anti-social behaviour,,
,2019-03,North Yorkshire Police,North Yorkshire Police,-0.400246,54.283871,On or near St Thomas Street,E01027806,Scarborough 006B,Anti-social behaviour,,
,2019-03,North Yorkshire Police,North Yorkshire Police,-0.401302,54.282366,On or near Shopping Area,E01027806,Scarborough 006B,Anti-social behaviour,,
,2019-03,North Yorkshire Police,North Yorkshire Police,-0.401803,54.285320,On or near George Street,E01027806,Scarborough 006B,Anti-social behaviour,,
,2019-03,North Yorkshire Police,North Yorkshire Police,-0.398339,54.285508,On or near Auborough Street,E01027806,Scarborough 006B,Anti-social behaviour,,
,2019-03,North Yorkshire Police,North Yorkshire Police,-0.400431,54.285428,On or near Parking Area,E01027806,Scarborough 006B,Anti-social behaviour,,
,2019-03,North Yorkshire Police,North Yorkshire Police,-0.402793,54.282763,On or near Shopping Area,E01027806,Scarborough 006B,Anti-social behaviour,,
,2019-03,North Yorkshire Police,North Yorkshire Police,-0.403525,54.284085,On or near Castle Road,E01027806,Scarborough 006B,Anti-social behaviour,,
,2019-03,North Yorkshire Police,North Yorkshire Police,-0.398688,54.284830,On or near Friar'S Way,E01027806,Scarborough 006B,Anti-social behaviour,,
,2019-03,North Yorkshire Police,North Yorkshire Police,-0.398719,54.282053,On or near St Nicholas Street,E01027806,Scarborough 006B,Anti-social behaviour,,
,2019-03,North Yorkshire Police,North Yorkshire Police,-0.403016,54.284537,On or near Castle Road,E01027806,Scarborough 006B,Anti-social behaviour,,
,2019-03,North Yorkshire Police,North Yorkshire Police,-0.400221,54.282918,On or near Shopping Area,E01027806,Scarborough 006B,Anti-social behaviour,,
,2019-03,North Yorkshire Police,North Yorkshire Police,-0.398719,54.282053,On or near St Nicholas Street,E01027806,Scarborough 006B,Anti-social behaviour,,
,2019-03,North Yorkshire Police,North Yorkshire Police,-0.400246,54.283871,On or near St Thomas Street,E01027806,Scarborough 006B,Anti-social behaviour,,
,2019-03,North Yorkshire Police,North Yorkshire Police,-0.400221,54.282918,On or near Shopping Area,E01027806,Scarborough 006B,Anti-social behaviour,,
,2019-03,North Yorkshire Police,North Yorkshire Police,-0.403016,54.284537,On or near Castle Road,E01027806,Scarborough 006B,Anti-social behaviour,,
,2019-03,North Yorkshire Police,North Yorkshire Police,-0.401302,54.282366,On or near Shopping Area,E01027806,Scarborough 006B,Anti-social behaviour,,
,2019-03,North Yorkshire Police,North Yorkshire Police,-0.401302,54.282366,On or near Shopping Area,E01027806,Scarborough 006B,Anti-social behaviour,,
,2019-03,North Yorkshire Police,North Yorkshire Police,-0.402982,54.283817,On or near Bedford Street,E01027806,Scarborough 006B,Anti-social behaviour,,
,2019-03,North Yorkshire Police,North Yorkshire Police,-0.397645,54.283602,On or near Market Street,E01027806,Scarborough 006B,Anti-social behaviour,,
,2019-03,North Yorkshire Police,North Yorkshire Police,-0.402793,54.282763,On or near Shopping Area,E01027806,Scarborough 006B,Anti-social behaviour,,
,2019-03,North Yorkshire Police,North Yorkshire Police,-0.400221,54.282918,On or near Shopping Area,E01027806,Scarborough 006B,Anti-social behaviour,,
,2019-03,North Yorkshire Police,North Yorkshire Police,-0.402793,54.282763,On or near Shopping Area,E01027806,Scarborough 006B,Anti-social behaviour,,
,2019-03,North Yorkshire Police,North Yorkshire Police,-0.399073,54.285194,On or near Friar'S Gardens,E01027806,Scarborough 006B,Anti-social behaviour,,
,2019-03,North Yorkshire Police,North Yorkshire Police,-0.398719,54.282053,On or near St Nicholas Street,E01027806,Scarborough 006B,Anti-social behaviour,,
,2019-03,North Yorkshire Police,North Yorkshire Police,-0.402793,54.282763,On or near Shopping Area,E01027806,Scarborough 006B,Anti-social behaviour,,
,2019-03,North Yorkshire Police,North Yorkshire Police,-0.401302,54.282366,On or near Shopping Area,E01027806,Scarborough 006B,Anti-social behaviour,,
,2019-03,North Yorkshire Police,North Yorkshire Police,-0.401302,54.282366,On or near Shopping Area,E01027806,Scarborough 006B,Anti-social behaviour,,
,2019-03,North Yorkshire Police,North Yorkshire Police,-0.396446,54.282831,On or near Bland'S Cliff,E01027806,Scarborough 006B,Anti-social behaviour,,
,2019-03,North Yorkshire Police,North Yorkshire Police,-0.401302,54.282366,On or near Shopping Area,E01027806,Scarborough 006B,Anti-social behaviour,,
,2019-03,North Yorkshire Police,North Yorkshire Police,-0.401302,54.282366,On or near Shopping Area,E01027806,Scarborough 006B,Anti-social behaviour,,
,2019-03,North Yorkshire Police,North Yorkshire Police,-0.402793,54.282763,On or near Shopping Area,E01027806,Scarborough 006B,Anti-social behaviour,,
,2019-03,North Yorkshire Police,North Yorkshire Police,-0.399565,54.282010,On or near Shopping Area,E01027806,Scarborough 006B,Anti-social behaviour,,
,2019-03,North Yorkshire Police,North Yorkshire Police,-0.400221,54.282918,On or near Shopping Area,E01027806,Scarborough 006B,Anti-social behaviour,,
,2019-03,North Yorkshire Police,North Yorkshire Police,-0.396652,54.282259,On or near Theatre/Concert Hall,E01027806,Scarborough 006B,Anti-social behaviour,,
,2019-03,North Yorkshire Police,North Yorkshire Police,-0.401302,54.282366,On or near Shopping Area,E01027806,Scarborough 006B,Anti-social behaviour,,
,2019-03,North Yorkshire Police,North Yorkshire Police,-0.398688,54.284830,On or near Friar'S Way,E01027806,Scarborough 006B,Anti-social behaviour,,
,2019-03,North Yorkshire Police,North Yorkshire Police,-0.399073,54.285194,On or near Friar'S Gardens,E01027806,Scarborough 006B,Anti-social behaviour,,
,2019-03,North Yorkshire Police,North Yorkshire Police,-0.401772,54.282947,On or near Aberdeen Terrace,E01027806,Scarborough 006B,Anti-social behaviour,,
a713138fecb9d0e5f2659e6172c7dd176ad0d8d8e3b6abc9f8d596f1523ebb21,2019-03,North Yorkshire Police,North Yorkshire Police,-0.400246,54.283871,On or near St Thomas Street,E01027806,Scarborough 006B,Bicycle theft,Under investigation,
0f7dd1429bd53af9d15371d5146a37da8988c42cc48822a33391f42f2f8bee17,2019-03,North Yorkshire Police,North Yorkshire Police,-0.397639,54.282560,On or near King Street,E01027806,Scarborough 006B,Bicycle theft,Investigation complete; no suspect identified,
e8182dfa26fcf4ef40ca315bb288c1236823a66590a631fc7ebca40046a2c709,2019-03,North Yorkshire Police,North Yorkshire Police,-0.403440,54.283500,On or near Union Street,E01027806,Scarborough 006B,Bicycle theft,Investigation complete; no suspect identified,
3f4baa97bb5619b53e464d5afb3ee1de921c7f1808b2a5715a4e32863f7379a4,2019-03,North Yorkshire Police,North Yorkshire Police,-0.401803,54.285320,On or near George Street,E01027806,Scarborough 006B,Burglary,Under investigation,
02856e517e3e573a0df5ed3697e29883acc4e1c0eebf4435414b985d762e5c25,2019-03,North Yorkshire Police,North Yorkshire Police,-0.400246,54.283871,On or near St Thomas Street,E01027806,Scarborough 006B,Burglary,Investigation complete; no suspect identified,
6e98e6c42f21f64c9b4bb4861e097b829e4ee999af56182b2b65da24914ebc43,2019-03,North Yorkshire Police,North Yorkshire Police,-0.401803,54.285320,On or near George Street,E01027806,Scarborough 006B,Burglary,Awaiting court outcome,
b41b0c0e2520f00c2b9a4a468f4dfbdba02478606dbc47c71d442c371f27cc2e,2019-03,North Yorkshire Police,North Yorkshire Police,-0.392518,54.284289,On or near Parking Area,E01027806,Scarborough 006B,Burglary,Investigation complete; no suspect identified,
3f6e91efff76b9fa949c9dda420730ff08b81b1921afdc443b408d8f1aec50fc,2019-03,North Yorkshire Police,North Yorkshire Police,-0.402028,54.285440,On or near James Place,E01027806,Scarborough 006B,Burglary,Under investigation,
91b62d78d008a3dc3abe28879269e23e7e79b558a0987fe7b8f2e2be39d5d12a,2019-03,North Yorkshire Police,North Yorkshire Police,-0.398719,54.282053,On or near St Nicholas Street,E01027806,Scarborough 006B,Burglary,Awaiting court outcome,
ecaeaba0e0e40027a41967d84c3826c4ac80649089dc783344a700a727f2ba40,2019-03,North Yorkshire Police,North Yorkshire Police,-0.402028,54.285440,On or near James Place,E01027806,Scarborough 006B,Burglary,Unable to prosecute suspect,
10255a77267897d8f819852df11074809bfe087d2e7767b0dc3e19dd91f1a903,2019-03,North Yorkshire Police,North Yorkshire Police,-0.399702,54.284016,On or near Parking Area,E01027806,Scarborough 006B,Burglary,Under investigation,
49839147edeb0aef32f2b31f42757d29d6bc8a6c59f5df8170c6312e652fd057,2019-03,North Yorkshire Police,North Yorkshire Police,-0.397645,54.283602,On or near Market Street,E01027806,Scarborough 006B,Criminal damage and arson,Under investigation,
4c6315648509807137bf8cfa1d742f92357b40598e10f88518fdcc71b1898871,2019-03,North Yorkshire Police,North Yorkshire Police,-0.401772,54.282947,On or near Aberdeen Terrace,E01027806,Scarborough 006B,Criminal damage and arson,Investigation complete; no suspect identified,
7e6819ca9693e56e31e4c1eeca573525964c828c70893e86dc2bda214c24178b,2019-03,North Yorkshire Police,North Yorkshire Police,-0.403525,54.284085,On or near Castle Road,E01027806,Scarborough 006B,Criminal damage and arson,Under investigation,
82cb52cebc425eafd5f7e48cea98300c5e160bc5644d38fe1c2e75deb0eecb07,2019-03,North Yorkshire Police,North Yorkshire Police,-0.401302,54.282366,On or near Shopping Area,E01027806,Scarborough 006B,Criminal damage and arson,Investigation complete; no suspect identified,
d612c0e9c389691576f1f9f113a49e171f88705fa8fb192226639cd134a96218,2019-03,North Yorkshire Police,North Yorkshire Police,-0.402793,54.282763,On or near Shopping Area,E01027806,Scarborough 006B,Criminal damage and arson,Unable to prosecute suspect,
6be614da302a240e31bbd55b889ecbc702fa9ff7c04a7a270b6625527b92f7f6,2019-03,North Yorkshire Police,North Yorkshire Police,-0.401302,54.282366,On or near Shopping Area,E01027806,Scarborough 006B,Criminal damage and arson,Under investigation,
c25da1a370e7e4acadefc7d5bac1f14dc3b54bb3867d14546bfb727478b88730,2019-03,North Yorkshire Police,North Yorkshire Police,-0.392518,54.284289,On or near Parking Area,E01027806,Scarborough 006B,Criminal damage and arson,Investigation complete; no suspect identified,
b886292490f8a8fe81ade833e9ff0ba3482989dccc333c4c0b2048b3b87d74bc,2019-03,North Yorkshire Police,North Yorkshire Police,-0.401772,54.282947,On or near Aberdeen Terrace,E01027806,Scarborough 006B,Criminal damage and arson,Under investigation,
3c10ef6adb9a93b61f88950e982aa21081980f38ae666e417f80c138269e04fd,2019-03,North Yorkshire Police,North Yorkshire Police,-0.401302,54.282366,On or near Shopping Area,E01027806,Scarborough 006B,Criminal damage and arson,Investigation complete; no suspect identified,
93bb6d354a1dcb86825d76e60eaf1ce96d0682fad605f2695bf29d42413a222c,2019-03,North Yorkshire Police,North Yorkshire Police,-0.400221,54.282918,On or near Shopping Area,E01027806,Scarborough 006B,Criminal damage and arson,Under investigation,
d6d83826abbcc39213ea37486dadb940474ed8f5d7c7c84d9182346cdbd2990b,2019-03,North Yorkshire Police,North Yorkshire Police,-0.397645,54.283602,On or near Market Street,E01027806,Scarborough 006B,Criminal damage and arson,Unable to prosecute suspect,
cba6b113981c76142d264b5dd8995aa33823e1478041c2001ffde5c847df5706,2019-03,North Yorkshire Police,North Yorkshire Police,-0.400221,54.282918,On or near Shopping Area,E01027806,Scarborough 006B,Criminal damage and arson,Under investigation,
b6d9f344ffbc8e27efd483f549632b32a5cb3cc1d24c668e2d2a367cda38e7c1,2019-03,North Yorkshire Police,North Yorkshire Police,-0.400221,54.282918,On or near Shopping Area,E01027806,Scarborough 006B,Criminal damage and arson,Investigation complete; no suspect identified,
1aa98e1b5bb1c0a9f7c846173aed8ea689f5eac1701233950d3a4d143bb14ee1,2019-03,North Yorkshire Police,North Yorkshire Police,-0.401302,54.282366,On or near Shopping Area,E01027806,Scarborough 006B,Criminal damage and arson,Investigation complete; no suspect identified,
7e0ceaa8f67598c6631a1b38bbdb15dafa83166c8fae85604d2cefa8ac33fceb,2019-03,North Yorkshire Police,North Yorkshire Police,-0.402793,54.282763,On or near Shopping Area,E01027806,Scarborough 006B,Drugs,Under investigation,
6e77e4dccdf444560cca5ecece8e0d77618588a77f787144f836f59a3335d230,2019-03,North Yorkshire Police,North Yorkshire Police,-0.399903,54.284387,On or near Elder'S Street,E01027806,Scarborough 006B,Drugs,Awaiting court outcome,
6390a4ad9d2fea6a324e7dfdcc3c203a0d3a2ed3121a69a0209bba08e8ddf790,2019-03,North Yorkshire Police,North Yorkshire Police,-0.397645,54.283602,On or near Market Street,E01027806,Scarborough 006B,Drugs,Offender given community sentence,
ff2b3d1791ce85959ae36a35953d98a8c5f2f8238966134b8c03d54bbfc13893,2019-03,North Yorkshire Police,North Yorkshire Police,-0.398688,54.284830,On or near Friar'S Way,E01027806,Scarborough 006B,Drugs,Under investigation,
f1b05102ab21094f10a2a7d9e8921281079c7bd77985235c5936a4e3cecce273,2019-03,North Yorkshire Police,North Yorkshire Police,-0.402793,54.282763,On or near Shopping Area,E01027806,Scarborough 006B,Drugs,Offender given a caution,
0d736e25dcc06d85d2232559a67a9b9ca50649d366f877ae67e56d5d87ddfcef,2019-03,North Yorkshire Police,North Yorkshire Police,-0.402793,54.282763,On or near Shopping Area,E01027806,Scarborough 006B,Drugs,Under investigation,
4b1939b8e965e09523bade7956e3a174f42e3b3f9e07490c471038a0698ebf8c,2019-03,North Yorkshire Police,North Yorkshire Police,-0.394617,54.283643,On or near Eastborough,E01027806,Scarborough 006B,Drugs,Offender given community sentence,
51d8a3f5e3e6dd6511e80e9708b42e6e8c41822295fe130b349b65e170f47f67,2019-03,North Yorkshire Police,North Yorkshire Police,-0.401803,54.285320,On or near George Street,E01027806,Scarborough 006B,Drugs,Offender given a drugs possession warning,
67bd0dbd58224c61fd183cb9e979a8104f6b5b6296cbaabc89db0a8aca6f0089,2019-03,North Yorkshire Police,North Yorkshire Police,-0.402793,54.282763,On or near Shopping Area,E01027806,Scarborough 006B,Drugs,Under investigation,
ec7027f4b5e0e8e85e0ee57c15d5daed8f6cff1fe418389273c22558a08567d8,2019-03,North Yorkshire Police,North Yorkshire Police,-0.403016,54.284537,On or near Castle Road,E01027806,Scarborough 006B,Drugs,Under investigation,
af971ac320fadf28af1d8917463bc18e531999086de615eb8fefd8d4dc335069,2019-03,North Yorkshire Police,North Yorkshire Police,-0.398719,54.282053,On or near St Nicholas Street,E01027806,Scarborough 006B,Other theft,Under investigation,
c8569240dcd76a47e2bb263760a16852966d3a11aa30d589fc2dfed322b3501f,2019-03,North Yorkshire Police,North Yorkshire Police,-0.402469,54.283981,On or near Sussex Street,E01027806,Scarborough 006B,Other theft,Under investigation,
718dc7ead21843f3c7c6b3940b07bebdfb443571bbdbcf3f363d42a913958c7d,2019-03,North Yorkshire Police,North Yorkshire Police,-0.402469,54.283981,On or near Sussex Street,E01027806,Scarborough 006B,Other theft,Unable to prosecute suspect,
ac800a6c0e9639b95d41d54f22a2af3d7dce5f80239aa9f33d37b20f749e4a2b,2019-03,North Yorkshire Police,North Yorkshire Police,-0.400431,54.285428,On or near Parking Area,E01027806,Scarborough 006B,Other theft,Unable to prosecute suspect,
669951e3e5092e2c56b5c1c8a5440fb77732a0b32da9711fce046e2b58ea8346,2019-03,North Yorkshire Police,North Yorkshire Police,-0.399073,54.285194,On or near Friar'S Gardens,E01027806,Scarborough 006B,Other theft,Investigation complete; no suspect identified,
2e8b535cbfd98aff0ae91f42ba2c3b0c4156e8c755c1fd5f6ca6c3d12f5a9831,2019-03,North Yorkshire Police,North Yorkshire Police,-0.394617,54.283643,On or near Eastborough,E01027806,Scarborough 006B,Other theft,Investigation complete; no suspect identified,
a3261e253416766208ea50f52db4aa2d81b34fa78683e1b64adda76650cd61e3,2019-03,North Yorkshire Police,North Yorkshire Police,-0.402793,54.282763,On or near Shopping Area,E01027806,Scarborough 006B,Other theft,Investigation complete; no suspect identified,
9d30bff9d95f611962a81b824d095a8023b7cc756729b893e14f0fff6175bce2,2019-03,North Yorkshire Police,North Yorkshire Police,-0.402793,54.282763,On or near Shopping Area,E01027806,Scarborough 006B,Possession of weapons,Awaiting court outcome,
728f7933a5ff36d13b00e259293754a7e98bfe157592f6467dbc5516e737f1ca,2019-03,North Yorkshire Police,North Yorkshire Police,-0.394617,54.283643,On or near Eastborough,E01027806,Scarborough 006B,Possession of weapons,Offender given community sentence,
c32b448038166877e78c70faad51306eb59e5e50a06630f5c4656891909136fd,2019-03,North Yorkshire Police,North Yorkshire Police,-0.401803,54.285320,On or near George Street,E01027806,Scarborough 006B,Public order,Under investigation,
ae7de62ac20a4db9a317b02664b2a65b841e820f50006870d812b5e1e8bf2dca,2019-03,North Yorkshire Police,North Yorkshire Police,-0.401302,54.282366,On or near Shopping Area,E01027806,Scarborough 006B,Public order,Awaiting court outcome,
dc943bba4f63446e069870e432da42b96c159dd14646cee57d3954ac6acfab45,2019-03,North Yorkshire Police,North Yorkshire Police,-0.397449,54.282710,On or near Parking Area,E01027806,Scarborough 006B,Public order,Under investigation,
f93cac61aaed7b0fdc5256d8fec8aadbebee811e7a24969a0ced5320da1cfed5,2019-03,North Yorkshire Police,North Yorkshire Police,-0.399702,54.284016,On or near Parking Area,E01027806,Scarborough 006B,Public order,Investigation complete; no suspect identified,
726f4f5c5dc328edff4201292b38d0b0b7eb6c9409f3a63a7be4ab4453c0bb05,2019-03,North Yorkshire Police,North Yorkshire Police,-0.398719,54.282053,On or near St Nicholas Street,E01027806,Scarborough 006B,Public order,Offender fined,
4813442bc688ad0a9e8d0234195c832963cf3f88922e1e452ab20a1ca71c6cb4,2019-03,North Yorkshire Police,North Yorkshire Police,-0.402793,54.282763,On or near Shopping Area,E01027806,Scarborough 006B,Public order,Under investigation,
abd6c1a3cefe0039fed8ee448c5c96f63b822ee3cf1e86ee582480dff55ac0d6,2019-03,North Yorkshire Police,North Yorkshire Police,-0.398719,54.282053,On or near St Nicholas Street,E01027806,Scarborough 006B,Public order,Under investigation,
852ef4a37f15acef71233dd122e19e6a26c0ab84d5c3d9e5e53aad4a1ed8878a,2019-03,North Yorkshire Police,North Yorkshire Police,-0.403525,54.284085,On or near Castle Road,E01027806,Scarborough 006B,Public order,Under investigation,
14d15b848a80734f9e50bc2249928c098f646e1ea70b7e1085464d6f4a344e02,2019-03,North Yorkshire Police,North Yorkshire Police,-0.403016,54.284537,On or near Castle Road,E01027806,Scarborough 006B,Public order,Offender given a caution,
0b889a1610481e47d0ea639b3380807782a853c4135eba3e847e5c4be1b2f750,2019-03,North Yorkshire Police,North Yorkshire Police,-0.400221,54.282918,On or near Shopping Area,E01027806,Scarborough 006B,Public order,Offender given a caution,
183b5b6d83f983aca7aca7b94ce98297f170c7d07cc5885c42a7e65977df24f2,2019-03,North Yorkshire Police,North Yorkshire Police,-0.402793,54.282763,On or near Shopping Area,E01027806,Scarborough 006B,Robbery,Under investigation,
5b7d3843f4dd8619d293018132cb6c060e1c89c67238d6eb40da2fe0884378db,2019-03,North Yorkshire Police,North Yorkshire Police,-0.399903,54.284387,On or near Elder'S Street,E01027806,Scarborough 006B,Robbery,Unable to prosecute suspect,
6748965aa0eedf3959e7b4845a72c987577722610436fc0a35fe4c2635bc7a8d,2019-03,North Yorkshire Police,North Yorkshire Police,-0.392518,54.284289,On or near Parking Area,E01027806,Scarborough 006B,Shoplifting,Investigation complete; no suspect identified,
f2b84d00705e6c1931c375f7081e082a2fa5ed0c9d3a3bfaad9c505ae039af98,2019-03,North Yorkshire Police,North Yorkshire Police,-0.397645,54.283602,On or near Market Street,E01027806,Scarborough 006B,Shoplifting,Local resolution,
f170cdb46560a8e9bc46427c6c6d549a1448a5dc155e18116310d8233a586e6d,2019-03,North Yorkshire Police,North Yorkshire Police,-0.401302,54.282366,On or near Shopping Area,E01027806,Scarborough 006B,Shoplifting,Awaiting court outcome,
15c790fe1293d7f72584d8052318fc7c77e7a49abbd5b5e386ce406b8a33f5a9,2019-03,North Yorkshire Police,North Yorkshire Police,-0.401302,54.282366,On or near Shopping Area,E01027806,Scarborough 006B,Shoplifting,Investigation complete; no suspect identified,
8722b85d859c5168265a42e9de766d5f789ae3e36aaafc3818fd1216e867b664,2019-03,North Yorkshire Police,North Yorkshire Police,-0.399565,54.282010,On or near Shopping Area,E01027806,Scarborough 006B,Shoplifting,Under investigation,
d90b033bd15c847b92d3739f03d90a562155c2c4481d2914ee99a7ddfa4c664a,2019-03,North Yorkshire Police,North Yorkshire Police,-0.401302,54.282366,On or near Shopping Area,E01027806,Scarborough 006B,Shoplifting,Offender given suspended prison sentence,
082004eec82a86540b39af3172311a371e2029eafc029e8a6e58076cf4d69744,2019-03,North Yorkshire Police,North Yorkshire Police,-0.397645,54.283602,On or near Market Street,E01027806,Scarborough 006B,Shoplifting,Awaiting court outcome,
bc6843613e882a953a09265a7a2ae655b690456a3e1043cb1bec1431bd123a4c,2019-03,North Yorkshire Police,North Yorkshire Police,-0.399565,54.282010,On or near Shopping Area,E01027806,Scarborough 006B,Shoplifting,Under investigation,
53107be3ff6d42f77f4aa476cb3269dbacc3274ea3efaa207df0c6c1e44dd11d,2019-03,North Yorkshire Police,North Yorkshire Police,-0.399565,54.282010,On or near Shopping Area,E01027806,Scarborough 006B,Shoplifting,Awaiting court outcome,
76c69f248ae5098377519f68f3cefa4e06aeb5e06f8719ba2728d9aa1d214cf1,2019-03,North Yorkshire Police,North Yorkshire Police,-0.402793,54.282763,On or near Shopping Area,E01027806,Scarborough 006B,Shoplifting,Unable to prosecute suspect,
a48e75cffa778be614d2eacab2c7467616b59bbd0772778ce191a5403b53c088,2019-03,North Yorkshire Police,North Yorkshire Police,-0.401302,54.282366,On or near Shopping Area,E01027806,Scarborough 006B,Shoplifting,Investigation complete; no suspect identified,
930b97ebbaa60c1b60795f46f3fa0d7e52212894fadd56e7e9955a8b4683e85d,2019-03,North Yorkshire Police,North Yorkshire Police,-0.397645,54.283602,On or near Market Street,E01027806,Scarborough 006B,Shoplifting,Local resolution,
4f2f5465f804f036649555e6a9c2f8468d276580ef7851091c1803ffe59c898a,2019-03,North Yorkshire Police,North Yorkshire Police,-0.399481,54.283384,On or near Nightclub,E01027806,Scarborough 006B,Shoplifting,Offender given community sentence,
dc2f92f506add34a96dbfb3ae7d9e7611a0a5c6586990aef50922e15e66f0ab4,2019-03,North Yorkshire Police,North Yorkshire Police,-0.401302,54.282366,On or near Shopping Area,E01027806,Scarborough 006B,Shoplifting,Unable to prosecute suspect,
0a47a8bc73518493d38af2a65960d38cfe078dec677524cb5277d22942f53927,2019-03,North Yorkshire Police,North Yorkshire Police,-0.397645,54.283602,On or near Market Street,E01027806,Scarborough 006B,Shoplifting,Offender given community sentence,
afb1ee5c540b2fa0d21ab7e8a2a9513f5730a9b62fa59602b1b1cdd0a8610a5e,2019-03,North Yorkshire Police,North Yorkshire Police,-0.400221,54.282918,On or near Shopping Area,E01027806,Scarborough 006B,Shoplifting,Offender given conditional discharge,
0e1db697829d2329e0e70861e315eb3e1866d16f47019da00afa21a7ef576d02,2019-03,North Yorkshire Police,North Yorkshire Police,-0.397645,54.283602,On or near Market Street,E01027806,Scarborough 006B,Shoplifting,Under investigation,
74744bc78dee6750aaed7fa9784c629f4d9c3ad6294a5005f599a8a5a81d0f87,2019-03,North Yorkshire Police,North Yorkshire Police,-0.401302,54.282366,On or near Shopping Area,E01027806,Scarborough 006B,Shoplifting,Under investigation,
f7b601d5bf565282dd79842ce80b7b030ef5a50b74f6f9ab378e595c4b88751f,2019-03,North Yorkshire Police,North Yorkshire Police,-0.400477,54.283442,On or near Shopping Area,E01027806,Scarborough 006B,Shoplifting,Unable to prosecute suspect,
3db408d6e0fdd80356f87445195b233f65d1caa451c39344ef4397c631c258db,2019-03,North Yorkshire Police,North Yorkshire Police,-0.401772,54.282947,On or near Aberdeen Terrace,E01027806,Scarborough 006B,Shoplifting,Under investigation,
205835a73be9b82777d9c24c56cd6d954a0d9137bcd0c717a2f39904a5e9f2f8,2019-03,North Yorkshire Police,North Yorkshire Police,-0.401302,54.282366,On or near Shopping Area,E01027806,Scarborough 006B,Shoplifting,Under investigation,
f8399073d4ad38cb5d91a63f91c12d332d04658e08a8296c757f7e6340ed7786,2019-03,North Yorkshire Police,North Yorkshire Police,-0.397645,54.283602,On or near Market Street,E01027806,Scarborough 006B,Shoplifting,Under investigation,
3a2fe69bd6cd4d6412cfd2dc31b9a72275d1039256a175de3c1466e55995a44b,2019-03,North Yorkshire Police,North Yorkshire Police,-0.402793,54.282763,On or near Shopping Area,E01027806,Scarborough 006B,Theft from the person,Investigation complete; no suspect identified,
ae9743f44badec64519c657ca0d4b24d3cd22f4307c0c1385a8f2a74a0bbf2c3,2019-03,North Yorkshire Police,North Yorkshire Police,-0.403525,54.284085,On or near Castle Road,E01027806,Scarborough 006B,Vehicle crime,Under investigation,
58cef3735ddfa26072c08e3be341fe16dc4eb011a2796696a57370db0e9682ba,2019-03,North Yorkshire Police,North Yorkshire Police,-0.402793,54.282763,On or near Shopping Area,E01027806,Scarborough 006B,Vehicle crime,Investigation complete; no suspect identified,
ddb0ec75015f021cea3045830c327f359f9525f379967d9ae756b7aac2a31471,2019-03,North Yorkshire Police,North Yorkshire Police,-0.402469,54.283981,On or near Sussex Street,E01027806,Scarborough 006B,Vehicle crime,Investigation complete; no suspect identified,
ff686c1065f7e46f8b8eb6acdbe9db291c26ae3e4045ea64919f87a814d77268,2019-03,North Yorkshire Police,North Yorkshire Police,-0.396045,54.283653,On or near Leading Post Street,E01027806,Scarborough 006B,Violence and sexual offences,Under investigation,
e3ab202f8de86950f52368640258e7ee6c09cf3900f86db3e18e1a0e45306659,2019-03,North Yorkshire Police,North Yorkshire Police,-0.399481,54.283384,On or near Nightclub,E01027806,Scarborough 006B,Violence and sexual offences,Under investigation,
de8820f74cc35520181484ce8fb70f62a459617dd656f2e7452a7e601615e592,2019-03,North Yorkshire Police,North Yorkshire Police,-0.403016,54.284537,On or near Castle Road,E01027806,Scarborough 006B,Violence and sexual offences,Investigation complete; no suspect identified,
8dfa424bb0bc4e6b4099fe651f2b9004eb1174788f8869498f68a116db8a7657,2019-03,North Yorkshire Police,North Yorkshire Police,-0.398719,54.282053,On or near St Nicholas Street,E01027806,Scarborough 006B,Violence and sexual offences,Under investigation,
165afd24678753fa2415afd02a2702479b0b27745cb5e7c9f67982580696db70,2019-03,North Yorkshire Police,North Yorkshire Police,-0.396446,54.282831,On or near Bland'S Cliff,E01027806,Scarborough 006B,Violence and sexual offences,Unable to prosecute suspect,
5cfdbe704ec981079e575c1ec5787ebb69dde7edf5510c1bc7fb90d99f765db9,2019-03,North Yorkshire Police,North Yorkshire Police,-0.401302,54.282366,On or near Shopping Area,E01027806,Scarborough 006B,Violence and sexual offences,Offender given community sentence,
7f19257f8a29f65d38b23e4fead0b75b7f53b1fb414c8e5ec987b3665ca77e5a,2019-03,North Yorkshire Police,North Yorkshire Police,-0.401772,54.282947,On or near Aberdeen Terrace,E01027806,Scarborough 006B,Violence and sexual offences,Unable to prosecute suspect,
8418dcb19b9bd792b949a71c73f8bf4ad4e226a7474fd693fe7776d843ebd2cb,2019-03,North Yorkshire Police,North Yorkshire Police,-0.401302,54.282366,On or near Shopping Area,E01027806,Scarborough 006B,Violence and sexual offences,Unable to prosecute suspect,
1b969b37cf2dd5aa37928aa35221bf6a578afe886e42b70a033bd2c71bbeef3b,2019-03,North Yorkshire Police,North Yorkshire Police,-0.401803,54.285320,On or near George Street,E01027806,Scarborough 006B,Violence and sexual offences,Under investigation,
d91a42171b60b7522315155cde8981f9a95759dc99513c9523a3903a689ffc5f,2019-03,North Yorkshire Police,North Yorkshire Police,-0.398719,54.282053,On or near St Nicholas Street,E01027806,Scarborough 006B,Violence and sexual offences,Offender given a caution,
e88a31e7a05047162224d675d8fe8166de774f48ff20fd4d12386b7270681899,2019-03,North Yorkshire Police,North Yorkshire Police,-0.398719,54.282053,On or near St Nicholas Street,E01027806,Scarborough 006B,Violence and sexual offences,Under investigation,
e8c058e09850513320ba24b3bdb0535fdd2e3e28b0c67bac07f9a45a0c9d7231,2019-03,North Yorkshire Police,North Yorkshire Police,-0.402793,54.282763,On or near Shopping Area,E01027806,Scarborough 006B,Violence and sexual offences,Under investigation,
6390816a99a9cb8b261288b20adad715aa48fde1367188c9ca54d7533c6eb60f,2019-03,North Yorkshire Police,North Yorkshire Police,-0.396547,54.282977,On or near Prospect Place,E01027806,Scarborough 006B,Violence and sexual offences,Under investigation,
18b0d7e6da3ac18a7dd5b0464a9f78ec95478f7d1b372747c3e8bc2f2962d892,2019-03,North Yorkshire Police,North Yorkshire Police,-0.401302,54.282366,On or near Shopping Area,E01027806,Scarborough 006B,Violence and sexual offences,Offender given community sentence,
976a19d32192edd48ac63da26de4abe9a7930f936b339dd1b0cac303a15e3d96,2019-03,North Yorkshire Police,North Yorkshire Police,-0.396045,54.283653,On or near Leading Post Street,E01027806,Scarborough 006B,Violence and sexual offences,Under investigation,
a1baaa978b24279bf7dfc064d0a84f2d815580f490bbc4259f484aa19cd9e50f,2019-03,North Yorkshire Police,North Yorkshire Police,-0.397449,54.282710,On or near Parking Area,E01027806,Scarborough 006B,Violence and sexual offences,Under investigation,
6b53cef981ca2762a57c3d53b82024f4f5a16c8302c7ac8c4effeddddde92e0d,2019-03,North Yorkshire Police,North Yorkshire Police,-0.403525,54.284085,On or near Castle Road,E01027806,Scarborough 006B,Violence and sexual offences,Under investigation,
e5cc03c3053ab95e331ec80bbccfac4df275aaa9cbe424057822bf474cea9bd3,2019-03,North Yorkshire Police,North Yorkshire Police,-0.401772,54.282947,On or near Aberdeen Terrace,E01027806,Scarborough 006B,Violence and sexual offences,Unable to prosecute suspect,
3700502d27c8d99085508736c5d2280479cc3759d44c939a3c48075362bdb88e,2019-03,North Yorkshire Police,North Yorkshire Police,-0.402028,54.285440,On or near James Place,E01027806,Scarborough 006B,Violence and sexual offences,Under investigation,
4131311ea4efa725a04eb17e863f59e667e39ebcb621fd1adbe0ead8556e340a,2019-03,North Yorkshire Police,North Yorkshire Police,-0.400246,54.283871,On or near St Thomas Street,E01027806,Scarborough 006B,Violence and sexual offences,Under investigation,
c665a043376122a43c7990640098d413b37c59c6769599e484810a7b243fc38f,2019-03,North Yorkshire Police,North Yorkshire Police,-0.400431,54.285428,On or near Parking Area,E01027806,Scarborough 006B,Violence and sexual offences,Under investigation,
a49bcc09bd814d15f3f995f9c9f583cc81d0d73c0c7e33855fbebabe148c82b6,2019-03,North Yorkshire Police,North Yorkshire Police,-0.401302,54.282366,On or near Shopping Area,E01027806,Scarborough 006B,Violence and sexual offences,Under investigation,
89b5bb197194920434819248cbc4f261f0136b4783405e241597946a3d56e8df,2019-03,North Yorkshire Police,North Yorkshire Police,-0.402793,54.282763,On or near Shopping Area,E01027806,Scarborough 006B,Violence and sexual offences,Under investigation,
c10860d71c15455af5d5c062144965f8322944af396c1b155cc9e6131b16a7a0,2019-03,North Yorkshire Police,North Yorkshire Police,-0.399481,54.283384,On or near Nightclub,E01027806,Scarborough 006B,Violence and sexual offences,Unable to prosecute suspect,
bd70a662ace34670b8f964c498ae9f81a8c3fb3af2cc6f0411e5b9daf96dc8c3,2019-03,North Yorkshire Police,North Yorkshire Police,-0.400431,54.285428,On or near Parking Area,E01027806,Scarborough 006B,Violence and sexual offences,Under investigation,
d160d69e2eddc03c4b8c8e24bb38ec5d4330f5ad19315a1fa039071a58d93686,2019-03,North Yorkshire Police,North Yorkshire Police,-0.398719,54.282053,On or near St Nicholas Street,E01027806,Scarborough 006B,Violence and sexual offences,Offender given a caution,
dd197718296db6318413972f52efe8ab1089b39ade92f6e7e99a65482086efb5,2019-03,North Yorkshire Police,North Yorkshire Police,-0.392518,54.284289,On or near Parking Area,E01027806,Scarborough 006B,Violence and sexual offences,Unable to prosecute suspect,
6495f2841332bc95d5eb9059aa4931bd7c45bbc12a0b4a9d48e053c42471585a,2019-03,North Yorkshire Police,North Yorkshire Police,-0.402793,54.282763,On or near Shopping Area,E01027806,Scarborough 006B,Violence and sexual offences,Under investigation,
431f5959271efa864a226a484c82e30ebd25681d7c5984336f105b6f4ba015e8,2019-03,North Yorkshire Police,North Yorkshire Police,-0.403016,54.284537,On or near Castle Road,E01027806,Scarborough 006B,Other crime,Under investigation,
,2019-03,North Yorkshire Police,North Yorkshire Police,-0.406416,54.286793,On or near Trafalgar Road,E01027846,Scarborough 006C,Anti-social behaviour,,
,2019-03,North Yorkshire Police,North Yorkshire Police,-0.407830,54.287171,On or near Moorland Road,E01027846,Scarborough 006C,Anti-social behaviour,,
,2019-03,North Yorkshire Police,North Yorkshire Police,-0.402412,54.287036,On or near Durham Place,E01027846,Scarborough 006C,Anti-social behaviour,,
,2019-03,North Yorkshire Police,North Yorkshire Police,-0.409065,54.292212,On or near A165,E01027846,Scarborough 006C,Anti-social behaviour,,
,2019-03,North Yorkshire Police,North Yorkshire Police,-0.408738,54.293115,On or near Park/Open Space,E01027846,Scarborough 006C,Anti-social behaviour,,
,2019-03,North Yorkshire Police,North Yorkshire Police,-0.409065,54.292212,On or near A165,E01027846,Scarborough 006C,Anti-social behaviour,,
,2019-03,North Yorkshire Police,North Yorkshire Police,-0.406310,54.289137,On or near Woodall Avenue,E01027846,Scarborough 006C,Anti-social behaviour,,
,2019-03,North Yorkshire Police,North Yorkshire Police,-0.406416,54.286793,On or near Trafalgar Road,E01027846,Scarborough 006C,Anti-social behaviour,,
,2019-03,North Yorkshire Police,North Yorkshire Police,-0.406416,54.286793,On or near Trafalgar Road,E01027846,Scarborough 006C,Anti-social behaviour,,
,2019-03,North Yorkshire Police,North Yorkshire Police,-0.406416,54.286793,On or near Trafalgar Road,E01027846,Scarborough 006C,Anti-social behaviour,,
,2019-03,North Yorkshire Police,North Yorkshire Police,-0.406416,54.286793,On or near Trafalgar Road,E01027846,Scarborough 006C,Anti-social behaviour,,
f26f9840aea3f4f9e7b680319dd890a222b782ad7226b1b4bd68e2cb6ce1f098,2019-03,North Yorkshire Police,North Yorkshire Police,-0.404209,54.286656,On or near Sydney Street,E01027846,Scarborough 006C,Burglary,Offender otherwise dealt with,
2c082944341bd803471f216e92b01fb41a85b5d3df4c0e93991e878df601b2e1,2019-03,North Yorkshire Police,North Yorkshire Police,-0.406614,54.289627,On or near Victoria Park Avenue,E01027846,Scarborough 006C,Burglary,Under investigation,
5303d78a4c67cf7977798488a1bf1b4d34607059671c2ff6ca193d0d82843a3f,2019-03,North Yorkshire Police,North Yorkshire Police,-0.409065,54.292212,On or near A165,E01027846,Scarborough 006C,Burglary,Under investigation,
71fb01e1bcbd27128177d28e741b54f25dbaca633eba8adf175821fca6f7e50d,2019-03,North Yorkshire Police,North Yorkshire Police,-0.402412,54.287036,On or near Durham Place,E01027846,Scarborough 006C,Burglary,Investigation complete; no suspect identified,
98470dee338c8af6bd763ff484d76acffc3751b11a0bbb937fe457996ddbc066,2019-03,North Yorkshire Police,North Yorkshire Police,-0.407741,54.288680,On or near Hospital,E01027846,Scarborough 006C,Burglary,Under investigation,
7a7e95bf7ccfbee27ef37251a6343ba5b3296876b1517f4e6543a5c89bae999b,2019-03,North Yorkshire Police,North Yorkshire Police,-0.407741,54.288680,On or near Hospital,E01027846,Scarborough 006C,Burglary,Under investigation,
4dec285185bc1f8fb29f3ca35c8271fa0363cdf3e8d8ff027b1e742ff0368d8b,2019-03,North Yorkshire Police,North Yorkshire Police,-0.408622,54.286552,On or near Langdale Road,E01027846,Scarborough 006C,Criminal damage and arson,Unable to prosecute suspect,
fb43d02b921fbf36a9c30e8c9ed73d90443b416b3e977b86a61c775e2afa5101,2019-03,North Yorkshire Police,North Yorkshire Police,-0.402412,54.287036,On or near Durham Place,E01027846,Scarborough 006C,Criminal damage and arson,Under investigation,
77a0c4afc43ef089e3e0ca42fc34ac2f5aa126df441352280cfb5631582f9a2c,2019-03,North Yorkshire Police,North Yorkshire Police,-0.406614,54.289627,On or near Victoria Park Avenue,E01027846,Scarborough 006C,Criminal damage and arson,Investigation complete; no suspect identified,
23101aa9a4fa59040f5f542c126d2d48ac3953ea4f16f894a77a28c6b667f8ef,2019-03,North Yorkshire Police,North Yorkshire Police,-0.408738,54.293115,On or near Park/Open Space,E01027846,Scarborough 006C,Drugs,Under investigation,
e8e26620266945689f94d1b384d63c9cd68b209d9491fe35879ac821f5b8c62b,2019-03,North Yorkshire Police,North Yorkshire Police,-0.406416,54.286793,On or near Trafalgar Road,E01027846,Scarborough 006C,Public order,Under investigation,
2ad309efa4726496f8c100e68bef4764ac778eb45abd7a5c867fba7ed360420e,2019-03,North Yorkshire Police,North Yorkshire Police,-0.402412,54.287036,On or near Durham Place,E01027846,Scarborough 006C,Shoplifting,Under investigation,
294d1c6dce664d4771de62741b2b18c5f25a7ff28a80200e0f39f54e9b0bf938,2019-03,North Yorkshire Police,North Yorkshire Police,-0.402412,54.287036,On or near Durham Place,E01027846,Scarborough 006C,Shoplifting,Investigation complete; no suspect identified,
09d4a2277a9d2de5db85dce5d099588ba1331f00d9e7087e93711bee0479563d,2019-03,North Yorkshire Police,North Yorkshire Police,-0.402412,54.287036,On or near Durham Place,E01027846,Scarborough 006C,Shoplifting,Under investigation,
cb39b3afbc17676db5ef85bfa5ba8d0a87a3d698da8cc1bfe428425f8e21dbe8,2019-03,North Yorkshire Police,North Yorkshire Police,-0.408622,54.286552,On or near Langdale Road,E01027846,Scarborough 006C,Vehicle crime,Investigation complete; no suspect identified,
68246fcbc7c324cc600c3e1d0299b5898c6aaacdb919f27803aa3abec405d105,2019-03,North Yorkshire Police,North Yorkshire Police,-0.407244,54.287235,On or near Tennyson Avenue,E01027846,Scarborough 006C,Violence and sexual offences,Under investigation,
15f02cc248c29102781ad0027269d657db70ea235420822d5fbea5b7872bde51,2019-03,North Yorkshire Police,North Yorkshire Police,-0.402412,54.287036,On or near Durham Place,E01027846,Scarborough 006C,Violence and sexual offences,Under investigation,
adf13710a601e5e05e209cff4b85fb5c52221e0227102543573cbd281daf358c,2019-03,North Yorkshire Police,North Yorkshire Police,-0.409065,54.292212,On or near A165,E01027846,Scarborough 006C,Violence and sexual offences,Under investigation,
8bf78eee4ee840f64730537b07862e4fd2674a8d1a9042f7d7b24c7c5dad9469,2019-03,North Yorkshire Police,North Yorkshire Police,-0.408622,54.286552,On or near Langdale Road,E01027846,Scarborough 006C,Violence and sexual offences,Under investigation,
4752b33c0b6169cc90d91ddd003507a8152f02216f295e12444d2f7289181201,2019-03,North Yorkshire Police,North Yorkshire Police,-0.407741,54.288680,On or near Hospital,E01027846,Scarborough 006C,Violence and sexual offences,Awaiting court outcome,
b14133bd9bb416e064d8c83bb80912d0e4531c75065c6ca99a05941c6ea508c3,2019-03,North Yorkshire Police,North Yorkshire Police,-0.406416,54.286793,On or near Trafalgar Road,E01027846,Scarborough 006C,Violence and sexual offences,Unable to prosecute suspect,
,2019-03,North Yorkshire Police,North Yorkshire Police,-0.401667,54.285642,On or near Regent Street,E01027847,Scarborough 006D,Anti-social behaviour,,
,2019-03,North Yorkshire Police,North Yorkshire Police,-0.405384,54.285673,On or near Wrea Lane,E01027847,Scarborough 006D,Anti-social behaviour,,
,2019-03,North Yorkshire Police,North Yorkshire Police,-0.404761,54.284685,On or near Dean Road,E01027847,Scarborough 006D,Anti-social behaviour,,
,2019-03,North Yorkshire Police,North Yorkshire Police,-0.404761,54.284685,On or near Dean Road,E01027847,Scarborough 006D,Anti-social behaviour,,
,2019-03,North Yorkshire Police,North Yorkshire Police,-0.402220,54.286036,On or near Hope Street,E01027847,Scarborough 006D,Anti-social behaviour,,
,2019-03,North Yorkshire Police,North Yorkshire Police,-0.405336,54.290500,On or near Queen'S Parade,E01027847,Scarborough 006D,Anti-social behaviour,,
,2019-03,North Yorkshire Police,North Yorkshire Police,-0.405922,54.286849,On or near Trafalgar Terrace,E01027847,Scarborough 006D,Anti-social behaviour,,
,2019-03,North Yorkshire Police,North Yorkshire Police,-0.397477,54.286728,On or near Blenheim Street,E01027847,Scarborough 006D,Anti-social behaviour,,
,2019-03,North Yorkshire Police,North Yorkshire Police,-0.400840,54.286782,On or near Albert Street,E01027847,Scarborough 006D,Anti-social behaviour,,
,2019-03,North Yorkshire Police,North Yorkshire Police,-0.405336,54.290500,On or near Queen'S Parade,E01027847,Scarborough 006D,Anti-social behaviour,,
,2019-03,North Yorkshire Police,North Yorkshire Police,-0.405922,54.286849,On or near Trafalgar Terrace,E01027847,Scarborough 006D,Anti-social behaviour,,
,2019-03,North Yorkshire Police,North Yorkshire Police,-0.402220,54.286036,On or near Hope Street,E01027847,Scarborough 006D,Anti-social behaviour,,
,2019-03,North Yorkshire Police,North Yorkshire Police,-0.402220,54.286036,On or near Hope Street,E01027847,Scarborough 006D,Anti-social behaviour,,
,2019-03,North Yorkshire Police,North Yorkshire Police,-0.402860,54.288166,On or near North Marine Road,E01027847,Scarborough 006D,Anti-social behaviour,,
,2019-03,North Yorkshire Police,North Yorkshire Police,-0.397477,54.286728,On or near Blenheim Street,E01027847,Scarborough 006D,Anti-social behaviour,,
,2019-03,North Yorkshire Police,North Yorkshire Police,-0.401667,54.285642,On or near Regent Street,E01027847,Scarborough 006D,Anti-social behaviour,,
,2019-03,North Yorkshire Police,North Yorkshire Police,-0.405384,54.285673,On or near Wrea Lane,E01027847,Scarborough 006D,Anti-social behaviour,,
,2019-03,North Yorkshire Police,North Yorkshire Police,-0.405384,54.285673,On or near Wrea Lane,E01027847,Scarborough 006D,Anti-social behaviour,,
,2019-03,North Yorkshire Police,North Yorkshire Police,-0.403758,54.284816,On or near Oxford Street,E01027847,Scarborough 006D,Anti-social behaviour,,
820720e437e4eb750226682ee8141dbd65111840934fafd703405eea88a20e03,2019-03,North Yorkshire Police,North Yorkshire Police,-0.404761,54.284685,On or near Dean Road,E01027847,Scarborough 006D,Burglary,Under investigation,
4aec6dcc8a1f024ed727af636ba4717c804f0fae04486ec9a2c8bbc1e3b7ebe7,2019-03,North Yorkshire Police,North Yorkshire Police,-0.405384,54.285673,On or near Wrea Lane,E01027847,Scarborough 006D,Burglary,Under investigation,
f7fd49ad079bd66cf3c3007f9774893262f0919720a9ad4ccc199b42a193f26f,2019-03,North Yorkshire Police,North Yorkshire Police,-0.402096,54.286466,On or near Clark Street,E01027847,Scarborough 006D,Burglary,Investigation complete; no suspect identified,
349c4f2b2a38445962ca9bd8bde8bf7bbc95c380fc62a73302fa2d7a98e2003a,2019-03,North Yorkshire Police,North Yorkshire Police,-0.401667,54.285642,On or near Regent Street,E01027847,Scarborough 006D,Burglary,Under investigation,
033137d02d4a76d7ac9a27d4bfb3d725a17cabf3e6da8213c1697291808ce8a4,2019-03,North Yorkshire Police,North Yorkshire Police,-0.399053,54.286506,On or near Marlborough Street,E01027847,Scarborough 006D,Criminal damage and arson,Unable to prosecute suspect,
100346b870bd37a5108fe9c8f8629e8b73cf98af3b12cca73f2222dfd4151054,2019-03,North Yorkshire Police,North Yorkshire Police,-0.399053,54.286506,On or near Marlborough Street,E01027847,Scarborough 006D,Criminal damage and arson,Investigation complete; no suspect identified,
cfbeb694393d96b821caea7caa29eb86b8fdcebb4567b26f1c85e108d01a08b7,2019-03,North Yorkshire Police,North Yorkshire Police,-0.400840,54.286782,On or near Albert Street,E01027847,Scarborough 006D,Criminal damage and arson,Local resolution,
6785ce21715bb671e7c390d534201bb0315f30d8c3c30f7ac16c68d300a4acbe,2019-03,North Yorkshire Police,North Yorkshire Police,-0.397477,54.286728,On or near Blenheim Street,E01027847,Scarborough 006D,Criminal damage and arson,Under investigation,
ce2dbdc9b5b4c55aae36338e44ba038941e9e64b7b28f6ca708994846d26199b,2019-03,North Yorkshire Police,North Yorkshire Police,-0.402096,54.286466,On or near Clark Street,E01027847,Scarborough 006D,Criminal damage and arson,Investigation complete; no suspect identified,
7e8f070ce492063baa746223df78c5bbe8ab13d86cbdd6ed71b63be964122f61,2019-03,North Yorkshire Police,North Yorkshire Police,-0.402220,54.286036,On or near Hope Street,E01027847,Scarborough 006D,Criminal damage and arson,Under investigation,
3a5ee7e1e3b4e5665f726ba1414cb3f18faec8cdc76be94db42d4395557c4ed8,2019-03,North Yorkshire Police,North Yorkshire Police,-0.401667,54.285642,On or near Regent Street,E01027847,Scarborough 006D,Criminal damage and arson,Investigation complete; no suspect identified,
3e4f9f39f41981a1573000eb72e46ce1f4a458260521f2ca15b4fd67f348b65c,2019-03,North Yorkshire Police,North Yorkshire Police,-0.402096,54.286466,On or near Clark Street,E01027847,Scarborough 006D,Drugs,Offender given a drugs possession warning,
107f03c9ec2e9f8ffa2b13b0a4e52379ef37f94fcd2bc1c2221a8f6b2cb26e97,2019-03,North Yorkshire Police,North Yorkshire Police,-0.400589,54.286500,On or near Vincent Street,E01027847,Scarborough 006D,Drugs,Under investigation,
b527d560e76c43d61789d9a40d7782b1c501f354fa5517b5b69813faf4f3a3a4,2019-03,North Yorkshire Police,North Yorkshire Police,-0.405336,54.290500,On or near Queen'S Parade,E01027847,Scarborough 006D,Drugs,Offender given a drugs possession warning,
9c1e98ca89b91e78edae4c043228779bf7e34d24e882baf1aff0d4369f16c78d,2019-03,North Yorkshire Police,North Yorkshire Police,-0.399942,54.286563,On or near New Queen Street,E01027847,Scarborough 006D,Drugs,Under investigation,
54530fb11f2200fd7d8f70050314db7db60b3641cdde2e29fc97dae27aceb3bd,2019-03,North Yorkshire Police,North Yorkshire Police,-0.405384,54.285673,On or near Wrea Lane,E01027847,Scarborough 006D,Other theft,Under investigation,
f60a738a4164b11934640df9d68501525ca1b93f92b2290eb8ff3316800c6912,2019-03,North Yorkshire Police,North Yorkshire Police,-0.401577,54.287574,On or near Clarence Road,E01027847,Scarborough 006D,Public order,Offender fined,
0647598bbef17253eb1d5d712b07be31099effc0847e488cd896234a2809c94b,2019-03,North Yorkshire Police,North Yorkshire Police,-0.400589,54.286500,On or near Vincent Street,E01027847,Scarborough 006D,Shoplifting,Under investigation,
ffaf35d7862030b7c506c0097be0d62160a166703df00ca3f29a350fa9584990,2019-03,North Yorkshire Police,North Yorkshire Police,-0.397477,54.286728,On or near Blenheim Street,E01027847,Scarborough 006D,Vehicle crime,Investigation complete; no suspect identified,
dda393f7b6400a3c2e5f4c67112122677349b6016947de64a8e9e4e96bf5ed1a,2019-03,North Yorkshire Police,North Yorkshire Police,-0.403590,54.285191,On or near James Street,E01027847,Scarborough 006D,Vehicle crime,Investigation complete; no suspect identified,
0176bdc4f925ad99e75131f8d12a23c67b7bced1f3494e2366cb466357c15f93,2019-03,North Yorkshire Police,North Yorkshire Police,-0.401577,54.287574,On or near Clarence Road,E01027847,Scarborough 006D,Vehicle crime,Under investigation,
ce094fbec9145f9f1b5be419bdf3333985beaaf349a05b975bd0d4ef05e6c8f2,2019-03,North Yorkshire Police,North Yorkshire Police,-0.403758,54.284816,On or near Oxford Street,E01027847,Scarborough 006D,Violence and sexual offences,Defendant found not guilty,
398759f8050ceb0e99829cb744265c39636f5b652bec5cb6a5d4b6e9b513e8b0,2019-03,North Yorkshire Police,North Yorkshire Police,-0.401667,54.285642,On or near Regent Street,E01027847,Scarborough 006D,Violence and sexual offences,Awaiting court outcome,
3381a6867272ba5b95d316828ae210d907acbcff6158dbee82a80e02a92e36b5,2019-03,North Yorkshire Police,North Yorkshire Police,-0.401577,54.287574,On or near Clarence Road,E01027847,Scarborough 006D,Violence and sexual offences,Awaiting court outcome,
ba9ca5ec830f4be52492374a9db148458a2857589071463336f2ccf2365a85a2,2019-03,North Yorkshire Police,North Yorkshire Police,-0.402220,54.286036,On or near Hope Street,E01027847,Scarborough 006D,Violence and sexual offences,Unable to prosecute suspect,
027898d27724bd23f3bdcd3d5ea8c94f45c3b6854ae9119e2b9aac5c20363646,2019-03,North Yorkshire Police,North Yorkshire Police,-0.401577,54.287574,On or near Clarence Road,E01027847,Scarborough 006D,Violence and sexual offences,Investigation complete; no suspect identified,
db3b72132e1a0f51cd2cc44fe28bca1f4b0dfe42137ff2525a27b54840723891,2019-03,North Yorkshire Police,North Yorkshire Police,-0.400840,54.286782,On or near Albert Street,E01027847,Scarborough 006D,Violence and sexual offences,Unable to prosecute suspect,
f9f5ccbbaf31be1b820a589f7e330486a5caf022a6185a0296a2ffd1ff3a1130,2019-03,North Yorkshire Police,North Yorkshire Police,-0.400589,54.286500,On or near Vincent Street,E01027847,Scarborough 006D,Violence and sexual offences,Unable to prosecute suspect,
39fad3166908609f556fec88297cb6c914ed1c8c34a9b288d20c0d507b6c0860,2019-03,North Yorkshire Police,North Yorkshire Police,-0.409990,54.301689,On or near Parking Area,E01027848,Scarborough 006E,Violence and sexual offences,Under investigation,
00199f102dc0962b5f3a4e7f5b85476e2b93d40353f3bb57953644b031aed7a0,2019-03,North Yorkshire Police,North Yorkshire Police,-0.414211,54.297025,On or near Guards Court,E01027848,Scarborough 006E,Violence and sexual offences,Under investigation,
eb521ba0a03537893022f9890e8d854fffdacf9ef619c3110a98322618be8bae,2019-03,North Yorkshire Police,North Yorkshire Police,-0.409990,54.301689,On or near Parking Area,E01027848,Scarborough 006E,Violence and sexual offences,Under investigation,
de65e4b9ecb5c7073aaa9380fa49c9315c8891b154f229cc97b61b705f6d9de7,2019-03,North Yorkshire Police,North Yorkshire Police,-0.417162,54.290601,On or near Highdale Road,E01027849,Scarborough 007A,Other theft,Investigation complete; no suspect identified,
9f4d79f5138aea369227a2e72cee93afb140a4fd9b93d7c558ef24f14c5cbbea,2019-03,North Yorkshire Police,North Yorkshire Police,-0.417953,54.286792,On or near Glenside,E01027849,Scarborough 007A,Public order,Under investigation,
,2019-03,North Yorkshire Police,North Yorkshire Police,-0.420401,54.289484,On or near Holly Walk,E01027850,Scarborough 007B,Anti-social behaviour,,
,2019-03,North Yorkshire Police,North Yorkshire Police,-0.418983,54.287596,On or near Middle Walk,E01027850,Scarborough 007B,Anti-social behaviour,,
,2019-03,North Yorkshire Police,North Yorkshire Police,-0.419427,54.287620,On or near Broadway,E01027850,Scarborough 007B,Anti-social behaviour,,
,2019-03,North Yorkshire Police,North Yorkshire Police,-0.420160,54.290542,On or near Maple Drive,E01027850,Scarborough 007B,Anti-social behaviour,,
,2019-03,North Yorkshire Police,North Yorkshire Police,-0.419427,54.287620,On or near Broadway,E01027850,Scarborough 007B,Anti-social behaviour,,
ba4fd684888f23e56a517417052216a3743704f1c4d87142e0c4b392a4008241,2019-03,North Yorkshire Police,North Yorkshire Police,-0.417207,54.283825,On or near Manor Gardens,E01027850,Scarborough 007B,Drugs,Offender given a drugs possession warning,
7a0bea335f5ed0c42eafb7d2ff942bff0cc07e3e4416d8dc293ae1048f6439a7,2019-03,North Yorkshire Police,North Yorkshire Police,-0.419427,54.287620,On or near Broadway,E01027850,Scarborough 007B,Drugs,Under investigation,
72a292e85054c31602b0a29a7e12369ad4f8f3962eb259443d81bafac32bf1d0,2019-03,North Yorkshire Police,North Yorkshire Police,-0.419427,54.287620,On or near Broadway,E01027850,Scarborough 007B,Public order,Under investigation,
736f2a86327e4195011c130cb4ef2a59e2d3594fd9fbe86846cf2fd648110f0b,2019-03,North Yorkshire Police,North Yorkshire Police,-0.418822,54.290174,On or near Broom Walk,E01027850,Scarborough 007B,Shoplifting,Under investigation,
62df1ee26c9741be33265e1578e3d1b534ba91929d7a1b0f4f05a2d3fe85c1e2,2019-03,North Yorkshire Police,North Yorkshire Police,-0.418822,54.290174,On or near Broom Walk,E01027850,Scarborough 007B,Shoplifting,Under investigation,
e62e175c8d3796768c1ed66a115454c57ecc23fbf1d4e3f202540ae92a179c23,2019-03,North Yorkshire Police,North Yorkshire Police,-0.418822,54.290174,On or near Broom Walk,E01027850,Scarborough 007B,Shoplifting,Under investigation,
478e4daa653eb1924d9f0843ac28f6665ff4e77d3f47cc22c0d84b7ecfa72fe6,2019-03,North Yorkshire Police,North Yorkshire Police,-0.419427,54.287620,On or near Broadway,E01027850,Scarborough 007B,Violence and sexual offences,Awaiting court outcome,
fd26937b1eeff45563c2ee074d48accd03464080a650ec5aff21b0dfa670a167,2019-03,North Yorkshire Police,North Yorkshire Police,-0.420204,54.288187,On or near Fieldside,E01027850,Scarborough 007B,Violence and sexual offences,Under investigation,
e79d1bc80073eceee76a450f6c85a12d8d89c7d400b362a03b1af94d827694e6,2019-03,North Yorkshire Police,North Yorkshire Police,-0.420204,54.288187,On or near Fieldside,E01027850,Scarborough 007B,Violence and sexual offences,Under investigation,
dab747ebfe6214bdfcea6f17aa3f3b8ecf7ca6360e355ea9211f884ae9591341,2019-03,North Yorkshire Police,North Yorkshire Police,-0.420204,54.288187,On or near Fieldside,E01027850,Scarborough 007B,Violence and sexual offences,Under investigation,
bdc1a2080cb04aa9590a054b3189b093ac1593d28cb199648491d6134f6386df,2019-03,North Yorkshire Police,North Yorkshire Police,-0.420401,54.289484,On or near Holly Walk,E01027850,Scarborough 007B,Other crime,Under investigation,
,2019-03,North Yorkshire Police,North Yorkshire Police,-0.423961,54.288380,On or near Barrowcliff Road,E01027872,Scarborough 007C,Anti-social behaviour,,
,2019-03,North Yorkshire Police,North Yorkshire Police,-0.423961,54.288380,On or near Barrowcliff Road,E01027872,Scarborough 007C,Anti-social behaviour,,
,2019-03,North Yorkshire Police,North Yorkshire Police,-0.421048,54.284612,On or near Woodland Avenue,E01027872,Scarborough 007C,Anti-social behaviour,,
,2019-03,North Yorkshire Police,North Yorkshire Police,-0.421635,54.284530,On or near Woodland Rise,E01027872,Scarborough 007C,Anti-social behaviour,,
,2019-03,North Yorkshire Police,North Yorkshire Police,-0.428463,54.287145,On or near Gildercliffe,E01027872,Scarborough 007C,Anti-social behaviour,,
,2019-03,North Yorkshire Police,North Yorkshire Police,-0.421635,54.284530,On or near Woodland Rise,E01027872,Scarborough 007C,Anti-social behaviour,,
,2019-03,North Yorkshire Police,North Yorkshire Police,-0.421635,54.284530,On or near Woodland Rise,E01027872,Scarborough 007C,Anti-social behaviour,,
,2019-03,North Yorkshire Police,North Yorkshire Police,-0.427728,54.283855,On or near Woodland Place,E01027872,Scarborough 007C,Anti-social behaviour,,
05c6792a0c410d2f7fb44bbb7d35f5f86294b83194ee5ea00bb82d49ae2267fe,2019-03,North Yorkshire Police,North Yorkshire Police,-0.423961,54.288380,On or near Barrowcliff Road,E01027872,Scarborough 007C,Other theft,Under investigation,
39f2f1883c7d7d5f0c3e42fb8e1e7ad7e689c541e63c72d32fc578a20300a5db,2019-03,North Yorkshire Police,North Yorkshire Police,-0.421635,54.284530,On or near Woodland Rise,E01027872,Scarborough 007C,Other theft,Under investigation,
b09ecd52831f83084c38d0ebb628b9d7b90dcf8daad0dc8a24eea8ad1bbc8967,2019-03,North Yorkshire Police,North Yorkshire Police,-0.428463,54.287145,On or near Gildercliffe,E01027872,Scarborough 007C,Violence and sexual offences,Under investigation,
0ba3cbf0c93c3006fa6ba4e69de296f3ed3a07361cf2c6dde752a57af9452782,2019-03,North Yorkshire Police,North Yorkshire Police,-0.424449,54.286877,On or near Corn Mill Gardens,E01027872,Scarborough 007C,Violence and sexual offences,Under investigation,
a274608077d4c23ffc1005957e93b7fa28dfedaa33434a7186bd21039008ff42,2019-03,North Yorkshire Police,North Yorkshire Police,-0.427728,54.283855,On or near Woodland Place,E01027872,Scarborough 007C,Violence and sexual offences,Unable to prosecute suspect,
1322ce1b60f6ca36891f7301b33d1e22f8f1d257cc9b23924f87b4861a07cb3f,2019-03,North Yorkshire Police,North Yorkshire Police,-0.427728,54.283855,On or near Woodland Place,E01027872,Scarborough 007C,Violence and sexual offences,Unable to prosecute suspect,
9ee9203450531d87e8114c574609c280fa4a0b1653bf0fbae12156d5efcc61b7,2019-03,North Yorkshire Police,North Yorkshire Police,-0.427728,54.283855,On or near Woodland Place,E01027872,Scarborough 007C,Violence and sexual offences,Unable to prosecute suspect,
daa5ad86f95147d417c3e1262d5969a0e0854bcdbd79c32dfc11f6cc38efb908,2019-03,North Yorkshire Police,North Yorkshire Police,-0.428463,54.287145,On or near Gildercliffe,E01027872,Scarborough 007C,Violence and sexual offences,Under investigation,
,2019-03,North Yorkshire Police,North Yorkshire Police,-0.431394,54.288064,On or near Ash Grove,E01027874,Scarborough 007D,Anti-social behaviour,,
092fbbf485ca407fb2290cd053729b2c54702afcfd67a37311bb53807de3a35f,2019-03,North Yorkshire Police,North Yorkshire Police,-0.426395,54.291019,On or near Colescliffe Road,E01027874,Scarborough 007D,Bicycle theft,Investigation complete; no suspect identified,
4344faf074dc3a73cc94b83168ad91bfd932d57f974981be4ea38b110d899715,2019-03,North Yorkshire Police,North Yorkshire Police,-0.428242,54.290935,On or near Bracken Hill,E01027874,Scarborough 007D,Burglary,Investigation complete; no suspect identified,
f7afc00d662b60a0a83cf5fb0145af7ccaaa4db5c2bcf9dcdd86d92f52252456,2019-03,North Yorkshire Police,North Yorkshire Police,-0.429617,54.287106,On or near Briercliffe,E01027874,Scarborough 007D,Criminal damage and arson,Investigation complete; no suspect identified,
0ddc9fc8d0128b93defd5bb0634c6847828022f2df33f766c055b6f782ccf973,2019-03,North Yorkshire Police,North Yorkshire Police,-0.424736,54.290620,On or near St Leonard'S Crescent,E01027874,Scarborough 007D,Other theft,Investigation complete; no suspect identified,
7e3df3405138151a0653330663de344fe227ea6becd1efdde2d0014b0247a3dd,2019-03,North Yorkshire Police,North Yorkshire Police,-0.424736,54.290620,On or near St Leonard'S Crescent,E01027874,Scarborough 007D,Violence and sexual offences,Under investigation,
acdb74b56083a49e899baca7517c0a690ef477ddb49db0442ebf4f7769d702ed,2019-03,North Yorkshire Police,North Yorkshire Police,-0.426395,54.291019,On or near Colescliffe Road,E01027874,Scarborough 007D,Violence and sexual offences,Under investigation,
,2019-03,North Yorkshire Police,North Yorkshire Police,-0.411452,54.282482,On or near Cleveland Road,E01027810,Scarborough 008A,Anti-social behaviour,,
,2019-03,North Yorkshire Police,North Yorkshire Police,-0.412549,54.283521,On or near Franklin Street,E01027810,Scarborough 008A,Anti-social behaviour,,
,2019-03,North Yorkshire Police,North Yorkshire Police,-0.409328,54.281789,On or near Hospital,E01027810,Scarborough 008A,Anti-social behaviour,,
,2019-03,North Yorkshire Police,North Yorkshire Police,-0.410290,54.282727,On or near Prospect Road,E01027810,Scarborough 008A,Anti-social behaviour,,
,2019-03,North Yorkshire Police,North Yorkshire Police,-0.411452,54.282482,On or near Cleveland Road,E01027810,Scarborough 008A,Anti-social behaviour,,
,2019-03,North Yorkshire Police,North Yorkshire Police,-0.410290,54.282727,On or near Prospect Road,E01027810,Scarborough 008A,Anti-social behaviour,,
,2019-03,North Yorkshire Police,North Yorkshire Police,-0.412640,54.281536,On or near Gladstone Lane,E01027810,Scarborough 008A,Anti-social behaviour,,
2fefaa4670c512a8454521034e1cd0c1cfeddbaa0ae550b093357b714e359317,2019-03,North Yorkshire Police,North Yorkshire Police,-0.409328,54.281789,On or near Hospital,E01027810,Scarborough 008A,Burglary,Under investigation,
e80653399b93765a30217eac8f9e1d1dc1583f0ebdcec4fb6ae967098ba8d813,2019-03,North Yorkshire Police,North Yorkshire Police,-0.409872,54.281616,On or near Barwick Terrace,E01027810,Scarborough 008A,Burglary,Under investigation,
f69376e7adfb0e1fce77c31ce9421547ee9ee540e91a1215a1bf97e7f942edc6,2019-03,North Yorkshire Police,North Yorkshire Police,-0.409328,54.281789,On or near Hospital,E01027810,Scarborough 008A,Criminal damage and arson,Under investigation,
54e50f494704bfb1743706aacb12db822d8ccee93293c356a1d46229c342b4f5,2019-03,North Yorkshire Police,North Yorkshire Police,-0.411295,54.282974,On or near Murchison Place,E01027810,Scarborough 008A,Criminal damage and arson,Investigation complete; no suspect identified,
d40751e36b01f616a5269a24daa5fa6f99d947dc7d11205c6bd515214418e07d,2019-03,North Yorkshire Police,North Yorkshire Police,-0.411295,54.282974,On or near Murchison Place,E01027810,Scarborough 008A,Criminal damage and arson,Investigation complete; no suspect identified,
60d595ec0a7d410904cb3461b4cf47719fa169756430013e0291e5104747c53f,2019-03,North Yorkshire Police,North Yorkshire Police,-0.408212,54.283634,On or near Hoxton Road,E01027810,Scarborough 008A,Criminal damage and arson,Investigation complete; no suspect identified,
c513d0e6261ae162dc7c103dfd332525bd2fe1ead45f2d10fd24fe88e8b83586,2019-03,North Yorkshire Police,North Yorkshire Police,-0.409328,54.281789,On or near Hospital,E01027810,Scarborough 008A,Drugs,Under investigation,
c72bf8f575448bad98f9202d339c05a88b15a7e29fe4675d184323b081d45d61,2019-03,North Yorkshire Police,North Yorkshire Police,-0.413849,54.282855,On or near Raleigh Street,E01027810,Scarborough 008A,Violence and sexual offences,Under investigation,
15cf034ce2f7b2ea65044f15293aa3bff32bf9f4cbd859a0fb09f08869a7bf34,2019-03,North Yorkshire Police,North Yorkshire Police,-0.410290,54.282727,On or near Prospect Road,E01027810,Scarborough 008A,Violence and sexual offences,Unable to prosecute suspect,
6c1f515b424d2fe3a3a555d65d699174f0d7081edda53bcb6c302d818b8babef,2019-03,North Yorkshire Police,North Yorkshire Police,-0.411295,54.282974,On or near Murchison Place,E01027810,Scarborough 008A,Violence and sexual offences,Offender given community sentence,
ba079a9962c373023e0a2e5671df48bc65b76b09ef3a3e607b6ce079cc0e371d,2019-03,North Yorkshire Police,North Yorkshire Police,-0.413849,54.282855,On or near Raleigh Street,E01027810,Scarborough 008A,Violence and sexual offences,Under investigation,
34a5ad00b67b8c0d23687ae7fee076bd65e7087893cd905b979d6ccce33e599c,2019-03,North Yorkshire Police,North Yorkshire Police,-0.413849,54.282855,On or near Raleigh Street,E01027810,Scarborough 008A,Violence and sexual offences,Under investigation,
819a079af703eca35deaee04fe21be6d5faaafa45eb39594860583e717565104,2019-03,North Yorkshire Police,North Yorkshire Police,-0.413849,54.282855,On or near Raleigh Street,E01027810,Scarborough 008A,Violence and sexual offences,Under investigation,
,2019-03,North Yorkshire Police,North Yorkshire Police,-0.410968,54.281082,On or near Gladstone Road,E01027811,Scarborough 008B,Anti-social behaviour,,
,2019-03,North Yorkshire Police,North Yorkshire Police,-0.414002,54.280475,On or near Candler Street,E01027811,Scarborough 008B,Anti-social behaviour,,
,2019-03,North Yorkshire Police,North Yorkshire Police,-0.416161,54.281061,On or near Britannia Street,E01027811,Scarborough 008B,Anti-social behaviour,,
,2019-03,North Yorkshire Police,North Yorkshire Police,-0.416775,54.280655,On or near Hibernia Street,E01027811,Scarborough 008B,Anti-social behaviour,,
,2019-03,North Yorkshire Police,North Yorkshire Police,-0.414700,54.281086,On or near Ireton Street,E01027811,Scarborough 008B,Anti-social behaviour,,
,2019-03,North Yorkshire Police,North Yorkshire Police,-0.414002,54.280475,On or near Candler Street,E01027811,Scarborough 008B,Anti-social behaviour,,
,2019-03,North Yorkshire Police,North Yorkshire Police,-0.410968,54.281082,On or near Gladstone Road,E01027811,Scarborough 008B,Anti-social behaviour,,
,2019-03,North Yorkshire Police,North Yorkshire Police,-0.413464,54.280081,On or near Wooler Street,E01027811,Scarborough 008B,Anti-social behaviour,,
,2019-03,North Yorkshire Police,North Yorkshire Police,-0.410968,54.281082,On or near Gladstone Road,E01027811,Scarborough 008B,Anti-social behaviour,,
28e40f01c5a1a8b546fa10b4647158d86d3fb69a8c7751daee7aceb054510883,2019-03,North Yorkshire Police,North Yorkshire Police,-0.413464,54.280081,On or near Wooler Street,E01027811,Scarborough 008B,Burglary,Under investigation,
69d5644ebb6b2da9a9349fd561e278e6ff580850ed2fa594f7a698a614db6f6f,2019-03,North Yorkshire Police,North Yorkshire Police,-0.414002,54.280475,On or near Candler Street,E01027811,Scarborough 008B,Drugs,Offender given a drugs possession warning,
b0399d1b53ddc4bc2279ff55be5912749d8c88f72d1bfdaefcba68490ef012eb,2019-03,North Yorkshire Police,North Yorkshire Police,-0.414002,54.280475,On or near Candler Street,E01027811,Scarborough 008B,Other theft,Under investigation,
db401c12f5dbac4038d80456d19df0069f60e153b380ae0572ac4632af4f9d80,2019-03,North Yorkshire Police,North Yorkshire Police,-0.414002,54.280475,On or near Candler Street,E01027811,Scarborough 008B,Public order,Under investigation,
4832d2a9a709ace1076e67e7094f307c3912048cd1b07f914020f112260abe9d,2019-03,North Yorkshire Police,North Yorkshire Police,-0.413400,54.280557,On or near Brinkburn Road,E01027811,Scarborough 008B,Vehicle crime,Investigation complete; no suspect identified,
283dbc7e2e8d8467ce3bd3ca15979502675a1146a9519cc0d672eca0b9c7b68d,2019-03,North Yorkshire Police,North Yorkshire Police,-0.414002,54.280475,On or near Candler Street,E01027811,Scarborough 008B,Violence and sexual offences,Under investigation,
d1351fa085b182ac5eb2e639007ebab5a00ea24f7865ab244a1ae395e7e3bf45,2019-03,North Yorkshire Police,North Yorkshire Police,-0.414002,54.280475,On or near Candler Street,E01027811,Scarborough 008B,Violence and sexual offences,Under investigation,
4952aeb044db5759f306818540e95704e5547181c4bf0067874e14fa3ba4c75d,2019-03,North Yorkshire Police,North Yorkshire Police,-0.414002,54.280475,On or near Candler Street,E01027811,Scarborough 008B,Violence and sexual offences,Under investigation,
,2019-03,North Yorkshire Police,North Yorkshire Police,-0.404539,54.284089,On or near Clifton Street,E01027812,Scarborough 008C,Anti-social behaviour,,
,2019-03,North Yorkshire Police,North Yorkshire Police,-0.404539,54.284089,On or near Clifton Street,E01027812,Scarborough 008C,Anti-social behaviour,,
,2019-03,North Yorkshire Police,North Yorkshire Police,-0.410804,54.280154,On or near Hospital,E01027812,Scarborough 008C,Anti-social behaviour,,
,2019-03,North Yorkshire Police,North Yorkshire Police,-0.404539,54.284089,On or near Clifton Street,E01027812,Scarborough 008C,Anti-social behaviour,,
,2019-03,North Yorkshire Police,North Yorkshire Police,-0.412963,54.279122,On or near Supermarket,E01027812,Scarborough 008C,Anti-social behaviour,,
,2019-03,North Yorkshire Police,North Yorkshire Police,-0.407177,54.282587,On or near Cambridge Street,E01027812,Scarborough 008C,Anti-social behaviour,,
,2019-03,North Yorkshire Police,North Yorkshire Police,-0.412963,54.279122,On or near Supermarket,E01027812,Scarborough 008C,Anti-social behaviour,,
,2019-03,North Yorkshire Police,North Yorkshire Police,-0.410019,54.280198,On or near Belle Vue Street,E01027812,Scarborough 008C,Anti-social behaviour,,
,2019-03,North Yorkshire Police,North Yorkshire Police,-0.404539,54.284089,On or near Clifton Street,E01027812,Scarborough 008C,Anti-social behaviour,,
,2019-03,North Yorkshire Police,North Yorkshire Police,-0.407177,54.282587,On or near Cambridge Street,E01027812,Scarborough 008C,Anti-social behaviour,,
,2019-03,North Yorkshire Police,North Yorkshire Police,-0.405747,54.283422,On or near Vine Street,E01027812,Scarborough 008C,Anti-social behaviour,,
,2019-03,North Yorkshire Police,North Yorkshire Police,-0.404539,54.284089,On or near Clifton Street,E01027812,Scarborough 008C,Anti-social behaviour,,
4f1d8abc1165decae94c188d067a0775a24dcf9a12920236830f4f08bbdb9662,2019-03,North Yorkshire Police,North Yorkshire Police,-0.408766,54.280433,On or near Sherwood Street,E01027812,Scarborough 008C,Burglary,Under investigation,
43919075cbb2c124199de3a03f6ffc36c21b208b7b003297bb569128edd47c10,2019-03,North Yorkshire Police,North Yorkshire Police,-0.408766,54.280433,On or near Sherwood Street,E01027812,Scarborough 008C,Burglary,Investigation complete; no suspect identified,
72f31f83b5d55c25e811b9f5c523f91fa86b1fa143255c3a707d11e71e3c3783,2019-03,North Yorkshire Police,North Yorkshire Police,-0.410804,54.280154,On or near Hospital,E01027812,Scarborough 008C,Criminal damage and arson,Investigation complete; no suspect identified,
e6276016eb56dd55e426134e90c0e9b0716d384b0ed32da675c828c24deac107,2019-03,North Yorkshire Police,North Yorkshire Police,-0.404539,54.284089,On or near Clifton Street,E01027812,Scarborough 008C,Criminal damage and arson,Under investigation,
118b07885be64d4b34d0449eb9329fb4edd3a5cd35dedb08509e3da542d88290,2019-03,North Yorkshire Police,North Yorkshire Police,-0.405747,54.283422,On or near Vine Street,E01027812,Scarborough 008C,Drugs,Local resolution,
505567e3a748291e953264b8e03fe9b8c2141caf6ddbd1127e91b6be6d025a62,2019-03,North Yorkshire Police,North Yorkshire Police,-0.412963,54.279122,On or near Supermarket,E01027812,Scarborough 008C,Drugs,Under investigation,
d69ea131cc0bec7205125fe93be427d18ffddf6f646fdcdd0fc016cd603ccfbc,2019-03,North Yorkshire Police,North Yorkshire Police,-0.404539,54.284089,On or near Clifton Street,E01027812,Scarborough 008C,Public order,Unable to prosecute suspect,
159ad7606071447ee4b5a0f9c3827d102c1703acc21428f8394c42c4e82091ce,2019-03,North Yorkshire Police,North Yorkshire Police,-0.412963,54.279122,On or near Supermarket,E01027812,Scarborough 008C,Public order,Under investigation,
2dd31d2bccd56ae80dd214938096ee8e71838ccb176b2aee3c40252ee4c1d1a4,2019-03,North Yorkshire Police,North Yorkshire Police,-0.404539,54.284089,On or near Clifton Street,E01027812,Scarborough 008C,Public order,Unable to prosecute suspect,
8435691a096933da50417fc2cc2593fb59f9fe0cfbbd638151ee05254d48b4d1,2019-03,North Yorkshire Police,North Yorkshire Police,-0.412963,54.279122,On or near Supermarket,E01027812,Scarborough 008C,Shoplifting,Awaiting court outcome,
378d3367438ad25cb8285fe1cd7726b41d4e9791fa4b0d4f272655296f585582,2019-03,North Yorkshire Police,North Yorkshire Police,-0.412963,54.279122,On or near Supermarket,E01027812,Scarborough 008C,Shoplifting,Under investigation,
bc11fc878202846741d502e33ad9a5fbc46dc30ce1effcbe5b64c4fa16070904,2019-03,North Yorkshire Police,North Yorkshire Police,-0.412963,54.279122,On or near Supermarket,E01027812,Scarborough 008C,Shoplifting,Under investigation,
00b996f517d90ffee1d7a108aaa6a7845adc135bec956c85ec57da2d3181edfa,2019-03,North Yorkshire Police,North Yorkshire Police,-0.412963,54.279122,On or near Supermarket,E01027812,Scarborough 008C,Shoplifting,Investigation complete; no suspect identified,
3af3fc43a06523c33a4c31f0c1fd5d12f830de3db6c41ee5e726c8255084d2d4,2019-03,North Yorkshire Police,North Yorkshire Police,-0.412963,54.279122,On or near Supermarket,E01027812,Scarborough 008C,Shoplifting,Under investigation,
7b9905cffef7765886474ec765921b6a9e30a8cee27ff36c34bb1e8e489e05c9,2019-03,North Yorkshire Police,North Yorkshire Police,-0.412963,54.279122,On or near Supermarket,E01027812,Scarborough 008C,Shoplifting,Under investigation,
5ec67c0cfa71d726faa6867c1b31d79185b87c9761426b1667b6565213fc85a9,2019-03,North Yorkshire Police,North Yorkshire Police,-0.412963,54.279122,On or near Supermarket,E01027812,Scarborough 008C,Shoplifting,Investigation complete; no suspect identified,
840563767efec6ff6bba08f8cbb439d1b77734f54dafe86b13bfb2bae606995d,2019-03,North Yorkshire Police,North Yorkshire Police,-0.412963,54.279122,On or near Supermarket,E01027812,Scarborough 008C,Shoplifting,Under investigation,
2cb4545f475223dbd19c4edd6e9d86f5c3f6613e76de56817cd276fdfc6dd617,2019-03,North Yorkshire Police,North Yorkshire Police,-0.412963,54.279122,On or near Supermarket,E01027812,Scarborough 008C,Shoplifting,Under investigation,
14c86ab815f49dee6c426be402f830c8ea8b8b8f0fb98ad9a094b2ffe1b50f4c,2019-03,North Yorkshire Police,North Yorkshire Police,-0.412963,54.279122,On or near Supermarket,E01027812,Scarborough 008C,Shoplifting,Investigation complete; no suspect identified,
125d629116f4274f0743eb09421ee8f2216084dc8004f612e6ab9ef8b5ace86c,2019-03,North Yorkshire Police,North Yorkshire Police,-0.407177,54.282587,On or near Cambridge Street,E01027812,Scarborough 008C,Shoplifting,Under investigation,
3f83c5b05efd92deea5ca4b06dbd717d4ddb037984c5fcbe6784206b452e6571,2019-03,North Yorkshire Police,North Yorkshire Police,-0.412963,54.279122,On or near Supermarket,E01027812,Scarborough 008C,Shoplifting,Under investigation,
b8a68c8444cdc5452c39747bf3a584c0cc3820c003ec7143ca65ab8d092c7262,2019-03,North Yorkshire Police,North Yorkshire Police,-0.412963,54.279122,On or near Supermarket,E01027812,Scarborough 008C,Shoplifting,Offender given community sentence,
b18cc2f6c2461f50a1b20a1a0c36039a116dd65add3862cace88da6b9b1e9b16,2019-03,North Yorkshire Police,North Yorkshire Police,-0.412963,54.279122,On or near Supermarket,E01027812,Scarborough 008C,Shoplifting,Under investigation,
7d1d155bcf13ae9e55ee6a7ee79c99443b8a4131018b2e98677764ad38da9c79,2019-03,North Yorkshire Police,North Yorkshire Police,-0.412963,54.279122,On or near Supermarket,E01027812,Scarborough 008C,Shoplifting,Under investigation,
e95a98708cec5163bae9fbde7a4ad4d5343afb97468fa20097cb280e9a59fdb8,2019-03,North Yorkshire Police,North Yorkshire Police,-0.412963,54.279122,On or near Supermarket,E01027812,Scarborough 008C,Shoplifting,Under investigation,
90513ccd46cdd491ad6e5b9bc3a76662d751d11986149fd223ee9b4fe5c492d4,2019-03,North Yorkshire Police,North Yorkshire Police,-0.404539,54.284089,On or near Clifton Street,E01027812,Scarborough 008C,Shoplifting,Unable to prosecute suspect,
d6f83990da67dd9e1b8843c04bc789b9d37f46c76c44bed9904a9820ef512dd4,2019-03,North Yorkshire Police,North Yorkshire Police,-0.412963,54.279122,On or near Supermarket,E01027812,Scarborough 008C,Shoplifting,Under investigation,
cdcdb0a71f8a83f7377df1073f57d014a65d892bd8aa4c29a904af940bd71c75,2019-03,North Yorkshire Police,North Yorkshire Police,-0.412963,54.279122,On or near Supermarket,E01027812,Scarborough 008C,Shoplifting,Under investigation,
0c853df06daa83aac301567d70ee57c1def424900a85971836f105b8dbc3f1c9,2019-03,North Yorkshire Police,North Yorkshire Police,-0.405747,54.283422,On or near Vine Street,E01027812,Scarborough 008C,Violence and sexual offences,Unable to prosecute suspect,
4d341303843b7324535bc8054012a202030c20029235ef45c5870054b77a66e3,2019-03,North Yorkshire Police,North Yorkshire Police,-0.405747,54.283422,On or near Vine Street,E01027812,Scarborough 008C,Violence and sexual offences,Awaiting court outcome,
cd0d6ae30d72fa3d836ea25bbbc4a73b8d2511c36712e756ee1f231357ae0e8d,2019-03,North Yorkshire Police,North Yorkshire Police,-0.404539,54.284089,On or near Clifton Street,E01027812,Scarborough 008C,Violence and sexual offences,Under investigation,
e26d6b9e978b3620a5223f692b559e7726b6b52d69075487b9dfb515c3c4ff86,2019-03,North Yorkshire Police,North Yorkshire Police,-0.405747,54.283422,On or near Vine Street,E01027812,Scarborough 008C,Violence and sexual offences,Under investigation,
73e2e9fb4448fc8bd603d44a7435dff12b8e2adcec84f5ba0228b16fcc96deb2,2019-03,North Yorkshire Police,North Yorkshire Police,-0.405747,54.283422,On or near Vine Street,E01027812,Scarborough 008C,Violence and sexual offences,Awaiting court outcome,
0402f05119ed500ec7502eff69a7a92b777f3e17d8805e68ef18cfa6f20dac70,2019-03,North Yorkshire Police,North Yorkshire Police,-0.412963,54.279122,On or near Supermarket,E01027812,Scarborough 008C,Violence and sexual offences,Under investigation,
0aa461e6e715831789cf97f6317cbb7de3f4d0990036749103a2565a21237b97,2019-03,North Yorkshire Police,North Yorkshire Police,-0.404539,54.284089,On or near Clifton Street,E01027812,Scarborough 008C,Violence and sexual offences,Unable to prosecute suspect,
43cc37067275f4783dc7247dbf75fcfa690b3b2815340345ba0898512c2c6382,2019-03,North Yorkshire Police,North Yorkshire Police,-0.404539,54.284089,On or near Clifton Street,E01027812,Scarborough 008C,Violence and sexual offences,Under investigation,
020fb196aeaad051934f13aae3621b4e66ddc6cc53ed68f79f9e6fddac618d0c,2019-03,North Yorkshire Police,North Yorkshire Police,-0.405747,54.283422,On or near Vine Street,E01027812,Scarborough 008C,Violence and sexual offences,Under investigation,
0dda3b9437ae9bf6292796ac2f5ff779406fc8cb2006df1dff7d24e1155b7a4e,2019-03,North Yorkshire Police,North Yorkshire Police,-0.405747,54.283422,On or near Vine Street,E01027812,Scarborough 008C,Violence and sexual offences,Unable to prosecute suspect,
3c2096a08fc3e5a29425e96361555c536562cad12d7c3b718107030ba3e15759,2019-03,North Yorkshire Police,North Yorkshire Police,-0.405747,54.283422,On or near Vine Street,E01027812,Scarborough 008C,Violence and sexual offences,Unable to prosecute suspect,
,2019-03,North Yorkshire Police,North Yorkshire Police,-0.414784,54.286112,On or near Roseville Avenue,E01027851,Scarborough 008D,Anti-social behaviour,,
,2019-03,North Yorkshire Police,North Yorkshire Police,-0.414784,54.286112,On or near Roseville Avenue,E01027851,Scarborough 008D,Anti-social behaviour,,
,2019-03,North Yorkshire Police,North Yorkshire Police,-0.414784,54.286112,On or near Roseville Avenue,E01027851,Scarborough 008D,Anti-social behaviour,,
,2019-03,North Yorkshire Police,North Yorkshire Police,-0.410515,54.286460,On or near Ashville Avenue,E01027851,Scarborough 008D,Anti-social behaviour,,
,2019-03,North Yorkshire Police,North Yorkshire Police,-0.417720,54.283265,On or near Lyell Street,E01027851,Scarborough 008D,Anti-social behaviour,,
b06f6872099e9a9611af59741daa7b11cce39da9c0d935ca2fdd81b3a55907df,2019-03,North Yorkshire Police,North Yorkshire Police,-0.410026,54.285600,On or near Dean Road,E01027851,Scarborough 008D,Burglary,Investigation complete; no suspect identified,
978bdda316c659e7effd4e6fe70c14332955e77e8dcfa734f0d52d69835acf47,2019-03,North Yorkshire Police,North Yorkshire Police,-0.414784,54.286112,On or near Roseville Avenue,E01027851,Scarborough 008D,Criminal damage and arson,Under investigation,
10e3c72237ce157821c4affd6801d122825cd2516d3f3b06dd37be5459a32ded,2019-03,North Yorkshire Police,North Yorkshire Police,-0.410026,54.285600,On or near Dean Road,E01027851,Scarborough 008D,Drugs,Under investigation,
590668c7784b24c287f2e5dee8908f07d0c0ec647cdb10d8cde0ac144af257ef,2019-03,North Yorkshire Police,North Yorkshire Police,-0.410854,54.285647,On or near Dean Road,E01027851,Scarborough 008D,Possession of weapons,Offender sent to prison,
d51fa4d648477dec06511a4d319cca66dffc7f0dd9ee97c3df3d37bc2713c4fa,2019-03,North Yorkshire Police,North Yorkshire Police,-0.410854,54.285647,On or near Dean Road,E01027851,Scarborough 008D,Shoplifting,Court case unable to proceed,
e9f92ec9cd5257c8750b4265718554c164f88b9e7e97bccf02b9578e8ed0a9b4,2019-03,North Yorkshire Police,North Yorkshire Police,-0.410026,54.285600,On or near Dean Road,E01027851,Scarborough 008D,Shoplifting,Under investigation,
a89ea0267d9274f7fd9b03dc3e4dd29a0633c30f88db388ab25bfa4d2231fa05,2019-03,North Yorkshire Police,North Yorkshire Police,-0.412173,54.286491,On or near Elmville Avenue,E01027851,Scarborough 008D,Violence and sexual offences,Under investigation,
cd2ccc61116c016d0c7fe2c81ccc3793b80b7149e19e6a1dbbe8fdd1240ceca2,2019-03,North Yorkshire Police,North Yorkshire Police,-0.412173,54.286491,On or near Elmville Avenue,E01027851,Scarborough 008D,Violence and sexual offences,Under investigation,
,2019-03,North Yorkshire Police,North Yorkshire Police,-0.414978,54.277450,On or near Falsgrave Mews,E01027862,Scarborough 008E,Anti-social behaviour,,
,2019-03,North Yorkshire Police,North Yorkshire Police,-0.409446,54.277934,On or near Hospital,E01027862,Scarborough 008E,Anti-social behaviour,,
,2019-03,North Yorkshire Police,North Yorkshire Police,-0.414176,54.278347,On or near Commercial Street,E01027862,Scarborough 008E,Anti-social behaviour,,
,2019-03,North Yorkshire Police,North Yorkshire Police,-0.409578,54.277684,On or near Belgrave Crescent,E01027862,Scarborough 008E,Anti-social behaviour,,
,2019-03,North Yorkshire Police,North Yorkshire Police,-0.409446,54.277934,On or near Hospital,E01027862,Scarborough 008E,Anti-social behaviour,,
,2019-03,North Yorkshire Police,North Yorkshire Police,-0.409446,54.277934,On or near Hospital,E01027862,Scarborough 008E,Anti-social behaviour,,
,2019-03,North Yorkshire Police,North Yorkshire Police,-0.415883,54.279502,On or near Wykeham Street,E01027862,Scarborough 008E,Anti-social behaviour,,
d1cbc781240a602b6441a1bf661df784bdfabb90f7e263580411aac0fba909a4,2019-03,North Yorkshire Police,North Yorkshire Police,-0.412236,54.277261,On or near Falsgrave Road,E01027862,Scarborough 008E,Bicycle theft,Investigation complete; no suspect identified,
05112c5374f07eb0f7a992c70ef8130872ecf289d506ac634eb68aa65f348b9d,2019-03,North Yorkshire Police,North Yorkshire Police,-0.420301,54.279227,On or near Manor Road,E01027862,Scarborough 008E,Bicycle theft,Investigation complete; no suspect identified,
7a8957cbb8266894a91ea0dc9716dd38369f31cf58aaa9b6cd86bb23ce016e3c,2019-03,North Yorkshire Police,North Yorkshire Police,-0.412236,54.277261,On or near Falsgrave Road,E01027862,Scarborough 008E,Burglary,Under investigation,
3fbe0590791d68a5f67cd6744625f31ecb003e98059bdcab51b7a65b7e974939,2019-03,North Yorkshire Police,North Yorkshire Police,-0.413693,54.276516,On or near New Park Road,E01027862,Scarborough 008E,Burglary,Investigation complete; no suspect identified,
7934e524c092f2c1a50fba3b6ebca840892cbee1dd24116c21f718d3057f2041,2019-03,North Yorkshire Police,North Yorkshire Police,-0.415883,54.279502,On or near Wykeham Street,E01027862,Scarborough 008E,Burglary,Investigation complete; no suspect identified,
23f744df6374536613f75b4274cdf34f0b7c24ca91957b175ddd2d70aebd910d,2019-03,North Yorkshire Police,North Yorkshire Police,-0.419602,54.280656,On or near Alexandra Park,E01027862,Scarborough 008E,Criminal damage and arson,Investigation complete; no suspect identified,
5f7976cd1aeffa731434d8772f39f9586484538015e162a7ef0810169252778b,2019-03,North Yorkshire Police,North Yorkshire Police,-0.410113,54.276954,On or near Murray Street,E01027862,Scarborough 008E,Criminal damage and arson,Investigation complete; no suspect identified,
38b992e9dd4a89b6a166dd55424d6b253c99110db0ca21e7580990a2dd39b269,2019-03,North Yorkshire Police,North Yorkshire Police,-0.411535,54.276326,On or near Londesborough Road,E01027862,Scarborough 008E,Criminal damage and arson,Under investigation,
5466dfa8a635f9f05ce36074c3afae34b8bde9ac80c58d56e37045fa3148e1e6,2019-03,North Yorkshire Police,North Yorkshire Police,-0.411535,54.276326,On or near Londesborough Road,E01027862,Scarborough 008E,Criminal damage and arson,Under investigation,
2bbfadfa96a6f7765926b3d88133aaf947acec110012750658206d7cc1b1a5bf,2019-03,North Yorkshire Police,North Yorkshire Police,-0.420301,54.279227,On or near Manor Road,E01027862,Scarborough 008E,Criminal damage and arson,Unable to prosecute suspect,
c328f40df684b05e5d9b8f6b598406ee4653e06700794b1d31fc4c14cb3ca71a,2019-03,North Yorkshire Police,North Yorkshire Police,-0.409446,54.277934,On or near Hospital,E01027862,Scarborough 008E,Drugs,Under investigation,
8d5dccfd83fe4914a79af2df83a774ecca7a396a417906d8a25f40ac1a8e5bd1,2019-03,North Yorkshire Police,North Yorkshire Police,-0.409446,54.277934,On or near Hospital,E01027862,Scarborough 008E,Other theft,Investigation complete; no suspect identified,
5a8c2536b2c93621ac9d4c3382c86316dcb7ca20c85340c2e377fa55dcc9b3e5,2019-03,North Yorkshire Police,North Yorkshire Police,-0.409446,54.277934,On or near Hospital,E01027862,Scarborough 008E,Public order,Investigation complete; no suspect identified,
65faca5e28fd60ad6e4fbf9ae51604c137d4f17603f94ba096d833c02f173d3b,2019-03,North Yorkshire Police,North Yorkshire Police,-0.413693,54.276516,On or near New Park Road,E01027862,Scarborough 008E,Shoplifting,Under investigation,
995b65260bd7a706c9b7a53985e1d77aa4b1742d5e57f3c31b1d6ad750b9c377,2019-03,North Yorkshire Police,North Yorkshire Police,-0.413693,54.276516,On or near New Park Road,E01027862,Scarborough 008E,Shoplifting,Under investigation,
eba9e70502dcac7b19a570e8663b18df32c7ff91a41203cf34d94a4cfb70164d,2019-03,North Yorkshire Police,North Yorkshire Police,-0.414978,54.277450,On or near Falsgrave Mews,E01027862,Scarborough 008E,Shoplifting,Under investigation,
7765487713c3cd2bc3b4088e17ae9d0602dada67629b3fab9ae46987fe12d74f,2019-03,North Yorkshire Police,North Yorkshire Police,-0.413693,54.276516,On or near New Park Road,E01027862,Scarborough 008E,Shoplifting,Investigation complete; no suspect identified,
05e26944d69c49f6298cc7b2a7c5858f77f26a8a14e61aa57a36a7db08b3d5d4,2019-03,North Yorkshire Police,North Yorkshire Police,-0.414978,54.277450,On or near Falsgrave Mews,E01027862,Scarborough 008E,Shoplifting,Under investigation,
0136ad8ea488bf9cdd7afc473c20bbd601a08874e1efc553e8a0ff279eee7665,2019-03,North Yorkshire Police,North Yorkshire Police,-0.409446,54.277934,On or near Hospital,E01027862,Scarborough 008E,Theft from the person,Under investigation,
e5837b71367c6395b216f0c971fc8eb8d6351a0a70646c8519fa83728cb459f4,2019-03,North Yorkshire Police,North Yorkshire Police,-0.409578,54.277684,On or near Belgrave Crescent,E01027862,Scarborough 008E,Vehicle crime,Under investigation,
7fe69bf156ec6b1fa05a8492c032f408a7fa8f8229495cdd8add1617f912c8e0,2019-03,North Yorkshire Police,North Yorkshire Police,-0.416961,54.279426,On or near Wykeham Street,E01027862,Scarborough 008E,Vehicle crime,Under investigation,
ecacbd1ee57cd1ddf982fe5668e77e66d7a087e97db69164a6227a4e707be236,2019-03,North Yorkshire Police,North Yorkshire Police,-0.413693,54.276516,On or near New Park Road,E01027862,Scarborough 008E,Violence and sexual offences,Unable to prosecute suspect,
acac5d7e8ef1e3fbb53b743c3e2927c79d7a33500d4ff2c59d6dc3ce62fab424,2019-03,North Yorkshire Police,North Yorkshire Police,-0.415883,54.279502,On or near Wykeham Street,E01027862,Scarborough 008E,Violence and sexual offences,Under investigation,
,2019-03,North Yorkshire Police,North Yorkshire Police,-0.425059,54.275317,On or near Greengate,E01027824,Scarborough 009A,Anti-social behaviour,,
,2019-03,North Yorkshire Police,North Yorkshire Police,-0.425027,54.272916,On or near Eskitt Hill,E01027824,Scarborough 009A,Anti-social behaviour,,
,2019-03,North Yorkshire Police,North Yorkshire Police,-0.428104,54.273586,On or near Sandybed Lane,E01027824,Scarborough 009A,Anti-social behaviour,,
,2019-03,North Yorkshire Police,North Yorkshire Police,-0.426809,54.275744,On or near Sandybed Crescent,E01027824,Scarborough 009A,Anti-social behaviour,,
,2019-03,North Yorkshire Police,North Yorkshire Police,-0.426809,54.275744,On or near Sandybed Crescent,E01027824,Scarborough 009A,Anti-social behaviour,,
f4395ca68da80ec93a2177b77c86a5b4ea5ef29fd1881f858b0b75ab56e79810,2019-03,North Yorkshire Police,North Yorkshire Police,-0.417227,54.271277,On or near Mount View Avenue,E01027824,Scarborough 009A,Public order,Under investigation,
c171cda5659f3feca73c45d1e39dda7552663eb0477bcd7901fc2997a3e215ca,2019-03,North Yorkshire Police,North Yorkshire Police,-0.417227,54.271277,On or near Mount View Avenue,E01027824,Scarborough 009A,Public order,Under investigation,
7e37eff8dc32a7be5e26a57286fd2d7edf5b1d71de3d610f90aec269a7197759,2019-03,North Yorkshire Police,North Yorkshire Police,-0.429986,54.276190,On or near Stepney Road,E01027824,Scarborough 009A,Public order,Offender given a caution,
244819182921b23d09122078483921588ba6a2b093a05c343ff9ad103484d72a,2019-03,North Yorkshire Police,North Yorkshire Police,-0.425571,54.274353,On or near Evelyn Drive,E01027824,Scarborough 009A,Violence and sexual offences,Under investigation,
655fdf866481f5883338132fb774f3a8f50107780c277537759f67a313a4f782,2019-03,North Yorkshire Police,North Yorkshire Police,-0.428104,54.273586,On or near Sandybed Lane,E01027824,Scarborough 009A,Violence and sexual offences,Under investigation,
,2019-03,North Yorkshire Police,North Yorkshire Police,-0.418263,54.265484,On or near Sports/Recreation Area,E01027825,Scarborough 009B,Anti-social behaviour,,
,2019-03,North Yorkshire Police,North Yorkshire Police,-0.415094,54.272040,On or near Seamer Street,E01027825,Scarborough 009B,Anti-social behaviour,,
,2019-03,North Yorkshire Police,North Yorkshire Police,-0.416411,54.263716,On or near Supermarket,E01027825,Scarborough 009B,Anti-social behaviour,,
,2019-03,North Yorkshire Police,North Yorkshire Police,-0.417221,54.269039,On or near Asquith Avenue,E01027825,Scarborough 009B,Anti-social behaviour,,
,2019-03,North Yorkshire Police,North Yorkshire Police,-0.417583,54.269592,On or near Milton Avenue,E01027825,Scarborough 009B,Anti-social behaviour,,
,2019-03,North Yorkshire Police,North Yorkshire Police,-0.417100,54.270170,On or near Rosebery Avenue,E01027825,Scarborough 009B,Anti-social behaviour,,
,2019-03,North Yorkshire Police,North Yorkshire Police,-0.415094,54.272040,On or near Seamer Street,E01027825,Scarborough 009B,Anti-social behaviour,,
e1d453d9617a6a2def7bbfe520ae63fd4666ece9faddec358f037688aa4e4043,2019-03,North Yorkshire Police,North Yorkshire Police,-0.418601,54.263062,On or near Hinderwell Road,E01027825,Scarborough 009B,Criminal damage and arson,Under investigation,
68265d8988aec0f4d90179b8c64d60ba408f8b752680585197d26b49df8a39d6,2019-03,North Yorkshire Police,North Yorkshire Police,-0.417221,54.269039,On or near Asquith Avenue,E01027825,Scarborough 009B,Criminal damage and arson,Under investigation,
8823856f7c6ef90768d0c21166ef0e53f40ba9d74df70e78203c9fb4cb1420e5,2019-03,North Yorkshire Police,North Yorkshire Police,-0.415094,54.272040,On or near Seamer Street,E01027825,Scarborough 009B,Other theft,Under investigation,
84946139eea9633ee729461a54c6c5bb38dc0c1aacfcd106079bc4188c1f6a48,2019-03,North Yorkshire Police,North Yorkshire Police,-0.419035,54.262160,On or near Blueberry Way,E01027825,Scarborough 009B,Other theft,Investigation complete; no suspect identified,
2e59921365780e6594bf11be16b72392635179efeb347e70a022d3e3c0c40ce4,2019-03,North Yorkshire Police,North Yorkshire Police,-0.415094,54.272040,On or near Seamer Street,E01027825,Scarborough 009B,Other theft,Under investigation,
70d2b749a053e59e11982b30e095d3f06fead880b817ef42cbbbe8012cbbc03b,2019-03,North Yorkshire Police,North Yorkshire Police,-0.417230,54.259584,On or near Hillside Gardens,E01027825,Scarborough 009B,Possession of weapons,Offender given community sentence,
5a337dbbff3879b017b92ead07eecaf63f46eb1397c80568e8adc2c4fc40f803,2019-03,North Yorkshire Police,North Yorkshire Police,-0.417123,54.263977,On or near Tricourt,E01027825,Scarborough 009B,Robbery,Investigation complete; no suspect identified,
e6162932cc545defbb0381ccf94450df57813e768b54ddb585e739ffff28e94f,2019-03,North Yorkshire Police,North Yorkshire Police,-0.418263,54.265484,On or near Sports/Recreation Area,E01027825,Scarborough 009B,Shoplifting,Under investigation,
6a0b0a7028cfa9ddf80d50725d33a2fde6e7c9796d2e3bbf389dea693342096a,2019-03,North Yorkshire Police,North Yorkshire Police,-0.418263,54.265484,On or near Sports/Recreation Area,E01027825,Scarborough 009B,Shoplifting,Local resolution,
bf880c8302b56f2db4799c931547e4ee3a5637417ce6385e64b5b4fa981b837f,2019-03,North Yorkshire Police,North Yorkshire Police,-0.418263,54.265484,On or near Sports/Recreation Area,E01027825,Scarborough 009B,Shoplifting,Under investigation,
5f8cf703ab8cb5585bb4811c7628b8aa76d9dd721963b607e9168a8504ec2f7c,2019-03,North Yorkshire Police,North Yorkshire Police,-0.417221,54.269039,On or near Asquith Avenue,E01027825,Scarborough 009B,Violence and sexual offences,Under investigation,
041dc9993c46a01f80ca585746785779d83b15d7f744e8b33deb721cf6f5166d,2019-03,North Yorkshire Police,North Yorkshire Police,-0.416885,54.270581,On or near Ewart Street,E01027825,Scarborough 009B,Violence and sexual offences,Under investigation,
17386215316ca6f32c7203bb3cef96724cd4b76855ceab12048618f064623711,2019-03,North Yorkshire Police,North Yorkshire Police,-0.415094,54.272040,On or near Seamer Street,E01027825,Scarborough 009B,Violence and sexual offences,Under investigation,
f818d66c2be31967c476815c8aac18361ca8bb052e617203e9561a1a30ac7a02,2019-03,North Yorkshire Police,North Yorkshire Police,-0.417230,54.259584,On or near Hillside Gardens,E01027825,Scarborough 009B,Violence and sexual offences,Under investigation,
93a39fefb74a5557240230c7e30ff7cfa27cc389af37c6afe4a4df78b97eda49,2019-03,North Yorkshire Police,North Yorkshire Police,-0.418601,54.263062,On or near Hinderwell Road,E01027825,Scarborough 009B,Violence and sexual offences,Unable to prosecute suspect,
6160d144b8336aa6839b76de657e7fc80c8b229ae58ec94b32e08dfb05416177,2019-03,North Yorkshire Police,North Yorkshire Police,-0.417875,54.268401,On or near Eden Drive,E01027825,Scarborough 009B,Violence and sexual offences,Under investigation,
6c9ab5063fbdf5b718f0ce660b6a2ec6ae45f1529e23400563d3dc1655fe3cb4,2019-03,North Yorkshire Police,North Yorkshire Police,-0.416885,54.270581,On or near Ewart Street,E01027825,Scarborough 009B,Violence and sexual offences,Under investigation,
d0c18bcbbf1e18d9ebc9d48e1abfee4c8a558d2b24c38fef895d8a58b99e9e6b,2019-03,North Yorkshire Police,North Yorkshire Police,-0.418601,54.263062,On or near Hinderwell Road,E01027825,Scarborough 009B,Violence and sexual offences,Under investigation,
21c225435610796268c28f9b2c3ac53740dc632c349ee022cb4f5debfc0941f5,2019-03,North Yorkshire Police,North Yorkshire Police,-0.418601,54.263062,On or near Hinderwell Road,E01027825,Scarborough 009B,Violence and sexual offences,Under investigation,
f4d562a5df0a84810c3c688ea7eb886a1773cf9c78f402bb661d7740400ee243,2019-03,North Yorkshire Police,North Yorkshire Police,-0.417221,54.269039,On or near Asquith Avenue,E01027825,Scarborough 009B,Violence and sexual offences,Under investigation,
dfc522c10690d5f80ee73633e8567ce2a2a2e96372087d425ae589031c59a6fc,2019-03,North Yorkshire Police,North Yorkshire Police,-0.417100,54.270170,On or near Rosebery Avenue,E01027825,Scarborough 009B,Violence and sexual offences,Under investigation,
c8d3c2209ba4a111f2d47d3370abbff37faf167ef2b4e26d0d58f060d13e4fbc,2019-03,North Yorkshire Police,North Yorkshire Police,-0.417875,54.268401,On or near Eden Drive,E01027825,Scarborough 009B,Violence and sexual offences,Under investigation,
339997d38abc458d8ed2f5bb0b54115a9bdf15cd520f30935bf2225fa32e71e0,2019-03,North Yorkshire Police,North Yorkshire Police,-0.416411,54.263716,On or near Supermarket,E01027825,Scarborough 009B,Violence and sexual offences,Under investigation,
,2019-03,North Yorkshire Police,North Yorkshire Police,-0.417649,54.273898,On or near Springhill Road,E01027826,Scarborough 009C,Anti-social behaviour,,
,2019-03,North Yorkshire Police,North Yorkshire Police,-0.417646,54.274375,On or near Springhill Close,E01027826,Scarborough 009C,Anti-social behaviour,,
e0f4ff581f541cfd5c9110d668ba7b2c79bb02855e7dc738eaa2a87bf2de4679,2019-03,North Yorkshire Police,North Yorkshire Police,-0.416375,54.275877,On or near Petrol Station,E01027826,Scarborough 009C,Bicycle theft,Investigation complete; no suspect identified,
6dc6f9807e5857ed8066b63523634bfd018f27d41a7635706b48b7f47d9d3058,2019-03,North Yorkshire Police,North Yorkshire Police,-0.415094,54.275240,On or near Westbourne Park,E01027826,Scarborough 009C,Violence and sexual offences,Under investigation,
bcfb702ca20228ba44828ed19b5b48203f4eb953a8fd6514431f6a2d751b91dd,2019-03,North Yorkshire Police,North Yorkshire Police,-0.417649,54.273898,On or near Springhill Road,E01027826,Scarborough 009C,Violence and sexual offences,Under investigation,
08b2cd8cd79da07ed85255ec56d5f85408c604cfc73dfa9b46be522fb1479cb1,2019-03,North Yorkshire Police,North Yorkshire Police,-0.419446,54.275891,On or near Park Road,E01027826,Scarborough 009C,Violence and sexual offences,Offender given a caution,
5de1bc639b8c3af9805b2a7d16f4d00848aea8364a19a39b1f8a5284eadb8879,2019-03,North Yorkshire Police,North Yorkshire Police,-0.417646,54.274375,On or near Springhill Close,E01027826,Scarborough 009C,Violence and sexual offences,Under investigation,
3a720dd1f58e0a348932dfc21ec3293875146c7e2f42e507d4ee640ebc73a5c2,2019-03,North Yorkshire Police,North Yorkshire Police,-0.420455,54.275625,On or near Park Street,E01027826,Scarborough 009C,Violence and sexual offences,Under investigation,
d75feb461b003bb1530b6c5ab823b1b897bb53dc47bc024a6cee2a17b308cbb2,2019-03,North Yorkshire Police,North Yorkshire Police,-0.418474,54.274817,On or near Oak Road,E01027826,Scarborough 009C,Violence and sexual offences,Under investigation,
78f236f99cdc522cddf37c228edb77c4905baa7df36b33b8fac837d6782a96e6,2019-03,North Yorkshire Police,North Yorkshire Police,-0.417649,54.273898,On or near Springhill Road,E01027826,Scarborough 009C,Violence and sexual offences,Under investigation,
d8eceafced081d3f070d3139d61a6f88991ce4f9f091d672a33510fbc26c10ee,2019-03,North Yorkshire Police,North Yorkshire Police,-0.419024,54.275678,On or near Derwent Street,E01027826,Scarborough 009C,Violence and sexual offences,Under investigation,
,2019-03,North Yorkshire Police,North Yorkshire Police,-0.422879,54.278093,On or near Bus/Coach Station,E01027861,Scarborough 009D,Anti-social behaviour,,
,2019-03,North Yorkshire Police,North Yorkshire Police,-0.422879,54.278093,On or near Bus/Coach Station,E01027861,Scarborough 009D,Anti-social behaviour,,
,2019-03,North Yorkshire Police,North Yorkshire Police,-0.422879,54.278093,On or near Bus/Coach Station,E01027861,Scarborough 009D,Anti-social behaviour,,
,2019-03,North Yorkshire Police,North Yorkshire Police,-0.419475,54.277958,On or near Scalby Road,E01027861,Scarborough 009D,Anti-social behaviour,,
,2019-03,North Yorkshire Police,North Yorkshire Police,-0.419475,54.277958,On or near Scalby Road,E01027861,Scarborough 009D,Anti-social behaviour,,
,2019-03,North Yorkshire Police,North Yorkshire Police,-0.422879,54.278093,On or near Bus/Coach Station,E01027861,Scarborough 009D,Anti-social behaviour,,
e4c847d58f86a328090aaafbf07508afd125cc8cefc11200e33f5fb487860b17,2019-03,North Yorkshire Police,North Yorkshire Police,-0.419475,54.277958,On or near Scalby Road,E01027861,Scarborough 009D,Criminal damage and arson,Under investigation,
a881c2e2e9b334f24f84eca6e575c7d7c491b9a5f145d7cbe8b81d431f3d4910,2019-03,North Yorkshire Police,North Yorkshire Police,-0.416852,54.276656,On or near Falsgrave Road,E01027861,Scarborough 009D,Other theft,Unable to prosecute suspect,
8ab7393a7653fd86fefd72738b5351cba5b02d8e97b2e93ac7019cae3ace50f2,2019-03,North Yorkshire Police,North Yorkshire Police,-0.422879,54.278093,On or near Bus/Coach Station,E01027861,Scarborough 009D,Violence and sexual offences,Under investigation,
ae0f49c0d91326bd6f68a86a7512c23b5244fb18e3b7923d305fd04b69c6be06,2019-03,North Yorkshire Police,North Yorkshire Police,-0.417712,54.277045,On or near Cambridge Place,E01027861,Scarborough 009D,Violence and sexual offences,Under investigation,
d4ebf62fe1757d46adc1a68db1e97c86ccf932db873e18549dbdaa28fcf1361a,2019-03,North Yorkshire Police,North Yorkshire Police,-0.419213,54.278773,On or near Harley Close,E01027861,Scarborough 009D,Violence and sexual offences,Unable to prosecute suspect,
436b4bab99f092ffa2f3c2902cc83a93ba63c0661fee52459ac32056d78e24a4,2019-03,North Yorkshire Police,North Yorkshire Police,-0.418012,54.278856,On or near Hampton Road,E01027861,Scarborough 009D,Violence and sexual offences,Under investigation,
,2019-03,North Yorkshire Police,North Yorkshire Police,-0.421468,54.277634,On or near Whin Bank,E01027863,Scarborough 009E,Anti-social behaviour,,
bd01f0fe909b0e207ae6411285c50684670227c8d04fe698323ebcdf2be87098,2019-03,North Yorkshire Police,North Yorkshire Police,-0.426983,54.279234,On or near Laughton Avenue,E01027863,Scarborough 009E,Burglary,Under investigation,
da932c9711f59ba304f20bab6d0d8f46c17728608067025892e39f160f0737e8,2019-03,North Yorkshire Police,North Yorkshire Police,-0.430160,54.280111,On or near Graham Crescent,E01027863,Scarborough 009E,Burglary,Under investigation,
3b14d2374adc91b097e51ed131f989ea52d9ec8d29bdd007d18f273beaa1ffb5,2019-03,North Yorkshire Police,North Yorkshire Police,-0.429218,54.279838,On or near Stepney Grove,E01027863,Scarborough 009E,Criminal damage and arson,Investigation complete; no suspect identified,
5449e05d830949868ba83ea1af29b63f9311cdef1068ac5c8979ae6f97bbaa88,2019-03,North Yorkshire Police,North Yorkshire Police,-0.426983,54.279234,On or near Laughton Avenue,E01027863,Scarborough 009E,Vehicle crime,Investigation complete; no suspect identified,
,2019-03,North Yorkshire Police,North Yorkshire Police,-0.440787,54.279359,On or near Park/Open Space,E01027873,Scarborough 009F,Anti-social behaviour,,
,2019-03,North Yorkshire Police,North Yorkshire Police,-0.436689,54.273599,On or near Stepney Hill,E01027873,Scarborough 009F,Anti-social behaviour,,
,2019-03,North Yorkshire Police,North Yorkshire Police,-0.433480,54.281251,On or near Quaker Close,E01027873,Scarborough 009F,Anti-social behaviour,,
,2019-03,North Yorkshire Police,North Yorkshire Police,-0.438567,54.278746,On or near Dalby Close,E01027873,Scarborough 009F,Anti-social behaviour,,
,2019-03,North Yorkshire Police,North Yorkshire Police,-0.433480,54.281251,On or near Quaker Close,E01027873,Scarborough 009F,Anti-social behaviour,,
,2019-03,North Yorkshire Police,North Yorkshire Police,-0.440787,54.279359,On or near Park/Open Space,E01027873,Scarborough 009F,Anti-social behaviour,,
,2019-03,North Yorkshire Police,North Yorkshire Police,-0.438567,54.278746,On or near Dalby Close,E01027873,Scarborough 009F,Anti-social behaviour,,
e2ad5080752842264fad66c5a52dbdd0f2449e22d098958e704357125609387d,2019-03,North Yorkshire Police,North Yorkshire Police,-0.433480,54.281251,On or near Quaker Close,E01027873,Scarborough 009F,Criminal damage and arson,Under investigation,
a6a799c8c82ce005c30c63f30839aca09522cbce3a1c8e8f726bc76a42688e09,2019-03,North Yorkshire Police,North Yorkshire Police,-0.433480,54.281251,On or near Quaker Close,E01027873,Scarborough 009F,Other theft,Unable to prosecute suspect,
ed9c62c86afb37e0ace0f267834d17f43c43d3c3e1d74fa9fa4c331b597206f1,2019-03,North Yorkshire Police,North Yorkshire Police,-0.440787,54.279359,On or near Park/Open Space,E01027873,Scarborough 009F,Public order,Under investigation,
bc5643ee419333e73cf2f2e445192772670b62961ab8dbfea60e9f5007bb3608,2019-03,North Yorkshire Police,North Yorkshire Police,-0.433480,54.281251,On or near Quaker Close,E01027873,Scarborough 009F,Public order,Offender given conditional discharge,
5f58b1a102db472e04c5620eb184ba98612c9f1afba46a32e8e49668ad2580de,2019-03,North Yorkshire Police,North Yorkshire Police,-0.437289,54.278442,On or near The Spinney,E01027873,Scarborough 009F,Public order,Under investigation,
9b552fbfbb534175e46713b8e7dec81108a6323a881ebfb5f5bfaefee64733c4,2019-03,North Yorkshire Police,North Yorkshire Police,-0.433480,54.281251,On or near Quaker Close,E01027873,Scarborough 009F,Violence and sexual offences,Under investigation,
7f8b6bf1b43ab9f4b26f690403dffb48223714e1f9fd20050886fdd739bc34e3,2019-03,North Yorkshire Police,North Yorkshire Police,-0.432916,54.284785,On or near Scalby Road,E01027873,Scarborough 009F,Violence and sexual offences,Under investigation,
880e2a906ea59b0037d55e47da77f4147277cea7b4293f1490f3a947e776aaec,2019-03,North Yorkshire Police,North Yorkshire Police,-0.440787,54.279359,On or near Park/Open Space,E01027873,Scarborough 009F,Violence and sexual offences,Unable to prosecute suspect,
194bd4b77c8297505aeb6b15293a49fdb857bbf269c4d8914a1dda2c14e9b6f1,2019-03,North Yorkshire Police,North Yorkshire Police,-0.440787,54.279359,On or near Park/Open Space,E01027873,Scarborough 009F,Violence and sexual offences,Under investigation,
f69a40d08670ebaaa09254c738ee9eb379b6a3c7fca000142a18ff8db8e8e1aa,2019-03,North Yorkshire Police,North Yorkshire Police,-0.440787,54.279359,On or near Park/Open Space,E01027873,Scarborough 009F,Violence and sexual offences,Under investigation,
be40a57677c3562dff78ed869e582a1bfa6a64f67e82c0beec1a2ffc202fbe5b,2019-03,North Yorkshire Police,North Yorkshire Police,-0.440787,54.279359,On or near Park/Open Space,E01027873,Scarborough 009F,Violence and sexual offences,Under investigation,
3b930cdce042cf67d74659557107d02644546892dbde39e97d07eff89ec91081,2019-03,North Yorkshire Police,North Yorkshire Police,-0.440787,54.279359,On or near Park/Open Space,E01027873,Scarborough 009F,Violence and sexual offences,Unable to prosecute suspect,
,2019-03,North Yorkshire Police,North Yorkshire Police,-0.399031,54.281113,On or near Harcourt Place,E01027804,Scarborough 010A,Anti-social behaviour,,
,2019-03,North Yorkshire Police,North Yorkshire Police,-0.401152,54.281096,On or near Vernon Place,E01027804,Scarborough 010A,Anti-social behaviour,,
,2019-03,North Yorkshire Police,North Yorkshire Police,-0.404407,54.282712,On or near Albemarle Back Road,E01027804,Scarborough 010A,Anti-social behaviour,,
,2019-03,North Yorkshire Police,North Yorkshire Police,-0.409106,54.278370,On or near Falsgrave Road,E01027804,Scarborough 010A,Anti-social behaviour,,
,2019-03,North Yorkshire Police,North Yorkshire Police,-0.401152,54.281096,On or near Vernon Place,E01027804,Scarborough 010A,Anti-social behaviour,,
,2019-03,North Yorkshire Police,North Yorkshire Police,-0.401152,54.281096,On or near Vernon Place,E01027804,Scarborough 010A,Anti-social behaviour,,
,2019-03,North Yorkshire Police,North Yorkshire Police,-0.399569,54.280329,On or near Cliff Bridge Place,E01027804,Scarborough 010A,Anti-social behaviour,,
,2019-03,North Yorkshire Police,North Yorkshire Police,-0.406698,54.279884,On or near West Square,E01027804,Scarborough 010A,Anti-social behaviour,,
,2019-03,North Yorkshire Police,North Yorkshire Police,-0.401152,54.281096,On or near Vernon Place,E01027804,Scarborough 010A,Anti-social behaviour,,
,2019-03,North Yorkshire Police,North Yorkshire Police,-0.399031,54.281113,On or near Harcourt Place,E01027804,Scarborough 010A,Anti-social behaviour,,
,2019-03,North Yorkshire Police,North Yorkshire Police,-0.401152,54.281096,On or near Vernon Place,E01027804,Scarborough 010A,Anti-social behaviour,,
,2019-03,North Yorkshire Police,North Yorkshire Police,-0.402358,54.280879,On or near Shopping Area,E01027804,Scarborough 010A,Anti-social behaviour,,
,2019-03,North Yorkshire Police,North Yorkshire Police,-0.408715,54.277763,On or near Belgrave Terrace,E01027804,Scarborough 010A,Anti-social behaviour,,
,2019-03,North Yorkshire Police,North Yorkshire Police,-0.404391,54.280762,On or near Westborough,E01027804,Scarborough 010A,Anti-social behaviour,,
,2019-03,North Yorkshire Police,North Yorkshire Police,-0.408637,54.278193,On or near Victoria Parade,E01027804,Scarborough 010A,Anti-social behaviour,,
,2019-03,North Yorkshire Police,North Yorkshire Police,-0.398734,54.280866,On or near Shopping Area,E01027804,Scarborough 010A,Anti-social behaviour,,
,2019-03,North Yorkshire Police,North Yorkshire Police,-0.401152,54.281096,On or near Vernon Place,E01027804,Scarborough 010A,Anti-social behaviour,,
,2019-03,North Yorkshire Police,North Yorkshire Police,-0.403033,54.279333,On or near Crescent Back Road,E01027804,Scarborough 010A,Anti-social behaviour,,
,2019-03,North Yorkshire Police,North Yorkshire Police,-0.404129,54.281954,On or near Albemarle Crescent,E01027804,Scarborough 010A,Anti-social behaviour,,
,2019-03,North Yorkshire Police,North Yorkshire Police,-0.406698,54.279884,On or near West Square,E01027804,Scarborough 010A,Anti-social behaviour,,
,2019-03,North Yorkshire Police,North Yorkshire Police,-0.406948,54.280975,On or near Victoria Road,E01027804,Scarborough 010A,Anti-social behaviour,,
,2019-03,North Yorkshire Police,North Yorkshire Police,-0.407644,54.279645,On or near Belle Vue Parade,E01027804,Scarborough 010A,Anti-social behaviour,,
,2019-03,North Yorkshire Police,North Yorkshire Police,-0.404391,54.280762,On or near Westborough,E01027804,Scarborough 010A,Anti-social behaviour,,
,2019-03,North Yorkshire Police,North Yorkshire Police,-0.406698,54.279884,On or near West Square,E01027804,Scarborough 010A,Anti-social behaviour,,
,2019-03,North Yorkshire Police,North Yorkshire Police,-0.399031,54.281113,On or near Harcourt Place,E01027804,Scarborough 010A,Anti-social behaviour,,
,2019-03,North Yorkshire Police,North Yorkshire Police,-0.405857,54.281770,On or near Parking Area,E01027804,Scarborough 010A,Anti-social behaviour,,
,2019-03,North Yorkshire Police,North Yorkshire Police,-0.398734,54.280866,On or near Shopping Area,E01027804,Scarborough 010A,Anti-social behaviour,,
,2019-03,North Yorkshire Police,North Yorkshire Police,-0.404129,54.281954,On or near Albemarle Crescent,E01027804,Scarborough 010A,Anti-social behaviour,,
,2019-03,North Yorkshire Police,North Yorkshire Police,-0.404391,54.280762,On or near Westborough,E01027804,Scarborough 010A,Anti-social behaviour,,
,2019-03,North Yorkshire Police,North Yorkshire Police,-0.404129,54.281954,On or near Albemarle Crescent,E01027804,Scarborough 010A,Anti-social behaviour,,
,2019-03,North Yorkshire Police,North Yorkshire Police,-0.409684,54.274935,On or near Supermarket,E01027804,Scarborough 010A,Anti-social behaviour,,
,2019-03,North Yorkshire Police,North Yorkshire Police,-0.398821,54.279807,On or near Cliff Bridge Terrace,E01027804,Scarborough 010A,Anti-social behaviour,,
,2019-03,North Yorkshire Police,North Yorkshire Police,-0.399031,54.281113,On or near Harcourt Place,E01027804,Scarborough 010A,Anti-social behaviour,,
,2019-03,North Yorkshire Police,North Yorkshire Police,-0.398734,54.280866,On or near Shopping Area,E01027804,Scarborough 010A,Anti-social behaviour,,
,2019-03,North Yorkshire Police,North Yorkshire Police,-0.400303,54.280797,On or near Falconers Road,E01027804,Scarborough 010A,Anti-social behaviour,,
,2019-03,North Yorkshire Police,North Yorkshire Police,-0.403235,54.279659,On or near Somerset Terrace,E01027804,Scarborough 010A,Anti-social behaviour,,
,2019-03,North Yorkshire Police,North Yorkshire Police,-0.405857,54.281770,On or near Parking Area,E01027804,Scarborough 010A,Anti-social behaviour,,
,2019-03,North Yorkshire Police,North Yorkshire Police,-0.404391,54.280762,On or near Westborough,E01027804,Scarborough 010A,Anti-social behaviour,,
,2019-03,North Yorkshire Police,North Yorkshire Police,-0.405041,54.281022,On or near Alma Square,E01027804,Scarborough 010A,Anti-social behaviour,,
,2019-03,North Yorkshire Police,North Yorkshire Police,-0.405638,54.281075,On or near Alma Parade,E01027804,Scarborough 010A,Anti-social behaviour,,
,2019-03,North Yorkshire Police,North Yorkshire Police,-0.403002,54.280537,On or near York Place,E01027804,Scarborough 010A,Anti-social behaviour,,
,2019-03,North Yorkshire Police,North Yorkshire Police,-0.406698,54.279884,On or near West Square,E01027804,Scarborough 010A,Anti-social behaviour,,
,2019-03,North Yorkshire Police,North Yorkshire Police,-0.404391,54.280762,On or near Westborough,E01027804,Scarborough 010A,Anti-social behaviour,,
,2019-03,North Yorkshire Police,North Yorkshire Police,-0.404407,54.282712,On or near Albemarle Back Road,E01027804,Scarborough 010A,Anti-social behaviour,,
,2019-03,North Yorkshire Police,North Yorkshire Police,-0.403788,54.278866,On or near Valley Bridge Parade,E01027804,Scarborough 010A,Anti-social behaviour,,
,2019-03,North Yorkshire Police,North Yorkshire Police,-0.408601,54.279127,On or near Belle Vue Place,E01027804,Scarborough 010A,Anti-social behaviour,,
,2019-03,North Yorkshire Police,North Yorkshire Police,-0.409106,54.278370,On or near Falsgrave Road,E01027804,Scarborough 010A,Anti-social behaviour,,
5dd119268be1025ca937e60187254bb2b8a392e5e84c452e11fe4ed47d5fec5a,2019-03,North Yorkshire Police,North Yorkshire Police,-0.406698,54.279884,On or near West Square,E01027804,Scarborough 010A,Bicycle theft,Investigation complete; no suspect identified,
369ee8a9a7ef7bad1f69245202262defb8be57de7f8f282767c4e9cfb0fa104e,2019-03,North Yorkshire Police,North Yorkshire Police,-0.408723,54.275561,On or near Westwood Road,E01027804,Scarborough 010A,Bicycle theft,Under investigation,
e457f93c04553b3f7373f1d6f243133e85012bd9a459f2c440b2d50daea90b22,2019-03,North Yorkshire Police,North Yorkshire Police,-0.400303,54.280797,On or near Falconers Road,E01027804,Scarborough 010A,Burglary,Investigation complete; no suspect identified,
db5c8731220bfd68e72c9f78694be46d442b31963ec1baebf823fb7ba290fe20,2019-03,North Yorkshire Police,North Yorkshire Police,-0.402358,54.280879,On or near Shopping Area,E01027804,Scarborough 010A,Criminal damage and arson,Investigation complete; no suspect identified,
75167b7550348a10cf2954ae54cd30d62785641bcf92802a7e8a406e5f142310,2019-03,North Yorkshire Police,North Yorkshire Police,-0.404041,54.277494,On or near Park/Open Space,E01027804,Scarborough 010A,Criminal damage and arson,Under investigation,
f84814c09abdc15c48ceb0efc39ff5912bc8b4411b8029fa5774c2fdc8c9063e,2019-03,North Yorkshire Police,North Yorkshire Police,-0.404391,54.280762,On or near Westborough,E01027804,Scarborough 010A,Criminal damage and arson,Investigation complete; no suspect identified,
3263db5981d8c8a2672de438f695c4e3e853ac0223520902c0411cec5def685c,2019-03,North Yorkshire Police,North Yorkshire Police,-0.404041,54.277494,On or near Park/Open Space,E01027804,Scarborough 010A,Criminal damage and arson,Unable to prosecute suspect,
dd08e9f2276a68ab1bff4bbf5bc70e0a0a52db06bbd63c45e4096eb4174106b4,2019-03,North Yorkshire Police,North Yorkshire Police,-0.406848,54.279185,On or near Parking Area,E01027804,Scarborough 010A,Criminal damage and arson,Offender given community sentence,
6b0cef69970df4f857cae6ed4a24116c41f0f6aaf1b5f204b95aee9b7ee3018c,2019-03,North Yorkshire Police,North Yorkshire Police,-0.404129,54.281954,On or near Albemarle Crescent,E01027804,Scarborough 010A,Criminal damage and arson,Investigation complete; no suspect identified,
b1bdc311ce3314e7b17fe3495ec7a990cc26b64e385c4ce809ec408361b05c35,2019-03,North Yorkshire Police,North Yorkshire Police,-0.406948,54.280975,On or near Victoria Road,E01027804,Scarborough 010A,Criminal damage and arson,Awaiting court outcome,
ecaa9da0eb5dea9a937df7c4aa48c7cb0395311647d8d60955606d912d35aa73,2019-03,North Yorkshire Police,North Yorkshire Police,-0.405041,54.281022,On or near Alma Square,E01027804,Scarborough 010A,Criminal damage and arson,Under investigation,
64c4bec6e49f9e60c7442531774d54b1c79ac77f75172b19a58a39710e6ac0d0,2019-03,North Yorkshire Police,North Yorkshire Police,-0.405857,54.281770,On or near Parking Area,E01027804,Scarborough 010A,Criminal damage and arson,Under investigation,
326a0d0f54d0ce5d1c7476107866ea52ad95c32a8dc66211cad52d44cdbb03f6,2019-03,North Yorkshire Police,North Yorkshire Police,-0.406948,54.280975,On or near Victoria Road,E01027804,Scarborough 010A,Criminal damage and arson,Under investigation,
f156693c2637e0ef0697a05add814fe07512cd4fa0b7a90517dc4bf95ee5f622,2019-03,North Yorkshire Police,North Yorkshire Police,-0.403235,54.279659,On or near Somerset Terrace,E01027804,Scarborough 010A,Criminal damage and arson,Investigation complete; no suspect identified,
af038b9b611b8b216eef45b8af2e000a6a3366977247a28d78581cf2f3e13800,2019-03,North Yorkshire Police,North Yorkshire Police,-0.398734,54.280866,On or near Shopping Area,E01027804,Scarborough 010A,Criminal damage and arson,Unable to prosecute suspect,
d1d204d33e07feda710996a956258dd17a9f9930de12b7154014cf72cd33cbf8,2019-03,North Yorkshire Police,North Yorkshire Police,-0.406948,54.280975,On or near Victoria Road,E01027804,Scarborough 010A,Criminal damage and arson,Under investigation,
ccb0ca0e3284e07ce0a1910821ea10629e4644c4cf09e6390cecca2eba2263ee,2019-03,North Yorkshire Police,North Yorkshire Police,-0.404391,54.280762,On or near Westborough,E01027804,Scarborough 010A,Drugs,Under investigation,
c17a1d87241b3b11dc6bc630a57c1fbd50f1e33278d391175fcb655ed6e1fc3b,2019-03,North Yorkshire Police,North Yorkshire Police,-0.401152,54.281096,On or near Vernon Place,E01027804,Scarborough 010A,Drugs,Under investigation,
f8a0142f17acc1c6618915e7a6d49949c2ccd7df1f1a4ac5482eb64b2407d25d,2019-03,North Yorkshire Police,North Yorkshire Police,-0.406948,54.280975,On or near Victoria Road,E01027804,Scarborough 010A,Drugs,Offender given a drugs possession warning,
9cf33e859437e1c7f1c8449b8276bfda8d1eb3bc35c09fd719a2423c94ce0103,2019-03,North Yorkshire Police,North Yorkshire Police,-0.406698,54.279884,On or near West Square,E01027804,Scarborough 010A,Drugs,Under investigation,
508f8f7bc742944af4ef7148ba3cef3d5fbe59a8653dac180f667673598f40dd,2019-03,North Yorkshire Police,North Yorkshire Police,-0.400303,54.280797,On or near Falconers Road,E01027804,Scarborough 010A,Drugs,Under investigation,
c717dca27ce34fe5614d564f657b04869dcf6860301fa3c21ba247c9086213a9,2019-03,North Yorkshire Police,North Yorkshire Police,-0.406948,54.280975,On or near Victoria Road,E01027804,Scarborough 010A,Drugs,Offender given a caution,
8f3477ee80df7b686db8e8bf16f80a255873c45ee363368a306b8b965bf3297b,2019-03,North Yorkshire Police,North Yorkshire Police,-0.406948,54.280975,On or near Victoria Road,E01027804,Scarborough 010A,Drugs,Under investigation,
770d7f76a7862b47b98609db1cebdbb22386ba157f2e86524fdd39a0d86cb24d,2019-03,North Yorkshire Police,North Yorkshire Police,-0.404391,54.280762,On or near Westborough,E01027804,Scarborough 010A,Drugs,Under investigation,
3da4bbb991ceab92a425eafe5547e8c9c7ef5f486b7ea40252efc895bcdd2d9d,2019-03,North Yorkshire Police,North Yorkshire Police,-0.402358,54.280879,On or near Shopping Area,E01027804,Scarborough 010A,Other theft,Unable to prosecute suspect,
f14f3799692a49d46dd59b3d742ce7d915cde77064f83665d913c7bbc085aea4,2019-03,North Yorkshire Police,North Yorkshire Police,-0.398734,54.280866,On or near Shopping Area,E01027804,Scarborough 010A,Other theft,Investigation complete; no suspect identified,
61b4f5b490e28ff8e186eaa87b459b829c54e3fee23f30404435b624ec361390,2019-03,North Yorkshire Police,North Yorkshire Police,-0.407487,54.277747,On or near Westwood,E01027804,Scarborough 010A,Other theft,Under investigation,
20f175ca63f4f130c9a6e27bb298673d8c3b5ac9f32b0cf9d97aab28f58a455e,2019-03,North Yorkshire Police,North Yorkshire Police,-0.401152,54.281096,On or near Vernon Place,E01027804,Scarborough 010A,Other theft,Under investigation,
ba8177cd88e20ceb403ac333769098dad74d699266e0dd901a217f2e97528b98,2019-03,North Yorkshire Police,North Yorkshire Police,-0.398734,54.280866,On or near Shopping Area,E01027804,Scarborough 010A,Other theft,Under investigation,
b01f043778e9ec0f2932e5e2ea787d7a0eb8a3d02cba3917016a99cd518de80a,2019-03,North Yorkshire Police,North Yorkshire Police,-0.400371,54.280636,On or near Parking Area,E01027804,Scarborough 010A,Other theft,Investigation complete; no suspect identified,
9f1d7f0d161c6f5b81792ecd123d045221db44f6bcd72cd406a85dec9f19ad5a,2019-03,North Yorkshire Police,North Yorkshire Police,-0.405041,54.281022,On or near Alma Square,E01027804,Scarborough 010A,Other theft,Under investigation,
5c056bc410aadb0cfa5a477dcc0db75cfe189ba76340ec66f8b64ef7f9f829e6,2019-03,North Yorkshire Police,North Yorkshire Police,-0.407644,54.279645,On or near Belle Vue Parade,E01027804,Scarborough 010A,Other theft,Investigation complete; no suspect identified,
cdac80ba0cf509545bf1e7b29b466c76a70a51f1260f820fc2f309666bf02d35,2019-03,North Yorkshire Police,North Yorkshire Police,-0.404391,54.280762,On or near Westborough,E01027804,Scarborough 010A,Other theft,Investigation complete; no suspect identified,
4a883bd59de2e780dde3d7b2f5089986e3e0e4d32a73404db3a17a968ee89ad5,2019-03,North Yorkshire Police,North Yorkshire Police,-0.398734,54.280866,On or near Shopping Area,E01027804,Scarborough 010A,Other theft,Under investigation,
62e44fd2f7005df6493b0317bbfe3ab2045ed776de77443177cde68ae23b4cc2,2019-03,North Yorkshire Police,North Yorkshire Police,-0.401152,54.281096,On or near Vernon Place,E01027804,Scarborough 010A,Public order,Awaiting court outcome,
0ee399d90132751f586dd7c4470da782825bf477dc39d580bdc50f4b41e97be2,2019-03,North Yorkshire Police,North Yorkshire Police,-0.404391,54.280762,On or near Westborough,E01027804,Scarborough 010A,Public order,Unable to prosecute suspect,
86ea21f56efeab62ac82446b16275648d9cf5d28bffc5d5b517b72c88d2229c6,2019-03,North Yorkshire Police,North Yorkshire Police,-0.404129,54.281954,On or near Albemarle Crescent,E01027804,Scarborough 010A,Public order,Under investigation,
02a5b85c44e0a27d562caa1f765dd0e8f3385ae7a336f6fb8991cf72104ba0c0,2019-03,North Yorkshire Police,North Yorkshire Police,-0.404391,54.280762,On or near Westborough,E01027804,Scarborough 010A,Public order,Under investigation,
2aa954515040ffa40904c83c596586a720a1e9764ef7b927b4ae938c26f56f91,2019-03,North Yorkshire Police,North Yorkshire Police,-0.404391,54.280762,On or near Westborough,E01027804,Scarborough 010A,Public order,Awaiting court outcome,
09336be97ec8d59a5c2dee1343072075cdd59d9984d7d63b8ad1a060c6080aa1,2019-03,North Yorkshire Police,North Yorkshire Police,-0.406948,54.280975,On or near Victoria Road,E01027804,Scarborough 010A,Public order,Under investigation,
23c0a33be88591d58cb8309879793877708a9bf38481fda2867298043991f927,2019-03,North Yorkshire Police,North Yorkshire Police,-0.404391,54.280762,On or near Westborough,E01027804,Scarborough 010A,Public order,Under investigation,
929fd8f238bc78298077f8127e33f26b0a8d3981b8d342b1a047a1d1dbc2844a,2019-03,North Yorkshire Police,North Yorkshire Police,-0.403235,54.279659,On or near Somerset Terrace,E01027804,Scarborough 010A,Robbery,Under investigation,
3890c1f03f390ae6b00fc754a3b2b2f0521abd0d66f888d9b516af5d06862501,2019-03,North Yorkshire Police,North Yorkshire Police,-0.404937,54.278549,On or near Supermarket,E01027804,Scarborough 010A,Shoplifting,Under investigation,
cd4cf925c336d26e4621884b204a8bd3dd802b14ed87652cd8d6b4b04230f4ba,2019-03,North Yorkshire Police,North Yorkshire Police,-0.404937,54.278549,On or near Supermarket,E01027804,Scarborough 010A,Shoplifting,Under investigation,
a8ddcd6bb7fcd1cca4d3e5db4198509dfc7d7960f19fb4e2667874e91b76a9a8,2019-03,North Yorkshire Police,North Yorkshire Police,-0.402358,54.280879,On or near Shopping Area,E01027804,Scarborough 010A,Shoplifting,Under investigation,
3ed510b4d22052188280d2a0dc284f74d0a87f6f968fa76513b7aa6b4d662817,2019-03,North Yorkshire Police,North Yorkshire Police,-0.404937,54.278549,On or near Supermarket,E01027804,Scarborough 010A,Shoplifting,Under investigation,
a2a86e09e71329a42f5488897b06f6a7909c6b17310e4f30588e0a979a4266d4,2019-03,North Yorkshire Police,North Yorkshire Police,-0.402358,54.280879,On or near Shopping Area,E01027804,Scarborough 010A,Shoplifting,Under investigation,
1127c3ec2071344dd698ee9026125fc4d965e38b13b25f7c2ae5e053f72aff02,2019-03,North Yorkshire Police,North Yorkshire Police,-0.402358,54.280879,On or near Shopping Area,E01027804,Scarborough 010A,Shoplifting,Under investigation,
1726c2cb6d02dcd82bc1a8f9625bd408d41ff020fd57fa677c2bee5c3c0f9930,2019-03,North Yorkshire Police,North Yorkshire Police,-0.402358,54.280879,On or near Shopping Area,E01027804,Scarborough 010A,Shoplifting,Unable to prosecute suspect,
14d2e217dbd00afd5f26b3766a47822231bcb498b9c16fa5bc119015f570ad18,2019-03,North Yorkshire Police,North Yorkshire Police,-0.402358,54.280879,On or near Shopping Area,E01027804,Scarborough 010A,Shoplifting,Offender sent to prison,
f503a73250c791b23f275fc83f7d547b9f5fad580234ed4adf9797dd2238a481,2019-03,North Yorkshire Police,North Yorkshire Police,-0.402358,54.280879,On or near Shopping Area,E01027804,Scarborough 010A,Shoplifting,Under investigation,
5c2f35722cfb4143562ff5bebe31a9af1aba2bcb79ace4d8d3850b8dd1ce6a96,2019-03,North Yorkshire Police,North Yorkshire Police,-0.402358,54.280879,On or near Shopping Area,E01027804,Scarborough 010A,Shoplifting,Under investigation,
57f8688ea726e10d1e84ff00892dafc85da14ea999c5da5f348e0048e33f9167,2019-03,North Yorkshire Police,North Yorkshire Police,-0.404937,54.278549,On or near Supermarket,E01027804,Scarborough 010A,Shoplifting,Investigation complete; no suspect identified,
38599aec8865b40467d793972a355208d41f4d6a12d30a70726560865c66f697,2019-03,North Yorkshire Police,North Yorkshire Police,-0.404937,54.278549,On or near Supermarket,E01027804,Scarborough 010A,Shoplifting,Under investigation,
1a8dae4f50e368c85da6958e150d6aa59b639ca3d0bc7e2606699b59519a46f1,2019-03,North Yorkshire Police,North Yorkshire Police,-0.404937,54.278549,On or near Supermarket,E01027804,Scarborough 010A,Shoplifting,Offender given community sentence,
79f85b29151a376a2374f89e1b34b7f7bcd81dac621e7ff33fde356a4cd028a8,2019-03,North Yorkshire Police,North Yorkshire Police,-0.409684,54.274935,On or near Supermarket,E01027804,Scarborough 010A,Shoplifting,Investigation complete; no suspect identified,
54ed7432129079c05dd22b91a14547421244355fb7d08f14612902b59cf4d26d,2019-03,North Yorkshire Police,North Yorkshire Police,-0.402358,54.280879,On or near Shopping Area,E01027804,Scarborough 010A,Shoplifting,Investigation complete; no suspect identified,
35f5c3ca4cd38d9a7a7c54bd67da922107925cf1ff3462ad0923c155c5654891,2019-03,North Yorkshire Police,North Yorkshire Police,-0.402358,54.280879,On or near Shopping Area,E01027804,Scarborough 010A,Shoplifting,Under investigation,
6209541e83f757201e623633d3f61e601d89d1e93a3bb614d85b59ecf62b561a,2019-03,North Yorkshire Police,North Yorkshire Police,-0.402358,54.280879,On or near Shopping Area,E01027804,Scarborough 010A,Shoplifting,Unable to prosecute suspect,
741f57486ae7ad3ea7dc3f79bcfc8e147470da4f4a4082248991575b110422a6,2019-03,North Yorkshire Police,North Yorkshire Police,-0.402358,54.280879,On or near Shopping Area,E01027804,Scarborough 010A,Shoplifting,Under investigation,
c499aed23e6b8964d9a655539d47d46b24fc739333620b7f040843b34a601e0c,2019-03,North Yorkshire Police,North Yorkshire Police,-0.404937,54.278549,On or near Supermarket,E01027804,Scarborough 010A,Shoplifting,Under investigation,
4e57a30e922be5a86296a9a940101d1bbeb3fa64edbcf2792a19571e17d06ee5,2019-03,North Yorkshire Police,North Yorkshire Police,-0.404937,54.278549,On or near Supermarket,E01027804,Scarborough 010A,Shoplifting,Under investigation,
9a4af5f976c85c98f0c6eb139ae5e9adf5347f8433f06c67be0047f8b12f5490,2019-03,North Yorkshire Police,North Yorkshire Police,-0.402358,54.280879,On or near Shopping Area,E01027804,Scarborough 010A,Shoplifting,Local resolution,
61a8c38a35ee902a920d9ad891050f8d919a548c5bf118c8f94f6e6543b33f06,2019-03,North Yorkshire Police,North Yorkshire Police,-0.401152,54.281096,On or near Vernon Place,E01027804,Scarborough 010A,Theft from the person,Under investigation,
f83172d258499e022f13f991ca8dcfae78300e09f9acc11ffa931110300011eb,2019-03,North Yorkshire Police,North Yorkshire Police,-0.402358,54.280879,On or near Shopping Area,E01027804,Scarborough 010A,Theft from the person,Under investigation,
3fcd7319c3c5743c3037bf61a67096e3e34cb2d2e933196dbc9d6ef1b81005df,2019-03,North Yorkshire Police,North Yorkshire Police,-0.405857,54.281770,On or near Parking Area,E01027804,Scarborough 010A,Theft from the person,Investigation complete; no suspect identified,
b04bce7c8c6ebae84353a32fa60cc6fdc0640dff92bd4bf1162ba8c4b0e48f5b,2019-03,North Yorkshire Police,North Yorkshire Police,-0.407532,54.276165,On or near Westwood Close,E01027804,Scarborough 010A,Vehicle crime,Investigation complete; no suspect identified,
4bef0a11822a4611aad917bb42f0d38bde2fe8f940f85fe2d5fb07ed05f5797e,2019-03,North Yorkshire Police,North Yorkshire Police,-0.404391,54.280762,On or near Westborough,E01027804,Scarborough 010A,Violence and sexual offences,Under investigation,
e811f219be76b12bdf887160b1cc597eb34d5467c535c770ceb82b7e962656bb,2019-03,North Yorkshire Police,North Yorkshire Police,-0.409106,54.278370,On or near Falsgrave Road,E01027804,Scarborough 010A,Violence and sexual offences,Unable to prosecute suspect,
69b3f44fe238b679b2a8eeefc8f2d50aafe282af62fa3f09947ea4531a723bd7,2019-03,North Yorkshire Police,North Yorkshire Police,-0.406848,54.279185,On or near Parking Area,E01027804,Scarborough 010A,Violence and sexual offences,Offender given community sentence,
02916c61cd621dfd551ba62eab806fd7c6970435df2dfe68844edc5189cb435a,2019-03,North Yorkshire Police,North Yorkshire Police,-0.401152,54.281096,On or near Vernon Place,E01027804,Scarborough 010A,Violence and sexual offences,Under investigation,
6c6e650422559968b92f4f89caa56cd075ab3ecdffaae9b1283e65f830333e3a,2019-03,North Yorkshire Police,North Yorkshire Police,-0.405857,54.281770,On or near Parking Area,E01027804,Scarborough 010A,Violence and sexual offences,Under investigation,
ad995830956c37bf7fe5386a2288022876778b1a281f6e2ebb2c3d99973dba2d,2019-03,North Yorkshire Police,North Yorkshire Police,-0.406948,54.280975,On or near Victoria Road,E01027804,Scarborough 010A,Violence and sexual offences,Offender given community sentence,
33c3271733d6fce995432264985df7b51775f0834f8a1943a9aebd8612f100cd,2019-03,North Yorkshire Police,North Yorkshire Police,-0.403235,54.279659,On or near Somerset Terrace,E01027804,Scarborough 010A,Violence and sexual offences,Under investigation,
1be04c598b01aa08aad72e9aae824a2c1a983c3ed5cdd4f1a304858e9ea06c24,2019-03,North Yorkshire Police,North Yorkshire Police,-0.398734,54.280866,On or near Shopping Area,E01027804,Scarborough 010A,Violence and sexual offences,Unable to prosecute suspect,
76ce3cbb4b3f6c6cca9cd706623efb4c412bd95771dcc4ef53d60b7dda83b965,2019-03,North Yorkshire Police,North Yorkshire Police,-0.404129,54.281954,On or near Albemarle Crescent,E01027804,Scarborough 010A,Violence and sexual offences,Unable to prosecute suspect,
a3fbbf0a112277b437ee51a8a7a960d7e8d32ca5ce318e8c12fee6c99794ebfc,2019-03,North Yorkshire Police,North Yorkshire Police,-0.398734,54.280866,On or near Shopping Area,E01027804,Scarborough 010A,Violence and sexual offences,Under investigation,
f1904b2017a8d2b1ef5fd9705270902198b9c14e1498f8668a3cee724d7fe72c,2019-03,North Yorkshire Police,North Yorkshire Police,-0.406848,54.279185,On or near Parking Area,E01027804,Scarborough 010A,Violence and sexual offences,Offender given community sentence,
b22b63a41458a844344914c1be40eba4b4771323d3d2fd9b9b1dfcade95562ad,2019-03,North Yorkshire Police,North Yorkshire Police,-0.409684,54.274935,On or near Supermarket,E01027804,Scarborough 010A,Violence and sexual offences,Unable to prosecute suspect,
877d9a87208b5209af02ccded2c671bd9a73213829108d07b6321c88149a57d7,2019-03,North Yorkshire Police,North Yorkshire Police,-0.404391,54.280762,On or near Westborough,E01027804,Scarborough 010A,Violence and sexual offences,Under investigation,
87b802727e634d6a39f356ce3fd66d01f65aab236784d366962e5946a9af02de,2019-03,North Yorkshire Police,North Yorkshire Police,-0.404391,54.280762,On or near Westborough,E01027804,Scarborough 010A,Violence and sexual offences,Under investigation,
9b0cb0cd55c870904ccdfc6c6617a590373135e975eefdfe470eb7e1d01d655a,2019-03,North Yorkshire Police,North Yorkshire Police,-0.404407,54.282712,On or near Albemarle Back Road,E01027804,Scarborough 010A,Violence and sexual offences,Under investigation,
c9ba8b71b3cd0b39ff3d7b98ff08bcb59be6d03fe056535ca3cefaa93d559fc6,2019-03,North Yorkshire Police,North Yorkshire Police,-0.398734,54.280866,On or near Shopping Area,E01027804,Scarborough 010A,Violence and sexual offences,Under investigation,
b317288f19525a005079e0a9135d9fcdc273a39f26f8075ba534bb3424d2bb02,2019-03,North Yorkshire Police,North Yorkshire Police,-0.401152,54.281096,On or near Vernon Place,E01027804,Scarborough 010A,Violence and sexual offences,Awaiting court outcome,
3dffd84645622025211063d9f46c6c28dacc34fef0de84fbb13532c9db0200a1,2019-03,North Yorkshire Police,North Yorkshire Police,-0.404407,54.282712,On or near Albemarle Back Road,E01027804,Scarborough 010A,Violence and sexual offences,Under investigation,
2eadc239567abdcbbc6ff22682f34b578bb7e132de9b3abc9aabb568b169648d,2019-03,North Yorkshire Police,North Yorkshire Police,-0.402358,54.280879,On or near Shopping Area,E01027804,Scarborough 010A,Violence and sexual offences,Under investigation,
5b0970c6279de15c25c87423a1e6e8cb3932dd2730170fae8a2d1dcf691a0ecd,2019-03,North Yorkshire Police,North Yorkshire Police,-0.398734,54.280866,On or near Shopping Area,E01027804,Scarborough 010A,Violence and sexual offences,Offender given a caution,
3a904646263f067956618cd081ea5a008f2e18ae51b6ab8ce593c06f760ea0b0,2019-03,North Yorkshire Police,North Yorkshire Police,-0.404129,54.281954,On or near Albemarle Crescent,E01027804,Scarborough 010A,Violence and sexual offences,Under investigation,
bcd3c9a33c1b18d3bbb51b17fcbf618ccf1d30eb177e3169365cab123e08e517,2019-03,North Yorkshire Police,North Yorkshire Police,-0.409106,54.278370,On or near Falsgrave Road,E01027804,Scarborough 010A,Violence and sexual offences,Under investigation,
ee82eb76aa254441a035f93defd304a86d5024b91afd79b3ebea1f078ae9c982,2019-03,North Yorkshire Police,North Yorkshire Police,-0.404041,54.277494,On or near Park/Open Space,E01027804,Scarborough 010A,Violence and sexual offences,Under investigation,
6de7ea7f550cf57c06af6b901cfea59b5c6d1565e32a1fff9c25eaebe8c85529,2019-03,North Yorkshire Police,North Yorkshire Police,-0.409106,54.278370,On or near Falsgrave Road,E01027804,Scarborough 010A,Violence and sexual offences,Under investigation,
73cc59272aa711448b446693ac4d1567800014fca79e90d90759f412c1df3c2f,2019-03,North Yorkshire Police,North Yorkshire Police,-0.401152,54.281096,On or near Vernon Place,E01027804,Scarborough 010A,Violence and sexual offences,Defendant found not guilty,
c8a048442c6ae57c275e0cbff64a241545c2a64b9a6aa9e88ff63bda5a3ec88b,2019-03,North Yorkshire Police,North Yorkshire Police,-0.399031,54.281113,On or near Harcourt Place,E01027804,Scarborough 010A,Violence and sexual offences,Under investigation,
301cddfed12ff8c4f47726e2ae7d9987fa9c4886e2a1b6f5ae6677d81e6f5814,2019-03,North Yorkshire Police,North Yorkshire Police,-0.404129,54.281954,On or near Albemarle Crescent,E01027804,Scarborough 010A,Violence and sexual offences,Unable to prosecute suspect,
4860c23d1dd68a01d42e3bcd6bbbfa2bb228bf87fef80e3300ab70582fbe7827,2019-03,North Yorkshire Police,North Yorkshire Police,-0.404937,54.278549,On or near Supermarket,E01027804,Scarborough 010A,Violence and sexual offences,Unable to prosecute suspect,
7b0efb00533094718b2cf54d8f096be1c1cf62b487178874c0562163e822180e,2019-03,North Yorkshire Police,North Yorkshire Police,-0.409106,54.278370,On or near Falsgrave Road,E01027804,Scarborough 010A,Violence and sexual offences,Unable to prosecute suspect,
e30085caf2432de3690708f1af2fef82e3585cd8f10dc5279209c4858f9787c8,2019-03,North Yorkshire Police,North Yorkshire Police,-0.404391,54.280762,On or near Westborough,E01027804,Scarborough 010A,Violence and sexual offences,Unable to prosecute suspect,
92a11bea1a66d8e3c91fda64da750aec0c2dc519cd4eb9fed266facc87d246be,2019-03,North Yorkshire Police,North Yorkshire Police,-0.399031,54.281113,On or near Harcourt Place,E01027804,Scarborough 010A,Violence and sexual offences,Under investigation,
1c4ceed1af19d365fe92ff86bc2a3026482c552d5698eea6d1f4292e7c0ac2e0,2019-03,North Yorkshire Police,North Yorkshire Police,-0.406948,54.280975,On or near Victoria Road,E01027804,Scarborough 010A,Violence and sexual offences,Offender given community sentence,
9fba2caa1b3bbbc13046ce587b98ec9f78a7388948d66737ade1d3d8644c829a,2019-03,North Yorkshire Police,North Yorkshire Police,-0.403235,54.279659,On or near Somerset Terrace,E01027804,Scarborough 010A,Violence and sexual offences,Under investigation,
2ff9708f619c7e4aefcad054f74f86e73a3607741465de89cd92e3595f73a32d,2019-03,North Yorkshire Police,North Yorkshire Police,-0.404391,54.280762,On or near Westborough,E01027804,Scarborough 010A,Violence and sexual offences,Under investigation,
272e3d55e6f59344b1dd9c6b4d606798f3f8ac8ffa9b6cad1a9e25f26a5d6285,2019-03,North Yorkshire Police,North Yorkshire Police,-0.407487,54.277747,On or near Westwood,E01027804,Scarborough 010A,Other crime,Under investigation,
0c7f585753a680183d9e7d7072d9d231828b26bfd046255567e8f139767c088b,2019-03,North Yorkshire Police,North Yorkshire Police,-0.404391,54.280762,On or near Westborough,E01027804,Scarborough 010A,Other crime,Under investigation,
,2019-03,North Yorkshire Police,North Yorkshire Police,-0.404268,54.274387,On or near Greenfield Road,E01027852,Scarborough 010B,Anti-social behaviour,,
,2019-03,North Yorkshire Police,North Yorkshire Police,-0.407928,54.273878,On or near Cromwell Parade,E01027852,Scarborough 010B,Anti-social behaviour,,
,2019-03,North Yorkshire Police,North Yorkshire Police,-0.402535,54.273151,On or near Supermarket,E01027852,Scarborough 010B,Anti-social behaviour,,
,2019-03,North Yorkshire Police,North Yorkshire Police,-0.402974,54.274092,On or near Nightclub,E01027852,Scarborough 010B,Anti-social behaviour,,
,2019-03,North Yorkshire Police,North Yorkshire Police,-0.407928,54.273878,On or near Cromwell Parade,E01027852,Scarborough 010B,Anti-social behaviour,,
,2019-03,North Yorkshire Police,North Yorkshire Police,-0.407184,54.274039,On or near Cromwell Road,E01027852,Scarborough 010B,Anti-social behaviour,,
,2019-03,North Yorkshire Police,North Yorkshire Police,-0.407928,54.273878,On or near Cromwell Parade,E01027852,Scarborough 010B,Anti-social behaviour,,
,2019-03,North Yorkshire Police,North Yorkshire Police,-0.407928,54.273878,On or near Cromwell Parade,E01027852,Scarborough 010B,Anti-social behaviour,,
,2019-03,North Yorkshire Police,North Yorkshire Police,-0.404268,54.274387,On or near Greenfield Road,E01027852,Scarborough 010B,Anti-social behaviour,,
,2019-03,North Yorkshire Police,North Yorkshire Police,-0.402311,54.273382,On or near St Martin'S Place,E01027852,Scarborough 010B,Anti-social behaviour,,
2ee24d0ed3105c04ab1aeec808e8a8b3eb37cb684a0a41470e50ef011199d6ea,2019-03,North Yorkshire Police,North Yorkshire Police,-0.402311,54.273382,On or near St Martin'S Place,E01027852,Scarborough 010B,Burglary,Under investigation,
70fe790126d8409ac8474377635efaccf6251172fceda931b12571bc4f1acc93,2019-03,North Yorkshire Police,North Yorkshire Police,-0.405949,54.273430,On or near Cromwell Terrace,E01027852,Scarborough 010B,Burglary,Investigation complete; no suspect identified,
e55386111c87694627c1c0ab53f67bc2eddd9fdd08f10cb1085c60b57afa5910,2019-03,North Yorkshire Police,North Yorkshire Police,-0.402563,54.275201,On or near Ramshill Road,E01027852,Scarborough 010B,Drugs,Under investigation,
340a5cc6988cbb8da92c0b0a9c41b33f70424e549d9c2da227588ecdde21947a,2019-03,North Yorkshire Police,North Yorkshire Police,-0.402563,54.275201,On or near Ramshill Road,E01027852,Scarborough 010B,Drugs,Under investigation,
2ddf0c7b34a14baefa802ba0cecf575046ea2a63088d4036afdf9ce424ffb6a5,2019-03,North Yorkshire Police,North Yorkshire Police,-0.402535,54.273151,On or near Supermarket,E01027852,Scarborough 010B,Other theft,Court case unable to proceed,
9bdfbe72132dea3fdbb0e05795f077e48eb4eb84324df6a10c70048f61e23616,2019-03,North Yorkshire Police,North Yorkshire Police,-0.402535,54.273151,On or near Supermarket,E01027852,Scarborough 010B,Public order,Investigation complete; no suspect identified,
28d4ee439d8b065bfcf42d468dedae1b43b52a79676ba34a39795db7b4a9415c,2019-03,North Yorkshire Police,North Yorkshire Police,-0.404399,54.273391,On or near Royal Crescent Lane,E01027852,Scarborough 010B,Public order,Offender otherwise dealt with,
1e72385adb198f41751e0bb49974daf68900a8b11e11c361bf85f7a3e0f8f242,2019-03,North Yorkshire Police,North Yorkshire Police,-0.402535,54.273151,On or near Supermarket,E01027852,Scarborough 010B,Shoplifting,Under investigation,
c6cc863a71f8a5667ff251a26009d10fb54a92ee8ec78dc2945ea5f3957390cc,2019-03,North Yorkshire Police,North Yorkshire Police,-0.402535,54.273151,On or near Supermarket,E01027852,Scarborough 010B,Shoplifting,Investigation complete; no suspect identified,
ca0e4390b8b24e446f1a0bd2607d3597c557e7cdb3aa931d97d234278171f845,2019-03,North Yorkshire Police,North Yorkshire Police,-0.402535,54.273151,On or near Supermarket,E01027852,Scarborough 010B,Shoplifting,Unable to prosecute suspect,
9b0db6e39d713d3c9db65e7fae1ffc9c16b10c19b03eb7d39ca45773351d2d77,2019-03,North Yorkshire Police,North Yorkshire Police,-0.405949,54.273430,On or near Cromwell Terrace,E01027852,Scarborough 010B,Violence and sexual offences,Under investigation,
bddce41e4fc4bd080d604e3e277e6f658d06c2fae58352202f4618bf9d3cfb3e,2019-03,North Yorkshire Police,North Yorkshire Police,-0.402974,54.274092,On or near Nightclub,E01027852,Scarborough 010B,Violence and sexual offences,Under investigation,
16a66717b9307431d5800c9b674001b34f73f40ec6b866cd1cdddf379e9bb5a5,2019-03,North Yorkshire Police,North Yorkshire Police,-0.404399,54.273391,On or near Royal Crescent Lane,E01027852,Scarborough 010B,Violence and sexual offences,Unable to prosecute suspect,
0f56737b36ea4ea91910851dcdffc5742472368556b915bb091bbf712ba2ceba,2019-03,North Yorkshire Police,North Yorkshire Police,-0.404268,54.274387,On or near Greenfield Road,E01027852,Scarborough 010B,Violence and sexual offences,Under investigation,
e1f4f172f2b36cf582de807dbb4ff145753972bf8f20344d39836829e688dfb8,2019-03,North Yorkshire Police,North Yorkshire Police,-0.404268,54.274387,On or near Greenfield Road,E01027852,Scarborough 010B,Violence and sexual offences,Under investigation,
447d4a34606fc3f35dbc31af72a090e13195608fb95e05fee8b159b26d541f0d,2019-03,North Yorkshire Police,North Yorkshire Police,-0.402974,54.274092,On or near Nightclub,E01027852,Scarborough 010B,Violence and sexual offences,Under investigation,
3e0d3c53ab582c65ffaad220514038460d4b6bcc3be075448776b07bf8bd41a7,2019-03,North Yorkshire Police,North Yorkshire Police,-0.402535,54.273151,On or near Supermarket,E01027852,Scarborough 010B,Violence and sexual offences,Under investigation,
66666045e4951fa77d749e5ad1686cb42910fa2e18c4becb5f9a24fe8bd6c8f6,2019-03,North Yorkshire Police,North Yorkshire Police,-0.406317,54.273039,On or near Westbourne Grove,E01027852,Scarborough 010B,Violence and sexual offences,Under investigation,
70b21212f639151fae7c8f10c46fa1f831b8ab4cfa87f1c517be264480f51b2d,2019-03,North Yorkshire Police,North Yorkshire Police,-0.402535,54.273151,On or near Supermarket,E01027852,Scarborough 010B,Violence and sexual offences,Under investigation,
8a701ec0161434cee7f1b5540ebf8210c450d8e5ea64cb7ee54b7a70495ddae4,2019-03,North Yorkshire Police,North Yorkshire Police,-0.402535,54.273151,On or near Supermarket,E01027852,Scarborough 010B,Violence and sexual offences,Under investigation,
b408730696a40b2725f59c03511987dfe8901f24d07f9bd74381bd65f587486e,2019-03,North Yorkshire Police,North Yorkshire Police,-0.402535,54.273151,On or near Supermarket,E01027852,Scarborough 010B,Other crime,Formal action is not in the public interest,
,2019-03,North Yorkshire Police,North Yorkshire Police,-0.411936,54.272682,On or near Weaponness Valley Road,E01027853,Scarborough 010C,Anti-social behaviour,,
,2019-03,North Yorkshire Police,North Yorkshire Police,-0.411623,54.270035,On or near Weaponness Valley Close,E01027853,Scarborough 010C,Anti-social behaviour,,
,2019-03,North Yorkshire Police,North Yorkshire Police,-0.411046,54.271466,On or near Trinity Gardens,E01027853,Scarborough 010C,Anti-social behaviour,,
8ac99f1d3ed9ce9c14db839294b898bfcbba4f85cad6db91d4e00447fb4587e2,2019-03,North Yorkshire Police,North Yorkshire Police,-0.413353,54.271370,On or near Parking Area,E01027853,Scarborough 010C,Bicycle theft,Investigation complete; no suspect identified,
0a5f062631598bbd3721a4db9393998867d4223c82c49647bd023b271a1e6c5f,2019-03,North Yorkshire Police,North Yorkshire Police,-0.409437,54.274177,On or near College Court,E01027853,Scarborough 010C,Criminal damage and arson,Under investigation,
34a0f7b8e2d2768e3cac3cd362d233f898d0af93e7dc399022d8117b98b6f74c,2019-03,North Yorkshire Police,North Yorkshire Police,-0.409437,54.274177,On or near College Court,E01027853,Scarborough 010C,Drugs,Formal action is not in the public interest,
9953b5379b73c2b34c207b81e27a4767a1624171d21271793ddbd7fc78065c1c,2019-03,North Yorkshire Police,North Yorkshire Police,-0.409251,54.272215,On or near Oriel Crescent,E01027853,Scarborough 010C,Drugs,Under investigation,
d78344f82452fa0519676c32fba7dd20d485ff83c3f024db656e10a67271d325,2019-03,North Yorkshire Police,North Yorkshire Police,-0.409437,54.274177,On or near College Court,E01027853,Scarborough 010C,Drugs,Under investigation,
71ed914ee41fd63b16f08bec9afceab6c1274927e60b2887b9cbaa41186e6a27,2019-03,North Yorkshire Police,North Yorkshire Police,-0.411617,54.273406,On or near Ashburn Road,E01027853,Scarborough 010C,Other theft,Unable to prosecute suspect,
5636e5b271ca2073bcfadda570748d64c9895d070611a1ec2023aab8c69df799,2019-03,North Yorkshire Police,North Yorkshire Police,-0.409927,54.273006,On or near Trinity Road,E01027853,Scarborough 010C,Other theft,Unable to prosecute suspect,
a5fb9c7ac7cca35573815908026485ecbc84829a853c8475ace4cd3f9400deed,2019-03,North Yorkshire Police,North Yorkshire Police,-0.409251,54.272215,On or near Oriel Crescent,E01027853,Scarborough 010C,Robbery,Under investigation,
6fad29a6d935ae5429f179771d5229cad1c395f9354548482a9f69640acbd8c0,2019-03,North Yorkshire Police,North Yorkshire Police,-0.404781,54.272246,On or near Princess Royal Lane,E01027853,Scarborough 010C,Violence and sexual offences,Under investigation,
2f30fd5abce9b11afddd1d603e53858f4e9d879606d2bd75f5e10c1a3501b0e0,2019-03,North Yorkshire Police,North Yorkshire Police,-0.409927,54.273006,On or near Trinity Road,E01027853,Scarborough 010C,Violence and sexual offences,Under investigation,
,2019-03,North Yorkshire Police,North Yorkshire Police,-0.400865,54.277003,On or near Belmont Road,E01027854,Scarborough 010D,Anti-social behaviour,,
,2019-03,North Yorkshire Police,North Yorkshire Police,-0.399503,54.274881,On or near South Street,E01027854,Scarborough 010D,Anti-social behaviour,,
,2019-03,North Yorkshire Police,North Yorkshire Police,-0.400366,54.272826,On or near Esplanade Gardens,E01027854,Scarborough 010D,Anti-social behaviour,,
,2019-03,North Yorkshire Police,North Yorkshire Police,-0.400788,54.275420,On or near Albion Road,E01027854,Scarborough 010D,Anti-social behaviour,,
,2019-03,North Yorkshire Police,North Yorkshire Police,-0.400788,54.275420,On or near Albion Road,E01027854,Scarborough 010D,Anti-social behaviour,,
,2019-03,North Yorkshire Police,North Yorkshire Police,-0.405688,54.276195,On or near Valley Road,E01027854,Scarborough 010D,Anti-social behaviour,,
,2019-03,North Yorkshire Police,North Yorkshire Police,-0.400865,54.277003,On or near Belmont Road,E01027854,Scarborough 010D,Anti-social behaviour,,
,2019-03,North Yorkshire Police,North Yorkshire Police,-0.399503,54.274881,On or near South Street,E01027854,Scarborough 010D,Anti-social behaviour,,
044a3ce4b2f1369ca35ac6cca4a080ec31b06236cfa1c5786094e85b656fc078,2019-03,North Yorkshire Police,North Yorkshire Police,-0.396861,54.275287,On or near Theatre/Concert Hall,E01027854,Scarborough 010D,Burglary,Awaiting court outcome,
a2630d5051b33c26bb2bc01014382650ea808112eecdef7cae233c08ecf49c1f,2019-03,North Yorkshire Police,North Yorkshire Police,-0.402659,54.276281,On or near Ramshill Road,E01027854,Scarborough 010D,Drugs,Under investigation,
32dcb477133d6ef6dad1082d69602e8278c342a751b27d333824e7ac1eead1a5,2019-03,North Yorkshire Police,North Yorkshire Police,-0.402098,54.275698,On or near Crown Close Back Road,E01027854,Scarborough 010D,Drugs,Under investigation,
0e9a48d7ff40a190f61671c73cea0d71a277b6125e9383875636323b25defb35,2019-03,North Yorkshire Police,North Yorkshire Police,-0.403287,54.275929,On or near Cambridge Terrace,E01027854,Scarborough 010D,Public order,Under investigation,
b5a8888e84236c176ab54f5f6b358e8b5d0d7d132b244147019f5d00ac7c0645,2019-03,North Yorkshire Police,North Yorkshire Police,-0.403287,54.275929,On or near Cambridge Terrace,E01027854,Scarborough 010D,Violence and sexual offences,Under investigation,
ea03ccee4ac41775f253476dd0eb17729563a037830332f10b7a210a2f19ee8c,2019-03,North Yorkshire Police,North Yorkshire Police,-0.400417,54.273509,On or near Prince Of Wales Terrace,E01027854,Scarborough 010D,Violence and sexual offences,Under investigation,
d2320b23370ab95b096305510a0ed8d60cd621b0ebcfddf86f025677a9b25b5b,2019-03,North Yorkshire Police,North Yorkshire Police,-0.401464,54.274629,On or near Craven Street,E01027854,Scarborough 010D,Violence and sexual offences,Unable to prosecute suspect,
d3495738a42f8d7087ec27c82ead618a1b23b656d5950f28cbf6dc42e81714bb,2019-03,North Yorkshire Police,North Yorkshire Police,-0.401464,54.274629,On or near Craven Street,E01027854,Scarborough 010D,Violence and sexual offences,Unable to prosecute suspect,
011737c4d3534fcdbf2e59720f20fe76923f0e5a4a503292b671651ebca183a3,2019-03,North Yorkshire Police,North Yorkshire Police,-0.403287,54.275929,On or near Cambridge Terrace,E01027854,Scarborough 010D,Violence and sexual offences,Under investigation,
2d79bd04785d2d565dda79a4cca4030ac5be692f17a10116aa941e511c274895,2019-03,North Yorkshire Police,North Yorkshire Police,-0.403287,54.275929,On or near Cambridge Terrace,E01027854,Scarborough 010D,Violence and sexual offences,Under investigation,
f3ed0cf8c43201010ac021699c279095c9b5368d9db877374976c336148b2caa,2019-03,North Yorkshire Police,North Yorkshire Police,-0.402098,54.275698,On or near Crown Close Back Road,E01027854,Scarborough 010D,Violence and sexual offences,Under investigation,
cdec6e9ad8792ddb915254cc6563302e92b3703c718e46c5a522061869315e77,2019-03,North Yorkshire Police,North Yorkshire Police,-0.399503,54.274881,On or near South Street,E01027854,Scarborough 010D,Violence and sexual offences,Under investigation,
6dbab3c28852736e3869de48fba2d543aab62bcb677fa34e98b86ff4f65c480f,2019-03,North Yorkshire Police,North Yorkshire Police,-0.403287,54.275929,On or near Cambridge Terrace,E01027854,Scarborough 010D,Violence and sexual offences,Under investigation,
586a89704c7ba67c6e28d91ac9d9bdd27c6911d8036859e28a65b5192d34957a,2019-03,North Yorkshire Police,North Yorkshire Police,-0.403287,54.275929,On or near Cambridge Terrace,E01027854,Scarborough 010D,Violence and sexual offences,Under investigation,
,2019-03,North Yorkshire Police,North Yorkshire Police,-0.397910,54.273188,On or near Esplanade,E01027868,Scarborough 010E,Anti-social behaviour,,
,2019-03,North Yorkshire Police,North Yorkshire Police,-0.402123,54.267105,On or near Weaponness Drive,E01027868,Scarborough 010E,Anti-social behaviour,,
,2019-03,North Yorkshire Police,North Yorkshire Police,-0.394035,54.268193,On or near Esplanade Crescent,E01027868,Scarborough 010E,Anti-social behaviour,,
,2019-03,North Yorkshire Police,North Yorkshire Police,-0.396958,54.270030,On or near Belvedere Place,E01027868,Scarborough 010E,Anti-social behaviour,,
6186c79f03907b3ae3359abc80dae5ae37895cfb914e6a6cd86a9276f5b2375e,2019-03,North Yorkshire Police,North Yorkshire Police,-0.403707,54.269427,On or near Mountside,E01027868,Scarborough 010E,Burglary,Investigation complete; no suspect identified,
879bee1d933402bce43019d10feb633e0487b7d19347cd37d44d66be0ee27972,2019-03,North Yorkshire Police,North Yorkshire Police,-0.398338,54.266902,On or near Filey Road,E01027868,Scarborough 010E,Burglary,Investigation complete; no suspect identified,
70ca358200d97a42525f8b8f753116ca5a0813c305e44f8c989cb71d9c560121,2019-03,North Yorkshire Police,North Yorkshire Police,-0.399190,54.272262,On or near Parking Area,E01027868,Scarborough 010E,Burglary,Under investigation,
cfc6b3653dfb4be376d75838550facb2eaed51963117930c25bc44dbdc3285a1,2019-03,North Yorkshire Police,North Yorkshire Police,-0.396958,54.270030,On or near Belvedere Place,E01027868,Scarborough 010E,Criminal damage and arson,Investigation complete; no suspect identified,
5329e8f37e5eedd8bf3873596578f84f1acdda1bc3e2e83b14e6bb08e1028009,2019-03,North Yorkshire Police,North Yorkshire Police,-0.397910,54.273188,On or near Esplanade,E01027868,Scarborough 010E,Criminal damage and arson,Investigation complete; no suspect identified,
d064d51a5385b016463e5c7bb2450d1ddead99c96da5b06187c2d537d4a39119,2019-03,North Yorkshire Police,North Yorkshire Police,-0.397910,54.273188,On or near Esplanade,E01027868,Scarborough 010E,Public order,Under investigation,
aa8a510df8b15549034886cc969e1462642b5a291ced62d293ec7eb10501e723,2019-03,North Yorkshire Police,North Yorkshire Police,-0.408421,54.268645,On or near Oliver'S Mount Road,E01027868,Scarborough 010E,Violence and sexual offences,Under investigation,
9a328cb46c1761586e772004d16d897f52f3839a3e05d0da67d29797e6232ffc,2019-03,North Yorkshire Police,North Yorkshire Police,-0.399902,54.270536,On or near Granville Road,E01027868,Scarborough 010E,Violence and sexual offences,Under investigation,
c77709162fee9abef57e89484952bf3f8df651ea2db361c06dbfdb79b5c0a341,2019-03,North Yorkshire Police,North Yorkshire Police,-0.401293,54.271499,On or near Hospital,E01027868,Scarborough 010E,Violence and sexual offences,Under investigation,
,2019-03,North Yorkshire Police,North Yorkshire Police,-0.327232,54.223529,On or near A165,E01027807,Scarborough 011A,Anti-social behaviour,,
,2019-03,North Yorkshire Police,North Yorkshire Police,-0.387379,54.236097,On or near West End View,E01027807,Scarborough 011A,Anti-social behaviour,,
,2019-03,North Yorkshire Police,North Yorkshire Police,-0.379459,54.232638,On or near East Carr,E01027807,Scarborough 011A,Anti-social behaviour,,
bf88c85070789e4598be8d6cf94dac71004c6e518234d39c23704fda8b6c256b,2019-03,North Yorkshire Police,North Yorkshire Police,-0.365744,54.228336,On or near Killerby Lane,E01027807,Scarborough 011A,Burglary,Investigation complete; no suspect identified,
623178d647b60bf33337793e0fabc054edb13bb92814638e53b852134e27ffb1,2019-03,North Yorkshire Police,North Yorkshire Police,-0.404670,54.238520,On or near Holme Hill,E01027807,Scarborough 011A,Criminal damage and arson,Under investigation,
ceb0e5249e72c96d8ea8cfa9796eb9a2de99cff36f2519fd3321266da5aac7bf,2019-03,North Yorkshire Police,North Yorkshire Police,-0.404670,54.238520,On or near Holme Hill,E01027807,Scarborough 011A,Criminal damage and arson,Under investigation,
e7385ab0b6f1f40acc44c4c9b5a50872fa5b937654ae4733632e5334cab7c9fa,2019-03,North Yorkshire Police,North Yorkshire Police,-0.360550,54.241703,On or near Parking Area,E01027807,Scarborough 011A,Drugs,Under investigation,
4c9061a2fc01218d401b3ad271cce7b0a04c66dcd1ac25e5981a7d5fb410c3e6,2019-03,North Yorkshire Police,North Yorkshire Police,-0.366651,54.242262,On or near A165,E01027807,Scarborough 011A,Other theft,Investigation complete; no suspect identified,
8a4766e406d37eb25d6078483558e278202ab82af7540ba629f4bd8929d4d1da,2019-03,North Yorkshire Police,North Yorkshire Police,-0.327232,54.223529,On or near A165,E01027807,Scarborough 011A,Other theft,Investigation complete; no suspect identified,
4b13c9056b0d252c173d978730de608f090f09c44ee91c9d440a5a3237121a46,2019-03,North Yorkshire Police,North Yorkshire Police,-0.327232,54.223529,On or near A165,E01027807,Scarborough 011A,Other theft,Under investigation,
2e620964a2e8663935a67ce191a02f50b1c6d443b98d7d49fd65b781ba256720,2019-03,North Yorkshire Police,North Yorkshire Police,-0.327232,54.223529,On or near A165,E01027807,Scarborough 011A,Possession of weapons,Awaiting court outcome,
3fdc4bd14efb81dbf05a3f4dcfa178403eca80b65be27f4ceccf4907af30b518,2019-03,North Yorkshire Police,North Yorkshire Police,-0.395787,54.236910,On or near Moor Lane,E01027807,Scarborough 011A,Public order,Unable to prosecute suspect,
2571fd06cdb1fa53506036fa851b7899d803bebe1353f9ee13927302266c0595,2019-03,North Yorkshire Police,North Yorkshire Police,-0.327232,54.223529,On or near A165,E01027807,Scarborough 011A,Vehicle crime,Unable to prosecute suspect,
e8e65ef084bac5c81f3121a4f5343b71a5617772f9a9323ba05ac3a14a32bc9a,2019-03,North Yorkshire Police,North Yorkshire Police,-0.339787,54.219532,On or near Station Lane,E01027807,Scarborough 011A,Vehicle crime,Investigation complete; no suspect identified,
662612eb679bbdbf0cc9822fbe6ec65868a9430e28bc90b055ad5250a9388070,2019-03,North Yorkshire Police,North Yorkshire Police,-0.399195,54.237656,On or near Cayton Low Road,E01027807,Scarborough 011A,Vehicle crime,Investigation complete; no suspect identified,
285a0c1dd43ca86797ae7106e7d2e2fe19cf4b188aff70dad56e83473372b639,2019-03,North Yorkshire Police,North Yorkshire Police,-0.327232,54.223529,On or near A165,E01027807,Scarborough 011A,Violence and sexual offences,Offender given a caution,
f32635e9d05dd0277396dac8838aa2e45d3a3cbd3960091a87eba8d22d1f989d,2019-03,North Yorkshire Police,North Yorkshire Police,-0.404670,54.238520,On or near Holme Hill,E01027807,Scarborough 011A,Violence and sexual offences,Under investigation,
44b273ef1c86de02da2af48606dec5c0cc261400a7ee3274a6eddde327f3efcd,2019-03,North Yorkshire Police,North Yorkshire Police,-0.379459,54.232638,On or near East Carr,E01027807,Scarborough 011A,Violence and sexual offences,Under investigation,
4c29ceaac2c0148d901d9658fbfd8fee9656c84910158d8025d6216951e5e5c4,2019-03,North Yorkshire Police,North Yorkshire Police,-0.379459,54.232638,On or near East Carr,E01027807,Scarborough 011A,Violence and sexual offences,Under investigation,
064e819ea5e5f2eecf8a2a7b468dbbdafcb9d5e362c429ca94af17f1c07dc17a,2019-03,North Yorkshire Police,North Yorkshire Police,-0.327232,54.223529,On or near A165,E01027807,Scarborough 011A,Violence and sexual offences,Unable to prosecute suspect,
01f5607e495d392df8a5c0a4e4c0983279a7f2ab8bf76e8926a3fe2166df5318,2019-03,North Yorkshire Police,North Yorkshire Police,-0.372433,54.237676,On or near Mill Lane,E01027807,Scarborough 011A,Violence and sexual offences,Unable to prosecute suspect,
4cbb6cb691d24f2acd92ac603bc0cda9afab621b1306afea1d9cceccf3d54bff,2019-03,North Yorkshire Police,North Yorkshire Police,-0.327232,54.223529,On or near A165,E01027807,Scarborough 011A,Violence and sexual offences,Unable to prosecute suspect,
d06e6862de6936958de661472aceee20a3ea122bdecc570405272a0530ef9280,2019-03,North Yorkshire Police,North Yorkshire Police,-0.372433,54.237676,On or near Mill Lane,E01027807,Scarborough 011A,Violence and sexual offences,Under investigation,
ab44e7c0219ff7beb6452149d3ebc810894d33cc3eef072931297b1ea07b346d,2019-03,North Yorkshire Police,North Yorkshire Police,-0.327232,54.223529,On or near A165,E01027807,Scarborough 011A,Violence and sexual offences,Awaiting court outcome,
d3b24ee233fe1d3224674393b7f60d47ff7c000a16c405273501f5391ea9deab,2019-03,North Yorkshire Police,North Yorkshire Police,-0.327232,54.223529,On or near A165,E01027807,Scarborough 011A,Violence and sexual offences,Offender given suspended prison sentence,
2a55790dafeeb83572e1f0d04217114277836e698596eed9e256cbbbd8af7e11,2019-03,North Yorkshire Police,North Yorkshire Police,-0.380897,54.234320,On or near Main Street,E01027808,Scarborough 011B,Violence and sexual offences,Under investigation,
,2019-03,North Yorkshire Police,North Yorkshire Police,-0.380420,54.248057,On or near Osgodby Hall Road,E01027809,Scarborough 011C,Anti-social behaviour,,
,2019-03,North Yorkshire Police,North Yorkshire Police,-0.376625,54.250505,On or near Osgodby Way,E01027809,Scarborough 011C,Anti-social behaviour,,
,2019-03,North Yorkshire Police,North Yorkshire Police,-0.391710,54.241530,On or near Parking Area,E01027818,Scarborough 011D,Anti-social behaviour,,
,2019-03,North Yorkshire Police,North Yorkshire Police,-0.386371,54.243849,On or near Shepherds Drive,E01027818,Scarborough 011D,Anti-social behaviour,,
,2019-03,North Yorkshire Police,North Yorkshire Police,-0.387506,54.245051,On or near Southwold Crescent,E01027818,Scarborough 011D,Anti-social behaviour,,
c6c2492247f60742be6334776719b0edd0c4db212a21f5304aaa2db24c10be38,2019-03,North Yorkshire Police,North Yorkshire Police,-0.388802,54.242911,On or near Wain Close,E01027818,Scarborough 011D,Burglary,Under investigation,
1acf34af89e51bc77bb575c9bd6db094126513e1c6a446af1b6dfbfcd069c9ad,2019-03,North Yorkshire Police,North Yorkshire Police,-0.387458,54.243531,On or near Harvest Way,E01027818,Scarborough 011D,Drugs,Offender given conditional discharge,
b9105f147e9695d879cfda343e0a07b7b5434d1e2ee3c974da11842b69ef0fa6,2019-03,North Yorkshire Police,North Yorkshire Police,-0.388802,54.242911,On or near Wain Close,E01027818,Scarborough 011D,Violence and sexual offences,Unable to prosecute suspect,
,2019-03,North Yorkshire Police,North Yorkshire Police,-0.382351,54.254806,On or near Sea View Drive,E01027867,Scarborough 011E,Anti-social behaviour,,
,2019-03,North Yorkshire Police,North Yorkshire Police,-0.385534,54.255838,On or near Sea View Grove,E01027867,Scarborough 011E,Anti-social behaviour,,
,2019-03,North Yorkshire Police,North Yorkshire Police,-0.390992,54.263919,On or near Wheatcroft Avenue,E01027867,Scarborough 011E,Anti-social behaviour,,
,2019-03,North Yorkshire Police,North Yorkshire Police,-0.395058,54.265178,On or near Sea Cliff Crescent,E01027867,Scarborough 011E,Anti-social behaviour,,
,2019-03,North Yorkshire Police,North Yorkshire Police,-0.395058,54.265178,On or near Sea Cliff Crescent,E01027867,Scarborough 011E,Anti-social behaviour,,
,2019-03,North Yorkshire Police,North Yorkshire Police,-0.382351,54.254806,On or near Sea View Drive,E01027867,Scarborough 011E,Anti-social behaviour,,
,2019-03,North Yorkshire Police,North Yorkshire Police,-0.382351,54.254806,On or near Sea View Drive,E01027867,Scarborough 011E,Anti-social behaviour,,
4256e84fa1e010634540273f6eb7cd65b86de22969027be389c76fac299e8d75,2019-03,North Yorkshire Police,North Yorkshire Police,-0.383289,54.254756,On or near Sea View Gardens,E01027867,Scarborough 011E,Violence and sexual offences,Awaiting court outcome,
,2019-03,North Yorkshire Police,North Yorkshire Police,-0.412534,54.242336,On or near Lingholm Crescent,E01027817,Scarborough 012A,Anti-social behaviour,,
,2019-03,North Yorkshire Police,North Yorkshire Police,-0.393514,54.238147,On or near Sports/Recreation Area,E01027817,Scarborough 012A,Anti-social behaviour,,
,2019-03,North Yorkshire Police,North Yorkshire Police,-0.403679,54.239954,On or near Holme Hill,E01027817,Scarborough 012A,Anti-social behaviour,,
,2019-03,North Yorkshire Police,North Yorkshire Police,-0.391378,54.238613,On or near Shopping Area,E01027817,Scarborough 012A,Anti-social behaviour,,
,2019-03,North Yorkshire Police,North Yorkshire Police,-0.412534,54.242336,On or near Lingholm Crescent,E01027817,Scarborough 012A,Anti-social behaviour,,
,2019-03,North Yorkshire Police,North Yorkshire Police,-0.397159,54.238717,On or near High Street,E01027817,Scarborough 012A,Anti-social behaviour,,
,2019-03,North Yorkshire Police,North Yorkshire Police,-0.412534,54.242336,On or near Lingholm Crescent,E01027817,Scarborough 012A,Anti-social behaviour,,
,2019-03,North Yorkshire Police,North Yorkshire Police,-0.403679,54.239954,On or near Holme Hill,E01027817,Scarborough 012A,Anti-social behaviour,,
,2019-03,North Yorkshire Police,North Yorkshire Police,-0.393514,54.238147,On or near Sports/Recreation Area,E01027817,Scarborough 012A,Anti-social behaviour,,
,2019-03,North Yorkshire Police,North Yorkshire Police,-0.394386,54.239795,On or near Thornhill,E01027817,Scarborough 012A,Anti-social behaviour,,
,2019-03,North Yorkshire Police,North Yorkshire Police,-0.397089,54.239336,On or near Link Walk,E01027817,Scarborough 012A,Anti-social behaviour,,
,2019-03,North Yorkshire Police,North Yorkshire Police,-0.396257,54.238642,On or near High Moor Way,E01027817,Scarborough 012A,Anti-social behaviour,,
,2019-03,North Yorkshire Police,North Yorkshire Police,-0.400052,54.240104,On or near Lowfield,E01027817,Scarborough 012A,Anti-social behaviour,,
,2019-03,North Yorkshire Police,North Yorkshire Police,-0.401340,54.240112,On or near Braeburn,E01027817,Scarborough 012A,Anti-social behaviour,,
,2019-03,North Yorkshire Police,North Yorkshire Police,-0.410649,54.240262,On or near Police Station,E01027817,Scarborough 012A,Anti-social behaviour,,
,2019-03,North Yorkshire Police,North Yorkshire Police,-0.412534,54.242336,On or near Lingholm Crescent,E01027817,Scarborough 012A,Anti-social behaviour,,
,2019-03,North Yorkshire Police,North Yorkshire Police,-0.412534,54.242336,On or near Lingholm Crescent,E01027817,Scarborough 012A,Anti-social behaviour,,
1b83ea937c5911f620ae180f72ffebd0971454016c8249711618bacf8deb6419,2019-03,North Yorkshire Police,North Yorkshire Police,-0.407019,54.239306,On or near Loders Green,E01027817,Scarborough 012A,Criminal damage and arson,Under investigation,
6a31a8adc510e33064f9810bce928fe0a0013e8f7b968c5ec2326443961afbdc,2019-03,North Yorkshire Police,North Yorkshire Police,-0.394386,54.239795,On or near Thornhill,E01027817,Scarborough 012A,Other theft,Under investigation,
d7cf5ad02b9ea718daba17c9bb38308063062096de16caff269f0ce98c8be952,2019-03,North Yorkshire Police,North Yorkshire Police,-0.393514,54.238147,On or near Sports/Recreation Area,E01027817,Scarborough 012A,Other theft,Under investigation,
760c61b7762dfa5dcd59af458177dd65a3ea77f253e3f63e3bf6212178735c2d,2019-03,North Yorkshire Police,North Yorkshire Police,-0.397089,54.239336,On or near Link Walk,E01027817,Scarborough 012A,Other theft,Investigation complete; no suspect identified,
7eb42bf7cbc985be8f6f274b846fa49f39f573296cbe529b338fd193a5e90379,2019-03,North Yorkshire Police,North Yorkshire Police,-0.397089,54.239336,On or near Link Walk,E01027817,Scarborough 012A,Other theft,Under investigation,
123ef7933fbf3f953680050e7b8213e3cd2e356427de6e4af9dcb491fdd27b49,2019-03,North Yorkshire Police,North Yorkshire Police,-0.391378,54.238613,On or near Shopping Area,E01027817,Scarborough 012A,Public order,Under investigation,
9b441af5348381da59df45893ff71b90cba30fff5f86eb30f18350f254b84226,2019-03,North Yorkshire Police,North Yorkshire Police,-0.391378,54.238613,On or near Shopping Area,E01027817,Scarborough 012A,Public order,Under investigation,
e9fcd602308bfb1ec2cd64841edb0c29b2bee1dab4cde6968aad01ddb6ae0fe6,2019-03,North Yorkshire Police,North Yorkshire Police,-0.391378,54.238613,On or near Shopping Area,E01027817,Scarborough 012A,Public order,Under investigation,
33b95208e6601a8dc6da823adab9b98cd89e2954b05284e79ef29744d29ec2a3,2019-03,North Yorkshire Police,North Yorkshire Police,-0.397089,54.239336,On or near Link Walk,E01027817,Scarborough 012A,Shoplifting,Under investigation,
c35369fc9221d7af5445602c8cf2045a8c2221605f9cb5aa8f69a164e19666ea,2019-03,North Yorkshire Police,North Yorkshire Police,-0.397089,54.239336,On or near Link Walk,E01027817,Scarborough 012A,Shoplifting,Under investigation,
7aaaabce832959a28566a68b6c49f1d8029ae4d4e1d72b4e321389e94cdb0544,2019-03,North Yorkshire Police,North Yorkshire Police,-0.398426,54.238105,On or near Sweetbecks Close,E01027817,Scarborough 012A,Violence and sexual offences,Under investigation,
8f0368808875ae49e6a63006f3c682f1a328b46a7bccb0389b28392960b31bb0,2019-03,North Yorkshire Police,North Yorkshire Police,-0.412534,54.242336,On or near Lingholm Crescent,E01027817,Scarborough 012A,Violence and sexual offences,Unable to prosecute suspect,
639d5c2c649b42e4f67a463bc5dd59febff88fb7bc47ed62cbe7327f0151eba3,2019-03,North Yorkshire Police,North Yorkshire Police,-0.413135,54.240681,On or near Carrside,E01027817,Scarborough 012A,Violence and sexual offences,Under investigation,
17c4f7f3d9a2862272c870703a1b7ad77440c47a71e004c223280dde9cc96f91,2019-03,North Yorkshire Police,North Yorkshire Police,-0.393514,54.238147,On or near Sports/Recreation Area,E01027817,Scarborough 012A,Violence and sexual offences,Unable to prosecute suspect,
13fcc7696ff6583d21e77b95686ce2b18a070d65328a53b4b61d594a2808ca72,2019-03,North Yorkshire Police,North Yorkshire Police,-0.398426,54.238105,On or near Sweetbecks Close,E01027817,Scarborough 012A,Violence and sexual offences,Under investigation,
0024dd2d81f244b4f7baed9b496359bee8e836ba042eb94254b18898467a35bc,2019-03,North Yorkshire Police,North Yorkshire Police,-0.399515,54.239701,On or near Burnside,E01027817,Scarborough 012A,Violence and sexual offences,Investigation complete; no suspect identified,
2c864338acc97d7388f8afc544671d1a44f37ea6305a172cbfee01009d4c6560,2019-03,North Yorkshire Police,North Yorkshire Police,-0.398426,54.238105,On or near Sweetbecks Close,E01027817,Scarborough 012A,Violence and sexual offences,Under investigation,
8dcdac441c2b05438224c52a7a243113159417967841e1eff4dcf4b236020db4,2019-03,North Yorkshire Police,North Yorkshire Police,-0.397089,54.239336,On or near Link Walk,E01027817,Scarborough 012A,Violence and sexual offences,Under investigation,
4f131707aaa30fe7377c4a50ea5a448c0e27aaedcda56719c217dc3c4d0377f9,2019-03,North Yorkshire Police,North Yorkshire Police,-0.393514,54.238147,On or near Sports/Recreation Area,E01027817,Scarborough 012A,Violence and sexual offences,Under investigation,
a365522fe391409f9d917a9bccf41637877673c0af646a5b8dea0ed071ec9c62,2019-03,North Yorkshire Police,North Yorkshire Police,-0.393514,54.238147,On or near Sports/Recreation Area,E01027817,Scarborough 012A,Violence and sexual offences,Under investigation,
5604c4bda6bdb36c6bd7ee242de61dfa92631a3db69c5ec642fa7df0aea4a607,2019-03,North Yorkshire Police,North Yorkshire Police,-0.401340,54.240112,On or near Braeburn,E01027817,Scarborough 012A,Violence and sexual offences,Unable to prosecute suspect,
c7659322e5d3e0910f6c7c2e76b834d438522e61bddb4811a68b34c5ee58b38f,2019-03,North Yorkshire Police,North Yorkshire Police,-0.393514,54.238147,On or near Sports/Recreation Area,E01027817,Scarborough 012A,Violence and sexual offences,Under investigation,
09b528cc5689a329c9f23383b212dc6f616fdaff706de0623c2bc21ca41a7ada,2019-03,North Yorkshire Police,North Yorkshire Police,-0.410649,54.240262,On or near Police Station,E01027817,Scarborough 012A,Violence and sexual offences,Under investigation,
895dee64800037148a8011a07ba80da3afd7f126996f487f89b5b4cb0888852e,2019-03,North Yorkshire Police,North Yorkshire Police,-0.406559,54.241286,On or near Ryefield Road,E01027817,Scarborough 012A,Violence and sexual offences,Under investigation,
19aab0f1a32fbde3f386d0f5fb948bbfc9aa79be75420f05325370c6c15c1e43,2019-03,North Yorkshire Police,North Yorkshire Police,-0.403679,54.239954,On or near Holme Hill,E01027817,Scarborough 012A,Violence and sexual offences,Under investigation,
24677a3f309d507c4dd0384ec28ff7e145f5196c5dd4cd2d69f27606d64f4c74,2019-03,North Yorkshire Police,North Yorkshire Police,-0.398426,54.238105,On or near Sweetbecks Close,E01027817,Scarborough 012A,Other crime,Under investigation,
cfc691bfb977abb3bf89bd14dcffb47dd2a889d0e9db1ea7921f078790c36215,2019-03,North Yorkshire Police,North Yorkshire Police,-0.398426,54.238105,On or near Sweetbecks Close,E01027817,Scarborough 012A,Other crime,Under investigation,
c57e89cf473ac3a010db5b1867f23cda55e62d4195526f6500924441497cbe8c,2019-03,North Yorkshire Police,North Yorkshire Police,-0.401340,54.240112,On or near Braeburn,E01027817,Scarborough 012A,Other crime,Under investigation,
,2019-03,North Yorkshire Police,North Yorkshire Police,-0.410895,54.241452,On or near Manham Hill,E01027819,Scarborough 012B,Anti-social behaviour,,
,2019-03,North Yorkshire Police,North Yorkshire Police,-0.410895,54.241452,On or near Manham Hill,E01027819,Scarborough 012B,Anti-social behaviour,,
,2019-03,North Yorkshire Police,North Yorkshire Police,-0.410895,54.241452,On or near Manham Hill,E01027819,Scarborough 012B,Anti-social behaviour,,
,2019-03,North Yorkshire Police,North Yorkshire Police,-0.406154,54.243438,On or near Sports/Recreation Area,E01027819,Scarborough 012B,Anti-social behaviour,,
,2019-03,North Yorkshire Police,North Yorkshire Police,-0.406154,54.243438,On or near Sports/Recreation Area,E01027819,Scarborough 012B,Anti-social behaviour,,
,2019-03,North Yorkshire Police,North Yorkshire Police,-0.406154,54.243438,On or near Sports/Recreation Area,E01027819,Scarborough 012B,Anti-social behaviour,,
,2019-03,North Yorkshire Police,North Yorkshire Police,-0.410895,54.241452,On or near Manham Hill,E01027819,Scarborough 012B,Anti-social behaviour,,
,2019-03,North Yorkshire Police,North Yorkshire Police,-0.410895,54.241452,On or near Manham Hill,E01027819,Scarborough 012B,Anti-social behaviour,,
,2019-03,North Yorkshire Police,North Yorkshire Police,-0.410895,54.241452,On or near Manham Hill,E01027819,Scarborough 012B,Anti-social behaviour,,
,2019-03,North Yorkshire Police,North Yorkshire Police,-0.410895,54.241452,On or near Manham Hill,E01027819,Scarborough 012B,Anti-social behaviour,,
,2019-03,North Yorkshire Police,North Yorkshire Police,-0.406154,54.243438,On or near Sports/Recreation Area,E01027819,Scarborough 012B,Anti-social behaviour,,
25971c60e7d14dd3b64e1dd3dcda07f2e000392523c08685e3ca2e0b0866215b,2019-03,North Yorkshire Police,North Yorkshire Police,-0.400457,54.243911,On or near Merry Dale,E01027819,Scarborough 012B,Burglary,Investigation complete; no suspect identified,
2695a67dad6478a7a443646d522a4054a4f944d1006cb00dcfd1cd43554f817c,2019-03,North Yorkshire Police,North Yorkshire Police,-0.406154,54.243438,On or near Sports/Recreation Area,E01027819,Scarborough 012B,Criminal damage and arson,Investigation complete; no suspect identified,
d9a2be14eacbfe40b4492880997c5bc02ffe342f87c60eaed09ad16df7928f8a,2019-03,North Yorkshire Police,North Yorkshire Police,-0.408592,54.242293,On or near Ridgeway,E01027819,Scarborough 012B,Criminal damage and arson,Investigation complete; no suspect identified,
788ee13a973d1e9cad20dbeb4c0e0537a09411689d3b82811af9c2671c155a5d,2019-03,North Yorkshire Police,North Yorkshire Police,-0.400457,54.243911,On or near Merry Dale,E01027819,Scarborough 012B,Drugs,Under investigation,
85ae40448f9bc3d5e5d97568c4c839ff2bb7e73133e5013730c5b4c6d7c091bc,2019-03,North Yorkshire Police,North Yorkshire Police,-0.398113,54.244590,On or near Gouldings Close,E01027819,Scarborough 012B,Public order,Under investigation,
d40f3d499c5d126c7b6cb8b0301af8d99652959a7383ecce54c5d0e9d1abaedc,2019-03,North Yorkshire Police,North Yorkshire Police,-0.406154,54.243438,On or near Sports/Recreation Area,E01027819,Scarborough 012B,Public order,Under investigation,
2a8c35ebc1b1fa816c05103e42a7ec12711001ec23cc0494da6357a1f699c2bf,2019-03,North Yorkshire Police,North Yorkshire Police,-0.406154,54.243438,On or near Sports/Recreation Area,E01027819,Scarborough 012B,Violence and sexual offences,Under investigation,
cf0c324a62cf92dc94d3dc86c27a0b90dca70a46161b1bdb7714e743b7c271c8,2019-03,North Yorkshire Police,North Yorkshire Police,-0.402216,54.244051,On or near High Garth,E01027819,Scarborough 012B,Violence and sexual offences,Under investigation,
5905dfc7c1d4b658d2144ad8e8aad78059c8fbf94dd5eba1940f5efd1c93fb37,2019-03,North Yorkshire Police,North Yorkshire Police,-0.400457,54.243911,On or near Merry Dale,E01027819,Scarborough 012B,Violence and sexual offences,Under investigation,
af61fa740f7e9af890073ae3c9521eb51563e5dc33d7ee64106a524c216ed632,2019-03,North Yorkshire Police,North Yorkshire Police,-0.406154,54.243438,On or near Sports/Recreation Area,E01027819,Scarborough 012B,Violence and sexual offences,Under investigation,
bb3eff919903815a3036cb4c013f1b6656c49c348e5d238721f4a8d27af1bd80,2019-03,North Yorkshire Police,North Yorkshire Police,-0.406154,54.243438,On or near Sports/Recreation Area,E01027819,Scarborough 012B,Violence and sexual offences,Awaiting court outcome,
cb888cd666c26b19b17d42af58d770d54dd51b8e5e9682e1da88e9e86bffec33,2019-03,North Yorkshire Police,North Yorkshire Police,-0.401941,54.242834,On or near Dunn Grove,E01027819,Scarborough 012B,Violence and sexual offences,Under investigation,
168bd8546588d16df2ac55d60f97c64c3e8ad1dbcea7f4875e6cc78c74552675,2019-03,North Yorkshire Police,North Yorkshire Police,-0.406154,54.243438,On or near Sports/Recreation Area,E01027819,Scarborough 012B,Other crime,Under investigation,
,2019-03,North Yorkshire Police,North Yorkshire Police,-0.395918,54.242619,On or near Hertford Close,E01027820,Scarborough 012C,Anti-social behaviour,,
,2019-03,North Yorkshire Police,North Yorkshire Police,-0.393281,54.242962,On or near Beech Walk,E01027820,Scarborough 012C,Anti-social behaviour,,
,2019-03,North Yorkshire Police,North Yorkshire Police,-0.396535,54.240569,On or near Hospital,E01027820,Scarborough 012C,Anti-social behaviour,,
,2019-03,North Yorkshire Police,North Yorkshire Police,-0.396535,54.240569,On or near Hospital,E01027820,Scarborough 012C,Anti-social behaviour,,
e4b0426b0027e8e91683642c13f4ac39421cd18d6d0fc04eb527b6691ae0e2f5,2019-03,North Yorkshire Police,North Yorkshire Police,-0.397022,54.242652,On or near Caymer Road,E01027820,Scarborough 012C,Criminal damage and arson,Investigation complete; no suspect identified,
dbe96e43bf2e6848c8c3f7520da6a092816f0fc9c4a15aa86be51631035b6086,2019-03,North Yorkshire Police,North Yorkshire Police,-0.396535,54.240569,On or near Hospital,E01027820,Scarborough 012C,Public order,Unable to prosecute suspect,
2073dbf9a502602be9c196e8ff59b5db4a2c527edf2b8714e1f34db9bce411fe,2019-03,North Yorkshire Police,North Yorkshire Police,-0.396535,54.240569,On or near Hospital,E01027820,Scarborough 012C,Public order,Investigation complete; no suspect identified,
fdebfe0ee8dbb6202d2fed7c170974d16ccfaf6232e5100e51d5c90597fdb9d1,2019-03,North Yorkshire Police,North Yorkshire Police,-0.394741,54.244078,On or near Hawthorn Walk,E01027820,Scarborough 012C,Vehicle crime,Investigation complete; no suspect identified,
630d9daf822ff0d0dffb0a6180381df09abbc494b842b94fa6153460e4cafd90,2019-03,North Yorkshire Police,North Yorkshire Police,-0.395820,54.245548,On or near Northwold Road,E01027820,Scarborough 012C,Violence and sexual offences,Unable to prosecute suspect,
4cf049d7cade46c4d655d8652ea3b28ff4a03a392b64e0b9017ab863e503d830,2019-03,North Yorkshire Police,North Yorkshire Police,-0.395918,54.242619,On or near Hertford Close,E01027820,Scarborough 012C,Violence and sexual offences,Under investigation,
41178b7f5c5eeff372d652ce853119960f36bc65d13506c2183b0a73fab06c2a,2019-03,North Yorkshire Police,North Yorkshire Police,-0.397022,54.242652,On or near Caymer Road,E01027820,Scarborough 012C,Violence and sexual offences,Under investigation,
822bbb82cb76e42ae436fe36d8e518d10837607b34dc6ae079258cbc1e45f086,2019-03,North Yorkshire Police,North Yorkshire Police,-0.395043,54.243030,On or near Herdborough Road,E01027820,Scarborough 012C,Violence and sexual offences,Under investigation,
625625e1482f15a291b897f85cb510f77c83739e12518304c6058a8bfcca9031,2019-03,North Yorkshire Police,North Yorkshire Police,-0.397022,54.242652,On or near Caymer Road,E01027820,Scarborough 012C,Violence and sexual offences,Under investigation,
9d7cc030d9b52ed15bb4251dc15045ed53a789a3234759d414669b4e829c2dc2,2019-03,North Yorkshire Police,North Yorkshire Police,-0.397022,54.242652,On or near Caymer Road,E01027820,Scarborough 012C,Violence and sexual offences,Under investigation,
b910269ef8353024dd92f2d59f7bfdab62475720192468bc43f9394b93e559bd,2019-03,North Yorkshire Police,North Yorkshire Police,-0.397022,54.242652,On or near Caymer Road,E01027820,Scarborough 012C,Violence and sexual offences,Under investigation,
0b9ebcd96f1fc2bd548c26e21fa11bda8541eb24aaea2457bee9b9d42de458a9,2019-03,North Yorkshire Police,North Yorkshire Police,-0.396535,54.240569,On or near Hospital,E01027820,Scarborough 012C,Violence and sexual offences,Local resolution,
,2019-03,North Yorkshire Police,North Yorkshire Police,-0.421333,54.241391,On or near Station Road,E01027858,Scarborough 012D,Anti-social behaviour,,
,2019-03,North Yorkshire Police,North Yorkshire Police,-0.421333,54.241391,On or near Station Road,E01027858,Scarborough 012D,Anti-social behaviour,,
,2019-03,North Yorkshire Police,North Yorkshire Police,-0.418322,54.240255,On or near Mallard Way,E01027858,Scarborough 012D,Anti-social behaviour,,
,2019-03,North Yorkshire Police,North Yorkshire Police,-0.421333,54.241391,On or near Station Road,E01027858,Scarborough 012D,Anti-social behaviour,,
,2019-03,North Yorkshire Police,North Yorkshire Police,-0.422084,54.240205,On or near Greenfinch Close,E01027858,Scarborough 012D,Anti-social behaviour,,
,2019-03,North Yorkshire Police,North Yorkshire Police,-0.417181,54.247224,On or near Musham Bank Road,E01027858,Scarborough 012D,Anti-social behaviour,,
021b12aca1c54d89ed85b909386af83cdc93a86fffcab016f160e7b9a4b1716f,2019-03,North Yorkshire Police,North Yorkshire Police,-0.418322,54.240255,On or near Mallard Way,E01027858,Scarborough 012D,Bicycle theft,Investigation complete; no suspect identified,
de88ab15cde461a7a87aa65c8caac6e41e0e0841e0dfc8fa9273a5cf0872cc4c,2019-03,North Yorkshire Police,North Yorkshire Police,-0.416429,54.241623,On or near Parking Area,E01027858,Scarborough 012D,Criminal damage and arson,Investigation complete; no suspect identified,
953536feb745bbaa67b346f9070f30d0b3f6b0f1672341fc8577b183c19c8530,2019-03,North Yorkshire Police,North Yorkshire Police,-0.413220,54.240467,On or near Cayton Low Road,E01027858,Scarborough 012D,Drugs,Offender given a drugs possession warning,
7d55eea4fb8559fa6c4a6211b829c7f6b3d9f1d5f709e6b4c65f36bc0f82eb08,2019-03,North Yorkshire Police,North Yorkshire Police,-0.419449,54.248530,On or near Petrol Station,E01027858,Scarborough 012D,Other theft,Under investigation,
e20d9c70d7331fac6dc787e80f157b15c13206a4d95e6d696f8c33e7701369e8,2019-03,North Yorkshire Police,North Yorkshire Police,-0.420224,54.238689,On or near Raven Close,E01027858,Scarborough 012D,Other theft,Investigation complete; no suspect identified,
7aed15513f40905ab36f1d823f299e2d910b74f4add1b7e7d94b62b3091ce685,2019-03,North Yorkshire Police,North Yorkshire Police,-0.421333,54.241391,On or near Station Road,E01027858,Scarborough 012D,Other theft,Unable to prosecute suspect,
3da66687c9241f22cd33cc2f85cfabb801c5c174546ca67e6161ab43f79948d1,2019-03,North Yorkshire Police,North Yorkshire Police,-0.413220,54.240467,On or near Cayton Low Road,E01027858,Scarborough 012D,Possession of weapons,Under investigation,
70d501be59c6c4f216bd24b6d5d6d798ff2283969b5326452dffd62d1a517f48,2019-03,North Yorkshire Police,North Yorkshire Police,-0.418322,54.240255,On or near Mallard Way,E01027858,Scarborough 012D,Public order,Under investigation,
996c8e03ab0c1587662e7adfab72668c3f230c5390d9d3bcafcd94c3982ea729,2019-03,North Yorkshire Police,North Yorkshire Police,-0.421333,54.241391,On or near Station Road,E01027858,Scarborough 012D,Public order,Under investigation,
4c3c08c20bd0f5b64f74151a2ab3147fea5eb525e1325cb6575c6194841e585b,2019-03,North Yorkshire Police,North Yorkshire Police,-0.418322,54.240255,On or near Mallard Way,E01027858,Scarborough 012D,Public order,Under investigation,
f5cccb385d750c45486490889d80758b8d85d6458094a3ec38b45eb9c460e366,2019-03,North Yorkshire Police,North Yorkshire Police,-0.418322,54.240255,On or near Mallard Way,E01027858,Scarborough 012D,Shoplifting,Awaiting court outcome,
81590ba3e6a0e4578c28ee32cfb8b485da7d1d09a4db2bdbe8b1a4b2b623cda8,2019-03,North Yorkshire Police,North Yorkshire Police,-0.418322,54.240255,On or near Mallard Way,E01027858,Scarborough 012D,Shoplifting,Under investigation,
7e71c08be1b1de8fdf8de4d15d507690bbc375791b09923935f0fd4eb311dd2f,2019-03,North Yorkshire Police,North Yorkshire Police,-0.418322,54.240255,On or near Mallard Way,E01027858,Scarborough 012D,Shoplifting,Under investigation,
9dd55d25c66e888a8e164f399e355244f10364c6624820d168feda22941562d8,2019-03,North Yorkshire Police,North Yorkshire Police,-0.418322,54.240255,On or near Mallard Way,E01027858,Scarborough 012D,Shoplifting,Under investigation,
bf7a603b4f0cd6eada90af1a197884f86af6c25b448e0b173f47053c810398ae,2019-03,North Yorkshire Police,North Yorkshire Police,-0.418322,54.240255,On or near Mallard Way,E01027858,Scarborough 012D,Shoplifting,Under investigation,
c46796c46fbdf8920a46755c8e3f40f22566b0ce848b9b669379bdac467f78a8,2019-03,North Yorkshire Police,North Yorkshire Police,-0.418322,54.240255,On or near Mallard Way,E01027858,Scarborough 012D,Violence and sexual offences,Under investigation,
,2019-03,North Yorkshire Police,North Yorkshire Police,-0.444347,54.238652,On or near The Green,E01027860,Scarborough 012E,Anti-social behaviour,,
9bc7b3bb2ef3f41d5a1a39a5c050543cfa6aa65810ffa956bf65718f5733a340,2019-03,North Yorkshire Police,North Yorkshire Police,-0.433500,54.247536,On or near Stoney Haggs Road,E01027860,Scarborough 012E,Violence and sexual offences,Under investigation,
,2019-03,North Yorkshire Police,North Yorkshire Police,-0.554942,54.274939,On or near Moor Road,E01027814,Scarborough 013A,Anti-social behaviour,,
,2019-03,North Yorkshire Police,North Yorkshire Police,-0.505809,54.242737,On or near Church Lane,E01027814,Scarborough 013A,Anti-social behaviour,,
,2019-03,North Yorkshire Police,North Yorkshire Police,-0.489868,54.244309,On or near Pearson Garth,E01027814,Scarborough 013A,Anti-social behaviour,,
4df0897649acbc798061ce8436d8a9b69e838d7179ef88d41ca72fa6efbdf90c,2019-03,North Yorkshire Police,North Yorkshire Police,-0.479660,54.254401,On or near Seavegate Close,E01027814,Scarborough 013A,Burglary,Investigation complete; no suspect identified,
525083034f5a45d2ee0f69dfd32d5ab7105f4eb8fe3c1f51e2eafcd424918997,2019-03,North Yorkshire Police,North Yorkshire Police,-0.486963,54.248210,On or near Wilkinsons Close,E01027814,Scarborough 013A,Burglary,Investigation complete; no suspect identified,
db3edfc2e5b4c16d8c494917c3eacd0310f3d439e85827fe1c5de1fdbde231c2,2019-03,North Yorkshire Police,North Yorkshire Police,-0.479660,54.254401,On or near Seavegate Close,E01027814,Scarborough 013A,Criminal damage and arson,Under investigation,
322a7e045ef4df736e3ae5cbf765155640165202fba2096f285aed3c6ebf21f3,2019-03,North Yorkshire Police,North Yorkshire Police,-0.483535,54.249623,On or near Wilson'S Lane,E01027814,Scarborough 013A,Criminal damage and arson,Investigation complete; no suspect identified,
bf90ec08c7a7a1c5a1a64dd050ff6d5fb59d17cdf77f1b1b68bd0e5b29102d19,2019-03,North Yorkshire Police,North Yorkshire Police,-0.479660,54.254401,On or near Seavegate Close,E01027814,Scarborough 013A,Other theft,Investigation complete; no suspect identified,
aa0cd19faf8c979a8b4e8df231bc71ba494bc5249284dab4ca90561b0a4ca124,2019-03,North Yorkshire Police,North Yorkshire Police,-0.479660,54.254401,On or near Seavegate Close,E01027814,Scarborough 013A,Other crime,Action to be taken by another organisation,
,2019-03,North Yorkshire Police,North Yorkshire Police,-0.557747,54.226706,On or near West Brow,E01027815,Scarborough 013B,Anti-social behaviour,,
b866b2ba6c1ce76793b31bcf62f33142e783f2819d196881d2873dd6662bdc63,2019-03,North Yorkshire Police,North Yorkshire Police,-0.587210,54.229113,On or near Garth Lane,E01027815,Scarborough 013B,Criminal damage and arson,Investigation complete; no suspect identified,
,2019-03,North Yorkshire Police,North Yorkshire Police,-0.464699,54.256305,On or near Racecourse Road,E01027816,Scarborough 013C,Anti-social behaviour,,
,2019-03,North Yorkshire Police,North Yorkshire Police,-0.475191,54.252376,On or near Lonsdale Place,E01027816,Scarborough 013C,Anti-social behaviour,,
6731301bc824f99761a88d024625067935d01b9a411c7e545112633a15e7b80a,2019-03,North Yorkshire Police,North Yorkshire Police,-0.477821,54.252220,On or near The Close,E01027816,Scarborough 013C,Public order,Under investigation,
01e1eec6edbdcbfb588b47bde81e16023d62843364a73861e390d843baa3ce76,2019-03,North Yorkshire Police,North Yorkshire Police,-0.476867,54.255210,On or near Shelton Avenue,E01027816,Scarborough 013C,Violence and sexual offences,Under investigation,
04677dd4c1f0e4c2e00eb3c40bb979b15d77af34f58b2616e58c2bae0cd53f5b,2019-03,North Yorkshire Police,North Yorkshire Police,-0.475191,54.252376,On or near Lonsdale Place,E01027816,Scarborough 013C,Violence and sexual offences,Under investigation,
0e4f281fb892fc3c64ac177c97e0501df86b6ac69397b308f8029a084c7da779,2019-03,North Yorkshire Police,North Yorkshire Police,-0.480088,54.249013,On or near Glaves Close,E01027816,Scarborough 013C,Violence and sexual offences,Under investigation,
5a75bb459b89af846e80f35d37002165296539ba588ded883763c185f53c9ae8,2019-03,North Yorkshire Police,North Yorkshire Police,-0.480088,54.249013,On or near Glaves Close,E01027816,Scarborough 013C,Violence and sexual offences,Under investigation,
,2019-03,North Yorkshire Police,North Yorkshire Police,-0.448423,54.232691,On or near Ratten Row,E01027859,Scarborough 013D,Anti-social behaviour,,
,2019-03,North Yorkshire Police,North Yorkshire Police,-0.421895,54.232302,On or near Park/Open Space,E01027859,Scarborough 013D,Anti-social behaviour,,
,2019-03,North Yorkshire Police,North Yorkshire Police,-0.421895,54.232302,On or near Park/Open Space,E01027859,Scarborough 013D,Anti-social behaviour,,
,2019-03,North Yorkshire Police,North Yorkshire Police,-0.413626,54.232679,On or near Manor Court,E01027859,Scarborough 013D,Anti-social behaviour,,
,2019-03,North Yorkshire Police,North Yorkshire Police,-0.451314,54.242760,On or near Grange Court,E01027859,Scarborough 013D,Anti-social behaviour,,
,2019-03,North Yorkshire Police,North Yorkshire Police,-0.421895,54.232302,On or near Park/Open Space,E01027859,Scarborough 013D,Anti-social behaviour,,
,2019-03,North Yorkshire Police,North Yorkshire Police,-0.421895,54.232302,On or near Park/Open Space,E01027859,Scarborough 013D,Anti-social behaviour,,
,2019-03,North Yorkshire Police,North Yorkshire Police,-0.421069,54.238242,On or near Avocet Crescent,E01027859,Scarborough 013D,Anti-social behaviour,,
,2019-03,North Yorkshire Police,North Yorkshire Police,-0.421895,54.232302,On or near Park/Open Space,E01027859,Scarborough 013D,Anti-social behaviour,,
a59bdcf6f541f90c04dd4664723e45bc3291812e0d63ed9ac050f18a3d8b649b,2019-03,North Yorkshire Police,North Yorkshire Police,-0.421069,54.238242,On or near Avocet Crescent,E01027859,Scarborough 013D,Drugs,Offender given penalty notice,
bced7d83fc953633cd4d431e498f80b7b78aa956a779edf1d2e6c4c75c679c0d,2019-03,North Yorkshire Police,North Yorkshire Police,-0.421069,54.238242,On or near Avocet Crescent,E01027859,Scarborough 013D,Drugs,Offender given a drugs possession warning,
0398ffa1f58b0656c548947100b41fdd4ef8fded56756e648082a8a972c3b956,2019-03,North Yorkshire Police,North Yorkshire Police,-0.422686,54.238910,On or near Osprey Garth,E01027859,Scarborough 013D,Violence and sexual offences,Under investigation,
5545d11df2d3218be62c4db928ae7e9593bacb6fe0dd1985f24176ec02c38597,2019-03,North Yorkshire Police,North Yorkshire Police,-0.422646,54.237534,On or near Robin Place,E01027859,Scarborough 013D,Violence and sexual offences,Under investigation,
,2019-03,North Yorkshire Police,North Yorkshire Police,-0.286961,54.209552,On or near Hope Street,E01027827,Scarborough 014A,Anti-social behaviour,,
,2019-03,North Yorkshire Police,North Yorkshire Police,-0.293601,54.210303,On or near Supermarket,E01027827,Scarborough 014A,Anti-social behaviour,,
,2019-03,North Yorkshire Police,North Yorkshire Police,-0.293601,54.210303,On or near Supermarket,E01027827,Scarborough 014A,Anti-social behaviour,,
,2019-03,North Yorkshire Police,North Yorkshire Police,-0.287936,54.209350,On or near Murray Street,E01027827,Scarborough 014A,Anti-social behaviour,,
,2019-03,North Yorkshire Police,North Yorkshire Police,-0.287936,54.209350,On or near Murray Street,E01027827,Scarborough 014A,Anti-social behaviour,,
,2019-03,North Yorkshire Police,North Yorkshire Police,-0.293601,54.210303,On or near Supermarket,E01027827,Scarborough 014A,Anti-social behaviour,,
06a7d987cbd4d3cd24db9c28a0f257df2d4e2ea8aabf784cbd7b7400b6be0a5e,2019-03,North Yorkshire Police,North Yorkshire Police,-0.290200,54.210974,On or near Cromwell Avenue,E01027827,Scarborough 014A,Burglary,Investigation complete; no suspect identified,
27a75721483c4854ee2bd6fc4c1823ef962ed2584f90b49d999a08f80a3c8e4f,2019-03,North Yorkshire Police,North Yorkshire Police,-0.288770,54.206989,On or near Brooklands Close,E01027827,Scarborough 014A,Criminal damage and arson,Investigation complete; no suspect identified,
5bb69ad796fdc985644b4639fe57372d087a68ee73b5f797990c20306ad69d8b,2019-03,North Yorkshire Police,North Yorkshire Police,-0.287308,54.211562,On or near Ravine Top,E01027827,Scarborough 014A,Other theft,Investigation complete; no suspect identified,
c6f6ba4ef6b599bca8d00f7b66bfcab395cd4b55bb9cf4bc25f11ab8b77208e7,2019-03,North Yorkshire Police,North Yorkshire Police,-0.288608,54.210160,On or near Union Street,E01027827,Scarborough 014A,Theft from the person,Under investigation,
dbdefdf8cbca17b892dfac6506d9aafd989e101f8fb8e6f0b57354ce62f70a9d,2019-03,North Yorkshire Police,North Yorkshire Police,-0.288608,54.210160,On or near Union Street,E01027827,Scarborough 014A,Theft from the person,Under investigation,
a2464f0cf9dd9968183f48d5f2d25cac9195262f3404d1c9f246511ce58d8ec9,2019-03,North Yorkshire Police,North Yorkshire Police,-0.284698,54.206806,On or near The Beach,E01027827,Scarborough 014A,Violence and sexual offences,Under investigation,
eb716b125c673d44b0a60cfa2f5daabdf7edc382263019731265a7855c649aba,2019-03,North Yorkshire Police,North Yorkshire Police,-0.288608,54.210160,On or near Union Street,E01027827,Scarborough 014A,Violence and sexual offences,Under investigation,
,2019-03,North Yorkshire Police,North Yorkshire Police,-0.296583,54.208260,On or near Welford Road,E01027828,Scarborough 014B,Anti-social behaviour,,
,2019-03,North Yorkshire Police,North Yorkshire Police,-0.293431,54.206615,On or near Padbury Close,E01027828,Scarborough 014B,Anti-social behaviour,,
,2019-03,North Yorkshire Police,North Yorkshire Police,-0.294000,54.204340,On or near Coxwain Close,E01027828,Scarborough 014B,Anti-social behaviour,,
,2019-03,North Yorkshire Police,North Yorkshire Police,-0.301819,54.206967,On or near Ewden Close,E01027828,Scarborough 014B,Anti-social behaviour,,
945d5364795a839d725cbc043c45024c11ad8479ebc983cf35591ef97feb8431,2019-03,North Yorkshire Police,North Yorkshire Police,-0.297778,54.206793,On or near Doran Close,E01027828,Scarborough 014B,Criminal damage and arson,Investigation complete; no suspect identified,
14f0afe0140f4752d6a22c8c9f611217065e1d5da9ee07ffa4bff346a6c11923,2019-03,North Yorkshire Police,North Yorkshire Police,-0.290823,54.203666,On or near Parking Area,E01027828,Scarborough 014B,Criminal damage and arson,Under investigation,
1a97f4abde0c4150ecc10ea5a14792a0b4f5f8f11712e9558a2a937e3cef1a3b,2019-03,North Yorkshire Police,North Yorkshire Police,-0.298023,54.205691,On or near Cooper Road,E01027828,Scarborough 014B,Public order,Under investigation,
16bca5677f2c8871ce7634cce3cf452c587b5f3aff2df863c8534104099ae73d,2019-03,North Yorkshire Police,North Yorkshire Police,-0.291462,54.209733,On or near Bus/Coach Station,E01027828,Scarborough 014B,Shoplifting,Under investigation,
ef8c1e6e4c385cfc222b9fa624278b53f8e36769c32ead05158f66a0956dcb0d,2019-03,North Yorkshire Police,North Yorkshire Police,-0.291462,54.209733,On or near Bus/Coach Station,E01027828,Scarborough 014B,Shoplifting,Unable to prosecute suspect,
f01e026bdcba9703625111cac888cbf811b845a15f9af3b90f32843adf9e018c,2019-03,North Yorkshire Police,North Yorkshire Police,-0.291462,54.209733,On or near Bus/Coach Station,E01027828,Scarborough 014B,Shoplifting,Offender fined,
b86478f2b30f720600159a049d93eb8227c28af84dbc441de4ba4c8b0e56c3a6,2019-03,North Yorkshire Police,North Yorkshire Police,-0.290823,54.203666,On or near Parking Area,E01027828,Scarborough 014B,Violence and sexual offences,Unable to prosecute suspect,
81a806890891f3bdfcd69ddf94fede0756c08ae7f136068ef8567607a44ea781,2019-03,North Yorkshire Police,North Yorkshire Police,-0.297778,54.206793,On or near Doran Close,E01027828,Scarborough 014B,Violence and sexual offences,Under investigation,
6fac83233a8f86cbdef8bd3772d841447844c79171e71f162625e59262cdf0f4,2019-03,North Yorkshire Police,North Yorkshire Police,-0.290823,54.203666,On or near Parking Area,E01027828,Scarborough 014B,Violence and sexual offences,Awaiting court outcome,
f93fcce77d72a2836a9c7247c53cea08e959f944c3af5d655e4fa3dad18ee46c,2019-03,North Yorkshire Police,North Yorkshire Police,-0.301819,54.206967,On or near Ewden Close,E01027828,Scarborough 014B,Violence and sexual offences,Under investigation,
3e69da2a471916322739eb7895d0bcfca18b67d91bd508f93348d908b0292f29,2019-03,North Yorkshire Police,North Yorkshire Police,-0.294000,54.204340,On or near Coxwain Close,E01027828,Scarborough 014B,Violence and sexual offences,Under investigation,
,2019-03,North Yorkshire Police,North Yorkshire Police,-0.290547,54.211473,On or near West Road,E01027829,Scarborough 014C,Anti-social behaviour,,
,2019-03,North Yorkshire Police,North Yorkshire Police,-0.288789,54.212077,On or near St Oswalds Court,E01027829,Scarborough 014C,Anti-social behaviour,,
,2019-03,North Yorkshire Police,North Yorkshire Police,-0.303241,54.213810,On or near Snipe Close,E01027830,Scarborough 014D,Anti-social behaviour,,
,2019-03,North Yorkshire Police,North Yorkshire Police,-0.296270,54.212902,On or near Ash Road,E01027830,Scarborough 014D,Anti-social behaviour,,
65bfdea008abec94d6f4cf78611ad6a56c3efc3b8bf9bbefcd3a25c8b5ae5551,2019-03,North Yorkshire Police,North Yorkshire Police,-0.303997,54.214449,On or near Widgeon Close,E01027830,Scarborough 014D,Burglary,Investigation complete; no suspect identified,
56dfdb22c8e7b41ab2552094b8c49c65f6710b9ee48addc90d7f3977c698b9e1,2019-03,North Yorkshire Police,North Yorkshire Police,-0.297403,54.213314,On or near Ash Grove,E01027830,Scarborough 014D,Criminal damage and arson,Under investigation,
690124918f253ddd49b6bfc17f3ee1e2801dfe87d1ee3b61fb85cd85d06d8c77,2019-03,North Yorkshire Police,North Yorkshire Police,-0.295307,54.212808,On or near Grove Road,E01027830,Scarborough 014D,Criminal damage and arson,Investigation complete; no suspect identified,
556540a5678f13408f673636948e878597f99aaaf1fee47b727a2ba85168ff92,2019-03,North Yorkshire Police,North Yorkshire Police,-0.303144,54.212424,On or near Pasture Crescent,E01027830,Scarborough 014D,Drugs,Offender given a drugs possession warning,
d6cddf5d03ee3a4668c1d1b95994067297d7456b6e0d6101dd627338dac1574e,2019-03,North Yorkshire Police,North Yorkshire Police,-0.303228,54.214115,On or near Heron Court,E01027830,Scarborough 014D,Violence and sexual offences,Under investigation,
02317ea7a94633e2bcad3770d5374936512b47e52d427e62c8082690c88203b8,2019-03,North Yorkshire Police,North Yorkshire Police,-0.301164,54.214706,On or near Hazel Road,E01027830,Scarborough 014D,Violence and sexual offences,Under investigation,
,2019-03,North Yorkshire Police,North Yorkshire Police,-0.320356,54.180908,On or near Hungate Court,E01027833,Scarborough 014E,Anti-social behaviour,,
,2019-03,North Yorkshire Police,North Yorkshire Police,-0.320733,54.179943,On or near Supermarket,E01027833,Scarborough 014E,Anti-social behaviour,,
,2019-03,North Yorkshire Police,North Yorkshire Police,-0.285047,54.192087,On or near South Cliff Drive,E01027833,Scarborough 014E,Anti-social behaviour,,
,2019-03,North Yorkshire Police,North Yorkshire Police,-0.320356,54.180908,On or near Hungate Court,E01027833,Scarborough 014E,Anti-social behaviour,,
212091e655b120e872b80a37a5be02c7d052789cda6e1e36d3f50c1eb231dbe1,2019-03,North Yorkshire Police,North Yorkshire Police,-0.285047,54.192087,On or near South Cliff Drive,E01027833,Scarborough 014E,Bicycle theft,Investigation complete; no suspect identified,
b8509a385ccbb2b403a10ea94816f16a53b6e631c95a8ab5ae499e498fec0046,2019-03,North Yorkshire Police,North Yorkshire Police,-0.297914,54.187443,On or near Moor Road,E01027833,Scarborough 014E,Burglary,Investigation complete; no suspect identified,
6f5af06bc3515e07953211be8bda49e074bcac76da2159ddd377a9e338296dca,2019-03,North Yorkshire Police,North Yorkshire Police,-0.312046,54.174635,On or near Park/Open Space,E01027833,Scarborough 014E,Burglary,Under investigation,
5d7da8ed804a8c1969e5c65715a7bb2f70275a7ad84bdc070d411b28e1d827b6,2019-03,North Yorkshire Police,North Yorkshire Police,-0.312046,54.174635,On or near Park/Open Space,E01027833,Scarborough 014E,Burglary,Under investigation,
69f9604b7e9d1358cb62bf798e1dcab1d804a243b31d98fcc6fddf7797783b5a,2019-03,North Yorkshire Police,North Yorkshire Police,-0.312046,54.174635,On or near Park/Open Space,E01027833,Scarborough 014E,Burglary,Under investigation,
ffc9ed530d0563f77f1c10177789d20672312e181ecc31b33441799eeba32bac,2019-03,North Yorkshire Police,North Yorkshire Police,-0.312046,54.174635,On or near Park/Open Space,E01027833,Scarborough 014E,Burglary,Under investigation,
03acf0cec0d21035784818e80e4153d3e849c90d88d9858834073a98665253cb,2019-03,North Yorkshire Police,North Yorkshire Police,-0.268977,54.176478,On or near Gap Road,E01027833,Scarborough 014E,Criminal damage and arson,Investigation complete; no suspect identified,
aa260dd03bd560a1fa97fe9e61107fab2e9715364b23aafa045a3f3a25b23a07,2019-03,North Yorkshire Police,North Yorkshire Police,-0.319441,54.180060,On or near Veterinary Close,E01027833,Scarborough 014E,Criminal damage and arson,Under investigation,
43864796926b1e735d43cb8bf09d513ca11f417c94a4041f4518312c1a7ed33e,2019-03,North Yorkshire Police,North Yorkshire Police,-0.268081,54.163800,On or near Watson'S Lane,E01027833,Scarborough 014E,Criminal damage and arson,Investigation complete; no suspect identified,
dc9e6f4bcf1cd959489164fecbb19de6e4e0ace9b9b8516662cfcd56f2c69c29,2019-03,North Yorkshire Police,North Yorkshire Police,-0.292714,54.186812,On or near Lakeside,E01027833,Scarborough 014E,Other theft,Investigation complete; no suspect identified,
9ac1e1231276cef3fbaea710f57254c42131c59cda81b4e22f1e68f92b3a1e2f,2019-03,North Yorkshire Police,North Yorkshire Police,-0.297914,54.187443,On or near Moor Road,E01027833,Scarborough 014E,Other theft,Investigation complete; no suspect identified,
74171a634578a42bd3a13cce758e7803ebe1432efc4fc8c32c1fc77ba42f33a2,2019-03,North Yorkshire Police,North Yorkshire Police,-0.240880,54.154713,On or near Main Street,E01027833,Scarborough 014E,Other theft,Investigation complete; no suspect identified,
61116ef552f447948e7d209c85effec13c221c5b672b2d3fc5940a3411fa1fc3,2019-03,North Yorkshire Police,North Yorkshire Police,-0.297914,54.187443,On or near Moor Road,E01027833,Scarborough 014E,Other theft,Under investigation,
33738b123e47c9226994d084f7a84451f9b783c8b438fb779040b3ec83953a70,2019-03,North Yorkshire Police,North Yorkshire Police,-0.241926,54.155313,On or near Chapel Lane,E01027833,Scarborough 014E,Vehicle crime,Investigation complete; no suspect identified,
1fafa0a04835866fa15f2df86fe26192e5a4365b1767f76c17a766f8f0687909,2019-03,North Yorkshire Police,North Yorkshire Police,-0.292714,54.186812,On or near Lakeside,E01027833,Scarborough 014E,Violence and sexual offences,Under investigation,
1d88fee2ed360f7f7483e28d632c77de4e9d7ab53fd0c6406f184af65dda673d,2019-03,North Yorkshire Police,North Yorkshire Police,-0.258183,54.169724,On or near Sands Close,E01027833,Scarborough 014E,Violence and sexual offences,Unable to prosecute suspect,
cdd8bd4f88ee6858da693e3103a4a41fc236293c0e3e9ea9cd4d0966e7f783a2,2019-03,North Yorkshire Police,North Yorkshire Police,-0.292714,54.186812,On or near Lakeside,E01027833,Scarborough 014E,Violence and sexual offences,Under investigation,
c127e18a2ed142229e494dbc3c3bda14a47e618d4cf39b187e79e842743e53f7,2019-03,North Yorkshire Police,North Yorkshire Police,-0.258183,54.169724,On or near Sands Close,E01027833,Scarborough 014E,Violence and sexual offences,Unable to prosecute suspect,
,2019-03,North Yorkshire Police,North Yorkshire Police,-0.313120,54.177976,On or near Percy Road,E01027834,Scarborough 014F,Anti-social behaviour,,
4e2f5a176f2cf9e6c906f854ecb79fa42bab7066be368a032f96376c59b17925,2019-03,North Yorkshire Police,North Yorkshire Police,-0.324385,54.184362,On or near Muston Road,E01027834,Scarborough 014F,Bicycle theft,Investigation complete; no suspect identified,
5affd0954395a8ba8134317a18ebfb4350223f5918d751ab3f3fd77dd0bf447f,2019-03,North Yorkshire Police,North Yorkshire Police,-0.316208,54.178154,On or near Harborough Close,E01027834,Scarborough 014F,Criminal damage and arson,Under investigation,
6a950d415784426f87bd32ac1e66a8651e3c86ba597b91c0caa7387949bb9b60,2019-03,North Yorkshire Police,North Yorkshire Police,-0.314694,54.179589,On or near Watson Close,E01027834,Scarborough 014F,Other theft,Investigation complete; no suspect identified,
4ce989dfe18f9a373bafc1db84b098e9b3beeea8b5d8db7df4c4f15f7f8533b2,2019-03,North Yorkshire Police,North Yorkshire Police,-0.314711,54.184830,On or near Outgaits Lane,E01027834,Scarborough 014F,Violence and sexual offences,Under investigation,
,2019-03,North Yorkshire Police,North Yorkshire Police,-0.318173,54.185237,On or near Mitford Close,E01027835,Scarborough 014G,Anti-social behaviour,,
,2019-03,North Yorkshire Police,North Yorkshire Police,-0.327884,54.182721,On or near Simpson Avenue,E01027835,Scarborough 014G,Anti-social behaviour,,
8bfd475a06ebf08804abfd0f15b82729ef513b66e28153fdae624b27bd68c57c,2019-03,North Yorkshire Police,North Yorkshire Police,-0.319619,54.184727,On or near Owston Road,E01027835,Scarborough 014G,Bicycle theft,Investigation complete; no suspect identified,
491527036cf439f22c2adc17073db2dae25381191f78dab8bafb0d316cc2346e,2019-03,North Yorkshire Police,North Yorkshire Police,-0.317809,54.182500,On or near Bowling Green Lane,E01027835,Scarborough 014G,Burglary,Under investigation,
83927cff1161097bbacee5105962f429b14726fa94b009589981b0411eff15a9,2019-03,North Yorkshire Police,North Yorkshire Police,-0.386450,54.199726,On or near Parking Area,E01027835,Scarborough 014G,Other theft,Investigation complete; no suspect identified,
f8e52f04884905bf790827219c43bc098411c539f6656c574c140167cc09765a,2019-03,North Yorkshire Police,North Yorkshire Police,-0.358307,54.199238,On or near Flotmanby Lane,E01027835,Scarborough 014G,Other theft,Investigation complete; no suspect identified,
87e5b53512833a819371920ce4a72a0e4b143a8cc6313cb628f76d5948e4763a,2019-03,North Yorkshire Police,North Yorkshire Police,-0.326594,54.183162,On or near High Croft,E01027835,Scarborough 014G,Vehicle crime,Investigation complete; no suspect identified,
03750ab2bfd7f006c4f6dadcca162217b0b2ea63950f9a0ae75a9381ad0f042c,2019-03,North Yorkshire Police,North Yorkshire Police,-0.404805,54.201597,On or near Limekiln Lane,E01027835,Scarborough 014G,Violence and sexual offences,Offender given a caution,
31c3afc165aa950ae70a7bdfc6fb9a6cfd72850302b773f61c592b547c1441f8,2019-03,North Yorkshire Police,North Yorkshire Police,-0.318598,54.185351,On or near Mitford Road,E01027835,Scarborough 014G,Violence and sexual offences,Under investigation,
24638be3d08122eb2bdb09d8e0eb7417af96d7654d2ed84b3a6a5743e1d06215,2019-03,North Yorkshire Police,North Yorkshire Police,-0.322892,54.181474,On or near Church Hill,E01027835,Scarborough 014G,Violence and sexual offences,Unable to prosecute suspect,
73d1b09501db6e795768b69e91fdbc6868414e70040abb4da535b6ccaaccc78f,2019-03,North Yorkshire Police,North Yorkshire Police,-0.319619,54.184727,On or near Owston Road,E01027835,Scarborough 014G,Violence and sexual offences,Formal action is not in the public interest,
6c44c150f886be6d227d2ef84ff421e94b177b5445cd46e52dcccde4187600a4,2019-03,North Yorkshire Police,North Yorkshire Police,-0.327884,54.182721,On or near Simpson Avenue,E01027835,Scarborough 014G,Violence and sexual offences,Under investigation,
,2019-03,North Yorkshire Police,North Yorkshire Police,-1.260431,53.886370,On or near Supermarket,E01027918,Selby 001A,Anti-social behaviour,,
,2019-03,North Yorkshire Police,North Yorkshire Police,-1.259709,53.886752,On or near Rosemary Court,E01027918,Selby 001A,Anti-social behaviour,,
e1ebdea57fc978b9491dcdb3b395cb88abc40c8e5eb455503279b95d93f84895,2019-03,North Yorkshire Police,North Yorkshire Police,-1.258510,53.884857,On or near Parking Area,E01027918,Selby 001A,Criminal damage and arson,Investigation complete; no suspect identified,
6524cc44a00f9b92b3e68173e8958ea04c5825ca673dcd02084f1288cf460124,2019-03,North Yorkshire Police,North Yorkshire Police,-1.257352,53.886684,On or near Springhill Court,E01027918,Selby 001A,Other theft,Investigation complete; no suspect identified,
29e2a2c04b9710d2b684bdc1cf9b9b5b71553cd0e1d506a1bf55e2dcdf48f68f,2019-03,North Yorkshire Police,North Yorkshire Police,-1.261230,53.888460,On or near Heatherdene,E01027918,Selby 001A,Violence and sexual offences,Under investigation,
6416eb4e3223bacc46b1597ac8648e4d1b21a3520c53c9fb5abc7edc08c808d2,2019-03,North Yorkshire Police,North Yorkshire Police,-1.258208,53.887282,On or near Roman Close,E01027918,Selby 001A,Violence and sexual offences,Unable to prosecute suspect,
da525d9cbfe0c8ef9b46b6ca7caf5dbfcb35b1bdd7d4ab757d048a3952411024,2019-03,North Yorkshire Police,North Yorkshire Police,-1.258702,53.886045,On or near Commercial Street,E01027918,Selby 001A,Violence and sexual offences,Under investigation,
,2019-03,North Yorkshire Police,North Yorkshire Police,-1.260647,53.884448,On or near Bridge Street,E01027919,Selby 001B,Anti-social behaviour,,
,2019-03,North Yorkshire Police,North Yorkshire Police,-1.267886,53.885463,On or near Westfield Square,E01027919,Selby 001B,Anti-social behaviour,,
,2019-03,North Yorkshire Police,North Yorkshire Police,-1.263803,53.884081,On or near Chapel Street,E01027919,Selby 001B,Anti-social behaviour,,
,2019-03,North Yorkshire Police,North Yorkshire Police,-1.262583,53.883381,On or near High Street,E01027919,Selby 001B,Anti-social behaviour,,
573e678456aa1afcb1998e71546f0d68b78fbeef12d640cb28b6a723a49965f8,2019-03,North Yorkshire Police,North Yorkshire Police,-1.262138,53.884421,On or near Kirkgate,E01027919,Selby 001B,Burglary,Investigation complete; no suspect identified,
5d0ae6c7806204344d25320b14e934b807ee3a741c444cb524ae1683e0daf479,2019-03,North Yorkshire Police,North Yorkshire Police,-1.264198,53.884973,On or near Westgate,E01027919,Selby 001B,Violence and sexual offences,Under investigation,
051e6edb793e8768ca9832c40ae9e7d6faebf0332d34bd1ed0a7b99eb9b8d95c,2019-03,North Yorkshire Police,North Yorkshire Police,-1.266712,53.884755,On or near Station Road,E01027919,Selby 001B,Violence and sexual offences,Unable to prosecute suspect,
a0f319a64337aa89aedff3b40be523ae49702c347345f4b7fb27d69b4d0022c7,2019-03,North Yorkshire Police,North Yorkshire Police,-1.267667,53.885803,On or near Westfield Crescent,E01027919,Selby 001B,Violence and sexual offences,Under investigation,
,2019-03,North Yorkshire Police,North Yorkshire Police,-1.274959,53.874981,On or near Windmill Rise,E01027921,Selby 001D,Anti-social behaviour,,
,2019-03,North Yorkshire Police,North Yorkshire Police,-1.274959,53.874981,On or near Windmill Rise,E01027921,Selby 001D,Anti-social behaviour,,
,2019-03,North Yorkshire Police,North Yorkshire Police,-1.270993,53.881761,On or near Fairfield Way,E01027921,Selby 001D,Anti-social behaviour,,
,2019-03,North Yorkshire Police,North Yorkshire Police,-1.274959,53.874981,On or near Windmill Rise,E01027921,Selby 001D,Anti-social behaviour,,
,2019-03,North Yorkshire Police,North Yorkshire Police,-1.274959,53.874981,On or near Windmill Rise,E01027921,Selby 001D,Anti-social behaviour,,
,2019-03,North Yorkshire Police,North Yorkshire Police,-1.274959,53.874981,On or near Windmill Rise,E01027921,Selby 001D,Anti-social behaviour,,
,2019-03,North Yorkshire Police,North Yorkshire Police,-1.274959,53.874981,On or near Windmill Rise,E01027921,Selby 001D,Anti-social behaviour,,
,2019-03,North Yorkshire Police,North Yorkshire Police,-1.274959,53.874981,On or near Windmill Rise,E01027921,Selby 001D,Anti-social behaviour,,
,2019-03,North Yorkshire Police,North Yorkshire Police,-1.274959,53.874981,On or near Windmill Rise,E01027921,Selby 001D,Anti-social behaviour,,
,2019-03,North Yorkshire Police,North Yorkshire Police,-1.274667,53.876031,On or near Windmill Rise,E01027921,Selby 001D,Anti-social behaviour,,
ec79199e304012dbb4b978bb7b60cf9267ea041d8156f4dde378a4a1ba6962e5,2019-03,North Yorkshire Police,North Yorkshire Police,-1.274959,53.874981,On or near Windmill Rise,E01027921,Selby 001D,Public order,Under investigation,
3eb2f77b36abc7eea4d06559fc3bbcfa1a5149c021dec0dda2e45d39f1c748f9,2019-03,North Yorkshire Police,North Yorkshire Police,-1.272575,53.876548,On or near Firtree Crescent,E01027921,Selby 001D,Violence and sexual offences,Under investigation,
,2019-03,North Yorkshire Police,North Yorkshire Police,-1.287241,53.873643,On or near Garnet Lane,E01027922,Selby 001E,Anti-social behaviour,,
f7862f2fa0f72307fd45af416bbde095eabed65cacdd941e7251a475b3b074da,2019-03,North Yorkshire Police,North Yorkshire Police,-1.277345,53.879534,On or near Marlborough Avenue,E01027922,Selby 001E,Burglary,Investigation complete; no suspect identified,
11b96294dfdc29276bae8dbaa4f14ee1b381766bbfe59e08486fe416a7aab68c,2019-03,North Yorkshire Police,North Yorkshire Police,-1.319625,53.856574,On or near Paradise Lane,E01027922,Selby 001E,Burglary,Investigation complete; no suspect identified,
ebc659a80ba344196cf185c9d636d05f57c6c54ad99fb2cc79d509fb50198a5f,2019-03,North Yorkshire Police,North Yorkshire Police,-1.341681,53.854926,On or near A1(M),E01027922,Selby 001E,Drugs,Under investigation,
0d956fa74856c48282be725c5a69fb20cd6d92a8b2db07392066c96b90da4969,2019-03,North Yorkshire Police,North Yorkshire Police,-1.298897,53.856023,On or near Chantry Lane,E01027922,Selby 001E,Drugs,Under investigation,
5b9556f4db905c843edaf86876e19d8524195aa5bef68abc0b687d0a8ea54a67,2019-03,North Yorkshire Police,North Yorkshire Police,-1.297148,53.877845,On or near Rudgate,E01027922,Selby 001E,Other theft,Investigation complete; no suspect identified,
,2019-03,North Yorkshire Police,North Yorkshire Police,-1.158983,53.872661,On or near Lilac Avenue,E01027875,Selby 002A,Anti-social behaviour,,
,2019-03,North Yorkshire Police,North Yorkshire Police,-1.128618,53.866449,On or near Back Lane,E01027875,Selby 002A,Anti-social behaviour,,
9d55c93a24557bd31b14682884e9e5ff8c154499fef609e3eedfaf2e7326afd6,2019-03,North Yorkshire Police,North Yorkshire Police,-1.185883,53.907405,On or near Redhill Field Lane,E01027875,Selby 002A,Burglary,Investigation complete; no suspect identified,
25b7c1feb0f972bc3723e3fe8452c7d47dfbae823a7953509e0e3d41a62e6989,2019-03,North Yorkshire Police,North Yorkshire Police,-1.196274,53.865636,On or near Sports/Recreation Area,E01027875,Selby 002A,Burglary,Under investigation,
c33fbd7d2a56099f67dabd1613f8c71f0833b1f8a719a6a1937f65bde6fea8d8,2019-03,North Yorkshire Police,North Yorkshire Police,-1.185883,53.907405,On or near Redhill Field Lane,E01027875,Selby 002A,Drugs,Offender given a drugs possession warning,
cc88b08f68d2b327457a5817ae793bf962431442219c8ede5af69aed27a76598,2019-03,North Yorkshire Police,North Yorkshire Police,-1.185883,53.907405,On or near Redhill Field Lane,E01027875,Selby 002A,Other theft,Under investigation,
,2019-03,North Yorkshire Police,North Yorkshire Police,-1.124679,53.810343,On or near Windgate Hill Lane,E01027886,Selby 002B,Anti-social behaviour,,
,2019-03,North Yorkshire Police,North Yorkshire Police,-1.113111,53.812271,On or near Long Lane,E01027886,Selby 002B,Anti-social behaviour,,
ca9a1ef67ad2093ef440b8fe0104629893a2456f297009db51e3f518d9691c25,2019-03,North Yorkshire Police,North Yorkshire Police,-1.100238,53.810594,On or near Selby Road,E01027886,Selby 002B,Burglary,Under investigation,
4d3dbd763c17743b82fd73c15c9190a418458ef619fd47a209d7b7f9e7b4d02a,2019-03,North Yorkshire Police,North Yorkshire Police,-1.135519,53.829692,On or near Wolsey Avenue,E01027886,Selby 002B,Violence and sexual offences,Under investigation,
b76d32414e19f0ae28c42d0f305b00a3d37ba30326d70aef303c1bce84d73fcd,2019-03,North Yorkshire Police,North Yorkshire Police,-1.135519,53.829692,On or near Wolsey Avenue,E01027886,Selby 002B,Violence and sexual offences,Under investigation,
287009455cdbd581b6780b5b9efde45b225d8aded5e0d1cc4e519bc4e9132e45,2019-03,North Yorkshire Police,North Yorkshire Police,-1.129171,53.833224,On or near High Street,E01027886,Selby 002B,Violence and sexual offences,Under investigation,
b2b23454b5268a45cdcaaefd197050d8fd5a1434a2c118cdbe4e710c4710d4c2,2019-03,North Yorkshire Police,North Yorkshire Police,-1.129171,53.833224,On or near High Street,E01027886,Selby 002B,Violence and sexual offences,Under investigation,
ad904cb1c7254034b7824461b9222df225f34103041ceda61c7645faa3fc7b84,2019-03,North Yorkshire Police,North Yorkshire Police,-1.101006,53.810896,On or near Kirkham Mews,E01027886,Selby 002B,Violence and sexual offences,Under investigation,
,2019-03,North Yorkshire Police,North Yorkshire Police,-1.102921,53.814398,On or near Church Walk,E01027887,Selby 002C,Anti-social behaviour,,
45de4c24600e3b7028ff9f2f9bc2634b33d3890dc8025d2550a63a30326e43e3,2019-03,North Yorkshire Police,North Yorkshire Police,-1.127644,53.832107,On or near Thorpe Lane,E01027887,Selby 002C,Criminal damage and arson,Investigation complete; no suspect identified,
9525e75d35b9af9ce764f6e6a4fca2e42d0c1b8ab775b16b7363f0f9b89e5e7d,2019-03,North Yorkshire Police,North Yorkshire Police,-1.104650,53.815202,On or near Cawood Road,E01027887,Selby 002C,Violence and sexual offences,Under investigation,
c1cd131483642d89e2c1ac8ddb3a57bc229ac02fd4defe089ca4ea8cd133d839,2019-03,North Yorkshire Police,North Yorkshire Police,-1.105491,53.816385,On or near Greenways Drive,E01027887,Selby 002C,Violence and sexual offences,Under investigation,
,2019-03,North Yorkshire Police,North Yorkshire Police,-1.210194,53.827358,On or near Sports/Recreation Area,E01027888,Selby 002D,Anti-social behaviour,,
,2019-03,North Yorkshire Police,North Yorkshire Police,-1.218075,53.826789,On or near Chapel Close,E01027888,Selby 002D,Anti-social behaviour,,
,2019-03,North Yorkshire Police,North Yorkshire Police,-1.226922,53.826487,On or near Parking Area,E01027888,Selby 002D,Anti-social behaviour,,
,2019-03,North Yorkshire Police,North Yorkshire Police,-1.228428,53.828905,On or near Sandwath Drive,E01027888,Selby 002D,Anti-social behaviour,,
,2019-03,North Yorkshire Police,North Yorkshire Police,-1.215856,53.826820,On or near Main Street,E01027888,Selby 002D,Anti-social behaviour,,
,2019-03,North Yorkshire Police,North Yorkshire Police,-1.230323,53.828306,On or near Sandwath Lane,E01027888,Selby 002D,Anti-social behaviour,,
b3f0beac3725322c97db6d0108058f14fddaa8712f8d2171b868cb6437e6417e,2019-03,North Yorkshire Police,North Yorkshire Police,-1.226922,53.826487,On or near Parking Area,E01027888,Selby 002D,Criminal damage and arson,Under investigation,
250bf739dae78b5e525ae1a429ef9c81a6a12379eb856cfe5d086c1cb9a251f1,2019-03,North Yorkshire Police,North Yorkshire Police,-1.230323,53.828306,On or near Sandwath Lane,E01027888,Selby 002D,Criminal damage and arson,Under investigation,
53c72e71ef5e1fca325e5738800a8d205f1d4ad62f0547773a4df9fefe2a334e,2019-03,North Yorkshire Police,North Yorkshire Police,-1.230323,53.828306,On or near Sandwath Lane,E01027888,Selby 002D,Criminal damage and arson,Investigation complete; no suspect identified,
326a74e829bddc280518be5b0e4bd7fc6d878c5609c7dbb4b2f6d7bcd290312b,2019-03,North Yorkshire Police,North Yorkshire Police,-1.173548,53.812739,On or near Oxmoor Lane,E01027888,Selby 002D,Criminal damage and arson,Under investigation,
58bb554bfbd65eb24f548855784d249d6055c909a494ae396d096658cb6e9c0a,2019-03,North Yorkshire Police,North Yorkshire Police,-1.212840,53.825622,On or near Lockton Court,E01027888,Selby 002D,Vehicle crime,Investigation complete; no suspect identified,
992db8b016117fe97ac8eb4871812e953ae4a90f5690840bdc457e28aa0b576a,2019-03,North Yorkshire Police,North Yorkshire Police,-1.226922,53.826487,On or near Parking Area,E01027888,Selby 002D,Violence and sexual offences,Under investigation,
ca8cf85465afe7ffa56ee729d45e516ec3741b50833e15acda9402cd1b4c69be,2019-03,North Yorkshire Police,North Yorkshire Police,-1.226922,53.826487,On or near Parking Area,E01027888,Selby 002D,Violence and sexual offences,Under investigation,
f55b64a2b5486e72db220db9ae3dfe44f6213f05590c278c8c56244b4d3985e4,2019-03,North Yorkshire Police,North Yorkshire Police,-1.187520,53.850459,On or near Boggart Lane,E01027888,Selby 002D,Violence and sexual offences,Under investigation,
5705a4fd2d49b50b2e89d622c79e7e4e7e9c13d239df2b0ebac40507e7ca82af,2019-03,North Yorkshire Police,North Yorkshire Police,-1.218075,53.826789,On or near Chapel Close,E01027888,Selby 002D,Violence and sexual offences,Under investigation,
,2019-03,North Yorkshire Police,North Yorkshire Police,-1.212958,53.852570,On or near Ryedale Close,E01027904,Selby 002E,Anti-social behaviour,,
72d5074edafbc26d0a37b476f326e88b375e996d1419d85852279995a229c64a,2019-03,North Yorkshire Police,North Yorkshire Police,-1.214441,53.854548,On or near West Garth,E01027904,Selby 002E,Drugs,Under investigation,
,2019-03,North Yorkshire Police,North Yorkshire Police,-1.042299,53.797283,On or near Acorn Close,E01027876,Selby 003A,Anti-social behaviour,,
,2019-03,North Yorkshire Police,North Yorkshire Police,-1.040013,53.795691,On or near Ings Rood Lane,E01027876,Selby 003A,Anti-social behaviour,,
,2019-03,North Yorkshire Police,North Yorkshire Police,-1.040006,53.798640,On or near Old School Lane,E01027876,Selby 003A,Anti-social behaviour,,
,2019-03,North Yorkshire Police,North Yorkshire Police,-1.036722,53.800815,On or near Springfield Close,E01027876,Selby 003A,Anti-social behaviour,,
,2019-03,North Yorkshire Police,North Yorkshire Police,-1.036722,53.800815,On or near Springfield Close,E01027876,Selby 003A,Anti-social behaviour,,
,2019-03,North Yorkshire Police,North Yorkshire Police,-1.037894,53.798056,On or near Highfield Crescent,E01027876,Selby 003A,Anti-social behaviour,,
,2019-03,North Yorkshire Police,North Yorkshire Police,-1.041287,53.797715,On or near Howden Road,E01027876,Selby 003A,Anti-social behaviour,,
08d8047f8b7479acdc31dfcdd0dcdf59f0a626e149599c87576d1e2273b494d8,2019-03,North Yorkshire Police,North Yorkshire Police,-1.042299,53.797283,On or near Acorn Close,E01027876,Selby 003A,Criminal damage and arson,Under investigation,
661cfe0b2bbc60f9d3659ea883425f4d8173c14b40452f64da68d683a262eeff,2019-03,North Yorkshire Police,North Yorkshire Police,-1.042299,53.797283,On or near Acorn Close,E01027876,Selby 003A,Criminal damage and arson,Under investigation,
18775f3212b12e68a5a3dae5fab72703a6f67bb21bdf39d4f43ed344508a94c5,2019-03,North Yorkshire Police,North Yorkshire Police,-1.042299,53.797283,On or near Acorn Close,E01027876,Selby 003A,Criminal damage and arson,Under investigation,
32758b53c9b199a74877b5dd0f4dd72e7e30594816f63f239253ef92d127ca3e,2019-03,North Yorkshire Police,North Yorkshire Police,-1.037785,53.802819,On or near Bramley Avenue,E01027876,Selby 003A,Other theft,Under investigation,
db284532630dab0975efb54e0fe8af981594bebe245a1f4a5f740445f71adc68,2019-03,North Yorkshire Police,North Yorkshire Police,-1.037894,53.798056,On or near Highfield Crescent,E01027876,Selby 003A,Violence and sexual offences,Under investigation,
e6b97e4fbe985f2e3af81119bd5d273d20cebdbb07f04e7672837325845d0e1e,2019-03,North Yorkshire Police,North Yorkshire Police,-1.037894,53.798056,On or near Highfield Crescent,E01027876,Selby 003A,Violence and sexual offences,Under investigation,
cbd59056619c4225c864b719fe5261fe98a892e24b1189b9bc16b47e89571cbc,2019-03,North Yorkshire Police,North Yorkshire Police,-1.042299,53.797283,On or near Acorn Close,E01027876,Selby 003A,Violence and sexual offences,Under investigation,
35bbc4e62cac5d91832d9bce5b9b6003fcbfedd533f2a901feb535924cff6197,2019-03,North Yorkshire Police,North Yorkshire Police,-1.043776,53.799101,On or near Hall Park,E01027876,Selby 003A,Violence and sexual offences,Unable to prosecute suspect,
,2019-03,North Yorkshire Police,North Yorkshire Police,-1.038675,53.807707,On or near Turnhead Court,E01027877,Selby 003B,Anti-social behaviour,,
,2019-03,North Yorkshire Police,North Yorkshire Police,-1.038476,53.806447,On or near Turnhead Crescent,E01027877,Selby 003B,Anti-social behaviour,,
,2019-03,North Yorkshire Police,North Yorkshire Police,-1.042369,53.800231,On or near The Laurels,E01027877,Selby 003B,Anti-social behaviour,,
2dcee351e7b0ce80b4653ab038c38738c4e19a4375c98f83335b1bcd62383702,2019-03,North Yorkshire Police,North Yorkshire Police,-1.042369,53.800231,On or near The Laurels,E01027877,Selby 003B,Criminal damage and arson,Under investigation,
aea5d423e05608f3502f2173b6769097a944e0c935e8816a24767f7ab622e41f,2019-03,North Yorkshire Police,North Yorkshire Police,-1.038827,53.803718,On or near York Road,E01027877,Selby 003B,Criminal damage and arson,Unable to prosecute suspect,
88a4058274eec17ed9bea511f8dc9d79bdb58111dba7381344c09fa4950cde28,2019-03,North Yorkshire Police,North Yorkshire Police,-1.040465,53.806481,On or near Northfield,E01027877,Selby 003B,Violence and sexual offences,Under investigation,
8b5fd691363ff93996f22bd08ea32517f2b70d8a472a91f39b941f61cad4e6cc,2019-03,North Yorkshire Police,North Yorkshire Police,-1.038476,53.806447,On or near Turnhead Crescent,E01027877,Selby 003B,Violence and sexual offences,Under investigation,
ecb7645c39ef75b43632fd5bba298793f888d9fea6cb777d555e4f11461f4972,2019-03,North Yorkshire Police,North Yorkshire Police,-1.038257,53.805403,On or near The Charters,E01027877,Selby 003B,Violence and sexual offences,Under investigation,
239096d8c543cae4a4eddaf50d505cdbf1ed4381320075cd010ae4196e2750c1,2019-03,North Yorkshire Police,North Yorkshire Police,-1.040465,53.806481,On or near Northfield,E01027877,Selby 003B,Violence and sexual offences,Under investigation,
,2019-03,North Yorkshire Police,North Yorkshire Police,-0.948075,53.870818,On or near Ings Lane,E01027900,Selby 003C,Anti-social behaviour,,
492297cfae9cd9fdf8a53419a94862094412a4224f11332392dd310ae9ed3678,2019-03,North Yorkshire Police,North Yorkshire Police,-0.958191,53.824787,On or near Back Lane,E01027900,Selby 003C,Burglary,Under investigation,
3df95e6d8afd4323f07509fb65e89812074090a8786976b99541b843ac47b8fd,2019-03,North Yorkshire Police,North Yorkshire Police,-0.968618,53.823952,On or near Maple Drive,E01027900,Selby 003C,Burglary,Under investigation,
bb4a8e7c459d87b4d9430c00a1bd173e6405f451e1007976e508539140565146,2019-03,North Yorkshire Police,North Yorkshire Police,-0.995691,53.851883,On or near Narrow Lane,E01027900,Selby 003C,Other theft,Under investigation,
,2019-03,North Yorkshire Police,North Yorkshire Police,-1.055024,53.833651,On or near Danes Court,E01027901,Selby 003D,Anti-social behaviour,,
,2019-03,North Yorkshire Police,North Yorkshire Police,-1.055663,53.832263,On or near Station Road,E01027901,Selby 003D,Anti-social behaviour,,
323ef1f9406eed09775c35df5b43e70de2d88556117a1e711635621c7ce9b4d0,2019-03,North Yorkshire Police,North Yorkshire Police,-1.054243,53.832576,On or near King Rudding Close,E01027901,Selby 003D,Drugs,Offender fined,
365e4570d7b00e82eeb5b7af569e2620cc52d77536094212c0579dc936094073,2019-03,North Yorkshire Police,North Yorkshire Police,-1.060204,53.832389,On or near Church Close,E01027901,Selby 003D,Violence and sexual offences,Local resolution,
2eac173a5ac91b849a3a0af545aaf8d5f2dc4d61b14a78f626266cfa79cde12b,2019-03,North Yorkshire Police,North Yorkshire Police,-1.055024,53.833651,On or near Danes Court,E01027901,Selby 003D,Violence and sexual offences,Unable to prosecute suspect,
b0b3f460800294b0d6e1748bd7384884125e5c0b39e1807732a5185c31bb776c,2019-03,North Yorkshire Police,North Yorkshire Police,-1.055774,53.836102,On or near Lucerne Close,E01027901,Selby 003D,Violence and sexual offences,Under investigation,
9fc5ec3e85b8327e46faf570bf509b946a939c903991c9cea70bb9553302a833,2019-03,North Yorkshire Police,North Yorkshire Police,-1.086385,53.837930,On or near Riccall Lane,E01027902,Selby 003E,Violence and sexual offences,Under investigation,
bce9359bede4654c0d365d29014d4035c5049a132a7324706fa0e3fd00207cb2,2019-03,North Yorkshire Police,North Yorkshire Police,-1.253702,53.778021,On or near High Street,E01027898,Selby 004A,Burglary,Investigation complete; no suspect identified,
9027dc545d772fe24ce5f6f352df28b9a1498133741d44ed947b782a79cb39cf,2019-03,North Yorkshire Police,North Yorkshire Police,-1.253702,53.778021,On or near High Street,E01027898,Selby 004A,Burglary,Unable to prosecute suspect,
022eae95372e816607240d6ecb70e88893d722616a138c542288f52e29e861d1,2019-03,North Yorkshire Police,North Yorkshire Police,-1.249618,53.774688,On or near The Meadows,E01027898,Selby 004A,Other theft,Under investigation,
ecce83d8163e06ad6eed728107b9d7476a0ce5f5bd7349946b017c975532d1dd,2019-03,North Yorkshire Police,North Yorkshire Police,-1.249618,53.774688,On or near The Meadows,E01027898,Selby 004A,Public order,Under investigation,
8b98c4602a056d92575f36a82bcbdc2234ad13529580856d215ca0b96a070635,2019-03,North Yorkshire Police,North Yorkshire Police,-1.246534,53.776592,On or near Harvester Way,E01027898,Selby 004A,Violence and sexual offences,Under investigation,
19c038fe4c9288f2ed899c211e0a2ff1107a245084b51e33399f9574d7365493,2019-03,North Yorkshire Police,North Yorkshire Police,-1.246534,53.776592,On or near Harvester Way,E01027898,Selby 004A,Violence and sexual offences,Under investigation,
085caad6debb9e9ffb7f415db0ac66bdbb8e88a2c87edbbf65cfdd151003e268,2019-03,North Yorkshire Police,North Yorkshire Police,-1.246534,53.776592,On or near Harvester Way,E01027898,Selby 004A,Violence and sexual offences,Unable to prosecute suspect,
a35a4f9a299060cd5373b572b7e8f08e58278e08eabd1d20d2629d18f400caf7,2019-03,North Yorkshire Police,North Yorkshire Police,-1.247495,53.779717,On or near Milford Road,E01027898,Selby 004A,Other crime,Under investigation,
7583efbb10015594adcb83ef41ded32e1db52fb467e1761919576c37b36e9693,2019-03,North Yorkshire Police,North Yorkshire Police,-1.246737,53.778841,On or near Mulberry Court,E01027898,Selby 004A,Other crime,Under investigation,
,2019-03,North Yorkshire Police,North Yorkshire Police,-1.256803,53.792296,On or near Park Avenue,E01027914,Selby 004B,Anti-social behaviour,,
,2019-03,North Yorkshire Police,North Yorkshire Police,-1.253230,53.802044,On or near Ellarfield Lane,E01027914,Selby 004B,Anti-social behaviour,,
,2019-03,North Yorkshire Police,North Yorkshire Police,-1.258603,53.794401,On or near Garden Close,E01027914,Selby 004B,Anti-social behaviour,,
,2019-03,North Yorkshire Police,North Yorkshire Police,-1.256803,53.792296,On or near Park Avenue,E01027914,Selby 004B,Anti-social behaviour,,
,2019-03,North Yorkshire Police,North Yorkshire Police,-1.251980,53.792931,On or near Low Garth Road,E01027914,Selby 004B,Anti-social behaviour,,
,2019-03,North Yorkshire Police,North Yorkshire Police,-1.254024,53.794076,On or near Carr Avenue,E01027914,Selby 004B,Anti-social behaviour,,
e516a2033f33a1c556df33a475eec2b412359f9354dbcde5cb5eda0813ac622c,2019-03,North Yorkshire Police,North Yorkshire Police,-1.297822,53.814888,On or near Copley Lane,E01027914,Selby 004B,Criminal damage and arson,Investigation complete; no suspect identified,
aaef77d1f4588f304012b680745d0a031938521169eb6032e632de1dabbf4c6b,2019-03,North Yorkshire Police,North Yorkshire Police,-1.250873,53.791171,On or near High Trees Court,E01027914,Selby 004B,Criminal damage and arson,Under investigation,
b8945c461452dbab87592860a89c533faf710805043206558c5a2f41329436c2,2019-03,North Yorkshire Police,North Yorkshire Police,-1.250935,53.793653,On or near Low Street,E01027914,Selby 004B,Shoplifting,Under investigation,
c0af9ae79f869bb552bb2f5cea0beaaccaf7a3ee00023697848549058efdbf9f,2019-03,North Yorkshire Police,North Yorkshire Police,-1.256803,53.792296,On or near Park Avenue,E01027914,Selby 004B,Other crime,Under investigation,
,2019-03,North Yorkshire Police,North Yorkshire Police,-1.254373,53.787238,On or near Highfield Green,E01027915,Selby 004C,Anti-social behaviour,,
74b2a6f9d1438ac452c1f77ab80dd4dcf835001ad42d8d9fd9be495338af2f91,2019-03,North Yorkshire Police,North Yorkshire Police,-1.251596,53.789783,On or near Beechwood Close,E01027915,Selby 004C,Criminal damage and arson,Investigation complete; no suspect identified,
f2c86c04d2966aad2c9976b3ec942a40efa8f466192a917e27902b75bf356c98,2019-03,North Yorkshire Police,North Yorkshire Police,-1.252370,53.790615,On or near Beechwood Croft,E01027915,Selby 004C,Other theft,Investigation complete; no suspect identified,
479829cd965aa93f972257abbc4f21368b5bf58d433828b1abc230b4e3f15fed,2019-03,North Yorkshire Police,North Yorkshire Police,-1.252370,53.790615,On or near Beechwood Croft,E01027915,Selby 004C,Violence and sexual offences,Under investigation,
6eca1e9383dd673f17f0dd92be2173a4270ab532ca6d5e6d6f69dcc0fa2307ec,2019-03,North Yorkshire Police,North Yorkshire Police,-1.252370,53.790615,On or near Beechwood Croft,E01027915,Selby 004C,Violence and sexual offences,Under investigation,
18c25205cb3496d5c04f35e874bf7817e1d91e7cd59922e2ce8c6bd3615127d2,2019-03,North Yorkshire Police,North Yorkshire Police,-1.251596,53.789783,On or near Beechwood Close,E01027915,Selby 004C,Violence and sexual offences,Under investigation,
df8aa39ebfe0659116a0344af57fe257d311ecada9647bc113e69612734bba62,2019-03,North Yorkshire Police,North Yorkshire Police,-1.248642,53.798771,On or near Duffield Crescent,E01027916,Selby 004D,Criminal damage and arson,Investigation complete; no suspect identified,
7f171b49e7f9009122b2c491b7daf62b7a2087214042624ad3c7422a9a417d11,2019-03,North Yorkshire Police,North Yorkshire Police,-1.253719,53.798407,On or near Beech Grove,E01027916,Selby 004D,Vehicle crime,Investigation complete; no suspect identified,
de140d70ebd3995b91c3044c414f2f4eb9d0650a2b1ee25fae2c3061ec76fce5,2019-03,North Yorkshire Police,North Yorkshire Police,-1.246633,53.799019,On or near East Bank,E01027916,Selby 004D,Violence and sexual offences,Unable to prosecute suspect,
,2019-03,North Yorkshire Police,North Yorkshire Police,-1.245857,53.794079,On or near Fairfield Close,E01027917,Selby 004E,Anti-social behaviour,,
,2019-03,North Yorkshire Police,North Yorkshire Police,-1.227128,53.792189,On or near Swordfish Way,E01027917,Selby 004E,Anti-social behaviour,,
b5c307cc26a0a4214bb7ca685e32886cfe587d80fc1b2fe05926f15ef8436e0c,2019-03,North Yorkshire Police,North Yorkshire Police,-1.232694,53.796647,On or near Parking Area,E01027917,Selby 004E,Drugs,Under investigation,
21490f0700e00584ce26646ef0c47bc9be0cbf353088ba573c59e6831e961436,2019-03,North Yorkshire Police,North Yorkshire Police,-1.227128,53.792189,On or near Swordfish Way,E01027917,Selby 004E,Other theft,Under investigation,
7a0036eff3f1d2dd65bfa4ae14f0773c34b6b8b9597ded76089fdfdd07618693,2019-03,North Yorkshire Police,North Yorkshire Police,-1.247555,53.793326,On or near Prospect Avenue,E01027917,Selby 004E,Public order,Under investigation,
6b405eaaf018d5551e690f10935638c2d19caa416dd2d6d3b5f3950b03a96590,2019-03,North Yorkshire Police,North Yorkshire Police,-1.231282,53.789160,On or near Shopping Area,E01027917,Selby 004E,Violence and sexual offences,Unable to prosecute suspect,
a577dc5459d40a27717e74d623cdf93e1ff3ea188106d2b4284668f8dafd52c7,2019-03,North Yorkshire Police,North Yorkshire Police,-1.231282,53.789160,On or near Shopping Area,E01027917,Selby 004E,Other crime,Action to be taken by another organisation,
3198425ebbb14454c94d2ffb1ed8c1a8e82b96c7d995538bb060ed113390789b,2019-03,North Yorkshire Police,North Yorkshire Police,-1.231282,53.789160,On or near Shopping Area,E01027917,Selby 004E,Other crime,Action to be taken by another organisation,
,2019-03,North Yorkshire Police,North Yorkshire Police,-1.044785,53.792098,On or near Riverside Close,E01027878,Selby 005A,Anti-social behaviour,,
,2019-03,North Yorkshire Police,North Yorkshire Police,-1.044785,53.792098,On or near Riverside Close,E01027878,Selby 005A,Anti-social behaviour,,
,2019-03,North Yorkshire Police,North Yorkshire Police,-1.044785,53.792098,On or near Riverside Close,E01027878,Selby 005A,Anti-social behaviour,,
f4b7897198304e1d7ca7d2f596f7854b09c4cfc861feed582ce05093ed92b98d,2019-03,North Yorkshire Police,North Yorkshire Police,-1.056782,53.784454,On or near Sports/Recreation Area,E01027878,Selby 005A,Other theft,Investigation complete; no suspect identified,
36deb874cfef876d8c0cb50a6a8363b140aabf75631bd13682b5dd61b8ee968c,2019-03,North Yorkshire Police,North Yorkshire Police,-1.045691,53.790335,On or near Barlby Crescent,E01027878,Selby 005A,Other theft,Investigation complete; no suspect identified,
0da1599d586a51e255332b62c98c69b245fda4180803b0bab7038f9893d4d6cb,2019-03,North Yorkshire Police,North Yorkshire Police,-1.061109,53.786448,On or near John Street,E01027878,Selby 005A,Public order,Under investigation,
6cbd9339481f1cc44c9e4f4e490d600771dcdf637eee357aaf570c3fac2d8bb8,2019-03,North Yorkshire Police,North Yorkshire Police,-1.064143,53.785815,On or near Bridge Court,E01027878,Selby 005A,Vehicle crime,Under investigation,
1a50cae929c25c4892b3e2cc40e9934afd4c8d77dc620dd6f11ebfeceba93c80,2019-03,North Yorkshire Police,North Yorkshire Police,-1.059572,53.787290,On or near Olympia Crescent,E01027878,Selby 005A,Violence and sexual offences,Under investigation,
70d3aeece84f51ce9a00227a7f2b166704fc874745ffe5e93485d13bcac1ecc3,2019-03,North Yorkshire Police,North Yorkshire Police,-1.064143,53.785815,On or near Bridge Court,E01027878,Selby 005A,Violence and sexual offences,Under investigation,
9322c0d103ad59eb1c5fc975606875754076cdc2d5836b4ba6bc6c1656499a56,2019-03,North Yorkshire Police,North Yorkshire Police,-1.059572,53.787290,On or near Olympia Crescent,E01027878,Selby 005A,Violence and sexual offences,Under investigation,
437eb83b05f3ddc4f7012eceab101089fe6549abf2b51d977ba58cf63bff8f1a,2019-03,North Yorkshire Police,North Yorkshire Police,-1.061109,53.786448,On or near John Street,E01027878,Selby 005A,Violence and sexual offences,Investigation complete; no suspect identified,
6e1d6fd2746726e42981e55cdcac16374cc4fe482e5f66f5744b161d77dc94e6,2019-03,North Yorkshire Police,North Yorkshire Police,-1.044785,53.792098,On or near Riverside Close,E01027878,Selby 005A,Violence and sexual offences,Under investigation,
de1202095a73a0d45b8345c9f5a66ee8f63f39e842f71b364042baa9288c6607,2019-03,North Yorkshire Police,North Yorkshire Police,-1.044785,53.792098,On or near Riverside Close,E01027878,Selby 005A,Violence and sexual offences,Under investigation,
,2019-03,North Yorkshire Police,North Yorkshire Police,-1.069641,53.787062,On or near Millgate,E01027905,Selby 005B,Anti-social behaviour,,
,2019-03,North Yorkshire Police,North Yorkshire Police,-1.074884,53.788155,On or near Low Meadow,E01027905,Selby 005B,Anti-social behaviour,,
,2019-03,North Yorkshire Police,North Yorkshire Police,-1.069641,53.787062,On or near Millgate,E01027905,Selby 005B,Anti-social behaviour,,
a00c2d7f63017d651ba50845689f9c2576972b0e83ff53973c4b82c019c94aa9,2019-03,North Yorkshire Police,North Yorkshire Police,-1.074724,53.789178,On or near Yew Tree Close,E01027905,Selby 005B,Criminal damage and arson,Investigation complete; no suspect identified,
e6883d04af8a0b6103519d27865c51dd94557a3de9dfb6d7e4f2c8585f67d26f,2019-03,North Yorkshire Police,North Yorkshire Police,-1.074724,53.789178,On or near Yew Tree Close,E01027905,Selby 005B,Criminal damage and arson,Investigation complete; no suspect identified,
9006292a60c5f733d022ec17cc6816c69c888be945ac94ce9bd9348abdc4e114,2019-03,North Yorkshire Police,North Yorkshire Police,-1.074724,53.789178,On or near Yew Tree Close,E01027905,Selby 005B,Criminal damage and arson,Under investigation,
9cb2cd6e4efee98458cb446265d7a4eaadd6dc53e02c05775205ec45c7804c0a,2019-03,North Yorkshire Police,North Yorkshire Police,-1.074884,53.788155,On or near Low Meadow,E01027905,Selby 005B,Criminal damage and arson,Under investigation,
97bd7296cb23e4766a503a6c75ecdd52f5e51106589b0ccd951759777ffb3a09,2019-03,North Yorkshire Police,North Yorkshire Police,-1.070542,53.786782,On or near Millgate Mews,E01027905,Selby 005B,Criminal damage and arson,Investigation complete; no suspect identified,
9a2708605819e3ddf43cf9cb27bc942b1d95db2da3af0af7ff217e77ff988b2c,2019-03,North Yorkshire Police,North Yorkshire Police,-1.074884,53.788155,On or near Low Meadow,E01027905,Selby 005B,Vehicle crime,Investigation complete; no suspect identified,
eb7f756b73ce53fb2d79adc1e98032fe986a1022905c434293e31fc91d8a355b,2019-03,North Yorkshire Police,North Yorkshire Police,-1.072491,53.786500,On or near Dam Bank,E01027905,Selby 005B,Violence and sexual offences,Under investigation,
,2019-03,North Yorkshire Police,North Yorkshire Police,-1.082942,53.786814,On or near Hutchinson Street,E01027907,Selby 005C,Anti-social behaviour,,
,2019-03,North Yorkshire Police,North Yorkshire Police,-1.081413,53.790128,On or near Cockret Road,E01027907,Selby 005C,Anti-social behaviour,,
,2019-03,North Yorkshire Police,North Yorkshire Police,-1.082728,53.789671,On or near Kent Road,E01027907,Selby 005C,Anti-social behaviour,,
6e71b45a997f5002b3bf9cd0c709b176e5062e986b9955b9dcad1f0a36448b40,2019-03,North Yorkshire Police,North Yorkshire Police,-1.075558,53.788537,On or near Elizabeth Court,E01027907,Selby 005C,Criminal damage and arson,Investigation complete; no suspect identified,
e7b83e9555baa4195900bf9b43459d167965cfb8c94c4870f523c73c1bc2ba11,2019-03,North Yorkshire Police,North Yorkshire Police,-1.081985,53.786151,On or near Tennant Street,E01027907,Selby 005C,Criminal damage and arson,Under investigation,
5cedca8bd30899d17fb82c360fa867d5bac7eec7b9be6fa52f9ba0bdb09617ac,2019-03,North Yorkshire Police,North Yorkshire Police,-1.082942,53.786814,On or near Hutchinson Street,E01027907,Selby 005C,Public order,Local resolution,
33cc4a4847f6f3cfe54c46b249c6b80e3ed2a8fcdc605ad2627f333453d19ec4,2019-03,North Yorkshire Police,North Yorkshire Police,-1.082942,53.786814,On or near Hutchinson Street,E01027907,Selby 005C,Violence and sexual offences,Under investigation,
0ee789d2937349b6b2fcc2a74b2ae5f949bd0a9fa27ab1cabdf2568c082ab142,2019-03,North Yorkshire Police,North Yorkshire Police,-1.082942,53.786814,On or near Hutchinson Street,E01027907,Selby 005C,Violence and sexual offences,Under investigation,
0686aaeb590c3d7007ef0161332024d87eef700014e4c4e5a67d37fa1912e5bf,2019-03,North Yorkshire Police,North Yorkshire Police,-1.078362,53.788721,On or near Normandy Close,E01027907,Selby 005C,Violence and sexual offences,Under investigation,
363ada97051cd2e4f92012f375f9e32dfdb69206416bff3847daa9d128510a3b,2019-03,North Yorkshire Police,North Yorkshire Police,-1.082728,53.789671,On or near Kent Road,E01027907,Selby 005C,Violence and sexual offences,Under investigation,
aa8de9d0f17437a24aee7c3102536abd74c1ad28df7d5b2a41b8ef868484c1cb,2019-03,North Yorkshire Police,North Yorkshire Police,-1.078012,53.788790,On or near Charles Street,E01027907,Selby 005C,Violence and sexual offences,Under investigation,
21693e4b5ee32cd53e1a8db36f6ace22ab091d2f3d150b5bf42c5e4d59528319,2019-03,North Yorkshire Police,North Yorkshire Police,-1.080860,53.786960,On or near Mirkhill Road,E01027907,Selby 005C,Violence and sexual offences,Unable to prosecute suspect,
,2019-03,North Yorkshire Police,North Yorkshire Police,-1.071565,53.783770,On or near Gowthorpe,E01027908,Selby 005D,Anti-social behaviour,,
,2019-03,North Yorkshire Police,North Yorkshire Police,-1.075475,53.782649,On or near Gowthorpe,E01027908,Selby 005D,Anti-social behaviour,,
,2019-03,North Yorkshire Police,North Yorkshire Police,-1.074430,53.784628,On or near Scott Road,E01027908,Selby 005D,Anti-social behaviour,,
,2019-03,North Yorkshire Police,North Yorkshire Police,-1.070855,53.783611,On or near Audus Street,E01027908,Selby 005D,Anti-social behaviour,,
,2019-03,North Yorkshire Police,North Yorkshire Police,-1.076518,53.785624,On or near Buttermere Court,E01027908,Selby 005D,Anti-social behaviour,,
,2019-03,North Yorkshire Police,North Yorkshire Police,-1.070855,53.783611,On or near Audus Street,E01027908,Selby 005D,Anti-social behaviour,,
,2019-03,North Yorkshire Police,North Yorkshire Police,-1.070855,53.783611,On or near Audus Street,E01027908,Selby 005D,Anti-social behaviour,,
,2019-03,North Yorkshire Police,North Yorkshire Police,-1.070855,53.783611,On or near Audus Street,E01027908,Selby 005D,Anti-social behaviour,,
,2019-03,North Yorkshire Police,North Yorkshire Police,-1.071337,53.783121,On or near Parking Area,E01027908,Selby 005D,Anti-social behaviour,,
,2019-03,North Yorkshire Police,North Yorkshire Police,-1.070855,53.783611,On or near Audus Street,E01027908,Selby 005D,Anti-social behaviour,,
,2019-03,North Yorkshire Police,North Yorkshire Police,-1.074430,53.784628,On or near Scott Road,E01027908,Selby 005D,Anti-social behaviour,,
,2019-03,North Yorkshire Police,North Yorkshire Police,-1.070855,53.783611,On or near Audus Street,E01027908,Selby 005D,Anti-social behaviour,,
,2019-03,North Yorkshire Police,North Yorkshire Police,-1.074430,53.784628,On or near Scott Road,E01027908,Selby 005D,Anti-social behaviour,,
,2019-03,North Yorkshire Police,North Yorkshire Police,-1.070855,53.783611,On or near Audus Street,E01027908,Selby 005D,Anti-social behaviour,,
,2019-03,North Yorkshire Police,North Yorkshire Police,-1.075475,53.782649,On or near Gowthorpe,E01027908,Selby 005D,Anti-social behaviour,,
,2019-03,North Yorkshire Police,North Yorkshire Police,-1.070855,53.783611,On or near Audus Street,E01027908,Selby 005D,Anti-social behaviour,,
,2019-03,North Yorkshire Police,North Yorkshire Police,-1.075542,53.785122,On or near Richard Street,E01027908,Selby 005D,Anti-social behaviour,,
,2019-03,North Yorkshire Police,North Yorkshire Police,-1.074430,53.784628,On or near Scott Road,E01027908,Selby 005D,Anti-social behaviour,,
,2019-03,North Yorkshire Police,North Yorkshire Police,-1.074430,53.784628,On or near Scott Road,E01027908,Selby 005D,Anti-social behaviour,,
,2019-03,North Yorkshire Police,North Yorkshire Police,-1.078307,53.786374,On or near Powell Street,E01027908,Selby 005D,Anti-social behaviour,,
,2019-03,North Yorkshire Police,North Yorkshire Police,-1.073238,53.784304,On or near Abbey Walk,E01027908,Selby 005D,Anti-social behaviour,,
,2019-03,North Yorkshire Police,North Yorkshire Police,-1.071337,53.783121,On or near Parking Area,E01027908,Selby 005D,Anti-social behaviour,,
c9df754ad5f972654a438928071b2ac51d46739ed3453ea8f55be78600c81bbb,2019-03,North Yorkshire Police,North Yorkshire Police,-1.071565,53.783770,On or near Gowthorpe,E01027908,Selby 005D,Burglary,Under investigation,
47268d4839eac55b68713333a7a0dc81be7dc027a82c43e103ad38c861b98355,2019-03,North Yorkshire Police,North Yorkshire Police,-1.071565,53.783770,On or near Gowthorpe,E01027908,Selby 005D,Burglary,Investigation complete; no suspect identified,
a7253ebd2d78756073abf42bd15d922702a3b2d12d20b432b8e20278efe9fe1b,2019-03,North Yorkshire Police,North Yorkshire Police,-1.072738,53.782889,On or near Parking Area,E01027908,Selby 005D,Burglary,Under investigation,
acbdabc0936c4de7c2842c8c5fab59151f4160fe2095239ef195e938e246f0ff,2019-03,North Yorkshire Police,North Yorkshire Police,-1.070855,53.783611,On or near Audus Street,E01027908,Selby 005D,Burglary,Investigation complete; no suspect identified,
c898cbdc8754be17953b763732504f4480ef1634e133ff8b7031d07188b1f011,2019-03,North Yorkshire Police,North Yorkshire Police,-1.077524,53.788166,On or near Carentan Close,E01027908,Selby 005D,Criminal damage and arson,Investigation complete; no suspect identified,
8f4afd23127c1052b22002ea92c6ea87fe2cb505fc28074a41da2937ec2c240a,2019-03,North Yorkshire Police,North Yorkshire Police,-1.075542,53.785122,On or near Richard Street,E01027908,Selby 005D,Criminal damage and arson,Under investigation,
43e2873746cb8151d88ce4a401a4b685172051b47149b7c9d38f9d02670a766d,2019-03,North Yorkshire Police,North Yorkshire Police,-1.072738,53.782889,On or near Parking Area,E01027908,Selby 005D,Criminal damage and arson,Under investigation,
8d9bee0bcd81fee944673c21121a4788b14e9b37fa9db91d20465e41f11fbb02,2019-03,North Yorkshire Police,North Yorkshire Police,-1.076518,53.785624,On or near Buttermere Court,E01027908,Selby 005D,Criminal damage and arson,Investigation complete; no suspect identified,
a73a8ebf798833bf3cb4a9ae042fd5afd2a44df9ba9317281be3e254308d052f,2019-03,North Yorkshire Police,North Yorkshire Police,-1.071674,53.781577,On or near Further/Higher Educational Building,E01027908,Selby 005D,Other theft,Investigation complete; no suspect identified,
30b49576de65e68e8c654d608200f5ed11be669f37b0cd0bac9d6b28dc30db75,2019-03,North Yorkshire Police,North Yorkshire Police,-1.071078,53.783128,On or near St James Terrace,E01027908,Selby 005D,Vehicle crime,Investigation complete; no suspect identified,
2db3c25d73144714a10908c1419567a46a1b90892b775d65a1342bfb0bf398f3,2019-03,North Yorkshire Police,North Yorkshire Police,-1.073963,53.787213,On or near Maltings Court,E01027908,Selby 005D,Vehicle crime,Investigation complete; no suspect identified,
dfbdb850238c755a446c85d9047c19128645e7157b7a058445b27853932e1aa7,2019-03,North Yorkshire Police,North Yorkshire Police,-1.072738,53.782889,On or near Parking Area,E01027908,Selby 005D,Violence and sexual offences,Under investigation,
0051390bb338ba7fd9632c238f95b9c9b792752fb0e29fcc55b6cd432022c09a,2019-03,North Yorkshire Police,North Yorkshire Police,-1.074023,53.781757,On or near Raincliffe Street,E01027908,Selby 005D,Violence and sexual offences,Under investigation,
9f271092542c76b37d9f9d34b6ffebd59f428be897c0262068c013acdb06df90,2019-03,North Yorkshire Police,North Yorkshire Police,-1.072609,53.781854,On or near Nalton Street,E01027908,Selby 005D,Violence and sexual offences,Under investigation,
de9a2d2ef8b080fdaeb98ba362f14d74c656112e467409499f990460446d7e24,2019-03,North Yorkshire Police,North Yorkshire Police,-1.074184,53.786846,On or near Long Trods,E01027908,Selby 005D,Violence and sexual offences,Under investigation,
9a2e1f3b260c0edd653215432f2aa1de36f4790804e11053aea413643d4981d2,2019-03,North Yorkshire Police,North Yorkshire Police,-1.078307,53.786374,On or near Powell Street,E01027908,Selby 005D,Violence and sexual offences,Unable to prosecute suspect,
bdb70ff41b663ac01fb9e939b402e3b45d365a918eb71fa47bc39ee85b3f5ffe,2019-03,North Yorkshire Police,North Yorkshire Police,-1.071565,53.783770,On or near Gowthorpe,E01027908,Selby 005D,Violence and sexual offences,Under investigation,
0110da3c94f6ce04b6928907b7c8d7ca9beba5b4eeec224f62cd035b0fcedc77,2019-03,North Yorkshire Police,North Yorkshire Police,-1.070855,53.783611,On or near Audus Street,E01027908,Selby 005D,Violence and sexual offences,Under investigation,
6019ca0816cebb240801c353a67319031ec4c8ff55c105c510791fcf5bf8a52b,2019-03,North Yorkshire Police,North Yorkshire Police,-1.074430,53.784628,On or near Scott Road,E01027908,Selby 005D,Violence and sexual offences,Unable to prosecute suspect,
8bc1ecfba2198aac42dc5a785e524898e27f983892aaaddd7e3852f9b79d08eb,2019-03,North Yorkshire Police,North Yorkshire Police,-1.072609,53.781854,On or near Nalton Street,E01027908,Selby 005D,Violence and sexual offences,Under investigation,
46e91fc608ee0ede9d403758eb76e455036c173921e6e70d941365930e31561b,2019-03,North Yorkshire Police,North Yorkshire Police,-1.076518,53.785624,On or near Buttermere Court,E01027908,Selby 005D,Violence and sexual offences,Under investigation,
,2019-03,North Yorkshire Police,North Yorkshire Police,-1.064520,53.778421,On or near Prospect Way,E01027909,Selby 005E,Anti-social behaviour,,
,2019-03,North Yorkshire Police,North Yorkshire Police,-1.069123,53.784398,On or near Finkle Street,E01027909,Selby 005E,Anti-social behaviour,,
,2019-03,North Yorkshire Police,North Yorkshire Police,-1.071500,53.779823,On or near Supermarket,E01027909,Selby 005E,Anti-social behaviour,,
,2019-03,North Yorkshire Police,North Yorkshire Police,-1.059283,53.781912,On or near Shipyard Road,E01027909,Selby 005E,Anti-social behaviour,,
,2019-03,North Yorkshire Police,North Yorkshire Police,-1.069123,53.784398,On or near Finkle Street,E01027909,Selby 005E,Anti-social behaviour,,
,2019-03,North Yorkshire Police,North Yorkshire Police,-1.066132,53.785112,On or near Church Hill,E01027909,Selby 005E,Anti-social behaviour,,
,2019-03,North Yorkshire Police,North Yorkshire Police,-1.069123,53.784398,On or near Finkle Street,E01027909,Selby 005E,Anti-social behaviour,,
,2019-03,North Yorkshire Police,North Yorkshire Police,-1.069356,53.783465,On or near Market Lane,E01027909,Selby 005E,Anti-social behaviour,,
,2019-03,North Yorkshire Police,North Yorkshire Police,-1.068062,53.780210,On or near Police Station,E01027909,Selby 005E,Anti-social behaviour,,
,2019-03,North Yorkshire Police,North Yorkshire Police,-1.059283,53.781912,On or near Shipyard Road,E01027909,Selby 005E,Anti-social behaviour,,
,2019-03,North Yorkshire Police,North Yorkshire Police,-1.071998,53.780672,On or near Portholme Drive,E01027909,Selby 005E,Anti-social behaviour,,
,2019-03,North Yorkshire Police,North Yorkshire Police,-1.069356,53.783465,On or near Market Lane,E01027909,Selby 005E,Anti-social behaviour,,
,2019-03,North Yorkshire Police,North Yorkshire Police,-1.071998,53.780672,On or near Portholme Drive,E01027909,Selby 005E,Anti-social behaviour,,
,2019-03,North Yorkshire Police,North Yorkshire Police,-1.069356,53.783465,On or near Market Lane,E01027909,Selby 005E,Anti-social behaviour,,
,2019-03,North Yorkshire Police,North Yorkshire Police,-1.059283,53.781912,On or near Shipyard Road,E01027909,Selby 005E,Anti-social behaviour,,
,2019-03,North Yorkshire Police,North Yorkshire Police,-1.059283,53.781912,On or near Shipyard Road,E01027909,Selby 005E,Anti-social behaviour,,
,2019-03,North Yorkshire Police,North Yorkshire Police,-1.068062,53.780210,On or near Police Station,E01027909,Selby 005E,Anti-social behaviour,,
,2019-03,North Yorkshire Police,North Yorkshire Police,-1.067683,53.783605,On or near The Crescent,E01027909,Selby 005E,Anti-social behaviour,,
,2019-03,North Yorkshire Police,North Yorkshire Police,-1.062158,53.783625,On or near Ousegate,E01027909,Selby 005E,Anti-social behaviour,,
,2019-03,North Yorkshire Police,North Yorkshire Police,-1.068553,53.780663,On or near Portholme Road,E01027909,Selby 005E,Anti-social behaviour,,
,2019-03,North Yorkshire Police,North Yorkshire Police,-1.069123,53.784398,On or near Finkle Street,E01027909,Selby 005E,Anti-social behaviour,,
87973ea102437509be8e62d274ee347f48b794a45ce26fdc84362b471ee3e26d,2019-03,North Yorkshire Police,North Yorkshire Police,-1.068451,53.782532,On or near Supermarket,E01027909,Selby 005E,Bicycle theft,Investigation complete; no suspect identified,
ca8c486b2ba72c6df80f11b64b5fc3939e243afb56746440e578e2f3811158a8,2019-03,North Yorkshire Police,North Yorkshire Police,-1.069356,53.783465,On or near Market Lane,E01027909,Selby 005E,Criminal damage and arson,Offender given community sentence,
226d78682b9c2becb0c3e70e445e869daf04908ef242f947b53b431cb68b1122,2019-03,North Yorkshire Police,North Yorkshire Police,-1.066804,53.780146,On or near Ashlea Close,E01027909,Selby 005E,Criminal damage and arson,Investigation complete; no suspect identified,
5c340afd0dea766adab6ce70787dbf18ecef362e6713c504c437f81c6d1b32ba,2019-03,North Yorkshire Police,North Yorkshire Police,-1.066132,53.785112,On or near Church Hill,E01027909,Selby 005E,Criminal damage and arson,Investigation complete; no suspect identified,
f8347c3542449c9f26af0d2034942e47e4e1981e446c96ba34f59329b11994d8,2019-03,North Yorkshire Police,North Yorkshire Police,-1.064417,53.782366,On or near Parking Area,E01027909,Selby 005E,Criminal damage and arson,Investigation complete; no suspect identified,
932afc428a3155836ce9f5deecf99aa7f0804ff29f8c4dcc9c7880a82f3086de,2019-03,North Yorkshire Police,North Yorkshire Police,-1.061693,53.779333,On or near Kirkland Close,E01027909,Selby 005E,Criminal damage and arson,Under investigation,
b6db6c84e1243582d895a3e80664fda58368547436a5f76daef7121203274e9a,2019-03,North Yorkshire Police,North Yorkshire Police,-1.067118,53.785820,On or near The Quay,E01027909,Selby 005E,Criminal damage and arson,Under investigation,
83de31c4a9af862bdd6945190a87eac2f97accf78b6dedde7e8913bd6052af55,2019-03,North Yorkshire Police,North Yorkshire Police,-1.066100,53.781768,On or near Park Street,E01027909,Selby 005E,Criminal damage and arson,Under investigation,
960f540fb389ea7174c2634cc8d70d8755c473c7ea83fe069bca54896307150b,2019-03,North Yorkshire Police,North Yorkshire Police,-1.058620,53.778294,On or near Volta Street,E01027909,Selby 005E,Criminal damage and arson,Under investigation,
722cbb0e9b484e7bba566e9c9c5001e672c0009379c3f4a94397dcc735af41ca,2019-03,North Yorkshire Police,North Yorkshire Police,-1.069123,53.784398,On or near Finkle Street,E01027909,Selby 005E,Criminal damage and arson,Investigation complete; no suspect identified,
fb170339127e002cc7b807b90f215601474f1cce02db8c7be13b9b74af502120,2019-03,North Yorkshire Police,North Yorkshire Police,-1.062158,53.783625,On or near Ousegate,E01027909,Selby 005E,Criminal damage and arson,Under investigation,
3e8a17e8efaa97fc03872cfaa3d976dfaf53740360a85209f1109a8aff4a9654,2019-03,North Yorkshire Police,North Yorkshire Police,-1.066934,53.785208,On or near Wren Lane,E01027909,Selby 005E,Criminal damage and arson,Investigation complete; no suspect identified,
2fa838833b8daac0c74bbc6d94033418c40498b16dfec7195f5c9b104b4fe5b4,2019-03,North Yorkshire Police,North Yorkshire Police,-1.062158,53.783625,On or near Ousegate,E01027909,Selby 005E,Other theft,Under investigation,
db26ff0ef08450206b86bea69b99477f3f6914d68727646e5f64214da5556ce0,2019-03,North Yorkshire Police,North Yorkshire Police,-1.066100,53.781768,On or near Park Street,E01027909,Selby 005E,Other theft,Unable to prosecute suspect,
14b434a6959a4ac17b86f0b05b5bc2f7195185a9b430a8923b4947647dbb4036,2019-03,North Yorkshire Police,North Yorkshire Police,-1.066671,53.784792,On or near Church Lane,E01027909,Selby 005E,Public order,Under investigation,
afd0e922711287bef8582d8dce9d01c75a5ca1b76f309417ff639f29919c3a1d,2019-03,North Yorkshire Police,North Yorkshire Police,-1.062158,53.783625,On or near Ousegate,E01027909,Selby 005E,Public order,Offender sent to prison,
6b5badd8ad6300f12e43e9ce1c0b085a0d1a02ff011c1cf435143543b3de2be1,2019-03,North Yorkshire Police,North Yorkshire Police,-1.065404,53.784396,On or near New Street,E01027909,Selby 005E,Public order,Under investigation,
66e3c8ebcd1b12ff6de01f61496327ff66088cca2bfe5651c9732bdb7139568c,2019-03,North Yorkshire Police,North Yorkshire Police,-1.062158,53.783625,On or near Ousegate,E01027909,Selby 005E,Public order,Offender sent to prison,
67a139bd54aa2261b73dd3e4a7e4ecbb87e6adace6fb96a3e3961641a69285b7,2019-03,North Yorkshire Police,North Yorkshire Police,-1.071500,53.779823,On or near Supermarket,E01027909,Selby 005E,Shoplifting,Offender sent to prison,
f8227b8d600b23e72983df3a906c51164a963615f0567ff3badbb517681b76ab,2019-03,North Yorkshire Police,North Yorkshire Police,-1.069123,53.784398,On or near Finkle Street,E01027909,Selby 005E,Shoplifting,Under investigation,
bb4bbe1a721e6e541924560094b3f17c918a150ea1387dde63177fb35c729b0f,2019-03,North Yorkshire Police,North Yorkshire Police,-1.064520,53.778421,On or near Prospect Way,E01027909,Selby 005E,Shoplifting,Unable to prosecute suspect,
02f063c80c541f2ab3bf67155d38c982f04f1a0e2f4e8ba358910ddad7a2e5e3,2019-03,North Yorkshire Police,North Yorkshire Police,-1.071500,53.779823,On or near Supermarket,E01027909,Selby 005E,Shoplifting,Awaiting court outcome,
694d65ab55b4bca2095dd7a2afe95bac390f9681697e657831df14ac4d44ebea,2019-03,North Yorkshire Police,North Yorkshire Police,-1.069123,53.784398,On or near Finkle Street,E01027909,Selby 005E,Shoplifting,Under investigation,
1300d842cde588356dead0dc42e8819e8cbcd154e041522a802bc2ae11f3cf2f,2019-03,North Yorkshire Police,North Yorkshire Police,-1.069356,53.783465,On or near Market Lane,E01027909,Selby 005E,Shoplifting,Investigation complete; no suspect identified,
c9c0ace36250e7aa47ac0b3c4aaf08c9b668592f0fa5ff1396b8394f995cff96,2019-03,North Yorkshire Police,North Yorkshire Police,-1.071500,53.779823,On or near Supermarket,E01027909,Selby 005E,Shoplifting,Under investigation,
75a45df72a2e19d2ab6fa9cb9299439bd1d0ba7841376f2fcc71c5649541271d,2019-03,North Yorkshire Police,North Yorkshire Police,-1.071500,53.779823,On or near Supermarket,E01027909,Selby 005E,Shoplifting,Under investigation,
f4eb92e74bb6245a2d83746676becf68cf7e6bff4020a2582b96cfad4e211006,2019-03,North Yorkshire Police,North Yorkshire Police,-1.069123,53.784398,On or near Finkle Street,E01027909,Selby 005E,Shoplifting,Under investigation,
ecbb204c68f727d848d5a774ce3c1f47f552f86bf189a46bed7b4a89012f3215,2019-03,North Yorkshire Police,North Yorkshire Police,-1.069123,53.784398,On or near Finkle Street,E01027909,Selby 005E,Shoplifting,Awaiting court outcome,
6bbc1188e5c5d6ae8e9863006413d62b4a796219e64a1e3dba0c4db4c027438e,2019-03,North Yorkshire Police,North Yorkshire Police,-1.068451,53.782532,On or near Supermarket,E01027909,Selby 005E,Shoplifting,Offender given community sentence,
59dc061361c4fd4f7f4d39674e3abce0297354a1f6a1270a6269341ce36796af,2019-03,North Yorkshire Police,North Yorkshire Police,-1.071500,53.779823,On or near Supermarket,E01027909,Selby 005E,Shoplifting,Under investigation,
fd1c44e77f02610368d8f9406b07f1b7da26a74926ccb559bd335e11803fe34c,2019-03,North Yorkshire Police,North Yorkshire Police,-1.068451,53.782532,On or near Supermarket,E01027909,Selby 005E,Theft from the person,Investigation complete; no suspect identified,
f7808053cce938895b0f36411062e967a166c4ca17a0337edcc84615186f8d59,2019-03,North Yorkshire Police,North Yorkshire Police,-1.064417,53.782366,On or near Parking Area,E01027909,Selby 005E,Vehicle crime,Investigation complete; no suspect identified,
d5e29ec434f83bb41d8a45970e5e4f4062746ec498fffc673a12b7d424d540a6,2019-03,North Yorkshire Police,North Yorkshire Police,-1.059669,53.778203,On or near D'Arcy Road,E01027909,Selby 005E,Violence and sexual offences,Under investigation,
b0dd8cab3980f561a3545d3eb56bd840e8ace104a75a680e25837b6b7ca556eb,2019-03,North Yorkshire Police,North Yorkshire Police,-1.069123,53.784398,On or near Finkle Street,E01027909,Selby 005E,Violence and sexual offences,Under investigation,
9bdd2fbb51c05b6f9ada50708a167187c3225f77f1cf6ab57935018261ab2c12,2019-03,North Yorkshire Police,North Yorkshire Police,-1.062158,53.783625,On or near Ousegate,E01027909,Selby 005E,Violence and sexual offences,Offender sent to prison,
642b4ad780257e90eb4142c2493606714a8a36ec09979af46eaf2e1ab41f1c6d,2019-03,North Yorkshire Police,North Yorkshire Police,-1.069123,53.784398,On or near Finkle Street,E01027909,Selby 005E,Violence and sexual offences,Under investigation,
549317b306d58a574b89763c8be706b13ee3cc21eacbcb50f11ed5a8054326e0,2019-03,North Yorkshire Police,North Yorkshire Police,-1.069356,53.783465,On or near Market Lane,E01027909,Selby 005E,Violence and sexual offences,Unable to prosecute suspect,
f47967e779562f5e96c603c3b61741fce30d70b2fd2e1b1d357a2206a99dce56,2019-03,North Yorkshire Police,North Yorkshire Police,-1.069123,53.784398,On or near Finkle Street,E01027909,Selby 005E,Violence and sexual offences,Under investigation,
e04613997440f90b9c9308a460eb7b77d3454a8e456be014906647b34ce7ac9a,2019-03,North Yorkshire Police,North Yorkshire Police,-1.060653,53.782399,On or near The Haven,E01027909,Selby 005E,Violence and sexual offences,Unable to prosecute suspect,
0e4fce46a07d42ec12cee19b8a2de756feb4a2d83b57faa9c8b88d60c18d9907,2019-03,North Yorkshire Police,North Yorkshire Police,-1.066132,53.785112,On or near Church Hill,E01027909,Selby 005E,Violence and sexual offences,Investigation complete; no suspect identified,
9024cf5722041dc50625d40f992ebae99be604d2d4e327f1e9f310f8a609ef85,2019-03,North Yorkshire Police,North Yorkshire Police,-1.066100,53.781768,On or near Park Street,E01027909,Selby 005E,Violence and sexual offences,Under investigation,
3ac25493f0757be3132c344c83b8e67baefa7d0c9442ee586586db82e8f787f2,2019-03,North Yorkshire Police,North Yorkshire Police,-1.058620,53.778294,On or near Volta Street,E01027909,Selby 005E,Violence and sexual offences,Under investigation,
62f7cb70a333c06fdbeae790d999c0db65c9b8ce0c83194caf053857304d1524,2019-03,North Yorkshire Police,North Yorkshire Police,-1.061058,53.779203,On or near Fostergate,E01027909,Selby 005E,Violence and sexual offences,Unable to prosecute suspect,
f4de8d65d848e3d668e847f7ea7bfa06bb66971d56900605d04d0b602b671b97,2019-03,North Yorkshire Police,North Yorkshire Police,-1.066934,53.785208,On or near Wren Lane,E01027909,Selby 005E,Violence and sexual offences,Under investigation,
013b57e4f7c746cd74ced4339f9168d4d2e6b5e2ab9ac58a06ee23d89e504512,2019-03,North Yorkshire Police,North Yorkshire Police,-1.061058,53.779203,On or near Fostergate,E01027909,Selby 005E,Violence and sexual offences,Unable to prosecute suspect,
a4a234dbd2262e9809291ce746ac69e9bbcc67e11ffd356430048d6c4f5f4a6c,2019-03,North Yorkshire Police,North Yorkshire Police,-1.061058,53.779203,On or near Fostergate,E01027909,Selby 005E,Violence and sexual offences,Unable to prosecute suspect,
23a0965e490818c53c9861cb53f2218f3be38eb5d3088c31939e57c852445fb8,2019-03,North Yorkshire Police,North Yorkshire Police,-1.069123,53.784398,On or near Finkle Street,E01027909,Selby 005E,Violence and sexual offences,Under investigation,
f8f44670973f2612bda1cd8f37f5eadbf00e9d157b2b71fdf6ee980b938fefc7,2019-03,North Yorkshire Police,North Yorkshire Police,-1.062158,53.783625,On or near Ousegate,E01027909,Selby 005E,Violence and sexual offences,Under investigation,
a117799e054127936bd2fb40fd4210f381076009892419d39653c2982545461b,2019-03,North Yorkshire Police,North Yorkshire Police,-1.069123,53.784398,On or near Finkle Street,E01027909,Selby 005E,Violence and sexual offences,Unable to prosecute suspect,
,2019-03,North Yorkshire Police,North Yorkshire Police,-1.064600,53.772103,On or near Supermarket,E01027910,Selby 005F,Anti-social behaviour,,
,2019-03,North Yorkshire Police,North Yorkshire Police,-1.064600,53.772103,On or near Supermarket,E01027910,Selby 005F,Anti-social behaviour,,
,2019-03,North Yorkshire Police,North Yorkshire Police,-1.064600,53.772103,On or near Supermarket,E01027910,Selby 005F,Anti-social behaviour,,
,2019-03,North Yorkshire Police,North Yorkshire Police,-1.060456,53.770848,On or near Larch Road,E01027910,Selby 005F,Anti-social behaviour,,
,2019-03,North Yorkshire Police,North Yorkshire Police,-1.064600,53.772103,On or near Supermarket,E01027910,Selby 005F,Anti-social behaviour,,
,2019-03,North Yorkshire Police,North Yorkshire Police,-1.064600,53.772103,On or near Supermarket,E01027910,Selby 005F,Anti-social behaviour,,
,2019-03,North Yorkshire Police,North Yorkshire Police,-1.053965,53.778131,On or near Benedict Avenue,E01027910,Selby 005F,Anti-social behaviour,,
,2019-03,North Yorkshire Police,North Yorkshire Police,-1.064703,53.774288,On or near Petrol Station,E01027910,Selby 005F,Anti-social behaviour,,
,2019-03,North Yorkshire Police,North Yorkshire Police,-1.063077,53.771012,On or near Juniper Drive,E01027910,Selby 005F,Anti-social behaviour,,
,2019-03,North Yorkshire Police,North Yorkshire Police,-1.064600,53.772103,On or near Supermarket,E01027910,Selby 005F,Anti-social behaviour,,
,2019-03,North Yorkshire Police,North Yorkshire Police,-1.053965,53.778131,On or near Benedict Avenue,E01027910,Selby 005F,Anti-social behaviour,,
82f5f92a526c5d21ecd14fb528b6b810633206c564da3a503ee02ab31a573616,2019-03,North Yorkshire Police,North Yorkshire Police,-1.064600,53.772103,On or near Supermarket,E01027910,Selby 005F,Bicycle theft,Investigation complete; no suspect identified,
b1b6df96c41a188901f37a1443dcec6cc26f6ed3a04e4cae7cc2cdc7133fc822,2019-03,North Yorkshire Police,North Yorkshire Police,-1.055021,53.775021,On or near Staynor Avenue,E01027910,Selby 005F,Bicycle theft,Local resolution,
a7bda7a423bccf62a911f4deab527816c6956e59beee967657c651ae7f58eac7,2019-03,North Yorkshire Police,North Yorkshire Police,-1.053965,53.778131,On or near Benedict Avenue,E01027910,Selby 005F,Burglary,Unable to prosecute suspect,
fbdf7bed5dd02970cf18a5e1b97e9d6c9ba51ae1de9de260de3ea4dcc9ba62cf,2019-03,North Yorkshire Police,North Yorkshire Police,-1.059517,53.774822,On or near Lowther Drive,E01027910,Selby 005F,Criminal damage and arson,Investigation complete; no suspect identified,
aef5a3a4ff9d2e35f6b725a564ae07fa34c6ea7b510d20cd630efb05af330722,2019-03,North Yorkshire Police,North Yorkshire Police,-1.052435,53.775315,On or near Further/Higher Educational Building,E01027910,Selby 005F,Criminal damage and arson,Investigation complete; no suspect identified,
425dfbd207ead05e119893d7b39264af91f0f6bc426ca847cbb6d434069259d2,2019-03,North Yorkshire Police,North Yorkshire Police,-1.059517,53.774822,On or near Lowther Drive,E01027910,Selby 005F,Criminal damage and arson,Under investigation,
f4631003d18d1ed2936b9912aa2b8c0132e1f883d3f725d3d89d4b136e9c6131,2019-03,North Yorkshire Police,North Yorkshire Police,-1.052203,53.779529,On or near Carr Street,E01027910,Selby 005F,Other theft,Local resolution,
4cc7b6653c12615fc102e320f48d7b487740819a10c211400dd8c06cac3dead1,2019-03,North Yorkshire Police,North Yorkshire Police,-1.064703,53.774288,On or near Petrol Station,E01027910,Selby 005F,Other theft,Under investigation,
5b1bcd97a011595cc37cf822271930aacdb0772c9d51db3166bbf4c6b9529933,2019-03,North Yorkshire Police,North Yorkshire Police,-1.052203,53.779529,On or near Carr Street,E01027910,Selby 005F,Other theft,Under investigation,
b4d4ce958150fecad04c3f1ee4de9ea30ac8e9d087a4f6a39d21f146ce20815b,2019-03,North Yorkshire Police,North Yorkshire Police,-1.052203,53.779529,On or near Carr Street,E01027910,Selby 005F,Other theft,Investigation complete; no suspect identified,
be789ad2b415d20f8abcb90481ec35bcdc99edfa5a319a0130a2110f38e9ae5f,2019-03,North Yorkshire Police,North Yorkshire Police,-1.063078,53.772315,On or near Abbots Court,E01027910,Selby 005F,Public order,Under investigation,
cdbe7337856042f25e0dd235015e93094b124c90e8ae6a9dd5acb8b65eb30d90,2019-03,North Yorkshire Police,North Yorkshire Police,-1.059517,53.774822,On or near Lowther Drive,E01027910,Selby 005F,Public order,Unable to prosecute suspect,
0fb7617c82fe6dadce091f8b712efcf3487447a0fecf2cea25465f923e2d42b4,2019-03,North Yorkshire Police,North Yorkshire Police,-1.063078,53.772315,On or near Abbots Court,E01027910,Selby 005F,Public order,Under investigation,
5e6f9fce392b14da6d5183b928127c8293d25758ae92010e41c998b69e480a4c,2019-03,North Yorkshire Police,North Yorkshire Police,-1.064600,53.772103,On or near Supermarket,E01027910,Selby 005F,Shoplifting,Under investigation,
9a40676856d82011ed87b09ed6788658c1577a300e23e7b99b9d2ebff37857c2,2019-03,North Yorkshire Police,North Yorkshire Police,-1.064600,53.772103,On or near Supermarket,E01027910,Selby 005F,Shoplifting,Under investigation,
03d0918c6b1c7da556484cefa95c3b5b7476ffc4481ca6c591d03bf1e7d2d4ec,2019-03,North Yorkshire Police,North Yorkshire Police,-1.064600,53.772103,On or near Supermarket,E01027910,Selby 005F,Shoplifting,Under investigation,
43ebb15253a1af66913af6f3da3c20ab1e7280f2c4e71dc030f461387f13f086,2019-03,North Yorkshire Police,North Yorkshire Police,-1.057834,53.776130,On or near Barwic Close,E01027910,Selby 005F,Shoplifting,Awaiting court outcome,
860ca3d6b8034d504b769dab045e51c8a21b93082cfd1454cd948e82b7e8fde3,2019-03,North Yorkshire Police,North Yorkshire Police,-1.061278,53.774126,On or near Eden Avenue,E01027910,Selby 005F,Vehicle crime,Under investigation,
f20e396b3aa614f86077688dbd37b78827818ba200d115756b011078f103209f,2019-03,North Yorkshire Police,North Yorkshire Police,-1.060456,53.770848,On or near Larch Road,E01027910,Selby 005F,Violence and sexual offences,Defendant found not guilty,
4fd37962fa10a4e63437eafd6aede60b36b21774e1681904e9f3ee4de8d17452,2019-03,North Yorkshire Police,North Yorkshire Police,-1.059517,53.774822,On or near Lowther Drive,E01027910,Selby 005F,Violence and sexual offences,Unable to prosecute suspect,
df2f3688043f8113f538022c222076c878b6a5f1dba4d51d9d37652fd081daf3,2019-03,North Yorkshire Police,North Yorkshire Police,-1.052203,53.779529,On or near Carr Street,E01027910,Selby 005F,Violence and sexual offences,Under investigation,
b9953f3532da8bb3c1fa3b2d3b354f319d788e654d862951e7a92d0e54095002,2019-03,North Yorkshire Police,North Yorkshire Police,-1.064703,53.774288,On or near Petrol Station,E01027910,Selby 005F,Violence and sexual offences,Under investigation,
5be56bfb14d5c6fe00d26638a198300e594d511564529a8b63457ab650c6e101,2019-03,North Yorkshire Police,North Yorkshire Police,-1.057834,53.776130,On or near Barwic Close,E01027910,Selby 005F,Violence and sexual offences,Under investigation,
dbbc198846ed7832dd75ec79cc6ee902808da608422b2037340fea45f26c3b06,2019-03,North Yorkshire Police,North Yorkshire Police,-1.059517,53.774822,On or near Lowther Drive,E01027910,Selby 005F,Violence and sexual offences,Under investigation,
48b67e049d1425da6aece32bfa14e7d2c5db95125da91a0f6e56e285cd7ca2bd,2019-03,North Yorkshire Police,North Yorkshire Police,-1.062571,53.773974,On or near Cochrane Street,E01027910,Selby 005F,Violence and sexual offences,Under investigation,
e00140c6cc6e5aba2e63b07851e2da91a45197f59f611170e616d5b3ce32684d,2019-03,North Yorkshire Police,North Yorkshire Police,-1.060456,53.770848,On or near Larch Road,E01027910,Selby 005F,Violence and sexual offences,Under investigation,
ab7561ee4ecf0de85d46f9ba35de33008e91e3a9b4402580eef4c20b26242f0f,2019-03,North Yorkshire Police,North Yorkshire Police,-1.059517,53.774822,On or near Lowther Drive,E01027910,Selby 005F,Violence and sexual offences,Under investigation,
,2019-03,North Yorkshire Police,North Yorkshire Police,-1.112708,53.761601,On or near Gateforth New Road,E01027881,Selby 006A,Anti-social behaviour,,
fb7d10ba57b54ac82c615460559fe72f5d8cd5f48c62b01f1c021f2fa8761fec,2019-03,North Yorkshire Police,North Yorkshire Police,-1.112708,53.761601,On or near Gateforth New Road,E01027881,Selby 006A,Criminal damage and arson,Under investigation,
e7d76d7347837a90da60b94b1a8e58cd569accc4b94acda8e43b1f0e2b17bed0,2019-03,North Yorkshire Police,North Yorkshire Police,-1.112708,53.761601,On or near Gateforth New Road,E01027881,Selby 006A,Violence and sexual offences,Under investigation,
1647c5c4051aec21b661827a09383df2562f54b30a5ee63492bdb42e6eba5ded,2019-03,North Yorkshire Police,North Yorkshire Police,-1.112708,53.761601,On or near Gateforth New Road,E01027881,Selby 006A,Violence and sexual offences,Under investigation,
764d068de228c5426fa30d7d65b9ebd8e8532654c266eed28d187f1f3e0c0ed5,2019-03,North Yorkshire Police,North Yorkshire Police,-1.112708,53.761601,On or near Gateforth New Road,E01027881,Selby 006A,Violence and sexual offences,Under investigation,
5247ce9d85a6132897095f048852a7dc8e9e902ed32997d1131ae6b1d6c545f9,2019-03,North Yorkshire Police,North Yorkshire Police,-1.089754,53.772260,On or near Briar Cliffe,E01027881,Selby 006A,Violence and sexual offences,Unable to prosecute suspect,
96daebd52a33fb002e407dbb83193ef4159a6d051de2ef54c198ff0c239a9dda,2019-03,North Yorkshire Police,North Yorkshire Police,-1.112708,53.761601,On or near Gateforth New Road,E01027881,Selby 006A,Violence and sexual offences,Under investigation,
ecc918a9c92e3ef09d678ce91b853f36bbf6f1a2df1b397e6673853c86864e57,2019-03,North Yorkshire Police,North Yorkshire Police,-1.112708,53.761601,On or near Gateforth New Road,E01027881,Selby 006A,Violence and sexual offences,Under investigation,
,2019-03,North Yorkshire Police,North Yorkshire Police,-1.080553,53.790562,On or near Hollywood,E01027906,Selby 006B,Anti-social behaviour,,
7f1e15661b3402ef3be65d94e687da80f2cf5617f78124c932df3670e7a1bc6f,2019-03,North Yorkshire Police,North Yorkshire Police,-1.085296,53.785358,On or near Hempbridge Road,E01027906,Selby 006B,Burglary,Under investigation,
8d1c9b3109f2e1d55a03d2e07e8c3d67c0e390935865c7e4fb8cb047c640ae58,2019-03,North Yorkshire Police,North Yorkshire Police,-1.125054,53.782824,On or near Dam Lane,E01027906,Selby 006B,Criminal damage and arson,Investigation complete; no suspect identified,
8886b78b8b70cfdc0caaaed10559149d06554579b36516d77458fe548f83aa00,2019-03,North Yorkshire Police,North Yorkshire Police,-1.085296,53.785358,On or near Hempbridge Road,E01027906,Selby 006B,Violence and sexual offences,Under investigation,
728e72957ad871aee4885a369d66398d9e0883bef0ad1ace135627d4c47a320e,2019-03,North Yorkshire Police,North Yorkshire Police,-1.082009,53.789225,On or near Deacon Court,E01027906,Selby 006B,Violence and sexual offences,Under investigation,
c495712f79de237a078b98be61d0c30f602965877c8487d2bdfeb01fb73dc3b2,2019-03,North Yorkshire Police,North Yorkshire Police,-1.080553,53.790562,On or near Hollywood,E01027906,Selby 006B,Violence and sexual offences,Under investigation,
,2019-03,North Yorkshire Police,North Yorkshire Police,-1.075031,53.778017,On or near Westbourne Grove,E01027911,Selby 006C,Anti-social behaviour,,
,2019-03,North Yorkshire Police,North Yorkshire Police,-1.077764,53.780015,On or near Fairfax Avenue,E01027911,Selby 006C,Anti-social behaviour,,
,2019-03,North Yorkshire Police,North Yorkshire Police,-1.080219,53.776691,On or near Hospital,E01027911,Selby 006C,Anti-social behaviour,,
,2019-03,North Yorkshire Police,North Yorkshire Police,-1.076544,53.780986,On or near Armoury Road,E01027911,Selby 006C,Anti-social behaviour,,
e8f0e0209ab35231be61d24d99b0b31708fb816661475a6e21bddc35eae4b161,2019-03,North Yorkshire Police,North Yorkshire Police,-1.075031,53.778017,On or near Westbourne Grove,E01027911,Selby 006C,Burglary,Under investigation,
15d61ae198a1560b5ce35d3252563f3cef694343be7e9a2aa1e435eb445c67ea,2019-03,North Yorkshire Police,North Yorkshire Police,-1.076544,53.780986,On or near Armoury Road,E01027911,Selby 006C,Burglary,Under investigation,
ab8aa36e180286e46524fee96f3005cb711e223089b78627048a72f7a31776a6,2019-03,North Yorkshire Police,North Yorkshire Police,-1.077764,53.780015,On or near Fairfax Avenue,E01027911,Selby 006C,Violence and sexual offences,Under investigation,
a449e2e104e15bcef889b4ce9f6d8b15f6046cfd4137eded260157adddb6feaa,2019-03,North Yorkshire Police,North Yorkshire Police,-1.077764,53.780015,On or near Fairfax Avenue,E01027911,Selby 006C,Violence and sexual offences,Awaiting court outcome,
97f75f435430a5ab34bedc7afe4d9eb0a7a508e512eeb84b8756f4ec19caf5b5,2019-03,North Yorkshire Police,North Yorkshire Police,-1.077764,53.780015,On or near Fairfax Avenue,E01027911,Selby 006C,Violence and sexual offences,Awaiting court outcome,
,2019-03,North Yorkshire Police,North Yorkshire Police,-1.079575,53.774214,On or near Mount Avenue,E01027912,Selby 006D,Anti-social behaviour,,
8ce7af3995858c3f5b3d6336c2ed35bf868950397605a585672e47f4012f17f5,2019-03,North Yorkshire Police,North Yorkshire Police,-1.077339,53.775851,On or near Long Mann Hills Road,E01027912,Selby 006D,Other theft,Investigation complete; no suspect identified,
681fd3005928d553861751893fb1c18272081cc5f6349516f98a86fb01a8128a,2019-03,North Yorkshire Police,North Yorkshire Police,-1.094909,53.766052,On or near Hollytree Way,E01027880,Selby 007B,Other theft,Investigation complete; no suspect identified,
cd4c09e5ef38d7fd0df4c359846f7d5c3d85bfbdbef76ff3a4f0851d62c6a475,2019-03,North Yorkshire Police,North Yorkshire Police,-1.086650,53.767050,On or near Holmefield Court,E01027880,Selby 007B,Violence and sexual offences,Unable to prosecute suspect,
,2019-03,North Yorkshire Police,North Yorkshire Police,-1.079417,53.773116,On or near The Mount,E01027882,Selby 007C,Anti-social behaviour,,
,2019-03,North Yorkshire Police,North Yorkshire Police,-1.086317,53.769106,On or near Meadow Croft,E01027882,Selby 007C,Anti-social behaviour,,
,2019-03,North Yorkshire Police,North Yorkshire Police,-1.088388,53.774371,On or near Foxhill Lane,E01027882,Selby 007C,Anti-social behaviour,,
,2019-03,North Yorkshire Police,North Yorkshire Police,-1.079902,53.773156,On or near Holly Grove,E01027882,Selby 007C,Anti-social behaviour,,
,2019-03,North Yorkshire Police,North Yorkshire Police,-1.086317,53.769106,On or near Meadow Croft,E01027882,Selby 007C,Anti-social behaviour,,
13051d0a6cc2b00f657c96adc823c5f3451c85df05340f59df454f2ae58694bc,2019-03,North Yorkshire Police,North Yorkshire Police,-1.047471,53.751924,On or near Park/Open Space,E01027882,Selby 007C,Public order,Under investigation,
6446ed3093f9d8dd137b24c9720b957e64dc84bc52de03a042b66e61d3c77439,2019-03,North Yorkshire Police,North Yorkshire Police,-1.084158,53.767247,On or near Middlebrook Gardens,E01027882,Selby 007C,Violence and sexual offences,Under investigation,
24ccd16615f4e9e6d58f82d9a5f825d568b00ef8b2bd563853d611dd2652295c,2019-03,North Yorkshire Police,North Yorkshire Police,-1.061450,53.760258,On or near A1041,E01027882,Selby 007C,Violence and sexual offences,Offender given suspended prison sentence,
7e57a0d2729f952ae3f171a021d75fc12e82a16c1c459f7af5bae1fc99a39103,2019-03,North Yorkshire Police,North Yorkshire Police,-1.061450,53.760258,On or near A1041,E01027882,Selby 007C,Violence and sexual offences,Offender given suspended prison sentence,
45dacfad26d9dd15a23da3ac3210902c632acd7104914dc85a72457b2784f7f5,2019-03,North Yorkshire Police,North Yorkshire Police,-1.083035,53.767247,On or near Charles Wesley Drive,E01027882,Selby 007C,Violence and sexual offences,Unable to prosecute suspect,
b05205dfb80425d04762a0bec423d127d0b0e8b6b608e4b2dbd948cfa8a23b5e,2019-03,North Yorkshire Police,North Yorkshire Police,-1.083035,53.767247,On or near Charles Wesley Drive,E01027882,Selby 007C,Violence and sexual offences,Under investigation,
169392b028f97104d28c31637aad194766f64c8fe144b11c03036a7af9ecfb5d,2019-03,North Yorkshire Police,North Yorkshire Police,-1.083035,53.767247,On or near Charles Wesley Drive,E01027882,Selby 007C,Violence and sexual offences,Under investigation,
e09e8cedc7bb16678b7df841997bed0f541f6055dac610a8ecf1c946bbb2be8a,2019-03,North Yorkshire Police,North Yorkshire Police,-1.122864,53.775033,On or near Leeds Road,E01027894,Selby 007D,Other theft,Under investigation,
ee2dc4e0250cdc5607ca34d123db9512ac73a71fe53e7edab2b86978695a8dd9,2019-03,North Yorkshire Police,North Yorkshire Police,-1.124009,53.771077,On or near Sandway Drive,E01027894,Selby 007D,Violence and sexual offences,Under investigation,
b72a0ec46a378102d1836360db62e5754c784f09073d531dd7f200c1f6d45894,2019-03,North Yorkshire Police,North Yorkshire Police,-1.122780,53.773261,On or near Linden Way,E01027894,Selby 007D,Violence and sexual offences,Under investigation,
96ae76d54d7c7d110cfc3d005446ba760ec0a97c10c4b0a62c16c34b15e1093f,2019-03,North Yorkshire Police,North Yorkshire Police,-1.129346,53.771251,On or near Maple Close,E01027894,Selby 007D,Violence and sexual offences,Under investigation,
17a217de86a801f31651ddc3bae4fd4b98ceb1538c3ca54245ff922b8454465d,2019-03,North Yorkshire Police,North Yorkshire Police,-1.122864,53.775033,On or near Leeds Road,E01027894,Selby 007D,Violence and sexual offences,Under investigation,
78a3630f9ae62fa4169b53e91630a359beaac7cc4d9754f00246c4b9138a3b2f,2019-03,North Yorkshire Police,North Yorkshire Police,-1.123824,53.773404,On or near Meadow Close,E01027894,Selby 007D,Violence and sexual offences,Under investigation,
243b54dc51b7e2c307fdfd3c571ec00f62d6e541c69af844121b0f7732acda28,2019-03,North Yorkshire Police,North Yorkshire Police,-1.122780,53.773261,On or near Linden Way,E01027894,Selby 007D,Violence and sexual offences,Under investigation,
3f85563bceecbac7485e8ad206fc58480e8d35d9c82d9797c6057d72593f71da,2019-03,North Yorkshire Police,North Yorkshire Police,-1.129854,53.770886,On or near Dane Avenue,E01027894,Selby 007D,Violence and sexual offences,Under investigation,
c6773b1a4e1fcfa33ca2576407f0595938f978d0735f48b6ee1109f09e1107f4,2019-03,North Yorkshire Police,North Yorkshire Police,-1.129854,53.770886,On or near Dane Avenue,E01027894,Selby 007D,Violence and sexual offences,Under investigation,
,2019-03,North Yorkshire Police,North Yorkshire Police,-1.122864,53.768507,On or near Wood Close,E01027895,Selby 007E,Anti-social behaviour,,
185be78fb352f93a4f05b40a0218e2656eb587ebea6efbdf5619dc912d6121d2,2019-03,North Yorkshire Police,North Yorkshire Police,-1.122784,53.769396,On or near Field Avenue,E01027895,Selby 007E,Criminal damage and arson,Under investigation,
a2435932d4af5ede7d478bd7648e37519dc95053e21dace01e6787f404e632a7,2019-03,North Yorkshire Police,North Yorkshire Police,-1.126757,53.770989,On or near Saxon Close,E01027895,Selby 007E,Drugs,Under investigation,
6bfbc7e5630d89411d06d01076e7dc1ddf81fd07a42ba84569904b18f4f60d8f,2019-03,North Yorkshire Police,North Yorkshire Police,-1.153046,53.750864,On or near Briarwood Close,E01027895,Selby 007E,Other theft,Investigation complete; no suspect identified,
b2a351a56c67958c94e4e0bf508e665b4e3ddaf5efd94f798943c5f35d83b64d,2019-03,North Yorkshire Police,North Yorkshire Police,-1.126757,53.770989,On or near Saxon Close,E01027895,Selby 007E,Violence and sexual offences,Unable to prosecute suspect,
726aa990ada9a0430098976b0880af0a9f60b731bb6fe924ca5dc21d6b743fdd,2019-03,North Yorkshire Police,North Yorkshire Police,-1.153046,53.750864,On or near Briarwood Close,E01027895,Selby 007E,Violence and sexual offences,Under investigation,
bb729b42331d1227907830e331985a03da47b7c0c68acdb7310ff940f61154b7,2019-03,North Yorkshire Police,North Yorkshire Police,-1.122784,53.769396,On or near Field Avenue,E01027895,Selby 007E,Violence and sexual offences,Under investigation,
17929d1ab432975f3aba53f8677a8be5e720f47dafdde29b871aa4d0adf51f65,2019-03,North Yorkshire Police,North Yorkshire Police,-1.127189,53.772835,On or near Londesborough Grove,E01027895,Selby 007E,Violence and sexual offences,Under investigation,
9a01c0b8084a6479c50d46cdf41b0665c4bd8aeb7e058087b884f05cca3040bd,2019-03,North Yorkshire Police,North Yorkshire Police,-0.996249,53.732486,On or near Park/Open Space,E01027883,Selby 008A,Drugs,Offender given a drugs possession warning,
,2019-03,North Yorkshire Police,North Yorkshire Police,-0.983842,53.725856,On or near Hales Lane,E01027884,Selby 008B,Anti-social behaviour,,
,2019-03,North Yorkshire Police,North Yorkshire Police,-0.979123,53.728611,On or near Wetherall Road,E01027884,Selby 008B,Anti-social behaviour,,
,2019-03,North Yorkshire Police,North Yorkshire Police,-0.984994,53.730279,On or near Back Lane,E01027884,Selby 008B,Anti-social behaviour,,
,2019-03,North Yorkshire Police,North Yorkshire Police,-0.960593,53.720920,On or near Brier Lane,E01027884,Selby 008B,Anti-social behaviour,,
,2019-03,North Yorkshire Police,North Yorkshire Police,-1.014101,53.724940,On or near Pinewood Drive,E01027884,Selby 008B,Anti-social behaviour,,
2f5c8c7dc35d1aa22c361185d6a0d3a0734a5cdfb1dcac2066f70c2dd89f93e1,2019-03,North Yorkshire Police,North Yorkshire Police,-1.014101,53.724940,On or near Pinewood Drive,E01027884,Selby 008B,Burglary,Under investigation,
44dcdff846558afc32ae7eb5151dd3b786ae2831ea7d03321b8312dde7dc1064,2019-03,North Yorkshire Police,North Yorkshire Police,-0.979632,53.728858,On or near Main Road,E01027884,Selby 008B,Other theft,Unable to prosecute suspect,
b50156fb21411e5aecc5ee0b63ad87770037081be91726d72429859d1f88c178,2019-03,North Yorkshire Police,North Yorkshire Police,-0.963738,53.728614,On or near Rusholme Lane,E01027884,Selby 008B,Violence and sexual offences,Unable to prosecute suspect,
dda692249cba105a41424ea95d98ee1f2fcd614f56c9a20f20eea5817714e9db,2019-03,North Yorkshire Police,North Yorkshire Police,-1.015028,53.727447,On or near Water Lane,E01027884,Selby 008B,Violence and sexual offences,Unable to prosecute suspect,
,2019-03,North Yorkshire Police,North Yorkshire Police,-1.021410,53.705864,On or near Manor Farm Close,E01027885,Selby 008C,Anti-social behaviour,,
e0ec0b026b29b0c1116a109c8b410156becd294647dbaa700a8b8c262cc7f4b1,2019-03,North Yorkshire Police,North Yorkshire Police,-1.019093,53.712991,On or near Petrol Station,E01027885,Selby 008C,Burglary,Under investigation,
57ba63fc9722f24e7bda35a16aba627864f99816af9ed63264ffd862088d849e,2019-03,North Yorkshire Police,North Yorkshire Police,-1.039332,53.703816,On or near Coates Marsh Lane,E01027885,Selby 008C,Vehicle crime,Under investigation,
5ce07790e66deb13a33c5c549c549af5c2803a92e1dd3bb70ceac8599e0fbafd,2019-03,North Yorkshire Police,North Yorkshire Police,-1.016077,53.713658,On or near Broadacres Garth,E01027885,Selby 008C,Violence and sexual offences,Further investigation is not in the public interest,
60e299fd26b5465b759f1635be0f19dc3fcdb4824487a21044606e7d27c296e8,2019-03,North Yorkshire Police,North Yorkshire Police,-1.023653,53.710376,On or near Almond Tree Avenue,E01027885,Selby 008C,Violence and sexual offences,Under investigation,
fa4578cd497f37cbd8267cba2a785551e174941852b78e73f84b466a6b2f7f23,2019-03,North Yorkshire Police,North Yorkshire Police,-1.023274,53.711056,On or near Himsworth Close,E01027885,Selby 008C,Violence and sexual offences,Under investigation,
b1103e78e0cf041cc5706c0c7fe4a3e61869340c70f5bf76946cd6493416a969,2019-03,North Yorkshire Police,North Yorkshire Police,-1.019093,53.712991,On or near Petrol Station,E01027885,Selby 008C,Violence and sexual offences,Unable to prosecute suspect,
d7f2ca84c0fe6610520d394ae5788510e4908a1151ac227ca1dda3864596a4c9,2019-03,North Yorkshire Police,North Yorkshire Police,-1.017532,53.712340,On or near Town End Avenue,E01027885,Selby 008C,Violence and sexual offences,Under investigation,
,2019-03,North Yorkshire Police,North Yorkshire Police,-0.994820,53.777803,On or near The Shrubberies,E01027896,Selby 008D,Anti-social behaviour,,
f4b0543482c7ce26b6f0a02284ba7b57fd64b5809c81d47e3fd59ed67f649dd9,2019-03,North Yorkshire Police,North Yorkshire Police,-0.974793,53.768906,On or near Chestnut Rise,E01027896,Selby 008D,Burglary,Under investigation,
02de3af0a7dba56ea4e918524a69db1465076badfd4b9da1189db6ade5aa2c2e,2019-03,North Yorkshire Police,North Yorkshire Police,-0.976597,53.768310,On or near Back Lane,E01027896,Selby 008D,Criminal damage and arson,Under investigation,
8b2d79849df4a1f22e58ec2a9e60f4a65ecdc5f3b951a0312d0df002483e8f37,2019-03,North Yorkshire Police,North Yorkshire Police,-0.975493,53.765056,On or near St Mary'S Avenue,E01027896,Selby 008D,Criminal damage and arson,Unable to prosecute suspect,
288b49a790d0cf5aae96671584e1938fe4ac033b28b71860671524b1cbe67642,2019-03,North Yorkshire Police,North Yorkshire Police,-0.977556,53.771320,On or near Villa Way,E01027896,Selby 008D,Other theft,Investigation complete; no suspect identified,
3d86eb924a6660d98d61e6fea43be58f92667dfb519b38eb3686c66a4ea4f5ee,2019-03,North Yorkshire Police,North Yorkshire Police,-0.994601,53.782493,On or near Willow View,E01027896,Selby 008D,Public order,Under investigation,
5befea9bf78bb4ddc133242ee22914c48a0167a4ffb42ef47ab4dff07f253f0b,2019-03,North Yorkshire Police,North Yorkshire Police,-0.991656,53.781902,On or near The Maltings,E01027896,Selby 008D,Vehicle crime,Investigation complete; no suspect identified,
b2c452f3d35204671dd576ad09e073377af1b1a8572aac5b86748e2c85935376,2019-03,North Yorkshire Police,North Yorkshire Police,-0.979689,53.764696,On or near Spire View,E01027896,Selby 008D,Violence and sexual offences,Under investigation,
af868c8a78fea750fd75283b728bb286e44e1c4f0cd6b975ee96c7e876c583d5,2019-03,North Yorkshire Police,North Yorkshire Police,-0.975493,53.765056,On or near St Mary'S Avenue,E01027896,Selby 008D,Violence and sexual offences,Under investigation,
,2019-03,North Yorkshire Police,North Yorkshire Police,-0.974199,53.792028,On or near Moor Lane,E01027897,Selby 008E,Anti-social behaviour,,
,2019-03,North Yorkshire Police,North Yorkshire Police,-0.998274,53.780564,On or near Hull Road,E01027897,Selby 008E,Anti-social behaviour,,
,2019-03,North Yorkshire Police,North Yorkshire Police,-0.997287,53.778677,On or near Main Street,E01027897,Selby 008E,Anti-social behaviour,,
10fef1e5e2c42ca9a47207f863460ec402ec83d387e93a006c111d8bdd14ccd6,2019-03,North Yorkshire Police,North Yorkshire Police,-1.027012,53.794625,On or near Sand Lane,E01027897,Selby 008E,Burglary,Investigation complete; no suspect identified,
427246ccde05b9d253c0aca4118b88d6a0dbc63f166ff1df75027e3a37e7d63f,2019-03,North Yorkshire Police,North Yorkshire Police,-1.025443,53.791574,On or near Hull Road,E01027897,Selby 008E,Burglary,Under investigation,
af0483eb5032280492d1564a0289d79ff683c81cc56cce6c08b1810b6f4366d4,2019-03,North Yorkshire Police,North Yorkshire Police,-1.024025,53.796389,On or near Sports/Recreation Area,E01027897,Selby 008E,Criminal damage and arson,Under investigation,
7bb1d8fd2f1faeafee8a996f37ea2e13cbf26d9eb20f7eb5c6522a3761b02017,2019-03,North Yorkshire Police,North Yorkshire Police,-0.997985,53.817549,On or near A163,E01027897,Selby 008E,Criminal damage and arson,Unable to prosecute suspect,
40a75386a88361c5276f1aa17380833793ab332c3b3c1b012b90c3c575b7703a,2019-03,North Yorkshire Police,North Yorkshire Police,-1.029743,53.777560,On or near Ouse Bank,E01027897,Selby 008E,Other theft,Under investigation,
f5126f68f215cbcd3c2f8dec2dd6a3c66812fe06feace3e3e4c3eb39a588968e,2019-03,North Yorkshire Police,North Yorkshire Police,-0.987439,53.818988,On or near Cornelius Causeway,E01027897,Selby 008E,Public order,Investigation complete; no suspect identified,
d7dc7b354ec108c50d5a39d9a824e8af111ba2a90aa72d58b5d524f0f30bce43,2019-03,North Yorkshire Police,North Yorkshire Police,-0.987439,53.818988,On or near Cornelius Causeway,E01027897,Selby 008E,Violence and sexual offences,Unable to prosecute suspect,
,2019-03,North Yorkshire Police,North Yorkshire Police,-1.263517,53.722687,On or near Hillside,E01027891,Selby 009A,Anti-social behaviour,,
,2019-03,North Yorkshire Police,North Yorkshire Police,-1.260045,53.720158,On or near Primrose Dene,E01027891,Selby 009A,Anti-social behaviour,,
,2019-03,North Yorkshire Police,North Yorkshire Police,-1.260045,53.720158,On or near Primrose Dene,E01027891,Selby 009A,Anti-social behaviour,,
,2019-03,North Yorkshire Police,North Yorkshire Police,-1.246917,53.722953,On or near Sutton Lane,E01027891,Selby 009A,Anti-social behaviour,,
86300081c3c1bf9723feddf96085b8557ae08117d858fcc14eca9386c0e39d80,2019-03,North Yorkshire Police,North Yorkshire Police,-1.292183,53.760107,On or near Holyrood Lane,E01027891,Selby 009A,Criminal damage and arson,Under investigation,
740fe871ef7286aa289aab6027cd9cedc0a1cba3654198d73f77c4f9d698ccad,2019-03,North Yorkshire Police,North Yorkshire Police,-1.283895,53.744410,On or near Newcastle Farm Court,E01027891,Selby 009A,Vehicle crime,Investigation complete; no suspect identified,
06186c84d7e11cf668b7db0298e09659a8feffaa0529497db16b3b28a7bade09,2019-03,North Yorkshire Police,North Yorkshire Police,-1.258919,53.740276,On or near Trust Fold,E01027891,Selby 009A,Violence and sexual offences,Under investigation,
1bb1bcf5cd620a269a53bb291bd4e2325bb2b5eff89a35fac7f89ad0c661ab4d,2019-03,North Yorkshire Police,North Yorkshire Police,-1.258318,53.742537,On or near Ledgate Lane,E01027891,Selby 009A,Violence and sexual offences,Under investigation,
f7af67e2c863f885faba7a5f9fc1e4cffb24324c68dca849a6a29e62461dea97,2019-03,North Yorkshire Police,North Yorkshire Police,-1.257881,53.723444,On or near East Acres,E01027891,Selby 009A,Violence and sexual offences,Unable to prosecute suspect,
,2019-03,North Yorkshire Police,North Yorkshire Police,-1.264535,53.724249,On or near Dish Hill Fly-Over,E01027892,Selby 009B,Anti-social behaviour,,
,2019-03,North Yorkshire Police,North Yorkshire Police,-1.282017,53.747859,On or near Fairfield,E01027892,Selby 009B,Anti-social behaviour,,
33b8da38cc588e5e7e3d544ef3a1784ff4dc4cff03dd451df6139fca52c2d18a,2019-03,North Yorkshire Police,North Yorkshire Police,-1.263365,53.724403,On or near Park Gardens,E01027892,Selby 009B,Burglary,Under investigation,
d7925bf94260e4c1dc1282239bbc219500424b6a08f17b53a2d8c14346cbce48,2019-03,North Yorkshire Police,North Yorkshire Police,-1.260081,53.722433,On or near Sandringham Road,E01027892,Selby 009B,Criminal damage and arson,Investigation complete; no suspect identified,
46c0b06e7570e5aa4939137e502a8ab6e703312d6a678a78b2435f724bc461be,2019-03,North Yorkshire Police,North Yorkshire Police,-1.282017,53.747859,On or near Fairfield,E01027892,Selby 009B,Criminal damage and arson,Unable to prosecute suspect,
0147948812e0a635bcb300c0810fbc563b3454f378b170ed85055c36662167a4,2019-03,North Yorkshire Police,North Yorkshire Police,-1.279063,53.738808,On or near A1(M),E01027892,Selby 009B,Criminal damage and arson,Investigation complete; no suspect identified,
fbf5413cfb033742fbdfb33a8f97e74ae84a272c6e1e31027fb103300647a835,2019-03,North Yorkshire Police,North Yorkshire Police,-1.260532,53.723478,On or near West Acres,E01027892,Selby 009B,Other theft,Investigation complete; no suspect identified,
e966fe08aed51e440825f62f800b82b2e30c2a666ac1a94467ffe12bd086a255,2019-03,North Yorkshire Police,North Yorkshire Police,-1.267953,53.722067,On or near Marsh Croft,E01027892,Selby 009B,Shoplifting,Under investigation,
e59334e63090f78a1935d69e144dc2f9f86b847bbd734ce3424a7d60c5241947,2019-03,North Yorkshire Police,North Yorkshire Police,-1.259397,53.725116,On or near Cromwell Close,E01027892,Selby 009B,Violence and sexual offences,Under investigation,
5fc3cd7f03d978b262cd7b319f3bb419bcaa4f7fbfab5329b4f7aa3c20a279a6,2019-03,North Yorkshire Police,North Yorkshire Police,-1.263365,53.724403,On or near Park Gardens,E01027892,Selby 009B,Violence and sexual offences,Under investigation,
ae34dbe4da91d3edd8413555845c5345af361bb95ce00337fdabb740a22be04f,2019-03,North Yorkshire Police,North Yorkshire Police,-1.259397,53.725116,On or near Cromwell Close,E01027892,Selby 009B,Violence and sexual offences,Under investigation,
6fd0d7eeefa912997f5dd36a00e5599561e077d912e8b64c23c8125fb4b3b3ad,2019-03,North Yorkshire Police,North Yorkshire Police,-1.261042,53.725540,On or near Queen Margarets Close,E01027892,Selby 009B,Other crime,Action to be taken by another organisation,
8040db9e00bedbbc6c8a1b8e405d34b50ef039225d58543891a016d1e883fe36,2019-03,North Yorkshire Police,North Yorkshire Police,-1.131499,53.768390,On or near Sports/Recreation Area,E01027893,Selby 009C,Violence and sexual offences,Under investigation,
,2019-03,North Yorkshire Police,North Yorkshire Police,-1.225638,53.753575,On or near Brambles Court,E01027899,Selby 009D,Anti-social behaviour,,
,2019-03,North Yorkshire Police,North Yorkshire Police,-1.233547,53.757338,On or near Mill Close,E01027899,Selby 009D,Anti-social behaviour,,
,2019-03,North Yorkshire Police,North Yorkshire Police,-1.229999,53.754745,On or near Bedfords Fold,E01027899,Selby 009D,Anti-social behaviour,,
1b64e31bf4f0b2d22859ecc3449774f3854d6c2e250b5dcbe611f7ecd4050736,2019-03,North Yorkshire Police,North Yorkshire Police,-1.202903,53.755188,On or near Hillam Common Lane,E01027899,Selby 009D,Criminal damage and arson,Under investigation,
6375abce028974ee296eb15dcef248fa621e38118bfada89b6c4238002ce1150,2019-03,North Yorkshire Police,North Yorkshire Police,-1.233547,53.757338,On or near Mill Close,E01027899,Selby 009D,Criminal damage and arson,Unable to prosecute suspect,
328f5101e0916f47f5a8239c334ed9090b31d13e0d6da86cf6b3512f72777170,2019-03,North Yorkshire Police,North Yorkshire Police,-1.234763,53.761337,On or near Church Lane,E01027899,Selby 009D,Vehicle crime,Investigation complete; no suspect identified,
2964d296dd647cf3c462f368f497f082c985c4b93e7b50a973e59708053cad7c,2019-03,North Yorkshire Police,North Yorkshire Police,-1.227925,53.760349,On or near The Crescent,E01027899,Selby 009D,Vehicle crime,Investigation complete; no suspect identified,
d53f52cead2cca1e6f452de92cad43c29e81f1e4caf9407aa03f93cf72cf1a65,2019-03,North Yorkshire Police,North Yorkshire Police,-1.233547,53.757338,On or near Mill Close,E01027899,Selby 009D,Violence and sexual offences,Under investigation,
265ff59a5d6188a406dc5761af9a08c92c9bb73a256ea5899a501bbd3d752b1d,2019-03,North Yorkshire Police,North Yorkshire Police,-1.234763,53.761337,On or near Church Lane,E01027899,Selby 009D,Violence and sexual offences,Under investigation,
,2019-03,North Yorkshire Police,North Yorkshire Police,-1.152820,53.703278,On or near Vanbrugh Road,E01027889,Selby 010A,Anti-social behaviour,,
,2019-03,North Yorkshire Police,North Yorkshire Police,-1.164700,53.717599,On or near Manor Garth,E01027889,Selby 010A,Anti-social behaviour,,
,2019-03,North Yorkshire Police,North Yorkshire Police,-1.153970,53.701803,On or near Selby Road,E01027889,Selby 010A,Anti-social behaviour,,
,2019-03,North Yorkshire Police,North Yorkshire Police,-1.158221,53.699074,On or near Selby Road,E01027889,Selby 010A,Anti-social behaviour,,
,2019-03,North Yorkshire Police,North Yorkshire Police,-1.153970,53.701803,On or near Selby Road,E01027889,Selby 010A,Anti-social behaviour,,
aaa141a07f15f97a603f8e341d4f8327ef5ff58f05c356a8a3f6118db9acbc56,2019-03,North Yorkshire Police,North Yorkshire Police,-1.166349,53.719265,On or near Marsh Lane Gardens,E01027889,Selby 010A,Violence and sexual offences,Under investigation,
def833c118c2436445be157c2e1024b8828309f4a2e1494a3922ff087d7470d2,2019-03,North Yorkshire Police,North Yorkshire Police,-1.164700,53.717599,On or near Manor Garth,E01027889,Selby 010A,Violence and sexual offences,Under investigation,
ea5d650ca2e0d2dc578ceb52c08e417a91b6ee2b4a29e60feeca485994cbe8dd,2019-03,North Yorkshire Police,North Yorkshire Police,-1.152498,53.704984,On or near Green Acres,E01027889,Selby 010A,Violence and sexual offences,Under investigation,
2bf12832c9766497dd98e801472ea24b0e501b84a47239b41587cdb40eb5b6f1,2019-03,North Yorkshire Police,North Yorkshire Police,-1.152498,53.704984,On or near Green Acres,E01027889,Selby 010A,Violence and sexual offences,Under investigation,
02fde895064defab9417b1410d3b1226b6dc430b2cbee916928e99f971ca5294,2019-03,North Yorkshire Police,North Yorkshire Police,-1.167770,53.718717,On or near Low Road,E01027889,Selby 010A,Violence and sexual offences,Under investigation,
,2019-03,North Yorkshire Police,North Yorkshire Police,-1.127265,53.714987,On or near Park/Open Space,E01027890,Selby 010B,Anti-social behaviour,,
,2019-03,North Yorkshire Police,North Yorkshire Police,-1.156451,53.699700,On or near Cannon Hall Lane,E01027890,Selby 010B,Anti-social behaviour,,
,2019-03,North Yorkshire Police,North Yorkshire Police,-1.146897,53.704782,On or near Breamar Court,E01027890,Selby 010B,Anti-social behaviour,,
,2019-03,North Yorkshire Police,North Yorkshire Police,-1.146897,53.704782,On or near Breamar Court,E01027890,Selby 010B,Anti-social behaviour,,
,2019-03,North Yorkshire Police,North Yorkshire Police,-1.156451,53.699700,On or near Cannon Hall Lane,E01027890,Selby 010B,Anti-social behaviour,,
,2019-03,North Yorkshire Police,North Yorkshire Police,-1.040393,53.713774,On or near Bull Alley Lane,E01027890,Selby 010B,Anti-social behaviour,,
,2019-03,North Yorkshire Police,North Yorkshire Police,-1.156451,53.699700,On or near Cannon Hall Lane,E01027890,Selby 010B,Anti-social behaviour,,
c4448d07d4abf94a6099f77f59adf6785606b02850a6c98af670ee78ac83096b,2019-03,North Yorkshire Police,North Yorkshire Police,-1.155911,53.700990,On or near Carlton Close,E01027890,Selby 010B,Burglary,Under investigation,
c33427886e6ef27120a79b8c1ed2f949eb5ea31c2fb50c33f29032a46e1e7355,2019-03,North Yorkshire Police,North Yorkshire Police,-1.040393,53.713774,On or near Bull Alley Lane,E01027890,Selby 010B,Criminal damage and arson,Investigation complete; no suspect identified,
04e676958c9f44b6d28d1c047a33c1a42529b316d20836542e28cec283ef14f0,2019-03,North Yorkshire Police,North Yorkshire Police,-1.155911,53.700990,On or near Carlton Close,E01027890,Selby 010B,Criminal damage and arson,Investigation complete; no suspect identified,
58987f1c665ac8f03c1cdf0c44c1630093a0af98a2b91f2d54d11b5d3e916315,2019-03,North Yorkshire Police,North Yorkshire Police,-1.143559,53.732623,On or near Riverside Close,E01027890,Selby 010B,Criminal damage and arson,Investigation complete; no suspect identified,
f281a1a0a49b4169cc5cb8e66cae5de142bdf9fddc653b6d888fb874b23fec6e,2019-03,North Yorkshire Police,North Yorkshire Police,-1.040393,53.713774,On or near Bull Alley Lane,E01027890,Selby 010B,Other theft,Investigation complete; no suspect identified,
f4a1bec4171425d7da8675732607ba0639dcfc8750356e4c4c1b49c8cead565c,2019-03,North Yorkshire Police,North Yorkshire Police,-1.146208,53.705883,On or near Ryecroft Gardens,E01027890,Selby 010B,Violence and sexual offences,Under investigation,
d7fbaae9e8856a40abf3cdbe472e30e44642b1fba77f116cdd32153e1772883e,2019-03,North Yorkshire Police,North Yorkshire Police,-1.127265,53.714987,On or near Park/Open Space,E01027890,Selby 010B,Violence and sexual offences,Unable to prosecute suspect,
6a13ad997732c44074350d1243dbd83036e16788d75cb5a3affcaadb868243fb,2019-03,North Yorkshire Police,North Yorkshire Police,-1.157487,53.703185,On or near Kellington Lane,E01027890,Selby 010B,Violence and sexual offences,Under investigation,
,2019-03,North Yorkshire Police,North Yorkshire Police,-1.201753,53.667796,On or near Northfield Close,E01027923,Selby 010C,Anti-social behaviour,,
08d440b1f4cd3432e618a7064c2df6a77cc7bc3d92fa3f35a466b55119cb650f,2019-03,North Yorkshire Police,North Yorkshire Police,-1.233915,53.671152,On or near Bank Wood Road,E01027923,Selby 010C,Burglary,Investigation complete; no suspect identified,
ed02dcfe44f44817432dc316c41cf50b9ded6d4c07c62c8217a7c7b2b294cced,2019-03,North Yorkshire Police,North Yorkshire Police,-1.153557,53.681622,On or near Cathcart Close,E01027923,Selby 010C,Burglary,Under investigation,
b7ebd78ccbfce6413f4038d2687a0fcd786d857fe367efdcc672662a7aea94c8,2019-03,North Yorkshire Police,North Yorkshire Police,-1.201753,53.667796,On or near Northfield Close,E01027923,Selby 010C,Other crime,Offender given a caution,
001cf260006c3794553db44e8c51f7d7076b6bdc9b88c9ecdc41497ac5995276,2019-03,North Yorkshire Police,North Yorkshire Police,-1.200767,53.711131,On or near Weeland Road,E01027923,Selby 010C,Other crime,Under investigation,
,2019-03,North Yorkshire Police,North Yorkshire Police,-1.088309,53.665179,On or near Crosshill Lane,E01027924,Selby 010D,Anti-social behaviour,,
,2019-03,North Yorkshire Police,North Yorkshire Police,-1.088309,53.665179,On or near Crosshill Lane,E01027924,Selby 010D,Anti-social behaviour,,
644192d31fffa58d4755a595485235f015d64f6c97cd81cc4fce26cb7e408491,2019-03,North Yorkshire Police,North Yorkshire Police,-1.101412,53.709465,On or near Ings Lane,E01027924,Selby 010D,Burglary,Under investigation,
13977d381603029791c07e61e8bcd3d202dceaf91be48051ccb38634db4117b9,2019-03,North Yorkshire Police,North Yorkshire Police,-1.112496,53.667239,On or near Thorntree Lane,E01027924,Selby 010D,Burglary,Investigation complete; no suspect identified,
3dc61e4f2426d5a588e27c9ca80c234fa2a618425c9a967c4bab29a437c17649,2019-03,North Yorkshire Police,North Yorkshire Police,-1.147378,53.677236,On or near Hollybush Close,E01027924,Selby 010D,Burglary,Investigation complete; no suspect identified,
e4c3396c50def05c4d7be30db2321fbf7ac982de048f7aa16f3f6a6853e706bc,2019-03,North Yorkshire Police,North Yorkshire Police,-1.108564,53.682167,On or near Main Street,E01027924,Selby 010D,Burglary,Investigation complete; no suspect identified,
effe785b911afee4befcc11d38960bbee4b00c56d1e1a3bccfff67fedbe74c82,2019-03,North Yorkshire Police,North Yorkshire Police,-1.108564,53.682167,On or near Main Street,E01027924,Selby 010D,Criminal damage and arson,Investigation complete; no suspect identified,
2ad9987160df103bad7a5406df30bd5df152970f030ebcb93610003e6b2f7a6c,2019-03,North Yorkshire Police,North Yorkshire Police,-1.108564,53.682167,On or near Main Street,E01027924,Selby 010D,Criminal damage and arson,Investigation complete; no suspect identified,
942d0fe3245a12bd89b62762bfb93029b82f003f401cf1cb42e5a5648e389220,2019-03,North Yorkshire Police,North Yorkshire Police,-1.112975,53.699943,On or near Station Road,E01027924,Selby 010D,Criminal damage and arson,Unable to prosecute suspect,
0ea11ff8ac21cb6556bd05aea4eda63a9a06b7b501e1742ac0f09f162d43904f,2019-03,North Yorkshire Police,North Yorkshire Police,-1.152583,53.689417,On or near Whitley Farm Close,E01027924,Selby 010D,Criminal damage and arson,Under investigation,
3b4c36944c81c967853ee60a8fbaf851344a07e63d13e0e931b8e13ecfaefb2f,2019-03,North Yorkshire Police,North Yorkshire Police,-1.151814,53.686984,On or near Copper Beech Drive,E01027924,Selby 010D,Criminal damage and arson,Under investigation,
4cf23c232e9f02cb6eb40fc86146c6bb89c07b20002825537e282d47ef127353,2019-03,North Yorkshire Police,North Yorkshire Police,-1.153824,53.695519,On or near A19,E01027924,Selby 010D,Drugs,Awaiting court outcome,
a6c5036051468a48f9c9941e166cb45b5f2889fb447a9720900190cc2ce1ebb0,2019-03,North Yorkshire Police,North Yorkshire Police,-1.153824,53.695519,On or near A19,E01027924,Selby 010D,Vehicle crime,Under investigation,
677380a34b6a8db5e4afab84a91d198f801d91e8476841dcd283dbff09b4223a,2019-03,North Yorkshire Police,North Yorkshire Police,-1.149082,53.676799,On or near Silver Street,E01027924,Selby 010D,Violence and sexual offences,Under investigation,
52ce91b0c2f4b8af3350f9547c413cdd093ec81acf4ad7b338064ce96cdff668,2019-03,North Yorkshire Police,North Yorkshire Police,-1.104390,53.702612,On or near Field Lane,E01027924,Selby 010D,Violence and sexual offences,Local resolution,
fe75c454b4c880ddaf26418d204ceddb84242c1be7a3c1876df6714cf956f39c,2019-03,North Yorkshire Police,North Yorkshire Police,-1.145885,53.677675,On or near Lime Tree Drive,E01027924,Selby 010D,Violence and sexual offences,Under investigation,
b1d9652a199ccf8519c220e1dc5f0a8415b937b4d856578107b063bad2d645e5,2019-03,North Yorkshire Police,North Yorkshire Police,-1.153824,53.695519,On or near A19,E01027924,Selby 010D,Other crime,Awaiting court outcome,
,2019-03,North Yorkshire Police,North Yorkshire Police,-1.277752,53.713552,On or near Pollard'S Fields,E01011804,Wakefield 011B,Anti-social behaviour,,
,2019-03,North Yorkshire Police,North Yorkshire Police,-1.238848,53.626708,On or near Petrol Station,E01011856,Wakefield 041C,Anti-social behaviour,,
9d0178df2a4502b74f32196f6091f88a348acc5c3dba6b6010fd60a774234ef9,2019-03,North Yorkshire Police,North Yorkshire Police,-1.238848,53.626708,On or near Petrol Station,E01011856,Wakefield 041C,Other theft,Investigation complete; no suspect identified,
d094362cc4186c8cb2acbd08c057e17551a78142f4d930e629dba06587097811,2019-03,North Yorkshire Police,North Yorkshire Police,-1.034895,54.028219,On or near Hollis Crescent,E01013436,York 001A,Burglary,Investigation complete; no suspect identified,
21c4b448703e1712b19da9e5609a94b1e88c5af4254240c31119bd01292e5786,2019-03,North Yorkshire Police,North Yorkshire Police,-1.053628,54.011336,On or near The Garden Village,E01013436,York 001A,Criminal damage and arson,Under investigation,
5494429d2422c36b666a4d91a1b78bba3365334d0952fc244ac44a5f78da19b1,2019-03,North Yorkshire Police,North Yorkshire Police,-1.036085,54.029559,On or near Cumbrian Avenue,E01013436,York 001A,Violence and sexual offences,Under investigation,
84d2d3c6d01bfd8649243f4d8fbd4d05771d3568f2441ac1524534f014114f64,2019-03,North Yorkshire Police,North Yorkshire Police,-1.036085,54.029559,On or near Cumbrian Avenue,E01013436,York 001A,Violence and sexual offences,Under investigation,
,2019-03,North Yorkshire Police,North Yorkshire Police,-1.036724,54.039568,On or near Hawthorne Mews,E01013438,York 001B,Anti-social behaviour,,
,2019-03,North Yorkshire Police,North Yorkshire Police,-1.041425,54.035049,On or near Middlecroft Drive,E01013438,York 001B,Anti-social behaviour,,
,2019-03,North Yorkshire Police,North Yorkshire Police,-1.040374,54.036236,On or near Low Croft,E01013438,York 001B,Anti-social behaviour,,
,2019-03,North Yorkshire Police,North Yorkshire Police,-1.029150,54.042221,On or near Blacklee Close,E01013438,York 001B,Anti-social behaviour,,
,2019-03,North Yorkshire Police,North Yorkshire Police,-1.031381,54.040846,On or near Northfields,E01013438,York 001B,Anti-social behaviour,,
,2019-03,North Yorkshire Police,North Yorkshire Police,-1.040374,54.036236,On or near Low Croft,E01013438,York 001B,Anti-social behaviour,,
,2019-03,North Yorkshire Police,North Yorkshire Police,-1.034979,54.039122,On or near Southfields Road,E01013438,York 001B,Anti-social behaviour,,
,2019-03,North Yorkshire Police,North Yorkshire Police,-1.040374,54.036236,On or near Low Croft,E01013438,York 001B,Anti-social behaviour,,
f6f588359745371848aa5b014dd28dde407adde770e6505abd50a2cb053e720b,2019-03,North Yorkshire Police,North Yorkshire Police,-1.034979,54.039122,On or near Southfields Road,E01013438,York 001B,Other theft,Under investigation,
d4caa29c9dfdf4069d08b1ddc5c353baa5eb6bbaa70c7b7b7a86a5dd9e2758f8,2019-03,North Yorkshire Police,North Yorkshire Police,-1.032317,54.042615,On or near Terrington Close,E01013438,York 001B,Violence and sexual offences,Under investigation,
79a8f74560c43871a9ca3895be86254ac676b931ab17931234f1c05645d2e81d,2019-03,North Yorkshire Police,North Yorkshire Police,-1.034979,54.039122,On or near Southfields Road,E01013438,York 001B,Violence and sexual offences,Under investigation,
3b0739e72edc9055e3911de2d4bb216195831d1fe796960ab17eb1229238c654,2019-03,North Yorkshire Police,North Yorkshire Police,-1.029870,54.042766,On or near Chatsworth Avenue,E01013438,York 001B,Violence and sexual offences,Under investigation,
786e896525dbdbaf13916c70a60eec0262fad8a5cff136517e9d46a3c5fb063a,2019-03,North Yorkshire Police,North Yorkshire Police,-1.042943,54.035438,On or near Riverside Walk,E01013438,York 001B,Violence and sexual offences,Unable to prosecute suspect,
,2019-03,North Yorkshire Police,North Yorkshire Police,-1.028792,54.043153,On or near Duncombe Drive,E01013439,York 001C,Anti-social behaviour,,
,2019-03,North Yorkshire Police,North Yorkshire Police,-1.044400,54.036474,On or near Leyfield Close,E01013440,York 001D,Anti-social behaviour,,
,2019-03,North Yorkshire Police,North Yorkshire Police,-1.044356,54.033724,On or near Firbank Close,E01013440,York 001D,Anti-social behaviour,,
,2019-03,North Yorkshire Police,North Yorkshire Police,-1.040616,54.033712,On or near Ladysmith Mews,E01013440,York 001D,Anti-social behaviour,,
,2019-03,North Yorkshire Police,North Yorkshire Police,-1.035263,54.032761,On or near Oak Tree Way,E01013440,York 001D,Anti-social behaviour,,
,2019-03,North Yorkshire Police,North Yorkshire Police,-1.043280,54.031405,On or near Woodleigh Close,E01013440,York 001D,Anti-social behaviour,,
,2019-03,North Yorkshire Police,North Yorkshire Police,-1.038623,54.032087,On or near The Croft,E01013440,York 001D,Anti-social behaviour,,
3b4e484dcd9d0f9b9fd20429177bb9280957dc4fa99809d7ecca1192249098da,2019-03,North Yorkshire Police,North Yorkshire Police,-1.041270,54.032495,On or near Pelham Place,E01013440,York 001D,Criminal damage and arson,Investigation complete; no suspect identified,
e6bf13bc758091387bfcf33cd00f6e91c624bd237c58ce99f9afb4c178752c6f,2019-03,North Yorkshire Police,North Yorkshire Police,-1.041481,54.029270,On or near Wheatcroft,E01013440,York 001D,Criminal damage and arson,Under investigation,
f33de0e9edac2415d20fd7a01b8348e6a5639ac19cf0763f482d1a8f3b8b5db0,2019-03,North Yorkshire Police,North Yorkshire Police,-1.041270,54.032495,On or near Pelham Place,E01013440,York 001D,Shoplifting,Local resolution,
4bedf9918eb4a6940d31014c04f2c4c14ca968b3e361ab71d236558a1541511a,2019-03,North Yorkshire Police,North Yorkshire Police,-1.037630,54.034092,On or near Highlands Avenue,E01013440,York 001D,Violence and sexual offences,Under investigation,
dc39746f6332c96c7986a7eebca2b6d3f62bd99137c21991967e9abe846617e5,2019-03,North Yorkshire Police,North Yorkshire Police,-1.035263,54.032761,On or near Oak Tree Way,E01013440,York 001D,Violence and sexual offences,Unable to prosecute suspect,
,2019-03,North Yorkshire Police,North Yorkshire Police,-1.076715,54.011390,On or near Little Meadows,E01013370,York 002A,Anti-social behaviour,,
,2019-03,North Yorkshire Police,North Yorkshire Police,-1.074954,54.015798,On or near South Lane,E01013370,York 002A,Anti-social behaviour,,
,2019-03,North Yorkshire Police,North Yorkshire Police,-1.074954,54.015798,On or near South Lane,E01013370,York 002A,Anti-social behaviour,,
,2019-03,North Yorkshire Police,North Yorkshire Police,-1.074954,54.015798,On or near South Lane,E01013370,York 002A,Anti-social behaviour,,
,2019-03,North Yorkshire Police,North Yorkshire Police,-1.074954,54.015798,On or near South Lane,E01013370,York 002A,Anti-social behaviour,,
,2019-03,North Yorkshire Police,North Yorkshire Police,-1.074954,54.015798,On or near South Lane,E01013370,York 002A,Anti-social behaviour,,
,2019-03,North Yorkshire Police,North Yorkshire Police,-1.076844,54.016604,On or near The Village,E01013370,York 002A,Anti-social behaviour,,
,2019-03,North Yorkshire Police,North Yorkshire Police,-1.078252,54.015752,On or near Headland Close,E01013370,York 002A,Anti-social behaviour,,
e5f2284f9e63f46b708b62be08b56a64fa74a1a1a76d90313556c1039efaff25,2019-03,North Yorkshire Police,North Yorkshire Police,-1.074954,54.015798,On or near South Lane,E01013370,York 002A,Criminal damage and arson,Investigation complete; no suspect identified,
fa963d782332938ab6986bccfd9ebbee85f6cd378677d7c2f76a9ae31fb06b25,2019-03,North Yorkshire Police,North Yorkshire Police,-1.078252,54.015752,On or near Headland Close,E01013370,York 002A,Criminal damage and arson,Investigation complete; no suspect identified,
c4777c7d0bd6838a82083f82095ac17d6fd5db41bc84e125eb2f9f7437e621ea,2019-03,North Yorkshire Police,North Yorkshire Police,-1.074954,54.015798,On or near South Lane,E01013370,York 002A,Drugs,Local resolution,
342737060b35b47f059a34b18e2a86a76f7c08926e3861f3bb2b4bc2bbb7e36e,2019-03,North Yorkshire Police,North Yorkshire Police,-1.076228,54.014109,On or near Parkland Way,E01013370,York 002A,Drugs,Under investigation,
86337117879fba5d4a84a652d563e0a415c7c9140f8b097eb3cb8257d3a19f89,2019-03,North Yorkshire Police,North Yorkshire Police,-1.074954,54.015798,On or near South Lane,E01013370,York 002A,Drugs,Local resolution,
e3b0f1b4c36e5a1dc66fb381e50eeb57f1aba50937303bdc6ec673a63a24d346,2019-03,North Yorkshire Police,North Yorkshire Police,-1.080197,54.013376,On or near Rye Close,E01013370,York 002A,Robbery,Under investigation,
05857ee2a5c7e69a0f9a85426718d438a40c3655b4cfd14f0f04a0625ce0420e,2019-03,North Yorkshire Police,North Yorkshire Police,-1.074954,54.015798,On or near South Lane,E01013370,York 002A,Shoplifting,Under investigation,
f08cf75438580abbe4377eb867024de355ac2055ff48be77fc5fc79cde5628aa,2019-03,North Yorkshire Police,North Yorkshire Police,-1.074954,54.015798,On or near South Lane,E01013370,York 002A,Shoplifting,Under investigation,
9f382c6735cdce0cb0a1a626fffb2ddd6f9d9202044e0e776107e9439d31a845,2019-03,North Yorkshire Police,North Yorkshire Police,-1.074954,54.015798,On or near South Lane,E01013370,York 002A,Violence and sexual offences,Under investigation,
7b92919a297a4ab0ff1fd77f8180f223d109d7f34f76b8f12c5d6d74576331fa,2019-03,North Yorkshire Police,North Yorkshire Police,-1.074954,54.015798,On or near South Lane,E01013370,York 002A,Violence and sexual offences,Under investigation,
e748e2a384cd21d479c6b9f8c5b761f6293beb7f16efbb6713f7353c574d4496,2019-03,North Yorkshire Police,North Yorkshire Police,-1.074954,54.015798,On or near South Lane,E01013370,York 002A,Violence and sexual offences,Unable to prosecute suspect,
,2019-03,North Yorkshire Police,North Yorkshire Police,-1.069766,54.015776,On or near Hall Rise,E01013373,York 002B,Anti-social behaviour,,
,2019-03,North Yorkshire Police,North Yorkshire Police,-1.073586,54.014889,On or near Orchard Paddock,E01013373,York 002B,Anti-social behaviour,,
,2019-03,North Yorkshire Police,North Yorkshire Police,-1.073586,54.014889,On or near Orchard Paddock,E01013373,York 002B,Anti-social behaviour,,
,2019-03,North Yorkshire Police,North Yorkshire Police,-1.073586,54.014889,On or near Orchard Paddock,E01013373,York 002B,Anti-social behaviour,,
,2019-03,North Yorkshire Police,North Yorkshire Police,-1.073586,54.014889,On or near Orchard Paddock,E01013373,York 002B,Anti-social behaviour,,
d1f0464e43fb3be44f337764cabee83782f881e59406b0bb5f9fd30c77814ed4,2019-03,North Yorkshire Police,North Yorkshire Police,-1.075716,54.015184,On or near Abelton Grove,E01013373,York 002B,Criminal damage and arson,Investigation complete; no suspect identified,
d7348d3e7c5d676ecf68aaf4e4b3b59f28748e354793534b5c80a21909e0eecc,2019-03,North Yorkshire Police,North Yorkshire Police,-1.065933,54.015854,On or near Petrol Station,E01013373,York 002B,Violence and sexual offences,Under investigation,
9f29c8a29157ca40af02037acf6f7d10a1d842d090bc565c9aee655171788d4c,2019-03,North Yorkshire Police,North Yorkshire Police,-1.071271,54.013963,On or near Parking Area,E01013373,York 002B,Violence and sexual offences,Under investigation,
7d8b1e58aefe9d81b380ce20c8818dcee8fcd99df677d077574ef02a0d05b63e,2019-03,North Yorkshire Police,North Yorkshire Police,-1.068251,54.012547,On or near Lady Kell Gardens,E01013373,York 002B,Violence and sexual offences,Under investigation,
eefb503372e65e55b61869e031277efd595866ee4973fd35e21b94c54f59d2f9,2019-03,North Yorkshire Police,North Yorkshire Police,-1.077094,54.012920,On or near Meadow Lane,E01013373,York 002B,Violence and sexual offences,Under investigation,
,2019-03,North Yorkshire Police,North Yorkshire Police,-1.066465,54.017314,On or near Falcon Close,E01013375,York 002C,Anti-social behaviour,,
,2019-03,North Yorkshire Police,North Yorkshire Police,-1.059814,54.016517,On or near Garths End,E01013375,York 002C,Anti-social behaviour,,
,2019-03,North Yorkshire Police,North Yorkshire Police,-1.066465,54.017314,On or near Falcon Close,E01013375,York 002C,Anti-social behaviour,,
19201a3f01e45e2c47e5faffe7ee0dce4ecd16ec6ca24150db27d12175de19b8,2019-03,North Yorkshire Police,North Yorkshire Police,-1.058107,54.018418,On or near Riversdale,E01013375,York 002C,Violence and sexual offences,Under investigation,
01e7f87ea724d103704ffe8524cb77326265a0b58f1f364e0a5ce0f6e50c005a,2019-03,North Yorkshire Police,North Yorkshire Police,-1.058107,54.018418,On or near Riversdale,E01013375,York 002C,Violence and sexual offences,Under investigation,
,2019-03,North Yorkshire Police,North Yorkshire Police,-1.072825,54.030594,On or near Crossmoor Lane,E01013376,York 002D,Anti-social behaviour,,
,2019-03,North Yorkshire Police,North Yorkshire Police,-1.071578,54.018001,On or near Reid Park,E01013376,York 002D,Anti-social behaviour,,
96236e2b8a8d7ea6edccba4894917e03213df8117a7e706a4a054e2be449c56b,2019-03,North Yorkshire Police,North Yorkshire Police,-1.075261,54.018470,On or near Hawthorn Avenue,E01013376,York 002D,Violence and sexual offences,Under investigation,
a156ce2ea9bc29369102643529918132dbca35114b52b78e2f26133119e8dc3e,2019-03,North Yorkshire Police,North Yorkshire Police,-1.072825,54.030594,On or near Crossmoor Lane,E01013376,York 002D,Other crime,Action to be taken by another organisation,
,2019-03,North Yorkshire Police,North Yorkshire Police,-1.083286,54.008213,On or near Broad Acres,E01013371,York 003A,Anti-social behaviour,,
,2019-03,North Yorkshire Police,North Yorkshire Police,-1.083286,54.008213,On or near Broad Acres,E01013371,York 003A,Anti-social behaviour,,
,2019-03,North Yorkshire Police,North Yorkshire Police,-1.084201,54.010997,On or near Green Dike,E01013371,York 003A,Anti-social behaviour,,
,2019-03,North Yorkshire Police,North Yorkshire Police,-1.083286,54.008213,On or near Broad Acres,E01013371,York 003A,Anti-social behaviour,,
,2019-03,North Yorkshire Police,North Yorkshire Police,-1.083286,54.008213,On or near Broad Acres,E01013371,York 003A,Anti-social behaviour,,
,2019-03,North Yorkshire Police,North Yorkshire Police,-1.081205,54.005690,On or near Sandringham Close,E01013371,York 003A,Anti-social behaviour,,
f95ab74fe58f8ebe663aa19facec64b2c2a5c133740f817467c3229dd3575d56,2019-03,North Yorkshire Police,North Yorkshire Police,-1.080920,54.009642,On or near Ploughmans' Lane,E01013371,York 003A,Violence and sexual offences,Under investigation,
f3bc0b386644c928d599ad4d817fd75eea5cef51b619c6d887759e07bc230064,2019-03,North Yorkshire Police,North Yorkshire Police,-1.080183,54.020233,On or near Southlands,E01013372,York 003B,Violence and sexual offences,Offender given a caution,
,2019-03,North Yorkshire Police,North Yorkshire Police,-1.079251,54.009198,On or near Oak Tree Lane,E01013374,York 003C,Anti-social behaviour,,
,2019-03,North Yorkshire Police,North Yorkshire Police,-1.079251,54.009198,On or near Oak Tree Lane,E01013374,York 003C,Anti-social behaviour,,
,2019-03,North Yorkshire Police,North Yorkshire Police,-1.079820,54.009715,On or near Ploughlands,E01013374,York 003C,Anti-social behaviour,,
,2019-03,North Yorkshire Police,North Yorkshire Police,-1.079251,54.009198,On or near Oak Tree Lane,E01013374,York 003C,Anti-social behaviour,,
89c5d08bfc7a2dbf3a033580218f1e4cf1553bb37ebce6f0b892bce3bb9deb0f,2019-03,North Yorkshire Police,North Yorkshire Police,-1.075652,54.004964,On or near Hilbra Avenue,E01013374,York 003C,Violence and sexual offences,Under investigation,
c74773b43c04f4d5b606897df8c4031241b63529f19910d3dc07eaa04bd88332,2019-03,North Yorkshire Police,North Yorkshire Police,-1.072686,54.006640,On or near Rosecomb Way,E01013374,York 003C,Violence and sexual offences,Under investigation,
18203d0319628625b9fc193313de1b125d483c7a12881746313d7e8dc7a81a2f,2019-03,North Yorkshire Police,North Yorkshire Police,-1.114803,54.028690,On or near Bull Lane,E01013377,York 003D,Burglary,Investigation complete; no suspect identified,
1cb75da4499ec0253986cfc51954a75dcd357d7f1c3397de61ab059712d5eae2,2019-03,North Yorkshire Police,North Yorkshire Police,-1.097107,54.017539,On or near Corner Close,E01013377,York 003D,Other theft,Under investigation,
05c265962301e067a579875682cfc2d2392fb05d6f2f0c2bedefa6ca4f8e49c0,2019-03,North Yorkshire Police,North Yorkshire Police,-1.098690,54.021964,On or near Green Lane,E01013377,York 003D,Public order,Under investigation,
b9fff3f2b4852f0446852f8ac0a165462b403fc0b2a82ae67e3e0b17df3a07cf,2019-03,North Yorkshire Police,North Yorkshire Police,-1.092291,54.019319,On or near Town End Gardens,E01013377,York 003D,Vehicle crime,Investigation complete; no suspect identified,
,2019-03,North Yorkshire Police,North Yorkshire Police,-1.066299,53.989298,On or near Alderley Court,E01013404,York 004A,Anti-social behaviour,,
,2019-03,North Yorkshire Police,North Yorkshire Police,-1.074036,53.988396,On or near White Rose Grove,E01013404,York 004A,Anti-social behaviour,,
,2019-03,North Yorkshire Police,North Yorkshire Police,-1.074036,53.988396,On or near White Rose Grove,E01013404,York 004A,Anti-social behaviour,,
,2019-03,North Yorkshire Police,North Yorkshire Police,-1.075155,53.989519,On or near Sports/Recreation Area,E01013404,York 004A,Anti-social behaviour,,
,2019-03,North Yorkshire Police,North Yorkshire Police,-1.074036,53.988396,On or near White Rose Grove,E01013404,York 004A,Anti-social behaviour,,
,2019-03,North Yorkshire Police,North Yorkshire Police,-1.075358,53.986581,On or near Alder Way,E01013404,York 004A,Anti-social behaviour,,
,2019-03,North Yorkshire Police,North Yorkshire Police,-1.076209,53.992223,On or near Lilac Grove,E01013404,York 004A,Anti-social behaviour,,
,2019-03,North Yorkshire Police,North Yorkshire Police,-1.076405,53.991623,On or near Crabtree Grove,E01013404,York 004A,Anti-social behaviour,,
,2019-03,North Yorkshire Police,North Yorkshire Police,-1.066299,53.989298,On or near Alderley Court,E01013404,York 004A,Anti-social behaviour,,
,2019-03,North Yorkshire Police,North Yorkshire Police,-1.074036,53.988396,On or near White Rose Grove,E01013404,York 004A,Anti-social behaviour,,
af623b3fc73e49da7913d1d02534762ca28ca89a0a793fb89d356f6d7e4454fd,2019-03,North Yorkshire Police,North Yorkshire Police,-1.069999,53.984086,On or near Meadowfields Drive,E01013404,York 004A,Burglary,Investigation complete; no suspect identified,
8e68e5efc5825d20d68168f83e36c64cb7654e05cb36339470786f5a1f850936,2019-03,North Yorkshire Police,North Yorkshire Police,-1.079309,53.990674,On or near Sports/Recreation Area,E01013404,York 004A,Burglary,Under investigation,
03851d75f886671d573ada5d09922c1176431c1051286fe1fe6d8c44a1154e5a,2019-03,North Yorkshire Police,North Yorkshire Police,-1.066299,53.989298,On or near Alderley Court,E01013404,York 004A,Criminal damage and arson,Investigation complete; no suspect identified,
b983109ce6313561eba0041a396b31eaa92289dccaf48fa16bce8773a2336ff8,2019-03,North Yorkshire Police,North Yorkshire Police,-1.074036,53.988396,On or near White Rose Grove,E01013404,York 004A,Criminal damage and arson,Investigation complete; no suspect identified,
a681e5519279ab52dbd89c5626d0bfa181a99d4717c09872b779cc875dd0c70a,2019-03,North Yorkshire Police,North Yorkshire Police,-1.065174,53.991185,On or near Arbor Close,E01013404,York 004A,Criminal damage and arson,Unable to prosecute suspect,
6e9a1c793169acc8a636833bd559f37759d9ae098f4d1dfbc22e1d5f0e6f945d,2019-03,North Yorkshire Police,North Yorkshire Police,-1.074036,53.988396,On or near White Rose Grove,E01013404,York 004A,Criminal damage and arson,Investigation complete; no suspect identified,
5575b0e588c3eb8b63fd955ad7155892c94212257046a6f0e6a18101ebc899fc,2019-03,North Yorkshire Police,North Yorkshire Police,-1.069999,53.984086,On or near Meadowfields Drive,E01013404,York 004A,Other theft,Investigation complete; no suspect identified,
20d3d25b26658c23e795baee182ec1b3bdc0dc8bbbec86d22c18d75f4cad621d,2019-03,North Yorkshire Police,North Yorkshire Police,-1.066299,53.989298,On or near Alderley Court,E01013404,York 004A,Theft from the person,Under investigation,
9c66875e08c17199bfcb3dd49f33be8e069dba1b42c5cd5f787ce01871f16244,2019-03,North Yorkshire Police,North Yorkshire Police,-1.076405,53.991623,On or near Crabtree Grove,E01013404,York 004A,Violence and sexual offences,Under investigation,
87a4a064849d47c6e9090794bfc5e1c90b31f626af7405beaa67ac40b752fe61,2019-03,North Yorkshire Police,North Yorkshire Police,-1.076405,53.991623,On or near Crabtree Grove,E01013404,York 004A,Violence and sexual offences,Under investigation,
b9758cd7a8f8b6dbfaf2e8044ee5ed3b6c2a7773a3ef9e7e71005a44ece4592a,2019-03,North Yorkshire Police,North Yorkshire Police,-1.076405,53.991623,On or near Crabtree Grove,E01013404,York 004A,Violence and sexual offences,Under investigation,
b0b377e5a6c56dfe207fda4084345585be873ca8fe6dde2a60201878d0e88d79,2019-03,North Yorkshire Police,North Yorkshire Police,-1.076938,53.986153,On or near Aucuba Close,E01013404,York 004A,Violence and sexual offences,Under investigation,
d449541d2e2899a1177c1ae060e6a79a49f34e15ca528b2ce7b8a2d8622ef573,2019-03,North Yorkshire Police,North Yorkshire Police,-1.066299,53.989298,On or near Alderley Court,E01013404,York 004A,Violence and sexual offences,Under investigation,
,2019-03,North Yorkshire Police,North Yorkshire Police,-1.058451,53.997811,On or near Keswick Way,E01013407,York 004B,Anti-social behaviour,,
,2019-03,North Yorkshire Police,North Yorkshire Police,-1.072671,54.001112,On or near Haxby Road,E01013407,York 004B,Anti-social behaviour,,
,2019-03,North Yorkshire Police,North Yorkshire Police,-1.058268,53.998484,On or near Northmoor Close,E01013407,York 004B,Anti-social behaviour,,
,2019-03,North Yorkshire Police,North Yorkshire Police,-1.058268,53.998484,On or near Northmoor Close,E01013407,York 004B,Anti-social behaviour,,
,2019-03,North Yorkshire Police,North Yorkshire Police,-1.072671,54.001112,On or near Haxby Road,E01013407,York 004B,Anti-social behaviour,,
3beb2d580d4c270db44592b121152f03a72f29ed32299d8ad9632e9b69a99ec2,2019-03,North Yorkshire Police,North Yorkshire Police,-1.072438,53.996491,On or near Ryehill Close,E01013407,York 004B,Burglary,Under investigation,
c44bb2919e53500446d1dcf7d2690347bb7ae402f2b032b42b349b77e8005da3,2019-03,North Yorkshire Police,North Yorkshire Police,-1.073369,53.995114,On or near Kenlay Close,E01013407,York 004B,Criminal damage and arson,Investigation complete; no suspect identified,
4d66bf1f412b1f2c2bbe9619d8502ece5990ec0285234327f6eae7b426e8beb3,2019-03,North Yorkshire Police,North Yorkshire Police,-1.073528,54.004417,On or near York Road,E01013407,York 004B,Other theft,Investigation complete; no suspect identified,
f251fd9db12a9274fffef08451f919741c6a7e26a2b8f63e4cbe9d44dc13e897,2019-03,North Yorkshire Police,North Yorkshire Police,-1.057920,53.996989,On or near White Horse Close,E01013407,York 004B,Shoplifting,Under investigation,
359f26ac7b204d0b920a900817983cf6569523116d3816beccccbca0d16ac326,2019-03,North Yorkshire Police,North Yorkshire Police,-1.082666,53.998259,On or near Parking Area,E01013407,York 004B,Violence and sexual offences,Under investigation,
5cddee8ee33fca5e110e664dc290cd4127c42e48508ce2f4d1fb9a210cbbcf00,2019-03,North Yorkshire Police,North Yorkshire Police,-1.072438,53.996491,On or near Ryehill Close,E01013407,York 004B,Violence and sexual offences,Under investigation,
e679f1465a28fbe5f11f145f813973b627240624f79aea9d0ddb4f93408e1cd5,2019-03,North Yorkshire Police,North Yorkshire Police,-1.067783,53.990477,On or near Sports/Recreation Area,E01013407,York 004B,Violence and sexual offences,Under investigation,
114006b196075d46c2aedb95b39e81d0b6440d8ba543f612b5f41e20fcc87d0d,2019-03,North Yorkshire Police,North Yorkshire Police,-1.073556,53.996292,On or near Lucombe Way,E01013407,York 004B,Violence and sexual offences,Under investigation,
2888fb8141695fb7171cca846560c3eefbf78ca9faaad66fa16339f31e00cb0e,2019-03,North Yorkshire Police,North Yorkshire Police,-1.072438,53.996491,On or near Ryehill Close,E01013407,York 004B,Violence and sexual offences,Under investigation,
,2019-03,North Yorkshire Police,North Yorkshire Police,-1.055625,54.004683,On or near Strensall Road,E01013408,York 004C,Anti-social behaviour,,
,2019-03,North Yorkshire Police,North Yorkshire Police,-1.071311,53.993678,On or near Hawthorn Terrace North,E01013410,York 004D,Anti-social behaviour,,
,2019-03,North Yorkshire Police,North Yorkshire Police,-1.071353,53.989031,On or near Station Avenue,E01013410,York 004D,Anti-social behaviour,,
,2019-03,North Yorkshire Police,North Yorkshire Police,-1.071573,53.991496,On or near Hawthorn Terrace Central,E01013410,York 004D,Anti-social behaviour,,
,2019-03,North Yorkshire Police,North Yorkshire Police,-1.071573,53.991496,On or near Hawthorn Terrace Central,E01013410,York 004D,Anti-social behaviour,,
,2019-03,North Yorkshire Police,North Yorkshire Police,-1.071573,53.991496,On or near Hawthorn Terrace Central,E01013410,York 004D,Anti-social behaviour,,
,2019-03,North Yorkshire Police,North Yorkshire Police,-1.071573,53.991496,On or near Hawthorn Terrace Central,E01013410,York 004D,Anti-social behaviour,,
,2019-03,North Yorkshire Police,North Yorkshire Police,-1.071311,53.993678,On or near Hawthorn Terrace North,E01013410,York 004D,Anti-social behaviour,,
,2019-03,North Yorkshire Police,North Yorkshire Police,-1.071573,53.991496,On or near Hawthorn Terrace Central,E01013410,York 004D,Anti-social behaviour,,
,2019-03,North Yorkshire Police,North Yorkshire Police,-1.071311,53.993678,On or near Hawthorn Terrace North,E01013410,York 004D,Anti-social behaviour,,
,2019-03,North Yorkshire Police,North Yorkshire Police,-1.071573,53.991496,On or near Hawthorn Terrace Central,E01013410,York 004D,Anti-social behaviour,,
032091a3cdc1bcaf475bc5a1aa586e58a4bfb61b175c38d86ac2072a35242335,2019-03,North Yorkshire Police,North Yorkshire Police,-1.071573,53.991496,On or near Hawthorn Terrace Central,E01013410,York 004D,Burglary,Investigation complete; no suspect identified,
10fa804e5daf84d28625b1f66ccc153b8040603fa5f8805c60f169b07afb7878,2019-03,North Yorkshire Police,North Yorkshire Police,-1.071311,53.993678,On or near Hawthorn Terrace North,E01013410,York 004D,Burglary,Investigation complete; no suspect identified,
ef252fbc4d32237f3eaead82d2acc1ccb9596f88ef725ce0c11350a729405cb6,2019-03,North Yorkshire Police,North Yorkshire Police,-1.072130,53.992506,On or near Sycamore Avenue,E01013410,York 004D,Criminal damage and arson,Investigation complete; no suspect identified,
65e336d59c0740993c47c740daad50875d1a43d06d6caac5284c30798a58d166,2019-03,North Yorkshire Police,North Yorkshire Police,-1.072030,53.990160,On or near Hawthorn Terrace South,E01013410,York 004D,Possession of weapons,Under investigation,
92e6409ede91733386170a4e2fe86a284075b239afd4cae11203c7774ac59f16,2019-03,North Yorkshire Police,North Yorkshire Police,-1.072130,53.992506,On or near Sycamore Avenue,E01013410,York 004D,Theft from the person,Under investigation,
58c45a0598b609a107db56add572586420836dd0713c6c271e5c385669e370d4,2019-03,North Yorkshire Police,North Yorkshire Police,-1.071353,53.989031,On or near Station Avenue,E01013410,York 004D,Violence and sexual offences,Under investigation,
724d10fab9c1163175f6cdd875b5f4cce3155b4e1e99e49606e70450ad302224,2019-03,North Yorkshire Police,North Yorkshire Police,-1.071353,53.989031,On or near Station Avenue,E01013410,York 004D,Violence and sexual offences,Under investigation,
b4c7fd2fe23170e7e64372e8ea83c477a95e85184a5c8b09397288027dd2a1ed,2019-03,North Yorkshire Police,North Yorkshire Police,-1.073171,53.993045,On or near Cherry Tree Avenue,E01013410,York 004D,Violence and sexual offences,Unable to prosecute suspect,
57c6dcb2161a33947080fcd50ff9885d92d83ef1f4d650adb355da2a3f98448e,2019-03,North Yorkshire Police,North Yorkshire Police,-1.067582,53.983753,On or near Blackthorn Drive,E01013405,York 005A,Drugs,Offender given a drugs possession warning,
df8a758c7040afbda0168eb2200b7f383fdafac1b20da2a87af5e1c0f00180dc,2019-03,North Yorkshire Police,North Yorkshire Police,-1.067582,53.983753,On or near Blackthorn Drive,E01013405,York 005A,Shoplifting,Under investigation,
04e3d3648c3360b4e0adf3b4f8ab13a5cfb6c1afd650dc8c4eac9c1b4d4f99f9,2019-03,North Yorkshire Police,North Yorkshire Police,-1.067582,53.983753,On or near Blackthorn Drive,E01013405,York 005A,Violence and sexual offences,Under investigation,
,2019-03,North Yorkshire Police,North Yorkshire Police,-1.062010,53.979251,On or near Carrnock Court,E01013406,York 005B,Anti-social behaviour,,
,2019-03,North Yorkshire Police,North Yorkshire Police,-1.068341,53.980469,On or near Waterdale Park,E01013406,York 005B,Anti-social behaviour,,
,2019-03,North Yorkshire Police,North Yorkshire Police,-1.068341,53.980469,On or near Waterdale Park,E01013406,York 005B,Anti-social behaviour,,
,2019-03,North Yorkshire Police,North Yorkshire Police,-1.068341,53.980469,On or near Waterdale Park,E01013406,York 005B,Anti-social behaviour,,
c76014449540b86c48ea0c06e401b442b317a24e724fcdddb12bc53971957d58,2019-03,North Yorkshire Police,North Yorkshire Police,-1.065340,53.979673,On or near Nightingale Close,E01013406,York 005B,Other theft,Under investigation,
e2f0bed68842927b19a5995e84b2134d03196027f428ccaa89244fd5ced27e10,2019-03,North Yorkshire Police,North Yorkshire Police,-1.065340,53.979673,On or near Nightingale Close,E01013406,York 005B,Vehicle crime,Under investigation,
f976381cf0399f69d281a83eb972e30048b2946bf2317e618346686004b2a439,2019-03,North Yorkshire Police,North Yorkshire Police,-1.063641,53.978599,On or near Dickens Close,E01013406,York 005B,Violence and sexual offences,Under investigation,
7dd275fc92f4b7482dbbcc816933b38fe0c370d82b2534ee872f9420f2b987a6,2019-03,North Yorkshire Police,North Yorkshire Police,-1.060585,53.980903,On or near Dalby Mead,E01013406,York 005B,Violence and sexual offences,Under investigation,
58177e24850608099b7cea0965847b800358928e924a572b0b00295f06b3e3e6,2019-03,North Yorkshire Police,North Yorkshire Police,-1.060712,53.979331,On or near Theresa Close,E01013406,York 005B,Violence and sexual offences,Under investigation,
daef9ebda60901b5c6fba0b32d09994cce7c77853eb4c7e827bcd1226e101567,2019-03,North Yorkshire Police,North Yorkshire Police,-1.060585,53.980903,On or near Dalby Mead,E01013406,York 005B,Violence and sexual offences,Under investigation,
d447f77a7c6026191b8fdcc2440b4f99a2f7b525fa56e91d2e3994392d532afa,2019-03,North Yorkshire Police,North Yorkshire Police,-1.060979,53.979693,On or near Geldof Road,E01013406,York 005B,Violence and sexual offences,Under investigation,
2eebc602ba124ff4096e8a8ff3ff910d8ea4f82997e9a8f80beb4ca8f393a1e9,2019-03,North Yorkshire Police,North Yorkshire Police,-1.062887,53.978207,On or near Albert Close,E01013406,York 005B,Violence and sexual offences,Unable to prosecute suspect,
3564e2b3560367642546f53244bdcac3f071bf945f6b97c3cef85354132e17f7,2019-03,North Yorkshire Police,North Yorkshire Police,-1.064300,53.979126,On or near Victoria Way,E01013406,York 005B,Violence and sexual offences,Under investigation,
69949e73403e700dff1e7e7c5569c0507c02135256806ffbb98f82e26b95087a,2019-03,North Yorkshire Police,North Yorkshire Police,-1.060585,53.980903,On or near Dalby Mead,E01013406,York 005B,Violence and sexual offences,Under investigation,
d2c8df9d1e561247941b14b5a42aa0007d4062c11637ab67f8ce907877d153cb,2019-03,North Yorkshire Police,North Yorkshire Police,-1.060979,53.979693,On or near Geldof Road,E01013406,York 005B,Violence and sexual offences,Under investigation,
,2019-03,North Yorkshire Police,North Yorkshire Police,-1.047132,53.985094,On or near Julia Avenue,E01013409,York 005C,Anti-social behaviour,,
,2019-03,North Yorkshire Police,North Yorkshire Police,-1.045809,53.986251,On or near Petrol Station,E01013409,York 005C,Anti-social behaviour,,
,2019-03,North Yorkshire Police,North Yorkshire Police,-1.027406,53.989960,On or near Malton Road,E01013409,York 005C,Anti-social behaviour,,
,2019-03,North Yorkshire Police,North Yorkshire Police,-1.047005,53.988634,On or near Shopping Area,E01013409,York 005C,Anti-social behaviour,,
,2019-03,North Yorkshire Police,North Yorkshire Police,-1.047132,53.985094,On or near Julia Avenue,E01013409,York 005C,Anti-social behaviour,,
,2019-03,North Yorkshire Police,North Yorkshire Police,-1.057782,53.986184,On or near Saddlers Close,E01013409,York 005C,Anti-social behaviour,,
,2019-03,North Yorkshire Police,North Yorkshire Police,-1.056934,53.992002,On or near Brecks Lane,E01013409,York 005C,Anti-social behaviour,,
,2019-03,North Yorkshire Police,North Yorkshire Police,-1.055450,53.986139,On or near Forge Close,E01013409,York 005C,Anti-social behaviour,,
bd7107c2aa2ad8ae69daa5f0c8bf50b95a6efb0d4da71757fad142bbfeff544c,2019-03,North Yorkshire Police,North Yorkshire Police,-1.043639,53.986459,On or near Supermarket,E01013409,York 005C,Bicycle theft,Investigation complete; no suspect identified,
f63b37c987cb5ad1ff394c6c85cd791a6972112be550d5c6497adf667668bc48,2019-03,North Yorkshire Police,North Yorkshire Police,-1.055450,53.986139,On or near Forge Close,E01013409,York 005C,Burglary,Investigation complete; no suspect identified,
db127ff8a59eea863f62ce69fbf328a96380ab3aa612276b6c94d461aacec4f3,2019-03,North Yorkshire Police,North Yorkshire Police,-1.043639,53.986459,On or near Supermarket,E01013409,York 005C,Other theft,Under investigation,
4252b11cbc693d68a2051cd4cf5c4a3d2997f4ef965eb68336cf448856557522,2019-03,North Yorkshire Police,North Yorkshire Police,-1.053268,53.984836,On or near Sports/Recreation Area,E01013409,York 005C,Other theft,Investigation complete; no suspect identified,
39df7071dfdc6a7ec12f5e80476b18342ecea0b0aed1b793db06eace3fca02f0,2019-03,North Yorkshire Police,North Yorkshire Police,-1.053268,53.984836,On or near Sports/Recreation Area,E01013409,York 005C,Other theft,Investigation complete; no suspect identified,
864d54b7373fa3c21968acd29bf5157666a06b91b2fd74dee32f1c1f9c4bfaa4,2019-03,North Yorkshire Police,North Yorkshire Police,-1.046454,53.988719,On or near Shopping Area,E01013409,York 005C,Other theft,Under investigation,
450735fcfc1b6020fd064758b260cb37002ef109bc847543f7e1a213c6029392,2019-03,North Yorkshire Police,North Yorkshire Police,-1.043639,53.986459,On or near Supermarket,E01013409,York 005C,Shoplifting,Under investigation,
6eeef56696b5e6b64d56fdd84ab0cad29ac8a369d029950ff8a697430cef69f4,2019-03,North Yorkshire Police,North Yorkshire Police,-1.043639,53.986459,On or near Supermarket,E01013409,York 005C,Shoplifting,Local resolution,
31eb724f9b3ebd5c6bbbdf2da222281ad9b686a5390e21cadd5323a30e360a5c,2019-03,North Yorkshire Police,North Yorkshire Police,-1.047005,53.988634,On or near Shopping Area,E01013409,York 005C,Shoplifting,Under investigation,
7ef1e4ee3c082af09a6f634f48d7abc731701cd19042dc75423d6deb0fb7bb59,2019-03,North Yorkshire Police,North Yorkshire Police,-1.047005,53.988634,On or near Shopping Area,E01013409,York 005C,Shoplifting,Investigation complete; no suspect identified,
5740ec67177a68fa6ad8c99e331baaea335213b2eec1e4a5343f4d948581d9e5,2019-03,North Yorkshire Police,North Yorkshire Police,-1.047005,53.988634,On or near Shopping Area,E01013409,York 005C,Shoplifting,Under investigation,
7f1fd05560433be7f131bbd5eb9b5376277c6f1d4ff5c1cc67156d7d2bb31b81,2019-03,North Yorkshire Police,North Yorkshire Police,-1.047132,53.985094,On or near Julia Avenue,E01013409,York 005C,Shoplifting,Under investigation,
67512fc9a2777663061f5c8148ccdf49ee41e7118c3d36a8555433c8663624db,2019-03,North Yorkshire Police,North Yorkshire Police,-1.043639,53.986459,On or near Supermarket,E01013409,York 005C,Shoplifting,Awaiting court outcome,
86c35d15d9bb4fe081718b82e81f8042693456995abf3532cced90638a2fbeb9,2019-03,North Yorkshire Police,North Yorkshire Police,-1.043639,53.986459,On or near Supermarket,E01013409,York 005C,Shoplifting,Under investigation,
a44a47da68375227c976a078fbdb6f52590f5d82edabae5888473691d11508d4,2019-03,North Yorkshire Police,North Yorkshire Police,-1.043639,53.986459,On or near Supermarket,E01013409,York 005C,Shoplifting,Under investigation,
5afbe7ace8feafb362b528696acddf001ba340a26553f668f1fc2220644bb0fc,2019-03,North Yorkshire Police,North Yorkshire Police,-1.050130,53.984713,On or near Kathryn Avenue,E01013409,York 005C,Shoplifting,Under investigation,
bd2ec306f8a44cbd27a5d3a2e58b814eda1358119a96ca0f3a1d2e39beb618a0,2019-03,North Yorkshire Police,North Yorkshire Police,-1.047005,53.988634,On or near Shopping Area,E01013409,York 005C,Shoplifting,Unable to prosecute suspect,
c1201616066a69306919db77d41f584e2fed26bc907597abdd7352221d1057b4,2019-03,North Yorkshire Police,North Yorkshire Police,-1.043639,53.986459,On or near Supermarket,E01013409,York 005C,Shoplifting,Offender given community sentence,
85bf0ca2f83f4dcc724dc3ab2188f84390b1b7c1e3d2f1fdfd5c5956bb9a6b7d,2019-03,North Yorkshire Police,North Yorkshire Police,-1.047005,53.988634,On or near Shopping Area,E01013409,York 005C,Shoplifting,Court case unable to proceed,
c2f02f6021340582bbf752e5ffc2badd30875c901675744615da6e48d608d0c0,2019-03,North Yorkshire Police,North Yorkshire Police,-1.047132,53.985094,On or near Julia Avenue,E01013409,York 005C,Shoplifting,Offender given suspended prison sentence,
1aedee364037b5be6b61961ba05a5f16e558c4d988d801b0f44d77a2cc4372af,2019-03,North Yorkshire Police,North Yorkshire Police,-1.045445,53.987480,On or near Parking Area,E01013409,York 005C,Shoplifting,Unable to prosecute suspect,
f7e0e7c98e644ff85dfe84a39f94bd4818a89523000606e0f6b73482ed4abdc0,2019-03,North Yorkshire Police,North Yorkshire Police,-1.043639,53.986459,On or near Supermarket,E01013409,York 005C,Shoplifting,Under investigation,
422894d4821fbcb25b22034dd2b288c789dfbefeac974176bb9f5d4ea62a494c,2019-03,North Yorkshire Police,North Yorkshire Police,-1.043639,53.986459,On or near Supermarket,E01013409,York 005C,Shoplifting,Under investigation,
b5a15ef72961808e6788366cc9a12b7c800d5aa8ef44001cd7d38937487ca869,2019-03,North Yorkshire Police,North Yorkshire Police,-1.043639,53.986459,On or near Supermarket,E01013409,York 005C,Shoplifting,Local resolution,
64bc7b66ae7a662f3dd50fb406b5715fa166e30baacfd009b64770e7ad31eb41,2019-03,North Yorkshire Police,North Yorkshire Police,-1.043639,53.986459,On or near Supermarket,E01013409,York 005C,Shoplifting,Under investigation,
560e9e91dd2be058c02ef7cf28ad9da32b528ad928dc73bd08c474979bffade1,2019-03,North Yorkshire Police,North Yorkshire Police,-1.047005,53.988634,On or near Shopping Area,E01013409,York 005C,Shoplifting,Under investigation,
a44b8f7fb759fdb9217b4184afcbd14c4e77d73f2d855033941c1149e7d7d74a,2019-03,North Yorkshire Police,North Yorkshire Police,-1.043639,53.986459,On or near Supermarket,E01013409,York 005C,Shoplifting,Offender given a caution,
1c9dd44c73eefbf4334815368dece222949446e7a266ccf3b3e3e0c620318b6f,2019-03,North Yorkshire Police,North Yorkshire Police,-1.043639,53.986459,On or near Supermarket,E01013409,York 005C,Shoplifting,Defendant found not guilty,
452fb47a4246d2b56250c3c6798816a35250cef213632d14f90fc98fcb9501df,2019-03,North Yorkshire Police,North Yorkshire Police,-1.055450,53.986139,On or near Forge Close,E01013409,York 005C,Violence and sexual offences,Under investigation,
3dba396abf13c6de3c1163c2cd1c412eb99ec5ba345ab6a7886166f50d051360,2019-03,North Yorkshire Police,North Yorkshire Police,-1.055554,53.992323,On or near Woodland Way,E01013409,York 005C,Violence and sexual offences,Under investigation,
9e077c258f39cc08740a8cda64a89fc8b95da288a90d6ea877cd5ee5f61ad67f,2019-03,North Yorkshire Police,North Yorkshire Police,-1.055450,53.986139,On or near Forge Close,E01013409,York 005C,Violence and sexual offences,Under investigation,
a824fb4a6485430a890ffe6303828084a80a53ba941b066a75f7dbd2c7c14ea4,2019-03,North Yorkshire Police,North Yorkshire Police,-1.047005,53.988634,On or near Shopping Area,E01013409,York 005C,Violence and sexual offences,Under investigation,
,2019-03,North Yorkshire Police,North Yorkshire Police,-1.064363,53.985175,On or near Heather Croft,E01013411,York 005D,Anti-social behaviour,,
7f225cb2426eabfa3e36fa2a3261f3d28c78874336cfe15849b089d16a9a0300,2019-03,North Yorkshire Police,North Yorkshire Police,-1.063025,53.984985,On or near Brockfield Park Drive,E01013411,York 005D,Bicycle theft,Investigation complete; no suspect identified,
82e7455e012e13278d6617261db84633073dc0bf1823669697ccb34f87bc374b,2019-03,North Yorkshire Police,North Yorkshire Police,-1.066128,53.985368,On or near Orchard Gardens,E01013411,York 005D,Other theft,Under investigation,
9d136bf061b7b5a5b65714832b19e44cf8a9399ebcba73f2581cfe29287b9a0c,2019-03,North Yorkshire Police,North Yorkshire Police,-1.059452,53.989927,On or near Kendrew Close,E01013411,York 005D,Other theft,Investigation complete; no suspect identified,
e468668ac3de6220ba753f57c1f1d7f5e361d1e79ffc297b4c861bd38226b993,2019-03,North Yorkshire Police,North Yorkshire Police,-1.060220,53.985637,On or near Beech Glade,E01013411,York 005D,Violence and sexual offences,Under investigation,
8e759cf1aba5ef9dd6eb2ad58af044e519626c94001ac303910cc2d98b39a390,2019-03,North Yorkshire Police,North Yorkshire Police,-1.059452,53.989927,On or near Kendrew Close,E01013411,York 005D,Violence and sexual offences,Unable to prosecute suspect,
,2019-03,North Yorkshire Police,North Yorkshire Police,-1.096855,53.977029,On or near Marten Close,E01013428,York 006A,Anti-social behaviour,,
,2019-03,North Yorkshire Police,North Yorkshire Police,-1.096855,53.977029,On or near Marten Close,E01013428,York 006A,Anti-social behaviour,,
6d8f76e0bf482251060ddf08e9c8da5c3392a1889ef0eecf0cb55dd6d83834e1,2019-03,North Yorkshire Police,North Yorkshire Police,-1.099358,53.976904,On or near Saville Grove,E01013428,York 006A,Burglary,Under investigation,
3543ce7be3399c1c8977ec0fd991e02f276e8611cde330ef82596de876a5d440,2019-03,North Yorkshire Police,North Yorkshire Police,-1.097861,53.974223,On or near Elston Close,E01013428,York 006A,Violence and sexual offences,Under investigation,
0d3770a10f05a0f9a2f55ac0de7ceb726d0f649d0171cd02efa6db1a6e4c3132,2019-03,North Yorkshire Police,North Yorkshire Police,-1.094494,53.977595,On or near Brailsford Crescent,E01013428,York 006A,Other crime,Unable to prosecute suspect,
,2019-03,North Yorkshire Police,North Yorkshire Police,-1.112071,53.985645,On or near St Mark'S Grove,E01013429,York 006B,Anti-social behaviour,,
,2019-03,North Yorkshire Police,North Yorkshire Police,-1.112071,53.985645,On or near St Mark'S Grove,E01013429,York 006B,Anti-social behaviour,,
,2019-03,North Yorkshire Police,North Yorkshire Police,-1.112087,53.986328,On or near Didsbury Close,E01013429,York 006B,Anti-social behaviour,,
,2019-03,North Yorkshire Police,North Yorkshire Police,-1.108938,53.990250,On or near Hurricane Way,E01013429,York 006B,Anti-social behaviour,,
,2019-03,North Yorkshire Police,North Yorkshire Police,-1.112071,53.985645,On or near St Mark'S Grove,E01013429,York 006B,Anti-social behaviour,,
fb594526b1377bf8f9f1245f3a94e351de92d34bf15c8fded34f81efc21ccb48,2019-03,North Yorkshire Police,North Yorkshire Police,-1.112884,53.987610,On or near Coningham Avenue,E01013429,York 006B,Burglary,Investigation complete; no suspect identified,
66f3a922d9977d2ea15fbbb0cb1479b046f1e16059262bf76335774df1b12dcb,2019-03,North Yorkshire Police,North Yorkshire Police,-1.112087,53.986328,On or near Didsbury Close,E01013429,York 006B,Criminal damage and arson,Investigation complete; no suspect identified,
a3d196897f627a896c1de11cdd212462ef24fa44befcff38cf990023370dbb00,2019-03,North Yorkshire Police,North Yorkshire Police,-1.109022,53.987015,On or near Boothwood Road,E01013429,York 006B,Criminal damage and arson,Under investigation,
deec6132db34ee7a1f2523ff796888afa0a874cefa6d1c8ce8454849ae2c2e00,2019-03,North Yorkshire Police,North Yorkshire Police,-1.105337,53.989621,On or near Clifton Moor Gate,E01013429,York 006B,Other theft,Investigation complete; no suspect identified,
5710f12d9965d3b0b11b5a9e64f0e31530c89ce9fb28e2592a1e6f5c6b1812b5,2019-03,North Yorkshire Police,North Yorkshire Police,-1.106371,53.988344,On or near Roseberry Grove,E01013429,York 006B,Vehicle crime,Under investigation,
5bea63b3775c00bcaf21a62b6313bb8b94a2e92490bf8ccba08e41ab8d32b4fc,2019-03,North Yorkshire Police,North Yorkshire Police,-1.112087,53.986328,On or near Didsbury Close,E01013429,York 006B,Violence and sexual offences,Under investigation,
,2019-03,North Yorkshire Police,North Yorkshire Police,-1.130205,53.998046,On or near Gregory Close,E01013430,York 006C,Anti-social behaviour,,
,2019-03,North Yorkshire Police,North Yorkshire Police,-1.128404,53.999534,On or near Brecksfield,E01013430,York 006C,Anti-social behaviour,,
,2019-03,North Yorkshire Police,North Yorkshire Police,-1.112685,53.990512,On or near St James Close,E01013430,York 006C,Anti-social behaviour,,
270074cb6979f5eea43de9115ed9f253234a4692df9241323fd7129cf7a10902,2019-03,North Yorkshire Police,North Yorkshire Police,-1.129620,53.997592,On or near St Catherines Close,E01013430,York 006C,Bicycle theft,Investigation complete; no suspect identified,
285780055cd90891943aea0bfb9ac19e1f4d3fee48b51b4e6a5adf748ad8d1dc,2019-03,North Yorkshire Police,North Yorkshire Police,-1.128416,53.997530,On or near Sycamore Close,E01013430,York 006C,Bicycle theft,Investigation complete; no suspect identified,
8d71f4feb7b54ec31f56beb9d5a00902d0bd5e8d1a7d5c10c9ef56c0f61f8911,2019-03,North Yorkshire Police,North Yorkshire Police,-1.132460,53.995986,On or near Park Close,E01013430,York 006C,Other theft,Investigation complete; no suspect identified,
a7876db900c94d9855d8cdcb59d4b88a4ff2362da4954973901ba6802b12f490,2019-03,North Yorkshire Police,North Yorkshire Police,-1.128416,53.997530,On or near Sycamore Close,E01013430,York 006C,Violence and sexual offences,Under investigation,
,2019-03,North Yorkshire Police,North Yorkshire Police,-1.093218,53.978799,On or near Minchin Close,E01013431,York 006D,Anti-social behaviour,,
,2019-03,North Yorkshire Police,North Yorkshire Police,-1.104253,53.991087,On or near Supermarket,E01013431,York 006D,Anti-social behaviour,,
,2019-03,North Yorkshire Police,North Yorkshire Police,-1.093687,53.978272,On or near Tamworth Road,E01013431,York 006D,Anti-social behaviour,,
,2019-03,North Yorkshire Police,North Yorkshire Police,-1.104253,53.991087,On or near Supermarket,E01013431,York 006D,Anti-social behaviour,,
,2019-03,North Yorkshire Police,North Yorkshire Police,-1.104253,53.991087,On or near Supermarket,E01013431,York 006D,Anti-social behaviour,,
,2019-03,North Yorkshire Police,North Yorkshire Police,-1.104253,53.991087,On or near Supermarket,E01013431,York 006D,Anti-social behaviour,,
,2019-03,North Yorkshire Police,North Yorkshire Police,-1.099569,53.985498,On or near Oakdale Road,E01013431,York 006D,Anti-social behaviour,,
,2019-03,North Yorkshire Police,North Yorkshire Police,-1.104253,53.991087,On or near Supermarket,E01013431,York 006D,Anti-social behaviour,,
,2019-03,North Yorkshire Police,North Yorkshire Police,-1.098940,53.992746,On or near Supermarket,E01013431,York 006D,Anti-social behaviour,,
,2019-03,North Yorkshire Police,North Yorkshire Police,-1.090326,53.996034,On or near Wiggington Road,E01013431,York 006D,Anti-social behaviour,,
da7e83837984f33938249249e0edb387039c83d8fa38144e76a091d3bc2bdbeb,2019-03,North Yorkshire Police,North Yorkshire Police,-1.093445,53.990818,On or near Seafire Close,E01013431,York 006D,Bicycle theft,Investigation complete; no suspect identified,
6d014beec5c46be290b7cd4498d11987883c225dc21ba6fa1f9d5eaff6c17058,2019-03,North Yorkshire Police,North Yorkshire Police,-1.094612,53.980589,On or near Pentire Close,E01013431,York 006D,Burglary,Investigation complete; no suspect identified,
1ca7c21fb6f43e76ebc2e92ffccc425226f2d794d77220c7b2a322ab25236c03,2019-03,North Yorkshire Police,North Yorkshire Police,-1.082399,53.978447,On or near Sports/Recreation Area,E01013431,York 006D,Burglary,Investigation complete; no suspect identified,
69958f8c2eed18734466b9eb0c85d76f1a4d234a6adc728681c9d9f0e4c359ee,2019-03,North Yorkshire Police,North Yorkshire Police,-1.098940,53.992746,On or near Supermarket,E01013431,York 006D,Drugs,Awaiting court outcome,
9b182fb9be878dd92fd527ddd1962c665e283cc6b4a1ca147f3813bcd0217aed,2019-03,North Yorkshire Police,North Yorkshire Police,-1.098780,53.989545,On or near Bleriot Way,E01013431,York 006D,Drugs,Local resolution,
f7ba6f7e0a8fab7a360fab2ae4ee9a2efc672ba3e49f47fd5ca077cc9cda63f1,2019-03,North Yorkshire Police,North Yorkshire Police,-1.098780,53.989545,On or near Bleriot Way,E01013431,York 006D,Drugs,Offender given a drugs possession warning,
1d4ffa2c30d3b7f6f0beb179f955ba29b966768cde36b0cdf01b46548e63d4ff,2019-03,North Yorkshire Police,North Yorkshire Police,-1.093445,53.990818,On or near Seafire Close,E01013431,York 006D,Other theft,Investigation complete; no suspect identified,
fefa80388f1dd09afe4cc4399125ff0f5e99c20f381855f5fafa9a99172d0ec6,2019-03,North Yorkshire Police,North Yorkshire Police,-1.093622,53.981256,On or near Tatton Close,E01013431,York 006D,Other theft,Under investigation,
3fb4aecac9fe9d2eb7311fb93a74cd5e685abaea396e708836e1ca04d5e2f6bc,2019-03,North Yorkshire Police,North Yorkshire Police,-1.098940,53.992746,On or near Supermarket,E01013431,York 006D,Other theft,Under investigation,
25b97eaa690bc34b5ee829f4a01f604b853269313c37fb13d1a20b9573163ea7,2019-03,North Yorkshire Police,North Yorkshire Police,-1.104253,53.991087,On or near Supermarket,E01013431,York 006D,Other theft,Under investigation,
a3d5ee8f396e3bffd8e8c63f63d94297b60a6d76c68308c3cac0ed721c09133a,2019-03,North Yorkshire Police,North Yorkshire Police,-1.104253,53.991087,On or near Supermarket,E01013431,York 006D,Possession of weapons,Under investigation,
998877deeed3dd911fd3e71ef0c298b66d55c14178958f23c359f0640382237e,2019-03,North Yorkshire Police,North Yorkshire Police,-1.098940,53.992746,On or near Supermarket,E01013431,York 006D,Public order,Awaiting court outcome,
aa3092fbc998ac2e5206a7c5daa165c83a6ead29d1bebf0885fe95a60d019c0e,2019-03,North Yorkshire Police,North Yorkshire Police,-1.096467,53.990723,On or near Audax Close,E01013431,York 006D,Public order,Unable to prosecute suspect,
e039035bcd3dafab685d2355802ba9014908adec133151daf982e6aa7d3c277a,2019-03,North Yorkshire Police,North Yorkshire Police,-1.104253,53.991087,On or near Supermarket,E01013431,York 006D,Shoplifting,Awaiting court outcome,
0985774bee87632215e6d961b9d37a48f454c73702d0562c3804415f009cf476,2019-03,North Yorkshire Police,North Yorkshire Police,-1.104253,53.991087,On or near Supermarket,E01013431,York 006D,Shoplifting,Under investigation,
552d498a4c24ded5b462a7e7a15631dc086b9c87fc79fc339e723e9d21d60b9e,2019-03,North Yorkshire Police,North Yorkshire Police,-1.104253,53.991087,On or near Supermarket,E01013431,York 006D,Shoplifting,Under investigation,
9ddefa48f4d2ac0f5cd4e17e6ab77f95cb718f4ef487fc81d8784e5ef8c7bdf5,2019-03,North Yorkshire Police,North Yorkshire Police,-1.098940,53.992746,On or near Supermarket,E01013431,York 006D,Shoplifting,Under investigation,
7cd1efee19c00c811bb367c0beaeeee61694c59b6d3a3f84990b4c92d69b897e,2019-03,North Yorkshire Police,North Yorkshire Police,-1.104253,53.991087,On or near Supermarket,E01013431,York 006D,Theft from the person,Investigation complete; no suspect identified,
1a4a448a16278c5eca2e4636069e5006353f0cb7479814c3e0fa2bfd082cb68e,2019-03,North Yorkshire Police,North Yorkshire Police,-1.104253,53.991087,On or near Supermarket,E01013431,York 006D,Theft from the person,Under investigation,
3ba936d31a33a47d92945cc23e8a8397b24908f82a2b67554cd966eb6dfe41cc,2019-03,North Yorkshire Police,North Yorkshire Police,-1.093218,53.978799,On or near Minchin Close,E01013431,York 006D,Vehicle crime,Under investigation,
7169085a35f82233c118106f42b1317d43a84babfb7e1dbbaf7b1768636fe03f,2019-03,North Yorkshire Police,North Yorkshire Police,-1.097810,53.983606,On or near Handley Close,E01013431,York 006D,Violence and sexual offences,Under investigation,
0758d1d902678a94c8f8d619fe65a5308510813bc0a6ecd9306daf418ae2e69c,2019-03,North Yorkshire Police,North Yorkshire Police,-1.082815,53.979637,On or near Sports/Recreation Area,E01013431,York 006D,Violence and sexual offences,Under investigation,
7d0aaa97f07d68c843327d581c941f3af84f5a775a3291ffc5dfb503c6a301e4,2019-03,North Yorkshire Police,North Yorkshire Police,-1.104253,53.991087,On or near Supermarket,E01013431,York 006D,Violence and sexual offences,Unable to prosecute suspect,
ceab71b831439c9835918c33334796a7378fa3eefd25be28b03ac2770d0bc509,2019-03,North Yorkshire Police,North Yorkshire Police,-1.097810,53.983606,On or near Handley Close,E01013431,York 006D,Violence and sexual offences,Under investigation,
f8b82c224595979b55cfd6bdeb6bdb8af7108d88f81b2c505881bd4bed72ae86,2019-03,North Yorkshire Police,North Yorkshire Police,-1.093445,53.990818,On or near Seafire Close,E01013431,York 006D,Violence and sexual offences,Under investigation,
2699f0533c04b746ec4459498bdaddff9c166ea2f02f5973112aad671f7e66d7,2019-03,North Yorkshire Police,North Yorkshire Police,-1.098221,53.983645,On or near Hayforth Close,E01013431,York 006D,Violence and sexual offences,Unable to prosecute suspect,
,2019-03,North Yorkshire Police,North Yorkshire Police,-1.101133,53.976611,On or near Linden Grove,E01013435,York 006E,Anti-social behaviour,,
,2019-03,North Yorkshire Police,North Yorkshire Police,-1.104238,53.977560,On or near Lawnswood Drive,E01013435,York 006E,Anti-social behaviour,,
,2019-03,North Yorkshire Police,North Yorkshire Police,-1.104277,53.979304,On or near Milton Carr,E01013435,York 006E,Anti-social behaviour,,
05acbd1dbab4d7cc100d13373ac743ce5061471d2a7e50f9e52e50606cf23895,2019-03,North Yorkshire Police,North Yorkshire Police,-1.101133,53.976611,On or near Linden Grove,E01013435,York 006E,Violence and sexual offences,Under investigation,
9d55a1a0b8ba83bfed5315d16635ecb24139de08153ece1ef4045cd7dc8d59db,2019-03,North Yorkshire Police,North Yorkshire Police,-1.101133,53.976611,On or near Linden Grove,E01013435,York 006E,Violence and sexual offences,Under investigation,
,2019-03,North Yorkshire Police,North Yorkshire Police,-1.090199,53.965474,On or near Bootham,E01013344,York 007A,Anti-social behaviour,,
,2019-03,North Yorkshire Police,North Yorkshire Police,-1.092175,53.963628,On or near Sycamore Place,E01013344,York 007A,Anti-social behaviour,,
,2019-03,North Yorkshire Police,North Yorkshire Police,-1.090050,53.967432,On or near St Olave'S Road,E01013344,York 007A,Anti-social behaviour,,
1aee876a723ab1b910cd171268d3fd3c7e79404b5600b1ed2afa5948ecfeb6c0,2019-03,North Yorkshire Police,North Yorkshire Police,-1.093168,53.962845,On or near Sycamore Terrace,E01013344,York 007A,Bicycle theft,Investigation complete; no suspect identified,
e1713da4711a6d52ca59fd832b137045a170eb562825c20f90bdee183868ef49,2019-03,North Yorkshire Police,North Yorkshire Police,-1.091130,53.967548,On or near St Peter'S Grove,E01013344,York 007A,Bicycle theft,Investigation complete; no suspect identified,
92e35e20906ec4be5591262a2f9d822415e1abee651af174d9966e02fc62c224,2019-03,North Yorkshire Police,North Yorkshire Police,-1.093386,53.961894,On or near Almery Terrace,E01013344,York 007A,Bicycle theft,Under investigation,
73da68726968e0a3cdfbc1ae1d615c09fe029dec874bac38ebd1ec79e1be3cdf,2019-03,North Yorkshire Police,North Yorkshire Police,-1.088864,53.968681,On or near Grosvenor Road,E01013344,York 007A,Burglary,Under investigation,
ddc45e2f1ee9f1794f7e04107de11cd911fa7a9aa6dc4d27b5258813aec944be,2019-03,North Yorkshire Police,North Yorkshire Police,-1.088864,53.968681,On or near Grosvenor Road,E01013344,York 007A,Criminal damage and arson,Unable to prosecute suspect,
41d01888fccf8f24a465f07766e5105f0c12806e91a7096e6156a7d12c3dddb5,2019-03,North Yorkshire Police,North Yorkshire Police,-1.092420,53.964996,On or near North Parade,E01013344,York 007A,Other theft,Under investigation,
386d7a50c3a23603c2a48b87e94278efabc4131f913653d75ad724ec95c73238,2019-03,North Yorkshire Police,North Yorkshire Police,-1.093386,53.961894,On or near Almery Terrace,E01013344,York 007A,Other theft,Investigation complete; no suspect identified,
69a8d7c525c52c90fce7fb5195c1bc2f8c54d6df6e56b9b8b5678f720b53605a,2019-03,North Yorkshire Police,North Yorkshire Police,-1.092420,53.964996,On or near North Parade,E01013344,York 007A,Other theft,Under investigation,
ca85278c0ddccc02e7e05c01626ca81084a16297382e2fe4e3fe023d46ac1742,2019-03,North Yorkshire Police,North Yorkshire Police,-1.092420,53.964996,On or near North Parade,E01013344,York 007A,Other theft,Under investigation,
fa969cab9488bbbcfb501aaa95a6e68fd3b7e8d5df89bcfa4b24de6ba8315a53,2019-03,North Yorkshire Police,North Yorkshire Police,-1.091520,53.965007,On or near Queen Anne'S Road,E01013344,York 007A,Violence and sexual offences,Under investigation,
7944af3ab7d7aadc5ba468e18e9b4dcb6f84d1a9aeabeabc4020c9cd74b34a0e,2019-03,North Yorkshire Police,North Yorkshire Police,-1.090199,53.965474,On or near Bootham,E01013344,York 007A,Violence and sexual offences,Court case unable to proceed,
6ee21e64a41f4fe6c227573379fa6eb0a4357ab5de6b085c6050251dffbe9602,2019-03,North Yorkshire Police,North Yorkshire Police,-1.092172,53.967978,On or near Burton Stone Lane,E01013344,York 007A,Violence and sexual offences,Under investigation,
930d72e352ebd3c3c0941855c3c0c9b974925daf1c44e9401e7071c1255599ec,2019-03,North Yorkshire Police,North Yorkshire Police,-1.088864,53.968681,On or near Grosvenor Road,E01013344,York 007A,Violence and sexual offences,Under investigation,
cbd42f2df57ba5a9921eb596411b6d5e4f343ceadffe4fa2fb00691af6ce3bde,2019-03,North Yorkshire Police,North Yorkshire Police,-1.091130,53.967548,On or near St Peter'S Grove,E01013344,York 007A,Violence and sexual offences,Under investigation,
f4e20fd535b619995ef70066add4497fa0be49b5ae0e6cf421142104c251298a,2019-03,North Yorkshire Police,North Yorkshire Police,-1.088864,53.968681,On or near Grosvenor Road,E01013344,York 007A,Violence and sexual offences,Under investigation,
62f9c5b47ad2d87e9f0e912525778eee5b336ae002f30d8b209cb1456e33995a,2019-03,North Yorkshire Police,North Yorkshire Police,-1.090199,53.965474,On or near Bootham,E01013344,York 007A,Violence and sexual offences,Offender fined,
,2019-03,North Yorkshire Police,North Yorkshire Police,-1.098094,53.972580,On or near Brompton Road,E01013346,York 007B,Anti-social behaviour,,
,2019-03,North Yorkshire Police,North Yorkshire Police,-1.101724,53.967565,On or near Government House Road,E01013346,York 007B,Anti-social behaviour,,
,2019-03,North Yorkshire Police,North Yorkshire Police,-1.094875,53.970596,On or near Pinfold Court,E01013346,York 007B,Anti-social behaviour,,
7e119f5a29d3dce99564a39993a3227cb316dfe76802ff30bc506801b0883ed5,2019-03,North Yorkshire Police,North Yorkshire Police,-1.096162,53.969563,On or near Shopping Area,E01013346,York 007B,Other theft,Under investigation,
c17911ab4e6893308b9741eb650f975d055f77731e8dcccb3e759246efc4b3a0,2019-03,North Yorkshire Police,North Yorkshire Police,-1.096162,53.969563,On or near Shopping Area,E01013346,York 007B,Shoplifting,Offender otherwise dealt with,
a4e66f0d561371e3d4f4a85ebe8924c9de0f13c76ebc58be8e745eec464156e1,2019-03,North Yorkshire Police,North Yorkshire Police,-1.096162,53.969563,On or near Shopping Area,E01013346,York 007B,Shoplifting,Under investigation,
cd4efca67559a9429649d0f2d0e4b6066f89de0745f44cb920d3f21fbf83dc61,2019-03,North Yorkshire Police,North Yorkshire Police,-1.096915,53.972140,On or near Lister Way,E01013346,York 007B,Vehicle crime,Under investigation,
7cdc9a13c0feccca7e68f4cc7f4f47575e3ecd755162ea121fe98e069c72c7e0,2019-03,North Yorkshire Police,North Yorkshire Police,-1.100382,53.968984,On or near Water End,E01013346,York 007B,Violence and sexual offences,Under investigation,
4c8cf1a5429c602d92d73224e52f4cad6e1393205ea1b052027a30e067a6da9f,2019-03,North Yorkshire Police,North Yorkshire Police,-1.101724,53.967565,On or near Government House Road,E01013346,York 007B,Violence and sexual offences,Under investigation,
,2019-03,North Yorkshire Police,North Yorkshire Police,-1.124501,53.985628,On or near Parking Area,E01013432,York 007C,Anti-social behaviour,,
0c04f59583ed9fa22ea0b80bc112bcab9c24d36c90ebfab5f6b91f7bedb27f63,2019-03,North Yorkshire Police,North Yorkshire Police,-1.114518,53.987505,On or near Armstrong Way,E01013432,York 007C,Criminal damage and arson,Investigation complete; no suspect identified,
026ebe9ba9c45c0d396e956695eaf497fe26c1f7718c2bc478f5c0ab3f95e666,2019-03,North Yorkshire Police,North Yorkshire Police,-1.114518,53.987505,On or near Armstrong Way,E01013432,York 007C,Criminal damage and arson,Under investigation,
0d372b36217207fd7e4068c7966f27c1b0b8ef36153e3746e0e07f340ab83ce2,2019-03,North Yorkshire Police,North Yorkshire Police,-1.113863,53.986754,On or near Cheshire Close,E01013432,York 007C,Violence and sexual offences,Under investigation,
b8882675e9045240b6eb3983c2d201c4d346a7af7d3a3dedb5ac4627ed17192f,2019-03,North Yorkshire Police,North Yorkshire Police,-1.114826,53.981602,On or near Patterdale Drive,E01013432,York 007C,Violence and sexual offences,Under investigation,
69ff6ef9c9478f98762321024c47d38f1431f08057c6b1196a0c966adb40bb1e,2019-03,North Yorkshire Police,North Yorkshire Police,-1.114518,53.987505,On or near Armstrong Way,E01013432,York 007C,Violence and sexual offences,Under investigation,
fb48894a4b5b594297dd8fde48dcdf6892d364386b6b0a46b6fbce63ae872b60,2019-03,North Yorkshire Police,North Yorkshire Police,-1.118101,53.987532,On or near Manor Lane,E01013432,York 007C,Violence and sexual offences,Further investigation is not in the public interest,
5651222f8d8c2d0cb62809353e5ad9047bf7840440e2ec17e0234a7c67ee47d1,2019-03,North Yorkshire Police,North Yorkshire Police,-1.117128,53.988828,On or near Blenheim Court,E01013432,York 007C,Violence and sexual offences,Under investigation,
5839482f1ea6211b5c5d90f4dce3c652a3919f26c3d2b9f7e4a64970589c69d3,2019-03,North Yorkshire Police,North Yorkshire Police,-1.114715,53.988280,On or near Cobham Way,E01013432,York 007C,Violence and sexual offences,Under investigation,
,2019-03,North Yorkshire Police,North Yorkshire Police,-1.103001,53.984759,On or near Loxley Close,E01013433,York 007D,Anti-social behaviour,,
,2019-03,North Yorkshire Police,North Yorkshire Police,-1.103001,53.984759,On or near Loxley Close,E01013433,York 007D,Anti-social behaviour,,
,2019-03,North Yorkshire Police,North Yorkshire Police,-1.111996,53.977726,On or near Rosecroft Way,E01013434,York 007E,Anti-social behaviour,,
8d1e31daee5187bbb48e24520b82f105df887d8712140aa7fc7046b0332a2646,2019-03,North Yorkshire Police,North Yorkshire Police,-1.104161,53.974737,On or near Malton Way,E01013434,York 007E,Burglary,Under investigation,
6f1cc6874cfc8418e90d2e7a487807efc22afd95abf0931d1b6b6f5672d6a810,2019-03,North Yorkshire Police,North Yorkshire Police,-1.103251,53.974533,On or near Flavian Grove,E01013434,York 007E,Burglary,Under investigation,
8063403a5c32a9704659b5e65ba29c8df06f4e3ab3059a7a4bff3513367460b3,2019-03,North Yorkshire Police,North Yorkshire Police,-1.114042,53.976869,On or near Frazer Court,E01013434,York 007E,Burglary,Local resolution,
05d7e1ae33474275616d84244c993d987da6c4c313e5e66d26b6bfd8b16ca6e4,2019-03,North Yorkshire Police,North Yorkshire Police,-1.104307,53.973624,On or near Galtres Grove,E01013434,York 007E,Burglary,Under investigation,
13beb96b9950b24b02833f39ee97a53cfb6645e435f022b85f4d51caae3924b6,2019-03,North Yorkshire Police,North Yorkshire Police,-1.061309,53.967031,On or near Heworth Road,E01013379,York 008A,Burglary,Under investigation,
be331ff1d00b75cdef720d302a5b18103cb1451de07111294a32d4e5b2ddc2dd,2019-03,North Yorkshire Police,North Yorkshire Police,-1.053918,53.966928,On or near Glaisby Court,E01013379,York 008A,Other theft,Investigation complete; no suspect identified,
,2019-03,North Yorkshire Police,North Yorkshire Police,-1.057486,53.964862,On or near Cornborough Avenue,E01013380,York 008B,Anti-social behaviour,,
,2019-03,North Yorkshire Police,North Yorkshire Police,-1.066317,53.965309,On or near Parking Area,E01013380,York 008B,Anti-social behaviour,,
ab55fb1e1276944c2c673cf345ff658923c5cd334f557ecb34db790029d1d599,2019-03,North Yorkshire Police,North Yorkshire Police,-1.067374,53.965730,On or near Mill Lane,E01013380,York 008B,Bicycle theft,Investigation complete; no suspect identified,
b1d1f801eae8de51023eba32177a5f78beb49a2f2ed76d90d2074cf49bec29a6,2019-03,North Yorkshire Police,North Yorkshire Police,-1.061015,53.963829,On or near Third Avenue,E01013380,York 008B,Burglary,Investigation complete; no suspect identified,
49801ca63c9f46e91f59bd7dc29cbcd5f689e1b4477c937fd03addd42f30acd6,2019-03,North Yorkshire Police,North Yorkshire Police,-1.063412,53.967731,On or near A1036,E01013380,York 008B,Vehicle crime,Offender sent to prison,
2a8f471430d71dc3f0524bf5c39ebb0be8f68ee5810cd7ecb61a5985799acb18,2019-03,North Yorkshire Police,North Yorkshire Police,-1.065989,53.966331,On or near Cinder Lane,E01013380,York 008B,Violence and sexual offences,Awaiting court outcome,
,2019-03,North Yorkshire Police,North Yorkshire Police,-1.060566,53.976319,On or near Elmfield Avenue,E01013385,York 008C,Anti-social behaviour,,
,2019-03,North Yorkshire Police,North Yorkshire Police,-1.064772,53.975058,On or near Abbotsway,E01013385,York 008C,Anti-social behaviour,,
,2019-03,North Yorkshire Police,North Yorkshire Police,-1.062031,53.976942,On or near Foston Grove,E01013385,York 008C,Anti-social behaviour,,
,2019-03,North Yorkshire Police,North Yorkshire Police,-1.059140,53.977377,On or near Thornfield Avenue,E01013385,York 008C,Anti-social behaviour,,
,2019-03,North Yorkshire Police,North Yorkshire Police,-1.064215,53.976815,On or near Monkton Road,E01013385,York 008C,Anti-social behaviour,,
cfcfc4973dc5a9d3a4340540d110b40eb00bf998d1490ebe80423323687ea7fc,2019-03,North Yorkshire Police,North Yorkshire Police,-1.059140,53.977377,On or near Thornfield Avenue,E01013385,York 008C,Criminal damage and arson,Investigation complete; no suspect identified,
47ce9690f1ebd591992ca5f0437137e646951ecfa7e9d5de343274de1ba57f9e,2019-03,North Yorkshire Police,North Yorkshire Police,-1.065316,53.975278,On or near The Crossway,E01013385,York 008C,Other theft,Unable to prosecute suspect,
d7adcc9403ef6a8d45a63a1b39039c4b2d2a73948ad8d3af1c47012b6b03f8aa,2019-03,North Yorkshire Police,North Yorkshire Police,-1.064215,53.976815,On or near Monkton Road,E01013385,York 008C,Public order,Under investigation,
873fe32353461acacf15c9a0c0b0e5fbed935fb2893371155ae47ae2279cf5b9,2019-03,North Yorkshire Police,North Yorkshire Police,-1.067701,53.974999,On or near Byland Avenue,E01013385,York 008C,Public order,Under investigation,
5d1944db21eefc11739bb02eb8fed60156b31e51e793a50dcc4eb81cb2ce6783,2019-03,North Yorkshire Police,North Yorkshire Police,-1.059247,53.978700,On or near Morritt Close,E01013385,York 008C,Violence and sexual offences,Under investigation,
1015ecf303cc48a5a48e10cad837bb3d2d530b45c3a6ff504b99a2ae31757982,2019-03,North Yorkshire Police,North Yorkshire Police,-1.065030,53.973783,On or near Muncastergate,E01013385,York 008C,Violence and sexual offences,Under investigation,
f437dae194c66b8211bce23b7a4332aa376960a3c31b4a1381404667a693b91d,2019-03,North Yorkshire Police,North Yorkshire Police,-1.062031,53.976942,On or near Foston Grove,E01013385,York 008C,Violence and sexual offences,Unable to prosecute suspect,
e3fc31ce6e12d042000e5b5ed2db2f3e77609db1716f81367af3650159492b12,2019-03,North Yorkshire Police,North Yorkshire Police,-1.059110,53.976694,On or near Sefton Avenue,E01013385,York 008C,Violence and sexual offences,Under investigation,
7dd7752168cfe4ca2d316e178c5a089a0accea735c54b0a6bed75bcab833cc68,2019-03,North Yorkshire Police,North Yorkshire Police,-1.061153,53.977375,On or near Healey Grove,E01013385,York 008C,Violence and sexual offences,Under investigation,
bf94113e80d645abb822a6e71ba8a0a34699552c4b69611cde876d1d773b0f99,2019-03,North Yorkshire Police,North Yorkshire Police,-1.062199,53.978309,On or near Boundary Close,E01013385,York 008C,Violence and sexual offences,Under investigation,
,2019-03,North Yorkshire Police,North Yorkshire Police,-1.051093,53.973863,On or near Greenfield Park Drive,E01013387,York 008D,Anti-social behaviour,,
857a8849fa51256c8cf7c976d1727e5acaa989d110ad0a50ef4f409e29504189,2019-03,North Yorkshire Police,North Yorkshire Police,-1.051790,53.976079,On or near Sports/Recreation Area,E01013388,York 008E,Criminal damage and arson,Under investigation,
,2019-03,North Yorkshire Police,North Yorkshire Police,-1.046079,53.966435,On or near Burnholme Avenue,E01013389,York 008F,Anti-social behaviour,,
9424127e8632440776093253e450ec60f7d86de2789eda972b198b57032ebfe7,2019-03,North Yorkshire Police,North Yorkshire Police,-1.046110,53.969060,On or near Applecroft Road,E01013389,York 008F,Violence and sexual offences,Under investigation,
0e3b63839ebbd1a97242c08d268b2ccbab85c161bfd2a85294dc8b11db324f3c,2019-03,North Yorkshire Police,North Yorkshire Police,-1.045237,53.967264,On or near Hilbeck Grove,E01013389,York 008F,Violence and sexual offences,Under investigation,
4457d4a99a5377968ed5b239fdccf9f98388e11fafd360fa768dcb51a95324cc,2019-03,North Yorkshire Police,North Yorkshire Police,-1.045237,53.967264,On or near Hilbeck Grove,E01013389,York 008F,Violence and sexual offences,Under investigation,
,2019-03,North Yorkshire Police,North Yorkshire Police,-1.003199,53.992602,On or near Marmiam Drive,E01013437,York 008G,Anti-social behaviour,,
c97af2fc53ec8ab0ee3170dc98fc1e4060fe60f9334fb914847d2f181869fbbc,2019-03,North Yorkshire Police,North Yorkshire Police,-0.998802,53.996583,On or near The Hollies,E01013437,York 008G,Criminal damage and arson,Investigation complete; no suspect identified,
16723f9db4fec75f66e6cf5c7c4a3d0f38ab61be8f21d58098ed4178c15f7fd7,2019-03,North Yorkshire Police,North Yorkshire Police,-1.004061,53.992906,On or near Chaumont Way,E01013437,York 008G,Vehicle crime,Investigation complete; no suspect identified,
,2019-03,North Yorkshire Police,North Yorkshire Police,-1.080510,53.970775,On or near Briggs Street,E01013343,York 009A,Anti-social behaviour,,
,2019-03,North Yorkshire Police,North Yorkshire Police,-1.085017,53.971034,On or near Filey Terrace,E01013343,York 009A,Anti-social behaviour,,
,2019-03,North Yorkshire Police,North Yorkshire Police,-1.079113,53.970504,On or near Scaife Gardens,E01013343,York 009A,Anti-social behaviour,,
917e147b3b7db26bf5c98c61ecf9e6fe577edc18f05c9a526861640d8020b1aa,2019-03,North Yorkshire Police,North Yorkshire Police,-1.079508,53.969868,On or near Parking Area,E01013343,York 009A,Burglary,Under investigation,
202fafb2e4e07427a7cc6ff07a030114267eb8848b0dd75d084e30217cb99551,2019-03,North Yorkshire Police,North Yorkshire Police,-1.079508,53.969868,On or near Parking Area,E01013343,York 009A,Burglary,Under investigation,
f9e6b91a6516a747a82eb79a71db4dcadb0210b6ec9fc5e02262e3b0066cd912,2019-03,North Yorkshire Police,North Yorkshire Police,-1.080510,53.970775,On or near Briggs Street,E01013343,York 009A,Burglary,Investigation complete; no suspect identified,
1bff5f08c4c8877536f741a4482ef5dfdb9e9462b450e4a08161ebd802ea7d49,2019-03,North Yorkshire Police,North Yorkshire Police,-1.085716,53.971111,On or near Upper Newborough Street,E01013343,York 009A,Criminal damage and arson,Investigation complete; no suspect identified,
7937182d4cdac31c6ac31d1c769694a06f490c96f4caeab9916595d574982e51,2019-03,North Yorkshire Police,North Yorkshire Police,-1.085017,53.971034,On or near Filey Terrace,E01013343,York 009A,Criminal damage and arson,Investigation complete; no suspect identified,
122cf7376f0f101d88c5511cd8dfc27250e8ec2d27c4ccf0a76ebba60c340c0c,2019-03,North Yorkshire Police,North Yorkshire Police,-1.085964,53.969531,On or near Scarborough Terrace,E01013343,York 009A,Criminal damage and arson,Offender given community sentence,
59716ab08e7d574dbedadc66a384d57420652a293502d42a5cb9d1c0e80aa374,2019-03,North Yorkshire Police,North Yorkshire Police,-1.085964,53.969531,On or near Scarborough Terrace,E01013343,York 009A,Drugs,Under investigation,
09e0b77bf4cc4a0bf07a2256ae3124d5e90e5a8049eafe020b033e1d1fa351b2,2019-03,North Yorkshire Police,North Yorkshire Police,-1.085964,53.969531,On or near Scarborough Terrace,E01013343,York 009A,Other theft,Investigation complete; no suspect identified,
4b61f3f1d301b793e6e6c55601957700d946f03d3731a3eaa78772eddc23b71d,2019-03,North Yorkshire Police,North Yorkshire Police,-1.078584,53.972369,On or near Sports/Recreation Area,E01013343,York 009A,Other theft,Under investigation,
c7e134fd6302045f9f7693de989c887aeb0edea66098094e08d9047424d82f9f,2019-03,North Yorkshire Police,North Yorkshire Police,-1.085964,53.969531,On or near Scarborough Terrace,E01013343,York 009A,Public order,Awaiting court outcome,
861728c8325f1ebc22dc697482047613566de6eb640abce3759c8d76ac24ba7a,2019-03,North Yorkshire Police,North Yorkshire Police,-1.085964,53.969531,On or near Scarborough Terrace,E01013343,York 009A,Violence and sexual offences,Under investigation,
6a61fb866d8cc77c5f2b0bb7804f7c04564a88c9a9f97208ce2eef899e89dc21,2019-03,North Yorkshire Police,North Yorkshire Police,-1.078584,53.972369,On or near Sports/Recreation Area,E01013343,York 009A,Violence and sexual offences,Further investigation is not in the public interest,
c827bc535e12745d6defae44d42800ab784d5c6347c62cd9d0a5455e525750ca,2019-03,North Yorkshire Police,North Yorkshire Police,-1.085964,53.969531,On or near Scarborough Terrace,E01013343,York 009A,Violence and sexual offences,Under investigation,
9f400fcfae694f81ede70d4f7be955bb08acbed29afad5ec328bc276b223ff4d,2019-03,North Yorkshire Police,North Yorkshire Police,-1.085964,53.969531,On or near Scarborough Terrace,E01013343,York 009A,Violence and sexual offences,Under investigation,
520b668d173011136a7fc5420ebebc5ef19e35d431e82580c9b47278f2f9ce96,2019-03,North Yorkshire Police,North Yorkshire Police,-1.085964,53.969531,On or near Scarborough Terrace,E01013343,York 009A,Violence and sexual offences,Under investigation,
a26a2bf0c0e9b584e515c22e60cc3c0a5e21146696ea1f27ded5e13d5c8ea0ed,2019-03,North Yorkshire Police,North Yorkshire Police,-1.085964,53.969531,On or near Scarborough Terrace,E01013343,York 009A,Violence and sexual offences,Under investigation,
,2019-03,North Yorkshire Police,North Yorkshire Police,-1.090298,53.972117,On or near Lady Road,E01013345,York 009B,Anti-social behaviour,,
,2019-03,North Yorkshire Police,North Yorkshire Police,-1.084872,53.974152,On or near Intake Avenue,E01013345,York 009B,Anti-social behaviour,,
,2019-03,North Yorkshire Police,North Yorkshire Police,-1.088287,53.972758,On or near Garth Terrace,E01013345,York 009B,Anti-social behaviour,,
80e6d85dd067ac7fa802230887fc33ef4f9098f2948ff4cefe826f61d3e63cdc,2019-03,North Yorkshire Police,North Yorkshire Police,-1.086619,53.969590,On or near Newborough Street,E01013345,York 009B,Bicycle theft,Investigation complete; no suspect identified,
c360f7e9d641a46ff6cb70bc863c8a71643940c1aa5dd24eaa2e0d23814ef18f,2019-03,North Yorkshire Police,North Yorkshire Police,-1.088661,53.972392,On or near Surtees Street,E01013345,York 009B,Other theft,Investigation complete; no suspect identified,
df00eab4ff1b69118d3a75c207f5bbcadaeb3c634d06d413a5ec23930c81c3a9,2019-03,North Yorkshire Police,North Yorkshire Police,-1.087698,53.970416,On or near Shipton Street,E01013345,York 009B,Violence and sexual offences,Under investigation,
15aafd6a0cf61c30bc7ae928521d54b21b3fdcf45beacfdd93b5d9486586b9cf,2019-03,North Yorkshire Police,North Yorkshire Police,-1.088287,53.972758,On or near Garth Terrace,E01013345,York 009B,Violence and sexual offences,Investigation complete; no suspect identified,
997c5b3d1046960bd62a678c00b1a6abb19308190af6e906a84d9fdc2cda3cb4,2019-03,North Yorkshire Police,North Yorkshire Police,-1.087194,53.973972,On or near Bede Avenue,E01013345,York 009B,Violence and sexual offences,Further investigation is not in the public interest,
,2019-03,North Yorkshire Police,North Yorkshire Police,-1.087772,53.976798,On or near Ashton Avenue,E01013347,York 009C,Anti-social behaviour,,
,2019-03,North Yorkshire Police,North Yorkshire Police,-1.087772,53.976798,On or near Ashton Avenue,E01013347,York 009C,Anti-social behaviour,,
,2019-03,North Yorkshire Police,North Yorkshire Police,-1.087887,53.975037,On or near Crichton Avenue,E01013347,York 009C,Anti-social behaviour,,
,2019-03,North Yorkshire Police,North Yorkshire Police,-1.087772,53.976798,On or near Ashton Avenue,E01013347,York 009C,Anti-social behaviour,,
1e34f082eca2cf8b89911701091d6ae7fa98cf4da9b682c24458713c183c489c,2019-03,North Yorkshire Police,North Yorkshire Police,-1.089306,53.973565,On or near Primrose Villas,E01013347,York 009C,Bicycle theft,Investigation complete; no suspect identified,
f8b1055380a6f2047babc6be886cb64f1df9a8b74174bc3781569f8bda28a878,2019-03,North Yorkshire Police,North Yorkshire Police,-1.085984,53.974214,On or near Burton Stone Lane,E01013347,York 009C,Bicycle theft,Unable to prosecute suspect,
ac3bbbd98e16e76f20f754b5e2fec6c243c71a150bd2ec01189d9e73daf9756a,2019-03,North Yorkshire Police,North Yorkshire Police,-1.089306,53.973565,On or near Primrose Villas,E01013347,York 009C,Other theft,Unable to prosecute suspect,
63f447a7c27101f8f62ec791474f03a7f9e2dcc187a3bfaceb42f5f93c27c213,2019-03,North Yorkshire Police,North Yorkshire Police,-1.087887,53.975037,On or near Crichton Avenue,E01013347,York 009C,Vehicle crime,Unable to prosecute suspect,
e8edda0da30e9edd53984f19f4bb620fab89aeff0ab4fac8e44b97e28fd8a649,2019-03,North Yorkshire Police,North Yorkshire Police,-1.087772,53.976798,On or near Ashton Avenue,E01013347,York 009C,Vehicle crime,Under investigation,
c4875b1fac6619e3af641a7e6423b4764ccfccd12f325c09561c4a8690960dbf,2019-03,North Yorkshire Police,North Yorkshire Police,-1.087887,53.975037,On or near Crichton Avenue,E01013347,York 009C,Violence and sexual offences,Unable to prosecute suspect,
feebc501be5eb9e687e949509c0035aa07b1634ed0b72326b09c93ab62f9a9c3,2019-03,North Yorkshire Police,North Yorkshire Police,-1.087887,53.975037,On or near Crichton Avenue,E01013347,York 009C,Violence and sexual offences,Unable to prosecute suspect,
0666947bb21c8712a138111111e6368349c951540c4069b2ce98621053c7550c,2019-03,North Yorkshire Police,North Yorkshire Police,-1.087887,53.975037,On or near Crichton Avenue,E01013347,York 009C,Violence and sexual offences,Unable to prosecute suspect,
88bfa7ddc8045ade2ebf50536a884e39ab96ddf516fab962ffd007b23e0af7e5,2019-03,North Yorkshire Police,North Yorkshire Police,-1.089798,53.974072,On or near Evelyn Crescent,E01013347,York 009C,Violence and sexual offences,Under investigation,
49a3c21f570df832beb63b13b35c389dac2c26ef51ffd7e694e5e7e9adedd894,2019-03,North Yorkshire Police,North Yorkshire Police,-1.089798,53.974072,On or near Evelyn Crescent,E01013347,York 009C,Violence and sexual offences,Under investigation,
f22400631bcab36a1a346ddc310186caa08e6b045b2ba4beea1a6db1e7dee5df,2019-03,North Yorkshire Police,North Yorkshire Police,-1.093886,53.976099,On or near Burdyke Avenue,E01013349,York 009D,Burglary,Under investigation,
34f3730fe3841471a452301257a4cd2306fcd95f784fe3d9ffe795a2e858a289,2019-03,North Yorkshire Police,North Yorkshire Police,-1.093886,53.976099,On or near Burdyke Avenue,E01013349,York 009D,Criminal damage and arson,Under investigation,
8eae3f5e1bf6531da508566707b2c0ebf056c17215c477876e4313df0ea97084,2019-03,North Yorkshire Police,North Yorkshire Police,-1.092639,53.973869,On or near Kingsway North,E01013349,York 009D,Robbery,Under investigation,
5319fe962fe8b2a8abef7fb8fad7eeafad9ce3b8379d24fbbb4df6e5c724d005,2019-03,North Yorkshire Police,North Yorkshire Police,-1.094497,53.974674,On or near Peter Hill Drive,E01013349,York 009D,Violence and sexual offences,Unable to prosecute suspect,
11489f549d3d8d493f416ecdaf609c9ea15c08014e4ebf2e97e9ab716ac20190,2019-03,North Yorkshire Police,North Yorkshire Police,-1.094497,53.974674,On or near Peter Hill Drive,E01013349,York 009D,Violence and sexual offences,Unable to prosecute suspect,
f5a64f1ee2986afd6056b2447dc4ca73f5d5517e2973c5310e221dbcf2db3710,2019-03,North Yorkshire Police,North Yorkshire Police,-1.093886,53.976099,On or near Burdyke Avenue,E01013349,York 009D,Violence and sexual offences,Under investigation,
6a630aea52971a741db8452332e5b32f08f9a88446a1f068081ae095a371a723,2019-03,North Yorkshire Police,North Yorkshire Police,-1.094497,53.974674,On or near Peter Hill Drive,E01013349,York 009D,Other crime,Unable to prosecute suspect,
9ec62c3f907fcd6b2a40bb3e6d9aff5c447dc4efd352c711d03107210f17c346,2019-03,North Yorkshire Police,North Yorkshire Police,-1.084808,53.972192,On or near Hillsborough Terrace,E01013350,York 009E,Criminal damage and arson,Investigation complete; no suspect identified,
12c52f9720cf277ae373210b48a76fe2dffec788eda1999f1812986f81825ced,2019-03,North Yorkshire Police,North Yorkshire Police,-1.085348,53.972636,On or near Field View,E01013350,York 009E,Other theft,Unable to prosecute suspect,
6aa7fbf087e902547bf01714e8937457856db34700d78d5b26762993294577a0,2019-03,North Yorkshire Police,North Yorkshire Police,-1.088446,53.976651,On or near Waveney Grove,E01013350,York 009E,Theft from the person,Unable to prosecute suspect,
b1e39b79c619ba66e375c2b8b9d45e4f19fd4727afe6ab488fa82a8bab96d329,2019-03,North Yorkshire Police,North Yorkshire Police,-1.088446,53.976651,On or near Waveney Grove,E01013350,York 009E,Vehicle crime,Under investigation,
887661d005bf4a2c053b846f6d69bba5268641099bed80bfde91843eec905638,2019-03,North Yorkshire Police,North Yorkshire Police,-1.088446,53.976651,On or near Waveney Grove,E01013350,York 009E,Violence and sexual offences,Under investigation,
c07aa8177bcbb678ea18ae54e188432487f815188fbeff6001109da6aaaf845d,2019-03,North Yorkshire Police,North Yorkshire Police,-1.088446,53.976651,On or near Waveney Grove,E01013350,York 009E,Violence and sexual offences,Under investigation,
81ca54bc56abd8ffee4a068baadc3e19953a46b713a47e24b41561360f68f862,2019-03,North Yorkshire Police,North Yorkshire Police,-1.085185,53.973111,On or near Tennyson Avenue,E01013350,York 009E,Violence and sexual offences,Unable to prosecute suspect,
e082596e956762efc1a31c919e45910dafdec80c76bf2637e9513c8d62116e5f,2019-03,North Yorkshire Police,North Yorkshire Police,-1.088446,53.976651,On or near Waveney Grove,E01013350,York 009E,Violence and sexual offences,Unable to prosecute suspect,
6d5e2d1d16d0adb265dbb2bb34d6abbf24b6969ea67a60ce63ceb461cf53db9f,2019-03,North Yorkshire Police,North Yorkshire Police,-1.084446,53.976189,On or near Lucas Avenue,E01013350,York 009E,Violence and sexual offences,Under investigation,
,2019-03,North Yorkshire Police,North Yorkshire Police,-1.074484,53.972346,On or near Oakville Street,E01013348,York 010A,Anti-social behaviour,,
,2019-03,North Yorkshire Police,North Yorkshire Police,-1.076636,53.971545,On or near White Cross Road,E01013348,York 010A,Anti-social behaviour,,
,2019-03,North Yorkshire Police,North Yorkshire Police,-1.082059,53.976575,On or near Wiggington Road,E01013348,York 010A,Anti-social behaviour,,
,2019-03,North Yorkshire Police,North Yorkshire Police,-1.074536,53.972733,On or near Ashville Street,E01013348,York 010A,Anti-social behaviour,,
,2019-03,North Yorkshire Police,North Yorkshire Police,-1.077362,53.973160,On or near Haxby Road,E01013348,York 010A,Anti-social behaviour,,
ef094dd414c60328c0976fc1ec93b5524c77fd1a11068056d8c07888db30e808,2019-03,North Yorkshire Police,North Yorkshire Police,-1.074484,53.972346,On or near Oakville Street,E01013348,York 010A,Burglary,Under investigation,
e963694018c58c45dbcc623fdedf1305df703484f39d591e8c532eb4a2d9ca1d,2019-03,North Yorkshire Police,North Yorkshire Police,-1.076636,53.971545,On or near White Cross Road,E01013348,York 010A,Criminal damage and arson,Under investigation,
67c0bfbb92b6476e8483c46e2bfb5bd3fc1577e91e1fbfbecc29ab62a920e1f8,2019-03,North Yorkshire Police,North Yorkshire Police,-1.073120,53.974017,On or near Somerset Road,E01013348,York 010A,Drugs,Under investigation,
ceffe2b229b1ccfd346eda253df97130546df0d8c8f7020e0db0bd7e53fa6730,2019-03,North Yorkshire Police,North Yorkshire Police,-1.075865,53.970542,On or near Maplehurst Avenue,E01013348,York 010A,Drugs,Under investigation,
f4fe9802502370a8c7f9279e10ea57f43f546038ceb48201a71976e089a5dee1,2019-03,North Yorkshire Police,North Yorkshire Police,-1.081468,53.972957,On or near Wigginton Terrace,E01013348,York 010A,Public order,Offender given suspended prison sentence,
058ff231bcc0c54f074373d2d168c5e22d71dbaaa1e100223ebc81745ae12231,2019-03,North Yorkshire Police,North Yorkshire Police,-1.081468,53.972957,On or near Wigginton Terrace,E01013348,York 010A,Public order,Under investigation,
755a65d86eb55c2b8a2008f1c97cfe7db79adf4430a6c573ed6c44faffc5f573,2019-03,North Yorkshire Police,North Yorkshire Police,-1.082059,53.976575,On or near Wiggington Road,E01013348,York 010A,Violence and sexual offences,Under investigation,
de013d58fa4743c18a36aecab48eda347ef91e85ce40b5391c2baa477c553f64,2019-03,North Yorkshire Police,North Yorkshire Police,-1.074484,53.972346,On or near Oakville Street,E01013348,York 010A,Violence and sexual offences,Under investigation,
be2d4895e836735d7562fd5f6e1643a45f97e5ee036b120387b3b1eef7e0c733,2019-03,North Yorkshire Police,North Yorkshire Police,-1.082059,53.976575,On or near Wiggington Road,E01013348,York 010A,Violence and sexual offences,Under investigation,
,2019-03,North Yorkshire Police,North Yorkshire Police,-1.073854,53.967075,On or near Park Grove,E01013368,York 010B,Anti-social behaviour,,
,2019-03,North Yorkshire Police,North Yorkshire Police,-1.080053,53.968668,On or near Haxby Road,E01013368,York 010B,Anti-social behaviour,,
,2019-03,North Yorkshire Police,North Yorkshire Police,-1.081338,53.967797,On or near Haxby Road,E01013368,York 010B,Anti-social behaviour,,
,2019-03,North Yorkshire Police,North Yorkshire Police,-1.073854,53.967075,On or near Park Grove,E01013368,York 010B,Anti-social behaviour,,
,2019-03,North Yorkshire Police,North Yorkshire Police,-1.081338,53.967797,On or near Haxby Road,E01013368,York 010B,Anti-social behaviour,,
,2019-03,North Yorkshire Police,North Yorkshire Police,-1.077409,53.966913,On or near Lowther Street,E01013368,York 010B,Anti-social behaviour,,
33657dd59e2a36fa78013c566a3e01f0a8b35d9ac1002a86155d0ee6ce2a2697,2019-03,North Yorkshire Police,North Yorkshire Police,-1.077409,53.966913,On or near Lowther Street,E01013368,York 010B,Criminal damage and arson,Under investigation,
c281c0d018c59ac49c3d67b21bda21a576a7f0599422bd98ae6ebc4588904e3d,2019-03,North Yorkshire Police,North Yorkshire Police,-1.081338,53.967797,On or near Haxby Road,E01013368,York 010B,Vehicle crime,Investigation complete; no suspect identified,
4f1496a9f2abaaf3df292ca57ebe7929aa9dcce2e1b239af3b4bc81429c87ae5,2019-03,North Yorkshire Police,North Yorkshire Police,-1.076591,53.969424,On or near Nelson Street,E01013368,York 010B,Violence and sexual offences,Under investigation,
9091438e64935de5b8622c99165ab8159d035fd1245d4d731624f5f593dd04f5,2019-03,North Yorkshire Police,North Yorkshire Police,-1.076998,53.968950,On or near Eldon Street,E01013368,York 010B,Violence and sexual offences,Unable to prosecute suspect,
54f5a0e291298cd90a580cad384ae2a69108363f63d5fa06f7c9f8ad0ac36a12,2019-03,North Yorkshire Police,North Yorkshire Police,-1.077409,53.966913,On or near Lowther Street,E01013368,York 010B,Violence and sexual offences,Under investigation,
42602509bf548360364c6cac807464c0a556730ecad6424c4b66f1c9121ad62a,2019-03,North Yorkshire Police,North Yorkshire Police,-1.077409,53.966913,On or near Lowther Street,E01013368,York 010B,Violence and sexual offences,Unable to prosecute suspect,
7c9d5b73e686f61adbba4e5bdaf56cd31b416e82d90ce6e7cec500cf76c178c9,2019-03,North Yorkshire Police,North Yorkshire Police,-1.077173,53.969985,On or near Walpole Street,E01013368,York 010B,Violence and sexual offences,Unable to prosecute suspect,
d36518b550ce5711a33e630b5d1fd3d1a6ff2518ad548930f1b4d71c7c086396,2019-03,North Yorkshire Police,North Yorkshire Police,-1.077409,53.966913,On or near Lowther Street,E01013368,York 010B,Violence and sexual offences,Under investigation,
,2019-03,North Yorkshire Police,North Yorkshire Police,-1.070415,53.969502,On or near Dodsworth Avenue,E01013382,York 010C,Anti-social behaviour,,
,2019-03,North Yorkshire Police,North Yorkshire Police,-1.071757,53.970851,On or near Arran Place,E01013382,York 010C,Anti-social behaviour,,
,2019-03,North Yorkshire Police,North Yorkshire Police,-1.070415,53.969502,On or near Dodsworth Avenue,E01013382,York 010C,Anti-social behaviour,,
,2019-03,North Yorkshire Police,North Yorkshire Police,-1.072086,53.965650,On or near Dalguise Grove,E01013382,York 010C,Anti-social behaviour,,
dbefd7a03d2746bc746be71e05bcb8f4243a27db953288bb5cb0159a12f43580,2019-03,North Yorkshire Police,North Yorkshire Police,-1.069087,53.966876,On or near Hyrst Grove,E01013382,York 010C,Criminal damage and arson,Under investigation,
1d195726ec11d32238c93526a75546663903a4f4d55b754364eb5593b93b47d2,2019-03,North Yorkshire Police,North Yorkshire Police,-1.072086,53.965650,On or near Dalguise Grove,E01013382,York 010C,Public order,Under investigation,
5f37123a475f198650bbfe11c01570a2a2bbcc0e2e039ad5ce6dd88f9d1fc59f,2019-03,North Yorkshire Police,North Yorkshire Police,-1.069087,53.966876,On or near Hyrst Grove,E01013382,York 010C,Public order,Under investigation,
d81e0fd79aa7063f010f554b05883c38694c50a1c8c1cb75f15a2757780bd53a,2019-03,North Yorkshire Police,North Yorkshire Police,-1.070415,53.969502,On or near Dodsworth Avenue,E01013382,York 010C,Public order,Under investigation,
10175a7ef604e74d4b9bb44759647488985757aad7d1c118c1742044bba33e09,2019-03,North Yorkshire Police,North Yorkshire Police,-1.070485,53.970491,On or near Saxon Place,E01013382,York 010C,Violence and sexual offences,Under investigation,
,2019-03,North Yorkshire Police,North Yorkshire Police,-1.072407,53.964924,On or near Parking Area,E01013383,York 010D,Anti-social behaviour,,
,2019-03,North Yorkshire Police,North Yorkshire Police,-1.065945,53.964227,On or near Emmerson Street,E01013383,York 010D,Anti-social behaviour,,
,2019-03,North Yorkshire Police,North Yorkshire Police,-1.064908,53.961496,On or near Bowes Avenue,E01013383,York 010D,Anti-social behaviour,,
,2019-03,North Yorkshire Police,North Yorkshire Police,-1.063533,53.965035,On or near Bull Lane,E01013383,York 010D,Anti-social behaviour,,
,2019-03,North Yorkshire Police,North Yorkshire Police,-1.071165,53.958407,On or near Foss Islands Road,E01013383,York 010D,Anti-social behaviour,,
,2019-03,North Yorkshire Police,North Yorkshire Police,-1.064908,53.961496,On or near Bowes Avenue,E01013383,York 010D,Anti-social behaviour,,
,2019-03,North Yorkshire Police,North Yorkshire Police,-1.071408,53.959811,On or near Petrol Station,E01013383,York 010D,Anti-social behaviour,,
,2019-03,North Yorkshire Police,North Yorkshire Police,-1.070736,53.960579,On or near Supermarket,E01013383,York 010D,Anti-social behaviour,,
,2019-03,North Yorkshire Police,North Yorkshire Police,-1.063388,53.962670,On or near Sixth Avenue,E01013383,York 010D,Anti-social behaviour,,
,2019-03,North Yorkshire Police,North Yorkshire Police,-1.070736,53.960579,On or near Supermarket,E01013383,York 010D,Anti-social behaviour,,
,2019-03,North Yorkshire Police,North Yorkshire Police,-1.065945,53.964227,On or near Emmerson Street,E01013383,York 010D,Anti-social behaviour,,
163fb414ebaa32044b928108813c6de4f22a0b49f3d1d4ab63b594fcc1c20236,2019-03,North Yorkshire Police,North Yorkshire Police,-1.063388,53.962670,On or near Sixth Avenue,E01013383,York 010D,Burglary,Investigation complete; no suspect identified,
9cb837db4aaa17ae6486b68e172d8970387b960d23636bb41d9adb87a154e8d1,2019-03,North Yorkshire Police,North Yorkshire Police,-1.059155,53.963185,On or near Ninth Avenue,E01013383,York 010D,Burglary,Under investigation,
d8f47faddd3da1a29d46fa1562dd7f8ce7cd2db631283e7731b5f8887cf48f03,2019-03,North Yorkshire Police,North Yorkshire Police,-1.063388,53.962670,On or near Sixth Avenue,E01013383,York 010D,Burglary,Investigation complete; no suspect identified,
1e756b331e6a4552e00871f26146355c64f6f84b7c198fa5dfc7bca9bdf21594,2019-03,North Yorkshire Police,North Yorkshire Police,-1.064908,53.961496,On or near Bowes Avenue,E01013383,York 010D,Burglary,Investigation complete; no suspect identified,
70c2711a775cb2de39700c7a1e77e1a8126955f9fe23520e626bc1afa606b5c6,2019-03,North Yorkshire Police,North Yorkshire Police,-1.064908,53.961496,On or near Bowes Avenue,E01013383,York 010D,Criminal damage and arson,Investigation complete; no suspect identified,
7124b1fa913c4907e5c44f55ae0345b60a6d611bd94d254b81106de8c2261705,2019-03,North Yorkshire Police,North Yorkshire Police,-1.072407,53.964924,On or near Parking Area,E01013383,York 010D,Criminal damage and arson,Investigation complete; no suspect identified,
12cc90eb593812d3db98441bc0b2c208e989525e9555cca77892c298713f9e90,2019-03,North Yorkshire Police,North Yorkshire Police,-1.071165,53.958407,On or near Foss Islands Road,E01013383,York 010D,Other theft,Investigation complete; no suspect identified,
3457ea871a37b9401aefe0666e289ec83f879c422a40fec049acefca2ae1192b,2019-03,North Yorkshire Police,North Yorkshire Police,-1.064908,53.961496,On or near Bowes Avenue,E01013383,York 010D,Other theft,Investigation complete; no suspect identified,
131bf097aa3b7d938c492d54f1fc08ea1de4a03c1fb4a2ba0694325b3523899b,2019-03,North Yorkshire Police,North Yorkshire Police,-1.071165,53.958407,On or near Foss Islands Road,E01013383,York 010D,Public order,Under investigation,
f754073e5a80498fb2f7c516154163f39e74d4b75be55c22aa26ad7223d6015c,2019-03,North Yorkshire Police,North Yorkshire Police,-1.070736,53.960579,On or near Supermarket,E01013383,York 010D,Shoplifting,Under investigation,
d09682bbf13e53d761e258d18d23817468ff3d198b53233b3d875335fc256831,2019-03,North Yorkshire Police,North Yorkshire Police,-1.071165,53.958407,On or near Foss Islands Road,E01013383,York 010D,Shoplifting,Under investigation,
11e57e5dc7e153cc215f34a12659b8d36903cd20bc4802d5320f411bb731c0f2,2019-03,North Yorkshire Police,North Yorkshire Police,-1.070736,53.960579,On or near Supermarket,E01013383,York 010D,Shoplifting,Under investigation,
d4efd277ce428aff79ce5e3621d4921d22463d952a15e36ff57069892b450ba9,2019-03,North Yorkshire Police,North Yorkshire Police,-1.067100,53.961639,On or near Little Hallfield Road,E01013383,York 010D,Shoplifting,Under investigation,
17d02f0da2648ffcbda8242067bba70ef807c5eb796a896d7fbde9e027a310df,2019-03,North Yorkshire Police,North Yorkshire Police,-1.070736,53.960579,On or near Supermarket,E01013383,York 010D,Shoplifting,Under investigation,
3f60a7bde2c1bcf59f07c1d76839a410ff55d40b3aba118b43464bfcce63a02b,2019-03,North Yorkshire Police,North Yorkshire Police,-1.070736,53.960579,On or near Supermarket,E01013383,York 010D,Shoplifting,Under investigation,
b7e277b626415b6f9b90d759f85d7118b046e010d8d9ed72cc6573ef47d2e9b9,2019-03,North Yorkshire Police,North Yorkshire Police,-1.070736,53.960579,On or near Supermarket,E01013383,York 010D,Shoplifting,Under investigation,
697c78f943a3a536ca1413a9004df2df0716efacb36cdcc68321de3c779db4b3,2019-03,North Yorkshire Police,North Yorkshire Police,-1.070736,53.960579,On or near Supermarket,E01013383,York 010D,Shoplifting,Under investigation,
9aeaa533f29df9361f3a16d50d8b5075dbb598c4613bffc2a8e20a53b3234f4c,2019-03,North Yorkshire Police,North Yorkshire Police,-1.070736,53.960579,On or near Supermarket,E01013383,York 010D,Shoplifting,Under investigation,
c95e1d04b63105148a6f0141e9d510fcd2d2c65f66ea201f38c495d3dec3cd8a,2019-03,North Yorkshire Police,North Yorkshire Police,-1.070736,53.960579,On or near Supermarket,E01013383,York 010D,Shoplifting,Under investigation,
8aa343eecbea1eea4dae98a92434c97c245917ce48840b58c05bd2f135c610f8,2019-03,North Yorkshire Police,North Yorkshire Police,-1.070736,53.960579,On or near Supermarket,E01013383,York 010D,Shoplifting,Under investigation,
753c180d57ffd9f590ea1267ad2d1ad1a5fb613661eaa393c5a6c0dacb77f093,2019-03,North Yorkshire Police,North Yorkshire Police,-1.070736,53.960579,On or near Supermarket,E01013383,York 010D,Shoplifting,Under investigation,
57176fab8d8b0cd1ebce5197c8d740e2b910173bda39c06cbe5f5b034a632ddf,2019-03,North Yorkshire Police,North Yorkshire Police,-1.072425,53.962740,On or near Supermarket,E01013383,York 010D,Shoplifting,Under investigation,
c30ed745d8c55372d9985ec5d2b5f1355b6d88537d3a2261aefc57c584bb86b1,2019-03,North Yorkshire Police,North Yorkshire Police,-1.070736,53.960579,On or near Supermarket,E01013383,York 010D,Shoplifting,Unable to prosecute suspect,
bf8948d10d8c29cf9bfba0c2cfd25c3e6f2ffe38077960caabe2893c32aeb8e1,2019-03,North Yorkshire Police,North Yorkshire Police,-1.070736,53.960579,On or near Supermarket,E01013383,York 010D,Shoplifting,Under investigation,
54012e4323bdd20aa571b1e182b81408706c164849fef2d63225e75149e6718b,2019-03,North Yorkshire Police,North Yorkshire Police,-1.070736,53.960579,On or near Supermarket,E01013383,York 010D,Shoplifting,Unable to prosecute suspect,
3ac5ec0f7ecb0bb4780b3d8826c4fb8752f85241dab955d4caeb39a2c6634ca6,2019-03,North Yorkshire Police,North Yorkshire Police,-1.072425,53.962740,On or near Supermarket,E01013383,York 010D,Shoplifting,Under investigation,
5e51d5dbcf87ab5ddfd6378ddbea3b82b7c00925e5e1ac0fadf64fc983aea87d,2019-03,North Yorkshire Police,North Yorkshire Police,-1.072425,53.962740,On or near Supermarket,E01013383,York 010D,Shoplifting,Under investigation,
1bfe7632c724593b5ec189e7758d576ba65bb172fcc1a3480f0063cf4066c05e,2019-03,North Yorkshire Police,North Yorkshire Police,-1.070736,53.960579,On or near Supermarket,E01013383,York 010D,Shoplifting,Under investigation,
307feb5517d41379002c87f3258f8da67f1bf1e2f8a4e19f875e55788eae1925,2019-03,North Yorkshire Police,North Yorkshire Police,-1.070736,53.960579,On or near Supermarket,E01013383,York 010D,Shoplifting,Under investigation,
b6dd15ffcd0af349e65750a5befd1111705799ad58bf320b53308ac218060a3d,2019-03,North Yorkshire Police,North Yorkshire Police,-1.070736,53.960579,On or near Supermarket,E01013383,York 010D,Shoplifting,Awaiting court outcome,
d5824aca9f7cddc8216d51e5555345a2f9218f5637bafee9e8d7cf9f793c3c7e,2019-03,North Yorkshire Police,North Yorkshire Police,-1.070736,53.960579,On or near Supermarket,E01013383,York 010D,Shoplifting,Offender given community sentence,
9ad9260978f5c9966172b43c5274d8047b74565a8ad9dc201aed32bab88c2092,2019-03,North Yorkshire Police,North Yorkshire Police,-1.070736,53.960579,On or near Supermarket,E01013383,York 010D,Shoplifting,Offender sent to prison,
af1325846e8961162d02fdab274cda9f530abb17ff92b3c4e38f3d86fad8794a,2019-03,North Yorkshire Police,North Yorkshire Police,-1.059523,53.962388,On or near Fourth Avenue,E01013383,York 010D,Shoplifting,Under investigation,
7815a2fffeeff7ce238c79c25e5b2fdd2fb745fc7d60932ee92b35438c6b3aba,2019-03,North Yorkshire Police,North Yorkshire Police,-1.070736,53.960579,On or near Supermarket,E01013383,York 010D,Violence and sexual offences,Defendant found not guilty,
1f498b4fa2ff90bfc294eb5f64889170bfe6d43a1ca578c60cda1b9a00eb4167,2019-03,North Yorkshire Police,North Yorkshire Police,-1.061936,53.961517,On or near Carter Avenue,E01013383,York 010D,Violence and sexual offences,Under investigation,
234ead0723f09854a7e49f999f58cc94001a34db5c7eec65fc0939e4cf229742,2019-03,North Yorkshire Police,North Yorkshire Police,-1.071165,53.958407,On or near Foss Islands Road,E01013383,York 010D,Violence and sexual offences,Under investigation,
b8f1aa9375e3383828cd1649a639feefe440204c01abac411bbecef3648704ca,2019-03,North Yorkshire Police,North Yorkshire Police,-1.066049,53.962979,On or near Scrope Avenue,E01013383,York 010D,Violence and sexual offences,Under investigation,
9819364d69326d1e43b6e5c5618e8ad910845c359722b278743f31f971bc92fb,2019-03,North Yorkshire Police,North Yorkshire Police,-1.063533,53.965035,On or near Bull Lane,E01013383,York 010D,Violence and sexual offences,Under investigation,
95da7bbcaf933ed5e7a0a3bf9674b8fe8742fdb0ecc4bbda9acc154b434350b0,2019-03,North Yorkshire Police,North Yorkshire Police,-1.071296,53.962795,On or near Layerthorpe,E01013383,York 010D,Violence and sexual offences,Under investigation,
7d8397f01931361fe81ed2e0ffc3ee22231845d21817748968dbccc8d9181d3c,2019-03,North Yorkshire Police,North Yorkshire Police,-1.059523,53.962388,On or near Fourth Avenue,E01013383,York 010D,Other crime,Under investigation,
,2019-03,North Yorkshire Police,North Yorkshire Police,-1.067470,53.977146,On or near Middleham Avenue,E01013386,York 010E,Anti-social behaviour,,
,2019-03,North Yorkshire Police,North Yorkshire Police,-1.067470,53.977146,On or near Middleham Avenue,E01013386,York 010E,Anti-social behaviour,,
,2019-03,North Yorkshire Police,North Yorkshire Police,-1.070827,53.973613,On or near Sturdee Grove,E01013386,York 010E,Anti-social behaviour,,
,2019-03,North Yorkshire Police,North Yorkshire Police,-1.070600,53.976289,On or near Kirkham Avenue,E01013386,York 010E,Anti-social behaviour,,
,2019-03,North Yorkshire Police,North Yorkshire Police,-1.069175,53.977285,On or near Bellfarm Avenue,E01013386,York 010E,Anti-social behaviour,,
5091a68d41bd725d0d40a3ef1a5f60e0067fa3896e4931f08ff14be51a81ba39,2019-03,North Yorkshire Police,North Yorkshire Police,-1.068211,53.972667,On or near St Wulstan Close,E01013386,York 010E,Criminal damage and arson,Investigation complete; no suspect identified,
42096d8755ebfbdfb3b0dedf94d34fe26b73e0880896825fc3e2421c8e1f42e3,2019-03,North Yorkshire Police,North Yorkshire Police,-1.068211,53.972667,On or near St Wulstan Close,E01013386,York 010E,Criminal damage and arson,Under investigation,
bef890046a344a612be5473a2c6c55325d0c875d36667d191417c9a0f01c64ca,2019-03,North Yorkshire Police,North Yorkshire Police,-1.068211,53.972667,On or near St Wulstan Close,E01013386,York 010E,Criminal damage and arson,Under investigation,
0fb1fd210669fab8503488152ecb70da57d948470ec46f69d82f66ad0ee4e4c1,2019-03,North Yorkshire Police,North Yorkshire Police,-1.071655,53.973394,On or near Montrose Avenue,E01013386,York 010E,Criminal damage and arson,Investigation complete; no suspect identified,
030e3438ad6ab410fdcecf7021d02f3256583273eff077c8ff97670692e4687d,2019-03,North Yorkshire Police,North Yorkshire Police,-1.068719,53.977910,On or near Roche Avenue,E01013386,York 010E,Other theft,Under investigation,
4d6150dde67191ac814dcd316ba04833730c5ae033a93114da0e5571bba8a286,2019-03,North Yorkshire Police,North Yorkshire Police,-1.067470,53.977146,On or near Middleham Avenue,E01013386,York 010E,Violence and sexual offences,Unable to prosecute suspect,
87848b1f45b673e0ad9592e53b383ac6321dbac68d6ee3e15c1109eeb5456fad,2019-03,North Yorkshire Police,North Yorkshire Police,-1.067470,53.977146,On or near Middleham Avenue,E01013386,York 010E,Violence and sexual offences,Under investigation,
d042d749cbbea5bd2fcca47c4d06b5b83a005b296100dcc1db2fa57bc21a5df3,2019-03,North Yorkshire Police,North Yorkshire Police,-1.069175,53.977285,On or near Bellfarm Avenue,E01013386,York 010E,Violence and sexual offences,Under investigation,
f39286dc6a13806d51e4990695460048e3b8f34418c466c3ec14029979ac52b2,2019-03,North Yorkshire Police,North Yorkshire Police,-1.067470,53.977146,On or near Middleham Avenue,E01013386,York 010E,Violence and sexual offences,Under investigation,
333dfe518ffa6dfd554105f16f9da88dd4f4a4ec5ba7d8d08f6bfce028b19239,2019-03,North Yorkshire Police,North Yorkshire Police,-1.069175,53.977285,On or near Bellfarm Avenue,E01013386,York 010E,Violence and sexual offences,Under investigation,
6e5614ed789859f0760b43a16b91fa19f16d3878085163e703beecbe8d740dec,2019-03,North Yorkshire Police,North Yorkshire Police,-1.070827,53.973613,On or near Sturdee Grove,E01013386,York 010E,Violence and sexual offences,Under investigation,
8ddc31824b39e995c45720b9f39ea808598f96061d362008681ee2d55878656d,2019-03,North Yorkshire Police,North Yorkshire Police,-1.070827,53.973613,On or near Sturdee Grove,E01013386,York 010E,Violence and sexual offences,Under investigation,
0659efad9c9ec9c144761aeeb2238c514cee60d2528a7962b9e3e88dfb93d7c1,2019-03,North Yorkshire Police,North Yorkshire Police,-1.069813,53.976724,On or near Byland Avenue,E01013386,York 010E,Other crime,Unable to prosecute suspect,
6eb3c8d36733a10b0aadc8140e422ee18e8e22c82cc787690c097fcac5f27499,2019-03,North Yorkshire Police,North Yorkshire Police,-1.161506,53.920657,On or near Further/Higher Educational Building,E01013421,York 011A,Public order,Under investigation,
dd92ba3ff3bd9bfa32e322b7f672e20c9b6c030adf041f14d072daac33a3ac90,2019-03,North Yorkshire Police,North Yorkshire Police,-1.126045,53.924215,On or near Tadcaster Road,E01013421,York 011A,Public order,Unable to prosecute suspect,
0036748b0c44f5c77a63ef1b33d992d218a482242cab7bda3389423cad5866f2,2019-03,North Yorkshire Police,North Yorkshire Police,-1.161506,53.920657,On or near Further/Higher Educational Building,E01013421,York 011A,Violence and sexual offences,Under investigation,
a3049b7bf7862ca1506f44b9de947575fc4e2ce337fff053c0b61ce15366c817,2019-03,North Yorkshire Police,North Yorkshire Police,-1.161506,53.920657,On or near Further/Higher Educational Building,E01013421,York 011A,Violence and sexual offences,Under investigation,
,2019-03,North Yorkshire Police,North Yorkshire Police,-1.128045,53.977322,On or near Hudson Way,E01013422,York 011B,Anti-social behaviour,,
,2019-03,North Yorkshire Police,North Yorkshire Police,-1.130947,53.976327,On or near Severn Green,E01013422,York 011B,Anti-social behaviour,,
,2019-03,North Yorkshire Police,North Yorkshire Police,-1.127590,53.975728,On or near Rose Avenue,E01013422,York 011B,Anti-social behaviour,,
da295cac72f45e1ef51dea0d90ee42fdff03baf5c9c1cb15df83556d4f992560,2019-03,North Yorkshire Police,North Yorkshire Police,-1.127590,53.975728,On or near Rose Avenue,E01013422,York 011B,Burglary,Under investigation,
fcb43c3e659c4560fff51c75fb5c0451ea054f32864d6220ceab3034ffe4f1ba,2019-03,North Yorkshire Police,North Yorkshire Police,-1.143863,53.981426,On or near Long Ridge Lane,E01013422,York 011B,Criminal damage and arson,Under investigation,
0d3446a08eaadbac07e43f7ed23b2e53ecf506ee7fd7b5f5cc900f787dc8619a,2019-03,North Yorkshire Police,North Yorkshire Police,-1.131660,53.980152,On or near White Rose Close,E01013422,York 011B,Criminal damage and arson,Investigation complete; no suspect identified,
2c1928015ec82999c8800cd9b1f90e3f4461a77b82e6a9b035b9bbc35596a29d,2019-03,North Yorkshire Police,North Yorkshire Police,-1.141784,53.974275,On or near Parking Area,E01013422,York 011B,Criminal damage and arson,Unable to prosecute suspect,
c17037750be19df937852989b26c92b1edfa7747d883d32db590c375b3ef4129,2019-03,North Yorkshire Police,North Yorkshire Police,-1.133684,53.977444,On or near Esk Drive,E01013422,York 011B,Other theft,Under investigation,
fb42820b66208d2032394cf5c43e9eae0e7dcf584447b0dd7ee8248321345392,2019-03,North Yorkshire Police,North Yorkshire Police,-1.145969,53.958243,On or near Bland Lane,E01013422,York 011B,Possession of weapons,Offender given community sentence,
f6f6b0883cfcb56e06bf77026e504abad80c327f6a7c415cc6fc22e5eac72a59,2019-03,North Yorkshire Police,North Yorkshire Police,-1.130947,53.976327,On or near Severn Green,E01013422,York 011B,Public order,Under investigation,
386f6507d5013e9dab68c3ec19e947d36fc465dc880ad81ff95cb48ccf99d46c,2019-03,North Yorkshire Police,North Yorkshire Police,-1.133684,53.977444,On or near Esk Drive,E01013422,York 011B,Shoplifting,Investigation complete; no suspect identified,
e26b9fa4275daeab70c888b99bf94411e3be3e12657910a14b7587d11e3791a9,2019-03,North Yorkshire Police,North Yorkshire Police,-1.152627,53.980158,On or near Supermarket,E01013422,York 011B,Shoplifting,Investigation complete; no suspect identified,
623b0aafc91f23d9184a94814312a6867e027af77eb9bb41fd52971ed06a4456,2019-03,North Yorkshire Police,North Yorkshire Police,-1.133684,53.977444,On or near Esk Drive,E01013422,York 011B,Shoplifting,Unable to prosecute suspect,
e454e5fa275e28a9efc9d3f35f97cec74b2e76ec946a43bc4cc78a23eb1c3328,2019-03,North Yorkshire Police,North Yorkshire Police,-1.133684,53.977444,On or near Esk Drive,E01013422,York 011B,Shoplifting,Under investigation,
fceb2aee63f5b1bb31108de02d0403bf0bdb6527c3c58b8508517948604965ed,2019-03,North Yorkshire Police,North Yorkshire Police,-1.127590,53.975728,On or near Rose Avenue,E01013422,York 011B,Vehicle crime,Investigation complete; no suspect identified,
3e8340a9df556ddd0deb584868006f174a47feb79c58c67585b9a34ef4f1d692,2019-03,North Yorkshire Police,North Yorkshire Police,-1.130947,53.976327,On or near Severn Green,E01013422,York 011B,Violence and sexual offences,Under investigation,
fcfa0753a0a09b27f3c91821f3737da898c3670bda476968784b23d2d0d34f52,2019-03,North Yorkshire Police,North Yorkshire Police,-1.130947,53.976327,On or near Severn Green,E01013422,York 011B,Violence and sexual offences,Under investigation,
f5ddf46da50552db11d2096da85f41635be7f6413b4988e1928f96e2bf1e3792,2019-03,North Yorkshire Police,North Yorkshire Police,-1.135048,53.970461,On or near Boroughbridge Road,E01013422,York 011B,Violence and sexual offences,Under investigation,
,2019-03,North Yorkshire Police,North Yorkshire Police,-1.149756,53.984119,On or near Ebor Way,E01013426,York 011C,Anti-social behaviour,,
,2019-03,North Yorkshire Police,North Yorkshire Police,-1.150292,53.982487,On or near Dikelands Lane,E01013426,York 011C,Anti-social behaviour,,
cb10413de70005d641455492ab81e27498470117fc5c1ceac3bfb8ccd1940f37,2019-03,North Yorkshire Police,North Yorkshire Police,-1.152382,53.968202,On or near Glaisdale Road,E01013426,York 011C,Burglary,Under investigation,
4e2e680c3834522e065cb1cc03b167b27835526181099cb8b9e1654d1868c734,2019-03,North Yorkshire Police,North Yorkshire Police,-1.146827,53.987883,On or near Fox Garth,E01013426,York 011C,Drugs,Offender given a drugs possession warning,
802c34eac467b40f055c0c1299854960112d2f3a6cc0a14d051e6b952e0f0b85,2019-03,North Yorkshire Police,North Yorkshire Police,-1.150292,53.982487,On or near Dikelands Lane,E01013426,York 011C,Public order,Under investigation,
e6087443e2c50bc6e32e512b062a252ccb755ea3db6a8ae237710d4016a3a7aa,2019-03,North Yorkshire Police,North Yorkshire Police,-1.151590,53.983144,On or near Beech Way,E01013426,York 011C,Violence and sexual offences,Under investigation,
2ae55510137ae8ec8d81b62fd3500864bc93a8857bfe610c98a9a12d3b44e421,2019-03,North Yorkshire Police,North Yorkshire Police,-1.150292,53.982487,On or near Dikelands Lane,E01013426,York 011C,Violence and sexual offences,Under investigation,
d44de59764e104dd0950969814982696d3c4aec251bed775510ffa1a5b27b575,2019-03,North Yorkshire Police,North Yorkshire Police,-1.151590,53.983144,On or near Beech Way,E01013426,York 011C,Violence and sexual offences,Under investigation,
852d8f754c14932ba68450a4931689f0e7e366b561d0df9ded42fc54bb6f0ce0,2019-03,North Yorkshire Police,North Yorkshire Police,-1.158865,53.978566,On or near Willow Croft,E01013426,York 011C,Violence and sexual offences,Investigation complete; no suspect identified,
,2019-03,North Yorkshire Police,North Yorkshire Police,-1.126365,53.962830,On or near Iver Close,E01013335,York 012A,Anti-social behaviour,,
,2019-03,North Yorkshire Police,North Yorkshire Police,-1.129078,53.961403,On or near Tostig Avenue,E01013335,York 012A,Anti-social behaviour,,
376b99c05a675bd7d685a3210ac01b126caf80dede0ed3d3e7c35ff8b5bcd5e0,2019-03,North Yorkshire Police,North Yorkshire Police,-1.132391,53.960375,On or near Saxon Court,E01013335,York 012A,Burglary,Investigation complete; no suspect identified,
04f0cd54982ddfeacd7e02b851248eca10018818600974011cc6e85e04f5471c,2019-03,North Yorkshire Police,North Yorkshire Police,-1.133011,53.962087,On or near Kenrick Place,E01013335,York 012A,Burglary,Under investigation,
daa895fcec7332c3ecf6e3f6fa38a7774caec217ced50015552fbb601b544431,2019-03,North Yorkshire Police,North Yorkshire Police,-1.126365,53.962830,On or near Iver Close,E01013335,York 012A,Burglary,Investigation complete; no suspect identified,
cd729671e0fb0cf0cfec072970cee7641c06a26fe819825bf92b6983ef9c8820,2019-03,North Yorkshire Police,North Yorkshire Police,-1.126512,53.961654,On or near Garden Court,E01013335,York 012A,Criminal damage and arson,Under investigation,
7b5dec9334e3235b16d632e324a3770d21d874eae24fce8eebdb437b6567a673,2019-03,North Yorkshire Police,North Yorkshire Police,-1.126365,53.962830,On or near Iver Close,E01013335,York 012A,Other theft,Investigation complete; no suspect identified,
18b35e97390654bcd05f7dfaceb341352149869d18bb5d3f4b005ad44913ac48,2019-03,North Yorkshire Police,North Yorkshire Police,-1.125056,53.961319,On or near Woodlea Grove,E01013335,York 012A,Violence and sexual offences,Unable to prosecute suspect,
,2019-03,North Yorkshire Police,North Yorkshire Police,-1.130553,53.959346,On or near Danesgate,E01013336,York 012B,Anti-social behaviour,,
,2019-03,North Yorkshire Police,North Yorkshire Police,-1.125463,53.957889,On or near Beech Grove,E01013336,York 012B,Anti-social behaviour,,
,2019-03,North Yorkshire Police,North Yorkshire Police,-1.125819,53.960525,On or near Woodlea Avenue,E01013336,York 012B,Anti-social behaviour,,
,2019-03,North Yorkshire Police,North Yorkshire Police,-1.125819,53.960525,On or near Woodlea Avenue,E01013336,York 012B,Anti-social behaviour,,
5b9e532ca80b50724117f9b4de6b97a2dff758812fac1ed5445a699bba4b996c,2019-03,North Yorkshire Police,North Yorkshire Police,-1.123984,53.959352,On or near Carr Lane,E01013336,York 012B,Burglary,Under investigation,
f792874b0a555480d5956a6b103cee99b213e0a1256d49698bacddb120641dce,2019-03,North Yorkshire Police,North Yorkshire Police,-1.130529,53.955382,On or near The Green,E01013336,York 012B,Burglary,Under investigation,
6919b8b2849701f63b67c2efc6c32c7293a6c8a3abaf928e95cdd04e55d6571b,2019-03,North Yorkshire Police,North Yorkshire Police,-1.126467,53.957222,On or near Chestnut Grove,E01013336,York 012B,Burglary,Under investigation,
81bb59f459f5c72599972a812d61e754f872be654634dc4b3f6c1269f49d0707,2019-03,North Yorkshire Police,North Yorkshire Police,-1.125463,53.957889,On or near Beech Grove,E01013336,York 012B,Criminal damage and arson,Investigation complete; no suspect identified,
4598f3f034cae0f0c5837c6492a4f6a19ac6ef7fb10a660e41871ed9f8c414e3,2019-03,North Yorkshire Police,North Yorkshire Police,-1.125795,53.955851,On or near Oak Rise,E01013336,York 012B,Criminal damage and arson,Investigation complete; no suspect identified,
c9c89fd0bc30466dee557c1560f6e6e1189cd1558026730c56c51fd74aac83f5,2019-03,North Yorkshire Police,North Yorkshire Police,-1.130529,53.955382,On or near The Green,E01013336,York 012B,Criminal damage and arson,Investigation complete; no suspect identified,
57e004b833927568a25fd791c58ab01fe5ba1e8fad601a76f190de3a51b77fd1,2019-03,North Yorkshire Police,North Yorkshire Police,-1.126467,53.957222,On or near Chestnut Grove,E01013336,York 012B,Criminal damage and arson,Investigation complete; no suspect identified,
5dc60cca0f06d520300883615528341cc0ffe16c1ee86d91c26433bcd64cc7c3,2019-03,North Yorkshire Police,North Yorkshire Police,-1.128851,53.957653,On or near Rosedale Avenue,E01013336,York 012B,Other theft,Investigation complete; no suspect identified,
40e1d153ebcd29e4148502f07e18a803e306c1b6f159ab30538735f22abad598,2019-03,North Yorkshire Police,North Yorkshire Police,-1.125795,53.955851,On or near Oak Rise,E01013336,York 012B,Violence and sexual offences,Unable to prosecute suspect,
9106cb198430169aa66a8a3c3bdfecc007e622d939184a3bcf167a9ba7215928,2019-03,North Yorkshire Police,North Yorkshire Police,-1.125795,53.955851,On or near Oak Rise,E01013336,York 012B,Violence and sexual offences,Unable to prosecute suspect,
,2019-03,North Yorkshire Police,North Yorkshire Police,-1.134946,53.957706,On or near Supermarket,E01013337,York 012C,Anti-social behaviour,,
,2019-03,North Yorkshire Police,North Yorkshire Police,-1.134946,53.957706,On or near Supermarket,E01013337,York 012C,Anti-social behaviour,,
f0848c34c76f915f2ecf95fd3bd0945c90ccbfbb6ed55958f9f83feeadb79b22,2019-03,North Yorkshire Police,North Yorkshire Police,-1.136197,53.964294,On or near Melwood Grove,E01013337,York 012C,Criminal damage and arson,Investigation complete; no suspect identified,
e7b65860d296b1ffb9ecfecbda434005e5f5fc3c6aadbcbc4dcc66077a94f92f,2019-03,North Yorkshire Police,North Yorkshire Police,-1.136615,53.963219,On or near Old School Walk,E01013337,York 012C,Criminal damage and arson,Investigation complete; no suspect identified,
60dd27969885e2e9a1697135fa3eec3f5b2ab19c675c2599d23dc1c6a805b2c9,2019-03,North Yorkshire Police,North Yorkshire Police,-1.134340,53.962708,On or near Supermarket,E01013337,York 012C,Public order,Investigation complete; no suspect identified,
f2b5f9990de6364b725b2c42849f8eb58cd886a2bd5d3781fa57f3ca6897c34a,2019-03,North Yorkshire Police,North Yorkshire Police,-1.134946,53.957706,On or near Supermarket,E01013337,York 012C,Shoplifting,Under investigation,
f5168d1de92b39373265d8df6587c4fa53147f5c1f6166a372bfe2f9db4e3e7b,2019-03,North Yorkshire Police,North Yorkshire Police,-1.136615,53.963219,On or near Old School Walk,E01013337,York 012C,Violence and sexual offences,Under investigation,
6a098183986a33ae2595f1cab9a82cfdeb9327afe0205d2b2f971ecc3b162979,2019-03,North Yorkshire Police,North Yorkshire Police,-1.136615,53.963219,On or near Old School Walk,E01013337,York 012C,Violence and sexual offences,Under investigation,
2f13587b2c4b716c40544d36333d9594c912543a538f520dd0b787e69fb78cd2,2019-03,North Yorkshire Police,North Yorkshire Police,-1.136612,53.961151,On or near Muirfield Way,E01013337,York 012C,Violence and sexual offences,Unable to prosecute suspect,
,2019-03,North Yorkshire Police,North Yorkshire Police,-1.120252,53.966524,On or near Ouse Acres,E01013338,York 012D,Anti-social behaviour,,
,2019-03,North Yorkshire Police,North Yorkshire Police,-1.124060,53.963020,On or near Almsford Road,E01013338,York 012D,Anti-social behaviour,,
4ef1d2a66ff5e6573e37630f51f5a329abebb6a4f4f8acde0155d2a60397696c,2019-03,North Yorkshire Police,North Yorkshire Police,-1.122721,53.965832,On or near Princess Drive,E01013338,York 012D,Bicycle theft,Investigation complete; no suspect identified,
9e87f4acb4e855fcc43123e014a9a5175c77dbb5dbf3fdeea8fb1d98ccc5d945,2019-03,North Yorkshire Police,North Yorkshire Police,-1.124631,53.964867,On or near Cranbrook Road,E01013338,York 012D,Burglary,Under investigation,
76b7854a39b1a3f2403a3773a464a1bcaa0c2018b86753838277372b65237419,2019-03,North Yorkshire Police,North Yorkshire Police,-1.124060,53.963020,On or near Almsford Road,E01013338,York 012D,Criminal damage and arson,Investigation complete; no suspect identified,
8e2048def25ad0c8faef824dcf8c42906d37ea6033601909ee0242cc258b8494,2019-03,North Yorkshire Police,North Yorkshire Police,-1.123509,53.966045,On or near Dukes Court,E01013338,York 012D,Criminal damage and arson,Investigation complete; no suspect identified,
7bf064372a5d8bcf6319f88ff7785ac99883153dbdf496014512950d8f1c714c,2019-03,North Yorkshire Police,North Yorkshire Police,-1.124060,53.963020,On or near Almsford Road,E01013338,York 012D,Criminal damage and arson,Investigation complete; no suspect identified,
f8647d48ad756a1dbfc4a22427820427051384664343954f4ec50518bfde5df9,2019-03,North Yorkshire Police,North Yorkshire Police,-1.124060,53.963020,On or near Almsford Road,E01013338,York 012D,Criminal damage and arson,Investigation complete; no suspect identified,
e02e43f4574dd1a681834bbc680d83f2a42271ee9d93603f9776a3a8713fa386,2019-03,North Yorkshire Police,North Yorkshire Police,-1.125929,53.966224,On or near Boroughbridge Road,E01013338,York 012D,Shoplifting,Local resolution,
23f4fcd652b17b23d58693fe9314c0fe4f6063d435cc8521daa441376e560dfc,2019-03,North Yorkshire Police,North Yorkshire Police,-1.125460,53.966778,On or near Plantation Grove,E01013338,York 012D,Violence and sexual offences,Under investigation,
c51e57be1f6f4e6ce7c6ee82e3e078664d73d774ddbb5073ef70b507244c0d80,2019-03,North Yorkshire Police,North Yorkshire Police,-1.124574,53.965396,On or near Petrol Station,E01013338,York 012D,Violence and sexual offences,Under investigation,
3d8c365e0a3f5e03f6f57b94e8b562256c0dd06c29bef1749b0b48a1a79b4f23,2019-03,North Yorkshire Police,North Yorkshire Police,-1.131105,53.965057,On or near Almsford Drive,E01013339,York 012E,Criminal damage and arson,Investigation complete; no suspect identified,
,2019-03,North Yorkshire Police,North Yorkshire Police,-1.121613,53.963398,On or near Carr Lane,E01013392,York 012F,Anti-social behaviour,,
,2019-03,North Yorkshire Police,North Yorkshire Police,-1.120739,53.963643,On or near Priory Green,E01013392,York 012F,Anti-social behaviour,,
,2019-03,North Yorkshire Police,North Yorkshire Police,-1.120739,53.963643,On or near Priory Green,E01013392,York 012F,Anti-social behaviour,,
491e7006de1adf5f4ee08e6c5a358bec7efdcaf3f64c35c466b1bcfbc9fe712e,2019-03,North Yorkshire Police,North Yorkshire Police,-1.108136,53.964952,On or near Salisbury Road,E01013392,York 012F,Burglary,Under investigation,
14c9a3cdb72635374e692e0f291343efbca35b9938226d88577e1f16a23138c3,2019-03,North Yorkshire Police,North Yorkshire Police,-1.121683,53.962266,On or near Welland Rise,E01013392,York 012F,Criminal damage and arson,Investigation complete; no suspect identified,
987d4d37d4df3e21227e5ff08588add4ee84e010eea5bbeb7f3685a18e0c6054,2019-03,North Yorkshire Police,North Yorkshire Police,-1.121683,53.962266,On or near Welland Rise,E01013392,York 012F,Criminal damage and arson,Investigation complete; no suspect identified,
28514049487b9206d52ea5742d81fd8cdb76e2683b60d9af6802f3f19c53daf2,2019-03,North Yorkshire Police,North Yorkshire Police,-1.122796,53.960054,On or near Inman Terrace,E01013392,York 012F,Violence and sexual offences,Unable to prosecute suspect,
bd7ffc71f73f859baad78c14bef3a10a5f70d2453d421d16d9170142920f846a,2019-03,North Yorkshire Police,North Yorkshire Police,-1.118124,53.964064,On or near Sandacre Court,E01013392,York 012F,Violence and sexual offences,Under investigation,
465f76cc134648555bfda4322dfef74e2c94fb4a6467cd494f1aec215c6e60b4,2019-03,North Yorkshire Police,North Yorkshire Police,-1.120739,53.963643,On or near Priory Green,E01013392,York 012F,Violence and sexual offences,Unable to prosecute suspect,
13ff4d836114208ef6646214df83f0939c69e69f31cfac4a7f097fcf6f9c96de,2019-03,North Yorkshire Police,North Yorkshire Police,-1.119328,53.961197,On or near Manor Drive North,E01013392,York 012F,Violence and sexual offences,Under investigation,
,2019-03,North Yorkshire Police,North Yorkshire Police,-1.083260,53.960055,On or near Shopping Area,E01013366,York 013A,Anti-social behaviour,,
,2019-03,North Yorkshire Police,North Yorkshire Police,-1.088981,53.962597,On or near Marygate,E01013366,York 013A,Anti-social behaviour,,
,2019-03,North Yorkshire Police,North Yorkshire Police,-1.085186,53.959827,On or near Pedestrian Subway,E01013366,York 013A,Anti-social behaviour,,
,2019-03,North Yorkshire Police,North Yorkshire Police,-1.082777,53.957786,On or near Church Lane,E01013366,York 013A,Anti-social behaviour,,
,2019-03,North Yorkshire Police,North Yorkshire Police,-1.079095,53.966477,On or near Del Pyke,E01013366,York 013A,Anti-social behaviour,,
,2019-03,North Yorkshire Police,North Yorkshire Police,-1.088981,53.962597,On or near Marygate,E01013366,York 013A,Anti-social behaviour,,
,2019-03,North Yorkshire Police,North Yorkshire Police,-1.086309,53.960752,On or near Museum Street,E01013366,York 013A,Anti-social behaviour,,
,2019-03,North Yorkshire Police,North Yorkshire Police,-1.087611,53.966029,On or near Sports/Recreation Area,E01013366,York 013A,Anti-social behaviour,,
,2019-03,North Yorkshire Police,North Yorkshire Police,-1.082552,53.966638,On or near Clarence Street,E01013366,York 013A,Anti-social behaviour,,
,2019-03,North Yorkshire Police,North Yorkshire Police,-1.084962,53.961677,On or near Theatre/Concert Hall,E01013366,York 013A,Anti-social behaviour,,
,2019-03,North Yorkshire Police,North Yorkshire Police,-1.085186,53.959827,On or near Pedestrian Subway,E01013366,York 013A,Anti-social behaviour,,
,2019-03,North Yorkshire Police,North Yorkshire Police,-1.085968,53.960291,On or near Parking Area,E01013366,York 013A,Anti-social behaviour,,
,2019-03,North Yorkshire Police,North Yorkshire Police,-1.084422,53.959893,On or near Shopping Area,E01013366,York 013A,Anti-social behaviour,,
,2019-03,North Yorkshire Police,North Yorkshire Police,-1.082777,53.957786,On or near Church Lane,E01013366,York 013A,Anti-social behaviour,,
,2019-03,North Yorkshire Police,North Yorkshire Police,-1.085569,53.963911,On or near Bootham Row,E01013366,York 013A,Anti-social behaviour,,
,2019-03,North Yorkshire Police,North Yorkshire Police,-1.083692,53.959834,On or near Shopping Area,E01013366,York 013A,Anti-social behaviour,,
,2019-03,North Yorkshire Police,North Yorkshire Police,-1.084962,53.961677,On or near Theatre/Concert Hall,E01013366,York 013A,Anti-social behaviour,,
,2019-03,North Yorkshire Police,North Yorkshire Police,-1.082777,53.957786,On or near Church Lane,E01013366,York 013A,Anti-social behaviour,,
,2019-03,North Yorkshire Police,North Yorkshire Police,-1.084962,53.961677,On or near Theatre/Concert Hall,E01013366,York 013A,Anti-social behaviour,,
,2019-03,North Yorkshire Police,North Yorkshire Police,-1.086309,53.960752,On or near Museum Street,E01013366,York 013A,Anti-social behaviour,,
,2019-03,North Yorkshire Police,North Yorkshire Police,-1.083260,53.960055,On or near Shopping Area,E01013366,York 013A,Anti-social behaviour,,
,2019-03,North Yorkshire Police,North Yorkshire Police,-1.084422,53.959893,On or near Shopping Area,E01013366,York 013A,Anti-social behaviour,,
,2019-03,North Yorkshire Police,North Yorkshire Police,-1.083863,53.962451,On or near Precentor'S Court,E01013366,York 013A,Anti-social behaviour,,
,2019-03,North Yorkshire Police,North Yorkshire Police,-1.085968,53.960291,On or near Parking Area,E01013366,York 013A,Anti-social behaviour,,
,2019-03,North Yorkshire Police,North Yorkshire Police,-1.079955,53.966897,On or near Townend Street,E01013366,York 013A,Anti-social behaviour,,
,2019-03,North Yorkshire Police,North Yorkshire Police,-1.082687,53.959790,On or near Shopping Area,E01013366,York 013A,Anti-social behaviour,,
,2019-03,North Yorkshire Police,North Yorkshire Police,-1.082687,53.959790,On or near Shopping Area,E01013366,York 013A,Anti-social behaviour,,
,2019-03,North Yorkshire Police,North Yorkshire Police,-1.082777,53.957786,On or near Church Lane,E01013366,York 013A,Anti-social behaviour,,
,2019-03,North Yorkshire Police,North Yorkshire Police,-1.079955,53.966897,On or near Townend Street,E01013366,York 013A,Anti-social behaviour,,
,2019-03,North Yorkshire Police,North Yorkshire Police,-1.083260,53.960055,On or near Shopping Area,E01013366,York 013A,Anti-social behaviour,,
,2019-03,North Yorkshire Police,North Yorkshire Police,-1.078557,53.965987,On or near Abbot Street,E01013366,York 013A,Anti-social behaviour,,
,2019-03,North Yorkshire Police,North Yorkshire Police,-1.083056,53.957546,On or near Low Ousegate,E01013366,York 013A,Anti-social behaviour,,
,2019-03,North Yorkshire Police,North Yorkshire Police,-1.082777,53.957786,On or near Church Lane,E01013366,York 013A,Anti-social behaviour,,
,2019-03,North Yorkshire Police,North Yorkshire Police,-1.085968,53.960291,On or near Parking Area,E01013366,York 013A,Anti-social behaviour,,
,2019-03,North Yorkshire Police,North Yorkshire Police,-1.084398,53.961682,On or near Duncombe Place,E01013366,York 013A,Anti-social behaviour,,
,2019-03,North Yorkshire Police,North Yorkshire Police,-1.084398,53.961682,On or near Duncombe Place,E01013366,York 013A,Anti-social behaviour,,
,2019-03,North Yorkshire Police,North Yorkshire Police,-1.085186,53.959827,On or near Pedestrian Subway,E01013366,York 013A,Anti-social behaviour,,
,2019-03,North Yorkshire Police,North Yorkshire Police,-1.085186,53.959827,On or near Pedestrian Subway,E01013366,York 013A,Anti-social behaviour,,
,2019-03,North Yorkshire Police,North Yorkshire Police,-1.085582,53.962625,On or near Parking Area,E01013366,York 013A,Anti-social behaviour,,
,2019-03,North Yorkshire Police,North Yorkshire Police,-1.084962,53.961677,On or near Theatre/Concert Hall,E01013366,York 013A,Anti-social behaviour,,
,2019-03,North Yorkshire Police,North Yorkshire Police,-1.084962,53.961677,On or near Theatre/Concert Hall,E01013366,York 013A,Anti-social behaviour,,
,2019-03,North Yorkshire Police,North Yorkshire Police,-1.079955,53.966897,On or near Townend Street,E01013366,York 013A,Anti-social behaviour,,
,2019-03,North Yorkshire Police,North Yorkshire Police,-1.083056,53.957546,On or near Low Ousegate,E01013366,York 013A,Anti-social behaviour,,
,2019-03,North Yorkshire Police,North Yorkshire Police,-1.085600,53.968063,On or near Hospital,E01013366,York 013A,Anti-social behaviour,,
,2019-03,North Yorkshire Police,North Yorkshire Police,-1.082777,53.957786,On or near Church Lane,E01013366,York 013A,Anti-social behaviour,,
,2019-03,North Yorkshire Police,North Yorkshire Police,-1.085968,53.960291,On or near Parking Area,E01013366,York 013A,Anti-social behaviour,,
,2019-03,North Yorkshire Police,North Yorkshire Police,-1.083260,53.960055,On or near Shopping Area,E01013366,York 013A,Anti-social behaviour,,
,2019-03,North Yorkshire Police,North Yorkshire Police,-1.085600,53.968063,On or near Hospital,E01013366,York 013A,Anti-social behaviour,,
,2019-03,North Yorkshire Police,North Yorkshire Police,-1.085968,53.960291,On or near Parking Area,E01013366,York 013A,Anti-social behaviour,,
,2019-03,North Yorkshire Police,North Yorkshire Police,-1.082687,53.959790,On or near Shopping Area,E01013366,York 013A,Anti-social behaviour,,
,2019-03,North Yorkshire Police,North Yorkshire Police,-1.085968,53.960291,On or near Parking Area,E01013366,York 013A,Anti-social behaviour,,
,2019-03,North Yorkshire Police,North Yorkshire Police,-1.082777,53.957786,On or near Church Lane,E01013366,York 013A,Anti-social behaviour,,
,2019-03,North Yorkshire Police,North Yorkshire Police,-1.082687,53.959790,On or near Shopping Area,E01013366,York 013A,Anti-social behaviour,,
,2019-03,North Yorkshire Police,North Yorkshire Police,-1.085968,53.960291,On or near Parking Area,E01013366,York 013A,Anti-social behaviour,,
,2019-03,North Yorkshire Police,North Yorkshire Police,-1.083056,53.957546,On or near Low Ousegate,E01013366,York 013A,Anti-social behaviour,,
,2019-03,North Yorkshire Police,North Yorkshire Police,-1.082552,53.966638,On or near Clarence Street,E01013366,York 013A,Anti-social behaviour,,
,2019-03,North Yorkshire Police,North Yorkshire Police,-1.085186,53.959827,On or near Pedestrian Subway,E01013366,York 013A,Anti-social behaviour,,
,2019-03,North Yorkshire Police,North Yorkshire Police,-1.084962,53.961677,On or near Theatre/Concert Hall,E01013366,York 013A,Anti-social behaviour,,
,2019-03,North Yorkshire Police,North Yorkshire Police,-1.082777,53.957786,On or near Church Lane,E01013366,York 013A,Anti-social behaviour,,
,2019-03,North Yorkshire Police,North Yorkshire Police,-1.082777,53.957786,On or near Church Lane,E01013366,York 013A,Anti-social behaviour,,
,2019-03,North Yorkshire Police,North Yorkshire Police,-1.086309,53.960752,On or near Museum Street,E01013366,York 013A,Anti-social behaviour,,
,2019-03,North Yorkshire Police,North Yorkshire Police,-1.081416,53.962863,On or near Minster Yard,E01013366,York 013A,Anti-social behaviour,,
,2019-03,North Yorkshire Police,North Yorkshire Police,-1.082306,53.964668,On or near Moatside Court,E01013366,York 013A,Anti-social behaviour,,
,2019-03,North Yorkshire Police,North Yorkshire Police,-1.084398,53.961682,On or near Duncombe Place,E01013366,York 013A,Anti-social behaviour,,
,2019-03,North Yorkshire Police,North Yorkshire Police,-1.085186,53.959827,On or near Pedestrian Subway,E01013366,York 013A,Anti-social behaviour,,
,2019-03,North Yorkshire Police,North Yorkshire Police,-1.085968,53.960291,On or near Parking Area,E01013366,York 013A,Anti-social behaviour,,
,2019-03,North Yorkshire Police,North Yorkshire Police,-1.084962,53.961677,On or near Theatre/Concert Hall,E01013366,York 013A,Anti-social behaviour,,
,2019-03,North Yorkshire Police,North Yorkshire Police,-1.087594,53.964025,On or near Bootham,E01013366,York 013A,Anti-social behaviour,,
,2019-03,North Yorkshire Police,North Yorkshire Police,-1.086309,53.960752,On or near Museum Street,E01013366,York 013A,Anti-social behaviour,,
,2019-03,North Yorkshire Police,North Yorkshire Police,-1.082687,53.959790,On or near Shopping Area,E01013366,York 013A,Anti-social behaviour,,
,2019-03,North Yorkshire Police,North Yorkshire Police,-1.082777,53.957786,On or near Church Lane,E01013366,York 013A,Anti-social behaviour,,
,2019-03,North Yorkshire Police,North Yorkshire Police,-1.084422,53.959893,On or near Shopping Area,E01013366,York 013A,Anti-social behaviour,,
,2019-03,North Yorkshire Police,North Yorkshire Police,-1.082777,53.957786,On or near Church Lane,E01013366,York 013A,Anti-social behaviour,,
,2019-03,North Yorkshire Police,North Yorkshire Police,-1.085968,53.960291,On or near Parking Area,E01013366,York 013A,Anti-social behaviour,,
49466c743aae005290642abfc3ff513321130456de0fa613ac00e1d518ff8131,2019-03,North Yorkshire Police,North Yorkshire Police,-1.083102,53.965204,On or near Gillygate,E01013366,York 013A,Bicycle theft,Investigation complete; no suspect identified,
8029871d4e61743dd67312f82a7351cae91560ff85980ce7fe14696607401610,2019-03,North Yorkshire Police,North Yorkshire Police,-1.083260,53.960055,On or near Shopping Area,E01013366,York 013A,Bicycle theft,Investigation complete; no suspect identified,
216979f4eb2bbdc0b2ff048af3ab64781e53fdb537890f028ae16a1f172f4930,2019-03,North Yorkshire Police,North Yorkshire Police,-1.087594,53.964025,On or near Bootham,E01013366,York 013A,Bicycle theft,Investigation complete; no suspect identified,
cc93f8f43abf0fcc8f833bd0efb576fdc217101f991c7b131bb9a08fe87319f1,2019-03,North Yorkshire Police,North Yorkshire Police,-1.084398,53.961682,On or near Duncombe Place,E01013366,York 013A,Burglary,Investigation complete; no suspect identified,
880a03886617f0cf23855a15a64b2e157ba901deef7ba04fc7afbe8ed52f4e1f,2019-03,North Yorkshire Police,North Yorkshire Police,-1.083260,53.960055,On or near Shopping Area,E01013366,York 013A,Burglary,Under investigation,
a8b2f6587177baf84b43770bac0d7b11632f9b3a97871ad0e6b3c9fcfc081914,2019-03,North Yorkshire Police,North Yorkshire Police,-1.083260,53.960055,On or near Shopping Area,E01013366,York 013A,Burglary,Investigation complete; no suspect identified,
2e7da4bf4ab0ad9d98172220596b425f2e70508f5b05affde76a039636f9417a,2019-03,North Yorkshire Police,North Yorkshire Police,-1.080419,53.961759,On or near Deangate,E01013366,York 013A,Burglary,Under investigation,
970fab9444d3851c3ee3969074021cb3cac14e3723581dde855df3e9bb509cdf,2019-03,North Yorkshire Police,North Yorkshire Police,-1.080419,53.961759,On or near Deangate,E01013366,York 013A,Burglary,Under investigation,
7623b169fc0d2fec5c02cd5c832ecee89f9398fce274d6e7a0c5c4642504a3d8,2019-03,North Yorkshire Police,North Yorkshire Police,-1.079764,53.967255,On or near St Thomas' Place,E01013366,York 013A,Burglary,Under investigation,
da9576e814161b4ad15f25e0d17810f53e33b1220e5752f3422deb276282734f,2019-03,North Yorkshire Police,North Yorkshire Police,-1.083102,53.965204,On or near Gillygate,E01013366,York 013A,Criminal damage and arson,Under investigation,
977944554e2a27c4e8e8c0020f83add4e67d9e7b08b6b5a3374279502c3acf74,2019-03,North Yorkshire Police,North Yorkshire Police,-1.085376,53.964368,On or near Bootham Square,E01013366,York 013A,Criminal damage and arson,Investigation complete; no suspect identified,
dde829ad60f0a61d0f6110c7db8f0e117874792ad02fdf0e5a0844445d2bf18e,2019-03,North Yorkshire Police,North Yorkshire Police,-1.091267,53.963343,On or near Pedestrian Subway,E01013366,York 013A,Criminal damage and arson,Under investigation,
3a63d46d2254e3772ce1ad728caf6d81f21e653484e9f5a2cc42f4771228fd1c,2019-03,North Yorkshire Police,North Yorkshire Police,-1.084962,53.961677,On or near Theatre/Concert Hall,E01013366,York 013A,Criminal damage and arson,Investigation complete; no suspect identified,
0b9fcfabe2dec6b459eaea31c3e6d7c5e917d276e669a1c790281b3dc0bc91b5,2019-03,North Yorkshire Police,North Yorkshire Police,-1.084962,53.961677,On or near Theatre/Concert Hall,E01013366,York 013A,Criminal damage and arson,Local resolution,
16ceb58c726ba52765f05cd6ca6e45117a9a03f831c1f301419908062c3c1dc3,2019-03,North Yorkshire Police,North Yorkshire Police,-1.080564,53.962758,On or near Chapter House Street,E01013366,York 013A,Drugs,Under investigation,
11ed88250428e29655594b11207930797b01ae27dc4682a78a3b3bb8f30220ca,2019-03,North Yorkshire Police,North Yorkshire Police,-1.080564,53.962758,On or near Chapter House Street,E01013366,York 013A,Drugs,Under investigation,
2390d8baf2a8e5ecd60190574e957a70b5a9d130007d93802c124d6650cbdab3,2019-03,North Yorkshire Police,North Yorkshire Police,-1.085968,53.960291,On or near Parking Area,E01013366,York 013A,Drugs,Under investigation,
96c73f131c76144d8d8c8083ae8540ae6c701c70a78c3a4d8b97c48b95d671d3,2019-03,North Yorkshire Police,North Yorkshire Police,-1.082777,53.957786,On or near Church Lane,E01013366,York 013A,Drugs,Under investigation,
5802f3238b0fc2e8da0afcd756aae5a0f9521a6d99e96cc4bc9b09fa9741ef0d,2019-03,North Yorkshire Police,North Yorkshire Police,-1.082777,53.957786,On or near Church Lane,E01013366,York 013A,Drugs,Under investigation,
919a814865e4f9dd01a9e401a76be9c42572764fd840ee9a2b64c0d1108170bb,2019-03,North Yorkshire Police,North Yorkshire Police,-1.082777,53.957786,On or near Church Lane,E01013366,York 013A,Drugs,Under investigation,
af9f0ff50167934bc7a05e65095f8a865499a23cab1762a566baf36f1dd3d659,2019-03,North Yorkshire Police,North Yorkshire Police,-1.082687,53.959790,On or near Shopping Area,E01013366,York 013A,Drugs,Under investigation,
851a4e36c62536a4357038cf94077b029c4061e9a0db3870b7befb1bbb352299,2019-03,North Yorkshire Police,North Yorkshire Police,-1.084962,53.961677,On or near Theatre/Concert Hall,E01013366,York 013A,Other theft,Investigation complete; no suspect identified,
aea70f3e83da832b0a134d7a8c93393d76d35ca38b4708e956913892408f9327,2019-03,North Yorkshire Police,North Yorkshire Police,-1.083863,53.962451,On or near Precentor'S Court,E01013366,York 013A,Other theft,Under investigation,
f957b44cc437b8be0464c826673cfae9d3243b5dbac0939f4104cf12d96a8deb,2019-03,North Yorkshire Police,North Yorkshire Police,-1.084422,53.959893,On or near Shopping Area,E01013366,York 013A,Other theft,Investigation complete; no suspect identified,
68cf596db33c01a404987bf19a46f840be122b34e3c2a7711426e0da9bba615e,2019-03,North Yorkshire Police,North Yorkshire Police,-1.080564,53.962758,On or near Chapter House Street,E01013366,York 013A,Other theft,Under investigation,
b186ed9ebc4ba4931cc9a13b6288fa3e4362a1955677b878f35f747bf021fcf4,2019-03,North Yorkshire Police,North Yorkshire Police,-1.080419,53.961759,On or near Deangate,E01013366,York 013A,Other theft,Under investigation,
7295dd32a6c18c190d0badad1bd1d26cfcc2bd216668662129980f12eff46284,2019-03,North Yorkshire Police,North Yorkshire Police,-1.085968,53.960291,On or near Parking Area,E01013366,York 013A,Other theft,Investigation complete; no suspect identified,
c8e4f9c53f67e4af3a5e22aa3c881780744f06e2542c40c966f7e3387ec6e85c,2019-03,North Yorkshire Police,North Yorkshire Police,-1.082687,53.959790,On or near Shopping Area,E01013366,York 013A,Other theft,Under investigation,
3d818dd02f2de7f0e3fb2031031585c84b98529e1dc9e2ab3a94d887693a33d5,2019-03,North Yorkshire Police,North Yorkshire Police,-1.082687,53.959790,On or near Shopping Area,E01013366,York 013A,Other theft,Investigation complete; no suspect identified,
736cf49cd0d1af3b92f25023575c6c58c04ddb5577fe64d15722e504307a51f7,2019-03,North Yorkshire Police,North Yorkshire Police,-1.082777,53.957786,On or near Church Lane,E01013366,York 013A,Other theft,Unable to prosecute suspect,
6b5c40faa3868e4096b11f666cbbb732dbe90120fba646c4bbf3499fb7c6bc15,2019-03,North Yorkshire Police,North Yorkshire Police,-1.080419,53.961759,On or near Deangate,E01013366,York 013A,Other theft,Under investigation,
79408a6ca12eca4bfc464c886515cfc38b114f00bd4e7875cef86375bef37b44,2019-03,North Yorkshire Police,North Yorkshire Police,-1.079543,53.964844,On or near Further/Higher Educational Building,E01013366,York 013A,Other theft,Investigation complete; no suspect identified,
0e97076ae62410e568a76fa743aa6ee023804e977f0b38b753b1ff64868e9841,2019-03,North Yorkshire Police,North Yorkshire Police,-1.082687,53.959790,On or near Shopping Area,E01013366,York 013A,Other theft,Investigation complete; no suspect identified,
4922964403e5f9e46ca17573e46f5f226ea4136cde108140aac0c963c5af152d,2019-03,North Yorkshire Police,North Yorkshire Police,-1.085968,53.960291,On or near Parking Area,E01013366,York 013A,Other theft,Investigation complete; no suspect identified,
5d1a6e2b075ff71ed025fa47504baff1f5c18077d2453e72606f7be9c7169065,2019-03,North Yorkshire Police,North Yorkshire Police,-1.083863,53.962451,On or near Precentor'S Court,E01013366,York 013A,Other theft,Investigation complete; no suspect identified,
c395c3dabbca8c397694eb0d93bdb5979956115db9343c3a94b55336c33b34b4,2019-03,North Yorkshire Police,North Yorkshire Police,-1.085968,53.960291,On or near Parking Area,E01013366,York 013A,Other theft,Investigation complete; no suspect identified,
e206dcd66cebf6f11c8a12be8fccb865f0c37ef04be1200f9de3544517ed3cc5,2019-03,North Yorkshire Police,North Yorkshire Police,-1.082777,53.957786,On or near Church Lane,E01013366,York 013A,Possession of weapons,Under investigation,
8adfa35c4695d673fdbd0c3046fd715078fea831dc88d12bd2a7f23f32ef6244,2019-03,North Yorkshire Police,North Yorkshire Police,-1.080564,53.962758,On or near Chapter House Street,E01013366,York 013A,Public order,Under investigation,
4fa05262f94f901842612fd76554412fb08ff9be8483f37eeee8d8074fb0c195,2019-03,North Yorkshire Police,North Yorkshire Police,-1.085968,53.960291,On or near Parking Area,E01013366,York 013A,Public order,Unable to prosecute suspect,
8f999d9e4ab1d21b32a634be1010e6cda8eb02f3eff4e951b131b84c000c6877,2019-03,North Yorkshire Police,North Yorkshire Police,-1.085968,53.960291,On or near Parking Area,E01013366,York 013A,Public order,Under investigation,
88c8ec9c66b0282cee265b6e631c5da667f7953661fbe70683ca23e5209e4bb8,2019-03,North Yorkshire Police,North Yorkshire Police,-1.082120,53.956460,On or near Lower Friargate,E01013366,York 013A,Public order,Awaiting court outcome,
70397aeff0b0e668f96fbec7184e0be154836224179a059030bdfd2336acabf6,2019-03,North Yorkshire Police,North Yorkshire Police,-1.085186,53.959827,On or near Pedestrian Subway,E01013366,York 013A,Public order,Under investigation,
30f9ffd4f8242fb7fb80ebe780eaed5515d74fed7b5a95fe84ca699030ba81e4,2019-03,North Yorkshire Police,North Yorkshire Police,-1.084422,53.959893,On or near Shopping Area,E01013366,York 013A,Public order,Offender given community sentence,
61fd424940a4811e9d6fa16f05bfa3fcc7b2a8e7ce5e51adb83fc48b40691388,2019-03,North Yorkshire Police,North Yorkshire Police,-1.083692,53.959834,On or near Shopping Area,E01013366,York 013A,Shoplifting,Investigation complete; no suspect identified,
65eaa72581472d74401864f1197100d08fe714a4e92ceb8b06f68f92aada892e,2019-03,North Yorkshire Police,North Yorkshire Police,-1.082777,53.957786,On or near Church Lane,E01013366,York 013A,Shoplifting,Under investigation,
f8f5ae4379345dbb61c2656783a6bc40e77a0d0c6fbeede6156ab1c64fd09dcc,2019-03,North Yorkshire Police,North Yorkshire Police,-1.084398,53.961682,On or near Duncombe Place,E01013366,York 013A,Shoplifting,Under investigation,
8a20f75c44c8f3af87aaf443b3c28b400a51a10df4d76113a58492452162a13f,2019-03,North Yorkshire Police,North Yorkshire Police,-1.081302,53.968013,On or near Lowther Street,E01013366,York 013A,Shoplifting,Under investigation,
9cac0e66526c9ecdb8dc16aa8e02a16b4bdf9f2df95aa2e08281a6e1bd16bd70,2019-03,North Yorkshire Police,North Yorkshire Police,-1.082777,53.957786,On or near Church Lane,E01013366,York 013A,Shoplifting,Local resolution,
7eb649959d1a26cb41fb77e3484a744443f8724e95b926c931584f39849f1b65,2019-03,North Yorkshire Police,North Yorkshire Police,-1.082777,53.957786,On or near Church Lane,E01013366,York 013A,Shoplifting,Under investigation,
18226c75d692600be8d6d0296b283a115f5ca3488370db040ad6d83209c070dd,2019-03,North Yorkshire Police,North Yorkshire Police,-1.084422,53.959893,On or near Shopping Area,E01013366,York 013A,Shoplifting,Local resolution,
8decc7cee007d9aabace27a3b1a8c994b03e1a3871d55c85e21b10753dca5a5d,2019-03,North Yorkshire Police,North Yorkshire Police,-1.083692,53.959834,On or near Shopping Area,E01013366,York 013A,Shoplifting,Under investigation,
61a2c4655b998dfaa2067ca0e452fbe88beea75b5ccd65a1a30b755bc1b00ed5,2019-03,North Yorkshire Police,North Yorkshire Police,-1.085186,53.959827,On or near Pedestrian Subway,E01013366,York 013A,Shoplifting,Under investigation,
11f4a6f49a7199377bfc51ac7fad00756941b18c5531d915ceccc262066f9ddf,2019-03,North Yorkshire Police,North Yorkshire Police,-1.082687,53.959790,On or near Shopping Area,E01013366,York 013A,Shoplifting,Under investigation,
f0abe65e9cb6e581a198a8eafa7a5d190a473c01e382bb1310accbea5ff50bdf,2019-03,North Yorkshire Police,North Yorkshire Police,-1.083692,53.959834,On or near Shopping Area,E01013366,York 013A,Shoplifting,Under investigation,
1fe406dc20feb50357ae2a3e6c365c4015f159d419a988066809696f61b08dff,2019-03,North Yorkshire Police,North Yorkshire Police,-1.079543,53.964844,On or near Further/Higher Educational Building,E01013366,York 013A,Shoplifting,Under investigation,
75895316b902d8945c768cc96a71ce01b87cb53d70001fe3a0ae4f357d671e61,2019-03,North Yorkshire Police,North Yorkshire Police,-1.083260,53.960055,On or near Shopping Area,E01013366,York 013A,Shoplifting,Under investigation,
07c7c183736e0846d3bca677bef695982e27551314117044ba957bc19d7873af,2019-03,North Yorkshire Police,North Yorkshire Police,-1.080419,53.961759,On or near Deangate,E01013366,York 013A,Shoplifting,Under investigation,
ebb06de1b916df42777b96892f855c94d69092ed67bc2d87b9c1e5780035349d,2019-03,North Yorkshire Police,North Yorkshire Police,-1.082777,53.957786,On or near Church Lane,E01013366,York 013A,Shoplifting,Under investigation,
b91c9a9574a9c4f8143979c85155bc27db387d4f68b4bb0ed27b95746ad67044,2019-03,North Yorkshire Police,North Yorkshire Police,-1.079764,53.967255,On or near St Thomas' Place,E01013366,York 013A,Shoplifting,Under investigation,
f60a6e22c7cdd03d23305e81c439f9b73c184cf534c761a7b88cc16f9676db47,2019-03,North Yorkshire Police,North Yorkshire Police,-1.085186,53.959827,On or near Pedestrian Subway,E01013366,York 013A,Shoplifting,Under investigation,
dfab1bbe7fb741ff3f64f16f3646cd433f19faccd9e12de02b775a35867b7343,2019-03,North Yorkshire Police,North Yorkshire Police,-1.082777,53.957786,On or near Church Lane,E01013366,York 013A,Shoplifting,Awaiting court outcome,
1429a32d8ab68de68d91b2adbcaac8925d16c939eadd0f27b7f7496c23bd78f1,2019-03,North Yorkshire Police,North Yorkshire Police,-1.081302,53.968013,On or near Lowther Street,E01013366,York 013A,Shoplifting,Awaiting court outcome,
d705350d63c7b63fab7d6ab08694faab0da22a9d936e4f00174f3ff04bed1595,2019-03,North Yorkshire Police,North Yorkshire Police,-1.085582,53.962625,On or near Parking Area,E01013366,York 013A,Theft from the person,Investigation complete; no suspect identified,
2e59400883250ec3b1d1ca8a044ab43264470f608e58a5e2ed7eb850c9c798a8,2019-03,North Yorkshire Police,North Yorkshire Police,-1.082687,53.959790,On or near Shopping Area,E01013366,York 013A,Theft from the person,Investigation complete; no suspect identified,
e2ac1e0ad100d00cb8bbd63746486cb52df3be1f7581570b92cab640bf5271ed,2019-03,North Yorkshire Police,North Yorkshire Police,-1.082777,53.957786,On or near Church Lane,E01013366,York 013A,Theft from the person,Investigation complete; no suspect identified,
4d3122a8c2607f299aa414e1544b1b6b51080731201687f45c00d7c97d0f55c0,2019-03,North Yorkshire Police,North Yorkshire Police,-1.083260,53.960055,On or near Shopping Area,E01013366,York 013A,Theft from the person,Under investigation,
d7f8236d63ea6c402252194ff90c605ee41f26ee4e7417f7baaf4a805ba42ae4,2019-03,North Yorkshire Police,North Yorkshire Police,-1.081133,53.966690,On or near Brook Street,E01013366,York 013A,Vehicle crime,Investigation complete; no suspect identified,
39e01f9f83156025929e64d6af284a622f4d23262fa0001871688fe9f3d0bbf7,2019-03,North Yorkshire Police,North Yorkshire Police,-1.085186,53.959827,On or near Pedestrian Subway,E01013366,York 013A,Vehicle crime,Investigation complete; no suspect identified,
91fbe00cec36800948ff5c0be7a30170d24d674f866ddcdea3f8ab6aaf121e5f,2019-03,North Yorkshire Police,North Yorkshire Police,-1.085968,53.960291,On or near Parking Area,E01013366,York 013A,Violence and sexual offences,Under investigation,
7b3acb19edea77b19ebbf791b5157ed53281163e6d9e534571b5d66973d76cc2,2019-03,North Yorkshire Police,North Yorkshire Police,-1.083922,53.965318,On or near Claremont Terrace,E01013366,York 013A,Violence and sexual offences,Under investigation,
3273a8f1c480c56b35c532ae7cd28393f3f97dbb41f56aa1f3d2ab7d2258b4cb,2019-03,North Yorkshire Police,North Yorkshire Police,-1.083102,53.965204,On or near Gillygate,E01013366,York 013A,Violence and sexual offences,Under investigation,
7781165c270782a2b885b9f4a3eca28a814f4ac6320b762d18ff7b37a6013b18,2019-03,North Yorkshire Police,North Yorkshire Police,-1.083102,53.965204,On or near Gillygate,E01013366,York 013A,Violence and sexual offences,Under investigation,
7154ebaec7435f2af539bd32a007c831160eb6aff615ed1a7e43212ce343ebf2,2019-03,North Yorkshire Police,North Yorkshire Police,-1.082777,53.957786,On or near Church Lane,E01013366,York 013A,Violence and sexual offences,Under investigation,
0174d48c09a446ec42a7fc3f3d4772e7be3bdd9cd6bb5e64f11ac961493b7126,2019-03,North Yorkshire Police,North Yorkshire Police,-1.082687,53.959790,On or near Shopping Area,E01013366,York 013A,Violence and sexual offences,Unable to prosecute suspect,
c559dcf8d1d6d66863871c2276a14e6e815b37a96d6611317c50ab3a1d1a8f2d,2019-03,North Yorkshire Police,North Yorkshire Police,-1.084422,53.959893,On or near Shopping Area,E01013366,York 013A,Violence and sexual offences,Under investigation,
b8ad405de76415ef42fa51f5bcf8c72d6b3bdfc1502bef67323357db1cdef3e3,2019-03,North Yorkshire Police,North Yorkshire Police,-1.084422,53.959893,On or near Shopping Area,E01013366,York 013A,Violence and sexual offences,Under investigation,
0aa8813c451931ad9983ef303945ef3050208d0f6b2163d54432ff26ca29b470,2019-03,North Yorkshire Police,North Yorkshire Police,-1.082777,53.957786,On or near Church Lane,E01013366,York 013A,Violence and sexual offences,Under investigation,
0f2953b673e0779bfb4e9fad05b6752dfd907135118f0c39cc5c6f2f7d111170,2019-03,North Yorkshire Police,North Yorkshire Police,-1.084393,53.964720,On or near Portland Street,E01013366,York 013A,Violence and sexual offences,Under investigation,
a94db377aa0809b6896861c56c375db9acc01f349ff37d54a8e62de87b2fca86,2019-03,North Yorkshire Police,North Yorkshire Police,-1.083260,53.960055,On or near Shopping Area,E01013366,York 013A,Violence and sexual offences,Under investigation,
ba190a6919db91182e432339ddd4b8d95ce1bb3e1d887c5e37bc001ee9a071e0,2019-03,North Yorkshire Police,North Yorkshire Police,-1.083056,53.957546,On or near Low Ousegate,E01013366,York 013A,Violence and sexual offences,Unable to prosecute suspect,
52e33e37df27fdcfefe81b6f5672382764f16f6afc27d4e7ec5d6c4115591203,2019-03,North Yorkshire Police,North Yorkshire Police,-1.085968,53.960291,On or near Parking Area,E01013366,York 013A,Violence and sexual offences,Under investigation,
eb87e6b309f1b0170ac56fc439cd9e64ac74680dcb9b84858198b3546d88b99a,2019-03,North Yorkshire Police,North Yorkshire Police,-1.084962,53.961677,On or near Theatre/Concert Hall,E01013366,York 013A,Violence and sexual offences,Under investigation,
17a0852c7f9177e4c272830cf6ef1af1ca42c324277871969f8b13bb63d31486,2019-03,North Yorkshire Police,North Yorkshire Police,-1.082777,53.957786,On or near Church Lane,E01013366,York 013A,Violence and sexual offences,Under investigation,
a054d653c0a98c836e533b4a372cb1846006b95f66bbaa749083e4156805db4e,2019-03,North Yorkshire Police,North Yorkshire Police,-1.082777,53.957786,On or near Church Lane,E01013366,York 013A,Violence and sexual offences,Under investigation,
eea68dea2440f2422901033157ce415e39d23836606dfe5e0db94065a8f1b87e,2019-03,North Yorkshire Police,North Yorkshire Police,-1.084422,53.959893,On or near Shopping Area,E01013366,York 013A,Violence and sexual offences,Under investigation,
041aa454778ed9e3f48ecdb89211eab47b784e6782350f0e07e00f254ee3b475,2019-03,North Yorkshire Police,North Yorkshire Police,-1.084422,53.959893,On or near Shopping Area,E01013366,York 013A,Violence and sexual offences,Under investigation,
ce540a6c2e6dc9593cd79685ad13e5a33ca12c0154b5db87192f310ac7c6d0b1,2019-03,North Yorkshire Police,North Yorkshire Police,-1.083102,53.965204,On or near Gillygate,E01013366,York 013A,Violence and sexual offences,Unable to prosecute suspect,
b7832cfb87dbe8e77bd4957ca0ce9665d728573c00b703f79688765431db5b08,2019-03,North Yorkshire Police,North Yorkshire Police,-1.084422,53.959893,On or near Shopping Area,E01013366,York 013A,Violence and sexual offences,Under investigation,
b1438e8009ddfb53d77e470b95d3499fb8ba91fa38c30e7621b81e6f8db48c5a,2019-03,North Yorkshire Police,North Yorkshire Police,-1.084422,53.959893,On or near Shopping Area,E01013366,York 013A,Violence and sexual offences,Under investigation,
de50caa94efcf7040d97c16bc3b70f96997f67028798834e0fb0e7d72e58e9b2,2019-03,North Yorkshire Police,North Yorkshire Police,-1.085569,53.963911,On or near Bootham Row,E01013366,York 013A,Violence and sexual offences,Under investigation,
dd65aed5c0f2f3f53121f59fa3a9c0a848c8d3cc54747bae3105540dd3681ed7,2019-03,North Yorkshire Police,North Yorkshire Police,-1.083260,53.960055,On or near Shopping Area,E01013366,York 013A,Violence and sexual offences,Unable to prosecute suspect,
52e5c79f88343b1d8eec5b15201c07c3b2b08bb8388ee470b38878cf996cdbe5,2019-03,North Yorkshire Police,North Yorkshire Police,-1.082777,53.957786,On or near Church Lane,E01013366,York 013A,Violence and sexual offences,Unable to prosecute suspect,
2c8f621bbe65d01fbe2f54ce25ccb83a84903ab88b1163948b2dd39aafae67e6,2019-03,North Yorkshire Police,North Yorkshire Police,-1.083260,53.960055,On or near Shopping Area,E01013366,York 013A,Violence and sexual offences,Unable to prosecute suspect,
7b31d2037c50b1fe72428c28109dbee98153cf0e82e0dd4e9c6868c6ea88f920,2019-03,North Yorkshire Police,North Yorkshire Police,-1.084422,53.959893,On or near Shopping Area,E01013366,York 013A,Violence and sexual offences,Under investigation,
bcc41faecc286ef4b26e3ddcb6a8cb902a69bc7350d81b3d8075d1f91968f6ad,2019-03,North Yorkshire Police,North Yorkshire Police,-1.082687,53.959790,On or near Shopping Area,E01013366,York 013A,Violence and sexual offences,Unable to prosecute suspect,
e5beb28b2feb73ac05a80084cd739088524ec35c6b6dc6e5feef883f7f649bcc,2019-03,North Yorkshire Police,North Yorkshire Police,-1.082687,53.959790,On or near Shopping Area,E01013366,York 013A,Violence and sexual offences,Under investigation,
fc9cd921afd17752f0a2408ab64e9e0e2700c7440a87a5a748f55babdc8a6a32,2019-03,North Yorkshire Police,North Yorkshire Police,-1.085582,53.962625,On or near Parking Area,E01013366,York 013A,Violence and sexual offences,Under investigation,
8035eb5e04a7a26cd69416af6873976eb012919371eae21ae3e9a6cb946f5223,2019-03,North Yorkshire Police,North Yorkshire Police,-1.085186,53.959827,On or near Pedestrian Subway,E01013366,York 013A,Violence and sexual offences,Under investigation,
25c7ba4fbeac364158bc06a38a667b8afc14e3bf92b9da106d263cc45b896eb7,2019-03,North Yorkshire Police,North Yorkshire Police,-1.079955,53.966897,On or near Townend Street,E01013366,York 013A,Violence and sexual offences,Unable to prosecute suspect,
5c178700d3a34440d7343818e01678b16068915c2df81ef6c491dc1cf1554bc4,2019-03,North Yorkshire Police,North Yorkshire Police,-1.084962,53.961677,On or near Theatre/Concert Hall,E01013366,York 013A,Violence and sexual offences,Unable to prosecute suspect,
bdca82dc34faeda1690e38331b7c528ce757db303bcac78c55712a730d3c6fa4,2019-03,North Yorkshire Police,North Yorkshire Police,-1.085582,53.962625,On or near Parking Area,E01013366,York 013A,Violence and sexual offences,Under investigation,
c5d83415349a1021fc2e5f2c1533579a05fe7e104cecfb1de94311926250f632,2019-03,North Yorkshire Police,North Yorkshire Police,-1.082687,53.959790,On or near Shopping Area,E01013366,York 013A,Violence and sexual offences,Under investigation,
f3570688c5f20d661aa9be35b68ae5611a5de77fe14c79d570d666a91e665b4a,2019-03,North Yorkshire Police,North Yorkshire Police,-1.085582,53.962625,On or near Parking Area,E01013366,York 013A,Violence and sexual offences,Under investigation,
ee83d5dab905ab4c884c2ded8992a356d5b864cf51f920ae0b8d61b330ffbaa8,2019-03,North Yorkshire Police,North Yorkshire Police,-1.083863,53.962451,On or near Precentor'S Court,E01013366,York 013A,Violence and sexual offences,Under investigation,
e91cc8101887d8335943b20d10a92b345301e8b68352ac0434bf6427df341d42,2019-03,North Yorkshire Police,North Yorkshire Police,-1.084962,53.961677,On or near Theatre/Concert Hall,E01013366,York 013A,Violence and sexual offences,Unable to prosecute suspect,
677f83a235da5ae16202dff4f60ec7a305e4e19a3923eb1034069a4b49ab98ad,2019-03,North Yorkshire Police,North Yorkshire Police,-1.082687,53.959790,On or near Shopping Area,E01013366,York 013A,Violence and sexual offences,Unable to prosecute suspect,
246ee0043871501de425aec37a27bab3723493779a1fb8df3f881fe2dbaa9319,2019-03,North Yorkshire Police,North Yorkshire Police,-1.083863,53.962451,On or near Precentor'S Court,E01013366,York 013A,Violence and sexual offences,Under investigation,
,2019-03,North Yorkshire Police,North Yorkshire Police,-1.078899,53.962242,On or near Goodramgate,E01013369,York 013C,Anti-social behaviour,,
,2019-03,North Yorkshire Police,North Yorkshire Police,-1.079346,53.964088,On or near High Newbiggin Street,E01013369,York 013C,Anti-social behaviour,,
,2019-03,North Yorkshire Police,North Yorkshire Police,-1.074848,53.965518,On or near Park Crescent,E01013369,York 013C,Anti-social behaviour,,
,2019-03,North Yorkshire Police,North Yorkshire Police,-1.078336,53.962876,On or near Monkgate,E01013369,York 013C,Anti-social behaviour,,
,2019-03,North Yorkshire Police,North Yorkshire Police,-1.079084,53.960778,On or near Granary Court,E01013369,York 013C,Anti-social behaviour,,
,2019-03,North Yorkshire Police,North Yorkshire Police,-1.078336,53.962876,On or near Monkgate,E01013369,York 013C,Anti-social behaviour,,
,2019-03,North Yorkshire Police,North Yorkshire Police,-1.077017,53.964663,On or near Waverley Street,E01013369,York 013C,Anti-social behaviour,,
,2019-03,North Yorkshire Police,North Yorkshire Police,-1.078899,53.962242,On or near Goodramgate,E01013369,York 013C,Anti-social behaviour,,
,2019-03,North Yorkshire Police,North Yorkshire Police,-1.079346,53.964088,On or near High Newbiggin Street,E01013369,York 013C,Anti-social behaviour,,
,2019-03,North Yorkshire Police,North Yorkshire Police,-1.078336,53.962876,On or near Monkgate,E01013369,York 013C,Anti-social behaviour,,
2fc13ed237e2ec534b7939d78ab39e9831f403c75e525d04c70fd1409f4dc33e,2019-03,North Yorkshire Police,North Yorkshire Police,-1.077474,53.961224,On or near Aldwark,E01013369,York 013C,Bicycle theft,Investigation complete; no suspect identified,
c75377bbe296e972f4752837df5157c212bfc0e52e65d6b4ba65c4b4453793d0,2019-03,North Yorkshire Police,North Yorkshire Police,-1.078981,53.961281,On or near Bartle Garth,E01013369,York 013C,Bicycle theft,Investigation complete; no suspect identified,
e51410b9576598e0e3fc527173016b3008738bcdfbba57abcd33cdeabec15e6e,2019-03,North Yorkshire Police,North Yorkshire Police,-1.078010,53.959718,On or near St Saviourgate,E01013369,York 013C,Criminal damage and arson,Unable to prosecute suspect,
1f45037ceec4568be05d06df56258c189979425544641bec5ec8c610ddab0f22,2019-03,North Yorkshire Police,North Yorkshire Police,-1.077017,53.964663,On or near Waverley Street,E01013369,York 013C,Criminal damage and arson,Investigation complete; no suspect identified,
760c0893845944ae42c2c22bcfe5aebd76ef35afdad459e5c542d32eefa80cc3,2019-03,North Yorkshire Police,North Yorkshire Police,-1.078010,53.959718,On or near St Saviourgate,E01013369,York 013C,Criminal damage and arson,Under investigation,
f2580db4f864c8db9018ad099c749bbb991a1c293569e4f100131771f1900a40,2019-03,North Yorkshire Police,North Yorkshire Police,-1.076544,53.966053,On or near Jackson Street,E01013369,York 013C,Other theft,Under investigation,
49f333b91093029063d6a18ed16ab9d2f6b5ac0b6531452e4fca372433a89ea8,2019-03,North Yorkshire Police,North Yorkshire Police,-1.077474,53.961224,On or near Aldwark,E01013369,York 013C,Other theft,Under investigation,
af50831dc70c3ee531a399f9b75369bc2d942a41dfdbf4342a8dac9f70bfe099,2019-03,North Yorkshire Police,North Yorkshire Police,-1.078336,53.962876,On or near Monkgate,E01013369,York 013C,Other theft,Under investigation,
b8d15dece6d4382a9d81dbdef70c315c9f38b2c73809be9de809d23a25ffc91e,2019-03,North Yorkshire Police,North Yorkshire Police,-1.078981,53.961281,On or near Bartle Garth,E01013369,York 013C,Public order,Under investigation,
742f2dd6d002897deee4f614e274ef675abbca67c24c8d6da65ca87f897c0bdd,2019-03,North Yorkshire Police,North Yorkshire Police,-1.073656,53.964970,On or near Heworth Green,E01013369,York 013C,Public order,Under investigation,
23c3a674e310bdf3c1c0785aefbb9c55de8fe38c96d089d2b973b8761404a90d,2019-03,North Yorkshire Police,North Yorkshire Police,-1.075268,53.963796,On or near Agar Street,E01013369,York 013C,Shoplifting,Local resolution,
643bfedd443dad7f86f32608fe0d3d806cbfdc734993ee6bd583df74e3185ac6,2019-03,North Yorkshire Police,North Yorkshire Police,-1.079084,53.960778,On or near Granary Court,E01013369,York 013C,Shoplifting,Offender given conditional discharge,
2797dfc09b667545de59131db65c649649724625e90020d76aea312baaf9c102,2019-03,North Yorkshire Police,North Yorkshire Police,-1.079084,53.960778,On or near Granary Court,E01013369,York 013C,Shoplifting,Under investigation,
b8a226a7cbc825c357b2562057a983a4740635abd1856d9e0e3b9d0775ed94aa,2019-03,North Yorkshire Police,North Yorkshire Police,-1.079084,53.960778,On or near Granary Court,E01013369,York 013C,Shoplifting,Offender given penalty notice,
862662143f8c35dc50777e79b4d20fa95a75585fde254b1a746b7a73addfdb5e,2019-03,North Yorkshire Police,North Yorkshire Police,-1.075268,53.963796,On or near Agar Street,E01013369,York 013C,Shoplifting,Under investigation,
e73d0d26e5fbaadfc5673776575f601c5a5631626c14cbae64afa7c6a9aff9fb,2019-03,North Yorkshire Police,North Yorkshire Police,-1.075268,53.963796,On or near Agar Street,E01013369,York 013C,Shoplifting,Offender given community sentence,
3e414c422f47a831e30b674ff2574f4672a3178aefe959896d12d141b78a034c,2019-03,North Yorkshire Police,North Yorkshire Police,-1.078899,53.962242,On or near Goodramgate,E01013369,York 013C,Shoplifting,Investigation complete; no suspect identified,
adf857251c1ec87ff444bfcb4c2a719125d869a3bdc56e74a27f9a750d7f12ea,2019-03,North Yorkshire Police,North Yorkshire Police,-1.078969,53.964615,On or near St John Street,E01013369,York 013C,Vehicle crime,Investigation complete; no suspect identified,
0655b60d2e281bbb6a7891f6d63a79dd16baa3bb72158a54cedbeb97be5eef70,2019-03,North Yorkshire Police,North Yorkshire Police,-1.078969,53.964615,On or near St John Street,E01013369,York 013C,Vehicle crime,Investigation complete; no suspect identified,
c353c630c6b603a8ea20dd3e9b2ef74531bec3035ce3b1e023cacf6cae01b277,2019-03,North Yorkshire Police,North Yorkshire Police,-1.078010,53.959718,On or near St Saviourgate,E01013369,York 013C,Vehicle crime,Investigation complete; no suspect identified,
761f840f65ba3eede95b109292b00a2cb99e7c325c3dba27f4299e7a5c4c0d5a,2019-03,North Yorkshire Police,North Yorkshire Police,-1.075271,53.965009,On or near George Court,E01013369,York 013C,Violence and sexual offences,Unable to prosecute suspect,
8747a5da918d33692e75765e1bfe1e28b13e04720c68c044b276ecb022d095c0,2019-03,North Yorkshire Police,North Yorkshire Police,-1.078010,53.959718,On or near St Saviourgate,E01013369,York 013C,Violence and sexual offences,Unable to prosecute suspect,
9663da6f50400ec45ece812f081faf16d521b83a4151cadcdf0e284380ec6918,2019-03,North Yorkshire Police,North Yorkshire Police,-1.078969,53.964615,On or near St John Street,E01013369,York 013C,Violence and sexual offences,Under investigation,
8f0e3b8f240fc5dc960eacb66f929e7491bb71a0c89677eaab936d41393ec572,2019-03,North Yorkshire Police,North Yorkshire Police,-1.079346,53.964088,On or near High Newbiggin Street,E01013369,York 013C,Violence and sexual offences,Under investigation,
7a4a8d2c5735ec14c1ec405b487166391b3366ed9d62c09d1e2e73430ed34993,2019-03,North Yorkshire Police,North Yorkshire Police,-1.078010,53.959718,On or near St Saviourgate,E01013369,York 013C,Violence and sexual offences,Awaiting court outcome,
50a9c9ffc37576f09e44eae6605473d44e19ba45af90d4ed0bba48c595599e3f,2019-03,North Yorkshire Police,North Yorkshire Police,-1.078010,53.959718,On or near St Saviourgate,E01013369,York 013C,Violence and sexual offences,Awaiting court outcome,
e0fe76ef2455835ce86db330be91f85cd9079998b9ba21979b892b6ac243a4ce,2019-03,North Yorkshire Police,North Yorkshire Police,-1.078917,53.962790,On or near Monk Bar Court,E01013369,York 013C,Violence and sexual offences,Under investigation,
9d51bdc1388dc8233cfe7cecd97ad9fc95d3a10dc54dff02d411ef3284d0e287,2019-03,North Yorkshire Police,North Yorkshire Police,-1.079346,53.964088,On or near High Newbiggin Street,E01013369,York 013C,Violence and sexual offences,Under investigation,
6fe79b193ce3ff85950b18e4e559569871b3e827476fdf00f216343e9acf9994,2019-03,North Yorkshire Police,North Yorkshire Police,-1.077474,53.961224,On or near Aldwark,E01013369,York 013C,Violence and sexual offences,Unable to prosecute suspect,
c2dc6d8c5296e15522b9e79b5f5d548e8d68b604687c5be53e3577906ac9cd03,2019-03,North Yorkshire Police,North Yorkshire Police,-1.079084,53.960778,On or near Granary Court,E01013369,York 013C,Violence and sexual offences,Formal action is not in the public interest,
,2019-03,North Yorkshire Police,North Yorkshire Police,-1.084499,53.952227,On or near Nunnery Lane,E01013416,York 013E,Anti-social behaviour,,
,2019-03,North Yorkshire Police,North Yorkshire Police,-1.086026,53.952787,On or near St Benedict Road,E01013416,York 013E,Anti-social behaviour,,
,2019-03,North Yorkshire Police,North Yorkshire Police,-1.088238,53.951959,On or near Nunthorpe Road,E01013416,York 013E,Anti-social behaviour,,
,2019-03,North Yorkshire Police,North Yorkshire Police,-1.093640,53.954426,On or near Supermarket,E01013416,York 013E,Anti-social behaviour,,
,2019-03,North Yorkshire Police,North Yorkshire Police,-1.089145,53.953709,On or near Dale Street,E01013416,York 013E,Anti-social behaviour,,
,2019-03,North Yorkshire Police,North Yorkshire Police,-1.090718,53.953524,On or near Caesar Court,E01013416,York 013E,Anti-social behaviour,,
,2019-03,North Yorkshire Police,North Yorkshire Police,-1.089145,53.953709,On or near Dale Street,E01013416,York 013E,Anti-social behaviour,,
,2019-03,North Yorkshire Police,North Yorkshire Police,-1.088326,53.953532,On or near Swann Street,E01013416,York 013E,Anti-social behaviour,,
,2019-03,North Yorkshire Police,North Yorkshire Police,-1.088494,53.952779,On or near Cygnet Street,E01013416,York 013E,Anti-social behaviour,,
,2019-03,North Yorkshire Police,North Yorkshire Police,-1.095584,53.954720,On or near Lowther Terrace,E01013416,York 013E,Anti-social behaviour,,
,2019-03,North Yorkshire Police,North Yorkshire Police,-1.093640,53.954426,On or near Supermarket,E01013416,York 013E,Anti-social behaviour,,
,2019-03,North Yorkshire Police,North Yorkshire Police,-1.090718,53.953524,On or near Caesar Court,E01013416,York 013E,Anti-social behaviour,,
,2019-03,North Yorkshire Police,North Yorkshire Police,-1.093640,53.954426,On or near Supermarket,E01013416,York 013E,Anti-social behaviour,,
,2019-03,North Yorkshire Police,North Yorkshire Police,-1.090718,53.953524,On or near Caesar Court,E01013416,York 013E,Anti-social behaviour,,
,2019-03,North Yorkshire Police,North Yorkshire Police,-1.088326,53.953532,On or near Swann Street,E01013416,York 013E,Anti-social behaviour,,
,2019-03,North Yorkshire Police,North Yorkshire Police,-1.093630,53.954876,On or near The Crescent,E01013416,York 013E,Anti-social behaviour,,
,2019-03,North Yorkshire Police,North Yorkshire Police,-1.096770,53.954153,On or near Cambridge Street,E01013416,York 013E,Anti-social behaviour,,
,2019-03,North Yorkshire Police,North Yorkshire Police,-1.090718,53.953524,On or near Caesar Court,E01013416,York 013E,Anti-social behaviour,,
,2019-03,North Yorkshire Police,North Yorkshire Police,-1.088238,53.951959,On or near Nunthorpe Road,E01013416,York 013E,Anti-social behaviour,,
,2019-03,North Yorkshire Police,North Yorkshire Police,-1.093640,53.954426,On or near Supermarket,E01013416,York 013E,Anti-social behaviour,,
fa1e4b282aa4072ea57ee05cd65a0de09655895c064250a44150e0ab2329f842,2019-03,North Yorkshire Police,North Yorkshire Police,-1.084499,53.952227,On or near Nunnery Lane,E01013416,York 013E,Bicycle theft,Investigation complete; no suspect identified,
031e4cd4efa569b32851dd43993643f006f20562cd7bb39ef9a41ad9de7ee293,2019-03,North Yorkshire Police,North Yorkshire Police,-1.084499,53.952227,On or near Nunnery Lane,E01013416,York 013E,Bicycle theft,Investigation complete; no suspect identified,
020d6848a104b0d7592e21f3d8e4290c8efe146a36a11cd812e59b110d74be0f,2019-03,North Yorkshire Police,North Yorkshire Police,-1.093640,53.954426,On or near Supermarket,E01013416,York 013E,Burglary,Under investigation,
76283b8103206d3b89e0a745da75ef4d1657cd2c3d310bfa07dd235b12e0e401,2019-03,North Yorkshire Police,North Yorkshire Police,-1.089145,53.953709,On or near Dale Street,E01013416,York 013E,Burglary,Under investigation,
4b025d5e2273d581e3c311c7c8137ecb629d0022dfc58dc3807cd648da6f4cbd,2019-03,North Yorkshire Police,North Yorkshire Police,-1.095584,53.954720,On or near Lowther Terrace,E01013416,York 013E,Criminal damage and arson,Investigation complete; no suspect identified,
134d17011959bdf56b8795900cd57b2765057b86f9d3421d597b28911dc19983,2019-03,North Yorkshire Police,North Yorkshire Police,-1.088238,53.951959,On or near Nunthorpe Road,E01013416,York 013E,Criminal damage and arson,Under investigation,
438e92d64a3891fa2619a709b56f57e1f07b59e1e388c0ae675259e1266f0d7c,2019-03,North Yorkshire Police,North Yorkshire Police,-1.089145,53.953709,On or near Dale Street,E01013416,York 013E,Drugs,Under investigation,
91d75b95a8671ce0729e7242ebc0b17867b3b9c4d6292c954b93ec5b6519553e,2019-03,North Yorkshire Police,North Yorkshire Police,-1.093630,53.954876,On or near The Crescent,E01013416,York 013E,Drugs,Under investigation,
973bcad700074a86734d6cf68db0f6681fc05a9b1cf25988c4f1ed2af5d8a633,2019-03,North Yorkshire Police,North Yorkshire Police,-1.088326,53.953532,On or near Swann Street,E01013416,York 013E,Other theft,Investigation complete; no suspect identified,
a16d2b3024fcd9f4e14aef7ff9708be6077194483375489a110010c99635f277,2019-03,North Yorkshire Police,North Yorkshire Police,-1.092047,53.954109,On or near South Parade,E01013416,York 013E,Other theft,Under investigation,
fd5319c16fd1e131401ac7ba2b4cd9eeaca050d46001e35570b4199456d333c4,2019-03,North Yorkshire Police,North Yorkshire Police,-1.088238,53.951959,On or near Nunthorpe Road,E01013416,York 013E,Public order,Under investigation,
75ed21ed33b446bf4d2000a47170ce86bd66d7e7fb9b6e9009c0c498a2463b89,2019-03,North Yorkshire Police,North Yorkshire Police,-1.096770,53.954153,On or near Cambridge Street,E01013416,York 013E,Public order,Unable to prosecute suspect,
6b8d7559fe979ccf70f641efbc32a68abb87cb25b4af9b4a902b3ca0605e0a7b,2019-03,North Yorkshire Police,North Yorkshire Police,-1.089145,53.953709,On or near Dale Street,E01013416,York 013E,Public order,Under investigation,
52f445f127cc04d94e054131274650060fb4b1e8c1c51609376bd4fc0c720e47,2019-03,North Yorkshire Police,North Yorkshire Police,-1.088126,53.952920,On or near Dove Street,E01013416,York 013E,Public order,Under investigation,
776fc2c3d3c27d3ec0ef1ca45e15be3c8691e8e85fe25aad36ea81cd15eaefcd,2019-03,North Yorkshire Police,North Yorkshire Police,-1.088238,53.951959,On or near Nunthorpe Road,E01013416,York 013E,Public order,Under investigation,
141f530fca81d000248b378dbb4552e20d03f5823b463466b77413aa09d496bf,2019-03,North Yorkshire Police,North Yorkshire Police,-1.088238,53.951959,On or near Nunthorpe Road,E01013416,York 013E,Robbery,Under investigation,
b8d7e3d17e9f0ea457865286b8872b20dd6101268e066389db0b2f6ee2ff6058,2019-03,North Yorkshire Police,North Yorkshire Police,-1.093640,53.954426,On or near Supermarket,E01013416,York 013E,Shoplifting,Under investigation,
73e0293dda11d64b769c448a1bf410e6570fd646169ed0c58021a5dd2e0401de,2019-03,North Yorkshire Police,North Yorkshire Police,-1.088238,53.951959,On or near Nunthorpe Road,E01013416,York 013E,Shoplifting,Under investigation,
4348de15a4e2e5325e1f370ca9e6ba6fa31d8f0ae7b0629833e8cd76e95f402e,2019-03,North Yorkshire Police,North Yorkshire Police,-1.093640,53.954426,On or near Supermarket,E01013416,York 013E,Shoplifting,Offender sent to prison,
0a34343baaee3252c274e20000e3ab26ffca111fe3cf303bd73da3e1e0bfcbf5,2019-03,North Yorkshire Police,North Yorkshire Police,-1.088238,53.951959,On or near Nunthorpe Road,E01013416,York 013E,Shoplifting,Under investigation,
09ca1df12e77f165b23bc56102245fa646ea70d33a4bf574a01ec55bbccead93,2019-03,North Yorkshire Police,North Yorkshire Police,-1.093640,53.954426,On or near Supermarket,E01013416,York 013E,Shoplifting,Investigation complete; no suspect identified,
7d22a9ef77ecaa9e8c1b7c383c4c17ddb946770f9748a0723b935ae4a79b6771,2019-03,North Yorkshire Police,North Yorkshire Police,-1.093640,53.954426,On or near Supermarket,E01013416,York 013E,Violence and sexual offences,Under investigation,
84679139c2acaa6dd3c0fadc96e2d6b44ed846be259cfa3babe71333ec793d2a,2019-03,North Yorkshire Police,North Yorkshire Police,-1.093640,53.954426,On or near Supermarket,E01013416,York 013E,Violence and sexual offences,Under investigation,
f1eb9974869ba817c3b4c9b19ca094de4cc68606955f933eede3e92da42d0d0b,2019-03,North Yorkshire Police,North Yorkshire Police,-1.089145,53.953709,On or near Dale Street,E01013416,York 013E,Violence and sexual offences,Under investigation,
0d8fbd6265e454196e1d3271e298b779f7478ecca9b762161027cc57c61be226,2019-03,North Yorkshire Police,North Yorkshire Police,-1.088238,53.951959,On or near Nunthorpe Road,E01013416,York 013E,Violence and sexual offences,Under investigation,
a3df02d11b8c1ae5b36e7d288465ada9805cbc6b1d24e91b21722b6465a094ce,2019-03,North Yorkshire Police,North Yorkshire Police,-1.095584,53.954720,On or near Lowther Terrace,E01013416,York 013E,Violence and sexual offences,Under investigation,
657e9beeeb0ddbdd3fc6e42a28b5ff3d711a099fa07181fe0532ca5f2824f4ec,2019-03,North Yorkshire Police,North Yorkshire Police,-1.089145,53.953709,On or near Dale Street,E01013416,York 013E,Violence and sexual offences,Offender sent to prison,
24931947105c36c6c16a02ed4cb9ad3d7f156516c42db37fe5c2ecf905947fd4,2019-03,North Yorkshire Police,North Yorkshire Police,-1.090718,53.953524,On or near Caesar Court,E01013416,York 013E,Violence and sexual offences,Under investigation,
e7bb54c31d27054acf7b515dfdf3cc059b54d84751781ea2a0fce5b905d2cfad,2019-03,North Yorkshire Police,North Yorkshire Police,-1.088126,53.952920,On or near Dove Street,E01013416,York 013E,Violence and sexual offences,Under investigation,
56a5eeeeabba322d7240c1e9fed22ac1e697b614c439b07f94e586e1ba2bae88,2019-03,North Yorkshire Police,North Yorkshire Police,-1.093640,53.954426,On or near Supermarket,E01013416,York 013E,Violence and sexual offences,Under investigation,
0eb0654ccd07c73b5197ff54c3d5fb8e77cc16ede00084e0880ef9947ce13729,2019-03,North Yorkshire Police,North Yorkshire Police,-1.093640,53.954426,On or near Supermarket,E01013416,York 013E,Violence and sexual offences,Under investigation,
ecd65afcbe6d0ded9ae5a17adca218ec548261828ac194b4cab06490ddc0818a,2019-03,North Yorkshire Police,North Yorkshire Police,-1.093640,53.954426,On or near Supermarket,E01013416,York 013E,Violence and sexual offences,Under investigation,
4514256274c9dbbb96a068f7f2281d192e4b538c59c69f58a3d3fff89e84bb61,2019-03,North Yorkshire Police,North Yorkshire Police,-1.088494,53.952779,On or near Cygnet Street,E01013416,York 013E,Violence and sexual offences,Under investigation,
800b41afb4549ce622be2aa83f82a18c7338e78d896fb6951ae5c514936f0b20,2019-03,North Yorkshire Police,North Yorkshire Police,-1.090718,53.953524,On or near Caesar Court,E01013416,York 013E,Violence and sexual offences,Under investigation,
ba7124e9a1c533532bf3b363fb4443f9d0d36efa4b7d913cfe3b53c9e5932fc5,2019-03,North Yorkshire Police,North Yorkshire Police,-1.088126,53.952920,On or near Dove Street,E01013416,York 013E,Violence and sexual offences,Under investigation,
,2019-03,North Yorkshire Police,North Yorkshire Police,-1.074414,53.955547,On or near Margaret Street,E01033067,York 013F,Anti-social behaviour,,
,2019-03,North Yorkshire Police,North Yorkshire Police,-1.074414,53.955547,On or near Margaret Street,E01033067,York 013F,Anti-social behaviour,,
,2019-03,North Yorkshire Police,North Yorkshire Police,-1.073773,53.955587,On or near Albert Street,E01033067,York 013F,Anti-social behaviour,,
,2019-03,North Yorkshire Police,North Yorkshire Police,-1.073773,53.955587,On or near Albert Street,E01033067,York 013F,Anti-social behaviour,,
,2019-03,North Yorkshire Police,North Yorkshire Police,-1.074414,53.955547,On or near Margaret Street,E01033067,York 013F,Anti-social behaviour,,
,2019-03,North Yorkshire Police,North Yorkshire Police,-1.074414,53.955547,On or near Margaret Street,E01033067,York 013F,Anti-social behaviour,,
,2019-03,North Yorkshire Police,North Yorkshire Police,-1.074414,53.955547,On or near Margaret Street,E01033067,York 013F,Anti-social behaviour,,
,2019-03,North Yorkshire Police,North Yorkshire Police,-1.074414,53.955547,On or near Margaret Street,E01033067,York 013F,Anti-social behaviour,,
,2019-03,North Yorkshire Police,North Yorkshire Police,-1.072521,53.957079,On or near Navigation Road,E01033067,York 013F,Anti-social behaviour,,
,2019-03,North Yorkshire Police,North Yorkshire Police,-1.073773,53.955587,On or near Albert Street,E01033067,York 013F,Anti-social behaviour,,
,2019-03,North Yorkshire Police,North Yorkshire Police,-1.074414,53.955547,On or near Margaret Street,E01033067,York 013F,Anti-social behaviour,,
,2019-03,North Yorkshire Police,North Yorkshire Police,-1.074414,53.955547,On or near Margaret Street,E01033067,York 013F,Anti-social behaviour,,
,2019-03,North Yorkshire Police,North Yorkshire Police,-1.074414,53.955547,On or near Margaret Street,E01033067,York 013F,Anti-social behaviour,,
,2019-03,North Yorkshire Police,North Yorkshire Police,-1.073773,53.955587,On or near Albert Street,E01033067,York 013F,Anti-social behaviour,,
,2019-03,North Yorkshire Police,North Yorkshire Police,-1.072230,53.957795,On or near Rosemary Place,E01033067,York 013F,Anti-social behaviour,,
,2019-03,North Yorkshire Police,North Yorkshire Police,-1.073773,53.955587,On or near Albert Street,E01033067,York 013F,Anti-social behaviour,,
,2019-03,North Yorkshire Police,North Yorkshire Police,-1.073084,53.959851,On or near Park/Open Space,E01033067,York 013F,Anti-social behaviour,,
,2019-03,North Yorkshire Police,North Yorkshire Police,-1.074414,53.955547,On or near Margaret Street,E01033067,York 013F,Anti-social behaviour,,
fd10f7b0274b1635cffc0d358610dd38712bbb664e677d4c286b1750c98aca6e,2019-03,North Yorkshire Police,North Yorkshire Police,-1.074146,53.953873,On or near Paragon Street,E01033067,York 013F,Bicycle theft,Investigation complete; no suspect identified,
fc8da2bc387c85c87d93f63e8f799e08b56b8735e9078b0f7cf2663d17680c93,2019-03,North Yorkshire Police,North Yorkshire Police,-1.072521,53.957079,On or near Navigation Road,E01033067,York 013F,Burglary,Under investigation,
6d465a0c4f9e89da2d5c704996e8d9133085af648b867bf745d6a2cd12f46c56,2019-03,North Yorkshire Police,North Yorkshire Police,-1.066649,53.954525,On or near Lawrence Street,E01033067,York 013F,Burglary,Investigation complete; no suspect identified,
cda6c180f749f4d6cb6508861b957a6c29843782a645dbf8550c9a2f16f0a93b,2019-03,North Yorkshire Police,North Yorkshire Police,-1.073773,53.955587,On or near Albert Street,E01033067,York 013F,Burglary,Under investigation,
a59f11fe6db466f80932c2ee188dc90de59750abba1914216d83a362a169ae09,2019-03,North Yorkshire Police,North Yorkshire Police,-1.068459,53.956067,On or near Elvington Terrace,E01033067,York 013F,Criminal damage and arson,Unable to prosecute suspect,
81c745d39f28718994ae280b3ee8cb6495fdd96eb90176736023adc3b6a46a46,2019-03,North Yorkshire Police,North Yorkshire Police,-1.077078,53.959127,On or near The Stonebow,E01033067,York 013F,Drugs,Offender fined,
e2e3c73f4ccf655f039b5e3ae73f883837ed8f28733b78a566c67cf0261c2190,2019-03,North Yorkshire Police,North Yorkshire Police,-1.069294,53.961665,On or near James Street,E01033067,York 013F,Other theft,Under investigation,
f95fc0d77d30de6b3fa5eea5c2b71bc39e791f9eb29c1b23e85acf8b75a09eb1,2019-03,North Yorkshire Police,North Yorkshire Police,-1.073773,53.955587,On or near Albert Street,E01033067,York 013F,Other theft,Under investigation,
6e07f15f228eaa5d5e96454a2881cb6dc21852a82b1c32ba4eee5ce7385c932d,2019-03,North Yorkshire Police,North Yorkshire Police,-1.068459,53.956067,On or near Elvington Terrace,E01033067,York 013F,Other theft,Under investigation,
36d36c91631c91d1c1c4d26c2919efaa9f8d8b34dbf90d510d7081a97a240935,2019-03,North Yorkshire Police,North Yorkshire Police,-1.074414,53.955547,On or near Margaret Street,E01033067,York 013F,Public order,Under investigation,
1fd8740471f2ca37c4f0996843d5dfb7fcccfbfce9c3687f42b271c0f5305404,2019-03,North Yorkshire Police,North Yorkshire Police,-1.074146,53.953873,On or near Paragon Street,E01033067,York 013F,Robbery,Offender otherwise dealt with,
be60707f7f549c5d4e0ce5b0b899a92c403c4c35aba27956d4abb910338b7a02,2019-03,North Yorkshire Police,North Yorkshire Police,-1.074146,53.953873,On or near Paragon Street,E01033067,York 013F,Robbery,Offender otherwise dealt with,
e2554297920e0e43769255e2dc003430d91c1dbd29c7388c5b717b00fbd8452b,2019-03,North Yorkshire Police,North Yorkshire Police,-1.074146,53.953873,On or near Paragon Street,E01033067,York 013F,Robbery,Under investigation,
4c28298ec170a3fcd4508b3501aaa16560bd5fb2530cc8433fbe1482f033d87d,2019-03,North Yorkshire Police,North Yorkshire Police,-1.068459,53.956067,On or near Elvington Terrace,E01033067,York 013F,Shoplifting,Under investigation,
3ef788624ee8468603e177113c7e14f905984ec24729a6fe8e77e1866b9efe0a,2019-03,North Yorkshire Police,North Yorkshire Police,-1.073773,53.955587,On or near Albert Street,E01033067,York 013F,Shoplifting,Unable to prosecute suspect,
37e1aeade54f75b169640b791bff26a15a9778dbcdea42dcefd4b3b651c7a400,2019-03,North Yorkshire Police,North Yorkshire Police,-1.068459,53.956067,On or near Elvington Terrace,E01033067,York 013F,Shoplifting,Under investigation,
4b2fdfa12357e017c2b487ec7efbe75770edf387d0b14a7a97cc34ddfc8cab29,2019-03,North Yorkshire Police,North Yorkshire Police,-1.073084,53.959851,On or near Park/Open Space,E01033067,York 013F,Theft from the person,Investigation complete; no suspect identified,
23a7e806d86d0dcc4b12a5bc2b817dbc845a38d3db337e7052b79440031b14d4,2019-03,North Yorkshire Police,North Yorkshire Police,-1.071750,53.956758,On or near St Margaret'S Terrace,E01033067,York 013F,Violence and sexual offences,Under investigation,
09a4ee3dc22765c5dfc8e16977b2feb15319b8cfacbc3d52166f0075b583d5ee,2019-03,North Yorkshire Police,North Yorkshire Police,-1.067080,53.957747,On or near Alexandra Court,E01033067,York 013F,Violence and sexual offences,Under investigation,
1df4290311609a3404719982b61bbebc1e140d51af6e9138b7abd51f338149aa,2019-03,North Yorkshire Police,North Yorkshire Police,-1.068459,53.956067,On or near Elvington Terrace,E01033067,York 013F,Violence and sexual offences,Under investigation,
d5ec0f893bf826859f31c20529688cc5c17f88755916531628a77182d140c2a0,2019-03,North Yorkshire Police,North Yorkshire Police,-1.074414,53.955547,On or near Margaret Street,E01033067,York 013F,Violence and sexual offences,Unable to prosecute suspect,
4aacbc3a724529c7977550cda57e3ba79a1326f009f3f1769cfb24eeacccc69c,2019-03,North Yorkshire Police,North Yorkshire Police,-1.068233,53.955239,On or near Brinkworth Terrace,E01033067,York 013F,Violence and sexual offences,Under investigation,
7e6604ff6fb0fe45ec4276760237767969cc989a1e4d0c0634b14f24be0b6759,2019-03,North Yorkshire Police,North Yorkshire Police,-1.073084,53.959851,On or near Park/Open Space,E01033067,York 013F,Violence and sexual offences,Under investigation,
99c8049fc5291ce2aae2c4ded15c64c3e4abea2bcbbc46de9dd4bb38c218a49f,2019-03,North Yorkshire Police,North Yorkshire Police,-1.068459,53.956067,On or near Elvington Terrace,E01033067,York 013F,Violence and sexual offences,Under investigation,
c610698de3aa99f502ffa1f8ddfc5ec465286c5330f82f0dc7bca82298140ac5,2019-03,North Yorkshire Police,North Yorkshire Police,-1.073084,53.959851,On or near Park/Open Space,E01033067,York 013F,Violence and sexual offences,Under investigation,
9a28250bb38bf73bc83fe3b310ea6179930a0d0a97ee17797219e0f1318f2e4d,2019-03,North Yorkshire Police,North Yorkshire Police,-1.074414,53.955547,On or near Margaret Street,E01033067,York 013F,Other crime,Under investigation,
,2019-03,North Yorkshire Police,North Yorkshire Police,-1.084478,53.957341,On or near Bridge Street,E01033068,York 013G,Anti-social behaviour,,
,2019-03,North Yorkshire Police,North Yorkshire Police,-1.086732,53.958796,On or near Nightclub,E01033068,York 013G,Anti-social behaviour,,
,2019-03,North Yorkshire Police,North Yorkshire Police,-1.091145,53.955648,On or near Blossom Street,E01033068,York 013G,Anti-social behaviour,,
,2019-03,North Yorkshire Police,North Yorkshire Police,-1.091238,53.959756,On or near Leeman Road,E01033068,York 013G,Anti-social behaviour,,
,2019-03,North Yorkshire Police,North Yorkshire Police,-1.091238,53.959756,On or near Leeman Road,E01033068,York 013G,Anti-social behaviour,,
,2019-03,North Yorkshire Police,North Yorkshire Police,-1.087478,53.958164,On or near Nightclub,E01033068,York 013G,Anti-social behaviour,,
,2019-03,North Yorkshire Police,North Yorkshire Police,-1.082455,53.953703,On or near Bishopgate Street,E01033068,York 013G,Anti-social behaviour,,
,2019-03,North Yorkshire Police,North Yorkshire Police,-1.084478,53.957341,On or near Bridge Street,E01033068,York 013G,Anti-social behaviour,,
,2019-03,North Yorkshire Police,North Yorkshire Police,-1.086600,53.957879,On or near Conference/Exhibition Centre,E01033068,York 013G,Anti-social behaviour,,
,2019-03,North Yorkshire Police,North Yorkshire Police,-1.086914,53.957449,On or near Nightclub,E01033068,York 013G,Anti-social behaviour,,
,2019-03,North Yorkshire Police,North Yorkshire Police,-1.091145,53.955648,On or near Blossom Street,E01033068,York 013G,Anti-social behaviour,,
,2019-03,North Yorkshire Police,North Yorkshire Police,-1.085867,53.957253,On or near Micklegate,E01033068,York 013G,Anti-social behaviour,,
,2019-03,North Yorkshire Police,North Yorkshire Police,-1.093023,53.958287,On or near Police Station,E01033068,York 013G,Anti-social behaviour,,
,2019-03,North Yorkshire Police,North Yorkshire Police,-1.089197,53.956901,On or near Micklegate,E01033068,York 013G,Anti-social behaviour,,
,2019-03,North Yorkshire Police,North Yorkshire Police,-1.083870,53.956563,On or near Queen'S Staith Road,E01033068,York 013G,Anti-social behaviour,,
,2019-03,North Yorkshire Police,North Yorkshire Police,-1.091238,53.959756,On or near Leeman Road,E01033068,York 013G,Anti-social behaviour,,
,2019-03,North Yorkshire Police,North Yorkshire Police,-1.091145,53.955648,On or near Blossom Street,E01033068,York 013G,Anti-social behaviour,,
,2019-03,North Yorkshire Police,North Yorkshire Police,-1.085452,53.958121,On or near North Street,E01033068,York 013G,Anti-social behaviour,,
,2019-03,North Yorkshire Police,North Yorkshire Police,-1.091238,53.959756,On or near Leeman Road,E01033068,York 013G,Anti-social behaviour,,
,2019-03,North Yorkshire Police,North Yorkshire Police,-1.091238,53.959756,On or near Leeman Road,E01033068,York 013G,Anti-social behaviour,,
,2019-03,North Yorkshire Police,North Yorkshire Police,-1.088508,53.959160,On or near Station Road,E01033068,York 013G,Anti-social behaviour,,
,2019-03,North Yorkshire Police,North Yorkshire Police,-1.093023,53.958287,On or near Police Station,E01033068,York 013G,Anti-social behaviour,,
,2019-03,North Yorkshire Police,North Yorkshire Police,-1.091145,53.955648,On or near Blossom Street,E01033068,York 013G,Anti-social behaviour,,
,2019-03,North Yorkshire Police,North Yorkshire Police,-1.089197,53.956901,On or near Micklegate,E01033068,York 013G,Anti-social behaviour,,
,2019-03,North Yorkshire Police,North Yorkshire Police,-1.087865,53.957178,On or near Nightclub,E01033068,York 013G,Anti-social behaviour,,
,2019-03,North Yorkshire Police,North Yorkshire Police,-1.087478,53.958164,On or near Nightclub,E01033068,York 013G,Anti-social behaviour,,
,2019-03,North Yorkshire Police,North Yorkshire Police,-1.089018,53.955335,On or near Dewsbury Terrace,E01033068,York 013G,Anti-social behaviour,,
,2019-03,North Yorkshire Police,North Yorkshire Police,-1.087865,53.957178,On or near Nightclub,E01033068,York 013G,Anti-social behaviour,,
,2019-03,North Yorkshire Police,North Yorkshire Police,-1.089197,53.956901,On or near Micklegate,E01033068,York 013G,Anti-social behaviour,,
,2019-03,North Yorkshire Police,North Yorkshire Police,-1.087865,53.957178,On or near Nightclub,E01033068,York 013G,Anti-social behaviour,,
,2019-03,North Yorkshire Police,North Yorkshire Police,-1.084478,53.957341,On or near Bridge Street,E01033068,York 013G,Anti-social behaviour,,
,2019-03,North Yorkshire Police,North Yorkshire Police,-1.093023,53.958287,On or near Police Station,E01033068,York 013G,Anti-social behaviour,,
,2019-03,North Yorkshire Police,North Yorkshire Police,-1.089188,53.957323,On or near Barker Lane,E01033068,York 013G,Anti-social behaviour,,
458a83123e2b0b98835aa2731921313c059916773482a19d67f7ab1aca83093b,2019-03,North Yorkshire Police,North Yorkshire Police,-1.089801,53.959269,On or near Station Avenue,E01033068,York 013G,Bicycle theft,Investigation complete; no suspect identified,
39e1ca70c51b9e0c6a9cd5e49ca6c27b31cdf4f600652d727d6b7d02223651de,2019-03,North Yorkshire Police,North Yorkshire Police,-1.084478,53.957341,On or near Bridge Street,E01033068,York 013G,Bicycle theft,Under investigation,
49b72d8e34d84a3d4ff6b27da9a38e34ff03b8cac0ec4b06fc40a229fe2b04f8,2019-03,North Yorkshire Police,North Yorkshire Police,-1.089188,53.957323,On or near Barker Lane,E01033068,York 013G,Bicycle theft,Investigation complete; no suspect identified,
7908794f9cedec4e7cf5f0b34eaffbb98e6a6bc77f6c1a8db6ffc8adc7a4ce21,2019-03,North Yorkshire Police,North Yorkshire Police,-1.089197,53.956901,On or near Micklegate,E01033068,York 013G,Burglary,Under investigation,
09b0e7af5fd1f89072bac203f181eba8ec6b23e87a1cf53f1d832c11de5b3e16,2019-03,North Yorkshire Police,North Yorkshire Police,-1.085924,53.956732,On or near Fetter Lane,E01033068,York 013G,Burglary,Under investigation,
bac582ed35885e18a7b6684a00f1e606fe4aaf30662ea45965d235310b6ab1ff,2019-03,North Yorkshire Police,North Yorkshire Police,-1.087583,53.954057,On or near Nunnery Lane,E01033068,York 013G,Burglary,Investigation complete; no suspect identified,
00f56e672f67f8e36a1a26ea9b602d43419a529b967d9fe63c438c663b5a5c1c,2019-03,North Yorkshire Police,North Yorkshire Police,-1.087478,53.958164,On or near Nightclub,E01033068,York 013G,Burglary,Unable to prosecute suspect,
bb82673e13fd5cdd300b1ce6a0eb5f58029846398a0c3d85a07b22fc5a16d7e9,2019-03,North Yorkshire Police,North Yorkshire Police,-1.086732,53.958796,On or near Nightclub,E01033068,York 013G,Criminal damage and arson,Under investigation,
2d28ed66ac17cb53378cee2cf3fbce4edd85124effa5b551f57fa3f0e9c961ad,2019-03,North Yorkshire Police,North Yorkshire Police,-1.084478,53.957341,On or near Bridge Street,E01033068,York 013G,Criminal damage and arson,Under investigation,
dd7e95569d93e3036d1eeb31ec9ed4b28ccc693c99aa5e6885a2bfa320d05de5,2019-03,North Yorkshire Police,North Yorkshire Police,-1.093023,53.958287,On or near Police Station,E01033068,York 013G,Criminal damage and arson,Offender given a caution,
e6a5a78692357de4589c83e546ec959882e2deee00c0f187bb9ea9e7dd48b9bb,2019-03,North Yorkshire Police,North Yorkshire Police,-1.084478,53.957341,On or near Bridge Street,E01033068,York 013G,Drugs,Under investigation,
007908b666e8a1238a2dc1dbbfdc9d11ac8400a51957633beeca899b7f22aeb2,2019-03,North Yorkshire Police,North Yorkshire Police,-1.084478,53.957341,On or near Bridge Street,E01033068,York 013G,Drugs,Under investigation,
d1ebadf75292217e3c2e3a536f75fe5bbc1c5847b24d32063d8a51279c89da76,2019-03,North Yorkshire Police,North Yorkshire Police,-1.087583,53.954057,On or near Nunnery Lane,E01033068,York 013G,Drugs,Under investigation,
bc520118abe8474a22181d632b7487fdcd9dabfa1ca9c8d4996aa23c023b6d99,2019-03,North Yorkshire Police,North Yorkshire Police,-1.091238,53.959756,On or near Leeman Road,E01033068,York 013G,Drugs,Formal action is not in the public interest,
b6af302c2b52f4a66f2d22d47718f92efac0cad5b5240020238b036bddf48fdb,2019-03,North Yorkshire Police,North Yorkshire Police,-1.089188,53.957323,On or near Barker Lane,E01033068,York 013G,Other theft,Under investigation,
573754e7d4572ad2725ef8800d18d5b4dda334853ba046d072e2b5fe6795f628,2019-03,North Yorkshire Police,North Yorkshire Police,-1.087478,53.958164,On or near Nightclub,E01033068,York 013G,Other theft,Under investigation,
4a3da836f016545993990b371ad5c04053cd106a646dd8f82c83d4fd0072469b,2019-03,North Yorkshire Police,North Yorkshire Police,-1.088508,53.959160,On or near Station Road,E01033068,York 013G,Other theft,Investigation complete; no suspect identified,
b31a1a519825d2052da99eb9e8a09e581671d272151cd3635696e713caa25a8e,2019-03,North Yorkshire Police,North Yorkshire Police,-1.089197,53.956901,On or near Micklegate,E01033068,York 013G,Other theft,Investigation complete; no suspect identified,
71b8727ed0f538593a79a7a18cd387eee46fb8552b8784e6c3995f820a8638e2,2019-03,North Yorkshire Police,North Yorkshire Police,-1.091238,53.959756,On or near Leeman Road,E01033068,York 013G,Other theft,Under investigation,
0729b81e04bfed0c7b935462ac70b9b3b59fd5a841571d5f86e37749e95e91f7,2019-03,North Yorkshire Police,North Yorkshire Police,-1.086732,53.958796,On or near Nightclub,E01033068,York 013G,Other theft,Investigation complete; no suspect identified,
6d5da244f4f281ca58f3ef6534e768bd31dbc85c513fa90dd8a791ec7d36deba,2019-03,North Yorkshire Police,North Yorkshire Police,-1.084478,53.957341,On or near Bridge Street,E01033068,York 013G,Possession of weapons,Unable to prosecute suspect,
2d6dec7a194c58ca1070ab069628941329b6ddcac1817c309c28229fe1380faf,2019-03,North Yorkshire Police,North Yorkshire Police,-1.089188,53.957323,On or near Barker Lane,E01033068,York 013G,Public order,Under investigation,
d9a347b115bcce4aa71f7e21bb815457874571f7faa602d2d6e89de101cbda9f,2019-03,North Yorkshire Police,North Yorkshire Police,-1.084478,53.957341,On or near Bridge Street,E01033068,York 013G,Public order,Under investigation,
47e35a1e59851cdac940c0e3e558ccfff8b207ef88821c3ce737e779335a15c2,2019-03,North Yorkshire Police,North Yorkshire Police,-1.091145,53.955648,On or near Blossom Street,E01033068,York 013G,Public order,Under investigation,
953dd5c609d0927c6183df86af007c39828df73e7933c9c0bf671e8288529f4f,2019-03,North Yorkshire Police,North Yorkshire Police,-1.085867,53.957253,On or near Micklegate,E01033068,York 013G,Public order,Awaiting court outcome,
36b576b753ee1636dead028ac26747d56bc765e8963f9a892166cc7483f6e691,2019-03,North Yorkshire Police,North Yorkshire Police,-1.091145,53.955648,On or near Blossom Street,E01033068,York 013G,Public order,Under investigation,
edaa95a6789d21e7377648743042237af250be6c510d138610d0755a036fc151,2019-03,North Yorkshire Police,North Yorkshire Police,-1.091145,53.955648,On or near Blossom Street,E01033068,York 013G,Robbery,Under investigation,
2e45a81a422c8e7ed4fb9cdab06789a3f003d05abf4e47d763f38d033fb17f76,2019-03,North Yorkshire Police,North Yorkshire Police,-1.091238,53.959756,On or near Leeman Road,E01033068,York 013G,Robbery,Under investigation,
113c78f1197b3dbf38ab25981fca144c4cf13f53a765f8cc55902e5405d47fa1,2019-03,North Yorkshire Police,North Yorkshire Police,-1.084478,53.957341,On or near Bridge Street,E01033068,York 013G,Shoplifting,Under investigation,
f6941c8bbc7b45c71da3545b2f9e0684160acb1a4458d5a44353daddafc96a65,2019-03,North Yorkshire Police,North Yorkshire Police,-1.085867,53.957253,On or near Micklegate,E01033068,York 013G,Shoplifting,Under investigation,
6bc43e42846289b6347e3eefc618ae55f4f8cb03916a1702897936d8ed783023,2019-03,North Yorkshire Police,North Yorkshire Police,-1.086914,53.957449,On or near Nightclub,E01033068,York 013G,Theft from the person,Investigation complete; no suspect identified,
fbdd706b33becd391b9b186861fdd4f377c0d314c5c593be37766812f2a98c1a,2019-03,North Yorkshire Police,North Yorkshire Police,-1.091238,53.959756,On or near Leeman Road,E01033068,York 013G,Theft from the person,Investigation complete; no suspect identified,
83a2be1fbe08b2b6b2ac552eaf914e9972c66864cae9577b61ba3529d7050ca4,2019-03,North Yorkshire Police,North Yorkshire Police,-1.091145,53.955648,On or near Blossom Street,E01033068,York 013G,Theft from the person,Investigation complete; no suspect identified,
8fe41a206dff31225ae3c6a411982bdc67d7bd76e4202dba19d4dfee57cc6321,2019-03,North Yorkshire Police,North Yorkshire Police,-1.085924,53.956732,On or near Fetter Lane,E01033068,York 013G,Vehicle crime,Investigation complete; no suspect identified,
9c0f713295fe7fd80d789ca95feb05eac783a7be508654d47da46ea501c644dc,2019-03,North Yorkshire Police,North Yorkshire Police,-1.091145,53.955648,On or near Blossom Street,E01033068,York 013G,Violence and sexual offences,Unable to prosecute suspect,
fccb6fb7b1e5f370b60ce958ff0e0a8ee505bba1537840298f235f90d0373b79,2019-03,North Yorkshire Police,North Yorkshire Police,-1.086732,53.958796,On or near Nightclub,E01033068,York 013G,Violence and sexual offences,Under investigation,
dadac779a8bf92c5d4bbc748789c99acd73db64ca9c63aeeb9c711cdb4e9688a,2019-03,North Yorkshire Police,North Yorkshire Police,-1.085867,53.957253,On or near Micklegate,E01033068,York 013G,Violence and sexual offences,Under investigation,
9a60611d251690592948c2de0d1ae9e7eae9ff586c8671a2e1b1cfeff00fc69f,2019-03,North Yorkshire Police,North Yorkshire Police,-1.086914,53.957449,On or near Nightclub,E01033068,York 013G,Violence and sexual offences,Under investigation,
792c63eacb93e9fb214b0a8e511b1bab83648f3c444438407f634fc28ad5012a,2019-03,North Yorkshire Police,North Yorkshire Police,-1.091145,53.955648,On or near Blossom Street,E01033068,York 013G,Violence and sexual offences,Under investigation,
985c592bb6ebfb9449776b297750100d6a0525ad6933cc74b2e3cd7d1e5bcced,2019-03,North Yorkshire Police,North Yorkshire Police,-1.086732,53.958796,On or near Nightclub,E01033068,York 013G,Violence and sexual offences,Under investigation,
5f50ae971218eff93b60662a7e8fc2e7f40a2ef983b389b0cdac465ddfb6daaf,2019-03,North Yorkshire Police,North Yorkshire Police,-1.085452,53.958121,On or near North Street,E01033068,York 013G,Violence and sexual offences,Under investigation,
29c9d80d44c9499a2499d31a4b851b616d687f7452abaefa7b731fa0ad65db12,2019-03,North Yorkshire Police,North Yorkshire Police,-1.084478,53.957341,On or near Bridge Street,E01033068,York 013G,Violence and sexual offences,Under investigation,
bc2a937884eaa43b9bfaad606639f87a0573058b3d4525854b2f03d0ffa24a07,2019-03,North Yorkshire Police,North Yorkshire Police,-1.091238,53.959756,On or near Leeman Road,E01033068,York 013G,Violence and sexual offences,Under investigation,
621bbdab68efd103e48f1a84db113e2e254ea8055e20ed359538caeec0461af6,2019-03,North Yorkshire Police,North Yorkshire Police,-1.086914,53.957449,On or near Nightclub,E01033068,York 013G,Violence and sexual offences,Under investigation,
f2a000f69dc079e13cbbdbbf1217fef1d071b36734ae82f9e95326991e0173a2,2019-03,North Yorkshire Police,North Yorkshire Police,-1.085867,53.957253,On or near Micklegate,E01033068,York 013G,Violence and sexual offences,Offender fined,
ec2d151425069883e42832d2f17e9b2d5b49f1d3e5abfe7ea8ad63722aa87dfc,2019-03,North Yorkshire Police,North Yorkshire Police,-1.093023,53.958287,On or near Police Station,E01033068,York 013G,Violence and sexual offences,Under investigation,
d637a933489c9a7b5ad5adfe511228eee7d3c5888581e95c43bf0000402abe27,2019-03,North Yorkshire Police,North Yorkshire Police,-1.084478,53.957341,On or near Bridge Street,E01033068,York 013G,Violence and sexual offences,Unable to prosecute suspect,
addec06c436084c55d727dfddb18930cae848fdad5e698c1939ef37ea89f9d9f,2019-03,North Yorkshire Police,North Yorkshire Police,-1.085867,53.957253,On or near Micklegate,E01033068,York 013G,Violence and sexual offences,Under investigation,
7b5e52bc009f8a3027b41c26211bf7a8334fb62c30012b0486fa4c3bf61f9777,2019-03,North Yorkshire Police,North Yorkshire Police,-1.086914,53.957449,On or near Nightclub,E01033068,York 013G,Violence and sexual offences,Under investigation,
7706dd78bcfdc563b2281dac28941576931371fbc3075c0e8fec3bf5534559ed,2019-03,North Yorkshire Police,North Yorkshire Police,-1.089197,53.956901,On or near Micklegate,E01033068,York 013G,Violence and sexual offences,Under investigation,
7c6954695fff0a18e78197194389c7622376c2f27e37dad84017ebde338fda70,2019-03,North Yorkshire Police,North Yorkshire Police,-1.084478,53.957341,On or near Bridge Street,E01033068,York 013G,Violence and sexual offences,Unable to prosecute suspect,
b38734910df4a332e6d13b687fe3e15193e9c58885984ff20eb1124b03feff0c,2019-03,North Yorkshire Police,North Yorkshire Police,-1.086914,53.957449,On or near Nightclub,E01033068,York 013G,Violence and sexual offences,Under investigation,
545a8d323e24b7a3172c508a9e8ce35655df24903bdb80eea36bddf43e56a6c0,2019-03,North Yorkshire Police,North Yorkshire Police,-1.087865,53.957178,On or near Nightclub,E01033068,York 013G,Violence and sexual offences,Under investigation,
55a3b8a8015b6b2fc5de380b9c61b3bbbadfd44d932d7560b8f6ee4dbcf5b688,2019-03,North Yorkshire Police,North Yorkshire Police,-1.086732,53.958796,On or near Nightclub,E01033068,York 013G,Violence and sexual offences,Under investigation,
ddd9f4690d8685a3ba15da7f882092c3690c0eaa939ee25f7793a378a4db3468,2019-03,North Yorkshire Police,North Yorkshire Police,-1.086914,53.957449,On or near Nightclub,E01033068,York 013G,Violence and sexual offences,Under investigation,
6d6273e1df6b47328df42e42248427bf22702c06e05fea578be09c0a284d562e,2019-03,North Yorkshire Police,North Yorkshire Police,-1.091238,53.959756,On or near Leeman Road,E01033068,York 013G,Violence and sexual offences,Under investigation,
efb771d6b5e1c11e758c84998e8d213a35f1c193abdbc55785ad49f3ba0f15d8,2019-03,North Yorkshire Police,North Yorkshire Police,-1.086732,53.958796,On or near Nightclub,E01033068,York 013G,Violence and sexual offences,Under investigation,
a4739a655d0eb22b5427833eeb20b6ae2d825169e7b41f3a00606436d9982ee3,2019-03,North Yorkshire Police,North Yorkshire Police,-1.084478,53.957341,On or near Bridge Street,E01033068,York 013G,Violence and sexual offences,Unable to prosecute suspect,
1179edf735d1c3722b247aa2d66783366dd5e8d7967b6b1608f4fa6746acefaf,2019-03,North Yorkshire Police,North Yorkshire Police,-1.091238,53.959756,On or near Leeman Road,E01033068,York 013G,Violence and sexual offences,Unable to prosecute suspect,
b5c9ad9e4f7db37072363a27dfd0ba980bec7bcebbfe970a1eae081e33c1b222,2019-03,North Yorkshire Police,North Yorkshire Police,-1.085452,53.958121,On or near North Street,E01033068,York 013G,Violence and sexual offences,Under investigation,
e3b8bfe9ecbb461efc39729c221fd0bf20ec88c91c42a38fcc56ac2a0370fbce,2019-03,North Yorkshire Police,North Yorkshire Police,-1.084478,53.957341,On or near Bridge Street,E01033068,York 013G,Violence and sexual offences,Under investigation,
f07c7297ed1a6fac59f2cab47f98d19d922e8a459830201979a5c3cfc211958d,2019-03,North Yorkshire Police,North Yorkshire Police,-1.091238,53.959756,On or near Leeman Road,E01033068,York 013G,Violence and sexual offences,Under investigation,
f4343a9ad7e6505aa6c4bccb48a078367ec23b404f89a979347fb372165751b5,2019-03,North Yorkshire Police,North Yorkshire Police,-1.086914,53.957449,On or near Nightclub,E01033068,York 013G,Violence and sexual offences,Under investigation,
70504bc1e0a6737b4198d6273a124cdcb500b7012737f6779c38ba528cf7942e,2019-03,North Yorkshire Police,North Yorkshire Police,-1.087478,53.958164,On or near Nightclub,E01033068,York 013G,Violence and sexual offences,Under investigation,
93d85d6ac2db6b384d19b8e2fd655730ce30cba7d6540bfdd150478a1f3c9146,2019-03,North Yorkshire Police,North Yorkshire Police,-1.087163,53.953721,On or near St Benidict Road,E01033068,York 013G,Violence and sexual offences,Under investigation,
af31572f498c0a63c4725875235b0b19a0fab6b30ad785809112ea1f466f2811,2019-03,North Yorkshire Police,North Yorkshire Police,-1.091145,53.955648,On or near Blossom Street,E01033068,York 013G,Violence and sexual offences,Under investigation,
495dcd4b496c8856f30d1939c5fab9a64aac942b8bf97b963a9ddc378b8bb5ef,2019-03,North Yorkshire Police,North Yorkshire Police,-1.087478,53.958164,On or near Nightclub,E01033068,York 013G,Violence and sexual offences,Unable to prosecute suspect,
c499cd6e3933251fb79e16d0ff33f39406038e26bf72672dd451392f94fe0d1b,2019-03,North Yorkshire Police,North Yorkshire Police,-1.091238,53.959756,On or near Leeman Road,E01033068,York 013G,Violence and sexual offences,Under investigation,
ccc1c72e59cfc5437559c4ef7510039ddb053781a255e20c7ef28046d44aaace,2019-03,North Yorkshire Police,North Yorkshire Police,-1.087583,53.954057,On or near Nunnery Lane,E01033068,York 013G,Violence and sexual offences,Under investigation,
c5428fd455a1580b9ce9867fb2e6ca726bbbe5d3fdab1a053a96d59414db3bdc,2019-03,North Yorkshire Police,North Yorkshire Police,-1.091238,53.959756,On or near Leeman Road,E01033068,York 013G,Violence and sexual offences,Unable to prosecute suspect,
d6ff18fd9c7420c1423bb69f598f9e9f149627a050ac5a07f1c660ca712c83af,2019-03,North Yorkshire Police,North Yorkshire Police,-1.091238,53.959756,On or near Leeman Road,E01033068,York 013G,Violence and sexual offences,Unable to prosecute suspect,
d37c8535b3e0cadb4fd7ea005f48a1258996c263d3845b3317299f827cea71b7,2019-03,North Yorkshire Police,North Yorkshire Police,-1.091238,53.959756,On or near Leeman Road,E01033068,York 013G,Violence and sexual offences,Unable to prosecute suspect,
1b9765dba35333d19b9d9987340aea4372ded58d4d3adb3772a03846725f0949,2019-03,North Yorkshire Police,North Yorkshire Police,-1.091238,53.959756,On or near Leeman Road,E01033068,York 013G,Violence and sexual offences,Under investigation,
0b8375bfd8579cd35cb7ab7480ce48abe56c565b842054269b1ab48a1ba254bd,2019-03,North Yorkshire Police,North Yorkshire Police,-1.087934,53.958203,On or near Tanner Row,E01033068,York 013G,Violence and sexual offences,Under investigation,
7cb83371b5fa02ca9d3392d92d0194e647aa8e0bb63b970b45e48990adfbc8db,2019-03,North Yorkshire Police,North Yorkshire Police,-1.091238,53.959756,On or near Leeman Road,E01033068,York 013G,Violence and sexual offences,Under investigation,
f95377bf3544233c89b6108c1562050cbce4c973907087c5a558dd1242796ded,2019-03,North Yorkshire Police,North Yorkshire Police,-1.086732,53.958796,On or near Nightclub,E01033068,York 013G,Violence and sexual offences,Under investigation,
d2d2c1180b3440d57c61343fa65de4d52c1268e1483e9002b468717f6f137a22,2019-03,North Yorkshire Police,North Yorkshire Police,-1.086732,53.958796,On or near Nightclub,E01033068,York 013G,Violence and sexual offences,Under investigation,
,2019-03,North Yorkshire Police,North Yorkshire Police,-1.087970,53.956541,On or near Trinity Lane,E01033069,York 013H,Anti-social behaviour,,
5ea42249d65fe31b0b5ea86c0301199b5769edd0020e7c548da742e756811dd7,2019-03,North Yorkshire Police,North Yorkshire Police,-1.087135,53.955698,On or near Bishophill Junior,E01033069,York 013H,Criminal damage and arson,Investigation complete; no suspect identified,
708b7b88e1ec89a7aaa014cb84054e6fa791943bf0ff571217abe172e168af46,2019-03,North Yorkshire Police,North Yorkshire Police,-1.083649,53.955537,On or near Skeldergate,E01033069,York 013H,Criminal damage and arson,Offender given suspended prison sentence,
40277547e9b7a43c1243f91933148b5bb85098514afa73cf92187990d1d9ca02,2019-03,North Yorkshire Police,North Yorkshire Police,-1.083649,53.955537,On or near Skeldergate,E01033069,York 013H,Drugs,Offender deprived of property,
62baa3fac9d5e7b51fab565b7bce6d03ceed9c8875cb5b4d45afc69267c7eefb,2019-03,North Yorkshire Police,North Yorkshire Police,-1.087135,53.955698,On or near Bishophill Junior,E01033069,York 013H,Other theft,Under investigation,
200cf7495c72af2d81ccfcae7a788f4ec0d52ec4d48abf7dbf7687799b705a8d,2019-03,North Yorkshire Police,North Yorkshire Police,-1.083649,53.955537,On or near Skeldergate,E01033069,York 013H,Other theft,Under investigation,
6d1a1f7c868eb7130257ea2ab318b0518db7c337487487d873f511b6b0a5cf25,2019-03,North Yorkshire Police,North Yorkshire Police,-1.083649,53.955537,On or near Skeldergate,E01033069,York 013H,Public order,Under investigation,
5cbd6b332686c5fd8105606fb3021b0ae79bdb0e59cf81a14fc61a8d94c1c176,2019-03,North Yorkshire Police,North Yorkshire Police,-1.083649,53.955537,On or near Skeldergate,E01033069,York 013H,Violence and sexual offences,Awaiting court outcome,
7857024795c0012e840a1ec7faaf18569e8a120ec6cacc503f735fca91a158bf,2019-03,North Yorkshire Police,North Yorkshire Police,-1.087135,53.955698,On or near Bishophill Junior,E01033069,York 013H,Violence and sexual offences,Under investigation,
,2019-03,North Yorkshire Police,North Yorkshire Police,-1.076283,53.954384,On or near Ancroft Close,E01033070,York 013I,Anti-social behaviour,,
,2019-03,North Yorkshire Police,North Yorkshire Police,-1.076283,53.954384,On or near Ancroft Close,E01033070,York 013I,Anti-social behaviour,,
,2019-03,North Yorkshire Police,North Yorkshire Police,-1.076570,53.958647,On or near Carmelite Street,E01033070,York 013I,Anti-social behaviour,,
,2019-03,North Yorkshire Police,North Yorkshire Police,-1.082065,53.957601,On or near Nessgate,E01033070,York 013I,Anti-social behaviour,,
,2019-03,North Yorkshire Police,North Yorkshire Police,-1.082964,53.958983,On or near Shopping Area,E01033070,York 013I,Anti-social behaviour,,
,2019-03,North Yorkshire Police,North Yorkshire Police,-1.075522,53.955736,On or near Chapel Row,E01033070,York 013I,Anti-social behaviour,,
,2019-03,North Yorkshire Police,North Yorkshire Police,-1.073417,53.956519,On or near Paver Lane,E01033070,York 013I,Anti-social behaviour,,
,2019-03,North Yorkshire Police,North Yorkshire Police,-1.080932,53.957808,On or near Coppergate,E01033070,York 013I,Anti-social behaviour,,
,2019-03,North Yorkshire Police,North Yorkshire Police,-1.076345,53.956434,On or near St Denys' Road,E01033070,York 013I,Anti-social behaviour,,
,2019-03,North Yorkshire Police,North Yorkshire Police,-1.079522,53.958157,On or near Further/Higher Educational Building,E01033070,York 013I,Anti-social behaviour,,
,2019-03,North Yorkshire Police,North Yorkshire Police,-1.076283,53.954384,On or near Ancroft Close,E01033070,York 013I,Anti-social behaviour,,
,2019-03,North Yorkshire Police,North Yorkshire Police,-1.076283,53.954384,On or near Ancroft Close,E01033070,York 013I,Anti-social behaviour,,
,2019-03,North Yorkshire Police,North Yorkshire Police,-1.079625,53.956944,On or near Parking Area,E01033070,York 013I,Anti-social behaviour,,
,2019-03,North Yorkshire Police,North Yorkshire Police,-1.082065,53.957601,On or near Nessgate,E01033070,York 013I,Anti-social behaviour,,
,2019-03,North Yorkshire Police,North Yorkshire Police,-1.073417,53.956519,On or near Paver Lane,E01033070,York 013I,Anti-social behaviour,,
,2019-03,North Yorkshire Police,North Yorkshire Police,-1.078605,53.958312,On or near Fossgate,E01033070,York 013I,Anti-social behaviour,,
,2019-03,North Yorkshire Police,North Yorkshire Police,-1.076283,53.954384,On or near Ancroft Close,E01033070,York 013I,Anti-social behaviour,,
,2019-03,North Yorkshire Police,North Yorkshire Police,-1.080114,53.957595,On or near Shopping Area,E01033070,York 013I,Anti-social behaviour,,
,2019-03,North Yorkshire Police,North Yorkshire Police,-1.080932,53.957808,On or near Coppergate,E01033070,York 013I,Anti-social behaviour,,
,2019-03,North Yorkshire Police,North Yorkshire Police,-1.080480,53.959683,On or near Shopping Area,E01033070,York 013I,Anti-social behaviour,,
,2019-03,North Yorkshire Police,North Yorkshire Police,-1.076345,53.956434,On or near St Denys' Road,E01033070,York 013I,Anti-social behaviour,,
,2019-03,North Yorkshire Police,North Yorkshire Police,-1.073417,53.956519,On or near Paver Lane,E01033070,York 013I,Anti-social behaviour,,
,2019-03,North Yorkshire Police,North Yorkshire Police,-1.076126,53.954617,On or near Lead Mill Lane,E01033070,York 013I,Anti-social behaviour,,
,2019-03,North Yorkshire Police,North Yorkshire Police,-1.076283,53.954384,On or near Ancroft Close,E01033070,York 013I,Anti-social behaviour,,
,2019-03,North Yorkshire Police,North Yorkshire Police,-1.082647,53.957462,On or near Supermarket,E01033070,York 013I,Anti-social behaviour,,
,2019-03,North Yorkshire Police,North Yorkshire Police,-1.080480,53.959683,On or near Shopping Area,E01033070,York 013I,Anti-social behaviour,,
,2019-03,North Yorkshire Police,North Yorkshire Police,-1.074182,53.956390,On or near Walmgate,E01033070,York 013I,Anti-social behaviour,,
,2019-03,North Yorkshire Police,North Yorkshire Police,-1.079625,53.956944,On or near Parking Area,E01033070,York 013I,Anti-social behaviour,,
,2019-03,North Yorkshire Police,North Yorkshire Police,-1.075681,53.958892,On or near Palmer Lane,E01033070,York 013I,Anti-social behaviour,,
,2019-03,North Yorkshire Police,North Yorkshire Police,-1.082065,53.957601,On or near Nessgate,E01033070,York 013I,Anti-social behaviour,,
,2019-03,North Yorkshire Police,North Yorkshire Police,-1.073417,53.956519,On or near Paver Lane,E01033070,York 013I,Anti-social behaviour,,
,2019-03,North Yorkshire Police,North Yorkshire Police,-1.076126,53.954617,On or near Lead Mill Lane,E01033070,York 013I,Anti-social behaviour,,
,2019-03,North Yorkshire Police,North Yorkshire Police,-1.076345,53.956434,On or near St Denys' Road,E01033070,York 013I,Anti-social behaviour,,
,2019-03,North Yorkshire Police,North Yorkshire Police,-1.080438,53.955342,On or near Tower Street,E01033070,York 013I,Anti-social behaviour,,
,2019-03,North Yorkshire Police,North Yorkshire Police,-1.076283,53.954384,On or near Ancroft Close,E01033070,York 013I,Anti-social behaviour,,
,2019-03,North Yorkshire Police,North Yorkshire Police,-1.079250,53.957391,On or near Parking Area,E01033070,York 013I,Anti-social behaviour,,
,2019-03,North Yorkshire Police,North Yorkshire Police,-1.080480,53.959683,On or near Shopping Area,E01033070,York 013I,Anti-social behaviour,,
,2019-03,North Yorkshire Police,North Yorkshire Police,-1.075475,53.955124,On or near George Street,E01033070,York 013I,Anti-social behaviour,,
,2019-03,North Yorkshire Police,North Yorkshire Police,-1.073417,53.956519,On or near Paver Lane,E01033070,York 013I,Anti-social behaviour,,
,2019-03,North Yorkshire Police,North Yorkshire Police,-1.076283,53.954384,On or near Ancroft Close,E01033070,York 013I,Anti-social behaviour,,
,2019-03,North Yorkshire Police,North Yorkshire Police,-1.082065,53.957601,On or near Nessgate,E01033070,York 013I,Anti-social behaviour,,
,2019-03,North Yorkshire Police,North Yorkshire Police,-1.076345,53.956434,On or near St Denys' Road,E01033070,York 013I,Anti-social behaviour,,
,2019-03,North Yorkshire Police,North Yorkshire Police,-1.080480,53.959683,On or near Shopping Area,E01033070,York 013I,Anti-social behaviour,,
,2019-03,North Yorkshire Police,North Yorkshire Police,-1.079522,53.958157,On or near Further/Higher Educational Building,E01033070,York 013I,Anti-social behaviour,,
,2019-03,North Yorkshire Police,North Yorkshire Police,-1.076283,53.954384,On or near Ancroft Close,E01033070,York 013I,Anti-social behaviour,,
,2019-03,North Yorkshire Police,North Yorkshire Police,-1.082964,53.958983,On or near Shopping Area,E01033070,York 013I,Anti-social behaviour,,
,2019-03,North Yorkshire Police,North Yorkshire Police,-1.077941,53.957318,On or near Merchantgate,E01033070,York 013I,Anti-social behaviour,,
,2019-03,North Yorkshire Police,North Yorkshire Police,-1.082294,53.956884,On or near Cumberland Street,E01033070,York 013I,Anti-social behaviour,,
,2019-03,North Yorkshire Police,North Yorkshire Police,-1.079769,53.958707,On or near Pavement,E01033070,York 013I,Anti-social behaviour,,
0262acae10933af3aad796c7d7f18d14fcde9226ac1900d4d773c9e8076bf911,2019-03,North Yorkshire Police,North Yorkshire Police,-1.082647,53.957462,On or near Supermarket,E01033070,York 013I,Bicycle theft,Investigation complete; no suspect identified,
6dc0c8826b253357dac144b94bb1bee72f9665ce776189c1cc7f0a9edb747b71,2019-03,North Yorkshire Police,North Yorkshire Police,-1.082647,53.957462,On or near Supermarket,E01033070,York 013I,Bicycle theft,Investigation complete; no suspect identified,
d3c14ee49a17cf3697bb05d64314205b2dfc6318506e138239a3674747306125,2019-03,North Yorkshire Police,North Yorkshire Police,-1.080480,53.959683,On or near Shopping Area,E01033070,York 013I,Bicycle theft,Investigation complete; no suspect identified,
ead70aebd5a05062bc2bdb029be49bea9078c44f699ef7275ea4fd40d469b9a5,2019-03,North Yorkshire Police,North Yorkshire Police,-1.080438,53.955342,On or near Tower Street,E01033070,York 013I,Burglary,Under investigation,
f68a36cf4ec2e880dafdc772a5a8c3d4a99522637ba9bdd04da25a341a9f7de6,2019-03,North Yorkshire Police,North Yorkshire Police,-1.076175,53.955156,On or near Mill Street,E01033070,York 013I,Burglary,Under investigation,
d0a21c03e9c29492c0463091a1e2fd8fb461bf64bc7049c690395ed8cdf218eb,2019-03,North Yorkshire Police,North Yorkshire Police,-1.076126,53.954617,On or near Lead Mill Lane,E01033070,York 013I,Burglary,Investigation complete; no suspect identified,
5ccb7032ab9f960e519a9d22c98e147cae9ac1daf2d3c5c13415fa12e2214432,2019-03,North Yorkshire Police,North Yorkshire Police,-1.082964,53.958983,On or near Shopping Area,E01033070,York 013I,Criminal damage and arson,Investigation complete; no suspect identified,
83372d44407db92371a8c48ca577db2a439f0cc7efeb9813165768d30eb1c022,2019-03,North Yorkshire Police,North Yorkshire Police,-1.079212,53.959098,On or near Whip-Ma-Whop-Ma-Gate,E01033070,York 013I,Criminal damage and arson,Investigation complete; no suspect identified,
c47bab133190ade198ef2b3f09e6da29e7542771926cfa3f16f3ef6ec8c9b412,2019-03,North Yorkshire Police,North Yorkshire Police,-1.076283,53.954384,On or near Ancroft Close,E01033070,York 013I,Criminal damage and arson,Under investigation,
4f8462455592aac0ec27315254439b98030525ed0e62d273d13210482c79ccdc,2019-03,North Yorkshire Police,North Yorkshire Police,-1.076407,53.955697,On or near Dixon Lane,E01033070,York 013I,Criminal damage and arson,Under investigation,
b5d3b4065ffc6d1a8fa7b0290230f8df3e31684ac70f0405755e063e17b7ddec,2019-03,North Yorkshire Police,North Yorkshire Police,-1.081688,53.956709,On or near Clifford Street,E01033070,York 013I,Criminal damage and arson,Unable to prosecute suspect,
0d427eb8689611389c6ad21d301dc383089da77cd269d42bde439229ab855814,2019-03,North Yorkshire Police,North Yorkshire Police,-1.079769,53.958707,On or near Pavement,E01033070,York 013I,Criminal damage and arson,Under investigation,
b66aea919fc4af8b3b4fa167b58dc65033b6a1ae8530e0b4d4ade0539e125186,2019-03,North Yorkshire Police,North Yorkshire Police,-1.080932,53.957808,On or near Coppergate,E01033070,York 013I,Criminal damage and arson,Under investigation,
d6785c60d5e847a29506a97dab7d59ec4e623101d7a678e17114d968b2580ab0,2019-03,North Yorkshire Police,North Yorkshire Police,-1.080451,53.958910,On or near Shopping Area,E01033070,York 013I,Criminal damage and arson,Offender fined,
55202c47a1e37d4dd8d8c097ddceddd2b01402ca66d707f1f1a17139bcb0379f,2019-03,North Yorkshire Police,North Yorkshire Police,-1.079250,53.957391,On or near Parking Area,E01033070,York 013I,Drugs,Offender given a caution,
7c3a359930892182d0fa242b117c12795e0bdc9eed736c5dabd839a220914fe3,2019-03,North Yorkshire Police,North Yorkshire Police,-1.080451,53.958910,On or near Shopping Area,E01033070,York 013I,Drugs,Under investigation,
27e31bc6c47d08989835039e562ad1707db8dfcae21d8311fe9c2ca256d7efe0,2019-03,North Yorkshire Police,North Yorkshire Police,-1.076283,53.954384,On or near Ancroft Close,E01033070,York 013I,Drugs,Under investigation,
b9e0a80136aab760318d4eb0812fc6e4bf07b4b222e0683f16afda87571c2797,2019-03,North Yorkshire Police,North Yorkshire Police,-1.076675,53.956661,On or near Dennis Street,E01033070,York 013I,Drugs,Formal action is not in the public interest,
51913cd6b5d6de8ed47ff7dc33538f3e37461c1a142d7819e13a0044a4da7318,2019-03,North Yorkshire Police,North Yorkshire Police,-1.076126,53.954617,On or near Lead Mill Lane,E01033070,York 013I,Drugs,Under investigation,
456b7f360c8da0205420d4a4fac1486270b613e0619b40fcccbc1024cd4d4e03,2019-03,North Yorkshire Police,North Yorkshire Police,-1.076126,53.954617,On or near Lead Mill Lane,E01033070,York 013I,Other theft,Under investigation,
2edc0247bdfb355f904d220b8cb7d528eddb14f6ab92ffbb710e3fa598685697,2019-03,North Yorkshire Police,North Yorkshire Police,-1.076092,53.958230,On or near Parking Area,E01033070,York 013I,Other theft,Investigation complete; no suspect identified,
b4ba007ac5e2837e850a64d7229f418aa9e51abb35f295826a3b61533a4dd4a4,2019-03,North Yorkshire Police,North Yorkshire Police,-1.078715,53.958852,On or near Shopping Area,E01033070,York 013I,Other theft,Investigation complete; no suspect identified,
bc770fc4919366384dd29691e115cb71f7113c71ada1b3fa0313b58d6d444e0b,2019-03,North Yorkshire Police,North Yorkshire Police,-1.079522,53.958157,On or near Further/Higher Educational Building,E01033070,York 013I,Other theft,Investigation complete; no suspect identified,
1c6113d85246b996c85f5724403fb04362b03e79208c6c244995edfe55933fbb,2019-03,North Yorkshire Police,North Yorkshire Police,-1.076283,53.954384,On or near Ancroft Close,E01033070,York 013I,Other theft,Investigation complete; no suspect identified,
706c848a16fd039fc6880ab99fd8cd02ff5481959bb3217e75b9946baf9395ce,2019-03,North Yorkshire Police,North Yorkshire Police,-1.082065,53.957601,On or near Nessgate,E01033070,York 013I,Other theft,Under investigation,
d5b917b63e32dbe682b41c6fd5f4bb121ab478f91a9a9100afcd08409c93d6d0,2019-03,North Yorkshire Police,North Yorkshire Police,-1.082647,53.957462,On or near Supermarket,E01033070,York 013I,Other theft,Investigation complete; no suspect identified,
343982a566ab9545123fcd9987dce678d14d40c5c00bca0eca982169133e02db,2019-03,North Yorkshire Police,North Yorkshire Police,-1.082065,53.957601,On or near Nessgate,E01033070,York 013I,Other theft,Investigation complete; no suspect identified,
c9ee1efa49d848d5347e09ea56dca817c890955d7744505fc3abe0166d5ef7c5,2019-03,North Yorkshire Police,North Yorkshire Police,-1.082294,53.956884,On or near Cumberland Street,E01033070,York 013I,Other theft,Investigation complete; no suspect identified,
e57358a4c30de5751742b469a33aecb962e731811581cc786bc3c767d3768f8e,2019-03,North Yorkshire Police,North Yorkshire Police,-1.080480,53.959683,On or near Shopping Area,E01033070,York 013I,Other theft,Under investigation,
8459fe80085ee8b92729ab97cc018bd43e2f3f8a46eb2ae69979eccc13d12fbb,2019-03,North Yorkshire Police,North Yorkshire Police,-1.082065,53.957601,On or near Nessgate,E01033070,York 013I,Other theft,Investigation complete; no suspect identified,
02a8ae42b859a2cc0b9a8c96d3427ea3d041a0f8176a25cac2af21e9844cb78d,2019-03,North Yorkshire Police,North Yorkshire Police,-1.080114,53.957595,On or near Shopping Area,E01033070,York 013I,Other theft,Investigation complete; no suspect identified,
2190ef2f1d375d7deb5497c50ef902ece001ada89efff45f011458898cb3beed,2019-03,North Yorkshire Police,North Yorkshire Police,-1.082065,53.957601,On or near Nessgate,E01033070,York 013I,Possession of weapons,Under investigation,
451c1f95d0c6117a34adbed428a0acd1debc30bc9d5dd7ac05c972f037ce1acb,2019-03,North Yorkshire Police,North Yorkshire Police,-1.082647,53.957462,On or near Supermarket,E01033070,York 013I,Public order,Under investigation,
c8f7db9b44c2bc1f383fc6241266b53351a4434a3a850a1f4bc9000f9095fe20,2019-03,North Yorkshire Police,North Yorkshire Police,-1.076407,53.955697,On or near Dixon Lane,E01033070,York 013I,Public order,Under investigation,
fbc6ffe35cd76769bee6ca5fc85d04c5254539b996ca3970cc26acb0638b9274,2019-03,North Yorkshire Police,North Yorkshire Police,-1.082065,53.957601,On or near Nessgate,E01033070,York 013I,Public order,Offender given conditional discharge,
89b9c29278ee3fdb58e466c9b6507e66bc4c387101eb58c871b51def84626331,2019-03,North Yorkshire Police,North Yorkshire Police,-1.080932,53.957808,On or near Coppergate,E01033070,York 013I,Public order,Under investigation,
a5b5b81222d45d9c2cef3f1c5909c837b121673002fd8e2ed092fdaf2cd400aa,2019-03,North Yorkshire Police,North Yorkshire Police,-1.080480,53.959683,On or near Shopping Area,E01033070,York 013I,Public order,Under investigation,
7ef8dbd3fee18a7e14a6746d8d75df409662e66caf03fe0ce69d2039b48b18a1,2019-03,North Yorkshire Police,North Yorkshire Police,-1.079522,53.958157,On or near Further/Higher Educational Building,E01033070,York 013I,Public order,Under investigation,
9b2c0ae37d853c4b102da0084b179af9433fdf6893ee9118ef57b8797b9d1485,2019-03,North Yorkshire Police,North Yorkshire Police,-1.080480,53.959683,On or near Shopping Area,E01033070,York 013I,Public order,Under investigation,
3e80970c7f98b7164d1d8204c58a0b3c9bc5fef2a43139271ea22932a1f5fc48,2019-03,North Yorkshire Police,North Yorkshire Police,-1.079522,53.958157,On or near Further/Higher Educational Building,E01033070,York 013I,Public order,Under investigation,
dcf5da5bbb2cbd69e3483e5bc7ddf670589e69d70f3fae781c4b7ad9ca487947,2019-03,North Yorkshire Police,North Yorkshire Police,-1.079522,53.958157,On or near Further/Higher Educational Building,E01033070,York 013I,Public order,Under investigation,
84382fcc2ec0bee7e34bf97ba1080ed05da80e4bbb7169aadf2f7aece06c4ba0,2019-03,North Yorkshire Police,North Yorkshire Police,-1.080480,53.959683,On or near Shopping Area,E01033070,York 013I,Public order,Unable to prosecute suspect,
925ff36e413a077f347919e67c0e8257a2ba198d7c696c021095c6172d5c480b,2019-03,North Yorkshire Police,North Yorkshire Police,-1.082065,53.957601,On or near Nessgate,E01033070,York 013I,Robbery,Under investigation,
b16af1bce3666e912a4d0d3ba39e5227ee73072042d46bec48d771fe9bb4e017,2019-03,North Yorkshire Police,North Yorkshire Police,-1.079250,53.957391,On or near Parking Area,E01033070,York 013I,Shoplifting,Under investigation,
2e1087871c474bee890d0dc8bce92351756dd038fb29ae9475ed42b62f1a8496,2019-03,North Yorkshire Police,North Yorkshire Police,-1.080451,53.958910,On or near Shopping Area,E01033070,York 013I,Shoplifting,Local resolution,
e6a4de7a42c10bbc6538f20ee1dc65118eb3fa8f8216314a0ae534c2bb07489b,2019-03,North Yorkshire Police,North Yorkshire Police,-1.080451,53.958910,On or near Shopping Area,E01033070,York 013I,Shoplifting,Investigation complete; no suspect identified,
4ec61b770a11caa83424964f14ffe644313b115f072e933ba54e8c863f5b8cd3,2019-03,North Yorkshire Police,North Yorkshire Police,-1.082964,53.958983,On or near Shopping Area,E01033070,York 013I,Shoplifting,Offender given a caution,
31d9c5a016271a52d1b10c75269540271c18574cb91cb987257191d00229f635,2019-03,North Yorkshire Police,North Yorkshire Police,-1.082964,53.958983,On or near Shopping Area,E01033070,York 013I,Shoplifting,Investigation complete; no suspect identified,
6263a4c08f0917c90cbbb0c415610454a5da5c5694b0ffcfed670446dc36aa80,2019-03,North Yorkshire Police,North Yorkshire Police,-1.082964,53.958983,On or near Shopping Area,E01033070,York 013I,Shoplifting,Local resolution,
322c5dfd32042ff663514d0c2f2189e31d09c2aa34c57d47490a290de13b96c3,2019-03,North Yorkshire Police,North Yorkshire Police,-1.080451,53.958910,On or near Shopping Area,E01033070,York 013I,Shoplifting,Under investigation,
8ae07c77a4caab60fe9931eb61f46b4929c7171fc3b7235c872ed73031ee0120,2019-03,North Yorkshire Police,North Yorkshire Police,-1.082065,53.957601,On or near Nessgate,E01033070,York 013I,Shoplifting,Unable to prosecute suspect,
8b01e14e15de61e24b46485b93db09e7a551bb65cb16627f0001245344033515,2019-03,North Yorkshire Police,North Yorkshire Police,-1.080451,53.958910,On or near Shopping Area,E01033070,York 013I,Shoplifting,Offender sent to prison,
ebd927f5d5011d0d5a1245e34586ecc7058da18cf5f5698283826e480a47331b,2019-03,North Yorkshire Police,North Yorkshire Police,-1.080451,53.958910,On or near Shopping Area,E01033070,York 013I,Shoplifting,Under investigation,
07f126bcfdfcc6d4adcd06b2aaf538054112a6811a5174447c8af4b89e009ef2,2019-03,North Yorkshire Police,North Yorkshire Police,-1.080451,53.958910,On or near Shopping Area,E01033070,York 013I,Shoplifting,Under investigation,
570899a4aec1ea814eb093d92588685c6adcddc8c9e5bdccda92d74095f3ad6b,2019-03,North Yorkshire Police,North Yorkshire Police,-1.080451,53.958910,On or near Shopping Area,E01033070,York 013I,Shoplifting,Under investigation,
d4c2fd64812404bc98ca781ba81b804db9a28dddf1ee02a28cdf19aa24a5055f,2019-03,North Yorkshire Police,North Yorkshire Police,-1.080451,53.958910,On or near Shopping Area,E01033070,York 013I,Shoplifting,Local resolution,
53d15a447b95e64282bc8c93c1172fbb96a8e2e9b72396f0660cef62ca1fac96,2019-03,North Yorkshire Police,North Yorkshire Police,-1.079250,53.957391,On or near Parking Area,E01033070,York 013I,Shoplifting,Under investigation,
fe4def991949c1bc6f8058e3ebac2b63535b811be56ac65be0af7d197d95db89,2019-03,North Yorkshire Police,North Yorkshire Police,-1.080114,53.957595,On or near Shopping Area,E01033070,York 013I,Shoplifting,Under investigation,
7e38f22b35029f5a9aec4149fb37cde4810b5bda56acab204bed4572007f98e1,2019-03,North Yorkshire Police,North Yorkshire Police,-1.079522,53.958157,On or near Further/Higher Educational Building,E01033070,York 013I,Shoplifting,Under investigation,
6dc6e2c86f329bab23ee60eb204340ba8337de822148776be08430038dc03245,2019-03,North Yorkshire Police,North Yorkshire Police,-1.082964,53.958983,On or near Shopping Area,E01033070,York 013I,Shoplifting,Investigation complete; no suspect identified,
f31cab5caa78b16b014fccbdebfe34450db15db6b5357763e50fc41ddaa62125,2019-03,North Yorkshire Police,North Yorkshire Police,-1.079250,53.957391,On or near Parking Area,E01033070,York 013I,Shoplifting,Local resolution,
8f65f9896eb921966a43e59527b35fa230c47975562df9f6319653f171dabd6a,2019-03,North Yorkshire Police,North Yorkshire Police,-1.080451,53.958910,On or near Shopping Area,E01033070,York 013I,Shoplifting,Under investigation,
7e9ef6fadab4d4371e12ccc01dabf8cd26b0edaf1e1c9db494e9a3c3c6aacfb1,2019-03,North Yorkshire Police,North Yorkshire Police,-1.079522,53.958157,On or near Further/Higher Educational Building,E01033070,York 013I,Shoplifting,Under investigation,
d8d5582f1d871e0f6e4473f3f18bdf439c5c3c68fd97e21ef26a34f2ae9d04a1,2019-03,North Yorkshire Police,North Yorkshire Police,-1.080451,53.958910,On or near Shopping Area,E01033070,York 013I,Shoplifting,Local resolution,
b5a501ad8c095b0e77f940bad077d11bd06195371937df4ec65f10d077938261,2019-03,North Yorkshire Police,North Yorkshire Police,-1.080451,53.958910,On or near Shopping Area,E01033070,York 013I,Shoplifting,Under investigation,
62afccb4f8fb09d62f7412ef49cd9408df4a2f013398d0991b6c4f71d5d0ba6b,2019-03,North Yorkshire Police,North Yorkshire Police,-1.082964,53.958983,On or near Shopping Area,E01033070,York 013I,Shoplifting,Offender given conditional discharge,
270e9e0f6c8051c0dfc49a61401278aa706fc86f5d99607fe9428435ae93f384,2019-03,North Yorkshire Police,North Yorkshire Police,-1.079769,53.958707,On or near Pavement,E01033070,York 013I,Shoplifting,Offender given conditional discharge,
eeda43a59a2926263219c13d9818fc563fd0774307aec69817a18aecc844600f,2019-03,North Yorkshire Police,North Yorkshire Police,-1.080451,53.958910,On or near Shopping Area,E01033070,York 013I,Shoplifting,Under investigation,
317d5ef487b534fe8dd3cb07efd66738c8f68e68057d880fcd460d631e3fa9c4,2019-03,North Yorkshire Police,North Yorkshire Police,-1.079250,53.957391,On or near Parking Area,E01033070,York 013I,Shoplifting,Local resolution,
158817f8b39cfc24b55faf0075ebdda37821c4928c6d07d98ee762e8b535bb0c,2019-03,North Yorkshire Police,North Yorkshire Police,-1.080480,53.959683,On or near Shopping Area,E01033070,York 013I,Shoplifting,Offender sent to prison,
6f5fce4fe37a68465639ac9322d0d0113326a31ecf61cde9e4c66586b23d85ef,2019-03,North Yorkshire Police,North Yorkshire Police,-1.082065,53.957601,On or near Nessgate,E01033070,York 013I,Shoplifting,Local resolution,
419080ef5eed20e37ce60174d506ca3828659c909798776f8ff62b88a5d3ad87,2019-03,North Yorkshire Police,North Yorkshire Police,-1.080451,53.958910,On or near Shopping Area,E01033070,York 013I,Shoplifting,Offender fined,
908dd80810f0dff5bd7a335f2703c4771d7b8e376be9739447c18bee98c49046,2019-03,North Yorkshire Police,North Yorkshire Police,-1.079250,53.957391,On or near Parking Area,E01033070,York 013I,Shoplifting,Under investigation,
768051f99d4d361b5a9d363100b51b86f6f71fd1c3e3cf53e90cdfd97b55ba49,2019-03,North Yorkshire Police,North Yorkshire Police,-1.082964,53.958983,On or near Shopping Area,E01033070,York 013I,Shoplifting,Offender fined,
05c4220bbe4d54d63324702abb35fdc78468e8c349da04a9dac0c2b4dbba6c98,2019-03,North Yorkshire Police,North Yorkshire Police,-1.080451,53.958910,On or near Shopping Area,E01033070,York 013I,Shoplifting,Under investigation,
9bb9368175952eabe8a7ba0e44269a8d8a5e33dbd28c63bcccc8146f82ef5f32,2019-03,North Yorkshire Police,North Yorkshire Police,-1.082964,53.958983,On or near Shopping Area,E01033070,York 013I,Shoplifting,Under investigation,
040e861b6a7d8e62025e947c4f77d216716e6be0a25e7d11091194c8fbcc5137,2019-03,North Yorkshire Police,North Yorkshire Police,-1.079522,53.958157,On or near Further/Higher Educational Building,E01033070,York 013I,Shoplifting,Offender given community sentence,
f7279e216722797d6c0dee662aa76e4596dfad6ce7fbf041d83504600ce23610,2019-03,North Yorkshire Police,North Yorkshire Police,-1.082647,53.957462,On or near Supermarket,E01033070,York 013I,Shoplifting,Under investigation,
90ab2fa59ef2851a77dfc22d10b36c29db9e9d9005f909074b2618285cebe8fb,2019-03,North Yorkshire Police,North Yorkshire Police,-1.079522,53.958157,On or near Further/Higher Educational Building,E01033070,York 013I,Shoplifting,Offender fined,
e9426829892e7aca7736f10c9130e92c8ab905eaebcb1bf1897a55c220f5de44,2019-03,North Yorkshire Police,North Yorkshire Police,-1.080451,53.958910,On or near Shopping Area,E01033070,York 013I,Shoplifting,Offender given community sentence,
1f06a207f0a866db8f4f9a87ea85a797d7dc0420884d11cf6d89972edf0f91f9,2019-03,North Yorkshire Police,North Yorkshire Police,-1.082964,53.958983,On or near Shopping Area,E01033070,York 013I,Shoplifting,Investigation complete; no suspect identified,
e0d169638d7adc16a778a12a48cbac70abc50fe0e612cb44b6d59184be7cd34d,2019-03,North Yorkshire Police,North Yorkshire Police,-1.080451,53.958910,On or near Shopping Area,E01033070,York 013I,Shoplifting,Under investigation,
f227ebecc7eeadde21ba56c6205b8cc01f8c9a69af0416c8216b8a8f7dba91e8,2019-03,North Yorkshire Police,North Yorkshire Police,-1.082964,53.958983,On or near Shopping Area,E01033070,York 013I,Shoplifting,Offender given penalty notice,
a66b7e84a2bbc70def6e2000353feeb762ba68d18f4ca8c4a122a209d999b67e,2019-03,North Yorkshire Police,North Yorkshire Police,-1.082964,53.958983,On or near Shopping Area,E01033070,York 013I,Shoplifting,Unable to prosecute suspect,
2f0bfc220e8a9eaafeac52c776cfa738dfdfe0609d529185f1348b379a82fb0f,2019-03,North Yorkshire Police,North Yorkshire Police,-1.082964,53.958983,On or near Shopping Area,E01033070,York 013I,Shoplifting,Local resolution,
208cd23aa67619c2c44f12ce5061beb9554a6f8da6118f8f579d148d0da23799,2019-03,North Yorkshire Police,North Yorkshire Police,-1.082964,53.958983,On or near Shopping Area,E01033070,York 013I,Shoplifting,Investigation complete; no suspect identified,
1f13d3c353224234453f6ebbdfbb566ae2f63c56565b01f035fbd26f6707fe64,2019-03,North Yorkshire Police,North Yorkshire Police,-1.080451,53.958910,On or near Shopping Area,E01033070,York 013I,Shoplifting,Local resolution,
f9422c895719b34a0f63fa04801eaa80fb8d09eafbcc050f0815f1426333bc77,2019-03,North Yorkshire Police,North Yorkshire Police,-1.082294,53.956884,On or near Cumberland Street,E01033070,York 013I,Theft from the person,Investigation complete; no suspect identified,
0908014f2fc9fb08f63c91c65f5fc8cf66d8bcd5a34050018a1988bcd13be897,2019-03,North Yorkshire Police,North Yorkshire Police,-1.079769,53.958707,On or near Pavement,E01033070,York 013I,Theft from the person,Investigation complete; no suspect identified,
2c695150671653ac6afcf880a3abc49cbfcf4c37446823a7f8351458580c0507,2019-03,North Yorkshire Police,North Yorkshire Police,-1.082294,53.956884,On or near Cumberland Street,E01033070,York 013I,Theft from the person,Under investigation,
3527155591414a6ea46164d2cd4e9450f9e8a7d2c89946e9fd8f11eb525e2d8c,2019-03,North Yorkshire Police,North Yorkshire Police,-1.079522,53.958157,On or near Further/Higher Educational Building,E01033070,York 013I,Theft from the person,Investigation complete; no suspect identified,
ed186068063e10720207c0b6e2d6787add45113b8febdd40e83397458963670e,2019-03,North Yorkshire Police,North Yorkshire Police,-1.080932,53.957808,On or near Coppergate,E01033070,York 013I,Theft from the person,Under investigation,
3df785ebb72806143eabd4ccd95b3bc6f383bb1009f764b8b12e14666c3ff323,2019-03,North Yorkshire Police,North Yorkshire Police,-1.080438,53.955342,On or near Tower Street,E01033070,York 013I,Vehicle crime,Investigation complete; no suspect identified,
d13e83f5665bbe45bde96e20b414cd91f18af44df1fe573708637729c21fd6e1,2019-03,North Yorkshire Police,North Yorkshire Police,-1.082065,53.957601,On or near Nessgate,E01033070,York 013I,Violence and sexual offences,Under investigation,
510a5a980e95cfb1730087555794abafd17c13aae18e0b9cd76549f15d64da55,2019-03,North Yorkshire Police,North Yorkshire Police,-1.080480,53.959683,On or near Shopping Area,E01033070,York 013I,Violence and sexual offences,Under investigation,
a42467ccad9dc0eba7dce2471996c4bdc46e85780e0e4e06ec2433e45b7982e2,2019-03,North Yorkshire Police,North Yorkshire Police,-1.082294,53.956884,On or near Cumberland Street,E01033070,York 013I,Violence and sexual offences,Under investigation,
c577bf376e0c1f4a1ceefff8d2669419d04f9dbbe3b9f8d2149fc4520228ab2e,2019-03,North Yorkshire Police,North Yorkshire Police,-1.076126,53.954617,On or near Lead Mill Lane,E01033070,York 013I,Violence and sexual offences,Under investigation,
897a521601c00c83f1d11c4e34051709e5021204113c13c7fb2b8c59bfdd1291,2019-03,North Yorkshire Police,North Yorkshire Police,-1.082294,53.956884,On or near Cumberland Street,E01033070,York 013I,Violence and sexual offences,Under investigation,
1ffef83fb7f8c2c03b2cc10a007cdd2f53bf1b8e402e73cfea34623ed44d483a,2019-03,North Yorkshire Police,North Yorkshire Police,-1.082647,53.957462,On or near Supermarket,E01033070,York 013I,Violence and sexual offences,Unable to prosecute suspect,
d34bb7fd722cd38e5ecce98327d7034dcda3daff84266ae685d73d84dac98c49,2019-03,North Yorkshire Police,North Yorkshire Police,-1.080480,53.959683,On or near Shopping Area,E01033070,York 013I,Violence and sexual offences,Under investigation,
dc55b88664ea0fb75a22025de970480b4933c38c8f2399d442e83219c8dd9308,2019-03,North Yorkshire Police,North Yorkshire Police,-1.075189,53.956991,On or near Theatre/Concert Hall,E01033070,York 013I,Violence and sexual offences,Under investigation,
07bd9051d1131d8f6523c513082b457bd864199f21739425de8439e8772eeb05,2019-03,North Yorkshire Police,North Yorkshire Police,-1.080480,53.959683,On or near Shopping Area,E01033070,York 013I,Violence and sexual offences,Under investigation,
1a03e58fd7d3b50ce86413163a05c587c3f3df21d7c74a688db5208d4e4ef445,2019-03,North Yorkshire Police,North Yorkshire Police,-1.082964,53.958983,On or near Shopping Area,E01033070,York 013I,Violence and sexual offences,Offender given community sentence,
764ea5fe03bc53e97c8a10381ad5536005b8ebf3a8bdfd57d922bc3778a6cc49,2019-03,North Yorkshire Police,North Yorkshire Police,-1.082294,53.956884,On or near Cumberland Street,E01033070,York 013I,Violence and sexual offences,Under investigation,
0d12e1564c5e8532008e69c5ee97affcc9ae6569623eeb075149f3a12bf2dd3b,2019-03,North Yorkshire Police,North Yorkshire Police,-1.082294,53.956884,On or near Cumberland Street,E01033070,York 013I,Violence and sexual offences,Under investigation,
7458c2cfc36cbbb0f7807c1af22cc984710ea1552d4e02bee15fa683de376915,2019-03,North Yorkshire Police,North Yorkshire Police,-1.075189,53.956991,On or near Theatre/Concert Hall,E01033070,York 013I,Violence and sexual offences,Under investigation,
d5c5ce97bffc817ab5225c4292d41f9c6e14bbadceb1ac068c29565309fe2fce,2019-03,North Yorkshire Police,North Yorkshire Police,-1.082065,53.957601,On or near Nessgate,E01033070,York 013I,Violence and sexual offences,Unable to prosecute suspect,
d970772cc02250ddf3eb0c2d1cc8400750b2adb1ef8b797bec12873abf8a1bcc,2019-03,North Yorkshire Police,North Yorkshire Police,-1.079625,53.956944,On or near Parking Area,E01033070,York 013I,Violence and sexual offences,Under investigation,
9dabb1a01c1a1ba9a5eee0c7c67677d6cb7a0e72f17cf9a327ff63d86dc5cad6,2019-03,North Yorkshire Police,North Yorkshire Police,-1.078482,53.956972,On or near Parking Area,E01033070,York 013I,Violence and sexual offences,Unable to prosecute suspect,
77ad7cb575730347f126e3e8434cb9f74b5d56b4135c9b78b3bff79ccca9d6a6,2019-03,North Yorkshire Police,North Yorkshire Police,-1.082065,53.957601,On or near Nessgate,E01033070,York 013I,Violence and sexual offences,Unable to prosecute suspect,
b2bf09c63597c934a63bd4e81db8e2a6cbebf5e45731f0f86174cd2f944db0a4,2019-03,North Yorkshire Police,North Yorkshire Police,-1.076570,53.958647,On or near Carmelite Street,E01033070,York 013I,Violence and sexual offences,Under investigation,
5eeaa4f55a3920b6cee54a961b199a74c2a4e7ec618a96a2443f48313f073635,2019-03,North Yorkshire Police,North Yorkshire Police,-1.080480,53.959683,On or near Shopping Area,E01033070,York 013I,Violence and sexual offences,Under investigation,
52e8391fcac11b6c0e07542081516bb43770ce749d413ab815baf8b3dd460687,2019-03,North Yorkshire Police,North Yorkshire Police,-1.080480,53.959683,On or near Shopping Area,E01033070,York 013I,Violence and sexual offences,Under investigation,
b13382d77501a4300661b6f22b79d681f37f9409a49ed429c9dae576172e83f9,2019-03,North Yorkshire Police,North Yorkshire Police,-1.082065,53.957601,On or near Nessgate,E01033070,York 013I,Violence and sexual offences,Under investigation,
12ac0f7a25bf59f8f89f3cc1e1fdd246a1b76bf125081b607745a41bcf493b02,2019-03,North Yorkshire Police,North Yorkshire Police,-1.076570,53.958647,On or near Carmelite Street,E01033070,York 013I,Violence and sexual offences,Under investigation,
2556a37f7fd80ba6f2ffa63cf3a6ad5ff3a0634f38cf705db2f277b972d70375,2019-03,North Yorkshire Police,North Yorkshire Police,-1.082294,53.956884,On or near Cumberland Street,E01033070,York 013I,Violence and sexual offences,Under investigation,
f58704971d1b0952d61ac9dbe9412abd574cae248fcf97ce4644e684b9f90cd5,2019-03,North Yorkshire Police,North Yorkshire Police,-1.076283,53.954384,On or near Ancroft Close,E01033070,York 013I,Violence and sexual offences,Under investigation,
66017e5d87bfef41ed705281595ac4510d33a15adcb52ee69dfcca242abe1f15,2019-03,North Yorkshire Police,North Yorkshire Police,-1.079769,53.958707,On or near Pavement,E01033070,York 013I,Violence and sexual offences,Unable to prosecute suspect,
89a5937a0174f3eef5f84a12bac3799ed030c07f8e39e32be29ba6fbf7f3e019,2019-03,North Yorkshire Police,North Yorkshire Police,-1.079522,53.958157,On or near Further/Higher Educational Building,E01033070,York 013I,Violence and sexual offences,Offender given a caution,
8fd809f0f1b42611214dc11cdf5b88595cdb9c0c7994db7b01fd5c56a380b50a,2019-03,North Yorkshire Police,North Yorkshire Police,-1.076175,53.955156,On or near Mill Street,E01033070,York 013I,Violence and sexual offences,Unable to prosecute suspect,
305a3f48ab212c1ac2381c2f0936fc131abe7d01c398901a861cc5a597efc5e6,2019-03,North Yorkshire Police,North Yorkshire Police,-1.082294,53.956884,On or near Cumberland Street,E01033070,York 013I,Violence and sexual offences,Under investigation,
22dc18138d8ee3c6b121474ae701f2535718c3c92fc70a9d36b4ed9d8f22b86f,2019-03,North Yorkshire Police,North Yorkshire Police,-1.080480,53.959683,On or near Shopping Area,E01033070,York 013I,Violence and sexual offences,Offender given a caution,
8b7e981894556bfd176062d93d4ec0ed8405bd3f36ba36272db0040615f9f2a7,2019-03,North Yorkshire Police,North Yorkshire Police,-1.080480,53.959683,On or near Shopping Area,E01033070,York 013I,Violence and sexual offences,Offender given a caution,
c7189697dbf8116ea2c51cc7bdfd2a9fa6b5cb797fe9b8aca980352193da1990,2019-03,North Yorkshire Police,North Yorkshire Police,-1.080438,53.955342,On or near Tower Street,E01033070,York 013I,Violence and sexual offences,Under investigation,
b34cfa6a9be1f01e5a1d07514689a8c46fc23f62ee57286c1870aba5a827d720,2019-03,North Yorkshire Police,North Yorkshire Police,-1.076283,53.954384,On or near Ancroft Close,E01033070,York 013I,Violence and sexual offences,Unable to prosecute suspect,
9e1828bbe253c19bc789076ba5e145b89fbd914a83273828d46c5d86cf73b65d,2019-03,North Yorkshire Police,North Yorkshire Police,-1.076126,53.954617,On or near Lead Mill Lane,E01033070,York 013I,Violence and sexual offences,Under investigation,
a990edf08cccb0682887318a120f9c0dce85928e960d180faa785fc924ce21c2,2019-03,North Yorkshire Police,North Yorkshire Police,-1.075475,53.955124,On or near George Street,E01033070,York 013I,Other crime,Under investigation,
,2019-03,North Yorkshire Police,North Yorkshire Police,-1.050074,53.960355,On or near Woodhouse Grove,E01013381,York 014A,Anti-social behaviour,,
242888a66db875d465aed4ef214f9bf28b8dd5ce01062f967a105332f05b2cf8,2019-03,North Yorkshire Police,North Yorkshire Police,-1.047995,53.961938,On or near Darnbrook Walk,E01013381,York 014A,Bicycle theft,Investigation complete; no suspect identified,
394a231b7849bbe08d68bac00c153b97e9b2f09a0a556856a70b20ff122e47ff,2019-03,North Yorkshire Police,North Yorkshire Police,-1.047995,53.961938,On or near Darnbrook Walk,E01013381,York 014A,Vehicle crime,Unable to prosecute suspect,
e297c5f62043efa20af9ebe64f5ef91a6a829833460ccfc69525f54fdfa36a76,2019-03,North Yorkshire Police,North Yorkshire Police,-1.050491,53.961455,On or near Ingleton Walk,E01013381,York 014A,Violence and sexual offences,Under investigation,
9a566a6ba2c22435b7171e645dd9eb747929a5040a82b092b6a13213a6e378c3,2019-03,North Yorkshire Police,North Yorkshire Police,-1.050074,53.960355,On or near Woodhouse Grove,E01013381,York 014A,Violence and sexual offences,Under investigation,
89f38f31c4ee99a142a1367b56076b4a25ca10be4abbbe98342230c18291a188,2019-03,North Yorkshire Police,North Yorkshire Police,-1.050491,53.961455,On or near Ingleton Walk,E01013381,York 014A,Violence and sexual offences,Under investigation,
7baf30614df9be2feb47952e599ea3e0168bdea086f7a9dc5c037735bb7866ff,2019-03,North Yorkshire Police,North Yorkshire Police,-1.050491,53.961455,On or near Ingleton Walk,E01013381,York 014A,Violence and sexual offences,Unable to prosecute suspect,
41b1985fe483f54e93b345f2e036bdca4b3ae0afeb6a577f8de6fbe7e49b77e9,2019-03,North Yorkshire Police,North Yorkshire Police,-1.050491,53.961455,On or near Ingleton Walk,E01013381,York 014A,Violence and sexual offences,Under investigation,
,2019-03,North Yorkshire Police,North Yorkshire Police,-1.044222,53.952318,On or near Beaufort Close,E01013402,York 014B,Anti-social behaviour,,
,2019-03,North Yorkshire Police,North Yorkshire Police,-1.036462,53.952463,On or near Vanbrugh Drive,E01013402,York 014B,Anti-social behaviour,,
,2019-03,North Yorkshire Police,North Yorkshire Police,-1.040622,53.951121,On or near Sports/Recreation Area,E01013402,York 014B,Anti-social behaviour,,
a2f17ef445d761bedd395e0bbfd7f6a33f8390aca9206b591866e765649599d2,2019-03,North Yorkshire Police,North Yorkshire Police,-1.034007,53.951859,On or near Deramore Drive,E01013402,York 014B,Violence and sexual offences,Under investigation,
5bf32a483bedd4c67aa182fe4fdd1ced8fcdee30f42ffabfa85c7c1c689ef9df,2019-03,North Yorkshire Police,North Yorkshire Police,-1.040622,53.951121,On or near Sports/Recreation Area,E01013402,York 014B,Violence and sexual offences,Further investigation is not in the public interest,
d514cfd8fa2a120ab435cd5960406cdebbcbad3785e8747818fc7a2d73bbbe76,2019-03,North Yorkshire Police,North Yorkshire Police,-1.040622,53.951121,On or near Sports/Recreation Area,E01013402,York 014B,Other crime,Further investigation is not in the public interest,
,2019-03,North Yorkshire Police,North Yorkshire Police,-1.037552,53.959401,On or near Moat Field,E01013419,York 014C,Anti-social behaviour,,
7d9ede27aa6090f18e2a1e7ed157376ae4713095e594dfd15518e814847ee390,2019-03,North Yorkshire Police,North Yorkshire Police,-1.007022,53.962056,On or near Fryors Close,E01013419,York 014C,Burglary,Investigation complete; no suspect identified,
254462d811fbf49ce27f3bde69a85d3cbdfbda361168c3ca3343c87bc8e81bb5,2019-03,North Yorkshire Police,North Yorkshire Police,-1.033760,53.956620,On or near Thirkleby Way,E01013419,York 014C,Shoplifting,Under investigation,
800509da280ca64083131772b2e5bdca5f5082a2d5b4dde914f1012384f0cad5,2019-03,North Yorkshire Police,North Yorkshire Police,-1.007022,53.962056,On or near Fryors Close,E01013419,York 014C,Vehicle crime,Under investigation,
0d74dd9defd8d5428be147849ca5b6899a6f50add741c256ebea803a56a19c17,2019-03,North Yorkshire Police,North Yorkshire Police,-1.037552,53.959401,On or near Moat Field,E01013419,York 014C,Violence and sexual offences,Under investigation,
cffccce7e052b130ba1049f0712c31b2f0d550ae22f444a0d38c056498ec1466,2019-03,North Yorkshire Police,North Yorkshire Police,-1.026773,53.965426,On or near Outgang Lane,E01013419,York 014C,Violence and sexual offences,Unable to prosecute suspect,
7b73065cc0eff822555ae37aa1831999ca06416104f521a477b71e629b117886,2019-03,North Yorkshire Police,North Yorkshire Police,-1.009948,53.965936,On or near Blue Coat,E01013419,York 014C,Other crime,Action to be taken by another organisation,
,2019-03,North Yorkshire Police,North Yorkshire Police,-1.030959,53.957164,On or near Tranby Avenue,E01013420,York 014D,Anti-social behaviour,,
7218c519dd411f3ab71fabf526f1998d324f051b805a9f05ea1f3a9b9ba7b647,2019-03,North Yorkshire Police,North Yorkshire Police,-1.029982,53.958549,On or near Kirkdale Road,E01013420,York 014D,Bicycle theft,Under investigation,
853f2e8c2423dfac8af0c307f15f3ac048b087e971d9575a428495a9ff315687,2019-03,North Yorkshire Police,North Yorkshire Police,-1.030169,53.954398,On or near Tranby Avenue,E01013420,York 014D,Burglary,Investigation complete; no suspect identified,
ff7b93eb75aab277f069f269ec24a9eb1d24ba68187cd44fcdb854a7072c8dd0,2019-03,North Yorkshire Police,North Yorkshire Police,-1.029041,53.959674,On or near Murton Way,E01013420,York 014D,Criminal damage and arson,Under investigation,
397b3b37ce1981ac3b809ced226f3e486934e6103c9d2768b370514c678c80d6,2019-03,North Yorkshire Police,North Yorkshire Police,-1.038070,53.954767,On or near Nursery Gardens,E01013420,York 014D,Drugs,Offender fined,
8d99a0d8eb2f7b9d3a0003b8da04859c3069872583cc6a9d4629ae3555918ed5,2019-03,North Yorkshire Police,North Yorkshire Police,-1.038070,53.954767,On or near Nursery Gardens,E01013420,York 014D,Violence and sexual offences,Action to be taken by another organisation,
,2019-03,North Yorkshire Police,North Yorkshire Police,-1.055794,53.962818,On or near Hornby Court,E01013384,York 015A,Anti-social behaviour,,
a5ebb7ca1321db725a2401e08bfb5c77cc1edc3df93aeb129423592b9797f9ad,2019-03,North Yorkshire Police,North Yorkshire Police,-1.057740,53.960352,On or near Fifth Avenue,E01013384,York 015A,Burglary,Investigation complete; no suspect identified,
72f6ecac302b09a00b6cd21314a5b19bd3da2c017ae1fda99255d7d9326940de,2019-03,North Yorkshire Police,North Yorkshire Police,-1.054246,53.961205,On or near Rockingham Avenue,E01013384,York 015A,Criminal damage and arson,Under investigation,
fe2f6c0fb4f0d5cdc5cfeaedf611aa1d2879628435b09eee9298eb91ba677bef,2019-03,North Yorkshire Police,North Yorkshire Police,-1.056187,53.961652,On or near Cosmo Avenue,E01013384,York 015A,Criminal damage and arson,Investigation complete; no suspect identified,
7d2eb5b68104695b689cc11f34fde1079852812651497723100ded083d69183e,2019-03,North Yorkshire Police,North Yorkshire Police,-1.053549,53.961020,On or near Sterne Avenue,E01013384,York 015A,Criminal damage and arson,Under investigation,
c5ddf01e268dad5360982808b9b1562c843ed969e6be6a57b7c987a51d697480,2019-03,North Yorkshire Police,North Yorkshire Police,-1.053603,53.963987,On or near Holroyd Avenue,E01013384,York 015A,Criminal damage and arson,Investigation complete; no suspect identified,
49c7b335c78bb665b13ee002ac165eddd3d0d8b315f0d6314a222a8c1372d246,2019-03,North Yorkshire Police,North Yorkshire Police,-1.059209,53.961469,On or near Eighth Avenue,E01013384,York 015A,Violence and sexual offences,Under investigation,
a790842259b8ce5a9ecbda687c8eaa1d1c9877a30ce815cad908c9973df3e0b4,2019-03,North Yorkshire Police,North Yorkshire Police,-1.054246,53.961205,On or near Rockingham Avenue,E01013384,York 015A,Violence and sexual offences,Under investigation,
,2019-03,North Yorkshire Police,North Yorkshire Police,-1.041534,53.954579,On or near Carlton Avenue,E01013398,York 015B,Anti-social behaviour,,
490c65ac0af7f223140670f0f063dda91297d1a80114db5475507c0c80ce3040,2019-03,North Yorkshire Police,North Yorkshire Police,-1.043497,53.954676,On or near Woolnough Avenue,E01013398,York 015B,Criminal damage and arson,Unable to prosecute suspect,
cf97d12a03b6f25acbb7b3b865c5f1776a932207ff59df853a695a2ae34c838c,2019-03,North Yorkshire Police,North Yorkshire Police,-1.045434,53.957945,On or near Moore Avenue,E01013398,York 015B,Criminal damage and arson,Under investigation,
ec0264ce1f133df6dff5aa697c2d349a1fc4379dcdd6f8bf2142d91e03515e8e,2019-03,North Yorkshire Police,North Yorkshire Police,-1.043880,53.957259,On or near Old School Close,E01013398,York 015B,Vehicle crime,Investigation complete; no suspect identified,
,2019-03,North Yorkshire Police,North Yorkshire Police,-1.056697,53.957935,On or near Hewley Avenue,E01013399,York 015C,Anti-social behaviour,,
,2019-03,North Yorkshire Police,North Yorkshire Police,-1.052857,53.957905,On or near Welborn Close,E01013399,York 015C,Anti-social behaviour,,
,2019-03,North Yorkshire Police,North Yorkshire Police,-1.055851,53.957605,On or near Burlington Avenue,E01013399,York 015C,Anti-social behaviour,,
,2019-03,North Yorkshire Police,North Yorkshire Police,-1.055851,53.957605,On or near Burlington Avenue,E01013399,York 015C,Anti-social behaviour,,
,2019-03,North Yorkshire Police,North Yorkshire Police,-1.055851,53.957605,On or near Burlington Avenue,E01013399,York 015C,Anti-social behaviour,,
,2019-03,North Yorkshire Police,North Yorkshire Police,-1.053318,53.958421,On or near Etty Avenue,E01013399,York 015C,Anti-social behaviour,,
,2019-03,North Yorkshire Police,North Yorkshire Police,-1.055851,53.957605,On or near Burlington Avenue,E01013399,York 015C,Anti-social behaviour,,
,2019-03,North Yorkshire Police,North Yorkshire Police,-1.053318,53.958421,On or near Etty Avenue,E01013399,York 015C,Anti-social behaviour,,
,2019-03,North Yorkshire Police,North Yorkshire Police,-1.055851,53.957605,On or near Burlington Avenue,E01013399,York 015C,Anti-social behaviour,,
,2019-03,North Yorkshire Police,North Yorkshire Police,-1.053318,53.958421,On or near Etty Avenue,E01013399,York 015C,Anti-social behaviour,,
,2019-03,North Yorkshire Police,North Yorkshire Police,-1.055851,53.957605,On or near Burlington Avenue,E01013399,York 015C,Anti-social behaviour,,
,2019-03,North Yorkshire Police,North Yorkshire Police,-1.053318,53.958421,On or near Etty Avenue,E01013399,York 015C,Anti-social behaviour,,
,2019-03,North Yorkshire Police,North Yorkshire Police,-1.056697,53.957935,On or near Hewley Avenue,E01013399,York 015C,Anti-social behaviour,,
20a4a7ded2ab0d3c5426c3dfd8275788e1d31453defe585960566e75efd17b14,2019-03,North Yorkshire Police,North Yorkshire Police,-1.053318,53.958421,On or near Etty Avenue,E01013399,York 015C,Burglary,Investigation complete; no suspect identified,
fb256ce932347667202f85941efa299437b6f828cadc30231060d40611ab4a8f,2019-03,North Yorkshire Police,North Yorkshire Police,-1.053318,53.958421,On or near Etty Avenue,E01013399,York 015C,Criminal damage and arson,Under investigation,
584452ef9b3113e10f33985c870ab3831dcfacf3d5a18d9673059bed5bce5994,2019-03,North Yorkshire Police,North Yorkshire Police,-1.053318,53.958421,On or near Etty Avenue,E01013399,York 015C,Other theft,Under investigation,
762ff4df395a9f18b98a6f200e1e61634cff9e6652aac15e4c3bc710fda68a6c,2019-03,North Yorkshire Police,North Yorkshire Police,-1.055851,53.957605,On or near Burlington Avenue,E01013399,York 015C,Public order,Under investigation,
69dfdb5c11ff406a29ced83357037d9171dd225044131b8f704de4bf8643e104,2019-03,North Yorkshire Police,North Yorkshire Police,-1.055851,53.957605,On or near Burlington Avenue,E01013399,York 015C,Public order,Under investigation,
e9f5cd1abff3caab02e74bdd46e1ff1687120ba9a64c57e545bf549b51597749,2019-03,North Yorkshire Police,North Yorkshire Police,-1.052857,53.957905,On or near Welborn Close,E01013399,York 015C,Vehicle crime,Under investigation,
919ab020b28d12908f08a83302ccf688fb065d1b5d6ee4d787428fd9c84280ab,2019-03,North Yorkshire Police,North Yorkshire Police,-1.053318,53.958421,On or near Etty Avenue,E01013399,York 015C,Violence and sexual offences,Under investigation,
71a03c60dac0e41e17bde4f3b148b43cc987bca2b3b213ddaae7ad3107aed77f,2019-03,North Yorkshire Police,North Yorkshire Police,-1.053318,53.958421,On or near Etty Avenue,E01013399,York 015C,Violence and sexual offences,Under investigation,
2c868060acf161350e38b4ab30f452d3ce43db2c42cd5f27e2fad4dfd4985904,2019-03,North Yorkshire Police,North Yorkshire Police,-1.055851,53.957605,On or near Burlington Avenue,E01013399,York 015C,Violence and sexual offences,Under investigation,
bb982fd501361bc7e8069eb8aa3f4a9d0e04a5b2e48569711a46e11552c581aa,2019-03,North Yorkshire Police,North Yorkshire Police,-1.059579,53.957859,On or near Rawdon Avenue,E01013399,York 015C,Violence and sexual offences,Under investigation,
0c2b2a8b7ea2c55038ea1ce871721d3c5d05a17fe618ed3b974dbeedb51846c8,2019-03,North Yorkshire Police,North Yorkshire Police,-1.059579,53.957859,On or near Rawdon Avenue,E01013399,York 015C,Violence and sexual offences,Under investigation,
074ba08ee4bc21f50633e732a1401005c92d1fe7692de24ffb1ef31311f96025,2019-03,North Yorkshire Police,North Yorkshire Police,-1.053318,53.958421,On or near Etty Avenue,E01013399,York 015C,Other crime,Under investigation,
,2019-03,North Yorkshire Police,North Yorkshire Police,-1.056755,53.954718,On or near Millfield Avenue,E01013400,York 015D,Anti-social behaviour,,
,2019-03,North Yorkshire Police,North Yorkshire Police,-1.057807,53.953998,On or near Hull Road,E01013400,York 015D,Anti-social behaviour,,
,2019-03,North Yorkshire Police,North Yorkshire Police,-1.056755,53.954718,On or near Millfield Avenue,E01013400,York 015D,Anti-social behaviour,,
,2019-03,North Yorkshire Police,North Yorkshire Police,-1.058716,53.956953,On or near Melrosegate,E01013400,York 015D,Anti-social behaviour,,
,2019-03,North Yorkshire Police,North Yorkshire Police,-1.059469,53.956006,On or near Beckside Gardens,E01013400,York 015D,Anti-social behaviour,,
,2019-03,North Yorkshire Police,North Yorkshire Police,-1.059469,53.956006,On or near Beckside Gardens,E01013400,York 015D,Anti-social behaviour,,
24eed499e0ec1f5a53ed565ea260d9a871b02db3d52a309d6352cd8bddc66cc5,2019-03,North Yorkshire Police,North Yorkshire Police,-1.063619,53.955095,On or near Milton Street,E01013400,York 015D,Bicycle theft,Investigation complete; no suspect identified,
40ae8cb76987937f8bd5c83fa7da3cc968a8091e0bf36a7eb01fe9d29dd8fc05,2019-03,North Yorkshire Police,North Yorkshire Police,-1.057807,53.953998,On or near Hull Road,E01013400,York 015D,Criminal damage and arson,Under investigation,
8aee77208782d09b87da4ce425d03270c1cd7e02409e95956b7af9c7652feb92,2019-03,North Yorkshire Police,North Yorkshire Police,-1.063063,53.956124,On or near Bull Lane,E01013400,York 015D,Other theft,Under investigation,
a522c98e10404a9cd0f701eca89ea46670176a13158cb100df4f49e87815f8a9,2019-03,North Yorkshire Police,North Yorkshire Police,-1.058716,53.956953,On or near Melrosegate,E01013400,York 015D,Shoplifting,Investigation complete; no suspect identified,
a3e889b129985ba29b411903175f0c51754737081f271d286ce7e9af6e9c827d,2019-03,North Yorkshire Police,North Yorkshire Police,-1.060116,53.954987,On or near Abbotsford Road,E01013400,York 015D,Violence and sexual offences,Unable to prosecute suspect,
262b869dc78fbca806f769b2afa31c0cd5ca6c2e1b336937c76a58d719b484a3,2019-03,North Yorkshire Police,North Yorkshire Police,-1.063063,53.956124,On or near Bull Lane,E01013400,York 015D,Violence and sexual offences,Under investigation,
1849d7431e1bbf0365ec1203d0a2af70fdfd9112df3bf7716ad0b27d7f1eb049,2019-03,North Yorkshire Police,North Yorkshire Police,-1.061322,53.955589,On or near Olympian Court,E01013400,York 015D,Violence and sexual offences,Under investigation,
,2019-03,North Yorkshire Police,North Yorkshire Police,-1.048723,53.958762,On or near St Hilda'S Mews,E01013401,York 015E,Anti-social behaviour,,
,2019-03,North Yorkshire Police,North Yorkshire Police,-1.054110,53.959119,On or near Constantine Avenue,E01013401,York 015E,Anti-social behaviour,,
,2019-03,North Yorkshire Police,North Yorkshire Police,-1.045522,53.959438,On or near Grasmere Drive,E01013401,York 015E,Anti-social behaviour,,
,2019-03,North Yorkshire Police,North Yorkshire Police,-1.048219,53.956781,On or near Tang Hall Lane,E01013401,York 015E,Anti-social behaviour,,
,2019-03,North Yorkshire Police,North Yorkshire Police,-1.049462,53.959083,On or near Supermarket,E01013401,York 015E,Anti-social behaviour,,
,2019-03,North Yorkshire Police,North Yorkshire Police,-1.047280,53.959218,On or near Ingleborough Avenue,E01013401,York 015E,Anti-social behaviour,,
1701621ae33fca112f1c606831c1da02f290ce13f6019d8fbf656ca5509f5ea7,2019-03,North Yorkshire Police,North Yorkshire Police,-1.048937,53.959402,On or near Lang Avenue,E01013401,York 015E,Burglary,Investigation complete; no suspect identified,
c015f58981297d1395efff55e17b379d23cb438f97325174379d37a9fa51844b,2019-03,North Yorkshire Police,North Yorkshire Police,-1.048937,53.959402,On or near Lang Avenue,E01013401,York 015E,Other theft,Investigation complete; no suspect identified,
2dcc0920701b60a1055af9dbc604fd2884be694a60436f0d774f992e16f2c912,2019-03,North Yorkshire Police,North Yorkshire Police,-1.048723,53.958762,On or near St Hilda'S Mews,E01013401,York 015E,Violence and sexual offences,Under investigation,
4658ad94d13185d9647fd64381f43d8bd6b04bd5c3f6465187d79d910371422a,2019-03,North Yorkshire Police,North Yorkshire Police,-1.045522,53.959438,On or near Grasmere Drive,E01013401,York 015E,Violence and sexual offences,Unable to prosecute suspect,
b62e05b332c44c01d6124f03fa26024cc8a927f392856bbed584b253dda5b1d1,2019-03,North Yorkshire Police,North Yorkshire Police,-1.045522,53.959438,On or near Grasmere Drive,E01013401,York 015E,Violence and sexual offences,Unable to prosecute suspect,
e38574749f974347447f63154785efe8693ff8d518693e66197038e302429ff5,2019-03,North Yorkshire Police,North Yorkshire Police,-1.051827,53.955614,On or near Millfield Lane,E01013401,York 015E,Violence and sexual offences,Under investigation,
,2019-03,North Yorkshire Police,North Yorkshire Police,-1.053669,53.953031,On or near Lamel Street,E01013403,York 015F,Anti-social behaviour,,
,2019-03,North Yorkshire Police,North Yorkshire Police,-1.057313,53.952925,On or near Barstow Avenue,E01013403,York 015F,Anti-social behaviour,,
,2019-03,North Yorkshire Police,North Yorkshire Police,-1.056032,53.951602,On or near Newland Park Drive,E01013403,York 015F,Anti-social behaviour,,
,2019-03,North Yorkshire Police,North Yorkshire Police,-1.057313,53.952925,On or near Barstow Avenue,E01013403,York 015F,Anti-social behaviour,,
0fa88d5edd5c2a41ca6f12d0dde691b144313912641709464e7f861e4eb3419a,2019-03,North Yorkshire Police,North Yorkshire Police,-1.056032,53.951602,On or near Newland Park Drive,E01013403,York 015F,Burglary,Under investigation,
febf1e937d21b7cca98fac7d9da282a3717feb68be611528e17075ebbd3141e2,2019-03,North Yorkshire Police,North Yorkshire Police,-1.053669,53.953031,On or near Lamel Street,E01013403,York 015F,Shoplifting,Investigation complete; no suspect identified,
d1205ef0961a3490cf3bfd889d06452b81522ca23ca1f34a78ce9bc639e0eb94,2019-03,North Yorkshire Police,North Yorkshire Police,-1.053669,53.953031,On or near Lamel Street,E01013403,York 015F,Shoplifting,Offender sent to prison,
5599e10eea960600cd4b1170b5f901b5044b7e3f0c97640f217f49fb42430f63,2019-03,North Yorkshire Police,North Yorkshire Police,-1.053669,53.953031,On or near Lamel Street,E01013403,York 015F,Shoplifting,Awaiting court outcome,
d8f0d7bb41836f781c6843dc0f9cc7f60ca797f5f0c85dc4936a914562c5723a,2019-03,North Yorkshire Police,North Yorkshire Police,-1.053669,53.953031,On or near Lamel Street,E01013403,York 015F,Shoplifting,Under investigation,
afb3fbd89003491f06a4dab7dc1db150be614c6b096337efbb30823f5e0e5687,2019-03,North Yorkshire Police,North Yorkshire Police,-1.053669,53.953031,On or near Lamel Street,E01013403,York 015F,Shoplifting,Under investigation,
d80370ea039361f2160be2fc0124b52086ec92a5fb8528be914627e5f8f2fddc,2019-03,North Yorkshire Police,North Yorkshire Police,-1.053669,53.953031,On or near Lamel Street,E01013403,York 015F,Shoplifting,Under investigation,
942ae839a6c1412219f119a75d0c311af1a4470469ad5380bb1d33ec0c71aed8,2019-03,North Yorkshire Police,North Yorkshire Police,-1.053669,53.953031,On or near Lamel Street,E01013403,York 015F,Shoplifting,Under investigation,
5e7a2d224c6eb7f337f93f79a9c309f7e39c046e14cd496e8bc71274cfe5e963,2019-03,North Yorkshire Police,North Yorkshire Police,-1.052544,53.953570,On or near Cycle Street,E01013403,York 015F,Violence and sexual offences,Under investigation,
b6167c2fa03cb416ae8a5244e7192e1301c28c1023f02266b9d9b42c1855db5d,2019-03,North Yorkshire Police,North Yorkshire Police,-1.052544,53.953570,On or near Cycle Street,E01013403,York 015F,Violence and sexual offences,Under investigation,
,2019-03,North Yorkshire Police,North Yorkshire Police,-1.114708,53.960552,On or near Chatsworth Terrace,E01013393,York 016A,Anti-social behaviour,,
,2019-03,North Yorkshire Police,North Yorkshire Police,-1.116023,53.961784,On or near Berkeley Terrace,E01013393,York 016A,Anti-social behaviour,,
a961258b5f8ec319536e45137b13d1017121db804b0ce20cda8ace5579fcdc1f,2019-03,North Yorkshire Police,North Yorkshire Police,-1.115121,53.959764,On or near Dilys Grove,E01013393,York 016A,Violence and sexual offences,Under investigation,
f1685f82ea52935f90c9fff73c7ba2f3f568ecfa625bb869fd5d7c9f4f4fd5a7,2019-03,North Yorkshire Police,North Yorkshire Police,-1.115289,53.961185,On or near Amberley Street,E01013393,York 016A,Violence and sexual offences,Unable to prosecute suspect,
8f66ccb73fd27075fc2f96ac509f176e6e463c16d72f3192f5cb6aa467a73c38,2019-03,North Yorkshire Police,North Yorkshire Police,-1.111603,53.960349,On or near Renshaw Gardens,E01013393,York 016A,Violence and sexual offences,Unable to prosecute suspect,
,2019-03,North Yorkshire Police,North Yorkshire Police,-1.120720,53.958753,On or near Sowerby Road,E01013394,York 016B,Anti-social behaviour,,
,2019-03,North Yorkshire Police,North Yorkshire Police,-1.116372,53.957517,On or near Burnsall Drive,E01013394,York 016B,Anti-social behaviour,,
,2019-03,North Yorkshire Police,North Yorkshire Police,-1.118593,53.956985,On or near Baildon Close,E01013394,York 016B,Anti-social behaviour,,
,2019-03,North Yorkshire Police,North Yorkshire Police,-1.120720,53.958753,On or near Sowerby Road,E01013394,York 016B,Anti-social behaviour,,
,2019-03,North Yorkshire Police,North Yorkshire Police,-1.119425,53.957306,On or near Pately Place,E01013394,York 016B,Anti-social behaviour,,
,2019-03,North Yorkshire Police,North Yorkshire Police,-1.118593,53.956985,On or near Baildon Close,E01013394,York 016B,Anti-social behaviour,,
42c0985b9d7dd1293aeb7ba76e5d83a1ab57464cdcf8ac182b1da70cba8b8426,2019-03,North Yorkshire Police,North Yorkshire Police,-1.121062,53.959897,On or near Malvern Avenue,E01013394,York 016B,Burglary,Investigation complete; no suspect identified,
dd60281fa82f51d9895c0ecf499370171819f7510e3cfb37e1ced2eb505f51e7,2019-03,North Yorkshire Police,North Yorkshire Police,-1.116037,53.962575,On or near Boroughbridge Road,E01013394,York 016B,Criminal damage and arson,Under investigation,
c9502b7e1939aa73f5a8f4371ebedd90f60bba31ec6bcdef73488bdb5ae3160f,2019-03,North Yorkshire Police,North Yorkshire Police,-1.122093,53.957981,On or near Severus Avenue,E01013394,York 016B,Robbery,Under investigation,
598b782f1be5798a01cc068d022fa5ef4446954d6235328617bea98ed51b17b7,2019-03,North Yorkshire Police,North Yorkshire Police,-1.118150,53.960649,On or near Lindsey Avenue,E01013394,York 016B,Violence and sexual offences,Under investigation,
54dd29b3370977c423c3b08dd0894c73cdda85ecf081d19c629d7a03918b357a,2019-03,North Yorkshire Police,North Yorkshire Police,-1.116963,53.958393,On or near Bouthwaite Drive,E01013394,York 016B,Violence and sexual offences,Under investigation,
,2019-03,North Yorkshire Police,North Yorkshire Police,-1.107193,53.954896,On or near Falconer Street,E01013395,York 016C,Anti-social behaviour,,
,2019-03,North Yorkshire Police,North Yorkshire Police,-1.107193,53.954896,On or near Falconer Street,E01013395,York 016C,Anti-social behaviour,,
,2019-03,North Yorkshire Police,North Yorkshire Police,-1.107193,53.954896,On or near Falconer Street,E01013395,York 016C,Anti-social behaviour,,
,2019-03,North Yorkshire Police,North Yorkshire Police,-1.107193,53.954896,On or near Falconer Street,E01013395,York 016C,Anti-social behaviour,,
,2019-03,North Yorkshire Police,North Yorkshire Police,-1.107193,53.954896,On or near Falconer Street,E01013395,York 016C,Anti-social behaviour,,
97b413753b1af4bcd06507225e1efb317e410216d1103fe3c8cde880761ad2c7,2019-03,North Yorkshire Police,North Yorkshire Police,-1.107193,53.954896,On or near Falconer Street,E01013395,York 016C,Bicycle theft,Investigation complete; no suspect identified,
ecae6f7768c32805f40360de70dfd9e8139b1bc1ad7b2c2ed815d4ee4b347366,2019-03,North Yorkshire Police,North Yorkshire Police,-1.107466,53.954943,On or near Park Lane,E01013395,York 016C,Burglary,Investigation complete; no suspect identified,
7a30ebbaaa85d2aca646515e048be401803ff1a6086bd56de61cd964125ce510,2019-03,North Yorkshire Police,North Yorkshire Police,-1.107466,53.954943,On or near Park Lane,E01013395,York 016C,Shoplifting,Under investigation,
dd6ebe33cdb77455fbfc89b464bb6f4a003d910e95e1bdc1753c77fa25ae5cb6,2019-03,North Yorkshire Police,North Yorkshire Police,-1.107466,53.954943,On or near Park Lane,E01013395,York 016C,Shoplifting,Investigation complete; no suspect identified,
d404ce4e14c7e8a3128538d6d42c3b74ace4dbe708d898d6f255ab2baf855daa,2019-03,North Yorkshire Police,North Yorkshire Police,-1.107466,53.954943,On or near Park Lane,E01013395,York 016C,Shoplifting,Under investigation,
383640d9ebf7d2406c2732128f84f5529e924ebb2ee4a03e2016cac493776212,2019-03,North Yorkshire Police,North Yorkshire Police,-1.107466,53.954943,On or near Park Lane,E01013395,York 016C,Shoplifting,Under investigation,
cb0619dbb75d0168508596a24313ab83c54d69c2fe0f7ba27651c154ce1d58cc,2019-03,North Yorkshire Police,North Yorkshire Police,-1.107193,53.954896,On or near Falconer Street,E01013395,York 016C,Theft from the person,Investigation complete; no suspect identified,
,2019-03,North Yorkshire Police,North Yorkshire Police,-1.114119,53.952386,On or near Nursery Drive,E01013396,York 016D,Anti-social behaviour,,
,2019-03,North Yorkshire Police,North Yorkshire Police,-1.117056,53.951859,On or near Hamilton Drive West,E01013396,York 016D,Anti-social behaviour,,
18372b966bc31b9c6c476b17d6889767a7c2b7e5c761d4c7d7b2afacd26f226f,2019-03,North Yorkshire Police,North Yorkshire Police,-1.114086,53.957536,On or near Grantham Drive,E01013396,York 016D,Vehicle crime,Investigation complete; no suspect identified,
296272431a26fa9cabb99e5951362548ad2c81ac5a34255f56d66d9a0e6e4d02,2019-03,North Yorkshire Police,North Yorkshire Police,-1.115453,53.954149,On or near Parkside Close,E01013396,York 016D,Violence and sexual offences,Under investigation,
664c21a5a344e9e34474e182f354514dda39be7389c30ccec6600959e56c906f,2019-03,North Yorkshire Police,North Yorkshire Police,-1.118597,53.956086,On or near Police Station,E01013396,York 016D,Violence and sexual offences,Unable to prosecute suspect,
,2019-03,North Yorkshire Police,North Yorkshire Police,-1.125438,53.955426,On or near Cross Street,E01013441,York 016E,Anti-social behaviour,,
,2019-03,North Yorkshire Police,North Yorkshire Police,-1.123433,53.955097,On or near Beaconsfield Street,E01013441,York 016E,Anti-social behaviour,,
,2019-03,North Yorkshire Police,North Yorkshire Police,-1.123433,53.955097,On or near Beaconsfield Street,E01013441,York 016E,Anti-social behaviour,,
,2019-03,North Yorkshire Police,North Yorkshire Police,-1.125438,53.955426,On or near Cross Street,E01013441,York 016E,Anti-social behaviour,,
,2019-03,North Yorkshire Police,North Yorkshire Police,-1.118953,53.951469,On or near Hamilton Drive West,E01013441,York 016E,Anti-social behaviour,,
,2019-03,North Yorkshire Police,North Yorkshire Police,-1.120922,53.952041,On or near Kingsthorpe,E01013441,York 016E,Anti-social behaviour,,
,2019-03,North Yorkshire Police,North Yorkshire Police,-1.123433,53.955097,On or near Beaconsfield Street,E01013441,York 016E,Anti-social behaviour,,
,2019-03,North Yorkshire Police,North Yorkshire Police,-1.118953,53.951469,On or near Hamilton Drive West,E01013441,York 016E,Anti-social behaviour,,
a694fca1454d2a194c9b3f7d2137382505c43d5527ea7f66011f7e9a1b432bf7,2019-03,North Yorkshire Police,North Yorkshire Police,-1.123119,53.953360,On or near Harold Court,E01013441,York 016E,Burglary,Under investigation,
8a20e7cf546e848b8792fe39a18cf0b93e6443e598824cc40390542c5b8450aa,2019-03,North Yorkshire Police,North Yorkshire Police,-1.121217,53.956132,On or near York Road,E01013441,York 016E,Burglary,Under investigation,
72e4a1b0bd11b3111a89d05c27afea96050ad16fe2b36321cbbc32490efe4b1e,2019-03,North Yorkshire Police,North Yorkshire Police,-1.123433,53.955097,On or near Beaconsfield Street,E01013441,York 016E,Criminal damage and arson,Investigation complete; no suspect identified,
f9961331f3bc9caee8d7ad2f09e9a53436351164590c99302dcfe43108167d0b,2019-03,North Yorkshire Police,North Yorkshire Police,-1.123433,53.955097,On or near Beaconsfield Street,E01013441,York 016E,Criminal damage and arson,Investigation complete; no suspect identified,
3c3629f8933aed025269106b0aba3613560861651d8b378b8b11c8c7e21d081e,2019-03,North Yorkshire Police,North Yorkshire Police,-1.124349,53.955050,On or near Beaconsfield Mews,E01013441,York 016E,Criminal damage and arson,Investigation complete; no suspect identified,
d63e950d40d882397e9d6bdf6af38b3a416987d5a5bd693ec5a38463084704a3,2019-03,North Yorkshire Police,North Yorkshire Police,-1.120922,53.952041,On or near Kingsthorpe,E01013441,York 016E,Criminal damage and arson,Under investigation,
55b9c85ff00153a41f96f0ebdf7ac1b5aeed1195d7fac1d09565c6e6e3aaf9db,2019-03,North Yorkshire Police,North Yorkshire Police,-1.118953,53.951469,On or near Hamilton Drive West,E01013441,York 016E,Criminal damage and arson,Under investigation,
6862f525cc9514819b84c8a0c176e5d8be07ec67c6756e2a4272dbe980646deb,2019-03,North Yorkshire Police,North Yorkshire Police,-1.123433,53.955097,On or near Beaconsfield Street,E01013441,York 016E,Shoplifting,Investigation complete; no suspect identified,
2915aa7a8fe4c671d5ecbf4e7b73c4e6e80c5d0f390b8871cbdbdda33e90cb41,2019-03,North Yorkshire Police,North Yorkshire Police,-1.118953,53.951469,On or near Hamilton Drive West,E01013441,York 016E,Shoplifting,Under investigation,
5160d6d4aa945d7014bf2e77e9e7ebc43c673e1da3b32d096cf20e3269f8c120,2019-03,North Yorkshire Police,North Yorkshire Police,-1.118423,53.950629,On or near Queenswood Grove,E01013441,York 016E,Vehicle crime,Unable to prosecute suspect,
003314824ba35b651e53de87f8ea676832147ad24eb88dec926ff5ec268afc2b,2019-03,North Yorkshire Police,North Yorkshire Police,-1.123433,53.955097,On or near Beaconsfield Street,E01013441,York 016E,Violence and sexual offences,Investigation complete; no suspect identified,
1107a363061cdf015612d1ddfc9b54c671b307efb1d6740a6c87243ff19aef01,2019-03,North Yorkshire Police,North Yorkshire Police,-1.123119,53.953360,On or near Harold Court,E01013441,York 016E,Violence and sexual offences,Under investigation,
e2c2cb3d15a12a1fe8301439f23318015f75999f128d9e64efb464541d1fdead,2019-03,North Yorkshire Police,North Yorkshire Police,-1.121217,53.956132,On or near York Road,E01013441,York 016E,Violence and sexual offences,Under investigation,
7ff9be3e908ab22e43863e25de96f8419ce91a51202008b235ea5166f1f08a41,2019-03,North Yorkshire Police,North Yorkshire Police,-1.118423,53.950629,On or near Queenswood Grove,E01013441,York 016E,Violence and sexual offences,Under investigation,
e0c7940c28549533d25a81c80fe65ded3c1e1bcd63f02778368a643e84424300,2019-03,North Yorkshire Police,North Yorkshire Police,-1.123433,53.955097,On or near Beaconsfield Street,E01013441,York 016E,Violence and sexual offences,Unable to prosecute suspect,
34e3b03575bef0f906454e28b13a68c40c3a400a21dd6833b543fb9175b7853b,2019-03,North Yorkshire Police,North Yorkshire Police,-1.123119,53.953360,On or near Harold Court,E01013441,York 016E,Violence and sexual offences,Under investigation,
,2019-03,North Yorkshire Police,North Yorkshire Police,-1.125477,53.948479,On or near Danesfort Avenue,E01013445,York 016F,Anti-social behaviour,,
,2019-03,North Yorkshire Police,North Yorkshire Police,-1.125697,53.954700,On or near Supermarket,E01013445,York 016F,Anti-social behaviour,,
,2019-03,North Yorkshire Police,North Yorkshire Police,-1.125697,53.954700,On or near Supermarket,E01013445,York 016F,Anti-social behaviour,,
,2019-03,North Yorkshire Police,North Yorkshire Police,-1.130421,53.954725,On or near The Green,E01013445,York 016F,Anti-social behaviour,,
,2019-03,North Yorkshire Police,North Yorkshire Police,-1.125697,53.954700,On or near Supermarket,E01013445,York 016F,Anti-social behaviour,,
,2019-03,North Yorkshire Police,North Yorkshire Police,-1.128864,53.954130,On or near Front Street,E01013445,York 016F,Anti-social behaviour,,
,2019-03,North Yorkshire Police,North Yorkshire Police,-1.125697,53.954700,On or near Supermarket,E01013445,York 016F,Anti-social behaviour,,
,2019-03,North Yorkshire Police,North Yorkshire Police,-1.125477,53.948479,On or near Danesfort Avenue,E01013445,York 016F,Anti-social behaviour,,
,2019-03,North Yorkshire Police,North Yorkshire Police,-1.129216,53.954788,On or near St Stephens Mews,E01013445,York 016F,Anti-social behaviour,,
,2019-03,North Yorkshire Police,North Yorkshire Police,-1.129216,53.954788,On or near St Stephens Mews,E01013445,York 016F,Anti-social behaviour,,
,2019-03,North Yorkshire Police,North Yorkshire Police,-1.128864,53.954130,On or near Front Street,E01013445,York 016F,Anti-social behaviour,,
,2019-03,North Yorkshire Police,North Yorkshire Police,-1.128864,53.954130,On or near Front Street,E01013445,York 016F,Anti-social behaviour,,
,2019-03,North Yorkshire Police,North Yorkshire Police,-1.125697,53.954700,On or near Supermarket,E01013445,York 016F,Anti-social behaviour,,
,2019-03,North Yorkshire Police,North Yorkshire Police,-1.130421,53.954725,On or near The Green,E01013445,York 016F,Anti-social behaviour,,
,2019-03,North Yorkshire Police,North Yorkshire Police,-1.125697,53.954700,On or near Supermarket,E01013445,York 016F,Anti-social behaviour,,
,2019-03,North Yorkshire Police,North Yorkshire Police,-1.128864,53.954130,On or near Front Street,E01013445,York 016F,Anti-social behaviour,,
,2019-03,North Yorkshire Police,North Yorkshire Police,-1.129677,53.950927,On or near Gale Lane,E01013445,York 016F,Anti-social behaviour,,
,2019-03,North Yorkshire Police,North Yorkshire Police,-1.125697,53.954700,On or near Supermarket,E01013445,York 016F,Anti-social behaviour,,
,2019-03,North Yorkshire Police,North Yorkshire Police,-1.125697,53.954700,On or near Supermarket,E01013445,York 016F,Anti-social behaviour,,
,2019-03,North Yorkshire Police,North Yorkshire Police,-1.122781,53.949861,On or near Stuart Road,E01013445,York 016F,Anti-social behaviour,,
,2019-03,North Yorkshire Police,North Yorkshire Police,-1.130254,53.953241,On or near Chancery Court,E01013445,York 016F,Anti-social behaviour,,
9219e58bd16c27eaab9c13e473d222ebec655da88894e0f2b97faa3f08a8b28a,2019-03,North Yorkshire Police,North Yorkshire Police,-1.125697,53.954700,On or near Supermarket,E01013445,York 016F,Bicycle theft,Under investigation,
55d218e3fd3c3d785cfd534c31026eb16c89bf694df88ba9ee6f3cc99309c031,2019-03,North Yorkshire Police,North Yorkshire Police,-1.123517,53.948923,On or near Danesfort Avenue,E01013445,York 016F,Bicycle theft,Investigation complete; no suspect identified,
eef0f95ac068e341e3a70a16a9941e5d9338ce40a9a62f67b819d98e8458fd1c,2019-03,North Yorkshire Police,North Yorkshire Police,-1.129677,53.950927,On or near Gale Lane,E01013445,York 016F,Burglary,Awaiting court outcome,
beb54f4d0a8ebdd486fa168ab0224b9a978cbaad28cda926d6056f3db52646c1,2019-03,North Yorkshire Police,North Yorkshire Police,-1.129677,53.950927,On or near Gale Lane,E01013445,York 016F,Burglary,Under investigation,
da365a90830a3b17c2d16eff2e6975fedfb78cf6ebdb462697c3c798943821c0,2019-03,North Yorkshire Police,North Yorkshire Police,-1.129216,53.954788,On or near St Stephens Mews,E01013445,York 016F,Criminal damage and arson,Investigation complete; no suspect identified,
950317fb52165e409999402a3f4b85f0aba9754539a9bcb6826987d5e086f9a1,2019-03,North Yorkshire Police,North Yorkshire Police,-1.130254,53.953241,On or near Chancery Court,E01013445,York 016F,Criminal damage and arson,Investigation complete; no suspect identified,
84a9058dfdaef582251527cd50520d4513bef07740046b25baf3ce082f54a7a3,2019-03,North Yorkshire Police,North Yorkshire Police,-1.125477,53.948479,On or near Danesfort Avenue,E01013445,York 016F,Criminal damage and arson,Under investigation,
f1b29e40e474a0701a4993ccf419786a8069425c70911ea886deb1a3be762808,2019-03,North Yorkshire Police,North Yorkshire Police,-1.125697,53.954700,On or near Supermarket,E01013445,York 016F,Drugs,Awaiting court outcome,
f7aeb8e86b8a94cd2586dfa922ad4707fb6a89dfcb7a6b46c6cd85f5aab16477,2019-03,North Yorkshire Police,North Yorkshire Police,-1.124692,53.950315,On or near Tudor Road,E01013445,York 016F,Drugs,Under investigation,
92193a2083c8d3ac61b2c5ece6f30f0109a48bfa490da73bd172d4c69cdf7310,2019-03,North Yorkshire Police,North Yorkshire Police,-1.122781,53.949861,On or near Stuart Road,E01013445,York 016F,Other theft,Investigation complete; no suspect identified,
6345507c71ba2c10c400bc8c0ae13e38ae969e9972b872f59e60757815d304a5,2019-03,North Yorkshire Police,North Yorkshire Police,-1.128864,53.954130,On or near Front Street,E01013445,York 016F,Other theft,Unable to prosecute suspect,
82dd76127153709a7b78d10af50e78385f13f5ffef1bee48a9cf4cb9d72b3db8,2019-03,North Yorkshire Police,North Yorkshire Police,-1.125697,53.954700,On or near Supermarket,E01013445,York 016F,Other theft,Investigation complete; no suspect identified,
13c0ace8375089fb14754889f30ff5a59e1aec3328075d6ebf6ba53a9022d66e,2019-03,North Yorkshire Police,North Yorkshire Police,-1.125697,53.954700,On or near Supermarket,E01013445,York 016F,Public order,Under investigation,
26bcd24caf7fe4ef12173159dd0cb8cb533d2d1c856a474e385a207d322a9c79,2019-03,North Yorkshire Police,North Yorkshire Police,-1.125697,53.954700,On or near Supermarket,E01013445,York 016F,Shoplifting,Awaiting court outcome,
6180569d55bc2bb8956e51e5ee6bc6300047e607b4c0613c014f3c11d55b59af,2019-03,North Yorkshire Police,North Yorkshire Police,-1.125697,53.954700,On or near Supermarket,E01013445,York 016F,Shoplifting,Investigation complete; no suspect identified,
23c8d0e8c8b9c8c83d7cd01359badd7b71aff101518499aef990300ceca7be67,2019-03,North Yorkshire Police,North Yorkshire Police,-1.125697,53.954700,On or near Supermarket,E01013445,York 016F,Shoplifting,Under investigation,
9a379759eea924ded27cd060c953f2c6a519930a10c1a6670a3a1e0f9275ba31,2019-03,North Yorkshire Police,North Yorkshire Police,-1.122781,53.949861,On or near Stuart Road,E01013445,York 016F,Violence and sexual offences,Under investigation,
50e2b8bc9ba17408ffe68939160d2fe1d9fe37a0e365d490f66d2a82da4f622c,2019-03,North Yorkshire Police,North Yorkshire Police,-1.128620,53.952654,On or near Lowfields Drive,E01013445,York 016F,Violence and sexual offences,Awaiting court outcome,
efcc31261b64c7d05bd7eb53d864978a0973c39b20a9fe81b61d53f771aa669b,2019-03,North Yorkshire Police,North Yorkshire Police,-1.124692,53.950315,On or near Tudor Road,E01013445,York 016F,Violence and sexual offences,Under investigation,
,2019-03,North Yorkshire Police,North Yorkshire Police,-1.101857,53.963485,On or near Cinder Lane,E01013390,York 017A,Anti-social behaviour,,
,2019-03,North Yorkshire Police,North Yorkshire Police,-1.105345,53.965048,On or near Carnot Street,E01013390,York 017A,Anti-social behaviour,,
,2019-03,North Yorkshire Police,North Yorkshire Police,-1.105048,53.965396,On or near Rosebery Street,E01013390,York 017A,Anti-social behaviour,,
ed8e763c2d41d040473d7cbceb2ad75050f10cf9e6f4e8b1dea26cfd81523fa5,2019-03,North Yorkshire Police,North Yorkshire Police,-1.104407,53.963999,On or near Jubilee Terrace,E01013390,York 017A,Criminal damage and arson,Investigation complete; no suspect identified,
deab3473bee4bba39bb1b28933704478fbd3ff505c153360ba68256d0791054b,2019-03,North Yorkshire Police,North Yorkshire Police,-1.105938,53.964378,On or near Salisbury Terrace,E01013390,York 017A,Other theft,Unable to prosecute suspect,
b7b95b915c03681f30878b1373f71221ff41496be7c1ab96b924403782ba0497,2019-03,North Yorkshire Police,North Yorkshire Police,-1.105938,53.964378,On or near Salisbury Terrace,E01013390,York 017A,Possession of weapons,Under investigation,
2a0a59961a0c1604f736c16d31f9ebc1c15437e8bd4113c15c23fa11949caf30,2019-03,North Yorkshire Police,North Yorkshire Police,-1.104985,53.963347,On or near Kingsland Terrace,E01013390,York 017A,Public order,Investigation complete; no suspect identified,
8bd3cc5b837d78ec445ba9f698fef5d1cfbe7f63a5bf6cee4e6ee49ab6b5a681,2019-03,North Yorkshire Police,North Yorkshire Police,-1.107246,53.963103,On or near Stamford Street East,E01013390,York 017A,Robbery,Unable to prosecute suspect,
fbeec4df432c405ddf9b5e867ccd8c4c63f741926e1c7b052ec18fc135da4a8f,2019-03,North Yorkshire Police,North Yorkshire Police,-1.104361,53.963297,On or near Brunel Court,E01013390,York 017A,Violence and sexual offences,Under investigation,
4a904d87a12c189ee8cda1952873a501f7a58f31b6aa51bd04d979eda02d1e0f,2019-03,North Yorkshire Police,North Yorkshire Police,-1.104361,53.963297,On or near Brunel Court,E01013390,York 017A,Violence and sexual offences,Under investigation,
cf7f38206b85b0520ef21c26e897578985aa489b984a99e724918f5d5226504e,2019-03,North Yorkshire Police,North Yorkshire Police,-1.107246,53.963103,On or near Stamford Street East,E01013390,York 017A,Violence and sexual offences,Unable to prosecute suspect,
19a024486401b79ac448c50af1b8aadbe475da0234c6920208c1c6f9e27f8b54,2019-03,North Yorkshire Police,North Yorkshire Police,-1.106250,53.965504,On or near Lincoln Street,E01013390,York 017A,Violence and sexual offences,Unable to prosecute suspect,
,2019-03,North Yorkshire Police,North Yorkshire Police,-1.104926,53.954700,On or near Holgate Road,E01013391,York 017B,Anti-social behaviour,,
,2019-03,North Yorkshire Police,North Yorkshire Police,-1.101734,53.961399,On or near Martins Court,E01013391,York 017B,Anti-social behaviour,,
,2019-03,North Yorkshire Police,North Yorkshire Police,-1.109228,53.963091,On or near Stamford Street West,E01013391,York 017B,Anti-social behaviour,,
,2019-03,North Yorkshire Police,North Yorkshire Police,-1.103230,53.961293,On or near Carleton Street,E01013391,York 017B,Anti-social behaviour,,
,2019-03,North Yorkshire Police,North Yorkshire Police,-1.102223,53.960639,On or near Hardisty Mews,E01013391,York 017B,Anti-social behaviour,,
1e9a064c09641c7d2c4727ec0fe1fa83df705571b520a3b1270c5e2a464339f3,2019-03,North Yorkshire Police,North Yorkshire Police,-1.109228,53.963091,On or near Stamford Street West,E01013391,York 017B,Burglary,Investigation complete; no suspect identified,
f3681e596b7e60ee221163bdb79eb35f88fb00be6446f56bfd4193630b0bbb86,2019-03,North Yorkshire Police,North Yorkshire Police,-1.101494,53.960507,On or near Bishopsfields Drive,E01013391,York 017B,Criminal damage and arson,Under investigation,
afd6ad0644291dc48c47769bc97ff7d4402b1a75ba6e0d6df44e642346d0f7b0,2019-03,North Yorkshire Police,North Yorkshire Police,-1.104926,53.954700,On or near Holgate Road,E01013391,York 017B,Violence and sexual offences,Unable to prosecute suspect,
9bb304208befcf673a2654ffe6ade3ee337666ca8582a50255b24bc199e9967e,2019-03,North Yorkshire Police,North Yorkshire Police,-1.102193,53.954940,On or near Enfield Crescent,E01013391,York 017B,Violence and sexual offences,Unable to prosecute suspect,
bc3aa0b53180297d44d9ea02a96bec63124a50a5c2ba935a9b2c30538d08f8cb,2019-03,North Yorkshire Police,North Yorkshire Police,-1.101734,53.961399,On or near Martins Court,E01013391,York 017B,Violence and sexual offences,Unable to prosecute suspect,
,2019-03,North Yorkshire Police,North Yorkshire Police,-1.100159,53.954556,On or near Cecilia Place,E01013397,York 017C,Anti-social behaviour,,
594e258fbb7d95bba3c7d4e64e07a68617e7d6e734ce763b76d7e5f7b524aa6b,2019-03,North Yorkshire Police,North Yorkshire Police,-1.086409,53.948502,On or near Nunthorpe Gardens,E01013413,York 017D,Burglary,Under investigation,
3027c14048e61b44f17816162b826e43dd92c2f1828b73a72e3414a8ee074033,2019-03,North Yorkshire Police,North Yorkshire Police,-1.088664,53.946380,On or near South Bank Avenue,E01013413,York 017D,Burglary,Under investigation,
3a0049ffc8f4265067b06bab6628de75d6933f4ab886313a01eaa71afe0f1bd1,2019-03,North Yorkshire Police,North Yorkshire Police,-1.088933,53.950131,On or near Millfield Road,E01013413,York 017D,Vehicle crime,Under investigation,
,2019-03,North Yorkshire Police,North Yorkshire Police,-1.092314,53.951621,On or near Scarcroft Road,E01013417,York 017E,Anti-social behaviour,,
,2019-03,North Yorkshire Police,North Yorkshire Police,-1.094007,53.949432,On or near Telford Terrace,E01013417,York 017E,Anti-social behaviour,,
,2019-03,North Yorkshire Police,North Yorkshire Police,-1.092314,53.951621,On or near Scarcroft Road,E01013417,York 017E,Anti-social behaviour,,
476b98c5bde304199e05acce8a488ab88ecea6ca1033dbf2ca0f6c246457d0b4,2019-03,North Yorkshire Police,North Yorkshire Police,-1.095362,53.952309,On or near Mill Mount Court,E01013417,York 017E,Bicycle theft,Unable to prosecute suspect,
a19695b95280efe6334b69bf66fdcbc9dd436281ac6abe09f377f85c51997a13,2019-03,North Yorkshire Police,North Yorkshire Police,-1.093092,53.953002,On or near Park Street,E01013417,York 017E,Burglary,Investigation complete; no suspect identified,
54be1137c8600be2f4c92ed552da059b4ec3d093725386294027b5ad2d9eb3f2,2019-03,North Yorkshire Police,North Yorkshire Police,-1.096946,53.953058,On or near Mount Parade,E01013417,York 017E,Burglary,Under investigation,
607d7862eea5afaf1b485d07ce3a10537df0e1466773e283b5f0a4bb357d14f2,2019-03,North Yorkshire Police,North Yorkshire Police,-1.096105,53.953870,On or near Oxford Street,E01013417,York 017E,Criminal damage and arson,Investigation complete; no suspect identified,
9c8a86df1a424d351d7fac32b6da08344ead044166588437332f9b68fb7339c8,2019-03,North Yorkshire Police,North Yorkshire Police,-1.094007,53.949432,On or near Telford Terrace,E01013417,York 017E,Violence and sexual offences,Under investigation,
801b7a3b3e620dad401bcd98179d32c33f88f03d4d030e3ca46900d716055a2f,2019-03,North Yorkshire Police,North Yorkshire Police,-1.098088,53.951692,On or near Driffield Terrace,E01013417,York 017E,Violence and sexual offences,Under investigation,
,2019-03,North Yorkshire Police,North Yorkshire Police,-1.132883,53.953584,On or near Askham Lane,E01013442,York 018A,Anti-social behaviour,,
,2019-03,North Yorkshire Police,North Yorkshire Police,-1.132883,53.953584,On or near Askham Lane,E01013442,York 018A,Anti-social behaviour,,
,2019-03,North Yorkshire Police,North Yorkshire Police,-1.132883,53.953584,On or near Askham Lane,E01013442,York 018A,Anti-social behaviour,,
,2019-03,North Yorkshire Police,North Yorkshire Police,-1.132883,53.953584,On or near Askham Lane,E01013442,York 018A,Anti-social behaviour,,
40c6e22c71af27e2823cb92b810eade82b89b0037689098a9cc296ece3d1c9cd,2019-03,North Yorkshire Police,North Yorkshire Police,-1.135616,53.953325,On or near Rylatt Place,E01013442,York 018A,Burglary,Under investigation,
cbe501234e985e59a884c073340daf6d29d40ae7ad29de4a93673a815901d8e6,2019-03,North Yorkshire Police,North Yorkshire Police,-1.137771,53.952288,On or near Walton Place,E01013442,York 018A,Criminal damage and arson,Investigation complete; no suspect identified,
afaebdd7e29d2f0499f810ef71a8e542b60de1c01f61167a33a08b74fdf0ca8c,2019-03,North Yorkshire Police,North Yorkshire Police,-1.133387,53.955735,On or near Croftside,E01013442,York 018A,Criminal damage and arson,Investigation complete; no suspect identified,
6c06685e627dc71a8e9f990e4b33068c7754b1eb9a1a213ca7ab5f85966e1fd5,2019-03,North Yorkshire Police,North Yorkshire Police,-1.138875,53.952683,On or near Hammerton Close,E01013442,York 018A,Public order,Under investigation,
a138d3a42e9dca27c5bd41c6352a9276e55a5cd08ca46e9fbd88fe58b55f4547,2019-03,North Yorkshire Police,North Yorkshire Police,-1.137771,53.952288,On or near Walton Place,E01013442,York 018A,Vehicle crime,Investigation complete; no suspect identified,
1baa04c173aad055424f37f12a1857b452f44a033ddbd2f7c14096f673d202a0,2019-03,North Yorkshire Police,North Yorkshire Police,-1.138875,53.952683,On or near Hammerton Close,E01013442,York 018A,Violence and sexual offences,Under investigation,
7424bb13443b93e5ceaceb4b4ef24c706d570d7ca36d811ca4b8fa67a99fb9ea,2019-03,North Yorkshire Police,North Yorkshire Police,-1.135889,53.954855,On or near Ridgeway,E01013442,York 018A,Violence and sexual offences,Under investigation,
27b626f871c7c430466ecfa5f3ae883fa79eeef938600537cf4429bfa09560b5,2019-03,North Yorkshire Police,North Yorkshire Police,-1.135889,53.954855,On or near Ridgeway,E01013442,York 018A,Violence and sexual offences,Under investigation,
,2019-03,North Yorkshire Police,North Yorkshire Police,-1.120856,53.945757,On or near Newbury Avenue,E01013443,York 018B,Anti-social behaviour,,
,2019-03,North Yorkshire Police,North Yorkshire Police,-1.120856,53.945757,On or near Newbury Avenue,E01013443,York 018B,Anti-social behaviour,,
,2019-03,North Yorkshire Police,North Yorkshire Police,-1.119293,53.947625,On or near Ashford Place,E01013443,York 018B,Anti-social behaviour,,
,2019-03,North Yorkshire Police,North Yorkshire Police,-1.119803,53.946559,On or near Windsor Garth,E01013443,York 018B,Anti-social behaviour,,
,2019-03,North Yorkshire Police,North Yorkshire Police,-1.119125,53.946194,On or near Kempton Close,E01013443,York 018B,Anti-social behaviour,,
,2019-03,North Yorkshire Police,North Yorkshire Police,-1.120856,53.945757,On or near Newbury Avenue,E01013443,York 018B,Anti-social behaviour,,
,2019-03,North Yorkshire Police,North Yorkshire Police,-1.119125,53.946194,On or near Kempton Close,E01013443,York 018B,Anti-social behaviour,,
,2019-03,North Yorkshire Police,North Yorkshire Police,-1.122983,53.947526,On or near Stuart Road,E01013443,York 018B,Anti-social behaviour,,
,2019-03,North Yorkshire Police,North Yorkshire Police,-1.120856,53.945757,On or near Newbury Avenue,E01013443,York 018B,Anti-social behaviour,,
f07b377a5d6fd0f0556e09dbaf762734627d85bfa254da777c72d622fde40058,2019-03,North Yorkshire Police,North Yorkshire Police,-1.124001,53.945475,On or near Chesney Fields,E01013443,York 018B,Burglary,Investigation complete; no suspect identified,
24b9fda4d326e9c8da2faaa92a2b0cededf34c2844c206a72d5837e4f7c02cb2,2019-03,North Yorkshire Police,North Yorkshire Police,-1.124001,53.945475,On or near Chesney Fields,E01013443,York 018B,Burglary,Investigation complete; no suspect identified,
89611405b8ee61c8c04fed477dd98f5b5ac827c4df65fdabe105baf1502837ef,2019-03,North Yorkshire Police,North Yorkshire Police,-1.119125,53.946194,On or near Kempton Close,E01013443,York 018B,Other theft,Investigation complete; no suspect identified,
29a9c1ef6e072075d722ce43d2449999cc41931d0f4f382166819caccbea7c86,2019-03,North Yorkshire Police,North Yorkshire Police,-1.119125,53.946194,On or near Kempton Close,E01013443,York 018B,Other theft,Under investigation,
7e0d4de065a7fcb5a6dcad8b5b213104ed0619f0bed5a5501140bd00d4c6fc9e,2019-03,North Yorkshire Police,North Yorkshire Police,-1.126209,53.942588,On or near Herman Walk,E01013443,York 018B,Other theft,Investigation complete; no suspect identified,
26809f2a2d693115fe85c07c75bd281f80480124ea4102ff68c9c7415f9b9b11,2019-03,North Yorkshire Police,North Yorkshire Police,-1.122983,53.947526,On or near Stuart Road,E01013443,York 018B,Public order,Under investigation,
7e51027f5550febb1628dcf3ea5d681d7f95218166e71c2b56265fb0577045ca,2019-03,North Yorkshire Police,North Yorkshire Police,-1.124001,53.945475,On or near Chesney Fields,E01013443,York 018B,Public order,Formal action is not in the public interest,
a8c3821f60cd9a264c5c5ceeb16896db4ed66a92e9fa5697a9274c10f83cc3f5,2019-03,North Yorkshire Police,North Yorkshire Police,-1.122983,53.947526,On or near Stuart Road,E01013443,York 018B,Vehicle crime,Investigation complete; no suspect identified,
8729bd5ab2272f04cee3516fc73c62e40209bd6bf2a0b48029315fad2947e460,2019-03,North Yorkshire Police,North Yorkshire Police,-1.120856,53.945757,On or near Newbury Avenue,E01013443,York 018B,Violence and sexual offences,Under investigation,
40ee90b3002dc72d8ab39dae7e36808ba212889ff0eab489d568178261c7fec0,2019-03,North Yorkshire Police,North Yorkshire Police,-1.122983,53.947526,On or near Stuart Road,E01013443,York 018B,Violence and sexual offences,Under investigation,
af0689a8c1bef02031ebd7f282e07f2e1e9c8f3a3ffeafe93b17cc8a359109ad,2019-03,North Yorkshire Police,North Yorkshire Police,-1.124001,53.945475,On or near Chesney Fields,E01013443,York 018B,Violence and sexual offences,Under investigation,
eb6cc1c720d4081e0d5373ac5bfbf9fccb65a5f8b221932692dc2455e63a618a,2019-03,North Yorkshire Police,North Yorkshire Police,-1.120637,53.947482,On or near Ascot Way,E01013443,York 018B,Violence and sexual offences,Under investigation,
,2019-03,North Yorkshire Police,North Yorkshire Police,-1.142899,53.951148,On or near The Wandle,E01013444,York 018C,Anti-social behaviour,,
,2019-03,North Yorkshire Police,North Yorkshire Police,-1.143480,53.954010,On or near Barkston Road,E01013444,York 018C,Anti-social behaviour,,
,2019-03,North Yorkshire Police,North Yorkshire Police,-1.142899,53.951148,On or near The Wandle,E01013444,York 018C,Anti-social behaviour,,
,2019-03,North Yorkshire Police,North Yorkshire Police,-1.142542,53.952925,On or near Barkston Road,E01013444,York 018C,Anti-social behaviour,,
,2019-03,North Yorkshire Police,North Yorkshire Police,-1.139466,53.954305,On or near Bramham Road,E01013444,York 018C,Anti-social behaviour,,
,2019-03,North Yorkshire Police,North Yorkshire Police,-1.139466,53.954305,On or near Bramham Road,E01013444,York 018C,Anti-social behaviour,,
ace54c7c65a973cf3c76a5be1968049105e32853469ab519a937a26655807acc,2019-03,North Yorkshire Police,North Yorkshire Police,-1.142542,53.952925,On or near Barkston Road,E01013444,York 018C,Burglary,Investigation complete; no suspect identified,
5953b57ad84b9ff164581ab63b4152c91eda622446a6e69f852dffe5628a8f96,2019-03,North Yorkshire Police,North Yorkshire Police,-1.142542,53.952925,On or near Barkston Road,E01013444,York 018C,Burglary,Under investigation,
69bc253580d9aa0007b8e82384ce2f4e33744162f402327a341a304e7c8d11d6,2019-03,North Yorkshire Police,North Yorkshire Police,-1.143480,53.954010,On or near Barkston Road,E01013444,York 018C,Criminal damage and arson,Unable to prosecute suspect,
e875379cca4cf1ee11b890ba6f43cd7322a8a607b677beba608ec9a95c03f1ba,2019-03,North Yorkshire Police,North Yorkshire Police,-1.139613,53.953821,On or near Bramham Avenue,E01013444,York 018C,Criminal damage and arson,Under investigation,
5e800333ba7850c07f125b511aa3665ca822ce9bdf65f7c3be0af0fc31333e2c,2019-03,North Yorkshire Police,North Yorkshire Police,-1.139466,53.954305,On or near Bramham Road,E01013444,York 018C,Criminal damage and arson,Investigation complete; no suspect identified,
9242de006c4d5e76b76e60f9f645cf122b5ed800ce18b33296ab25ab023013b4,2019-03,North Yorkshire Police,North Yorkshire Police,-1.139466,53.954305,On or near Bramham Road,E01013444,York 018C,Criminal damage and arson,Under investigation,
d91e3981739972235519cfd2d1f7b580bb23a6c1fbfaace38124706f0c38b623,2019-03,North Yorkshire Police,North Yorkshire Police,-1.143330,53.952427,On or near Hessay Place,E01013444,York 018C,Drugs,Under investigation,
6cf04cb978147d76a5cac4a34c7f1ba111f526928640e0b194568c805b00eeba,2019-03,North Yorkshire Police,North Yorkshire Police,-1.139613,53.953821,On or near Bramham Avenue,E01013444,York 018C,Public order,Under investigation,
831cca291b958095601409da96596d25a71a14ff2ba91f813d205c7338d1e9ec,2019-03,North Yorkshire Police,North Yorkshire Police,-1.138356,53.954198,On or near Marston Crescent,E01013444,York 018C,Violence and sexual offences,Unable to prosecute suspect,
4907e67ddf83c7f80bef45238ba9982eef78b617e7c661a0bef6c445299da3f9,2019-03,North Yorkshire Police,North Yorkshire Police,-1.143943,53.953735,On or near Branton Place,E01013444,York 018C,Violence and sexual offences,Unable to prosecute suspect,
7a74b53ea889c55a865da94b40489006f8454ef4e0ed85dbc88411e585b63c94,2019-03,North Yorkshire Police,North Yorkshire Police,-1.138356,53.954198,On or near Marston Crescent,E01013444,York 018C,Violence and sexual offences,Under investigation,
252a9d348362e1c1f6d3da2ed49588b76257816230a9391cab80d81f0938e061,2019-03,North Yorkshire Police,North Yorkshire Police,-1.142899,53.951148,On or near The Wandle,E01013444,York 018C,Other crime,Offender given community sentence,
,2019-03,North Yorkshire Police,North Yorkshire Police,-1.137926,53.946969,On or near Apple Blossom Court,E01013446,York 018D,Anti-social behaviour,,
,2019-03,North Yorkshire Police,North Yorkshire Police,-1.133518,53.947953,On or near Cornlands Road,E01013446,York 018D,Anti-social behaviour,,
,2019-03,North Yorkshire Police,North Yorkshire Police,-1.138533,53.946344,On or near Cornlands Road,E01013446,York 018D,Anti-social behaviour,,
,2019-03,North Yorkshire Police,North Yorkshire Police,-1.133518,53.947953,On or near Cornlands Road,E01013446,York 018D,Anti-social behaviour,,
,2019-03,North Yorkshire Police,North Yorkshire Police,-1.138533,53.946344,On or near Cornlands Road,E01013446,York 018D,Anti-social behaviour,,
0a2791279589c21c6fba405da3ac50fe8b2db23a6081d9dcdaa6a4a1a0835751,2019-03,North Yorkshire Police,North Yorkshire Police,-1.139565,53.947304,On or near Westfield Place,E01013446,York 018D,Burglary,Investigation complete; no suspect identified,
12da007fceafeecd6471dc6b74dd6d10ea12f74b36ee36002fdf1b7b092dbbba,2019-03,North Yorkshire Police,North Yorkshire Police,-1.134328,53.945595,On or near Tithe Close,E01013446,York 018D,Drugs,Under investigation,
8d2994be1ba42e1bb2598cd593a0654113dafb38b5bec64f7232218fb4e6d586,2019-03,North Yorkshire Police,North Yorkshire Police,-1.132007,53.943663,On or near Fir Heath Close,E01013446,York 018D,Vehicle crime,Investigation complete; no suspect identified,
7c4011fc97714cc3ada5a9d5fe7d0c9794baf4ce1d37914178a3bf4d442f2b91,2019-03,North Yorkshire Police,North Yorkshire Police,-1.139038,53.944757,On or near Minter Close,E01013446,York 018D,Violence and sexual offences,Unable to prosecute suspect,
fb7b404013da239efab6f804943723d54bdbba060d0b44b887b5c742ae50d020,2019-03,North Yorkshire Police,North Yorkshire Police,-1.133596,53.947090,On or near Thoresby Road,E01013446,York 018D,Violence and sexual offences,Unable to prosecute suspect,
c91027f506c0b0de03cb8b528d23d76c88c05a97a54cad4d471184c89d5f8b47,2019-03,North Yorkshire Police,North Yorkshire Police,-1.139038,53.944757,On or near Minter Close,E01013446,York 018D,Violence and sexual offences,Under investigation,
e30ae10a9148e079e4934ff75f775e9ad9fdad3ef549543a4854847ea9c11c24,2019-03,North Yorkshire Police,North Yorkshire Police,-1.133518,53.947953,On or near Cornlands Road,E01013446,York 018D,Violence and sexual offences,Under investigation,
70df75344b2126aed292dd0392fa915288b5ff5d3437ff40991d0bda82a86424,2019-03,North Yorkshire Police,North Yorkshire Police,-1.137926,53.946969,On or near Apple Blossom Court,E01013446,York 018D,Violence and sexual offences,Under investigation,
3fc990a4e5513cd6086a345568e919d1eab90b153f673f48cb3b9f1549f20fcc,2019-03,North Yorkshire Police,North Yorkshire Police,-1.133596,53.947090,On or near Thoresby Road,E01013446,York 018D,Violence and sexual offences,Under investigation,
bc2c54f1c633166b9c95082a67538da82197f7ea1d4aee1ff3b010d6734951ba,2019-03,North Yorkshire Police,North Yorkshire Police,-1.133596,53.947090,On or near Thoresby Road,E01013446,York 018D,Violence and sexual offences,Under investigation,
05508b708929130297deeb28e4d64cd3aa35c5195e3f41700dc7389cf6753c87,2019-03,North Yorkshire Police,North Yorkshire Police,-1.139038,53.944757,On or near Minter Close,E01013446,York 018D,Violence and sexual offences,Unable to prosecute suspect,
,2019-03,North Yorkshire Police,North Yorkshire Police,-1.128553,53.948555,On or near Parking Area,E01013447,York 018E,Anti-social behaviour,,
,2019-03,North Yorkshire Police,North Yorkshire Police,-1.128553,53.948555,On or near Parking Area,E01013447,York 018E,Anti-social behaviour,,
,2019-03,North Yorkshire Police,North Yorkshire Police,-1.124683,53.946388,On or near Clay Place,E01013447,York 018E,Anti-social behaviour,,
5610c052c3659aee8455c75d0abb39f308f29ec338d1ee91d86f4fb5804a5ccf,2019-03,North Yorkshire Police,North Yorkshire Police,-1.124683,53.946388,On or near Clay Place,E01013447,York 018E,Bicycle theft,Under investigation,
16f5cc06119a2ec6b4ddc498b58abac411ff20136187cd826efca28e8af7aa77,2019-03,North Yorkshire Police,North Yorkshire Police,-1.132474,53.946858,On or near The Reeves,E01013447,York 018E,Burglary,Investigation complete; no suspect identified,
5c8fc5c89be523e412d998bcde3f5ecb6ca1655131a7c0e205b0b16a89f124c8,2019-03,North Yorkshire Police,North Yorkshire Police,-1.125619,53.947518,On or near Gale Lane,E01013447,York 018E,Burglary,Under investigation,
c727fdf72909f900920db78b6846a0caf92ffaa8bb3948e97ba88107df357aeb,2019-03,North Yorkshire Police,North Yorkshire Police,-1.124683,53.946388,On or near Clay Place,E01013447,York 018E,Other theft,Unable to prosecute suspect,
8c9d7284ddf4eb217028f53c836ef5921bbcf5ee15a5a71b50719cfa14d40758,2019-03,North Yorkshire Police,North Yorkshire Police,-1.128553,53.948555,On or near Parking Area,E01013447,York 018E,Public order,Offender sent to prison,
00ee940518d4493cd2bc981d001020172362950ee12844eefe4aba1c7680b46e,2019-03,North Yorkshire Police,North Yorkshire Police,-1.124683,53.946388,On or near Clay Place,E01013447,York 018E,Public order,Unable to prosecute suspect,
1353a1cc500cdf930c54a100adf1cadb903b302299a9d0e5bc67ff8bfd26fbe2,2019-03,North Yorkshire Police,North Yorkshire Police,-1.128553,53.948555,On or near Parking Area,E01013447,York 018E,Public order,Unable to prosecute suspect,
b05af90acdb2a52c438c00df7fba2738648ffae1a8b36fac1399190616b69436,2019-03,North Yorkshire Police,North Yorkshire Police,-1.124683,53.946388,On or near Clay Place,E01013447,York 018E,Shoplifting,Under investigation,
2dc044c2225f79218238aa285a48f8679dac0e052fad3e003e1c6bb0d5a88c04,2019-03,North Yorkshire Police,North Yorkshire Police,-1.124683,53.946388,On or near Clay Place,E01013447,York 018E,Shoplifting,Investigation complete; no suspect identified,
5f3a5586b0cb11c4cc439267173319fabd0046ae92d8f0a405b8fa2d451790f9,2019-03,North Yorkshire Police,North Yorkshire Police,-1.128553,53.948555,On or near Parking Area,E01013447,York 018E,Violence and sexual offences,Under investigation,
815f3a3da06bb3db07961970bde2c0eb1b54c02b7e584f3aa440c6749c92200f,2019-03,North Yorkshire Police,North Yorkshire Police,-1.124683,53.946388,On or near Clay Place,E01013447,York 018E,Violence and sexual offences,Unable to prosecute suspect,
1c77723930f52e154fd16d6774e6ee3eab3eac2b736e7331ccc56dbecbac4ff5,2019-03,North Yorkshire Police,North Yorkshire Police,-1.125619,53.947518,On or near Gale Lane,E01013447,York 018E,Violence and sexual offences,Under investigation,
6992b3d444ded262b2d3f8e782ae0720fca4c7d22d1cf4336fee2fec93e0a6ed,2019-03,North Yorkshire Police,North Yorkshire Police,-1.128553,53.948555,On or near Parking Area,E01013447,York 018E,Violence and sexual offences,Under investigation,
1ab062cefb76db0bc2ae617edf80b158554b6f50cc73ae13057b5320cfc9f15b,2019-03,North Yorkshire Police,North Yorkshire Police,-1.130154,53.946292,On or near St Stephen'S Road,E01013447,York 018E,Violence and sexual offences,Under investigation,
cbf08e04b9eea4b1c90030e81aa54052702cfcb2806d95db35cceaff83b3582c,2019-03,North Yorkshire Police,North Yorkshire Police,-1.130154,53.946292,On or near St Stephen'S Road,E01013447,York 018E,Violence and sexual offences,Under investigation,
,2019-03,North Yorkshire Police,North Yorkshire Police,-1.127611,53.940405,On or near Wenham Road,E01013448,York 018F,Anti-social behaviour,,
,2019-03,North Yorkshire Police,North Yorkshire Police,-1.132616,53.942185,On or near Corlett Court,E01013448,York 018F,Anti-social behaviour,,
,2019-03,North Yorkshire Police,North Yorkshire Police,-1.130158,53.940999,On or near Cranfield Place,E01013448,York 018F,Anti-social behaviour,,
,2019-03,North Yorkshire Police,North Yorkshire Police,-1.130158,53.940999,On or near Cranfield Place,E01013448,York 018F,Anti-social behaviour,,
,2019-03,North Yorkshire Police,North Yorkshire Police,-1.128250,53.941902,On or near Bradley Drive,E01013448,York 018F,Anti-social behaviour,,
ede8168d9c531c21b85af45bab55cd02021146ae60137587e2e1429294fdb1d3,2019-03,North Yorkshire Police,North Yorkshire Police,-1.133940,53.941547,On or near Eaton Court,E01013448,York 018F,Criminal damage and arson,Investigation complete; no suspect identified,
ec4bc9882763f0fe9de7fa0a1ec4b043bee58f4df5c1b5c523471fffa97c1c9d,2019-03,North Yorkshire Police,North Yorkshire Police,-1.129356,53.942206,On or near Oldman Court,E01013448,York 018F,Criminal damage and arson,Under investigation,
b23140d5aaa52b8eb8cc6139475ff279c00f3dc30c93c23a8d32d29dea3d5caf,2019-03,North Yorkshire Police,North Yorkshire Police,-1.130973,53.942092,On or near Rogers Court,E01013448,York 018F,Other theft,Under investigation,
79fdf1e6c6b918fec1bef95022e9a169f39926ec6303885fee156753e41ace0e,2019-03,North Yorkshire Police,North Yorkshire Police,-1.127966,53.941657,On or near Hinton Avenue,E01013448,York 018F,Violence and sexual offences,Under investigation,
83119d6f23ad8704e06ec514902e981bef699c5fc674046360678e93aced3b4c,2019-03,North Yorkshire Police,North Yorkshire Police,-1.130973,53.942092,On or near Rogers Court,E01013448,York 018F,Violence and sexual offences,Unable to prosecute suspect,
dfa35306fd233125936a86aff17c0a926d8888a7f05322c03be54933693997c0,2019-03,North Yorkshire Police,North Yorkshire Police,-1.126630,53.940667,On or near Teal Drive,E01013448,York 018F,Violence and sexual offences,Unable to prosecute suspect,
,2019-03,North Yorkshire Police,North Yorkshire Police,-1.063351,53.939184,On or near Stirling Grove,E01013360,York 019A,Anti-social behaviour,,
128c941f066615694a17bacf76af13da617e7b99091361c5234d2599e120880b,2019-03,North Yorkshire Police,North Yorkshire Police,-1.069985,53.940898,On or near Supermarket,E01013360,York 019A,Shoplifting,Under investigation,
d60306dc20f37e1963f501c19c3addd8170625be40b84f8f7c8e800d23f05fbe,2019-03,North Yorkshire Police,North Yorkshire Police,-1.072759,53.940138,On or near Anson Drive,E01013360,York 019A,Violence and sexual offences,Unable to prosecute suspect,
8a3b8f8bf18b50c7a9a82985fe1692c7b64ec7d7b4c52e9183bbee551098ae39,2019-03,North Yorkshire Police,North Yorkshire Police,-1.069985,53.940898,On or near Supermarket,E01013360,York 019A,Violence and sexual offences,Unable to prosecute suspect,
,2019-03,North Yorkshire Police,North Yorkshire Police,-1.075234,53.950143,On or near Fishergate,E01013361,York 019B,Anti-social behaviour,,
,2019-03,North Yorkshire Police,North Yorkshire Police,-1.077690,53.946557,On or near Ambrose Street,E01013361,York 019B,Anti-social behaviour,,
,2019-03,North Yorkshire Police,North Yorkshire Police,-1.077223,53.944280,On or near Maple Grove,E01013361,York 019B,Anti-social behaviour,,
,2019-03,North Yorkshire Police,North Yorkshire Police,-1.075234,53.950143,On or near Fishergate,E01013361,York 019B,Anti-social behaviour,,
33272bdc369c73b72a1b8f7a296fe257c73aa07bdc3aaad18707ed332a8b206d,2019-03,North Yorkshire Police,North Yorkshire Police,-1.076380,53.950026,On or near New Walk Terrace,E01013361,York 019B,Burglary,Investigation complete; no suspect identified,
c955fc5d8b4b87244bea2499a09066b1a594b00cd3eb9634cedb78c6740e8e2c,2019-03,North Yorkshire Police,North Yorkshire Police,-1.077223,53.944280,On or near Maple Grove,E01013361,York 019B,Criminal damage and arson,Under investigation,
e1529ab61b5fa6b2adff37a9fa0dc963505a559cd8312f9c587ca8e5300ea58f,2019-03,North Yorkshire Police,North Yorkshire Police,-1.075896,53.948485,On or near Rosedale Street,E01013361,York 019B,Criminal damage and arson,Investigation complete; no suspect identified,
50f54a5fb716aa83008e974ea28e3efb4fd9c0cbf14d7700d969d9bcc00d2110,2019-03,North Yorkshire Police,North Yorkshire Police,-1.077690,53.946557,On or near Ambrose Street,E01013361,York 019B,Criminal damage and arson,Investigation complete; no suspect identified,
5eb18daa56f701f85c43f4defca9e3fb76bf0724570dc6236826bf675f0f416f,2019-03,North Yorkshire Police,North Yorkshire Police,-1.077690,53.946557,On or near Ambrose Street,E01013361,York 019B,Other theft,Investigation complete; no suspect identified,
c6a0ecb87e08122a0b9ae9d8442e786cd969bb893862205b3b59ceea582143de,2019-03,North Yorkshire Police,North Yorkshire Police,-1.075234,53.950143,On or near Fishergate,E01013361,York 019B,Violence and sexual offences,Under investigation,
5978efcc926f4584620e06217daf85e76eb901cdd78c9ffc6609330bc3e8edc2,2019-03,North Yorkshire Police,North Yorkshire Police,-1.076779,53.945058,On or near Hospital Fields Road,E01013361,York 019B,Violence and sexual offences,Under investigation,
63933e3dc61166a4ebb296d2ffe87171c8842edc40b312700d8c33dfd1230d0b,2019-03,North Yorkshire Police,North Yorkshire Police,-1.077690,53.946557,On or near Ambrose Street,E01013361,York 019B,Violence and sexual offences,Under investigation,
680e684dede977f7da3a70b925a69e2e0557d0aafca0856120a247c790d911a7,2019-03,North Yorkshire Police,North Yorkshire Police,-1.077690,53.946557,On or near Ambrose Street,E01013361,York 019B,Violence and sexual offences,Under investigation,
814d8612e7c5c4ddea9018778a9d0fb12a1fd6576b89db638889928a3816dc0a,2019-03,North Yorkshire Police,North Yorkshire Police,-1.076779,53.945058,On or near Hospital Fields Road,E01013361,York 019B,Violence and sexual offences,Under investigation,
aa684f8da09466d0c162465acac6b5714e924a18ee791d4c828dce18765b192c,2019-03,North Yorkshire Police,North Yorkshire Police,-1.077690,53.946557,On or near Ambrose Street,E01013361,York 019B,Violence and sexual offences,Under investigation,
,2019-03,North Yorkshire Police,North Yorkshire Police,-1.074916,53.946617,On or near Wenlock Terrace,E01013362,York 019C,Anti-social behaviour,,
,2019-03,North Yorkshire Police,North Yorkshire Police,-1.074916,53.946617,On or near Wenlock Terrace,E01013362,York 019C,Anti-social behaviour,,
,2019-03,North Yorkshire Police,North Yorkshire Police,-1.075930,53.946939,On or near Carey Street,E01013362,York 019C,Anti-social behaviour,,
,2019-03,North Yorkshire Police,North Yorkshire Police,-1.071358,53.947659,On or near Kilburn Road,E01013362,York 019C,Anti-social behaviour,,
,2019-03,North Yorkshire Police,North Yorkshire Police,-1.078273,53.942230,On or near Stockholm Close,E01013362,York 019C,Anti-social behaviour,,
,2019-03,North Yorkshire Police,North Yorkshire Police,-1.071358,53.947659,On or near Kilburn Road,E01013362,York 019C,Anti-social behaviour,,
,2019-03,North Yorkshire Police,North Yorkshire Police,-1.075316,53.943681,On or near Supermarket,E01013362,York 019C,Anti-social behaviour,,
,2019-03,North Yorkshire Police,North Yorkshire Police,-1.075316,53.943681,On or near Supermarket,E01013362,York 019C,Anti-social behaviour,,
,2019-03,North Yorkshire Police,North Yorkshire Police,-1.074916,53.946617,On or near Wenlock Terrace,E01013362,York 019C,Anti-social behaviour,,
,2019-03,North Yorkshire Police,North Yorkshire Police,-1.074916,53.946617,On or near Wenlock Terrace,E01013362,York 019C,Anti-social behaviour,,
,2019-03,North Yorkshire Police,North Yorkshire Police,-1.078273,53.942230,On or near Stockholm Close,E01013362,York 019C,Anti-social behaviour,,
,2019-03,North Yorkshire Police,North Yorkshire Police,-1.071358,53.947659,On or near Kilburn Road,E01013362,York 019C,Anti-social behaviour,,
,2019-03,North Yorkshire Police,North Yorkshire Police,-1.071358,53.947659,On or near Kilburn Road,E01013362,York 019C,Anti-social behaviour,,
,2019-03,North Yorkshire Police,North Yorkshire Police,-1.073370,53.948304,On or near Maida Grove,E01013362,York 019C,Anti-social behaviour,,
,2019-03,North Yorkshire Police,North Yorkshire Police,-1.078273,53.942230,On or near Stockholm Close,E01013362,York 019C,Anti-social behaviour,,
,2019-03,North Yorkshire Police,North Yorkshire Police,-1.075930,53.946939,On or near Carey Street,E01013362,York 019C,Anti-social behaviour,,
,2019-03,North Yorkshire Police,North Yorkshire Police,-1.071358,53.947659,On or near Kilburn Road,E01013362,York 019C,Anti-social behaviour,,
b2448b56782420befd77e3b52833b8f2cc02fdcb81fb1fb02860ebad4ad08017,2019-03,North Yorkshire Police,North Yorkshire Police,-1.078273,53.942230,On or near Stockholm Close,E01013362,York 019C,Burglary,Investigation complete; no suspect identified,
8334dc3bd892931aeb763787571fe480920535d49cca759002d04b890e478427,2019-03,North Yorkshire Police,North Yorkshire Police,-1.078273,53.942230,On or near Stockholm Close,E01013362,York 019C,Criminal damage and arson,Investigation complete; no suspect identified,
a6d6d9e3b1c0239ec4b52ee82ff0cc8c5f808639cb577efc72ee8f8a243aaf2b,2019-03,North Yorkshire Police,North Yorkshire Police,-1.071358,53.947659,On or near Kilburn Road,E01013362,York 019C,Drugs,Offender given absolute discharge,
a50771361a9764697bacf569e9ff8c05b7481d013bedb069fe6d19ca76b47283,2019-03,North Yorkshire Police,North Yorkshire Police,-1.071358,53.947659,On or near Kilburn Road,E01013362,York 019C,Other theft,Offender ordered to pay compensation,
3dcb148525f614de1f5d6d9b39f658a198d9a203746a306cd086d66174a567e1,2019-03,North Yorkshire Police,North Yorkshire Police,-1.075316,53.943681,On or near Supermarket,E01013362,York 019C,Other theft,Under investigation,
d95a978f26faa14bf910c4f36e90bcbfde2c350ac7423433fe11bcf0df24b98a,2019-03,North Yorkshire Police,North Yorkshire Police,-1.075316,53.943681,On or near Supermarket,E01013362,York 019C,Other theft,Under investigation,
14743a535e336bc439b04a54a63e13522f4cff91ace5c1069d83cf247e08c685,2019-03,North Yorkshire Police,North Yorkshire Police,-1.074519,53.943899,On or near Supermarket,E01013362,York 019C,Shoplifting,Investigation complete; no suspect identified,
618629533a73347a1f25e5c59dc4379ea90177b8664201ec80a975d7a51165a4,2019-03,North Yorkshire Police,North Yorkshire Police,-1.073887,53.944254,On or near Fulford Road,E01013362,York 019C,Vehicle crime,Under investigation,
ac54323806f5f97848c1026f02ab85b5ec99fa872e218b366cdfaf665b4335ab,2019-03,North Yorkshire Police,North Yorkshire Police,-1.071358,53.947659,On or near Kilburn Road,E01013362,York 019C,Violence and sexual offences,Awaiting court outcome,
1bb2db648799eb50745d3e289108071c00e2709c7f5ff43c637bf0f0fec1915c,2019-03,North Yorkshire Police,North Yorkshire Police,-1.072315,53.941600,On or near Derwent Road,E01013362,York 019C,Violence and sexual offences,Under investigation,
f9eabb3203d356cbd4423446624c2c97678c741c5ff3ceb433a662cb89e37eac,2019-03,North Yorkshire Police,North Yorkshire Police,-1.072315,53.941600,On or near Derwent Road,E01013362,York 019C,Violence and sexual offences,Under investigation,
86851bb0cee23c9ff52b02908adb0d9beea447fc76bd1d2b2b7785677b5ea028,2019-03,North Yorkshire Police,North Yorkshire Police,-1.075930,53.946939,On or near Carey Street,E01013362,York 019C,Violence and sexual offences,Under investigation,
bc9f4aecc72dfc4817d480a85ef93e726251bfbd02867b2cb5f1536f2d5c0262,2019-03,North Yorkshire Police,North Yorkshire Police,-1.075930,53.946939,On or near Carey Street,E01013362,York 019C,Violence and sexual offences,Under investigation,
6d3001809f933c9f337108eb71cee578020986dfd16a4f982a53b9b33dc68172,2019-03,North Yorkshire Police,North Yorkshire Police,-1.071358,53.947659,On or near Kilburn Road,E01013362,York 019C,Violence and sexual offences,Under investigation,
f166569c0c488dab27d53246370cb0808dbb20a96084a7a61efcfcff5074f7f0,2019-03,North Yorkshire Police,North Yorkshire Police,-1.074916,53.946617,On or near Wenlock Terrace,E01013362,York 019C,Violence and sexual offences,Under investigation,
,2019-03,North Yorkshire Police,North Yorkshire Police,-1.076270,53.952937,On or near Fishergate,E01013363,York 019D,Anti-social behaviour,,
,2019-03,North Yorkshire Police,North Yorkshire Police,-1.059787,53.954050,On or near Petrol Station,E01013363,York 019D,Anti-social behaviour,,
,2019-03,North Yorkshire Police,North Yorkshire Police,-1.070828,53.954360,On or near Lawrence Court,E01013363,York 019D,Anti-social behaviour,,
12f912dfdcb8909316c33a7cc291db46e3040eb96047f28dc172007d952ead38,2019-03,North Yorkshire Police,North Yorkshire Police,-1.069587,53.954674,On or near The Tannery,E01013363,York 019D,Bicycle theft,Under investigation,
265a0346b2920818eab1ca1467d083a140aaa02fbf57791516d46ee6b340c375,2019-03,North Yorkshire Police,North Yorkshire Police,-1.061044,53.954383,On or near Lawrence Street,E01013363,York 019D,Burglary,Investigation complete; no suspect identified,
e5cf0d3a3be9dfb95e5b5fa693fa3b0a9f2e04617651f4f497aa1c9336995e22,2019-03,North Yorkshire Police,North Yorkshire Police,-1.070929,53.954622,On or near Barbican Road,E01013363,York 019D,Criminal damage and arson,Investigation complete; no suspect identified,
1266c9a4b740cd11771903439acbcfe1d29a1dc9796abfccae83edf209e1381e,2019-03,North Yorkshire Police,North Yorkshire Police,-1.070929,53.954622,On or near Barbican Road,E01013363,York 019D,Criminal damage and arson,Under investigation,
60654a93f18b3d298f4d4f1dc1b8524e064c5a3b36739426286373e9a30c28ba,2019-03,North Yorkshire Police,North Yorkshire Police,-1.070929,53.954622,On or near Barbican Road,E01013363,York 019D,Criminal damage and arson,Investigation complete; no suspect identified,
38d07ee9aa1187652a1b45a793ceb1eb30bfbecc22726e477a6f5942dc90b602,2019-03,North Yorkshire Police,North Yorkshire Police,-1.064110,53.954263,On or near Petrol Station,E01013363,York 019D,Other theft,Under investigation,
b2200d3ef63a49f9141961c09f21d5c92273e39ca329b1bdf0347830082524a9,2019-03,North Yorkshire Police,North Yorkshire Police,-1.070929,53.954622,On or near Barbican Road,E01013363,York 019D,Public order,Under investigation,
f64fdc0464a4311eba0768a3dfdf020b4c7c04f610c4571c2086a4c7242860c6,2019-03,North Yorkshire Police,North Yorkshire Police,-1.064110,53.954263,On or near Petrol Station,E01013363,York 019D,Public order,Under investigation,
549a8e3e2f8d62c30876c0025c02228be7069526f3d0293b14d1acece25128ed,2019-03,North Yorkshire Police,North Yorkshire Police,-1.059787,53.954050,On or near Petrol Station,E01013363,York 019D,Robbery,Under investigation,
2c329bb32dbc85a6773339d1bb31a9b32dc7d8788b220e755f42b217ff364f86,2019-03,North Yorkshire Police,North Yorkshire Police,-1.064110,53.954263,On or near Petrol Station,E01013363,York 019D,Shoplifting,Under investigation,
44dfc539546038ecdfb237b346814a14b1aae2a8d3604f9400832cdef38dd6cf,2019-03,North Yorkshire Police,North Yorkshire Police,-1.064110,53.954263,On or near Petrol Station,E01013363,York 019D,Shoplifting,Under investigation,
c39036f7694fa589612027fe955bf4165ae135868c388157e7879f19455b04e5,2019-03,North Yorkshire Police,North Yorkshire Police,-1.069587,53.954674,On or near The Tannery,E01013363,York 019D,Violence and sexual offences,Investigation complete; no suspect identified,
6b20650df08e12d9ac5f2bf9ef19d53d3895a3c49ac30ce9543ecefac90ba80f,2019-03,North Yorkshire Police,North Yorkshire Police,-1.076270,53.952937,On or near Fishergate,E01013363,York 019D,Violence and sexual offences,Under investigation,
e7207b18101c05bc707be15669ec7edb8f1dcb307e557c3e149f31730f642b02,2019-03,North Yorkshire Police,North Yorkshire Police,-1.068064,53.952586,On or near Regent Street,E01013363,York 019D,Violence and sexual offences,Under investigation,
1b643a62af330fa5126515798a289419551e81a0935fda09cb0cf06f4e468376,2019-03,North Yorkshire Police,North Yorkshire Police,-1.067709,53.953464,On or near Regent Street,E01013363,York 019D,Violence and sexual offences,Under investigation,
dd0c846cea49fe162948a837623824e6a3fdbe5768636ecb6c7eab224a0c591d,2019-03,North Yorkshire Police,North Yorkshire Police,-1.059787,53.954050,On or near Petrol Station,E01013363,York 019D,Violence and sexual offences,Under investigation,
037fb3bf270fd2775a9a64a83edf5dccc0dbf45e163ed606ca00b461914b8429,2019-03,North Yorkshire Police,North Yorkshire Police,-1.070929,53.954622,On or near Barbican Road,E01013363,York 019D,Violence and sexual offences,Under investigation,
3ac9339f745a23665483cd0b16b7baa21ef23c38a969ff1c4146e2e82b461790,2019-03,North Yorkshire Police,North Yorkshire Police,-1.067709,53.953464,On or near Regent Street,E01013363,York 019D,Violence and sexual offences,Under investigation,
,2019-03,North Yorkshire Police,North Yorkshire Police,-1.077319,53.953044,On or near Fewster Way,E01013364,York 019E,Anti-social behaviour,,
,2019-03,North Yorkshire Police,North Yorkshire Police,-1.076968,53.951684,On or near William Court,E01013364,York 019E,Anti-social behaviour,,
,2019-03,North Yorkshire Police,North Yorkshire Police,-1.074324,53.951358,On or near Melbourne Street,E01013364,York 019E,Anti-social behaviour,,
,2019-03,North Yorkshire Police,North Yorkshire Police,-1.076968,53.951684,On or near William Court,E01013364,York 019E,Anti-social behaviour,,
,2019-03,North Yorkshire Police,North Yorkshire Police,-1.076968,53.951684,On or near William Court,E01013364,York 019E,Anti-social behaviour,,
,2019-03,North Yorkshire Police,North Yorkshire Police,-1.077319,53.953044,On or near Fewster Way,E01013364,York 019E,Anti-social behaviour,,
32e42898acdf5b537da98230688ad41a373ab159522b3590f7dc037088bf43fa,2019-03,North Yorkshire Police,North Yorkshire Police,-1.077912,53.953093,On or near Browney Croft,E01013364,York 019E,Criminal damage and arson,Investigation complete; no suspect identified,
290555e31dac4d0e9245529754148eb03b5f2db0eccd6b4bf15a11a15b4c389d,2019-03,North Yorkshire Police,North Yorkshire Police,-1.074324,53.951358,On or near Melbourne Street,E01013364,York 019E,Criminal damage and arson,Under investigation,
2354cf0745ef04c2b3a9a548b110ed45186cd28ec07061411b78d24316daa0ac,2019-03,North Yorkshire Police,North Yorkshire Police,-1.077319,53.953044,On or near Fewster Way,E01013364,York 019E,Criminal damage and arson,Investigation complete; no suspect identified,
9248e2bfdb1f3334048ca51e1a1faed84d59c4c656375ab3632611ded9e6a24c,2019-03,North Yorkshire Police,North Yorkshire Police,-1.073156,53.952482,On or near Parking Area,E01013364,York 019E,Drugs,Local resolution,
269009a3b4b5eee093e22c19690c5cd4d39333f952b914cdf28a2992ce238424,2019-03,North Yorkshire Police,North Yorkshire Police,-1.076968,53.951684,On or near William Court,E01013364,York 019E,Drugs,Under investigation,
051b96229613e53eb62c57ff7f8c732189409ce0d17cdf5fdfd09946ce4de55d,2019-03,North Yorkshire Police,North Yorkshire Police,-1.076968,53.951684,On or near William Court,E01013364,York 019E,Robbery,Under investigation,
97694700d2d701a876b66254860779ee55789a3cc46893d2f5b521cefc721fbc,2019-03,North Yorkshire Police,North Yorkshire Police,-1.072677,53.952064,On or near Cemetery Road,E01013364,York 019E,Violence and sexual offences,Offender fined,
708b1504ce5255c2e53b77e9cf3a8e963ef856f8793899677705a8f9f6e5efd1,2019-03,North Yorkshire Police,North Yorkshire Police,-1.072677,53.952064,On or near Cemetery Road,E01013364,York 019E,Violence and sexual offences,Offender fined,
d6a82c29b727f5f9138b0344f3745ee165c0ab579c4c8c5b8ebfb1bf1be0f4fd,2019-03,North Yorkshire Police,North Yorkshire Police,-1.071212,53.952170,On or near Fitzroy Terrace,E01013364,York 019E,Violence and sexual offences,Under investigation,
,2019-03,North Yorkshire Police,North Yorkshire Police,-1.085163,53.951136,On or near Bishopthorpe Road,E01013418,York 019F,Anti-social behaviour,,
,2019-03,North Yorkshire Police,North Yorkshire Police,-1.085163,53.951136,On or near Bishopthorpe Road,E01013418,York 019F,Anti-social behaviour,,
,2019-03,North Yorkshire Police,North Yorkshire Police,-1.083970,53.952726,On or near Bishopthorpe Road,E01013418,York 019F,Anti-social behaviour,,
,2019-03,North Yorkshire Police,North Yorkshire Police,-1.082556,53.951188,On or near Teck Street,E01013418,York 019F,Anti-social behaviour,,
07fad2c248fd2b8bbec70f463b62c68f374fe89babef93bcf0104eba6a2a3a64,2019-03,North Yorkshire Police,North Yorkshire Police,-1.083162,53.951363,On or near Cherry Street,E01013418,York 019F,Bicycle theft,Investigation complete; no suspect identified,
18ba9a0be1ce7c66c9577e7ae092891927b01669ecc8b343758d626c51376ac0,2019-03,North Yorkshire Police,North Yorkshire Police,-1.084281,53.951731,On or near Ebor Street,E01013418,York 019F,Bicycle theft,Under investigation,
0ade4f3d6fe1b59a369d6eb9be67574a61b7762c711415f8e17ea85ad84da46e,2019-03,North Yorkshire Police,North Yorkshire Police,-1.085163,53.951136,On or near Bishopthorpe Road,E01013418,York 019F,Burglary,Investigation complete; no suspect identified,
3094523590569285fa4776622d94a97d9b0fc1a565aae64716bcdf774eadc098,2019-03,North Yorkshire Police,North Yorkshire Police,-1.082556,53.951188,On or near Teck Street,E01013418,York 019F,Criminal damage and arson,Under investigation,
4280dbb577b59db6912ab940c1868d01ee612a46f9dbba7d96d945292a7ce774,2019-03,North Yorkshire Police,North Yorkshire Police,-1.085163,53.951136,On or near Bishopthorpe Road,E01013418,York 019F,Criminal damage and arson,Local resolution,
f61311b656207845ac50e5c30a852944799b511b0b349be277ef8b377ea2e8fb,2019-03,North Yorkshire Police,North Yorkshire Police,-1.083970,53.952726,On or near Bishopthorpe Road,E01013418,York 019F,Criminal damage and arson,Investigation complete; no suspect identified,
fbeee7944cda1f932e394882469aed3fad95e0f5c4732b25cc1a03f5cbcf8860,2019-03,North Yorkshire Police,North Yorkshire Police,-1.085163,53.951136,On or near Bishopthorpe Road,E01013418,York 019F,Criminal damage and arson,Unable to prosecute suspect,
b38dcbe23ef110768f4ec924ded98ee83dcc8d2aeefb18a29ff9a8842484b21d,2019-03,North Yorkshire Police,North Yorkshire Police,-1.085163,53.951136,On or near Bishopthorpe Road,E01013418,York 019F,Shoplifting,Under investigation,
5fe606ec5e95ce3d6e8cff837076e8493db9856adf6ed7e747ea673a1278e02c,2019-03,North Yorkshire Police,North Yorkshire Police,-1.085163,53.951136,On or near Bishopthorpe Road,E01013418,York 019F,Shoplifting,Under investigation,
2206093c8a07403123731197e369d06fb7b710166fb9686b6685b4511352c2c4,2019-03,North Yorkshire Police,North Yorkshire Police,-1.085163,53.951136,On or near Bishopthorpe Road,E01013418,York 019F,Shoplifting,Under investigation,
40d991f55bf6de8e4f63ac89c0d9a688d5ee1bb834d56b84a5188a5ad50e81fd,2019-03,North Yorkshire Police,North Yorkshire Police,-1.085163,53.951136,On or near Bishopthorpe Road,E01013418,York 019F,Shoplifting,Under investigation,
b754fea098d5377acfdcaa44c2c93e7d9ad02213cd57de89fb6f009971200a96,2019-03,North Yorkshire Police,North Yorkshire Police,-1.085163,53.951136,On or near Bishopthorpe Road,E01013418,York 019F,Shoplifting,Under investigation,
eacb01367e67e36fb1e762e66fa54b5f775864f3dd961a3d01c61277a351983e,2019-03,North Yorkshire Police,North Yorkshire Police,-1.085163,53.951136,On or near Bishopthorpe Road,E01013418,York 019F,Shoplifting,Under investigation,
d4e7855737d32f215958a317d7e3b39c91f2453adc74e72c4e432a9f88b289bf,2019-03,North Yorkshire Police,North Yorkshire Police,-1.085163,53.951136,On or near Bishopthorpe Road,E01013418,York 019F,Vehicle crime,Investigation complete; no suspect identified,
30897b58d2a6612507a7496bfb024be44ebb6426770cbcb86e764bf0565414fa,2019-03,North Yorkshire Police,North Yorkshire Police,-1.085163,53.951136,On or near Bishopthorpe Road,E01013418,York 019F,Violence and sexual offences,Under investigation,
69883b8318ae41d4ecf179f211255eee15f0b5b5f0bf6db81c4a278f65f8539b,2019-03,North Yorkshire Police,North Yorkshire Police,-1.083648,53.952113,On or near Darnborough Street,E01013418,York 019F,Violence and sexual offences,Unable to prosecute suspect,
6e7cfab1e17b1cdca91157755490f67f89afec4a2ae019a7fe42e5385219f560,2019-03,North Yorkshire Police,North Yorkshire Police,-1.083403,53.950088,On or near Fenwick Street,E01013418,York 019F,Violence and sexual offences,Under investigation,
17a177dd63cc4a529a0686fcbc9b0c05944616678ead7d74a43870f0c5cd7d61,2019-03,North Yorkshire Police,North Yorkshire Police,-1.084176,53.948863,On or near Richardson Street,E01013418,York 019F,Violence and sexual offences,Under investigation,
312914e5a9396baa86331a88da819e75258d2a8605daa532d7fb6bf8424b01c7,2019-03,North Yorkshire Police,North Yorkshire Police,-1.085536,53.951480,On or near Parking Area,E01013418,York 019F,Violence and sexual offences,Under investigation,
bb8ac0bd2ab6f7c1017b653836f670d4155d99c1d6855ed112368c39442713cb,2019-03,North Yorkshire Police,North Yorkshire Police,-1.083823,53.951754,On or near Ebor Street,E01013418,York 019F,Violence and sexual offences,Under investigation,
200df578a32a0046386256710a1d8a55ed51175506c5f2a1746a1891af07071a,2019-03,North Yorkshire Police,North Yorkshire Police,-0.975118,53.957159,On or near Chessingham Park,E01013351,York 020A,Burglary,Investigation complete; no suspect identified,
aeeb9c6ac1379b7a5524be7d45a74b769603790f08be16ec746efe9bf28a3552,2019-03,North Yorkshire Police,North Yorkshire Police,-0.975118,53.957159,On or near Chessingham Park,E01013351,York 020A,Violence and sexual offences,Awaiting court outcome,
5614ddc24a8ba1ee5486fa57a2af193eaab315e7be183ce24a23a68b3f1ece2e,2019-03,North Yorkshire Police,North Yorkshire Police,-0.975118,53.957159,On or near Chessingham Park,E01013351,York 020A,Violence and sexual offences,Awaiting court outcome,
9ee0e67ab931ff3331c115de839ada25f98086a64b404dcf4fca4486762907c7,2019-03,North Yorkshire Police,North Yorkshire Police,-0.975118,53.957159,On or near Chessingham Park,E01013351,York 020A,Violence and sexual offences,Awaiting court outcome,
ffb7735bfecda2a36aec1206c28676a9b0cf9d97378579f18bd9d114ec5ad441,2019-03,North Yorkshire Police,North Yorkshire Police,-0.975118,53.957159,On or near Chessingham Park,E01013351,York 020A,Violence and sexual offences,Awaiting court outcome,
6a6546bcebf2f44ad4c2863db9a88206105f627fb5a7f710c4c2943e339aac29,2019-03,North Yorkshire Police,North Yorkshire Police,-0.975118,53.957159,On or near Chessingham Park,E01013351,York 020A,Other crime,Awaiting court outcome,
b28328197c0882528eddfd849bfacab435c55830199ab7c29b0af50a0fe3b9f5,2019-03,North Yorkshire Police,North Yorkshire Police,-0.975118,53.957159,On or near Chessingham Park,E01013351,York 020A,Other crime,Awaiting court outcome,
,2019-03,North Yorkshire Police,North Yorkshire Police,-0.989355,53.962097,On or near Derwent Estate,E01013352,York 020B,Anti-social behaviour,,
,2019-03,North Yorkshire Police,North Yorkshire Police,-0.975913,53.963305,On or near The Green,E01013352,York 020B,Anti-social behaviour,,
,2019-03,North Yorkshire Police,North Yorkshire Police,-0.982012,53.963213,On or near Owlwood Lane,E01013352,York 020B,Anti-social behaviour,,
4792ff37bfd0800294c47b4971ded69ec50a2a4b1e5e9fbf877fc93ec3422821,2019-03,North Yorkshire Police,North Yorkshire Police,-0.982069,53.967114,On or near Stockhill Close,E01013352,York 020B,Burglary,Investigation complete; no suspect identified,
7d1e7ab0d90dfdec0aa0c7b8d4238b7780dabc983338b02b36b4a33e78c7f29a,2019-03,North Yorkshire Police,North Yorkshire Police,-0.989355,53.962097,On or near Derwent Estate,E01013352,York 020B,Violence and sexual offences,Under investigation,
,2019-03,North Yorkshire Police,North Yorkshire Police,-0.933215,53.921030,On or near Riverside Close,E01013451,York 020C,Anti-social behaviour,,
,2019-03,North Yorkshire Police,North Yorkshire Police,-0.938296,53.920635,On or near Beck Close,E01013451,York 020C,Anti-social behaviour,,
bdb236ff05e1d65e786f0ddbd74495323e507b3cb7076283cf416575e1c052dc,2019-03,North Yorkshire Police,North Yorkshire Police,-0.955214,53.924864,On or near The Conifers,E01013451,York 020C,Criminal damage and arson,Unable to prosecute suspect,
de7b37ab33d1561a3c5f4b103a3a84aa7d934976e07d7535e915c4f768124721,2019-03,North Yorkshire Police,North Yorkshire Police,-0.953916,53.925599,On or near Petrol Station,E01013451,York 020C,Other theft,Under investigation,
d739f3618e1e5a055b49651ab80184ae8450c65d5ed5d1211fc3e53cc6392d3d,2019-03,North Yorkshire Police,North Yorkshire Police,-0.938142,53.923078,On or near Beech Close,E01013451,York 020C,Other theft,Under investigation,
32c88c02569fa8519530b2280c3993126ad6951cd0715de0f82b168ecd03feba,2019-03,North Yorkshire Police,North Yorkshire Police,-0.965163,53.922820,On or near Brinkworth Rush,E01013451,York 020C,Violence and sexual offences,Under investigation,
,2019-03,North Yorkshire Police,North Yorkshire Police,-0.965891,53.898891,On or near Broadlands,E01013452,York 020D,Anti-social behaviour,,
,2019-03,North Yorkshire Police,North Yorkshire Police,-0.964542,53.896821,On or near Dalton Hill,E01013452,York 020D,Anti-social behaviour,,
,2019-03,North Yorkshire Police,North Yorkshire Police,-0.965891,53.898891,On or near Broadlands,E01013452,York 020D,Anti-social behaviour,,
bb64c503c5497e339085e1bfed1b8a9f26a514345e73ee315dd1e621ae62ea72,2019-03,North Yorkshire Police,North Yorkshire Police,-0.968087,53.898118,On or near Ruffhams Close,E01013452,York 020D,Violence and sexual offences,Under investigation,
70e4a9d97ca681377be7992e198599d328908db80e6d6acb5d88cc39ec0937a3,2019-03,North Yorkshire Police,North Yorkshire Police,-0.966982,53.897264,On or near Dovecot Close,E01013452,York 020D,Violence and sexual offences,Under investigation,
c55004e7f9e1afa88cfa3fdce2f66510e42e7637d35ad463705809b5057b7108,2019-03,North Yorkshire Police,North Yorkshire Police,-1.107810,53.938821,On or near Tadcaster Road Dringhouses,E01013357,York 021A,Possession of weapons,Under investigation,
4fd57758a8662ede0f28494d67cc138f1a6865a65bc9e7be8d97e98834ff6b20,2019-03,North Yorkshire Police,North Yorkshire Police,-1.110604,53.933530,On or near College Court,E01013357,York 021A,Violence and sexual offences,Under investigation,
1a3cafb41233a7f1c1b6df00a82e694f0ad8cf9ac6137fa3ba3d2ee90f7c3bb0,2019-03,North Yorkshire Police,North Yorkshire Police,-1.104746,53.939608,On or near St Edward'S Close,E01013357,York 021A,Violence and sexual offences,Offender given a caution,
578ceb59d8b12c88aee6693ec293afa27e0e45af4a17a6629147719d3c2458f8,2019-03,North Yorkshire Police,North Yorkshire Police,-1.110604,53.933530,On or near College Court,E01013357,York 021A,Violence and sexual offences,Under investigation,
8289be4bf8dd18bf5765bf7769e749f69d217caf51508ad94efeacde39ff7866,2019-03,North Yorkshire Police,North Yorkshire Police,-1.110604,53.933530,On or near College Court,E01013357,York 021A,Violence and sexual offences,Under investigation,
775ff6e766c93b1c565bb1752db5a493aac5ec57bdf57383aa62c73c035e1966,2019-03,North Yorkshire Police,North Yorkshire Police,-1.110604,53.933530,On or near College Court,E01013357,York 021A,Violence and sexual offences,Under investigation,
62a9f7b898e739150f174a1891aa94a341329ee69622c9d4ca4f76eeb32371b6,2019-03,North Yorkshire Police,North Yorkshire Police,-1.110604,53.933530,On or near College Court,E01013357,York 021A,Violence and sexual offences,Under investigation,
,2019-03,North Yorkshire Police,North Yorkshire Police,-1.109153,53.942301,On or near Aintree Court,E01013358,York 021B,Anti-social behaviour,,
,2019-03,North Yorkshire Police,North Yorkshire Police,-1.102886,53.946802,On or near Pulleyn Drive,E01013358,York 021B,Anti-social behaviour,,
,2019-03,North Yorkshire Police,North Yorkshire Police,-1.106407,53.941013,On or near Petrol Station,E01013358,York 021B,Anti-social behaviour,,
,2019-03,North Yorkshire Police,North Yorkshire Police,-1.103283,53.947452,On or near White House Gardens,E01013358,York 021B,Anti-social behaviour,,
2fb8a9f7b685bb8c4ad61b35b7415bae588248a3b3d980b4a45181b823b5684e,2019-03,North Yorkshire Police,North Yorkshire Police,-1.106407,53.941013,On or near Petrol Station,E01013358,York 021B,Other theft,Under investigation,
994e079fc58b16e0aced431aa2a6ba2dea0369dd59ac93142545010b47703c23,2019-03,North Yorkshire Police,North Yorkshire Police,-1.102886,53.946802,On or near Pulleyn Drive,E01013358,York 021B,Violence and sexual offences,Investigation complete; no suspect identified,
,2019-03,North Yorkshire Police,North Yorkshire Police,-1.087291,53.944402,On or near Montague Street,E01013412,York 021C,Anti-social behaviour,,
,2019-03,North Yorkshire Police,North Yorkshire Police,-1.099511,53.949276,On or near Tadcaster Road,E01013412,York 021C,Anti-social behaviour,,
,2019-03,North Yorkshire Police,North Yorkshire Police,-1.091570,53.940965,On or near Racecourse Road,E01013412,York 021C,Anti-social behaviour,,
,2019-03,North Yorkshire Police,North Yorkshire Police,-1.087291,53.944402,On or near Montague Street,E01013412,York 021C,Anti-social behaviour,,
ebc197e48121a76928796215a6964e94f797c567fcfe83c6de93f2598db15844,2019-03,North Yorkshire Police,North Yorkshire Police,-1.091705,53.946008,On or near Ruby Street,E01013412,York 021C,Bicycle theft,Investigation complete; no suspect identified,
d47f82ae151e0479bac66188ed7a9e6ab78b16097994cffd0147fdbf42e9d45e,2019-03,North Yorkshire Police,North Yorkshire Police,-1.091570,53.940965,On or near Racecourse Road,E01013412,York 021C,Other theft,Investigation complete; no suspect identified,
ae3359d1c10129e11fbe807ddc230495323dac7a3a4840dec574561e50177359,2019-03,North Yorkshire Police,North Yorkshire Police,-1.092211,53.946560,On or near Argyle Street,E01013412,York 021C,Violence and sexual offences,Under investigation,
,2019-03,North Yorkshire Police,North Yorkshire Police,-1.084559,53.945307,On or near Terry Street,E01013414,York 021D,Anti-social behaviour,,
146201625d18f7c1c7a89b21b00ca72da06280ba362dc32da0a7054b669bf958,2019-03,North Yorkshire Police,North Yorkshire Police,-1.084892,53.946774,On or near Cameron Grove,E01013414,York 021D,Other theft,Investigation complete; no suspect identified,
ae32cbf8cf6fcb7781a264193c6e60582f55efabd8f70943acd340ac40201a44,2019-03,North Yorkshire Police,North Yorkshire Police,-1.086057,53.942280,On or near St Chads Wharf,E01013414,York 021D,Other theft,Investigation complete; no suspect identified,
cbf4135e853a940543e7a4a27078eb03cc7af2cd8de98a30da2ba393d4228edb,2019-03,North Yorkshire Police,North Yorkshire Police,-1.091317,53.944198,On or near Jamieson Terrace,E01013414,York 021D,Other theft,Investigation complete; no suspect identified,
f346b3c33031933efd6c561164b11c811bf5d6142343fd74f77a368866d392dc,2019-03,North Yorkshire Police,North Yorkshire Police,-1.086057,53.942280,On or near St Chads Wharf,E01013414,York 021D,Other theft,Investigation complete; no suspect identified,
0bc748e6d671e1bf3bc2e87d12a9a5314e9f608fef51b3fd2421c718a153b0d0,2019-03,North Yorkshire Police,North Yorkshire Police,-1.085560,53.944802,On or near Beresford Terrace,E01013414,York 021D,Vehicle crime,Under investigation,
2fe1e0f123b9de4c9fbc1d5b4a3aa429a7b531c3e2105b4b3b057619055c53f9,2019-03,North Yorkshire Police,North Yorkshire Police,-1.087571,53.938535,On or near Bishopthorpe Road,E01013414,York 021D,Violence and sexual offences,Under investigation,
,2019-03,North Yorkshire Police,North Yorkshire Police,-1.124246,53.940326,On or near Allendale,E01013353,York 022A,Anti-social behaviour,,
,2019-03,North Yorkshire Police,North Yorkshire Police,-1.124246,53.940326,On or near Allendale,E01013353,York 022A,Anti-social behaviour,,
,2019-03,North Yorkshire Police,North Yorkshire Police,-1.120553,53.937729,On or near Chaloner'S Crescent,E01013353,York 022A,Anti-social behaviour,,
,2019-03,North Yorkshire Police,North Yorkshire Police,-1.124246,53.940326,On or near Allendale,E01013353,York 022A,Anti-social behaviour,,
,2019-03,North Yorkshire Police,North Yorkshire Police,-1.119807,53.938433,On or near Chaloner'S Road,E01013353,York 022A,Anti-social behaviour,,
,2019-03,North Yorkshire Police,North Yorkshire Police,-1.124246,53.940326,On or near Allendale,E01013353,York 022A,Anti-social behaviour,,
,2019-03,North Yorkshire Police,North Yorkshire Police,-1.120547,53.939446,On or near Dringfield Close,E01013353,York 022A,Anti-social behaviour,,
6f9c95a6cf839fa1392be17fa7670ecd249f093877454ff629894967ba3e52b4,2019-03,North Yorkshire Police,North Yorkshire Police,-1.119807,53.938433,On or near Chaloner'S Road,E01013353,York 022A,Burglary,Under investigation,
5c323fc0f478c050913e09f854632d517f1bd7008c95163928d2de59b53a0b93,2019-03,North Yorkshire Police,North Yorkshire Police,-1.119807,53.938433,On or near Chaloner'S Road,E01013353,York 022A,Burglary,Investigation complete; no suspect identified,
58e52d42c2a7a64eef83f1a3b10a0f1d9bce50981b245d4de2500022b88cccf5,2019-03,North Yorkshire Police,North Yorkshire Police,-1.120553,53.937729,On or near Chaloner'S Crescent,E01013353,York 022A,Burglary,Offender sent to prison,
012dfe92e4a5ff134b0ad51e4333d6df397c3ae9cc8cf850cf8a77250cf2f21d,2019-03,North Yorkshire Police,North Yorkshire Police,-1.120553,53.937729,On or near Chaloner'S Crescent,E01013353,York 022A,Burglary,Investigation complete; no suspect identified,
ebb38e3bda35848e524d1cfe4699b1e93fbc4cbc06693f8f82572a6825fff5b6,2019-03,North Yorkshire Police,North Yorkshire Police,-1.120547,53.939446,On or near Dringfield Close,E01013353,York 022A,Criminal damage and arson,Under investigation,
7c7ddd5cd1b4923b7f1906e5fcc4b4d2d657feedd71f1732fb7f7777155d0b5b,2019-03,North Yorkshire Police,North Yorkshire Police,-1.120547,53.939446,On or near Dringfield Close,E01013353,York 022A,Criminal damage and arson,Under investigation,
ee96a8d9a101713588b8295434b5a80be9fa05f2324a1718bd578f20626d6f26,2019-03,North Yorkshire Police,North Yorkshire Police,-1.115446,53.938626,On or near Nidd Grove,E01013353,York 022A,Public order,Unable to prosecute suspect,
b3e6c72c8f5b7b12f625e0d9c320104c6231b1c99bb20773e33df085467b40de,2019-03,North Yorkshire Police,North Yorkshire Police,-1.111852,53.941458,On or near Moor Grove,E01013353,York 022A,Violence and sexual offences,Under investigation,
b858c45b351c7716479928e93da2ef7331581f3e5cca491faf36ea3785905432,2019-03,North Yorkshire Police,North Yorkshire Police,-1.134899,53.937869,On or near Acomb Wood Drive,E01013354,York 022B,Shoplifting,Offender sent to prison,
19a96e88e8ba2cfdaaaa3f8dbf78f4bb2b0d649de6ff3407a4cf80013e0c0e64,2019-03,North Yorkshire Police,North Yorkshire Police,-1.139365,53.934045,On or near Cairnborrow,E01013354,York 022B,Violence and sexual offences,Under investigation,
,2019-03,North Yorkshire Police,North Yorkshire Police,-1.113725,53.933580,On or near Parking Area,E01013355,York 022C,Anti-social behaviour,,
,2019-03,North Yorkshire Police,North Yorkshire Police,-1.113558,53.932824,On or near Petrol Station,E01013355,York 022C,Anti-social behaviour,,
,2019-03,North Yorkshire Police,North Yorkshire Police,-1.119745,53.933391,On or near Moor Lane,E01013355,York 022C,Anti-social behaviour,,
,2019-03,North Yorkshire Police,North Yorkshire Police,-1.112669,53.931676,On or near The Square,E01013355,York 022C,Anti-social behaviour,,
f91dc6315a140ba8543293311d6f9fc736c7c48ed12bb6d8311bd3dde81282b3,2019-03,North Yorkshire Police,North Yorkshire Police,-1.113525,53.934406,On or near Old Moor Lane,E01013355,York 022C,Burglary,Investigation complete; no suspect identified,
b66dea8b1b33f9aa6256415b118f752f2eebd12e56c1d5fe38d38740377a3875,2019-03,North Yorkshire Police,North Yorkshire Police,-1.121492,53.935066,On or near Bramble Dene,E01013355,York 022C,Criminal damage and arson,Under investigation,
c4a64ca86d97413af06291d4c4d5d167924dbf743c7ad6e38f33a6931e4fb750,2019-03,North Yorkshire Police,North Yorkshire Police,-1.113904,53.929447,On or near Further/Higher Educational Building,E01013355,York 022C,Drugs,Under investigation,
34908b6e06a8e8203b3ae5c2df8940577d64f3a7ae2aaaf88c69668ef6e31bb1,2019-03,North Yorkshire Police,North Yorkshire Police,-1.113904,53.929447,On or near Further/Higher Educational Building,E01013355,York 022C,Drugs,Local resolution,
c60ef16f2d0e243c3746ec7ef095dcd89fd960a2cb735b5a1f2a10a9a50de7a9,2019-03,North Yorkshire Police,North Yorkshire Police,-1.113558,53.932824,On or near Petrol Station,E01013355,York 022C,Other theft,Under investigation,
c8ecef77fd523864228c34a08a5dea1f99ffb95d5d38533fdcb102f816bf5afb,2019-03,North Yorkshire Police,North Yorkshire Police,-1.119745,53.933391,On or near Moor Lane,E01013355,York 022C,Robbery,Unable to prosecute suspect,
cfabee9da2fe5e68687aa9996647994ac92239e85b174108a02d0e1af48c1bc7,2019-03,North Yorkshire Police,North Yorkshire Police,-1.116432,53.928018,On or near Petrol Station,E01013355,York 022C,Shoplifting,Local resolution,
8d046c62ffed65b11bbedeac9e372702f3afa6986f817e8429ab2b483f66205d,2019-03,North Yorkshire Police,North Yorkshire Police,-1.113904,53.929447,On or near Further/Higher Educational Building,E01013355,York 022C,Theft from the person,Investigation complete; no suspect identified,
9ceccb8e92fd3281330787c398a60de2f0d0e37cfc49c50a6563c225b6760e9f,2019-03,North Yorkshire Police,North Yorkshire Police,-1.119745,53.933391,On or near Moor Lane,E01013355,York 022C,Violence and sexual offences,Unable to prosecute suspect,
06a08ac1de83cc19c1226634cd90e588b151f61d50cfcd48e83cf0633c1e933c,2019-03,North Yorkshire Police,North Yorkshire Police,-1.129256,53.935294,On or near Stonethwaite,E01013355,York 022C,Violence and sexual offences,Under investigation,
8c50d316e0fbb910d5755a34da9acf489bccce33fbfdb7015a84efc21b20c931,2019-03,North Yorkshire Police,North Yorkshire Police,-1.113904,53.929447,On or near Further/Higher Educational Building,E01013355,York 022C,Violence and sexual offences,Under investigation,
e93a8c05430ac69c224c4235b71066726e7cbeb6290657da0ca48e22882e70cf,2019-03,North Yorkshire Police,North Yorkshire Police,-1.119745,53.933391,On or near Moor Lane,E01013355,York 022C,Violence and sexual offences,Under investigation,
93740068f945bd6416cb63f28c31a9789bf728fbb6139487c042e70f4797dfa0,2019-03,North Yorkshire Police,North Yorkshire Police,-1.132227,53.935971,On or near Skiddaw,E01013355,York 022C,Violence and sexual offences,Unable to prosecute suspect,
,2019-03,North Yorkshire Police,North Yorkshire Police,-1.126002,53.936465,On or near Wordsworth Crescent,E01013356,York 022D,Anti-social behaviour,,
9f83fe4160e729dc006fc58ed9eaa07e1a218a385837c82307f76ff214c32c3c,2019-03,North Yorkshire Police,North Yorkshire Police,-1.124325,53.940929,On or near Sandmartin Court,E01013356,York 022D,Bicycle theft,Under investigation,
b82afeb478380113b1b577a41f58216af26c4a35a67cbd0b0221d23ab43ddb1b,2019-03,North Yorkshire Police,North Yorkshire Police,-1.127278,53.938848,On or near Chantry Close,E01013356,York 022D,Violence and sexual offences,Under investigation,
,2019-03,North Yorkshire Police,North Yorkshire Police,-1.115214,53.940943,On or near Turnmire Road,E01013359,York 022E,Anti-social behaviour,,
,2019-03,North Yorkshire Police,North Yorkshire Police,-1.121695,53.944290,On or near Thanet Road,E01013359,York 022E,Anti-social behaviour,,
06b7981da57c5c85e0e614b6918d0f12cb64103b9e197d027690dbe6bad2de2d,2019-03,North Yorkshire Police,North Yorkshire Police,-1.121278,53.940188,On or near Farmlands Road,E01013359,York 022E,Burglary,Investigation complete; no suspect identified,
a3be0448ea71e0254f4eea1c5ff05eba05cfa558495ccfa106c509a7a24dd0d5,2019-03,North Yorkshire Police,North Yorkshire Police,-1.117187,53.942009,On or near Thanet Road,E01013359,York 022E,Burglary,Investigation complete; no suspect identified,
9559efdb8775a179041ea32e4791105e9d8bade08d9f7d4bf848fe3ea7fc3675,2019-03,North Yorkshire Police,North Yorkshire Police,-1.121765,53.941657,On or near Highmoor Road,E01013359,York 022E,Burglary,Under investigation,
8fa3729060bdf056f766a7f6bd512df9d747a4b1a6475230da78ba39ccb2862a,2019-03,North Yorkshire Police,North Yorkshire Police,-1.121695,53.944290,On or near Thanet Road,E01013359,York 022E,Criminal damage and arson,Investigation complete; no suspect identified,
76a292a35473caed27ac384bb8429850821de082b4da47c9f6824125b1e0365d,2019-03,North Yorkshire Police,North Yorkshire Police,-1.117208,53.940329,On or near Leeside,E01013359,York 022E,Other theft,Under investigation,
8f550250a8c8e2f9eaa99ee52237c5bc90272ccc8cc41e62b279938e5f36b751,2019-03,North Yorkshire Police,North Yorkshire Police,-1.121695,53.944290,On or near Thanet Road,E01013359,York 022E,Shoplifting,Local resolution,
ce6fa3e88d57092ad8fc9a826ea5034785360795d63c4df2ff1411e8574b980d,2019-03,North Yorkshire Police,North Yorkshire Police,-1.121695,53.944290,On or near Thanet Road,E01013359,York 022E,Shoplifting,Under investigation,
41bf4b39a8afa30129100dea9cb55f816b3f4040d8121f2a889c01dda321be20,2019-03,North Yorkshire Police,North Yorkshire Police,-1.119138,53.939831,On or near Lerecroft Road,E01013359,York 022E,Vehicle crime,Investigation complete; no suspect identified,
635fed98e4d68e6215e22520a7315b829215e8bd6be4fa6ef66028fd6e2dd2f7,2019-03,North Yorkshire Police,North Yorkshire Police,-1.119941,53.943621,On or near St James Place,E01013359,York 022E,Violence and sexual offences,Under investigation,
,2019-03,North Yorkshire Police,North Yorkshire Police,-1.137000,53.943852,On or near Otterwood Bank,E01013449,York 022F,Anti-social behaviour,,
,2019-03,North Yorkshire Police,North Yorkshire Police,-1.135474,53.942484,On or near Stirrup Close,E01013449,York 022F,Anti-social behaviour,,
befc512143b4f5bacaef2395be4147d61481660f945160079826a2eb1f043fcb,2019-03,North Yorkshire Police,North Yorkshire Police,-1.134651,53.944743,On or near Salmond Road,E01013449,York 022F,Criminal damage and arson,Under investigation,
0da0f7fe47e8f768ab0768551c91b2f43b3f04b8847f085f5368e77e96631387,2019-03,North Yorkshire Police,North Yorkshire Police,-1.135066,53.943802,On or near Beechwood Glade,E01013449,York 022F,Criminal damage and arson,Investigation complete; no suspect identified,
cdef762c5109f0f9512120537978b88379d864eca1c2ee538ac2a0691fe107b1,2019-03,North Yorkshire Police,North Yorkshire Police,-1.135438,53.940578,On or near Redcoat Way,E01013449,York 022F,Vehicle crime,Investigation complete; no suspect identified,
6fb8d28c30f4f03e412fbcc25f7d9c6656b05e4b4b3ae7b2289bcafc1c107ac3,2019-03,North Yorkshire Police,North Yorkshire Police,-1.132490,53.939451,On or near Greenwood Grove,E01013449,York 022F,Vehicle crime,Investigation complete; no suspect identified,
4bf092070ff0c90569e6eae4f31d0cd17431000b5c968d0f3ea7d5124f6b7af4,2019-03,North Yorkshire Police,North Yorkshire Police,-1.131878,53.939573,On or near Bellwood Drive,E01013449,York 022F,Violence and sexual offences,Under investigation,
,2019-03,North Yorkshire Police,North Yorkshire Police,-1.068460,53.929319,On or near Fordlands Crescent,E01013365,York 023A,Anti-social behaviour,,
,2019-03,North Yorkshire Police,North Yorkshire Police,-1.071796,53.935466,On or near Main Street,E01013365,York 023A,Anti-social behaviour,,
7eaa2fcbbcedb78321821e40026db60e4dfb325e748ce0c3e161db44944636b1,2019-03,North Yorkshire Police,North Yorkshire Police,-1.068460,53.929319,On or near Fordlands Crescent,E01013365,York 023A,Criminal damage and arson,Under investigation,
7d6b1402fab80d53ba7b3d430dc5690cc9a06def1c812621bb860cb4a85b9aaa,2019-03,North Yorkshire Police,North Yorkshire Police,-1.070486,53.933415,On or near Glen Close,E01013365,York 023A,Criminal damage and arson,Defendant found not guilty,
428ebc5ba03ff2e7c39d08cb9acf68c999d3f4aa59c911dee092410c05f3f4c2,2019-03,North Yorkshire Police,North Yorkshire Police,-1.078880,53.921607,On or near Parking Area,E01013365,York 023A,Criminal damage and arson,Investigation complete; no suspect identified,
f65a6671afb81df096fa0edb722ef5bc6e253569fd14efc639a518be8e014d90,2019-03,North Yorkshire Police,North Yorkshire Police,-1.070486,53.933415,On or near Glen Close,E01013365,York 023A,Criminal damage and arson,Awaiting court outcome,
140c396b150529a9842374c57f0a209aca3dfced130d3b705c1dd4d210fe1182,2019-03,North Yorkshire Police,North Yorkshire Police,-1.077482,53.922153,On or near Shopping Area,E01013365,York 023A,Drugs,Offender given community sentence,
a506247c8a16574a93d7d83412dd29c8bc9d27a0d32dbec42f68a94a0db3587e,2019-03,North Yorkshire Police,North Yorkshire Police,-1.077482,53.922153,On or near Shopping Area,E01013365,York 023A,Other theft,Under investigation,
5328f362bbebd8df0653e72c62240683e83ff89a97205784271a665fe8e86a20,2019-03,North Yorkshire Police,North Yorkshire Police,-1.070434,53.933010,On or near Maple Court,E01013365,York 023A,Other theft,Investigation complete; no suspect identified,
cc87edab4742a26ef0a960411c20dafd8943a91c0861e2febac9d56653900b1d,2019-03,North Yorkshire Police,North Yorkshire Police,-1.077482,53.922153,On or near Shopping Area,E01013365,York 023A,Other theft,Local resolution,
db54d2610100adea13eda113ba33fe52203c36f5fd4c60e7b3fa5af3e5004474,2019-03,North Yorkshire Police,North Yorkshire Police,-1.077482,53.922153,On or near Shopping Area,E01013365,York 023A,Public order,Under investigation,
60f9891cc5293a27cf99c4528c5c253ba0bc32d636b19c6fc8650cf9b41c9937,2019-03,North Yorkshire Police,North Yorkshire Police,-1.077482,53.922153,On or near Shopping Area,E01013365,York 023A,Shoplifting,Offender given community sentence,
2d21efe451f73c8ccd20d37d67f9880d47af22ab5e399f81b2ecd032f025c717,2019-03,North Yorkshire Police,North Yorkshire Police,-1.077482,53.922153,On or near Shopping Area,E01013365,York 023A,Shoplifting,Under investigation,
a7b22e57725e4f03531921418f2fdb1fab6b7a1010d37fe3f6e11eb0829093be,2019-03,North Yorkshire Police,North Yorkshire Police,-1.077482,53.922153,On or near Shopping Area,E01013365,York 023A,Shoplifting,Unable to prosecute suspect,
e0eaae684a480d858d4bf803b24c3511db1ffdaa5ac8c0969abaa828282971c0,2019-03,North Yorkshire Police,North Yorkshire Police,-1.077482,53.922153,On or near Shopping Area,E01013365,York 023A,Shoplifting,Offender sent to prison,
d22b4b20569ef85bfe6e0e9d8cda7dcf2b2adc898f3e3f99f6c1a04d348f5d5d,2019-03,North Yorkshire Police,North Yorkshire Police,-1.077482,53.922153,On or near Shopping Area,E01013365,York 023A,Shoplifting,Unable to prosecute suspect,
9efc2c55fbbfd761e8b5e099d815b205c38f3d1a598f47cacd6c2b5eea6d1da2,2019-03,North Yorkshire Police,North Yorkshire Police,-1.077482,53.922153,On or near Shopping Area,E01013365,York 023A,Shoplifting,Under investigation,
0216303834d0302979b7d6616fa3949cb6e4f3c83c8c7ee07f4f0d98730e5541,2019-03,North Yorkshire Police,North Yorkshire Police,-1.077482,53.922153,On or near Shopping Area,E01013365,York 023A,Shoplifting,Under investigation,
5018e36bc80b07e9cd0e60dba9ce7075114b23c9da3a04880ac868320e8c620f,2019-03,North Yorkshire Police,North Yorkshire Police,-1.077482,53.922153,On or near Shopping Area,E01013365,York 023A,Shoplifting,Under investigation,
d71d1a2b9e88226c66e14c130593cb3abdc4c0ec1f6ae487d24285ffb9163318,2019-03,North Yorkshire Police,North Yorkshire Police,-1.077482,53.922153,On or near Shopping Area,E01013365,York 023A,Shoplifting,Under investigation,
7f323997ff11e00380f710e799693ff3c145e7238307b0c721e9b91b8bffdfec,2019-03,North Yorkshire Police,North Yorkshire Police,-1.077482,53.922153,On or near Shopping Area,E01013365,York 023A,Shoplifting,Under investigation,
0523e7e0c280dbc7f6ff468c88ae8aa039e62936a256e1d4f977b7b9c18c0d5c,2019-03,North Yorkshire Police,North Yorkshire Police,-1.077482,53.922153,On or near Shopping Area,E01013365,York 023A,Shoplifting,Under investigation,
a22bc849065fd8f32a0fc8806fdd578334a130e1e4f0728fca367b446a6781bb,2019-03,North Yorkshire Police,North Yorkshire Police,-1.077482,53.922153,On or near Shopping Area,E01013365,York 023A,Shoplifting,Offender given community sentence,
476089bed0f1ad0a4473b2504c12c34ac5ead0ed4b314a57e792cdcc1c5388bd,2019-03,North Yorkshire Police,North Yorkshire Police,-1.077482,53.922153,On or near Shopping Area,E01013365,York 023A,Shoplifting,Under investigation,
3582a139a5082b942d04122edbc1cb7392f24d90f4a6753df178f7f6053b44f4,2019-03,North Yorkshire Police,North Yorkshire Police,-1.077482,53.922153,On or near Shopping Area,E01013365,York 023A,Shoplifting,Local resolution,
fa32052ed7b9040599e90c02bbdf5b60384f11bbd750d27408528071a6dc1f38,2019-03,North Yorkshire Police,North Yorkshire Police,-1.077482,53.922153,On or near Shopping Area,E01013365,York 023A,Shoplifting,Under investigation,
7b9512c016954e264f4e9dc55fe91652743c82a70e6afbe167291b76e6af4e3c,2019-03,North Yorkshire Police,North Yorkshire Police,-1.077482,53.922153,On or near Shopping Area,E01013365,York 023A,Shoplifting,Under investigation,
26e0263825a4c987999c4a0c79459d9fae5f4ed353135be2a9c98d718378a07e,2019-03,North Yorkshire Police,North Yorkshire Police,-1.077482,53.922153,On or near Shopping Area,E01013365,York 023A,Shoplifting,Under investigation,
a268b7e4e2de8d46016fda1c55617a07f3a039c34428dcdd2b99c120178fd68a,2019-03,North Yorkshire Police,North Yorkshire Police,-1.077482,53.922153,On or near Shopping Area,E01013365,York 023A,Shoplifting,Under investigation,
52f2a6c1186a30dfd6ed8ab07bdee4bc3995d45db70e9e2e7ccc3a206d45059d,2019-03,North Yorkshire Police,North Yorkshire Police,-1.077482,53.922153,On or near Shopping Area,E01013365,York 023A,Shoplifting,Under investigation,
aa585938c6154c157a28a3a8d586ccb09b27ef0421b5c1a79302ca93b5e109fc,2019-03,North Yorkshire Police,North Yorkshire Police,-1.077482,53.922153,On or near Shopping Area,E01013365,York 023A,Shoplifting,Under investigation,
1cc7a8e3d61a62aed5537257105c95a91a6335629f66e5a3d1b2c57937a8e8f0,2019-03,North Yorkshire Police,North Yorkshire Police,-1.077482,53.922153,On or near Shopping Area,E01013365,York 023A,Theft from the person,Investigation complete; no suspect identified,
ae8d940249ca37a0cea7c66e7fa6b95687254241177f14a8c55d5cb79cd73e53,2019-03,North Yorkshire Police,North Yorkshire Police,-1.070486,53.933415,On or near Glen Close,E01013365,York 023A,Violence and sexual offences,Unable to prosecute suspect,
3f8595bb4e93d665856a10d17ae1f6ffa4dc92e5791653e781fb90d767765892,2019-03,North Yorkshire Police,North Yorkshire Police,-1.070486,53.933415,On or near Glen Close,E01013365,York 023A,Violence and sexual offences,Under investigation,
fe7b7c01d7f2d146b7f777124498d9b45ee5303ea85d7b38a527ec49f799e247,2019-03,North Yorkshire Police,North Yorkshire Police,-1.077482,53.922153,On or near Shopping Area,E01013365,York 023A,Violence and sexual offences,Under investigation,
8ff3cf874134d8a4bac8ff4b05168660bbb22b338e6b8db9d8ca9a394e81ad55,2019-03,North Yorkshire Police,North Yorkshire Police,-1.066485,53.937312,On or near Eastward Avenue,E01013365,York 023A,Violence and sexual offences,Under investigation,
,2019-03,North Yorkshire Police,North Yorkshire Police,-1.038899,53.948536,On or near Sussex Road,E01013378,York 023B,Anti-social behaviour,,
423f2060ff5c3ccaa6a825bbe8749fde92606a59c4f82bd70de14fe6cc5bcbc1,2019-03,North Yorkshire Police,North Yorkshire Police,-1.031708,53.951148,On or near Deramore Drive,E01013378,York 023B,Burglary,Under investigation,
e5baeefe25b62d8ce3f9eb5f61284f62ebb64ad97557069d83763f2a07351594,2019-03,North Yorkshire Police,North Yorkshire Police,-1.053612,53.948824,On or near Parking Area,E01013378,York 023B,Criminal damage and arson,Under investigation,
5281f8f197a8b4617521a634c225255e71c4d75d990bbb49390d5ff3446bd3d0,2019-03,North Yorkshire Police,North Yorkshire Police,-1.031708,53.951148,On or near Deramore Drive,E01013378,York 023B,Other theft,Investigation complete; no suspect identified,
2daafa87d6377736a8691432b87ddceb39f171c6dcaa8a52735b87140af46423,2019-03,North Yorkshire Police,North Yorkshire Police,-1.031708,53.951148,On or near Deramore Drive,E01013378,York 023B,Other theft,Unable to prosecute suspect,
d30d293c027401d32d520781e142aa7a18c8a685b71f6de3c859147b4c8cc7b7,2019-03,North Yorkshire Police,North Yorkshire Police,-1.038899,53.948536,On or near Sussex Road,E01013378,York 023B,Public order,Under investigation,
211460c40ee92f10117b411c62f585e384319f2dc83cdd8650b23d281a071d5f,2019-03,North Yorkshire Police,North Yorkshire Police,-1.053612,53.948824,On or near Parking Area,E01013378,York 023B,Violence and sexual offences,Unable to prosecute suspect,
d941b031aef6f8cc73e7f4f03b989e451493abadec8996be0a1a1a9179e2ee75,2019-03,North Yorkshire Police,North Yorkshire Police,-1.048596,53.949611,On or near Parking Area,E01013378,York 023B,Violence and sexual offences,Unable to prosecute suspect,
f914d2bc0b0c95ba9c2ddd2d655a53b00619c8499159e75ac0898421437f7a62,2019-03,North Yorkshire Police,North Yorkshire Police,-1.052228,53.950053,On or near Parking Area,E01013378,York 023B,Violence and sexual offences,Under investigation,
f7668588a28c2bee0c44c62e8e09032b3d16579c772f7f24f8dfe6ea396bc634,2019-03,North Yorkshire Police,North Yorkshire Police,-1.047670,53.948795,On or near Alcuin Way,E01013378,York 023B,Violence and sexual offences,Under investigation,
4f8a5cfdf62c712f5285ac0eac15c2c787cdff4959f8b6c34fc08dca8aa4f639,2019-03,North Yorkshire Police,North Yorkshire Police,-1.053612,53.948824,On or near Parking Area,E01013378,York 023B,Violence and sexual offences,Under investigation,
,2019-03,North Yorkshire Police,North Yorkshire Police,-1.057269,53.917035,On or near A19,E01013450,York 023C,Anti-social behaviour,,
,2019-03,North Yorkshire Police,North Yorkshire Police,-1.037146,53.910170,On or near Wheldrake Lane,E01013450,York 023C,Anti-social behaviour,,
,2019-03,North Yorkshire Police,North Yorkshire Police,-0.978048,53.908369,On or near Haggwood Walk,E01013450,York 023C,Anti-social behaviour,,
,2019-03,North Yorkshire Police,North Yorkshire Police,-1.046228,53.883062,On or near Petrol Station,E01013450,York 023C,Anti-social behaviour,,
10663316625ac9d3a5f9b3eb9b8fefd5c85ef88550b7625ff0c7a26defc4c018,2019-03,North Yorkshire Police,North Yorkshire Police,-1.046228,53.883062,On or near Petrol Station,E01013450,York 023C,Other theft,Under investigation,
bceb47a3a4e61888f2993bcf9bb3fad0e17b17eb16f57c3bf040df4d0606b5d2,2019-03,North Yorkshire Police,North Yorkshire Police,-1.046228,53.883062,On or near Petrol Station,E01013450,York 023C,Other theft,Under investigation,
f02302dd02e2905ee026e3b39f465f021294663fd85967158b377e00ae41d0ac,2019-03,North Yorkshire Police,North Yorkshire Police,-1.046228,53.883062,On or near Petrol Station,E01013450,York 023C,Other theft,Unable to prosecute suspect,
a9568a4bca5e4f9833ea3c8befb4e8a3c100968d4d47e65b21be9ce508ab25f1,2019-03,North Yorkshire Police,North Yorkshire Police,-0.974009,53.893693,On or near Millfield Court,E01013450,York 023C,Other theft,Investigation complete; no suspect identified,
0df2d21c7703f6b4acb342dd3162b293bd861ba40063b7071ad994f8059ae519,2019-03,North Yorkshire Police,North Yorkshire Police,-1.088282,53.903810,On or near Naburn Park Mews,E01013450,York 023C,Violence and sexual offences,Under investigation,
ba3f5d95b6f3e30f5842c3b8c69a6249f44ec086a5ed7d2f4ae14b314fba8f99,2019-03,North Yorkshire Police,North Yorkshire Police,-1.102962,53.919092,On or near Appleton Road,E01013340,York 024A,Burglary,Under investigation,
1b0cf60e2838bc28e87a1760a9c0d561302b308c9926792b427bca585bfa10bf,2019-03,North Yorkshire Police,North Yorkshire Police,-1.096694,53.921688,On or near Supermarket,E01013340,York 024A,Other theft,Unable to prosecute suspect,
2ad9d6af40044c86c645afddc3a212e4053efcba28a4d49792f7430409f30ebd,2019-03,North Yorkshire Police,North Yorkshire Police,-1.092954,53.922118,On or near Chantry Lane,E01013340,York 024A,Violence and sexual offences,Investigation complete; no suspect identified,
a83eca781fd0fb424cd840165e6ba0a42e2684e6fbb5b9a79c0a20011aaef038,2019-03,North Yorkshire Police,North Yorkshire Police,-1.102129,53.921747,On or near Kirkwell,E01013340,York 024A,Violence and sexual offences,Under investigation,
,2019-03,North Yorkshire Police,North Yorkshire Police,-1.099171,53.919100,On or near Maple Avenue,E01013341,York 024B,Anti-social behaviour,,
f99eee550ccb6275dbd34cc46dd427f136ec945e7e39f86b328cda44afeb3c94,2019-03,North Yorkshire Police,North Yorkshire Police,-1.098349,53.920496,On or near Croft Court,E01013341,York 024B,Other theft,Under investigation,
676bb51e38b9e2f6ecafabe983f3db8a9868700afbccbf0d2e5632412fde2ac4,2019-03,North Yorkshire Police,North Yorkshire Police,-1.099613,53.920469,On or near School Lane,E01013341,York 024B,Violence and sexual offences,Under investigation,
1b51abc66a36cfcfb04731d0d7d54887fac3fc5b2511f87e5fd1510515fde5c8,2019-03,North Yorkshire Police,North Yorkshire Police,-1.099613,53.920469,On or near School Lane,E01013341,York 024B,Violence and sexual offences,Under investigation,
,2019-03,North Yorkshire Police,North Yorkshire Police,-1.095966,53.916613,On or near Keble Park North,E01013342,York 024C,Anti-social behaviour,,
7a64f98da9bb78664946e9fc75202e149ff56092119967a0b7b7b6c9b3ed0eb7,2019-03,North Yorkshire Police,North Yorkshire Police,-1.095477,53.915270,On or near Keble Gardens,E01013342,York 024C,Other theft,Under investigation,
4f02fdbf0217e622a420e0967fcb9d76db81c07d59f5a642a7bf1bd8715da9cd,2019-03,North Yorkshire Police,North Yorkshire Police,-1.095966,53.916613,On or near Keble Park North,E01013342,York 024C,Violence and sexual offences,Under investigation,
,2019-03,North Yorkshire Police,North Yorkshire Police,-1.139619,53.912817,On or near Beadle Garth,E01013424,York 024E,Anti-social behaviour,,
abebfe2742f9a88f452d22f161402f03e25766e5a63168068c153816cf2ca4cc,2019-03,North Yorkshire Police,North Yorkshire Police,-1.142235,53.910715,On or near Nalton Close,E01013424,York 024E,Criminal damage and arson,Under investigation,
eb31f25ada089d7153a0913b4711a016093ffbcfe7fabd748ced28ef41ffb184,2019-03,North Yorkshire Police,North Yorkshire Police,-1.143647,53.915372,On or near School Lane,E01013424,York 024E,Other theft,Under investigation,
fddf3cd2e29fcca2dfb294abbdd12f6dfdc1e57f472c5d9235172cccf5fdf4a0,2019-03,North Yorkshire Police,North Yorkshire Police,-1.142235,53.910715,On or near Nalton Close,E01013424,York 024E,Violence and sexual offences,Under investigation,
441f71b7b99d10e0b88b89e74259d2969f78445ca5accb5b9edacf4a7fd452fc,2019-03,North Yorkshire Police,North Yorkshire Police,-1.140886,53.911909,On or near Station Road,E01013424,York 024E,Violence and sexual offences,Unable to prosecute suspect,
,2019-03,North Yorkshire Police,North Yorkshire Police,-1.139179,53.916445,On or near Croft Farm Close,E01013425,York 024F,Anti-social behaviour,,
,2019-03,North Yorkshire Police,North Yorkshire Police,-1.139892,53.915830,On or near Low Green,E01013425,York 024F,Anti-social behaviour,,
,2019-03,North Yorkshire Police,North Yorkshire Police,-1.137239,53.913079,On or near Parking Area,E01013425,York 024F,Anti-social behaviour,,
fb2cdd6306a5d6cf1b891edac2c1b88b8370a93f1205acfdd77717306f9cce83,2019-03,North Yorkshire Police,North Yorkshire Police,-1.139179,53.916445,On or near Croft Farm Close,E01013425,York 024F,Criminal damage and arson,Investigation complete; no suspect identified,
7a9a7a8a20bbb45ef48ca9de79d8769ae049afa558bb014800b658b681353e84,2019-03,North Yorkshire Police,North Yorkshire Police,-1.128662,53.908936,On or near Temple Lane,E01013425,York 024F,Public order,Under investigation,
,2019-03,North Yorkshire Police,North Yorkshire Police,,,No Location,,,Anti-social behaviour,,
,2019-03,North Yorkshire Police,North Yorkshire Police,,,No Location,,,Anti-social behaviour,,
,2019-03,North Yorkshire Police,North Yorkshire Police,,,No Location,,,Anti-social behaviour,,
,2019-03,North Yorkshire Police,North Yorkshire Police,,,No Location,,,Anti-social behaviour,,
,2019-03,North Yorkshire Police,North Yorkshire Police,,,No Location,,,Anti-social behaviour,,
,2019-03,North Yorkshire Police,North Yorkshire Police,,,No Location,,,Anti-social behaviour,,
,2019-03,North Yorkshire Police,North Yorkshire Police,,,No Location,,,Anti-social behaviour,,
,2019-03,North Yorkshire Police,North Yorkshire Police,-7.410686,54.311856,On or near Nutfield Road,,,Anti-social behaviour,,
,2019-03,North Yorkshire Police,North Yorkshire Police,-7.410686,54.311856,On or near Nutfield Road,,,Anti-social behaviour,,
,2019-03,North Yorkshire Police,North Yorkshire Police,,,No Location,,,Anti-social behaviour,,
,2019-03,North Yorkshire Police,North Yorkshire Police,,,No Location,,,Anti-social behaviour,,
,2019-03,North Yorkshire Police,North Yorkshire Police,,,No Location,,,Anti-social behaviour,,
,2019-03,North Yorkshire Police,North Yorkshire Police,,,No Location,,,Anti-social behaviour,,
,2019-03,North Yorkshire Police,North Yorkshire Police,,,No Location,,,Anti-social behaviour,,
,2019-03,North Yorkshire Police,North Yorkshire Police,,,No Location,,,Anti-social behaviour,,
,2019-03,North Yorkshire Police,North Yorkshire Police,,,No Location,,,Anti-social behaviour,,
,2019-03,North Yorkshire Police,North Yorkshire Police,,,No Location,,,Anti-social behaviour,,
,2019-03,North Yorkshire Police,North Yorkshire Police,,,No Location,,,Anti-social behaviour,,
,2019-03,North Yorkshire Police,North Yorkshire Police,,,No Location,,,Anti-social behaviour,,
,2019-03,North Yorkshire Police,North Yorkshire Police,,,No Location,,,Anti-social behaviour,,
,2019-03,North Yorkshire Police,North Yorkshire Police,,,No Location,,,Anti-social behaviour,,
,2019-03,North Yorkshire Police,North Yorkshire Police,,,No Location,,,Anti-social behaviour,,
,2019-03,North Yorkshire Police,North Yorkshire Police,,,No Location,,,Anti-social behaviour,,
,2019-03,North Yorkshire Police,North Yorkshire Police,,,No Location,,,Anti-social behaviour,,
,2019-03,North Yorkshire Police,North Yorkshire Police,,,No Location,,,Anti-social behaviour,,
,2019-03,North Yorkshire Police,North Yorkshire Police,,,No Location,,,Anti-social behaviour,,
,2019-03,North Yorkshire Police,North Yorkshire Police,,,No Location,,,Anti-social behaviour,,
,2019-03,North Yorkshire Police,North Yorkshire Police,,,No Location,,,Anti-social behaviour,,
,2019-03,North Yorkshire Police,North Yorkshire Police,,,No Location,,,Anti-social behaviour,,
,2019-03,North Yorkshire Police,North Yorkshire Police,,,No Location,,,Anti-social behaviour,,
,2019-03,North Yorkshire Police,North Yorkshire Police,,,No Location,,,Anti-social behaviour,,
,2019-03,North Yorkshire Police,North Yorkshire Police,,,No Location,,,Anti-social behaviour,,
,2019-03,North Yorkshire Police,North Yorkshire Police,,,No Location,,,Anti-social behaviour,,
,2019-03,North Yorkshire Police,North Yorkshire Police,,,No Location,,,Anti-social behaviour,,
,2019-03,North Yorkshire Police,North Yorkshire Police,,,No Location,,,Anti-social behaviour,,
,2019-03,North Yorkshire Police,North Yorkshire Police,,,No Location,,,Anti-social behaviour,,
fbaa72829f58100777fc32a5c9f334489df2da7916a37643c0a0a0927749109a,2019-03,North Yorkshire Police,North Yorkshire Police,,,No Location,,,Criminal damage and arson,Under investigation,
7926d5a1eab4cea4d0e2f75eb0d29b644b7287428d44fdf2a598ae64132e94fb,2019-03,North Yorkshire Police,North Yorkshire Police,,,No Location,,,Criminal damage and arson,Under investigation,
36784cc7ce78c671a2d895ef42e381567042c915b51f20cb35e2c69fbc13fab3,2019-03,North Yorkshire Police,North Yorkshire Police,,,No Location,,,Criminal damage and arson,Under investigation,
1497906a07e4e79d563f3a11de8363904ebeff3c76c11a5ce9d254e01e0f8fcb,2019-03,North Yorkshire Police,North Yorkshire Police,,,No Location,,,Criminal damage and arson,Under investigation,
68322aca726f4172f2d207c4e16d746968ab44f067f3b0b0717f28dec3d4ec3c,2019-03,North Yorkshire Police,North Yorkshire Police,,,No Location,,,Criminal damage and arson,Offender given a caution,
6360d1106a576b619ffd892afd712574ddc75f3a7f524508660e0b17a5018d54,2019-03,North Yorkshire Police,North Yorkshire Police,,,No Location,,,Criminal damage and arson,Investigation complete; no suspect identified,
466f78741d3398237d71a30c1810dd505924a91dbc955fd413d7a2113f6626d0,2019-03,North Yorkshire Police,North Yorkshire Police,,,No Location,,,Public order,Formal action is not in the public interest,
0946c44626b3b66384082288723d126113a6581feed1bd08e3066184d1fcdc4c,2019-03,North Yorkshire Police,North Yorkshire Police,,,No Location,,,Shoplifting,Offender given conditional discharge,
2ef2438ae76ea62720b63fb6d42a1d869d5067a0b52ba215280813f079dd6407,2019-03,North Yorkshire Police,North Yorkshire Police,,,No Location,,,Shoplifting,Under investigation,
533b326ce4779fa3dae8f4bbbbeb2e89325ceb126182068c4ad7dbaeca297940,2019-03,North Yorkshire Police,North Yorkshire Police,,,No Location,,,Vehicle crime,Investigation complete; no suspect identified,
d01c97d611d42a60f4153cb22002616792276aff41d7d5a2a4f923048ca91c95,2019-03,North Yorkshire Police,North Yorkshire Police,,,No Location,,,Violence and sexual offences,Under investigation,
a842c3328c3a55b0e5ec55b4e194767bb35db9de3cb771ca5095f9933164a4e4,2019-03,North Yorkshire Police,North Yorkshire Police,,,No Location,,,Violence and sexual offences,Under investigation,
161502734cf450a30b57fcd1a68f57f2a407ceb0223dadf13573b0bc7d44f7d2,2019-03,North Yorkshire Police,North Yorkshire Police,,,No Location,,,Violence and sexual offences,Under investigation,
56bfefb2e3d193d9e9141620bec9d291ea6649dae25e107dede4c143433198a3,2019-03,North Yorkshire Police,North Yorkshire Police,,,No Location,,,Violence and sexual offences,Under investigation,
