Crime ID,Month,Reported by,Falls within,Longitude,Latitude,Location,LSOA code,LSOA name,Crime type,Last outcome category,Context
c64288a1c3a0629e68f9b4123d5506efc4ab134dba4e0a9331797df626fe9d29,2019-02,Lancashire Constabulary,Lancashire Constabulary,-1.829566,52.465555,On or near Berkeley Road East,E01008882,Birmingham 066A,Violence and sexual offences,Action to be taken by another organisation,
,2019-02,Lancashire Constabulary,Lancashire Constabulary,-2.462042,53.762509,On or near Kelsall Avenue,E01012607,Blackburn with Darwen 001A,Anti-social behaviour,,
,2019-02,Lancashire Constabulary,Lancashire Constabulary,-2.452623,53.765421,On or near Lower Philips Road,E01012607,Blackburn with Darwen 001A,Anti-social behaviour,,
,2019-02,Lancashire Constabulary,Lancashire Constabulary,-2.454551,53.768343,On or near Cunliffe Road,E01012607,Blackburn with Darwen 001A,Anti-social behaviour,,
,2019-02,Lancashire Constabulary,Lancashire Constabulary,-2.452623,53.765421,On or near Lower Philips Road,E01012607,Blackburn with Darwen 001A,Anti-social behaviour,,
,2019-02,Lancashire Constabulary,Lancashire Constabulary,-2.465978,53.767257,On or near Stone Hill Drive,E01012607,Blackburn with Darwen 001A,Anti-social behaviour,,
,2019-02,Lancashire Constabulary,Lancashire Constabulary,-2.452623,53.765421,On or near Lower Philips Road,E01012607,Blackburn with Darwen 001A,Anti-social behaviour,,
d747ce7ae60591d717e38374c9bcc0ca867e181b80d1915ac65fb8c8ba6c1929,2019-02,Lancashire Constabulary,Lancashire Constabulary,-2.464039,53.766168,On or near Rowan Close,E01012607,Blackburn with Darwen 001A,Criminal damage and arson,Status update unavailable,
bb8c6738666303d0f2e27452c895ed34bad32008b89bfd37dfe697af984aa001,2019-02,Lancashire Constabulary,Lancashire Constabulary,-2.458905,53.762781,On or near Philips Road,E01012607,Blackburn with Darwen 001A,Other theft,Status update unavailable,
,2019-02,Lancashire Constabulary,Lancashire Constabulary,-2.476515,53.769337,On or near Pearl Street,E01012608,Blackburn with Darwen 001B,Anti-social behaviour,,
,2019-02,Lancashire Constabulary,Lancashire Constabulary,-2.473663,53.768018,On or near Douglas Place,E01012608,Blackburn with Darwen 001B,Anti-social behaviour,,
,2019-02,Lancashire Constabulary,Lancashire Constabulary,-2.474674,53.770234,On or near Peridot Close,E01012608,Blackburn with Darwen 001B,Anti-social behaviour,,
,2019-02,Lancashire Constabulary,Lancashire Constabulary,-2.475607,53.768253,On or near Gretna Road,E01012608,Blackburn with Darwen 001B,Anti-social behaviour,,
9e9d5e707188cdeb85191f1ab6af9a1206e9f5326b78e1abe7f1dd8a1e49c432,2019-02,Lancashire Constabulary,Lancashire Constabulary,-2.475059,53.766709,On or near Whalley New Road,E01012608,Blackburn with Darwen 001B,Burglary,Status update unavailable,
d99822fcc5e7ec9d60569a02894464e7db3516d5ac2da4a7757c5be3f150ab3c,2019-02,Lancashire Constabulary,Lancashire Constabulary,-2.476246,53.768421,On or near Jasper Street,E01012608,Blackburn with Darwen 001B,Burglary,Status update unavailable,
166d87f8abab6402856f60871a96a79ba46707e0f0f6ca3276e99f526fe89c57,2019-02,Lancashire Constabulary,Lancashire Constabulary,-2.475059,53.766709,On or near Whalley New Road,E01012608,Blackburn with Darwen 001B,Burglary,Status update unavailable,
cd08354a7408d20d227ed4b0a338e71aa647ca1a997d3748c88ca830d4e9d039,2019-02,Lancashire Constabulary,Lancashire Constabulary,-2.475607,53.768253,On or near Gretna Road,E01012608,Blackburn with Darwen 001B,Other theft,Status update unavailable,
1fd65f1684a4ca420ec80b14e576660d87d4ec5c7d393e82911ca3b9be51b946,2019-02,Lancashire Constabulary,Lancashire Constabulary,-2.474098,53.770335,On or near Amber Avenue,E01012608,Blackburn with Darwen 001B,Public order,Status update unavailable,
65ee7fac1ac16fb4b960ea984d618f936738362cd8f5430a1354a5bfe8619f15,2019-02,Lancashire Constabulary,Lancashire Constabulary,-2.474591,53.766891,On or near Sapphire Street,E01012608,Blackburn with Darwen 001B,Vehicle crime,Status update unavailable,
0116bb4a1e585114a04514c3a9536cda08d9f79aff8a9b5eca9ad25e695362de,2019-02,Lancashire Constabulary,Lancashire Constabulary,-2.474237,53.766514,On or near Agate Street,E01012608,Blackburn with Darwen 001B,Violence and sexual offences,Status update unavailable,
619d6a6bb2afc5afa7d9a26b6a83d24aa1941b9bcab383f916659873e6d48399,2019-02,Lancashire Constabulary,Lancashire Constabulary,-2.476246,53.768421,On or near Jasper Street,E01012608,Blackburn with Darwen 001B,Violence and sexual offences,Status update unavailable,
10b7f00865f3d8961aa8121ca4b31dae0f266f5f558de3d5d5312fd6090ef72c,2019-02,Lancashire Constabulary,Lancashire Constabulary,-2.471857,53.769355,On or near Highbank,E01012608,Blackburn with Darwen 001B,Violence and sexual offences,Status update unavailable,
381daf4dcd479ef806051e2de28ac4254de45796eb759efd2925c7d6b9a5ec02,2019-02,Lancashire Constabulary,Lancashire Constabulary,-2.474674,53.770234,On or near Peridot Close,E01012608,Blackburn with Darwen 001B,Violence and sexual offences,Formal action is not in the public interest,
2835f22fd85ddffc0af880aeeeadb2d1e88c0287899bdf2b7f2472b805f71fe6,2019-02,Lancashire Constabulary,Lancashire Constabulary,-2.474674,53.770234,On or near Peridot Close,E01012608,Blackburn with Darwen 001B,Violence and sexual offences,Status update unavailable,
,2019-02,Lancashire Constabulary,Lancashire Constabulary,-2.480452,53.774058,On or near Whalley New Road,E01012633,Blackburn with Darwen 001C,Anti-social behaviour,,
,2019-02,Lancashire Constabulary,Lancashire Constabulary,-2.479049,53.772050,On or near Cornelian Street,E01012633,Blackburn with Darwen 001C,Anti-social behaviour,,
,2019-02,Lancashire Constabulary,Lancashire Constabulary,-2.484873,53.770588,On or near Wilworth Crescent,E01012633,Blackburn with Darwen 001C,Anti-social behaviour,,
76cb473ff70a11f12ce4bc7b7cee347da041181a60f58f989cac0799776fc82a,2019-02,Lancashire Constabulary,Lancashire Constabulary,-2.489600,53.769949,On or near Ramsgreave Drive,E01012633,Blackburn with Darwen 001C,Burglary,Status update unavailable,
05059b1294dc4eb432dd60e8d17510ee07cbb512f245baef88c1691ec6717563,2019-02,Lancashire Constabulary,Lancashire Constabulary,-2.486874,53.769088,On or near Sports/Recreation Area,E01012633,Blackburn with Darwen 001C,Burglary,Status update unavailable,
5273089ff87a074551562e395e13ffa5499ca91dd2eea4e70a17cc56a22ca352,2019-02,Lancashire Constabulary,Lancashire Constabulary,-2.486749,53.771444,On or near Ramsgreave Drive,E01012633,Blackburn with Darwen 001C,Burglary,Status update unavailable,
3d1f85fd3df62ef7c533a8d7cd8a0810fc31a16a5d06cc12d9a805d5757c198c,2019-02,Lancashire Constabulary,Lancashire Constabulary,-2.479301,53.775527,On or near Whalley New Road,E01012633,Blackburn with Darwen 001C,Criminal damage and arson,Status update unavailable,
b16f8190a93215e93ac062be35fd0e36251d5a3ff7cce11362a1d3564d6833f1,2019-02,Lancashire Constabulary,Lancashire Constabulary,-2.479967,53.774105,On or near Whalley New Road,E01012633,Blackburn with Darwen 001C,Public order,Status update unavailable,
009d8df2aafa33d9230c2b70f629455c5d826df867610789f243978ec977358b,2019-02,Lancashire Constabulary,Lancashire Constabulary,-2.486749,53.771444,On or near Ramsgreave Drive,E01012633,Blackburn with Darwen 001C,Vehicle crime,Status update unavailable,
93f51d33a09728b73941af093c8f9e493e4788221f77091064cfd6cd15cab64c,2019-02,Lancashire Constabulary,Lancashire Constabulary,-2.479301,53.775527,On or near Whalley New Road,E01012633,Blackburn with Darwen 001C,Violence and sexual offences,Unable to prosecute suspect,
2c1358c3b20fc56c0791fc1ebaebb0163140f42a5375daf98b20be389eed77cb,2019-02,Lancashire Constabulary,Lancashire Constabulary,-2.478486,53.770623,On or near Ruby Street,E01012633,Blackburn with Darwen 001C,Violence and sexual offences,Status update unavailable,
b5a3765a2e99baabe60ad1053356cd8577b872af70a2048d2e38fa44ad073a46,2019-02,Lancashire Constabulary,Lancashire Constabulary,-2.477094,53.776264,On or near Brownhill Road,E01012633,Blackburn with Darwen 001C,Violence and sexual offences,Status update unavailable,
4a3e2fba67caff96b132b6c55fd8558728b9174229bc0683f952ad8003224493,2019-02,Lancashire Constabulary,Lancashire Constabulary,-2.478486,53.770623,On or near Ruby Street,E01012633,Blackburn with Darwen 001C,Violence and sexual offences,Status update unavailable,
2a034e7b35b8393d2f3c968f67742f5d108c9e2ee0e374b69dc74ed78035a1e0,2019-02,Lancashire Constabulary,Lancashire Constabulary,-2.480452,53.774058,On or near Whalley New Road,E01012633,Blackburn with Darwen 001C,Violence and sexual offences,Unable to prosecute suspect,
0f2fb14c36330c1b421bfb725ff0209ac5359b23262e5251fe4405436a34c750,2019-02,Lancashire Constabulary,Lancashire Constabulary,-2.490022,53.768401,On or near Sports/Recreation Area,E01012633,Blackburn with Darwen 001C,Violence and sexual offences,Status update unavailable,
6e7251d7043d660d1d4d0ca572c8d323c4731db4140139a9004acb88906bd37d,2019-02,Lancashire Constabulary,Lancashire Constabulary,-2.490022,53.768401,On or near Sports/Recreation Area,E01012633,Blackburn with Darwen 001C,Violence and sexual offences,Status update unavailable,
44140e8628a245e6c2fab7882af563b7117322ae1448debfe8a07d01b2d47fee,2019-02,Lancashire Constabulary,Lancashire Constabulary,-2.490022,53.768401,On or near Sports/Recreation Area,E01012633,Blackburn with Darwen 001C,Violence and sexual offences,Status update unavailable,
63e9b03569307a7a6513ec6ddb209cfcf0d4dc3541197c9e25283c3f78553543,2019-02,Lancashire Constabulary,Lancashire Constabulary,-2.475456,53.773673,On or near Brownhill Drive,E01012633,Blackburn with Darwen 001C,Violence and sexual offences,Further investigation is not in the public interest,
4d2a3b7df12a3e37123063fffa022b1e4d06ff4ed1284c2774328fd91a7a68d3,2019-02,Lancashire Constabulary,Lancashire Constabulary,-2.484873,53.770588,On or near Wilworth Crescent,E01012633,Blackburn with Darwen 001C,Violence and sexual offences,Status update unavailable,
,2019-02,Lancashire Constabulary,Lancashire Constabulary,-2.479290,53.765245,On or near Cranshaw Drive,E01012634,Blackburn with Darwen 001D,Anti-social behaviour,,
7752e3fb98bb4a47944fa7c037f6c1107c294216ffa12b52ef49f6ea2c2aa40b,2019-02,Lancashire Constabulary,Lancashire Constabulary,-2.479576,53.767680,On or near Pemberton Street,E01012634,Blackburn with Darwen 001D,Burglary,Awaiting court outcome,
06a6f601930cd3c4f5a519eb7a53a70ee7fe97f800c4294d8df43872df734828,2019-02,Lancashire Constabulary,Lancashire Constabulary,-2.479494,53.764561,On or near Ottershaw Gardens,E01012634,Blackburn with Darwen 001D,Burglary,Status update unavailable,
a3c8fade379df1bf88695f06d4c6cc80cde3aa055e7162162a1df74e1b1c3fd9,2019-02,Lancashire Constabulary,Lancashire Constabulary,-2.476423,53.765283,On or near Rosewood Avenue,E01012634,Blackburn with Darwen 001D,Criminal damage and arson,Unable to prosecute suspect,
5390ff6a4d69eda8815e2a8d41b7192596bfe14f2eb5d4f17bf4f2b36d0ee78e,2019-02,Lancashire Constabulary,Lancashire Constabulary,-2.479576,53.767680,On or near Pemberton Street,E01012634,Blackburn with Darwen 001D,Criminal damage and arson,Offender ordered to pay compensation,
f0847cc98193956014302cc8ed8ebbc1ff6b67f55a86d39d081d7287203f8fa6,2019-02,Lancashire Constabulary,Lancashire Constabulary,-2.476423,53.765283,On or near Rosewood Avenue,E01012634,Blackburn with Darwen 001D,Violence and sexual offences,Further investigation is not in the public interest,
55816026bb6efaa3a6ac3e2073c3a01608bb5d363e6c0cfe363e102b41c22974,2019-02,Lancashire Constabulary,Lancashire Constabulary,-2.476423,53.765283,On or near Rosewood Avenue,E01012634,Blackburn with Darwen 001D,Violence and sexual offences,Status update unavailable,
fc0e2d4a89cd51787fbdd1c5d464c66b76bb62df6ef5610de132526728a2e19b,2019-02,Lancashire Constabulary,Lancashire Constabulary,-2.479576,53.767680,On or near Pemberton Street,E01012634,Blackburn with Darwen 001D,Violence and sexual offences,Status update unavailable,
59fe231f6848f1ed4157b708ba71dbbc513d616da7939503be8c6058d79153a7,2019-02,Lancashire Constabulary,Lancashire Constabulary,-2.476423,53.765283,On or near Rosewood Avenue,E01012634,Blackburn with Darwen 001D,Violence and sexual offences,Status update unavailable,
967d3120efc822b1f6dfecbfb21a430c8966e1324879f983871c7399df8a69ac,2019-02,Lancashire Constabulary,Lancashire Constabulary,-2.478692,53.767387,On or near Campbell Street,E01012634,Blackburn with Darwen 001D,Violence and sexual offences,Status update unavailable,
49113378095abdc737bccebb55201d2be4b8eae630330abe6df5aa6b3f75e925,2019-02,Lancashire Constabulary,Lancashire Constabulary,-2.476423,53.765283,On or near Rosewood Avenue,E01012634,Blackburn with Darwen 001D,Violence and sexual offences,Status update unavailable,
,2019-02,Lancashire Constabulary,Lancashire Constabulary,-2.487086,53.759884,On or near Further/Higher Educational Building,E01012635,Blackburn with Darwen 001E,Anti-social behaviour,,
,2019-02,Lancashire Constabulary,Lancashire Constabulary,-2.487086,53.759884,On or near Further/Higher Educational Building,E01012635,Blackburn with Darwen 001E,Anti-social behaviour,,
6d3c993f9c09734e804ac0fc23e153695932978ad054359561843f8d6642c274,2019-02,Lancashire Constabulary,Lancashire Constabulary,-2.487513,53.760107,On or near Shear Brow,E01012635,Blackburn with Darwen 001E,Public order,Status update unavailable,
192332e7e354b32378d9d1eb8f542c97a9b48d60424bd616f32326f07a355a30,2019-02,Lancashire Constabulary,Lancashire Constabulary,-2.486987,53.764459,On or near Swallowfields,E01012635,Blackburn with Darwen 001E,Vehicle crime,Status update unavailable,
a2509e21963c974927514c31ac390a5c8c2f09debe4d3095386694533ac8d781,2019-02,Lancashire Constabulary,Lancashire Constabulary,-2.482415,53.765268,On or near Goodshaw Close,E01012635,Blackburn with Darwen 001E,Vehicle crime,Status update unavailable,
c1261eecd18e86006840765c205d3205576db5d80fa5c18ba035015861d606a6,2019-02,Lancashire Constabulary,Lancashire Constabulary,-2.485018,53.762103,On or near Carham Road,E01012635,Blackburn with Darwen 001E,Violence and sexual offences,Awaiting court outcome,
55d3d703b59c22caa66d7c9502ef15742703409f5d2989686266ce84a56a6d47,2019-02,Lancashire Constabulary,Lancashire Constabulary,-2.488616,53.763599,On or near Heron Close,E01012635,Blackburn with Darwen 001E,Violence and sexual offences,Awaiting court outcome,
17414db7c2f07d6762429604ff8dde4c59b1a64ffbff7f2b6124a60739102449,2019-02,Lancashire Constabulary,Lancashire Constabulary,-2.487086,53.759884,On or near Further/Higher Educational Building,E01012635,Blackburn with Darwen 001E,Violence and sexual offences,Unable to prosecute suspect,
,2019-02,Lancashire Constabulary,Lancashire Constabulary,-2.468010,53.779482,On or near Balmoral Avenue,E01012636,Blackburn with Darwen 001F,Anti-social behaviour,,
,2019-02,Lancashire Constabulary,Lancashire Constabulary,-2.474678,53.777343,On or near Cambrian Close,E01012636,Blackburn with Darwen 001F,Anti-social behaviour,,
,2019-02,Lancashire Constabulary,Lancashire Constabulary,-2.474678,53.777343,On or near Cambrian Close,E01012636,Blackburn with Darwen 001F,Anti-social behaviour,,
,2019-02,Lancashire Constabulary,Lancashire Constabulary,-2.474938,53.774781,On or near Bank Hey Lane North,E01012636,Blackburn with Darwen 001F,Anti-social behaviour,,
8252e6455e4ddb5dcab9f8f52ec8098506abf7446a3e571eeca0ea5b17270dbb,2019-02,Lancashire Constabulary,Lancashire Constabulary,-2.478118,53.778238,On or near Kemp Court,E01012636,Blackburn with Darwen 001F,Burglary,Status update unavailable,
70eed14e5496a3fa66113678f9faf8d2c8fc4b5c196015e5205d1a47748b0a80,2019-02,Lancashire Constabulary,Lancashire Constabulary,-2.477585,53.776784,On or near Petrol Station,E01012636,Blackburn with Darwen 001F,Other theft,Status update unavailable,
165c25a1d2b9078971f9ec68e874ea20203d15f56e057b16b8d16dbcc6f06cfd,2019-02,Lancashire Constabulary,Lancashire Constabulary,-2.473900,53.778317,On or near York Crescent,E01012636,Blackburn with Darwen 001F,Other theft,Status update unavailable,
c22067386c900ee3eab99b56f8cf041e5c824c677d9f05bc9bd027a3b425de8c,2019-02,Lancashire Constabulary,Lancashire Constabulary,-2.474938,53.774781,On or near Bank Hey Lane North,E01012636,Blackburn with Darwen 001F,Public order,Unable to prosecute suspect,
932b06f9b87711d4036ca1cded1030b2f3eff88471d2299b7a313f785b7302d9,2019-02,Lancashire Constabulary,Lancashire Constabulary,-2.477585,53.776784,On or near Petrol Station,E01012636,Blackburn with Darwen 001F,Shoplifting,Status update unavailable,
ebf02f22c8c0a812fbd1ecec8dc2e35cf6b8f16edafb139b171c1c847bcc7bb1,2019-02,Lancashire Constabulary,Lancashire Constabulary,-2.477768,53.779506,On or near Ramsgreave Road,E01012636,Blackburn with Darwen 001F,Shoplifting,Status update unavailable,
ea746cd78ee33a5927bf9b92895992745ad3605c84e8cecafc2d77088d1b808b,2019-02,Lancashire Constabulary,Lancashire Constabulary,-2.477768,53.779506,On or near Ramsgreave Road,E01012636,Blackburn with Darwen 001F,Shoplifting,Status update unavailable,
72083fc94740b71cc2b76672ec25ed19a01feda6d77527376d887368e84f147f,2019-02,Lancashire Constabulary,Lancashire Constabulary,-2.477585,53.776784,On or near Petrol Station,E01012636,Blackburn with Darwen 001F,Shoplifting,Status update unavailable,
50a06c7738d42a7be0df3ea4de610d9747dfddf84bc62983b620a755de74bbed,2019-02,Lancashire Constabulary,Lancashire Constabulary,-2.477768,53.779506,On or near Ramsgreave Road,E01012636,Blackburn with Darwen 001F,Shoplifting,Status update unavailable,
a289169bb5c17e29dee082bf3bb0674e4697275302ca357dcc890002771ef863,2019-02,Lancashire Constabulary,Lancashire Constabulary,-2.477768,53.779506,On or near Ramsgreave Road,E01012636,Blackburn with Darwen 001F,Shoplifting,Awaiting court outcome,
df85caaef889abdeac405a2670df2018a473a7a6e3a04ce1c9dcd4e585e282d9,2019-02,Lancashire Constabulary,Lancashire Constabulary,-2.477768,53.779506,On or near Ramsgreave Road,E01012636,Blackburn with Darwen 001F,Shoplifting,Status update unavailable,
0cc06d146507edbeb62aa2656d52dfded3d6c83eb172943d2fc1dd10caacde94,2019-02,Lancashire Constabulary,Lancashire Constabulary,-2.470734,53.778788,On or near Parsonage Road,E01012636,Blackburn with Darwen 001F,Vehicle crime,Status update unavailable,
a1bf3cec8fb6649c89c4c908ce83963eda8a79d2f77fa3f75a0b75979b00d4d3,2019-02,Lancashire Constabulary,Lancashire Constabulary,-2.473900,53.778317,On or near York Crescent,E01012636,Blackburn with Darwen 001F,Vehicle crime,Status update unavailable,
a83436666f65611094c818576949d1442533d9c5a8cf41a03fc2089e2ea0d6cb,2019-02,Lancashire Constabulary,Lancashire Constabulary,-2.475431,53.779471,On or near Walden Road,E01012636,Blackburn with Darwen 001F,Vehicle crime,Status update unavailable,
41e9d9062d5ea2ebfd722b0b3aa8f754fe99099a5c3083b60c1ea7212b36fc2b,2019-02,Lancashire Constabulary,Lancashire Constabulary,-2.477768,53.779506,On or near Ramsgreave Road,E01012636,Blackburn with Darwen 001F,Vehicle crime,Status update unavailable,
d0235e2996f9cd2f355bf14c1d59749a130e8115db3c1d0a4bf3a4150d9142a8,2019-02,Lancashire Constabulary,Lancashire Constabulary,-2.469655,53.780042,On or near Warrenside Close,E01012636,Blackburn with Darwen 001F,Vehicle crime,Status update unavailable,
8abeca24d990300ce1d2463066f4710ef7de0f30515b190c0772cc9090859bc7,2019-02,Lancashire Constabulary,Lancashire Constabulary,-2.477768,53.779506,On or near Ramsgreave Road,E01012636,Blackburn with Darwen 001F,Violence and sexual offences,Status update unavailable,
ea9a1eaeadc135a81edb4cb113b4c955be6ef517e312c1523533f2d3390731cb,2019-02,Lancashire Constabulary,Lancashire Constabulary,-2.508181,53.764623,On or near Winnipeg Close,E01012581,Blackburn with Darwen 002A,Burglary,Investigation complete; no suspect identified,
8f902a123f4e50e9b3d6cdeca13d9e8c019fad5b8699a9fd79f921e3387cfe58,2019-02,Lancashire Constabulary,Lancashire Constabulary,-2.504046,53.765116,On or near St Lawrence Avenue,E01012581,Blackburn with Darwen 002A,Vehicle crime,Status update unavailable,
,2019-02,Lancashire Constabulary,Lancashire Constabulary,-2.512595,53.763265,On or near Stockwood Close,E01012582,Blackburn with Darwen 002B,Anti-social behaviour,,
c965cb8293a0d4f00147500a76de8ae946f6babe4e1f4a9c2122a26a373ae957,2019-02,Lancashire Constabulary,Lancashire Constabulary,-2.509321,53.756007,On or near Ryburn Avenue,E01012582,Blackburn with Darwen 002B,Burglary,Status update unavailable,
ab42619acd6a1659bd221eaac327c25c97397d4baa27d23f53bd2ece09d7d43d,2019-02,Lancashire Constabulary,Lancashire Constabulary,-2.505488,53.755125,On or near Revidge Road,E01012582,Blackburn with Darwen 002B,Criminal damage and arson,Status update unavailable,
397729cab7391364057c375b9d22a118edf757f320e2e04948028f0b00bd2f0d,2019-02,Lancashire Constabulary,Lancashire Constabulary,-2.508985,53.760844,On or near The Dene,E01012582,Blackburn with Darwen 002B,Vehicle crime,Status update unavailable,
,2019-02,Lancashire Constabulary,Lancashire Constabulary,-2.493420,53.768405,On or near Ramsgreave Drive,E01012583,Blackburn with Darwen 002C,Anti-social behaviour,,
37ce2d33ca9b43f7ab7edb0140b29e18e5518dd02d13b88c50554076482621f6,2019-02,Lancashire Constabulary,Lancashire Constabulary,-2.488352,53.761802,On or near Lammack Road,E01012583,Blackburn with Darwen 002C,Burglary,Status update unavailable,
a3f67ff91451d9f1be9a7bbd865b7e0f9dc388776b0f37cbb61513f50fec998d,2019-02,Lancashire Constabulary,Lancashire Constabulary,-2.498989,53.768526,On or near Barker Lane,E01012583,Blackburn with Darwen 002C,Other theft,Status update unavailable,
2df873c12f776314cb4be1366860b717b437a0e4a502e9fd17ee3159b7a75a3a,2019-02,Lancashire Constabulary,Lancashire Constabulary,-2.493420,53.768405,On or near Ramsgreave Drive,E01012583,Blackburn with Darwen 002C,Other theft,Status update unavailable,
e66c07f1d11acda644a7f97fb8601f6477b625118ce527420fcb717700e5df17,2019-02,Lancashire Constabulary,Lancashire Constabulary,-2.495009,53.765487,On or near Willow Trees Drive,E01012583,Blackburn with Darwen 002C,Public order,Unable to prosecute suspect,
760278b1c3addaaf5c5d995f7d232b92eaf7ef233901d470d0302345eec8b160,2019-02,Lancashire Constabulary,Lancashire Constabulary,-2.488352,53.761802,On or near Lammack Road,E01012583,Blackburn with Darwen 002C,Vehicle crime,Awaiting court outcome,
4ad9e55e7c86a7c62c2c6ad5837c281b20fda0f9b2f860f339786b9440f22d23,2019-02,Lancashire Constabulary,Lancashire Constabulary,-2.489954,53.762604,On or near Kestrel Close,E01012583,Blackburn with Darwen 002C,Vehicle crime,Status update unavailable,
5d3face7b019cfada43faad8c994041709a3b6a63c97cbd4035442387841a550,2019-02,Lancashire Constabulary,Lancashire Constabulary,-2.491197,53.762518,On or near Petrel Close,E01012583,Blackburn with Darwen 002C,Vehicle crime,Status update unavailable,
875a03bac2cc54f944ec3e7bfdb167506f342c1c0a374fe8be7ebcd59d5e7c68,2019-02,Lancashire Constabulary,Lancashire Constabulary,-2.488352,53.761802,On or near Lammack Road,E01012583,Blackburn with Darwen 002C,Violence and sexual offences,Status update unavailable,
35b5506a324c5f962790a97715e0aae6a6126dfd95120e45feb1bd8bccd01a58,2019-02,Lancashire Constabulary,Lancashire Constabulary,-2.488352,53.761802,On or near Lammack Road,E01012583,Blackburn with Darwen 002C,Violence and sexual offences,Status update unavailable,
c2749c683f29bf98543c6c3717ebc5daebc076e30dcf8d7b2bcac20fcf7046d5,2019-02,Lancashire Constabulary,Lancashire Constabulary,-2.497699,53.763336,On or near Dominion Road,E01012583,Blackburn with Darwen 002C,Other crime,Unable to prosecute suspect,
,2019-02,Lancashire Constabulary,Lancashire Constabulary,-2.501069,53.755880,On or near Edgeware Road,E01012587,Blackburn with Darwen 002D,Anti-social behaviour,,
,2019-02,Lancashire Constabulary,Lancashire Constabulary,-2.494599,53.752519,On or near The Mount,E01012587,Blackburn with Darwen 002D,Anti-social behaviour,,
,2019-02,Lancashire Constabulary,Lancashire Constabulary,-2.501370,53.753156,On or near Wellfield Road,E01012587,Blackburn with Darwen 002D,Anti-social behaviour,,
d3fcaa44bbb709370bcf4907bcaf78072d0e3c31d9dc8dd71d22aa962070f945,2019-02,Lancashire Constabulary,Lancashire Constabulary,-2.494599,53.752519,On or near The Mount,E01012587,Blackburn with Darwen 002D,Drugs,Status update unavailable,
eaebb8b953adcc16b0a9eb0dc433a8f50d52da4356be1614ca3bd01502c2f829,2019-02,Lancashire Constabulary,Lancashire Constabulary,-2.500826,53.754587,On or near Minnie Terrace,E01012587,Blackburn with Darwen 002D,Other theft,Status update unavailable,
0f40076e5b1445850c3f2056d614dceb20dea7d352c33517eb057022402d66bf,2019-02,Lancashire Constabulary,Lancashire Constabulary,-2.494599,53.752519,On or near The Mount,E01012587,Blackburn with Darwen 002D,Public order,Status update unavailable,
6ed7b099576f09578fd5ddc066fdd733942a2fe92a96c358592f5962b70e854d,2019-02,Lancashire Constabulary,Lancashire Constabulary,-2.500826,53.754587,On or near Minnie Terrace,E01012587,Blackburn with Darwen 002D,Theft from the person,Status update unavailable,
07d42546955124bcbfb55fa2ad06d75674c2c0a66b8e93633e73b34fbaf9c2b6,2019-02,Lancashire Constabulary,Lancashire Constabulary,-2.501069,53.755880,On or near Edgeware Road,E01012587,Blackburn with Darwen 002D,Vehicle crime,Status update unavailable,
33aa962bc9a4a6ec8006eafd88c636eb2e85ffc12378be5b9241f9fa96158bd9,2019-02,Lancashire Constabulary,Lancashire Constabulary,-2.501069,53.755880,On or near Edgeware Road,E01012587,Blackburn with Darwen 002D,Vehicle crime,Status update unavailable,
9694050e622d81d41b1d3f79f73f11c237a025b290bbf0fc1fc8a9b8a9bb1ce1,2019-02,Lancashire Constabulary,Lancashire Constabulary,-2.499416,53.754638,On or near Park Crescent,E01012587,Blackburn with Darwen 002D,Violence and sexual offences,Status update unavailable,
4da10da2b2b6a1781519747430708b80e6e8d117df5d66b8d405a44a2c365396,2019-02,Lancashire Constabulary,Lancashire Constabulary,-2.501370,53.753156,On or near Wellfield Road,E01012587,Blackburn with Darwen 002D,Violence and sexual offences,Status update unavailable,
,2019-02,Lancashire Constabulary,Lancashire Constabulary,-2.508462,53.752730,On or near Dinckley Square,E01012588,Blackburn with Darwen 002E,Anti-social behaviour,,
7fb57892fafb367bec8ac58de794a0a46c3da4ba56903656f025ac62287bc2d8,2019-02,Lancashire Constabulary,Lancashire Constabulary,-2.503193,53.753391,On or near Lynwood Road,E01012588,Blackburn with Darwen 002E,Criminal damage and arson,Status update unavailable,
f1c0354fe922c1dfbf5aec7c577830f0dd6be123456c9f9a0f23a4574831a37a,2019-02,Lancashire Constabulary,Lancashire Constabulary,-2.506511,53.753116,On or near Brighton Terrace,E01012588,Blackburn with Darwen 002E,Criminal damage and arson,Status update unavailable,
140b9d622e0bb49a81286b1dfd793a0612d1021224f5bd66d64233c9c903b4b2,2019-02,Lancashire Constabulary,Lancashire Constabulary,-2.503193,53.753391,On or near Lynwood Road,E01012588,Blackburn with Darwen 002E,Criminal damage and arson,Local resolution,
7a86e611e969943911b23c7878f51b03b79ebcbd270626f03d9988da9ce19ac5,2019-02,Lancashire Constabulary,Lancashire Constabulary,-2.503193,53.753391,On or near Lynwood Road,E01012588,Blackburn with Darwen 002E,Criminal damage and arson,Local resolution,
4ddd79d5a0a6a8478f348138ce87c739360bb469347d97df2d3868b5273167c6,2019-02,Lancashire Constabulary,Lancashire Constabulary,-2.505089,53.750902,On or near Petrol Station,E01012588,Blackburn with Darwen 002E,Other theft,Status update unavailable,
9cc8e81c700275e9ab76f53b44c469249a425faad0eefcfd7372de9bacb77d2a,2019-02,Lancashire Constabulary,Lancashire Constabulary,-2.504908,53.752215,On or near St Silas'S Road,E01012588,Blackburn with Darwen 002E,Other theft,Status update unavailable,
091e93d084cdff0d75eb1dff023f0d15ac41c53370c4dcc9593726d9f2cc8387,2019-02,Lancashire Constabulary,Lancashire Constabulary,-2.506511,53.753116,On or near Brighton Terrace,E01012588,Blackburn with Darwen 002E,Public order,Status update unavailable,
62a3c3bdee5bb2e367934abee0e8122f0b40cce7fe6be69be0616d68b8e13f75,2019-02,Lancashire Constabulary,Lancashire Constabulary,-2.505089,53.750902,On or near Petrol Station,E01012588,Blackburn with Darwen 002E,Shoplifting,Status update unavailable,
c1b1c24a81d5c894ccb33acd5a33339771b0a285161e673dfac629330c11ae41,2019-02,Lancashire Constabulary,Lancashire Constabulary,-2.505089,53.750902,On or near Petrol Station,E01012588,Blackburn with Darwen 002E,Shoplifting,Status update unavailable,
c3cf76349f3e51c3de2746001f92c37b2b8777d18141f0ab53ba8acf6c56f5ee,2019-02,Lancashire Constabulary,Lancashire Constabulary,-2.504382,53.752631,On or near New Bank Road,E01012588,Blackburn with Darwen 002E,Vehicle crime,Status update unavailable,
dc5778fee6b482a314dc9fd14109de4be90bd73934c969683e80daa9b3e5b172,2019-02,Lancashire Constabulary,Lancashire Constabulary,-2.503193,53.753391,On or near Lynwood Road,E01012588,Blackburn with Darwen 002E,Vehicle crime,Status update unavailable,
4bd0774a63c64b602ed8fa493d7a995fd51f821d1d0b7ccf6aafafbd554802c9,2019-02,Lancashire Constabulary,Lancashire Constabulary,-2.503193,53.753391,On or near Lynwood Road,E01012588,Blackburn with Darwen 002E,Violence and sexual offences,Further investigation is not in the public interest,
,2019-02,Lancashire Constabulary,Lancashire Constabulary,-2.471731,53.754058,On or near Parking Area,E01012574,Blackburn with Darwen 003A,Anti-social behaviour,,
21edded43e5c14784a8488ecd82d174cea69191cdfb1325d3437566f6f3aea1d,2019-02,Lancashire Constabulary,Lancashire Constabulary,-2.467380,53.754174,On or near Moss Street,E01012574,Blackburn with Darwen 003A,Burglary,Status update unavailable,
1392bccd80755614b468933ad0db452443a86e564c909a51d71a47395a0a84af,2019-02,Lancashire Constabulary,Lancashire Constabulary,-2.472768,53.753254,On or near Ullswater Close,E01012574,Blackburn with Darwen 003A,Drugs,Status update unavailable,
8dab9b95a056c4b2bdd8373bcb625e6f34c64b9d7b7f09612254d610a1cf246b,2019-02,Lancashire Constabulary,Lancashire Constabulary,-2.469429,53.754346,On or near Cloverfields,E01012574,Blackburn with Darwen 003A,Other theft,Status update unavailable,
0dd7b486485f8a60bf034c144a0cd6cbf075e7a4726bf19c4f07d1c23383bd8a,2019-02,Lancashire Constabulary,Lancashire Constabulary,-2.467832,53.755260,On or near Florence Street,E01012574,Blackburn with Darwen 003A,Public order,Unable to prosecute suspect,
,2019-02,Lancashire Constabulary,Lancashire Constabulary,-2.471863,53.761733,On or near Laburnum Road,E01012577,Blackburn with Darwen 003B,Anti-social behaviour,,
,2019-02,Lancashire Constabulary,Lancashire Constabulary,-2.470603,53.760345,On or near Willow Street,E01012577,Blackburn with Darwen 003B,Anti-social behaviour,,
,2019-02,Lancashire Constabulary,Lancashire Constabulary,-2.475038,53.759492,On or near Shopping Area,E01012577,Blackburn with Darwen 003B,Anti-social behaviour,,
,2019-02,Lancashire Constabulary,Lancashire Constabulary,-2.473445,53.763507,On or near Rosewood Avenue,E01012577,Blackburn with Darwen 003B,Anti-social behaviour,,
,2019-02,Lancashire Constabulary,Lancashire Constabulary,-2.470603,53.760345,On or near Willow Street,E01012577,Blackburn with Darwen 003B,Anti-social behaviour,,
,2019-02,Lancashire Constabulary,Lancashire Constabulary,-2.471863,53.761733,On or near Laburnum Road,E01012577,Blackburn with Darwen 003B,Anti-social behaviour,,
aa3cf9da2ad07ca6e649314a9bae3d44dae424c1c2f2772b5dc71ba6385e9dfd,2019-02,Lancashire Constabulary,Lancashire Constabulary,-2.475142,53.760669,On or near Holly Street,E01012577,Blackburn with Darwen 003B,Other theft,Unable to prosecute suspect,
2a99546f53ce5130baba5d193b46b8ddde957b28b049d6447b4c4f2921c6e61d,2019-02,Lancashire Constabulary,Lancashire Constabulary,-2.474351,53.760429,On or near Logwood Street,E01012577,Blackburn with Darwen 003B,Robbery,Status update unavailable,
dbf37ed035501ac38ee8c3a34a526bd0d8843092bc8717411038584e5f6e710b,2019-02,Lancashire Constabulary,Lancashire Constabulary,-2.470568,53.759869,On or near Larch Street,E01012577,Blackburn with Darwen 003B,Vehicle crime,Status update unavailable,
4415f6109f7227b27a729844a615f49fdee8d75513cfa66200eba451c966b6a5,2019-02,Lancashire Constabulary,Lancashire Constabulary,-2.472246,53.760734,On or near Cedar Street,E01012577,Blackburn with Darwen 003B,Vehicle crime,Status update unavailable,
9f595f178dd4d71b25d833f711a203353ca2190a6832c07ba99b49c06d65f2b6,2019-02,Lancashire Constabulary,Lancashire Constabulary,-2.473650,53.760144,On or near Bastwell Road,E01012577,Blackburn with Darwen 003B,Violence and sexual offences,Unable to prosecute suspect,
d087e100bb4008bc3facc2f14faf6d5faf239bcd94fcea848b3d706663c8d6bc,2019-02,Lancashire Constabulary,Lancashire Constabulary,-2.472246,53.760734,On or near Cedar Street,E01012577,Blackburn with Darwen 003B,Violence and sexual offences,Status update unavailable,
8ad8a7eb2c4ad1e69bc95c3a1156c002ddcb72f3faf270f8c585bb4250e6a3a2,2019-02,Lancashire Constabulary,Lancashire Constabulary,-2.472246,53.760734,On or near Cedar Street,E01012577,Blackburn with Darwen 003B,Violence and sexual offences,Status update unavailable,
403a23ff12191a89aeb12525385320bda08db03b5f1f22722bf355fb9e129b69,2019-02,Lancashire Constabulary,Lancashire Constabulary,-2.475142,53.760669,On or near Holly Street,E01012577,Blackburn with Darwen 003B,Violence and sexual offences,Formal action is not in the public interest,
a6d45480d17c321be1d203871eb78020ddac58d2b0c66f5a475f4182c9925ecf,2019-02,Lancashire Constabulary,Lancashire Constabulary,-2.475038,53.759492,On or near Shopping Area,E01012577,Blackburn with Darwen 003B,Violence and sexual offences,Unable to prosecute suspect,
b65efd29efc80a1b9252644fe385f025f4fec242e9847f9a758361fd485c8a57,2019-02,Lancashire Constabulary,Lancashire Constabulary,-2.472246,53.760734,On or near Cedar Street,E01012577,Blackburn with Darwen 003B,Violence and sexual offences,Awaiting court outcome,
d9371ce3a8493c52933abfa3a23615689fb3c37415b7f99660216cfbb32d6f96,2019-02,Lancashire Constabulary,Lancashire Constabulary,-2.475142,53.760669,On or near Holly Street,E01012577,Blackburn with Darwen 003B,Violence and sexual offences,Status update unavailable,
aadd9b49c38b3391124250bca05615d12148492b3b4c983d6a4a7b38d1892475,2019-02,Lancashire Constabulary,Lancashire Constabulary,-2.475142,53.760669,On or near Holly Street,E01012577,Blackburn with Darwen 003B,Violence and sexual offences,Status update unavailable,
a029d0c8b5fcc5336dc66fa05f2a4cc1099f9b2677cfee387a7e4624c3e7cfd7,2019-02,Lancashire Constabulary,Lancashire Constabulary,-2.470603,53.760345,On or near Willow Street,E01012577,Blackburn with Darwen 003B,Violence and sexual offences,Status update unavailable,
98ebf01f980cc6d668162f67b942e486de0d6c839ec54b60196e6794f0463f59,2019-02,Lancashire Constabulary,Lancashire Constabulary,-2.472246,53.760734,On or near Cedar Street,E01012577,Blackburn with Darwen 003B,Violence and sexual offences,Formal action is not in the public interest,
,2019-02,Lancashire Constabulary,Lancashire Constabulary,-2.476228,53.758786,On or near Troy Street,E01012578,Blackburn with Darwen 003C,Anti-social behaviour,,
d8ac3c4ef132c3d87eace2557234abdb2206d89726e71b77749f223ebcd242eb,2019-02,Lancashire Constabulary,Lancashire Constabulary,-2.468083,53.757443,On or near Beech Street,E01012578,Blackburn with Darwen 003C,Drugs,Status update unavailable,
2bfdc2f123560d4bf874f14ee5e01693b5b583815b621cdeda894e113910fc04,2019-02,Lancashire Constabulary,Lancashire Constabulary,-2.471112,53.758366,On or near Whalley New Road,E01012578,Blackburn with Darwen 003C,Other theft,Status update unavailable,
d1b39096288e0b1ed74dade735d6a3674fffa165d2f82014964293b1324e34cc,2019-02,Lancashire Constabulary,Lancashire Constabulary,-2.471418,53.757286,On or near Parking Area,E01012578,Blackburn with Darwen 003C,Other theft,Status update unavailable,
16e7ca21bae8c5795e32143a0266de89fe1130899ddf40c15e865308a46b699a,2019-02,Lancashire Constabulary,Lancashire Constabulary,-2.469666,53.759297,On or near Boland Street,E01012578,Blackburn with Darwen 003C,Violence and sexual offences,Status update unavailable,
bac0cbf1efdbec64ef225469874a26da5a94a8d7666c479c4924ff56f1636905,2019-02,Lancashire Constabulary,Lancashire Constabulary,-2.471158,53.759804,On or near Poplar Street,E01012578,Blackburn with Darwen 003C,Violence and sexual offences,Status update unavailable,
1590e380f77e2b8613088a09be3789ffd2ba2caee4d0dda3462151ebcfa6f0de,2019-02,Lancashire Constabulary,Lancashire Constabulary,-2.471184,53.756676,On or near Birchbank Gardens,E01012578,Blackburn with Darwen 003C,Violence and sexual offences,Status update unavailable,
5f0db17f1bec2f4a6e994ae9fb4e33d2a7811859ca7933b9e607b5f879cf29ee,2019-02,Lancashire Constabulary,Lancashire Constabulary,-2.473671,53.756612,On or near Chorlton Gardens,E01012578,Blackburn with Darwen 003C,Violence and sexual offences,Unable to prosecute suspect,
5e493cd03c068fdc75fdf42465016b91f34968f27131fca6c86048cd92136658,2019-02,Lancashire Constabulary,Lancashire Constabulary,-2.476228,53.758786,On or near Troy Street,E01012578,Blackburn with Darwen 003C,Violence and sexual offences,Unable to prosecute suspect,
8b90b3bba3027342427de41d970f4afec9aa128df9b82929cec03c36c7d91402,2019-02,Lancashire Constabulary,Lancashire Constabulary,-2.469994,53.758730,On or near Pine Street,E01012578,Blackburn with Darwen 003C,Violence and sexual offences,Status update unavailable,
e3dd120b887b6a1feb182642ea728fcd366ca08ac12eeea69cca042f04451aee,2019-02,Lancashire Constabulary,Lancashire Constabulary,-2.471184,53.756676,On or near Birchbank Gardens,E01012578,Blackburn with Darwen 003C,Violence and sexual offences,Status update unavailable,
,2019-02,Lancashire Constabulary,Lancashire Constabulary,-2.469952,53.761795,On or near Cherry Gardens,E01012605,Blackburn with Darwen 003D,Anti-social behaviour,,
,2019-02,Lancashire Constabulary,Lancashire Constabulary,-2.469952,53.761795,On or near Cherry Gardens,E01012605,Blackburn with Darwen 003D,Anti-social behaviour,,
,2019-02,Lancashire Constabulary,Lancashire Constabulary,-2.465689,53.759034,On or near Supermarket,E01012605,Blackburn with Darwen 003D,Anti-social behaviour,,
9414566d67c4a9c11805ff5edd205378bd87af16c990adafecb78023b4f14591,2019-02,Lancashire Constabulary,Lancashire Constabulary,-2.466274,53.759751,On or near Wareham Street,E01012605,Blackburn with Darwen 003D,Burglary,Status update unavailable,
0f5ef78b178cf6540ad7cb853d97b763b717a879dbcf390677deff486de28270,2019-02,Lancashire Constabulary,Lancashire Constabulary,-2.468956,53.760882,On or near Willow Street,E01012605,Blackburn with Darwen 003D,Drugs,Status update unavailable,
fcacf6979dbf1b814a2503c58aca6899d8f2a2cea57d67b790c94263af979879,2019-02,Lancashire Constabulary,Lancashire Constabulary,-2.463863,53.761261,On or near Welbeck Avenue,E01012605,Blackburn with Darwen 003D,Other theft,Status update unavailable,
fdc25406ba74cc1b8f84ad1f60e2cf5c27eb099bd87cee3d8d4094fb8e38122d,2019-02,Lancashire Constabulary,Lancashire Constabulary,-2.465689,53.759034,On or near Supermarket,E01012605,Blackburn with Darwen 003D,Violence and sexual offences,Status update unavailable,
6af0c4469bd2c26e3b56017b8a6be36d1cdbe0abb84bad2008b83a63a99c0915,2019-02,Lancashire Constabulary,Lancashire Constabulary,-2.466333,53.760973,On or near Coniston Road,E01012605,Blackburn with Darwen 003D,Violence and sexual offences,Formal action is not in the public interest,
518593fa4e5cf00aad1ca749f5802634a2f78be16a70ce0aafb1d183d8562394,2019-02,Lancashire Constabulary,Lancashire Constabulary,-2.463863,53.761261,On or near Welbeck Avenue,E01012605,Blackburn with Darwen 003D,Violence and sexual offences,Status update unavailable,
209174f2c6c987f1386c9e0f43669da5266a7e075def0debefd5e2a41649e005,2019-02,Lancashire Constabulary,Lancashire Constabulary,-2.466333,53.760973,On or near Coniston Road,E01012605,Blackburn with Darwen 003D,Violence and sexual offences,Formal action is not in the public interest,
f34f727d15a7b1e9f29e0d9292acbe8cc720d8632df949d42fe37f7ce38023ab,2019-02,Lancashire Constabulary,Lancashire Constabulary,-2.466953,53.759425,On or near Rydal Road,E01012605,Blackburn with Darwen 003D,Violence and sexual offences,Unable to prosecute suspect,
,2019-02,Lancashire Constabulary,Lancashire Constabulary,-2.464338,53.757565,On or near Woodville Road,E01012606,Blackburn with Darwen 003E,Anti-social behaviour,,
,2019-02,Lancashire Constabulary,Lancashire Constabulary,-2.464338,53.757565,On or near Woodville Road,E01012606,Blackburn with Darwen 003E,Anti-social behaviour,,
,2019-02,Lancashire Constabulary,Lancashire Constabulary,-2.463731,53.760237,On or near Benson Street,E01012606,Blackburn with Darwen 003E,Anti-social behaviour,,
,2019-02,Lancashire Constabulary,Lancashire Constabulary,-2.461702,53.755041,On or near Stanley Street,E01012606,Blackburn with Darwen 003E,Anti-social behaviour,,
,2019-02,Lancashire Constabulary,Lancashire Constabulary,-2.455009,53.757394,On or near Blakewater Road,E01012606,Blackburn with Darwen 003E,Anti-social behaviour,,
b0429a20c49f000e2a85e0eb6c942380c2aef321cb1838c4bad8a96dcd09553c,2019-02,Lancashire Constabulary,Lancashire Constabulary,-2.467230,53.758417,On or near Plane Tree Road,E01012606,Blackburn with Darwen 003E,Burglary,Status update unavailable,
361e82ddb5d2c0281ef4afa1e4e8807d449bcd9df6c386048a8d19f8e7ebf501,2019-02,Lancashire Constabulary,Lancashire Constabulary,-2.455009,53.757394,On or near Blakewater Road,E01012606,Blackburn with Darwen 003E,Drugs,Status update unavailable,
456a848391cd7d2d3b3e4970cfa5c8f5bf259d23bde4ba86a4368c4b609cafe9,2019-02,Lancashire Constabulary,Lancashire Constabulary,-2.455009,53.757394,On or near Blakewater Road,E01012606,Blackburn with Darwen 003E,Other theft,Status update unavailable,
7cee18045d978e5422dce820bb62b4e6670c1155c540de7d4fff84803d88cdc4,2019-02,Lancashire Constabulary,Lancashire Constabulary,-2.467230,53.758417,On or near Plane Tree Road,E01012606,Blackburn with Darwen 003E,Public order,Status update unavailable,
839e4f68ed8b1bfdb5083129bdd08d7e0c50ac49cbe8093e1606ab5c82b57f77,2019-02,Lancashire Constabulary,Lancashire Constabulary,-2.455009,53.757394,On or near Blakewater Road,E01012606,Blackburn with Darwen 003E,Public order,Unable to prosecute suspect,
e38a3576ae417bfb711289ba13017210838ec95a0e3dfb17cd8dc802e100ddda,2019-02,Lancashire Constabulary,Lancashire Constabulary,-2.467230,53.758417,On or near Plane Tree Road,E01012606,Blackburn with Darwen 003E,Violence and sexual offences,Status update unavailable,
76844ef7a90efbaa69f5ee88a6baf75aef4dd49ab76883013b1f74828ffd1288,2019-02,Lancashire Constabulary,Lancashire Constabulary,-2.455009,53.757394,On or near Blakewater Road,E01012606,Blackburn with Darwen 003E,Violence and sexual offences,Status update unavailable,
65f0e82236d6e9cfbc744c13cd18bea6ddd75c5b660bfcf925727d444ec04aa4,2019-02,Lancashire Constabulary,Lancashire Constabulary,-2.465918,53.756355,On or near Pelham Street,E01012606,Blackburn with Darwen 003E,Violence and sexual offences,Status update unavailable,
,2019-02,Lancashire Constabulary,Lancashire Constabulary,-2.479660,53.759096,On or near Aberdare Close,E01012579,Blackburn with Darwen 004A,Anti-social behaviour,,
,2019-02,Lancashire Constabulary,Lancashire Constabulary,-2.479660,53.759096,On or near Aberdare Close,E01012579,Blackburn with Darwen 004A,Anti-social behaviour,,
4bad01b734283abd4d91fd59d0b3fde5a4f69f29e7f3b29dd1d32b194384a82c,2019-02,Lancashire Constabulary,Lancashire Constabulary,-2.479660,53.759096,On or near Aberdare Close,E01012579,Blackburn with Darwen 004A,Burglary,Status update unavailable,
17eb8327c3c7ea3a3ad002fb4d165a0ddc62621bc58285a7edec0c2662a7fa22,2019-02,Lancashire Constabulary,Lancashire Constabulary,-2.478432,53.759199,On or near Trevor Close,E01012579,Blackburn with Darwen 004A,Burglary,Status update unavailable,
933b4dc488c111b4c64dc2406d958940dd32d94e84709357d8cbe2e6ffbda59b,2019-02,Lancashire Constabulary,Lancashire Constabulary,-2.481227,53.759548,On or near Conway Avenue,E01012579,Blackburn with Darwen 004A,Burglary,Status update unavailable,
19385400d8c0184cd835bc20b62780d19a5377c5265fcad1d44e21424498daac,2019-02,Lancashire Constabulary,Lancashire Constabulary,-2.481227,53.759548,On or near Conway Avenue,E01012579,Blackburn with Darwen 004A,Burglary,Status update unavailable,
b61ba7796f8c40b7a330abe9d5bb289ba24ca3b105efac73ecdd81cee91ee464,2019-02,Lancashire Constabulary,Lancashire Constabulary,-2.479660,53.759096,On or near Aberdare Close,E01012579,Blackburn with Darwen 004A,Burglary,Status update unavailable,
2428a8ed0d3a3a407bdf06a8598638423eb1efc9f5cdee9ff890af6673f734c3,2019-02,Lancashire Constabulary,Lancashire Constabulary,-2.480764,53.756152,On or near Mandella Court,E01012579,Blackburn with Darwen 004A,Criminal damage and arson,Status update unavailable,
89c962d427108362b8cee1236d4d55ea84a981d9314c0bc835019f10836b46b0,2019-02,Lancashire Constabulary,Lancashire Constabulary,-2.482568,53.758787,On or near Rhyl Avenue,E01012579,Blackburn with Darwen 004A,Vehicle crime,Status update unavailable,
294c5800bcd553c13811c6923fa0691a6186ed1bf357ac569a6756068c6ac0e8,2019-02,Lancashire Constabulary,Lancashire Constabulary,-2.482300,53.759193,On or near Deganwy Avenue,E01012579,Blackburn with Darwen 004A,Vehicle crime,Status update unavailable,
87ee78a3af35bea0877c637b4ff8325d5e8b40a747e89656d878711d43d94234,2019-02,Lancashire Constabulary,Lancashire Constabulary,-2.482388,53.757602,On or near Neath Close,E01012579,Blackburn with Darwen 004A,Violence and sexual offences,Local resolution,
ecd9f62d1e41aa0326fb4b707eb1748ebcfc2d72a213de5d60dd6fea9ad39154,2019-02,Lancashire Constabulary,Lancashire Constabulary,-2.481227,53.759548,On or near Conway Avenue,E01012579,Blackburn with Darwen 004A,Violence and sexual offences,Status update unavailable,
92eee65fc1f9af42be196e939cd31417030f5a694ce2d30802a6176f0d22ad7a,2019-02,Lancashire Constabulary,Lancashire Constabulary,-2.481227,53.759548,On or near Conway Avenue,E01012579,Blackburn with Darwen 004A,Violence and sexual offences,Status update unavailable,
d58e879e6a51f0bae3c1915a45b7978edb016a879953e770123b6c572ccee5aa,2019-02,Lancashire Constabulary,Lancashire Constabulary,-2.478432,53.759199,On or near Trevor Close,E01012579,Blackburn with Darwen 004A,Violence and sexual offences,Unable to prosecute suspect,
5869ad7f14cb4c7dd92eedba369c0c2917b945239109455efb459c4f51bb16cc,2019-02,Lancashire Constabulary,Lancashire Constabulary,-2.482804,53.758130,On or near Tenby Close,E01012579,Blackburn with Darwen 004A,Violence and sexual offences,Further investigation is not in the public interest,
e0fe83c978c97b1c19487d86ccc3ed181fae857d7050605f29be9b7c3c0029a7,2019-02,Lancashire Constabulary,Lancashire Constabulary,-2.478962,53.760438,On or near St James Road,E01012579,Blackburn with Darwen 004A,Violence and sexual offences,Unable to prosecute suspect,
,2019-02,Lancashire Constabulary,Lancashire Constabulary,-2.479420,53.756679,On or near London Road,E01012580,Blackburn with Darwen 004B,Anti-social behaviour,,
,2019-02,Lancashire Constabulary,Lancashire Constabulary,-2.475779,53.757925,On or near Norwich Street,E01012580,Blackburn with Darwen 004B,Anti-social behaviour,,
7cda0983f5b6378c3809c94e8d241b7f4eedb9590456b2b4be0503cc515cf250,2019-02,Lancashire Constabulary,Lancashire Constabulary,-2.478558,53.755568,On or near Hodder Place,E01012580,Blackburn with Darwen 004B,Criminal damage and arson,Status update unavailable,
62bbde2d498834f300dce7591411349ce443ba1cf34368fe4a52a0d3be6dc949,2019-02,Lancashire Constabulary,Lancashire Constabulary,-2.476187,53.756440,On or near Whalley Range,E01012580,Blackburn with Darwen 004B,Violence and sexual offences,Unable to prosecute suspect,
,2019-02,Lancashire Constabulary,Lancashire Constabulary,-2.491364,53.754779,On or near Shear Bank Road,E01012642,Blackburn with Darwen 004C,Anti-social behaviour,,
,2019-02,Lancashire Constabulary,Lancashire Constabulary,-2.487818,53.752394,On or near Wellington Street St Johns,E01012642,Blackburn with Darwen 004C,Anti-social behaviour,,
,2019-02,Lancashire Constabulary,Lancashire Constabulary,-2.486692,53.755948,On or near Highbury Place,E01012642,Blackburn with Darwen 004C,Anti-social behaviour,,
,2019-02,Lancashire Constabulary,Lancashire Constabulary,-2.491364,53.754779,On or near Shear Bank Road,E01012642,Blackburn with Darwen 004C,Anti-social behaviour,,
c9dda4206840950641f5e95aa92298c8d7280be70b5e7949254e1d5db737e571,2019-02,Lancashire Constabulary,Lancashire Constabulary,-2.487818,53.752394,On or near Wellington Street St Johns,E01012642,Blackburn with Darwen 004C,Public order,Unable to prosecute suspect,
cbfdbaffc4beef63cbaef9fc1d150357d1dd97f0623099fdf9555cb5700af30d,2019-02,Lancashire Constabulary,Lancashire Constabulary,-2.492307,53.754937,On or near Lilford Road,E01012642,Blackburn with Darwen 004C,Vehicle crime,Status update unavailable,
da7769879fde3441a4d1d56dbe2e2151e5350a440cd86db4fb3f62880b58fce6,2019-02,Lancashire Constabulary,Lancashire Constabulary,-2.491364,53.754779,On or near Shear Bank Road,E01012642,Blackburn with Darwen 004C,Violence and sexual offences,Unable to prosecute suspect,
011f85c824378ea7b988e1fb29687f4a611383b2b3cb68fd809ced492ccba908,2019-02,Lancashire Constabulary,Lancashire Constabulary,-2.489562,53.754957,On or near Park Avenue,E01012642,Blackburn with Darwen 004C,Violence and sexual offences,Status update unavailable,
,2019-02,Lancashire Constabulary,Lancashire Constabulary,-2.488886,53.759481,On or near East Park Avenue,E01012645,Blackburn with Darwen 004D,Anti-social behaviour,,
,2019-02,Lancashire Constabulary,Lancashire Constabulary,-2.489861,53.758506,On or near Park Terrace,E01012645,Blackburn with Darwen 004D,Anti-social behaviour,,
,2019-02,Lancashire Constabulary,Lancashire Constabulary,-2.488562,53.757703,On or near Beresford Road,E01012645,Blackburn with Darwen 004D,Anti-social behaviour,,
,2019-02,Lancashire Constabulary,Lancashire Constabulary,-2.486537,53.758367,On or near Cromer Place,E01012645,Blackburn with Darwen 004D,Anti-social behaviour,,
4d9798d21923fa50b0e5ddad173611d50a03bb1249a6c88ee20b86ae59c13834,2019-02,Lancashire Constabulary,Lancashire Constabulary,-2.488214,53.759070,On or near The Croft,E01012645,Blackburn with Darwen 004D,Burglary,Status update unavailable,
5e769f2c4e656673c3ee4e39843ea05c6ad5cfe61078b8ab392a837dcf5341d3,2019-02,Lancashire Constabulary,Lancashire Constabulary,-2.488214,53.759070,On or near The Croft,E01012645,Blackburn with Darwen 004D,Burglary,Status update unavailable,
78cf9211f8477052b518a3fa31f1ac52d920423df8d3ca5ee94b8ffdb443e1cc,2019-02,Lancashire Constabulary,Lancashire Constabulary,-2.488214,53.759070,On or near The Croft,E01012645,Blackburn with Darwen 004D,Burglary,Status update unavailable,
df2836dbd70935a2bb8f1dac71116c326b862ecf11d1287e5c058adc743b3d29,2019-02,Lancashire Constabulary,Lancashire Constabulary,-2.489861,53.758506,On or near Park Terrace,E01012645,Blackburn with Darwen 004D,Criminal damage and arson,Status update unavailable,
fad6c1823961ec44f0638ee4a4fc312a02a5ebbfa71051033e9f728c0b8d0fe3,2019-02,Lancashire Constabulary,Lancashire Constabulary,-2.490147,53.759620,On or near Colenso Road,E01012645,Blackburn with Darwen 004D,Public order,Status update unavailable,
3aef13b07b008b44936d798747c29971f09361cc08c45139aaa2a32d3f28a5f9,2019-02,Lancashire Constabulary,Lancashire Constabulary,-2.486537,53.758367,On or near Cromer Place,E01012645,Blackburn with Darwen 004D,Theft from the person,Status update unavailable,
740a71f7ff741169a3b3af305340b1177cb51a34a2866fd3a7222d13c34986b3,2019-02,Lancashire Constabulary,Lancashire Constabulary,-2.486537,53.758367,On or near Cromer Place,E01012645,Blackburn with Darwen 004D,Theft from the person,Status update unavailable,
4c8877dea8f509489f776f67f09620e0a0c861e478698feb580e306d5db11ac6,2019-02,Lancashire Constabulary,Lancashire Constabulary,-2.486603,53.758798,On or near St James Road,E01012645,Blackburn with Darwen 004D,Vehicle crime,Status update unavailable,
fb3985a023cc7940b0d122a793c894c172f08037554c07885426fea4f7ca96d6,2019-02,Lancashire Constabulary,Lancashire Constabulary,-2.486289,53.757901,On or near Oozebooth Terrace,E01012645,Blackburn with Darwen 004D,Vehicle crime,Status update unavailable,
4e804127b843d6be809b80f6ad7185be8e4e70de1e46a44297919a3cb7c26c6d,2019-02,Lancashire Constabulary,Lancashire Constabulary,-2.486289,53.757901,On or near Oozebooth Terrace,E01012645,Blackburn with Darwen 004D,Vehicle crime,Status update unavailable,
0e8b25acb9ea582408c03da7dda0457a4bd6dc31fc93fc3badf4e848d925127b,2019-02,Lancashire Constabulary,Lancashire Constabulary,-2.488562,53.757703,On or near Beresford Road,E01012645,Blackburn with Darwen 004D,Vehicle crime,Status update unavailable,
4ccbbc732365ea2b798b8018c0318206af1ef431316d7b1d222a5793929c0d6d,2019-02,Lancashire Constabulary,Lancashire Constabulary,-2.488949,53.757009,On or near Winston Road,E01012645,Blackburn with Darwen 004D,Violence and sexual offences,Unable to prosecute suspect,
ea61c36a891df8ae137f118e1ca247b974bac140e12f4dfe34f2fcee0230c117,2019-02,Lancashire Constabulary,Lancashire Constabulary,-2.486289,53.757901,On or near Oozebooth Terrace,E01012645,Blackburn with Darwen 004D,Violence and sexual offences,Status update unavailable,
a462522f5365c67555eba8625c7b03a8ee463a6fce24e2e58953b3ea488def10,2019-02,Lancashire Constabulary,Lancashire Constabulary,-2.486289,53.757901,On or near Oozebooth Terrace,E01012645,Blackburn with Darwen 004D,Violence and sexual offences,Status update unavailable,
23265e854eaa933e942aea1916bfb7fa8e1bf7712a709c6eca57c38a22020da8,2019-02,Lancashire Constabulary,Lancashire Constabulary,-2.486537,53.758367,On or near Cromer Place,E01012645,Blackburn with Darwen 004D,Violence and sexual offences,Unable to prosecute suspect,
,2019-02,Lancashire Constabulary,Lancashire Constabulary,-2.505910,53.749856,On or near Crosshill Road,E01012585,Blackburn with Darwen 005A,Anti-social behaviour,,
fc5d73c9984d014f654c062e332663082a219f2254d37a3e6efe0270923b0d1b,2019-02,Lancashire Constabulary,Lancashire Constabulary,-2.509033,53.748467,On or near Gorse Road,E01012585,Blackburn with Darwen 005A,Burglary,Unable to prosecute suspect,
98f367514dfbdad24bfc6e244da4e0e06cbdfb00d4d2b219dc1bca5be5c2f511,2019-02,Lancashire Constabulary,Lancashire Constabulary,-2.510843,53.750221,On or near Buncer Lane,E01012585,Blackburn with Darwen 005A,Burglary,Status update unavailable,
fa9895257a08dbd5a3e0d91997f3e59cceaff33a2cfbf5e31babc35bf0b82c8b,2019-02,Lancashire Constabulary,Lancashire Constabulary,-2.505581,53.748958,On or near Manor Road,E01012585,Blackburn with Darwen 005A,Vehicle crime,Status update unavailable,
487f0932ce9e25cc9113220d37eaa10e31b450ecbe3141ffa4a4ce49f70c7a90,2019-02,Lancashire Constabulary,Lancashire Constabulary,-2.502593,53.748908,On or near Irving Place,E01012585,Blackburn with Darwen 005A,Vehicle crime,Status update unavailable,
b0633b61f32e1080a551dea194bcc7625ae61a3c88609c059dbbccc2317ef0e3,2019-02,Lancashire Constabulary,Lancashire Constabulary,-2.505581,53.748958,On or near Manor Road,E01012585,Blackburn with Darwen 005A,Vehicle crime,Status update unavailable,
5e900e3c17cce05d4a1a194c170537ec2d5fc5b28cd5c6b31c3938b80602dcf6,2019-02,Lancashire Constabulary,Lancashire Constabulary,-2.505581,53.748958,On or near Manor Road,E01012585,Blackburn with Darwen 005A,Vehicle crime,Status update unavailable,
398c881e2d12af43130e1fa33266550ad2a0ad0b5b719a81bff8a4a7ef2e1de2,2019-02,Lancashire Constabulary,Lancashire Constabulary,-2.510557,53.747895,On or near Buncer Lane,E01012585,Blackburn with Darwen 005A,Violence and sexual offences,Status update unavailable,
900ade49b6922453733ef771d20cfefccf94ceb30b8e5c12f38b512f4852d5ae,2019-02,Lancashire Constabulary,Lancashire Constabulary,-2.507436,53.750613,On or near Billinge Close,E01012585,Blackburn with Darwen 005A,Violence and sexual offences,Status update unavailable,
2a13ed014003ed0af5f3111f8a6cd71dd14de47ce8e9f3002589ab619fb8768c,2019-02,Lancashire Constabulary,Lancashire Constabulary,-2.507436,53.750613,On or near Billinge Close,E01012585,Blackburn with Darwen 005A,Violence and sexual offences,Investigation complete; no suspect identified,
6f62418108a4b969d3218a50f736c0fe620355fc9f0154aaeb8d49542f09bc4f,2019-02,Lancashire Constabulary,Lancashire Constabulary,-2.507436,53.750613,On or near Billinge Close,E01012585,Blackburn with Darwen 005A,Violence and sexual offences,Status update unavailable,
31c97053e31d5d86312d64faf1497966f4cbab17914e28c3d359c1c9be6c8dd1,2019-02,Lancashire Constabulary,Lancashire Constabulary,-2.505581,53.748958,On or near Manor Road,E01012585,Blackburn with Darwen 005A,Violence and sexual offences,Unable to prosecute suspect,
f70468546ac4ca553aacd402b59b090f97b535754b907a740de29000358099d4,2019-02,Lancashire Constabulary,Lancashire Constabulary,-2.505581,53.748958,On or near Manor Road,E01012585,Blackburn with Darwen 005A,Violence and sexual offences,Unable to prosecute suspect,
,2019-02,Lancashire Constabulary,Lancashire Constabulary,-2.501930,53.751805,On or near Further/Higher Educational Building,E01012586,Blackburn with Darwen 005B,Anti-social behaviour,,
,2019-02,Lancashire Constabulary,Lancashire Constabulary,-2.501217,53.750478,On or near Leamington Close,E01012586,Blackburn with Darwen 005B,Anti-social behaviour,,
,2019-02,Lancashire Constabulary,Lancashire Constabulary,-2.501930,53.751805,On or near Further/Higher Educational Building,E01012586,Blackburn with Darwen 005B,Anti-social behaviour,,
,2019-02,Lancashire Constabulary,Lancashire Constabulary,-2.502887,53.751945,On or near Supermarket,E01012586,Blackburn with Darwen 005B,Anti-social behaviour,,
,2019-02,Lancashire Constabulary,Lancashire Constabulary,-2.501930,53.751805,On or near Further/Higher Educational Building,E01012586,Blackburn with Darwen 005B,Anti-social behaviour,,
,2019-02,Lancashire Constabulary,Lancashire Constabulary,-2.496831,53.751476,On or near Adelaide Terrace,E01012586,Blackburn with Darwen 005B,Anti-social behaviour,,
9f1dd1ffc4ecd01ecf78a32a7056523283dd3bf44c02c5b2805e5c0bbdbe3c7b,2019-02,Lancashire Constabulary,Lancashire Constabulary,-2.501930,53.751805,On or near Further/Higher Educational Building,E01012586,Blackburn with Darwen 005B,Burglary,Unable to prosecute suspect,
2db530804dd50f006d7405862ebe2b2e02221df13b3f91c7c24a87e627b72d93,2019-02,Lancashire Constabulary,Lancashire Constabulary,-2.501217,53.750478,On or near Leamington Close,E01012586,Blackburn with Darwen 005B,Criminal damage and arson,Status update unavailable,
7599ac34024e0cd2015835361c96968b49cb8d1d0449a914e45a7ffa7fae3de4,2019-02,Lancashire Constabulary,Lancashire Constabulary,-2.501217,53.750478,On or near Leamington Close,E01012586,Blackburn with Darwen 005B,Drugs,Awaiting court outcome,
655f2dfd98a920bfe674f965d5676236892d4c47c0fec1d987da6654145a7a36,2019-02,Lancashire Constabulary,Lancashire Constabulary,-2.501930,53.751805,On or near Further/Higher Educational Building,E01012586,Blackburn with Darwen 005B,Drugs,Offender fined,
d6b5c22cbd87e318212312d7c5fb4d469dbe649d1ef8e7606c816f2d5ed76cb1,2019-02,Lancashire Constabulary,Lancashire Constabulary,-2.500185,53.751686,On or near Cheltenham Road,E01012586,Blackburn with Darwen 005B,Other theft,Status update unavailable,
048822796c0c1af75fe7601b9755c5659d9c420edd894bf7fea97faf25b72e27,2019-02,Lancashire Constabulary,Lancashire Constabulary,-2.501930,53.751805,On or near Further/Higher Educational Building,E01012586,Blackburn with Darwen 005B,Other theft,Status update unavailable,
a1ca8ca15e38b0a31f7ddb53e94a5fe281a93e95a136e3184df00f4b1a6aa8a6,2019-02,Lancashire Constabulary,Lancashire Constabulary,-2.501930,53.751805,On or near Further/Higher Educational Building,E01012586,Blackburn with Darwen 005B,Other theft,Status update unavailable,
d7a4ee2dd0df45e493a710f300aee11297e504d4baead9e4c28b844917073faa,2019-02,Lancashire Constabulary,Lancashire Constabulary,-2.502887,53.751945,On or near Supermarket,E01012586,Blackburn with Darwen 005B,Shoplifting,Status update unavailable,
983504888a97d6f26ba1ae9079ab4c9cd0190bb2c08ea90addf4f78854b2b2e2,2019-02,Lancashire Constabulary,Lancashire Constabulary,-2.502887,53.751945,On or near Supermarket,E01012586,Blackburn with Darwen 005B,Shoplifting,Status update unavailable,
388a423b1589fc049ed8d30048f2c333f135bda4e8c5ea8eaeb3e1392ea18623,2019-02,Lancashire Constabulary,Lancashire Constabulary,-2.500185,53.751686,On or near Cheltenham Road,E01012586,Blackburn with Darwen 005B,Vehicle crime,Status update unavailable,
110550a902fdf84cadd1738204bbf8f141999b1d48bd15b3bf5c71166d280f5e,2019-02,Lancashire Constabulary,Lancashire Constabulary,-2.499616,53.751015,On or near Burlington Street,E01012586,Blackburn with Darwen 005B,Vehicle crime,Status update unavailable,
d08b4c27a0eb6476249df251d82f015a635d610a1c93805ac8b8c5324711f5e8,2019-02,Lancashire Constabulary,Lancashire Constabulary,-2.503143,53.750461,On or near Lancaster Place,E01012586,Blackburn with Darwen 005B,Vehicle crime,Status update unavailable,
93654c9479b2000e53b9ab829ef6e6729e70107d1a0f2c79d981a54a63ade2d8,2019-02,Lancashire Constabulary,Lancashire Constabulary,-2.503279,53.749211,On or near Irene Place,E01012586,Blackburn with Darwen 005B,Vehicle crime,Status update unavailable,
ef84e9a67e2b15024ede0afb163253db85da7c18cacc5006818e6a0784446387,2019-02,Lancashire Constabulary,Lancashire Constabulary,-2.503143,53.750461,On or near Lancaster Place,E01012586,Blackburn with Darwen 005B,Vehicle crime,Status update unavailable,
380a5bc0c2ce36d87edba0e2b1f49dac0cc86529b8087baa3fa93778dac42101,2019-02,Lancashire Constabulary,Lancashire Constabulary,-2.501217,53.750478,On or near Leamington Close,E01012586,Blackburn with Darwen 005B,Violence and sexual offences,Awaiting court outcome,
bbe9e722c0032c51ef393687fc87ab10f5ab4f7ca125de3eaf42868262dccabe,2019-02,Lancashire Constabulary,Lancashire Constabulary,-2.501217,53.750478,On or near Leamington Close,E01012586,Blackburn with Darwen 005B,Violence and sexual offences,Status update unavailable,
5d2bcfac9ebb507719a1df45180f9cb99ae61a0a29cfefd55f3de09982d42e64,2019-02,Lancashire Constabulary,Lancashire Constabulary,-2.496831,53.751476,On or near Adelaide Terrace,E01012586,Blackburn with Darwen 005B,Violence and sexual offences,Status update unavailable,
3012f704c88047135dba687fe9bbf8b4759f539dbeb516e9cd5dbeea2df47833,2019-02,Lancashire Constabulary,Lancashire Constabulary,-2.496831,53.751476,On or near Adelaide Terrace,E01012586,Blackburn with Darwen 005B,Violence and sexual offences,Unable to prosecute suspect,
0f9863ad168991bfce1a12a033c552517a6dff2c4743d4483d1417f617056878,2019-02,Lancashire Constabulary,Lancashire Constabulary,-2.496831,53.751476,On or near Adelaide Terrace,E01012586,Blackburn with Darwen 005B,Violence and sexual offences,Unable to prosecute suspect,
22ec10ee07e8fcef5bf58a2811740dbddd229e1890d80599496954a7c9f3e237,2019-02,Lancashire Constabulary,Lancashire Constabulary,-2.501930,53.751805,On or near Further/Higher Educational Building,E01012586,Blackburn with Darwen 005B,Violence and sexual offences,Status update unavailable,
eb4bac4e39b29352b9796d27c45c729338fcdf6841ff56c069726e2658895f5c,2019-02,Lancashire Constabulary,Lancashire Constabulary,-2.496831,53.751476,On or near Adelaide Terrace,E01012586,Blackburn with Darwen 005B,Violence and sexual offences,Unable to prosecute suspect,
1ff25f05e185c24808ac8fabd3749eaac966537238112f8dde31c333a1218017,2019-02,Lancashire Constabulary,Lancashire Constabulary,-2.500185,53.751686,On or near Cheltenham Road,E01012586,Blackburn with Darwen 005B,Violence and sexual offences,Unable to prosecute suspect,
23fe6c07ef71eb1c70b9782166412bf255c4f5e0329589b438906023626944e5,2019-02,Lancashire Constabulary,Lancashire Constabulary,-2.501930,53.751805,On or near Further/Higher Educational Building,E01012586,Blackburn with Darwen 005B,Violence and sexual offences,Status update unavailable,
230d3c13aa0b19a9589edd60a3e1155f83d93ccda065cf96817b0014fe7e74cd,2019-02,Lancashire Constabulary,Lancashire Constabulary,-2.502158,53.751840,On or near Granville Road,E01012586,Blackburn with Darwen 005B,Violence and sexual offences,Status update unavailable,
137c6016b4daf9599e85731c27d30763ab04f635752918d12aa3cf480e0540b7,2019-02,Lancashire Constabulary,Lancashire Constabulary,-2.496831,53.751476,On or near Adelaide Terrace,E01012586,Blackburn with Darwen 005B,Violence and sexual offences,Unable to prosecute suspect,
dc3b0c590f2e7a3d888c4126ecc655456eae568a139b1a7bb2b5c1d92f8647d8,2019-02,Lancashire Constabulary,Lancashire Constabulary,-2.501930,53.751805,On or near Further/Higher Educational Building,E01012586,Blackburn with Darwen 005B,Violence and sexual offences,Status update unavailable,
13d6723715dfd0acbbca194403b143e0294d4ae9c35614c07b5763a1c15d1103,2019-02,Lancashire Constabulary,Lancashire Constabulary,-2.502887,53.751945,On or near Supermarket,E01012586,Blackburn with Darwen 005B,Violence and sexual offences,Status update unavailable,
55113ed9bd28e9905eeed6871fc12f7b21eb0a1e50c21e769cd32e7eca1fab18,2019-02,Lancashire Constabulary,Lancashire Constabulary,-2.501930,53.751805,On or near Further/Higher Educational Building,E01012586,Blackburn with Darwen 005B,Violence and sexual offences,Unable to prosecute suspect,
75d5a3bc67c992ff82e739de37a0124aa1cd35b7213782a169bb3dc0bfd1c1ee,2019-02,Lancashire Constabulary,Lancashire Constabulary,-2.501930,53.751805,On or near Further/Higher Educational Building,E01012586,Blackburn with Darwen 005B,Violence and sexual offences,Status update unavailable,
47bf3a41860a34618cd448b928ed10b2b5d3cad56372637ca997d4993f4abf07,2019-02,Lancashire Constabulary,Lancashire Constabulary,-2.501930,53.751805,On or near Further/Higher Educational Building,E01012586,Blackburn with Darwen 005B,Violence and sexual offences,Unable to prosecute suspect,
2bcb19ddb3675f1a03022b898ba188ed807cdbfebcc867b5545c83d87b5864f6,2019-02,Lancashire Constabulary,Lancashire Constabulary,-2.501930,53.751805,On or near Further/Higher Educational Building,E01012586,Blackburn with Darwen 005B,Violence and sexual offences,Status update unavailable,
,2019-02,Lancashire Constabulary,Lancashire Constabulary,-2.494476,53.751090,On or near Petrol Station,E01012656,Blackburn with Darwen 005C,Anti-social behaviour,,
,2019-02,Lancashire Constabulary,Lancashire Constabulary,-2.491618,53.747920,On or near Heyhurst Road,E01012656,Blackburn with Darwen 005C,Anti-social behaviour,,
,2019-02,Lancashire Constabulary,Lancashire Constabulary,-2.495145,53.751249,On or near Preston New Road,E01012656,Blackburn with Darwen 005C,Anti-social behaviour,,
,2019-02,Lancashire Constabulary,Lancashire Constabulary,-2.492185,53.751054,On or near Hope Street,E01012656,Blackburn with Darwen 005C,Anti-social behaviour,,
,2019-02,Lancashire Constabulary,Lancashire Constabulary,-2.491618,53.747920,On or near Heyhurst Road,E01012656,Blackburn with Darwen 005C,Anti-social behaviour,,
,2019-02,Lancashire Constabulary,Lancashire Constabulary,-2.495145,53.751249,On or near Preston New Road,E01012656,Blackburn with Darwen 005C,Anti-social behaviour,,
,2019-02,Lancashire Constabulary,Lancashire Constabulary,-2.491618,53.747920,On or near Heyhurst Road,E01012656,Blackburn with Darwen 005C,Anti-social behaviour,,
046acbe7c34fc0b36b833b1f62c52693900869babde7accedc01d183e7fa1b9e,2019-02,Lancashire Constabulary,Lancashire Constabulary,-2.497531,53.749163,On or near Whitehead Street,E01012656,Blackburn with Darwen 005C,Burglary,Status update unavailable,
b9de4783f666fe4420f98af31e33a10db45e04b9276a8810ce44663a145fffc3,2019-02,Lancashire Constabulary,Lancashire Constabulary,-2.492185,53.751054,On or near Hope Street,E01012656,Blackburn with Darwen 005C,Criminal damage and arson,Status update unavailable,
f0750fa8f4637eff27563aa2d097f2558fbe2be65be04b7ec0e71695474824a8,2019-02,Lancashire Constabulary,Lancashire Constabulary,-2.493417,53.750052,On or near Parking Area,E01012656,Blackburn with Darwen 005C,Other theft,Status update unavailable,
895776fa989871283ea85e238d5e5b6674501fc6105827722ba269da3f00afc8,2019-02,Lancashire Constabulary,Lancashire Constabulary,-2.491181,53.750726,On or near Denville Road,E01012656,Blackburn with Darwen 005C,Other theft,Status update unavailable,
13a97c9af7636885b3b1ef2c2c3e63fbe3f64dfb7d0f2c89e01d87457836d848,2019-02,Lancashire Constabulary,Lancashire Constabulary,-2.497531,53.749163,On or near Whitehead Street,E01012656,Blackburn with Darwen 005C,Other theft,Status update unavailable,
88d52dad537b3af6a5a5adba3812359eefce0940b2f63fb097f4605fa5a20b62,2019-02,Lancashire Constabulary,Lancashire Constabulary,-2.497531,53.749163,On or near Whitehead Street,E01012656,Blackburn with Darwen 005C,Public order,Status update unavailable,
5ff0671527ca84f69c0a734d26104debb91fb83c1a87632e7db07983c8cd8f45,2019-02,Lancashire Constabulary,Lancashire Constabulary,-2.494476,53.751090,On or near Petrol Station,E01012656,Blackburn with Darwen 005C,Shoplifting,Status update unavailable,
f1bdcaa0b632ba77b8d6a16359e6200c26c0fe07fa8527d971b8ac843e03774a,2019-02,Lancashire Constabulary,Lancashire Constabulary,-2.497531,53.749163,On or near Whitehead Street,E01012656,Blackburn with Darwen 005C,Vehicle crime,Status update unavailable,
a1bbe4b37f5093cee16f744bb5ad01bb0ded7c0024c6dd81d829f10a57601282,2019-02,Lancashire Constabulary,Lancashire Constabulary,-2.494760,53.749471,On or near Whittaker Street,E01012656,Blackburn with Darwen 005C,Vehicle crime,Status update unavailable,
a876689a719656244c70425efd6602842f105bee45c4d23b944011342d3bb4ea,2019-02,Lancashire Constabulary,Lancashire Constabulary,-2.496570,53.749967,On or near Midsummer Street,E01012656,Blackburn with Darwen 005C,Vehicle crime,Status update unavailable,
003303178774036c5a8a28271808fb0a963385cf5233f52abc14676fb07844c7,2019-02,Lancashire Constabulary,Lancashire Constabulary,-2.492069,53.750174,On or near Melville Drive,E01012656,Blackburn with Darwen 005C,Vehicle crime,Status update unavailable,
852b6b5d87cb96f4c96b0faf8c78b0c80175f54f62b68edcb14bbf8435ceb523,2019-02,Lancashire Constabulary,Lancashire Constabulary,-2.496570,53.749967,On or near Midsummer Street,E01012656,Blackburn with Darwen 005C,Vehicle crime,Status update unavailable,
ed5a0e32782c2c5a55143d20af79ebbf599dda30a55f0b5f0452de94f7d710ee,2019-02,Lancashire Constabulary,Lancashire Constabulary,-2.489398,53.751300,On or near New Park Street,E01012656,Blackburn with Darwen 005C,Vehicle crime,Status update unavailable,
612d678f501883bd608a1eb4c0ec8679aaabcec00575671c6880570d2d3a6f2d,2019-02,Lancashire Constabulary,Lancashire Constabulary,-2.489398,53.751300,On or near New Park Street,E01012656,Blackburn with Darwen 005C,Violence and sexual offences,Status update unavailable,
575bf07c1d05f17cd4b97dc612e0dbcd5e36a68680ec3af2639e0304ca399488,2019-02,Lancashire Constabulary,Lancashire Constabulary,-2.494476,53.751090,On or near Petrol Station,E01012656,Blackburn with Darwen 005C,Violence and sexual offences,Unable to prosecute suspect,
764bf9b7fadfcb86a025186ffc9eb692a6f5956e7b8ca24aa31020f74cf50568,2019-02,Lancashire Constabulary,Lancashire Constabulary,-2.494112,53.748557,On or near Shaw Close,E01012656,Blackburn with Darwen 005C,Violence and sexual offences,Status update unavailable,
587a04c45cc048ce590c89311d00cc1828ce4f31ce062328e104959b48eae17c,2019-02,Lancashire Constabulary,Lancashire Constabulary,-2.494112,53.748557,On or near Shaw Close,E01012656,Blackburn with Darwen 005C,Violence and sexual offences,Local resolution,
d4dec1e0650ac56a77cb555450ae970f5d5c1703f49291ad635f8e068d5d022b,2019-02,Lancashire Constabulary,Lancashire Constabulary,-2.494112,53.748557,On or near Shaw Close,E01012656,Blackburn with Darwen 005C,Violence and sexual offences,Unable to prosecute suspect,
8d588b31393768a22c193db2b2768647fde6073c224c87a52cebf3bd04078187,2019-02,Lancashire Constabulary,Lancashire Constabulary,-2.494112,53.748557,On or near Shaw Close,E01012656,Blackburn with Darwen 005C,Violence and sexual offences,Status update unavailable,
62ddb0735b218bb0cf8430d4582eaad28f8a20bcc102997ae689421665d8edae,2019-02,Lancashire Constabulary,Lancashire Constabulary,-2.488898,53.750034,On or near Alma Street,E01012656,Blackburn with Darwen 005C,Violence and sexual offences,Status update unavailable,
689420645ef2f7bd4f4a3580893a1b936d5a8e15cb39296dc456051dc88f74d2,2019-02,Lancashire Constabulary,Lancashire Constabulary,-2.497531,53.749163,On or near Whitehead Street,E01012656,Blackburn with Darwen 005C,Violence and sexual offences,Status update unavailable,
d7c19dd87257deca16862e768f405d66a24165b17ab9fd300f29a43cd435ea30,2019-02,Lancashire Constabulary,Lancashire Constabulary,-2.494112,53.748557,On or near Shaw Close,E01012656,Blackburn with Darwen 005C,Violence and sexual offences,Status update unavailable,
cb287c3d9ce47802abe4b17509626b40c4f2f9704807cbbbe324fe40d6a9361c,2019-02,Lancashire Constabulary,Lancashire Constabulary,-2.493727,53.749340,On or near Shaw Street,E01012656,Blackburn with Darwen 005C,Violence and sexual offences,Further investigation is not in the public interest,
08164f8a179dc99a41626c3995ddf6b733d4f846943e7c24f71ad08b56488fcd,2019-02,Lancashire Constabulary,Lancashire Constabulary,-2.492069,53.750174,On or near Melville Drive,E01012656,Blackburn with Darwen 005C,Violence and sexual offences,Local resolution,
,2019-02,Lancashire Constabulary,Lancashire Constabulary,-2.498897,53.749274,On or near Foxhouse Street,E01012657,Blackburn with Darwen 005D,Anti-social behaviour,,
ac8d45272d733a4387f24f15cc07fc30e4f067a29b6bd2fbb8ef81f1ced59f3d,2019-02,Lancashire Constabulary,Lancashire Constabulary,-2.498897,53.749274,On or near Foxhouse Street,E01012657,Blackburn with Darwen 005D,Criminal damage and arson,Status update unavailable,
e0ee54d96d330257fe4bdb62640b350ed66f91cebc01d2dad8d446ca1e2e2e5c,2019-02,Lancashire Constabulary,Lancashire Constabulary,-2.500510,53.747137,On or near Downham Street,E01012657,Blackburn with Darwen 005D,Drugs,Offender given suspended prison sentence,
ae27ed80cc3803b964a541581e532da42d22c1f08cba803e24cd2e07c514ff0c,2019-02,Lancashire Constabulary,Lancashire Constabulary,-2.498669,53.746623,On or near Bent Gap Lane,E01012657,Blackburn with Darwen 005D,Other theft,Status update unavailable,
d0eb16f9bf78142ffc8dff824bccb6cf91b07a68cc7cb841cb5293a540724e7e,2019-02,Lancashire Constabulary,Lancashire Constabulary,-2.497869,53.748236,On or near Belle Vue Street,E01012657,Blackburn with Darwen 005D,Public order,Status update unavailable,
9da75b9a680cd8ba85b28be77388839d45c3eef2669e470fafc8c83f2dc1307f,2019-02,Lancashire Constabulary,Lancashire Constabulary,-2.501085,53.749624,On or near Preston New Road,E01012657,Blackburn with Darwen 005D,Vehicle crime,Status update unavailable,
f093e6bba91dde96b0f40cd6fc38dc749b2128c2a83573e3a90eb80944e2c373,2019-02,Lancashire Constabulary,Lancashire Constabulary,-2.501085,53.749624,On or near Preston New Road,E01012657,Blackburn with Darwen 005D,Vehicle crime,Status update unavailable,
8d401260aa8b88dc89b3db1292bd636a08d22e6dbdfe32ac8f4d17a53c0c368c,2019-02,Lancashire Constabulary,Lancashire Constabulary,-2.495891,53.750239,On or near Spring View,E01012657,Blackburn with Darwen 005D,Vehicle crime,Status update unavailable,
e3002d2c0c211a789aa7c16908160905130823d6382acc91e7ace36924d66e6f,2019-02,Lancashire Constabulary,Lancashire Constabulary,-2.499439,53.748903,On or near Bromley Street,E01012657,Blackburn with Darwen 005D,Violence and sexual offences,Offender given a caution,
a7b100782da6983642597646aabf13ca511b0e3280f2d48de1461546ce03f000,2019-02,Lancashire Constabulary,Lancashire Constabulary,-2.499439,53.748903,On or near Bromley Street,E01012657,Blackburn with Darwen 005D,Violence and sexual offences,Status update unavailable,
38fb15eb08802d2c2dad1cfceeb89e6ff71454f0b67495a5b7db6a00d2f4c934,2019-02,Lancashire Constabulary,Lancashire Constabulary,-2.497792,53.746861,On or near Lawrence Street,E01012657,Blackburn with Darwen 005D,Violence and sexual offences,Status update unavailable,
3bdb810624a2cfa04dc2035c5c7013960feb1a53c167ffbac0b94ee58ad9b5d0,2019-02,Lancashire Constabulary,Lancashire Constabulary,-2.498419,53.748575,On or near St Barnabas Street,E01012657,Blackburn with Darwen 005D,Violence and sexual offences,Status update unavailable,
2bf696e2ec2f1b5ebe4ea887faf59e4d4ba7837d5d0d6987c1770016083eaec4,2019-02,Lancashire Constabulary,Lancashire Constabulary,-2.498419,53.748575,On or near St Barnabas Street,E01012657,Blackburn with Darwen 005D,Violence and sexual offences,Unable to prosecute suspect,
4b74de2f6b04498e0997dc765a5f9bc30e8dbc1044b5242a205e21b96df25e10,2019-02,Lancashire Constabulary,Lancashire Constabulary,-2.498419,53.748575,On or near St Barnabas Street,E01012657,Blackburn with Darwen 005D,Violence and sexual offences,Status update unavailable,
a9c7ebf5a7f634b9c5e7466ee7d6cba3edb61641b4fb4b4761c7394e12ecfb5e,2019-02,Lancashire Constabulary,Lancashire Constabulary,-2.496805,53.749292,On or near Addison Street,E01012657,Blackburn with Darwen 005D,Violence and sexual offences,Status update unavailable,
,2019-02,Lancashire Constabulary,Lancashire Constabulary,-2.501402,53.746918,On or near Downham Street,E01012658,Blackburn with Darwen 005E,Anti-social behaviour,,
,2019-02,Lancashire Constabulary,Lancashire Constabulary,-2.505022,53.742813,On or near Selborne Street,E01012658,Blackburn with Darwen 005E,Anti-social behaviour,,
,2019-02,Lancashire Constabulary,Lancashire Constabulary,-2.501934,53.745738,On or near Wensley Road,E01012658,Blackburn with Darwen 005E,Anti-social behaviour,,
,2019-02,Lancashire Constabulary,Lancashire Constabulary,-2.505968,53.744544,On or near St Mark'S Road,E01012658,Blackburn with Darwen 005E,Anti-social behaviour,,
,2019-02,Lancashire Constabulary,Lancashire Constabulary,-2.505022,53.742813,On or near Selborne Street,E01012658,Blackburn with Darwen 005E,Anti-social behaviour,,
,2019-02,Lancashire Constabulary,Lancashire Constabulary,-2.501402,53.746918,On or near Downham Street,E01012658,Blackburn with Darwen 005E,Anti-social behaviour,,
9d819456412d1d08272d7b30ad5584bffb5a68e518006df004a890d4f9ba78c9,2019-02,Lancashire Constabulary,Lancashire Constabulary,-2.506400,53.745171,On or near Rolleston Road,E01012658,Blackburn with Darwen 005E,Burglary,Status update unavailable,
0a1c62f684dd5cfe72af9e0d107424f51a131d20a83d76d2ec5d9f89bc0baeac,2019-02,Lancashire Constabulary,Lancashire Constabulary,-2.504486,53.742312,On or near Redlam,E01012658,Blackburn with Darwen 005E,Burglary,Status update unavailable,
070996a738706468705028fd910aa531fa9ce7c25e9a4d194d6d21ca7e449904,2019-02,Lancashire Constabulary,Lancashire Constabulary,-2.504486,53.742312,On or near Redlam,E01012658,Blackburn with Darwen 005E,Burglary,Status update unavailable,
84f2351211508a41ce094b52b42f350d2f0c7f5d67c3ac3fe182c9e5da126dcc,2019-02,Lancashire Constabulary,Lancashire Constabulary,-2.507597,53.741310,On or near Spring Lane,E01012658,Blackburn with Darwen 005E,Burglary,Status update unavailable,
781eae896f4beee71d69695fbde200b2f216aacf0e6476ef08cdb022ecc86bac,2019-02,Lancashire Constabulary,Lancashire Constabulary,-2.504486,53.742312,On or near Redlam,E01012658,Blackburn with Darwen 005E,Other theft,Unable to prosecute suspect,
02f01ccf9440da0ffc11dee2d720a56facccce12643d95db623341bae5f2da24,2019-02,Lancashire Constabulary,Lancashire Constabulary,-2.506400,53.745171,On or near Rolleston Road,E01012658,Blackburn with Darwen 005E,Public order,Status update unavailable,
a730ccfba29f0a96809562bec6f5d865d1a061b39c9689147b8e6141fb30a843,2019-02,Lancashire Constabulary,Lancashire Constabulary,-2.508126,53.744948,On or near St Mark'S Place,E01012658,Blackburn with Darwen 005E,Vehicle crime,Status update unavailable,
61c6572664009d7a080259c097ff3ef3a0dd98d49100b08792345fedc0e7f73c,2019-02,Lancashire Constabulary,Lancashire Constabulary,-2.503376,53.745921,On or near Moulding Close,E01012658,Blackburn with Darwen 005E,Vehicle crime,Status update unavailable,
70eb2443da8a0eac4aca9d1fd9f5e66a8f5e6e8b869203904953c4eaf63a2a69,2019-02,Lancashire Constabulary,Lancashire Constabulary,-2.507597,53.741310,On or near Spring Lane,E01012658,Blackburn with Darwen 005E,Vehicle crime,Status update unavailable,
14797bb6e70665a7bba224a3d6af16d19b32ff0ea3d423834bafb4fa7a82f2e1,2019-02,Lancashire Constabulary,Lancashire Constabulary,-2.501095,53.746604,On or near Gisburn Street,E01012658,Blackburn with Darwen 005E,Vehicle crime,Status update unavailable,
8fe92ff3f65e39fc92b34218338616bce78791552a9b71f48b1f53187ed42d6b,2019-02,Lancashire Constabulary,Lancashire Constabulary,-2.501402,53.746918,On or near Downham Street,E01012658,Blackburn with Darwen 005E,Vehicle crime,Status update unavailable,
92a1acf0f2588a344dfc8af69866352e3173251c77c1cd194add28c8ca4dc606,2019-02,Lancashire Constabulary,Lancashire Constabulary,-2.503592,53.743664,On or near Hawkeshead Close,E01012658,Blackburn with Darwen 005E,Vehicle crime,Status update unavailable,
0642e538b36571b089c95aaf2d9e831188f17178ea927b33f7d6ab61c3f1e980,2019-02,Lancashire Constabulary,Lancashire Constabulary,-2.507597,53.741310,On or near Spring Lane,E01012658,Blackburn with Darwen 005E,Violence and sexual offences,Status update unavailable,
e25be3a1c8112a74cbc70fff32f98f03060fd91d56eaa26bb09c88a2679dee92,2019-02,Lancashire Constabulary,Lancashire Constabulary,-2.507986,53.745910,On or near French Close,E01012658,Blackburn with Darwen 005E,Violence and sexual offences,Status update unavailable,
fba63cf74a2be0bef91fa53c1924094cfa54cd1fa2aca3707ed8b6f3b4408b20,2019-02,Lancashire Constabulary,Lancashire Constabulary,-2.505790,53.742351,On or near Rutland Street,E01012658,Blackburn with Darwen 005E,Violence and sexual offences,Unable to prosecute suspect,
cd9526b374c3705b323eeacd64e5ffdc4c2f9c3ff887de2ffe052cd9690fe52f,2019-02,Lancashire Constabulary,Lancashire Constabulary,-2.506400,53.745171,On or near Rolleston Road,E01012658,Blackburn with Darwen 005E,Violence and sexual offences,Investigation complete; no suspect identified,
8d316e7fc18a1bbc0c33d43a7998fbaa91cc0e125707c866555a75852d6905c8,2019-02,Lancashire Constabulary,Lancashire Constabulary,-2.507597,53.741310,On or near Spring Lane,E01012658,Blackburn with Darwen 005E,Violence and sexual offences,Unable to prosecute suspect,
3164fdc993de94fb357d6ad53c23344d5bfce2a34b7b75aac58b78599836e487,2019-02,Lancashire Constabulary,Lancashire Constabulary,-2.507597,53.741310,On or near Spring Lane,E01012658,Blackburn with Darwen 005E,Violence and sexual offences,Status update unavailable,
9a291c371fbf2c83c9a05c0087a7c8c81b6cdd7b4dd7501070e7d5ba776844f0,2019-02,Lancashire Constabulary,Lancashire Constabulary,-2.505968,53.744544,On or near St Mark'S Road,E01012658,Blackburn with Darwen 005E,Violence and sexual offences,Unable to prosecute suspect,
6ace7d9882279f83db8b9fc783e5c6b5108e774a369efb03b96b266c65e99aec,2019-02,Lancashire Constabulary,Lancashire Constabulary,-2.505790,53.742351,On or near Rutland Street,E01012658,Blackburn with Darwen 005E,Violence and sexual offences,Unable to prosecute suspect,
dc7678bac9e09bef530bbde2e0ec4dfb9ee1706963e795eeb03dec70bb9647ca,2019-02,Lancashire Constabulary,Lancashire Constabulary,-2.507597,53.741310,On or near Spring Lane,E01012658,Blackburn with Darwen 005E,Violence and sexual offences,Unable to prosecute suspect,
f16cdeb85e0930a4a94316ef692fc3abcfef0896d2e2539bbf43c64b9b7e75d3,2019-02,Lancashire Constabulary,Lancashire Constabulary,-2.506400,53.745171,On or near Rolleston Road,E01012658,Blackburn with Darwen 005E,Violence and sexual offences,Unable to prosecute suspect,
c1d14bcc173ed754d71829c03be884ac70511e76270ff75d0a871b2078aa3e95,2019-02,Lancashire Constabulary,Lancashire Constabulary,-2.505790,53.742351,On or near Rutland Street,E01012658,Blackburn with Darwen 005E,Violence and sexual offences,Unable to prosecute suspect,
adedd05c7d7caf86cf3f6252d9b3fabf0a5fc3708af6881d37183eb8f1bb0df7,2019-02,Lancashire Constabulary,Lancashire Constabulary,-2.508126,53.744948,On or near St Mark'S Place,E01012658,Blackburn with Darwen 005E,Violence and sexual offences,Unable to prosecute suspect,
5e914fe0cf161f4e09ec0504d17525ebee83148663611623e40e76001423cc66,2019-02,Lancashire Constabulary,Lancashire Constabulary,-2.505790,53.742351,On or near Rutland Street,E01012658,Blackburn with Darwen 005E,Violence and sexual offences,Unable to prosecute suspect,
9d50e7e42adeed1fd8117ee69d218087888537bbdb5fec6be801582dd67bc4f3,2019-02,Lancashire Constabulary,Lancashire Constabulary,-2.506400,53.745171,On or near Rolleston Road,E01012658,Blackburn with Darwen 005E,Violence and sexual offences,Status update unavailable,
52ff80512cd35097c5be0d1cffc80be37ccda085da0a2fc7d558a249989be04a,2019-02,Lancashire Constabulary,Lancashire Constabulary,-2.506400,53.745171,On or near Rolleston Road,E01012658,Blackburn with Darwen 005E,Violence and sexual offences,Status update unavailable,
87f939802c20b4cfe58b221690766d3dce7d84ca3d36ad26af57624714692209,2019-02,Lancashire Constabulary,Lancashire Constabulary,-2.506400,53.745171,On or near Rolleston Road,E01012658,Blackburn with Darwen 005E,Violence and sexual offences,Status update unavailable,
173efd55924d4834d25a017935e50b3c0157c34c37c8d2e527d557a70885b84d,2019-02,Lancashire Constabulary,Lancashire Constabulary,-2.507597,53.741310,On or near Spring Lane,E01012658,Blackburn with Darwen 005E,Violence and sexual offences,Status update unavailable,
627d40fd2911028b91a996eec0e6e7757e69f7e906d7b25b56bd071928c5d410,2019-02,Lancashire Constabulary,Lancashire Constabulary,-2.506400,53.745171,On or near Rolleston Road,E01012658,Blackburn with Darwen 005E,Violence and sexual offences,Status update unavailable,
356aae373ab535afbd46de70458b9a3f748c91227523b6bc3683877674e5c9ba,2019-02,Lancashire Constabulary,Lancashire Constabulary,-2.505790,53.742351,On or near Rutland Street,E01012658,Blackburn with Darwen 005E,Violence and sexual offences,Unable to prosecute suspect,
,2019-02,Lancashire Constabulary,Lancashire Constabulary,-2.483515,53.738210,On or near Highfield Gardens,E01012629,Blackburn with Darwen 006A,Anti-social behaviour,,
,2019-02,Lancashire Constabulary,Lancashire Constabulary,-2.474548,53.742910,On or near Merchants Quay,E01012629,Blackburn with Darwen 006A,Anti-social behaviour,,
,2019-02,Lancashire Constabulary,Lancashire Constabulary,-2.478868,53.741554,On or near Parking Area,E01012629,Blackburn with Darwen 006A,Anti-social behaviour,,
,2019-02,Lancashire Constabulary,Lancashire Constabulary,-2.481688,53.738846,On or near Swan Street,E01012629,Blackburn with Darwen 006A,Anti-social behaviour,,
,2019-02,Lancashire Constabulary,Lancashire Constabulary,-2.481688,53.738846,On or near Swan Street,E01012629,Blackburn with Darwen 006A,Anti-social behaviour,,
,2019-02,Lancashire Constabulary,Lancashire Constabulary,-2.479414,53.738873,On or near York Street,E01012629,Blackburn with Darwen 006A,Anti-social behaviour,,
,2019-02,Lancashire Constabulary,Lancashire Constabulary,-2.480671,53.744099,On or near Shopping Area,E01012629,Blackburn with Darwen 006A,Anti-social behaviour,,
1d30f077f4a0591570592cf982cc46fbed02fc3751ebf354dea8efb0641b4b42,2019-02,Lancashire Constabulary,Lancashire Constabulary,-2.479414,53.738873,On or near York Street,E01012629,Blackburn with Darwen 006A,Burglary,Status update unavailable,
3136b2fbb1ba80c71f3c6f546b7915f988514a97cd592c5734e710a5e2e39e8d,2019-02,Lancashire Constabulary,Lancashire Constabulary,-2.481688,53.738846,On or near Swan Street,E01012629,Blackburn with Darwen 006A,Burglary,Status update unavailable,
d39ae744052ce891c28d6265b8b68954c600450bbc9abd69480cd0fee2bf0da0,2019-02,Lancashire Constabulary,Lancashire Constabulary,-2.485104,53.740621,On or near Lister Street,E01012629,Blackburn with Darwen 006A,Criminal damage and arson,Status update unavailable,
79be0af7018f6273e8ada6f85bf2d76cb588807de1eb2511a8224610778e4d96,2019-02,Lancashire Constabulary,Lancashire Constabulary,-2.482434,53.741782,On or near Shopping Area,E01012629,Blackburn with Darwen 006A,Criminal damage and arson,Status update unavailable,
62c62db5bd168214af1d23e631fbdf62e3943ac7b469997a58a132b300b665e4,2019-02,Lancashire Constabulary,Lancashire Constabulary,-2.483033,53.738472,On or near Highfield Road,E01012629,Blackburn with Darwen 006A,Drugs,Status update unavailable,
4c1331d28d1a30fec013010d055c478d3db6530ba4df30abcbd6eeffc3ebe8ac,2019-02,Lancashire Constabulary,Lancashire Constabulary,-2.485104,53.740621,On or near Lister Street,E01012629,Blackburn with Darwen 006A,Other theft,Status update unavailable,
75af5dc48167b25a343772c157e45c7f3bc376ae91135cb6c6493c338d19c0ce,2019-02,Lancashire Constabulary,Lancashire Constabulary,-2.478868,53.741554,On or near Parking Area,E01012629,Blackburn with Darwen 006A,Other theft,Status update unavailable,
1270905ec0c0ce768d8d5e0d574e44ae70cabf94092c8d2b93eb4c4e321ceb4b,2019-02,Lancashire Constabulary,Lancashire Constabulary,-2.482434,53.741782,On or near Shopping Area,E01012629,Blackburn with Darwen 006A,Other theft,Status update unavailable,
81470b97df4e149c86897e137871b68617b3824e89c21936a681e1f416030a7e,2019-02,Lancashire Constabulary,Lancashire Constabulary,-2.474556,53.742308,On or near Canalside,E01012629,Blackburn with Darwen 006A,Public order,Local resolution,
91d027b4a8fba80aed20ed6ea16ee54c7b34c5d01b6ca88afab7beed7b96f70a,2019-02,Lancashire Constabulary,Lancashire Constabulary,-2.482434,53.741782,On or near Shopping Area,E01012629,Blackburn with Darwen 006A,Public order,Awaiting court outcome,
097484e0259b3876429f51ee29ee2cf3fac2f5d16319176d3da997dc6d3f455a,2019-02,Lancashire Constabulary,Lancashire Constabulary,-2.474556,53.742308,On or near Canalside,E01012629,Blackburn with Darwen 006A,Public order,Status update unavailable,
840ac27afe546fdb13a89956eb1543b4f991c5892bdb73403129e9ad277532d8,2019-02,Lancashire Constabulary,Lancashire Constabulary,-2.482434,53.741782,On or near Shopping Area,E01012629,Blackburn with Darwen 006A,Public order,Status update unavailable,
22e02f3f7a72d966a7fbcc8893851c846c35f57b607399aa0df8a158c159355c,2019-02,Lancashire Constabulary,Lancashire Constabulary,-2.485104,53.740621,On or near Lister Street,E01012629,Blackburn with Darwen 006A,Public order,Status update unavailable,
787862ee6a5e60771e5582ecbf9bdabf4be0d8dde48fc06ee0a4046535e4e63d,2019-02,Lancashire Constabulary,Lancashire Constabulary,-2.483033,53.738472,On or near Highfield Road,E01012629,Blackburn with Darwen 006A,Public order,Awaiting court outcome,
f28d3b2e080028bbc45b6b40b349a5eb6c7108180a795883c593f92be70d8cb1,2019-02,Lancashire Constabulary,Lancashire Constabulary,-2.481099,53.739046,On or near Derham Street,E01012629,Blackburn with Darwen 006A,Public order,Status update unavailable,
51ac8f5a36ee66618b9f0c1641e3fe36faaff13fb39c9fe170b049adb23ea2ce,2019-02,Lancashire Constabulary,Lancashire Constabulary,-2.482434,53.741782,On or near Shopping Area,E01012629,Blackburn with Darwen 006A,Public order,Awaiting court outcome,
89c243c32acd28e87c638c9244c981f16cefc35c73686af937bc5f32a8d567a0,2019-02,Lancashire Constabulary,Lancashire Constabulary,-2.474548,53.742910,On or near Merchants Quay,E01012629,Blackburn with Darwen 006A,Public order,Local resolution,
3d36d2b6e454c2ed13ab2a2ba945ac90c7eb43470aa4b9ace0660a5fb713e4c7,2019-02,Lancashire Constabulary,Lancashire Constabulary,-2.478868,53.741554,On or near Parking Area,E01012629,Blackburn with Darwen 006A,Public order,Status update unavailable,
6e68ee3f9d842847038206fbb3bab873c7c6546c4b3c8adc16d376fc24e5619e,2019-02,Lancashire Constabulary,Lancashire Constabulary,-2.478868,53.741554,On or near Parking Area,E01012629,Blackburn with Darwen 006A,Robbery,Investigation complete; no suspect identified,
247858a3763078b7f1bedbfb9b5f5deed4e340db8fcef3f0afa5712f42c52cf3,2019-02,Lancashire Constabulary,Lancashire Constabulary,-2.482434,53.741782,On or near Shopping Area,E01012629,Blackburn with Darwen 006A,Shoplifting,Status update unavailable,
f610e5aa6c85e412f782499db2d78807822ac510ad43f9eddbde27287b2473cf,2019-02,Lancashire Constabulary,Lancashire Constabulary,-2.482434,53.741782,On or near Shopping Area,E01012629,Blackburn with Darwen 006A,Shoplifting,Awaiting court outcome,
463b03b14d17e04c02065303d63c985e37e67fce996f3008100a8fa513bd2951,2019-02,Lancashire Constabulary,Lancashire Constabulary,-2.477811,53.743221,On or near Lower Audley Street,E01012629,Blackburn with Darwen 006A,Shoplifting,Local resolution,
a4672d01d964bcf2f77b43f79c5a7349cec7200f7580d4aa1342c73a3f8bdaec,2019-02,Lancashire Constabulary,Lancashire Constabulary,-2.478868,53.741554,On or near Parking Area,E01012629,Blackburn with Darwen 006A,Shoplifting,Local resolution,
8ab0cf8b07d3195bd339ea35dcbed147114bc19bfb2768723f9f869e2bc2f08d,2019-02,Lancashire Constabulary,Lancashire Constabulary,-2.482434,53.741782,On or near Shopping Area,E01012629,Blackburn with Darwen 006A,Shoplifting,Offender given community sentence,
ae48bdd94d058e3bdfbca1f4f223d7bbba8c9a064acb06524ecaa324c98fbb8f,2019-02,Lancashire Constabulary,Lancashire Constabulary,-2.485104,53.740621,On or near Lister Street,E01012629,Blackburn with Darwen 006A,Shoplifting,Status update unavailable,
b5226fc5ace7ac33d7a48796591e0fb9f853b2e13fc0e23a4044a163b201e8e9,2019-02,Lancashire Constabulary,Lancashire Constabulary,-2.482434,53.741782,On or near Shopping Area,E01012629,Blackburn with Darwen 006A,Shoplifting,Status update unavailable,
31836963def368f9a78359bf066e97950fb31d402d4ee1624fb416f40b0ed5a1,2019-02,Lancashire Constabulary,Lancashire Constabulary,-2.482434,53.741782,On or near Shopping Area,E01012629,Blackburn with Darwen 006A,Shoplifting,Status update unavailable,
11faceb08cd0e94d45dfb6eea08805915be3f2e90e3fd4c209e2a32d5d8d9963,2019-02,Lancashire Constabulary,Lancashire Constabulary,-2.482434,53.741782,On or near Shopping Area,E01012629,Blackburn with Darwen 006A,Shoplifting,Unable to prosecute suspect,
b142f134fea4683e55d1f271ac28900f5ffcdc271cd2e4c9da307b39f655375c,2019-02,Lancashire Constabulary,Lancashire Constabulary,-2.478868,53.741554,On or near Parking Area,E01012629,Blackburn with Darwen 006A,Shoplifting,Status update unavailable,
9b4f7767bc3440174daf0f43bfc244e73ce8c04e9beea7fd552d7ff7f677ad8a,2019-02,Lancashire Constabulary,Lancashire Constabulary,-2.478868,53.741554,On or near Parking Area,E01012629,Blackburn with Darwen 006A,Shoplifting,Local resolution,
7aa5d8ef4a00211a4a4a5f11f0ee82d2fe11419f224da08dffc72d3159cc1499,2019-02,Lancashire Constabulary,Lancashire Constabulary,-2.482434,53.741782,On or near Shopping Area,E01012629,Blackburn with Darwen 006A,Shoplifting,Status update unavailable,
8563d78d5256e95e6f5da47b7079ed2247be62fc19a78c7cbc7964dc21c344f1,2019-02,Lancashire Constabulary,Lancashire Constabulary,-2.482434,53.741782,On or near Shopping Area,E01012629,Blackburn with Darwen 006A,Shoplifting,Offender sent to prison,
6280b2fca134ab54180b5e8c08b3f99f45b20663e2f0645122078a7d5d312993,2019-02,Lancashire Constabulary,Lancashire Constabulary,-2.478868,53.741554,On or near Parking Area,E01012629,Blackburn with Darwen 006A,Shoplifting,Offender given conditional discharge,
1b69998784f711c31ef0a64446ad227a36429008f06af6795abde5f23b3deabe,2019-02,Lancashire Constabulary,Lancashire Constabulary,-2.482434,53.741782,On or near Shopping Area,E01012629,Blackburn with Darwen 006A,Shoplifting,Status update unavailable,
20945d79ce6ffc2a1f02fde2200216a758c39c40c3c5b694ea2b98118e472a06,2019-02,Lancashire Constabulary,Lancashire Constabulary,-2.478868,53.741554,On or near Parking Area,E01012629,Blackburn with Darwen 006A,Shoplifting,Status update unavailable,
d01d0da6e10a5b9f0000793a9389179d83cd9ff9c168b0a5d6b3f4b72517e34f,2019-02,Lancashire Constabulary,Lancashire Constabulary,-2.478868,53.741554,On or near Parking Area,E01012629,Blackburn with Darwen 006A,Shoplifting,Awaiting court outcome,
b982d5462fc24003807a549062e3cd8aabc50058f63961a42cbf774c42305bed,2019-02,Lancashire Constabulary,Lancashire Constabulary,-2.482434,53.741782,On or near Shopping Area,E01012629,Blackburn with Darwen 006A,Shoplifting,Status update unavailable,
f05c4448d7880e38800bc665b8f2255b82e16dc9cf3fd556555b0b7d7b230532,2019-02,Lancashire Constabulary,Lancashire Constabulary,-2.482434,53.741782,On or near Shopping Area,E01012629,Blackburn with Darwen 006A,Shoplifting,Formal action is not in the public interest,
ca01edc6be8199d1ca40f5c56e526d0311e59e9404d0269abf4d5628b4b9f6f0,2019-02,Lancashire Constabulary,Lancashire Constabulary,-2.483515,53.738210,On or near Highfield Gardens,E01012629,Blackburn with Darwen 006A,Vehicle crime,Status update unavailable,
8950c492e6191314761c99579e59f4e723152e8514f42da8d057b3d109041508,2019-02,Lancashire Constabulary,Lancashire Constabulary,-2.478868,53.741554,On or near Parking Area,E01012629,Blackburn with Darwen 006A,Vehicle crime,Status update unavailable,
74ca8ceec1b3fad6ca18f78dea0ae9b2664754eee9f1c145a52ae451007cff94,2019-02,Lancashire Constabulary,Lancashire Constabulary,-2.487580,53.738409,On or near Chadwick Street,E01012629,Blackburn with Darwen 006A,Vehicle crime,Status update unavailable,
f3d7c487458c2fb69d6e60d77fa0da6240d8900cc83affd5af031664b9eb4703,2019-02,Lancashire Constabulary,Lancashire Constabulary,-2.480671,53.744099,On or near Shopping Area,E01012629,Blackburn with Darwen 006A,Vehicle crime,Status update unavailable,
6b968f47067639325200a8345850c42972c54811d709e9093c41dc89155ecd04,2019-02,Lancashire Constabulary,Lancashire Constabulary,-2.478868,53.741554,On or near Parking Area,E01012629,Blackburn with Darwen 006A,Violence and sexual offences,Unable to prosecute suspect,
a586a4087b447f2d1235a6e5925385f2308f783765ba41e86744ced3d3b61840,2019-02,Lancashire Constabulary,Lancashire Constabulary,-2.485104,53.740621,On or near Lister Street,E01012629,Blackburn with Darwen 006A,Violence and sexual offences,Status update unavailable,
9e457561eb20494f221743a79f67c13be348535de4355e3c28f58e7018261f9a,2019-02,Lancashire Constabulary,Lancashire Constabulary,-2.483033,53.738472,On or near Highfield Road,E01012629,Blackburn with Darwen 006A,Violence and sexual offences,Awaiting court outcome,
34637d5afbf147d4fca98ac1c1c8c16df03491e7b2d1efeff50c117878ff8bd0,2019-02,Lancashire Constabulary,Lancashire Constabulary,-2.478778,53.738957,On or near Procter Street,E01012629,Blackburn with Darwen 006A,Violence and sexual offences,Status update unavailable,
9bd38c48bf1ad710cf7062a6b5625086543f9dfa2e5408a4f38f24125540c6dc,2019-02,Lancashire Constabulary,Lancashire Constabulary,-2.485104,53.740621,On or near Lister Street,E01012629,Blackburn with Darwen 006A,Violence and sexual offences,Unable to prosecute suspect,
11c6c1aaf32654c619c251db4c1f1e5823a7480fe2a11d80d1e165a09197661f,2019-02,Lancashire Constabulary,Lancashire Constabulary,-2.485776,53.739720,On or near Bolton Road,E01012629,Blackburn with Darwen 006A,Violence and sexual offences,Status update unavailable,
d99f97876c415a30e746b2a2cd512e2c9050e1f858af0485e917eee9cf3e8114,2019-02,Lancashire Constabulary,Lancashire Constabulary,-2.478455,53.743839,On or near Carlisle Street,E01012629,Blackburn with Darwen 006A,Violence and sexual offences,Status update unavailable,
ab3cfc49b07a5b348790ad970b5c48b8f1d22a098c378aad7525405753ee2e48,2019-02,Lancashire Constabulary,Lancashire Constabulary,-2.483033,53.738472,On or near Highfield Road,E01012629,Blackburn with Darwen 006A,Violence and sexual offences,Awaiting court outcome,
ad863a025ea4d4e0b3b017584e9530894e6e41ed91504aeaf36ce7d79dd4c45b,2019-02,Lancashire Constabulary,Lancashire Constabulary,-2.483033,53.738472,On or near Highfield Road,E01012629,Blackburn with Darwen 006A,Violence and sexual offences,Awaiting court outcome,
fbbcb9ea423910f48e9c297e87e5ab4f98b5647d20fc65c0498b1e8762cd40cb,2019-02,Lancashire Constabulary,Lancashire Constabulary,-2.485104,53.740621,On or near Lister Street,E01012629,Blackburn with Darwen 006A,Other crime,Unable to prosecute suspect,
,2019-02,Lancashire Constabulary,Lancashire Constabulary,-2.476966,53.736852,On or near Rimington Close,E01012631,Blackburn with Darwen 006B,Anti-social behaviour,,
,2019-02,Lancashire Constabulary,Lancashire Constabulary,-2.477072,53.739548,On or near Balmoral Close,E01012631,Blackburn with Darwen 006B,Anti-social behaviour,,
,2019-02,Lancashire Constabulary,Lancashire Constabulary,-2.476946,53.736456,On or near Pendle Drive,E01012631,Blackburn with Darwen 006B,Anti-social behaviour,,
,2019-02,Lancashire Constabulary,Lancashire Constabulary,-2.476966,53.736852,On or near Rimington Close,E01012631,Blackburn with Darwen 006B,Anti-social behaviour,,
,2019-02,Lancashire Constabulary,Lancashire Constabulary,-2.477072,53.739548,On or near Balmoral Close,E01012631,Blackburn with Darwen 006B,Anti-social behaviour,,
,2019-02,Lancashire Constabulary,Lancashire Constabulary,-2.479727,53.737075,On or near Smalley Way,E01012631,Blackburn with Darwen 006B,Anti-social behaviour,,
,2019-02,Lancashire Constabulary,Lancashire Constabulary,-2.472878,53.740077,On or near Hareden Brook Close,E01012631,Blackburn with Darwen 006B,Anti-social behaviour,,
,2019-02,Lancashire Constabulary,Lancashire Constabulary,-2.472645,53.740923,On or near Malham Gardens,E01012631,Blackburn with Darwen 006B,Anti-social behaviour,,
,2019-02,Lancashire Constabulary,Lancashire Constabulary,-2.477072,53.739548,On or near Balmoral Close,E01012631,Blackburn with Darwen 006B,Anti-social behaviour,,
600a6981302dc1dcdfb9eae018b7bca02b95ab3013828b4613917cdb909b15ae,2019-02,Lancashire Constabulary,Lancashire Constabulary,-2.477083,53.735171,On or near Park Lee Road,E01012631,Blackburn with Darwen 006B,Burglary,Status update unavailable,
98df8f3e779d999be2bf790ad80a438934ec324f12960c5082863a5494cae1cb,2019-02,Lancashire Constabulary,Lancashire Constabulary,-2.478039,53.737944,On or near Yates Fold,E01012631,Blackburn with Darwen 006B,Burglary,Status update unavailable,
b98c7e18863c2e22a24404a8fd4a1e151d46c4a8ae718b2c3b3e154c5f7f6c65,2019-02,Lancashire Constabulary,Lancashire Constabulary,-2.478039,53.737944,On or near Yates Fold,E01012631,Blackburn with Darwen 006B,Burglary,Status update unavailable,
9100b646acd6aced90b97546e9d94a2c42db938dbcb9172365f200d433185759,2019-02,Lancashire Constabulary,Lancashire Constabulary,-2.473131,53.739671,On or near Barn Gill Close,E01012631,Blackburn with Darwen 006B,Other theft,Unable to prosecute suspect,
3eef3ee2bbca829130a35d7ecf482c28a49022332f4e209424151745f49a3619,2019-02,Lancashire Constabulary,Lancashire Constabulary,-2.477083,53.735171,On or near Park Lee Road,E01012631,Blackburn with Darwen 006B,Other theft,Status update unavailable,
2c575e031d72118d2d232c2cc3eadd420fab8719ffdb2022f407f28637ff761b,2019-02,Lancashire Constabulary,Lancashire Constabulary,-2.478039,53.737944,On or near Yates Fold,E01012631,Blackburn with Darwen 006B,Other theft,Status update unavailable,
eac41df00d5a78a23565e048177cd84caa665f85aba78ad330eddbfb8d952256,2019-02,Lancashire Constabulary,Lancashire Constabulary,-2.477083,53.735171,On or near Park Lee Road,E01012631,Blackburn with Darwen 006B,Other theft,Status update unavailable,
691d72c25209c50e425110de5018e33d30b7f27a3ac1e599c3dd7978576927e2,2019-02,Lancashire Constabulary,Lancashire Constabulary,-2.477083,53.735171,On or near Park Lee Road,E01012631,Blackburn with Darwen 006B,Other theft,Status update unavailable,
fb800a52456ebcd6df620405ebdea299a018ac11c54389003a938d8f7b7f5cc0,2019-02,Lancashire Constabulary,Lancashire Constabulary,-2.472878,53.740077,On or near Hareden Brook Close,E01012631,Blackburn with Darwen 006B,Public order,Further investigation is not in the public interest,
551fa1921893b5c4b11abd2b37f87595e60c3ab7b75cd0753a2126afa6f4775a,2019-02,Lancashire Constabulary,Lancashire Constabulary,-2.472956,53.738917,On or near Hare Clough Close,E01012631,Blackburn with Darwen 006B,Public order,Status update unavailable,
5b294504d3aef41f973854186d59604a703a91da1457d7d2be68e40bcbfe0358,2019-02,Lancashire Constabulary,Lancashire Constabulary,-2.476966,53.736852,On or near Rimington Close,E01012631,Blackburn with Darwen 006B,Public order,Unable to prosecute suspect,
57bbe112ffc78380fa8c065df83101fff74bfd57ec89dcd94261058122001f27,2019-02,Lancashire Constabulary,Lancashire Constabulary,-2.473131,53.739671,On or near Barn Gill Close,E01012631,Blackburn with Darwen 006B,Public order,Status update unavailable,
76a65ac61d2c68ee1baaf528cdd26bc3648262d3d27e5ac0d0fb01c01db7d0de,2019-02,Lancashire Constabulary,Lancashire Constabulary,-2.477072,53.739548,On or near Balmoral Close,E01012631,Blackburn with Darwen 006B,Shoplifting,Status update unavailable,
86d1925ba992002a8e18e9a7f53b32cc39d648d0a11c75f1af99224698737817,2019-02,Lancashire Constabulary,Lancashire Constabulary,-2.477072,53.739548,On or near Balmoral Close,E01012631,Blackburn with Darwen 006B,Shoplifting,Further investigation is not in the public interest,
9f3da665acef6501ed2bddf095f7f87bcdb7648298e44b8a3636e6d7ba078dc9,2019-02,Lancashire Constabulary,Lancashire Constabulary,-2.472645,53.740923,On or near Malham Gardens,E01012631,Blackburn with Darwen 006B,Vehicle crime,Action to be taken by another organisation,
6a10c20623783aca0dac2da3a0b897991601fd4de0c313fa67d98ac91a2e5f77,2019-02,Lancashire Constabulary,Lancashire Constabulary,-2.479886,53.737685,On or near Rockcliffe Street,E01012631,Blackburn with Darwen 006B,Violence and sexual offences,Unable to prosecute suspect,
59129e8d4f92786f21328d6fed6da4c43004cef30e7447823920be14aa07fcee,2019-02,Lancashire Constabulary,Lancashire Constabulary,-2.477072,53.739548,On or near Balmoral Close,E01012631,Blackburn with Darwen 006B,Violence and sexual offences,Unable to prosecute suspect,
f911b17e7c5954d0f2f3fb7087e7b86f22131ffde71d581603b7a5ca94c3a317,2019-02,Lancashire Constabulary,Lancashire Constabulary,-2.473131,53.739671,On or near Barn Gill Close,E01012631,Blackburn with Darwen 006B,Violence and sexual offences,Local resolution,
c34fff8c7b10bb4ec177fc68d32e809dec50432dbc9ed7b52f1921864e78fa48,2019-02,Lancashire Constabulary,Lancashire Constabulary,-2.472956,53.738917,On or near Hare Clough Close,E01012631,Blackburn with Darwen 006B,Violence and sexual offences,Status update unavailable,
75b75535b06063fd4bff1c9636b5afec1bf692770ba42eaa713f035f139f7108,2019-02,Lancashire Constabulary,Lancashire Constabulary,-2.472645,53.740923,On or near Malham Gardens,E01012631,Blackburn with Darwen 006B,Violence and sexual offences,Status update unavailable,
b57e3bde145c06df59e497d442f9280a533f2d785f9cf178668a6350808f7e13,2019-02,Lancashire Constabulary,Lancashire Constabulary,-2.472645,53.740923,On or near Malham Gardens,E01012631,Blackburn with Darwen 006B,Violence and sexual offences,Status update unavailable,
e9e92f45d36a1b04fcadde8898e0d50c4f96f47fefc1d9149154f3924590985e,2019-02,Lancashire Constabulary,Lancashire Constabulary,-2.476966,53.736852,On or near Rimington Close,E01012631,Blackburn with Darwen 006B,Violence and sexual offences,Awaiting court outcome,
,2019-02,Lancashire Constabulary,Lancashire Constabulary,-2.480972,53.754471,On or near Brookfield Street,E01012643,Blackburn with Darwen 006C,Anti-social behaviour,,
,2019-02,Lancashire Constabulary,Lancashire Constabulary,-2.479979,53.749855,On or near Parking Area,E01012643,Blackburn with Darwen 006C,Anti-social behaviour,,
,2019-02,Lancashire Constabulary,Lancashire Constabulary,-2.482322,53.743949,On or near Park Road,E01012643,Blackburn with Darwen 006C,Anti-social behaviour,,
,2019-02,Lancashire Constabulary,Lancashire Constabulary,-2.480235,53.747049,On or near Bus/Coach Station,E01012643,Blackburn with Darwen 006C,Anti-social behaviour,,
,2019-02,Lancashire Constabulary,Lancashire Constabulary,-2.480235,53.747049,On or near Bus/Coach Station,E01012643,Blackburn with Darwen 006C,Anti-social behaviour,,
,2019-02,Lancashire Constabulary,Lancashire Constabulary,-2.482532,53.745054,On or near Mincing Lane,E01012643,Blackburn with Darwen 006C,Anti-social behaviour,,
,2019-02,Lancashire Constabulary,Lancashire Constabulary,-2.478864,53.751783,On or near Swift Close,E01012643,Blackburn with Darwen 006C,Anti-social behaviour,,
,2019-02,Lancashire Constabulary,Lancashire Constabulary,-2.479279,53.752338,On or near Swallow Drive,E01012643,Blackburn with Darwen 006C,Anti-social behaviour,,
,2019-02,Lancashire Constabulary,Lancashire Constabulary,-2.480554,53.748459,On or near Pedestrian Subway,E01012643,Blackburn with Darwen 006C,Anti-social behaviour,,
,2019-02,Lancashire Constabulary,Lancashire Constabulary,-2.480056,53.746007,On or near Parking Area,E01012643,Blackburn with Darwen 006C,Anti-social behaviour,,
329db28da0364826fd3be46149c506c08e84a9511bc87c97caa5f87cad3ad5ba,2019-02,Lancashire Constabulary,Lancashire Constabulary,-2.479826,53.753756,On or near Whalley Range,E01012643,Blackburn with Darwen 006C,Burglary,Status update unavailable,
1caf79958acece7fa5309b26770b586f85273e5f4088ee38683144be77d5e653,2019-02,Lancashire Constabulary,Lancashire Constabulary,-2.479826,53.753756,On or near Whalley Range,E01012643,Blackburn with Darwen 006C,Burglary,Status update unavailable,
a51757e09ca4fca0998a61af17b5d560449a7e891e7eebc20b3075b6abd2e1ca,2019-02,Lancashire Constabulary,Lancashire Constabulary,-2.480554,53.748459,On or near Pedestrian Subway,E01012643,Blackburn with Darwen 006C,Other theft,Local resolution,
badced50882866396f7e6f294108d6fc90a0ad1be122a1b6eb826afe0451cec4,2019-02,Lancashire Constabulary,Lancashire Constabulary,-2.476982,53.751691,On or near Lark Hill,E01012643,Blackburn with Darwen 006C,Other theft,Unable to prosecute suspect,
6b4c972cf74111f31f87c27bf30a7f4e5c163ee522fbd2a61b077f54bfa3b24b,2019-02,Lancashire Constabulary,Lancashire Constabulary,-2.475683,53.753530,On or near Lark Hill,E01012643,Blackburn with Darwen 006C,Other theft,Status update unavailable,
aa46f3fb68a0fac082f2e718d07535a150c05c1a3bc63dfe1947fc05284b7d46,2019-02,Lancashire Constabulary,Lancashire Constabulary,-2.480554,53.748459,On or near Pedestrian Subway,E01012643,Blackburn with Darwen 006C,Other theft,Status update unavailable,
ee5470262634999a5ebb2b610bb70bd238c07c006c6ee35ccad7f8fb3789521f,2019-02,Lancashire Constabulary,Lancashire Constabulary,-2.480056,53.746007,On or near Parking Area,E01012643,Blackburn with Darwen 006C,Other theft,Status update unavailable,
21a163ded01fda8a3be3529c4a89c0e86a8493fd2d43a34f1b39017dc736be2b,2019-02,Lancashire Constabulary,Lancashire Constabulary,-2.480235,53.747049,On or near Bus/Coach Station,E01012643,Blackburn with Darwen 006C,Other theft,Status update unavailable,
b12e25641ecc7744540e693c95a646bdf603e4a05fb1e38e93f337fffa7b5816,2019-02,Lancashire Constabulary,Lancashire Constabulary,-2.480235,53.747049,On or near Bus/Coach Station,E01012643,Blackburn with Darwen 006C,Other theft,Status update unavailable,
dba1954fb9df1e2750242e9eedd0c2840d07e704948ecc7d1c1dc73d9076f12f,2019-02,Lancashire Constabulary,Lancashire Constabulary,-2.482322,53.743949,On or near Park Road,E01012643,Blackburn with Darwen 006C,Public order,Status update unavailable,
3356233b2d4f8a73513bebc23429e6da8bfa0fd0cb67edba687ce5774e18366c,2019-02,Lancashire Constabulary,Lancashire Constabulary,-2.472497,53.749363,On or near Higher Eanam,E01012643,Blackburn with Darwen 006C,Public order,Status update unavailable,
af01aad347b0196b68634e9b0bf68f821cd48153f2d6f76fa7fc10f184efc7c8,2019-02,Lancashire Constabulary,Lancashire Constabulary,-2.480554,53.748459,On or near Pedestrian Subway,E01012643,Blackburn with Darwen 006C,Public order,Status update unavailable,
c4b7e2af65c1b910ed603c6058936966ca01931cc19c1e504e5f004afb3429d0,2019-02,Lancashire Constabulary,Lancashire Constabulary,-2.480554,53.748459,On or near Pedestrian Subway,E01012643,Blackburn with Darwen 006C,Public order,Unable to prosecute suspect,
2f2a961457283d5bd2a05db243828c63e7288b74bab59c6a8c954f41bd439d6a,2019-02,Lancashire Constabulary,Lancashire Constabulary,-2.480554,53.748459,On or near Pedestrian Subway,E01012643,Blackburn with Darwen 006C,Public order,Further investigation is not in the public interest,
1d8aeb46291b5309de7ec71b80ac2d2f6567c49b93d86b067df0c1a0f9ed7e69,2019-02,Lancashire Constabulary,Lancashire Constabulary,-2.480235,53.747049,On or near Bus/Coach Station,E01012643,Blackburn with Darwen 006C,Public order,Status update unavailable,
d80666b4b58fb8b03b5d90083c127fdad0710a7ce2af26d027695042140e6f1b,2019-02,Lancashire Constabulary,Lancashire Constabulary,-2.479979,53.749855,On or near Parking Area,E01012643,Blackburn with Darwen 006C,Public order,Status update unavailable,
e6c9d3caffdf7075dcd3d72cd62c357dde904159f3f7a9c0c4f870e7f347d0f5,2019-02,Lancashire Constabulary,Lancashire Constabulary,-2.480554,53.748459,On or near Pedestrian Subway,E01012643,Blackburn with Darwen 006C,Public order,Unable to prosecute suspect,
6b728d08e496e92a7308f5819f12c2ab5617c0edbddce6038ffe85f710dcd6ea,2019-02,Lancashire Constabulary,Lancashire Constabulary,-2.482322,53.743949,On or near Park Road,E01012643,Blackburn with Darwen 006C,Public order,Status update unavailable,
f9781c3e45568ab1743c3fa935eb302e8a9b79f0e7503ed379aa9c859e1b0965,2019-02,Lancashire Constabulary,Lancashire Constabulary,-2.480235,53.747049,On or near Bus/Coach Station,E01012643,Blackburn with Darwen 006C,Public order,Unable to prosecute suspect,
3a83f0bd14191b9995491181d2f34c562c93d17f89107ce37bcc31cf8af96107,2019-02,Lancashire Constabulary,Lancashire Constabulary,-2.478864,53.751783,On or near Swift Close,E01012643,Blackburn with Darwen 006C,Public order,Further investigation is not in the public interest,
d2686b132a8c5f40c8197b6d92757b59041a70d349248428d0164c89a548a6de,2019-02,Lancashire Constabulary,Lancashire Constabulary,-2.480554,53.748459,On or near Pedestrian Subway,E01012643,Blackburn with Darwen 006C,Public order,Status update unavailable,
95a0fa301d9471a5d58477dab726cadc3ce1ef5fa30b727a67be684bd467b823,2019-02,Lancashire Constabulary,Lancashire Constabulary,-2.477435,53.752867,On or near Sandpiper Close,E01012643,Blackburn with Darwen 006C,Public order,Awaiting court outcome,
92ae5a172a9883c7ea3dd2cf8db3e7d228f119da734834817b962358364acc5c,2019-02,Lancashire Constabulary,Lancashire Constabulary,-2.477574,53.747707,On or near Parking Area,E01012643,Blackburn with Darwen 006C,Public order,Status update unavailable,
78b6ab2ed854d12aa1de4b08c236edd938e223634784e31d614d32db9cc05705,2019-02,Lancashire Constabulary,Lancashire Constabulary,-2.479979,53.749855,On or near Parking Area,E01012643,Blackburn with Darwen 006C,Robbery,Status update unavailable,
eabc6b925a200cea60647cae50c6eff4b878668b7a9b914f2a64461eec050af5,2019-02,Lancashire Constabulary,Lancashire Constabulary,-2.472497,53.749363,On or near Higher Eanam,E01012643,Blackburn with Darwen 006C,Robbery,Status update unavailable,
a2475a5335dea4d353b947d092e7e854949d340f4a74c8af02b35873023ea4d3,2019-02,Lancashire Constabulary,Lancashire Constabulary,-2.480056,53.746007,On or near Parking Area,E01012643,Blackburn with Darwen 006C,Robbery,Status update unavailable,
871ed75a8e91a2b9f870701aebba7c5db23a3cff5e4d6e9a0d6ba7aa366f85d3,2019-02,Lancashire Constabulary,Lancashire Constabulary,-2.480554,53.748459,On or near Pedestrian Subway,E01012643,Blackburn with Darwen 006C,Shoplifting,Offender given a caution,
d8dfec8a3132c84e6d48b9775bb816f35a05bc4a59553605341f2a82bba2d312,2019-02,Lancashire Constabulary,Lancashire Constabulary,-2.479339,53.748284,On or near Supermarket,E01012643,Blackburn with Darwen 006C,Shoplifting,Status update unavailable,
c553a6666d0189ebf08fd48a9022ec84b6064c24517829a98443569147d5f11a,2019-02,Lancashire Constabulary,Lancashire Constabulary,-2.480554,53.748459,On or near Pedestrian Subway,E01012643,Blackburn with Darwen 006C,Shoplifting,Formal action is not in the public interest,
fb62029c5ed2659dbee83f1c6f6bf9afc7dbf0813817cd7245445cc40b192e24,2019-02,Lancashire Constabulary,Lancashire Constabulary,-2.479339,53.748284,On or near Supermarket,E01012643,Blackburn with Darwen 006C,Shoplifting,Status update unavailable,
37c0c3cd8b6008826bab8b6797b35013e369df8f776571a45af64fb5235fbfc3,2019-02,Lancashire Constabulary,Lancashire Constabulary,-2.479339,53.748284,On or near Supermarket,E01012643,Blackburn with Darwen 006C,Shoplifting,Status update unavailable,
fa6e2461b728a0bc342c0e68d6a9a300635e0ec424bf061a7e89cb2861669ad5,2019-02,Lancashire Constabulary,Lancashire Constabulary,-2.479339,53.748284,On or near Supermarket,E01012643,Blackburn with Darwen 006C,Shoplifting,Status update unavailable,
3a23ab28e23888023e6ca1b9a4dda4fb90ab910ae7432b7797cb73b1d183b7ea,2019-02,Lancashire Constabulary,Lancashire Constabulary,-2.479339,53.748284,On or near Supermarket,E01012643,Blackburn with Darwen 006C,Shoplifting,Unable to prosecute suspect,
bab27d63c7145e34edd307dd7aed919037349824b58512a88d9f401a4b6ced53,2019-02,Lancashire Constabulary,Lancashire Constabulary,-2.480406,53.754068,On or near Carr Street,E01012643,Blackburn with Darwen 006C,Vehicle crime,Status update unavailable,
8c7eff4604f8c863fe86db8d137bb302db892c1a196a98f691cbd15ec85d9604,2019-02,Lancashire Constabulary,Lancashire Constabulary,-2.480554,53.748459,On or near Pedestrian Subway,E01012643,Blackburn with Darwen 006C,Violence and sexual offences,Further investigation is not in the public interest,
93129c21063aa763294174acbf1b97c208d9d593f969a5edee4247a7a5ceedf1,2019-02,Lancashire Constabulary,Lancashire Constabulary,-2.478864,53.751783,On or near Swift Close,E01012643,Blackburn with Darwen 006C,Violence and sexual offences,Status update unavailable,
dda92d5ad0bdbafd56317964770c09b6cd793ab2b55ccf9a32dfa6c068497116,2019-02,Lancashire Constabulary,Lancashire Constabulary,-2.482322,53.743949,On or near Park Road,E01012643,Blackburn with Darwen 006C,Violence and sexual offences,Offender given a caution,
47fb123112e9fce0250aa7e0cd46f409b788e6a609ff6eeacfa0b7c380c86f8c,2019-02,Lancashire Constabulary,Lancashire Constabulary,-2.482322,53.743949,On or near Park Road,E01012643,Blackburn with Darwen 006C,Violence and sexual offences,Status update unavailable,
c16120cc59467f17476550bd7c16fee3cd5774e8be0e3af889b5078e948724b8,2019-02,Lancashire Constabulary,Lancashire Constabulary,-2.473558,53.751974,On or near Trinity Street,E01012643,Blackburn with Darwen 006C,Violence and sexual offences,Status update unavailable,
83bcf249848528a6700bdb4d0422c6aeee2c4e19a3b6c19c10ae64b076f0c183,2019-02,Lancashire Constabulary,Lancashire Constabulary,-2.482322,53.743949,On or near Park Road,E01012643,Blackburn with Darwen 006C,Violence and sexual offences,Unable to prosecute suspect,
0916b5d5843eff7c9b172f7868d8e615c7456fbcd9c523fa923e39bf20096a91,2019-02,Lancashire Constabulary,Lancashire Constabulary,-2.479339,53.748284,On or near Supermarket,E01012643,Blackburn with Darwen 006C,Violence and sexual offences,Offender sent to prison,
19d9076bd09d2f8945b11afc25223fdecf522746708aad5471ca345433753efe,2019-02,Lancashire Constabulary,Lancashire Constabulary,-2.480554,53.748459,On or near Pedestrian Subway,E01012643,Blackburn with Darwen 006C,Violence and sexual offences,Status update unavailable,
1e494021f9621947b1e9e369ff883cee33a1d46e71901ba9a705c6040a0f38f2,2019-02,Lancashire Constabulary,Lancashire Constabulary,-2.480406,53.754068,On or near Carr Street,E01012643,Blackburn with Darwen 006C,Violence and sexual offences,Unable to prosecute suspect,
c13409bbd6a99c8b4f18bfcef3899fad5690266221c8721795d17bfa0368c927,2019-02,Lancashire Constabulary,Lancashire Constabulary,-2.479979,53.749855,On or near Parking Area,E01012643,Blackburn with Darwen 006C,Violence and sexual offences,Status update unavailable,
866cbd0b51795e0b8866f15d549d517ad04939f1f68ecc2311abc4089b09bd8e,2019-02,Lancashire Constabulary,Lancashire Constabulary,-2.478864,53.751783,On or near Swift Close,E01012643,Blackburn with Darwen 006C,Violence and sexual offences,Unable to prosecute suspect,
afd41a4c4f126e32bca9e60e0341b2cd3720a26bf60fbaf4cef13e6fba871ede,2019-02,Lancashire Constabulary,Lancashire Constabulary,-2.479979,53.749855,On or near Parking Area,E01012643,Blackburn with Darwen 006C,Violence and sexual offences,Status update unavailable,
965f8646440c1d42aa644a535a2a82ef6a00c60ca9dbc29f5b143d0b5c0038e2,2019-02,Lancashire Constabulary,Lancashire Constabulary,-2.476982,53.751691,On or near Lark Hill,E01012643,Blackburn with Darwen 006C,Violence and sexual offences,Status update unavailable,
b6414891a12646a3fb4ae7ecc9024752f4299ecca8e0bcd565dc9a71a26169cd,2019-02,Lancashire Constabulary,Lancashire Constabulary,-2.480554,53.748459,On or near Pedestrian Subway,E01012643,Blackburn with Darwen 006C,Violence and sexual offences,Status update unavailable,
67bea5ad0e4bf73540171e73a693e5b5a46a951b351c05a29a131df80eff8b53,2019-02,Lancashire Constabulary,Lancashire Constabulary,-2.478864,53.751783,On or near Swift Close,E01012643,Blackburn with Darwen 006C,Violence and sexual offences,Status update unavailable,
8fd59e5df7fa96d71df1625894c0e06ab91b847445dd7d56ab5ce6411a50dad7,2019-02,Lancashire Constabulary,Lancashire Constabulary,-2.480554,53.748459,On or near Pedestrian Subway,E01012643,Blackburn with Darwen 006C,Violence and sexual offences,Status update unavailable,
adf60264454b7d58b7cb1a5b13b0209649baf478c742605161a73373f0ac98fb,2019-02,Lancashire Constabulary,Lancashire Constabulary,-2.480056,53.746007,On or near Parking Area,E01012643,Blackburn with Darwen 006C,Violence and sexual offences,Status update unavailable,
dc4e6528b00fa10d63146c31965a6579e4ffe678838e1623a455136826220f80,2019-02,Lancashire Constabulary,Lancashire Constabulary,-2.480972,53.754471,On or near Brookfield Street,E01012643,Blackburn with Darwen 006C,Violence and sexual offences,Status update unavailable,
,2019-02,Lancashire Constabulary,Lancashire Constabulary,-2.482299,53.745837,On or near Darwen Street,E01012644,Blackburn with Darwen 006D,Anti-social behaviour,,
,2019-02,Lancashire Constabulary,Lancashire Constabulary,-2.483764,53.747970,On or near Shopping Area,E01012644,Blackburn with Darwen 006D,Anti-social behaviour,,
,2019-02,Lancashire Constabulary,Lancashire Constabulary,-2.483764,53.747970,On or near Shopping Area,E01012644,Blackburn with Darwen 006D,Anti-social behaviour,,
,2019-02,Lancashire Constabulary,Lancashire Constabulary,-2.487044,53.752325,On or near St Andrew'S Street,E01012644,Blackburn with Darwen 006D,Anti-social behaviour,,
,2019-02,Lancashire Constabulary,Lancashire Constabulary,-2.488232,53.754055,On or near Holland Street,E01012644,Blackburn with Darwen 006D,Anti-social behaviour,,
,2019-02,Lancashire Constabulary,Lancashire Constabulary,-2.485382,53.750219,On or near King William Street,E01012644,Blackburn with Darwen 006D,Anti-social behaviour,,
,2019-02,Lancashire Constabulary,Lancashire Constabulary,-2.484929,53.749116,On or near Shopping Area,E01012644,Blackburn with Darwen 006D,Anti-social behaviour,,
,2019-02,Lancashire Constabulary,Lancashire Constabulary,-2.482299,53.745837,On or near Darwen Street,E01012644,Blackburn with Darwen 006D,Anti-social behaviour,,
,2019-02,Lancashire Constabulary,Lancashire Constabulary,-2.483764,53.747970,On or near Shopping Area,E01012644,Blackburn with Darwen 006D,Anti-social behaviour,,
,2019-02,Lancashire Constabulary,Lancashire Constabulary,-2.484030,53.750045,On or near Exchange Street,E01012644,Blackburn with Darwen 006D,Anti-social behaviour,,
,2019-02,Lancashire Constabulary,Lancashire Constabulary,-2.482099,53.750889,On or near James Street,E01012644,Blackburn with Darwen 006D,Anti-social behaviour,,
,2019-02,Lancashire Constabulary,Lancashire Constabulary,-2.482299,53.745837,On or near Darwen Street,E01012644,Blackburn with Darwen 006D,Anti-social behaviour,,
,2019-02,Lancashire Constabulary,Lancashire Constabulary,-2.485382,53.750219,On or near King William Street,E01012644,Blackburn with Darwen 006D,Anti-social behaviour,,
,2019-02,Lancashire Constabulary,Lancashire Constabulary,-2.485382,53.750219,On or near King William Street,E01012644,Blackburn with Darwen 006D,Anti-social behaviour,,
,2019-02,Lancashire Constabulary,Lancashire Constabulary,-2.485382,53.750219,On or near King William Street,E01012644,Blackburn with Darwen 006D,Anti-social behaviour,,
,2019-02,Lancashire Constabulary,Lancashire Constabulary,-2.483201,53.746516,On or near St Peter Street,E01012644,Blackburn with Darwen 006D,Anti-social behaviour,,
,2019-02,Lancashire Constabulary,Lancashire Constabulary,-2.483772,53.747386,On or near Fleming Square,E01012644,Blackburn with Darwen 006D,Anti-social behaviour,,
,2019-02,Lancashire Constabulary,Lancashire Constabulary,-2.483201,53.746516,On or near St Peter Street,E01012644,Blackburn with Darwen 006D,Anti-social behaviour,,
18736f2ac2e2422ebff67531659c4749b639222aef4928b929adda8896e7f639,2019-02,Lancashire Constabulary,Lancashire Constabulary,-2.486875,53.750833,On or near Preston New Road,E01012644,Blackburn with Darwen 006D,Burglary,Status update unavailable,
e6edf3f0b246d39ad6c829e1f7f9eeb4506a1cc37aa130fa249a63f7057ae54f,2019-02,Lancashire Constabulary,Lancashire Constabulary,-2.482994,53.752260,On or near Randal Street,E01012644,Blackburn with Darwen 006D,Burglary,Status update unavailable,
abe25ac01d9b39a9ed9b2b1a1c0e84647ac7e4068d0894baf636740d1ce3d8bb,2019-02,Lancashire Constabulary,Lancashire Constabulary,-2.486404,53.753379,On or near Willoughby Street,E01012644,Blackburn with Darwen 006D,Burglary,Status update unavailable,
ecbdb0d8b99602f793132bb8261c18fa31b74dc57034dfeeede9355462fc1d72,2019-02,Lancashire Constabulary,Lancashire Constabulary,-2.484739,53.752343,On or near Lime Street,E01012644,Blackburn with Darwen 006D,Burglary,Status update unavailable,
8478598887ce49729afd283ff4e541482e18ee759cc8668628fdf3c16a303826,2019-02,Lancashire Constabulary,Lancashire Constabulary,-2.486875,53.750833,On or near Preston New Road,E01012644,Blackburn with Darwen 006D,Burglary,Status update unavailable,
831058dae6372ec122601667f9cea7bb193048ce5b4ef778cfe0001f0e2150d6,2019-02,Lancashire Constabulary,Lancashire Constabulary,-2.483927,53.747691,On or near Astley Gate,E01012644,Blackburn with Darwen 006D,Burglary,Unable to prosecute suspect,
bb4174201f0f291bd4f7675f8bcf234174cb86ff63f2cdd115c37c553e22d73b,2019-02,Lancashire Constabulary,Lancashire Constabulary,-2.484739,53.752343,On or near Lime Street,E01012644,Blackburn with Darwen 006D,Burglary,Status update unavailable,
6e2bb0796b5f3f790ceb64c582119e179bdd5b218159c59e9c5031932fafaeaa,2019-02,Lancashire Constabulary,Lancashire Constabulary,-2.485382,53.750219,On or near King William Street,E01012644,Blackburn with Darwen 006D,Criminal damage and arson,Status update unavailable,
75345573813f0cb9f2aafa40d0e644e8f5fd7b0d1907bc48e60c29d263ec488d,2019-02,Lancashire Constabulary,Lancashire Constabulary,-2.481811,53.745650,On or near Pilkington Street,E01012644,Blackburn with Darwen 006D,Criminal damage and arson,Status update unavailable,
afebf053abc9dd9bf2831490bbd52037dc9a307a01d1262fecaee0305a5668fd,2019-02,Lancashire Constabulary,Lancashire Constabulary,-2.486163,53.750899,On or near Limbrick,E01012644,Blackburn with Darwen 006D,Criminal damage and arson,Status update unavailable,
330bf6e2cc605f7cb5979b3576cca6571b20703bb8107dcbe139e1c473c8ea5e,2019-02,Lancashire Constabulary,Lancashire Constabulary,-2.483764,53.747970,On or near Shopping Area,E01012644,Blackburn with Darwen 006D,Criminal damage and arson,Status update unavailable,
4e92671f0411cc50cf5f60b09e4cc4a9d4315ea1d22e47f1aa8491e0f8b86968,2019-02,Lancashire Constabulary,Lancashire Constabulary,-2.482824,53.751946,On or near Watford Street,E01012644,Blackburn with Darwen 006D,Drugs,Local resolution,
e111b986230a5fe0d23301bbcfb54e6b18d7b620ba99306b39d764a8b0b1751c,2019-02,Lancashire Constabulary,Lancashire Constabulary,-2.483497,53.748537,On or near Parking Area,E01012644,Blackburn with Darwen 006D,Other theft,Status update unavailable,
4bbf0edf66859c7c25119c33f20f12543a34e2bcaf9179fac4d742c13ce0d36d,2019-02,Lancashire Constabulary,Lancashire Constabulary,-2.482659,53.748145,On or near Shopping Area,E01012644,Blackburn with Darwen 006D,Other theft,Status update unavailable,
28a1eed60b5da75282077bcbe8794fc57d677a5c5f73d48bd5fe1e002c0979c6,2019-02,Lancashire Constabulary,Lancashire Constabulary,-2.483497,53.748537,On or near Parking Area,E01012644,Blackburn with Darwen 006D,Public order,Status update unavailable,
6c5e24e014978700a8869c6c3caa72d85e9e96a47a8728485abb61bd0b2744b6,2019-02,Lancashire Constabulary,Lancashire Constabulary,-2.481811,53.745650,On or near Pilkington Street,E01012644,Blackburn with Darwen 006D,Public order,Status update unavailable,
bc9937afdbf104e73033e2009d099fb4adcb3bec6e0a2dc1bdb3774f178c62b8,2019-02,Lancashire Constabulary,Lancashire Constabulary,-2.484929,53.749116,On or near Shopping Area,E01012644,Blackburn with Darwen 006D,Public order,Investigation complete; no suspect identified,
73d86a7ee82f5145d22acadf6f89e36bb7ae7af523b2d60db569610c2e41492a,2019-02,Lancashire Constabulary,Lancashire Constabulary,-2.484929,53.749116,On or near Shopping Area,E01012644,Blackburn with Darwen 006D,Public order,Unable to prosecute suspect,
842ac879d0b045ab11cd39fdc335042f6850175b059911b55d0c1f58cf638b43,2019-02,Lancashire Constabulary,Lancashire Constabulary,-2.481811,53.745650,On or near Pilkington Street,E01012644,Blackburn with Darwen 006D,Public order,Unable to prosecute suspect,
4b06e91b35293f5cf9ec7fd0a9e0b5bb3bccab306457e77b8bf0643ed97f8a3d,2019-02,Lancashire Constabulary,Lancashire Constabulary,-2.483927,53.747691,On or near Astley Gate,E01012644,Blackburn with Darwen 006D,Public order,Unable to prosecute suspect,
99357827c458ffa32dd0f3f75af59faf9f210d48ae05d703fab4ec0518b0a40e,2019-02,Lancashire Constabulary,Lancashire Constabulary,-2.485382,53.750219,On or near King William Street,E01012644,Blackburn with Darwen 006D,Public order,Status update unavailable,
c070663453949da439430fd3dacd076ce11aa5961f5e18b0f7c84853cdf3abec,2019-02,Lancashire Constabulary,Lancashire Constabulary,-2.483497,53.748537,On or near Parking Area,E01012644,Blackburn with Darwen 006D,Shoplifting,Investigation complete; no suspect identified,
9bb700b95baaaaefb966fa9941faafac8fb5b461ee432df3e3f3c24f06e452e1,2019-02,Lancashire Constabulary,Lancashire Constabulary,-2.483764,53.747970,On or near Shopping Area,E01012644,Blackburn with Darwen 006D,Shoplifting,Status update unavailable,
46aebe53f0430cb2ab0784ec78b1e668c58a76afa61afc351d3ccb03e9d10fae,2019-02,Lancashire Constabulary,Lancashire Constabulary,-2.483764,53.747970,On or near Shopping Area,E01012644,Blackburn with Darwen 006D,Shoplifting,Awaiting court outcome,
0350758b4166d5692c456d3abab1849c332a7ff31feff776e7b2dcf621430021,2019-02,Lancashire Constabulary,Lancashire Constabulary,-2.481993,53.749649,On or near Parking Area,E01012644,Blackburn with Darwen 006D,Shoplifting,Unable to prosecute suspect,
8e5552afb23260c80ef197ee20a6a266ece633ccfddaa3d9aa724e1367976821,2019-02,Lancashire Constabulary,Lancashire Constabulary,-2.481993,53.749649,On or near Parking Area,E01012644,Blackburn with Darwen 006D,Shoplifting,Awaiting court outcome,
b51c72fe5fca2208eadf8dd8c55e8981d01a2a1757224c83e5120606d3bac83b,2019-02,Lancashire Constabulary,Lancashire Constabulary,-2.483295,53.749455,On or near Shopping Area,E01012644,Blackburn with Darwen 006D,Shoplifting,Offender given suspended prison sentence,
0f6ae5029acd51576471fdd4c3cd7553ff17b27ba4ebcd265df4e4ddc09216e6,2019-02,Lancashire Constabulary,Lancashire Constabulary,-2.484929,53.749116,On or near Shopping Area,E01012644,Blackburn with Darwen 006D,Shoplifting,Awaiting court outcome,
006076b6ee0c54e85a60e706dce2a2676aa5f4c929243e561491f09fba535a42,2019-02,Lancashire Constabulary,Lancashire Constabulary,-2.483764,53.747970,On or near Shopping Area,E01012644,Blackburn with Darwen 006D,Shoplifting,Status update unavailable,
eb02b0191e8c504533faa6f1ec2ce2dd6afd4fe8645150dafcca6d5fb54417de,2019-02,Lancashire Constabulary,Lancashire Constabulary,-2.482659,53.748145,On or near Shopping Area,E01012644,Blackburn with Darwen 006D,Shoplifting,Status update unavailable,
9e087406653e78712b3948721bbda3c5e33e7937629b8d13e8af03a4d634502c,2019-02,Lancashire Constabulary,Lancashire Constabulary,-2.483764,53.747970,On or near Shopping Area,E01012644,Blackburn with Darwen 006D,Shoplifting,Offender given conditional discharge,
520cbe515e744638cd7040e0951720d50fb9cbe1682bb3e016f936daf6baa616,2019-02,Lancashire Constabulary,Lancashire Constabulary,-2.481993,53.749649,On or near Parking Area,E01012644,Blackburn with Darwen 006D,Shoplifting,Status update unavailable,
ef334643d405367a9a38d07d91e9e4b2cb9d9c8702712118fddf51f7d73fd3b9,2019-02,Lancashire Constabulary,Lancashire Constabulary,-2.483764,53.747970,On or near Shopping Area,E01012644,Blackburn with Darwen 006D,Shoplifting,Unable to prosecute suspect,
459452811ceb61fa2ad3c6edf73658b4fb79c1cb889f72059c05163969ba330e,2019-02,Lancashire Constabulary,Lancashire Constabulary,-2.483295,53.749455,On or near Shopping Area,E01012644,Blackburn with Darwen 006D,Shoplifting,Status update unavailable,
a21278bafcde054bd8cf0e38b0f21d1f01329217b1a651f02bc832b495f1cb49,2019-02,Lancashire Constabulary,Lancashire Constabulary,-2.483764,53.747970,On or near Shopping Area,E01012644,Blackburn with Darwen 006D,Shoplifting,Unable to prosecute suspect,
8470bd40490c69c3a1066437a46b3a171199422b7de639911065259c488f9063,2019-02,Lancashire Constabulary,Lancashire Constabulary,-2.483497,53.748537,On or near Parking Area,E01012644,Blackburn with Darwen 006D,Theft from the person,Status update unavailable,
af35c37a8dd92d30fdc792c23019af4711363d13ad8a4b20307c47f3cbcb26c2,2019-02,Lancashire Constabulary,Lancashire Constabulary,-2.481993,53.749649,On or near Parking Area,E01012644,Blackburn with Darwen 006D,Theft from the person,Status update unavailable,
cb9643b86c43d45b88d351d1dd76d5e1db602897dda7303c6115d1813c9470e5,2019-02,Lancashire Constabulary,Lancashire Constabulary,-2.483497,53.748537,On or near Parking Area,E01012644,Blackburn with Darwen 006D,Theft from the person,Status update unavailable,
66b46f793de9684bf43dc695595c6e57b7497608e265b48363e16e1837c56b32,2019-02,Lancashire Constabulary,Lancashire Constabulary,-2.483497,53.748537,On or near Parking Area,E01012644,Blackburn with Darwen 006D,Theft from the person,Status update unavailable,
3374631a9477b37ac4606d175a1a8dc4e4ca6e88450efc95241046e5501c9c2b,2019-02,Lancashire Constabulary,Lancashire Constabulary,-2.481993,53.749649,On or near Parking Area,E01012644,Blackburn with Darwen 006D,Theft from the person,Status update unavailable,
0023a128cea619fddd2e84d2c2c8a67be45400779e232a5630e935d1d976ef48,2019-02,Lancashire Constabulary,Lancashire Constabulary,-2.483497,53.748537,On or near Parking Area,E01012644,Blackburn with Darwen 006D,Theft from the person,Status update unavailable,
c558760034a813c71d91ca093a6117a8864c2475fb6ea51329ed388a93359573,2019-02,Lancashire Constabulary,Lancashire Constabulary,-2.488232,53.754055,On or near Holland Street,E01012644,Blackburn with Darwen 006D,Vehicle crime,Status update unavailable,
2bdd5a3c5e6bc4a35f21de99a40a012ac44532ce2d1ff10cb6e45c629ce57d04,2019-02,Lancashire Constabulary,Lancashire Constabulary,-2.483970,53.754063,On or near Balaclava Street,E01012644,Blackburn with Darwen 006D,Vehicle crime,Status update unavailable,
efdf1a98c963edabdbec6fa9482a9574934f5131f21e76a474e5a3375fe82e56,2019-02,Lancashire Constabulary,Lancashire Constabulary,-2.481811,53.745650,On or near Pilkington Street,E01012644,Blackburn with Darwen 006D,Vehicle crime,Status update unavailable,
4ee55c92bb05aa55fbc8ec6b176d524a6f51a95b3b22c51696a5aa86025f571b,2019-02,Lancashire Constabulary,Lancashire Constabulary,-2.487044,53.752325,On or near St Andrew'S Street,E01012644,Blackburn with Darwen 006D,Vehicle crime,Status update unavailable,
be6efd8549e7dcd27e7bc7ec7f4618eafe6a31cdeebf9bc1be7de6594d69f9db,2019-02,Lancashire Constabulary,Lancashire Constabulary,-2.487187,53.751587,On or near Strawberry Bank,E01012644,Blackburn with Darwen 006D,Violence and sexual offences,Unable to prosecute suspect,
24160e3d91753a2ae28f839d2a25493611f6a98fc2875eede26eef27918d726c,2019-02,Lancashire Constabulary,Lancashire Constabulary,-2.483772,53.747386,On or near Fleming Square,E01012644,Blackburn with Darwen 006D,Violence and sexual offences,Unable to prosecute suspect,
4a2c340727d826d73d4f01dc6fdef28a37d84e1e9f5b11201a99e15525615991,2019-02,Lancashire Constabulary,Lancashire Constabulary,-2.484929,53.749116,On or near Shopping Area,E01012644,Blackburn with Darwen 006D,Violence and sexual offences,Offender given a caution,
e7eb27e30c52458132a0350c47937086be9b195b3b0aba460a01c7d35a57d7b8,2019-02,Lancashire Constabulary,Lancashire Constabulary,-2.483497,53.748537,On or near Parking Area,E01012644,Blackburn with Darwen 006D,Violence and sexual offences,Local resolution,
44215ab0401809489c2c1ea73d7ef542d83f4fe8f94313369ab201b62394cc10,2019-02,Lancashire Constabulary,Lancashire Constabulary,-2.482994,53.752260,On or near Randal Street,E01012644,Blackburn with Darwen 006D,Violence and sexual offences,Unable to prosecute suspect,
d5a96bf6b3be3a472b991bc5ba5821ade4a65d2cfd39793d9e773a2cd29a1b15,2019-02,Lancashire Constabulary,Lancashire Constabulary,-2.484929,53.749116,On or near Shopping Area,E01012644,Blackburn with Darwen 006D,Violence and sexual offences,Status update unavailable,
fcb16eda00b2ff2015784cd6a9444140071b6c7c680f9cfc6dedbc6726f2a3b5,2019-02,Lancashire Constabulary,Lancashire Constabulary,-2.482299,53.745837,On or near Darwen Street,E01012644,Blackburn with Darwen 006D,Violence and sexual offences,Status update unavailable,
4e121993d8c52d0b32664218428518fae66851ebb549787f2cb974a3db1ec702,2019-02,Lancashire Constabulary,Lancashire Constabulary,-2.484929,53.749116,On or near Shopping Area,E01012644,Blackburn with Darwen 006D,Violence and sexual offences,Status update unavailable,
1f900e58e9722ecf0e81a05b78ed058c7dd16274af348a625aefed5e792c95c4,2019-02,Lancashire Constabulary,Lancashire Constabulary,-2.483046,53.746265,On or near Nightclub,E01012644,Blackburn with Darwen 006D,Violence and sexual offences,Status update unavailable,
4bf84f99a0566715b3d0ee8076c8446dc863ffb4b4717ee5a41fc833dcbd2cf2,2019-02,Lancashire Constabulary,Lancashire Constabulary,-2.481811,53.745650,On or near Pilkington Street,E01012644,Blackburn with Darwen 006D,Violence and sexual offences,Status update unavailable,
8fc0801ccb5416a4e7fca892f7ba0d7e4a1020170193840f9f5ba5fc19aba414,2019-02,Lancashire Constabulary,Lancashire Constabulary,-2.483927,53.747691,On or near Astley Gate,E01012644,Blackburn with Darwen 006D,Violence and sexual offences,Status update unavailable,
077dec2e3967498792a8e7114e8a655c18f3c07ec7b78bfd71c757097ab61319,2019-02,Lancashire Constabulary,Lancashire Constabulary,-2.482099,53.750889,On or near James Street,E01012644,Blackburn with Darwen 006D,Violence and sexual offences,Status update unavailable,
8bb79ec773d648ed87486e2c6db349e86bd4e177b60c748d1b0db937309e66dd,2019-02,Lancashire Constabulary,Lancashire Constabulary,-2.482994,53.752260,On or near Randal Street,E01012644,Blackburn with Darwen 006D,Violence and sexual offences,Status update unavailable,
58c68ffae3350cd5a6c7182bc35b3b30b686aecd844d0beb0dc9b249615d5f89,2019-02,Lancashire Constabulary,Lancashire Constabulary,-2.482994,53.752260,On or near Randal Street,E01012644,Blackburn with Darwen 006D,Violence and sexual offences,Unable to prosecute suspect,
2e8060d7c2d2c5050d0987d5156301dd397802972094f2efa9306b97071f69a2,2019-02,Lancashire Constabulary,Lancashire Constabulary,-2.481811,53.745650,On or near Pilkington Street,E01012644,Blackburn with Darwen 006D,Violence and sexual offences,Status update unavailable,
e303613a46ea23d93304388e35325f59e3f716f18ca47e058b29005b86b132c1,2019-02,Lancashire Constabulary,Lancashire Constabulary,-2.483970,53.754063,On or near Balaclava Street,E01012644,Blackburn with Darwen 006D,Violence and sexual offences,Unable to prosecute suspect,
3576d412f101ab29b05b8528b9aacc1a78cf3695e2f267be40311ce5d7be7be6,2019-02,Lancashire Constabulary,Lancashire Constabulary,-2.483201,53.746516,On or near St Peter Street,E01012644,Blackburn with Darwen 006D,Violence and sexual offences,Status update unavailable,
cdd2905c1418252301b1241bec4a0ba7eca60310907c85f5d681054a0c3530a2,2019-02,Lancashire Constabulary,Lancashire Constabulary,-2.483772,53.747386,On or near Fleming Square,E01012644,Blackburn with Darwen 006D,Violence and sexual offences,Status update unavailable,
1551760701093a15d950e978cab726a162f463757e4db4700b914753526a575d,2019-02,Lancashire Constabulary,Lancashire Constabulary,-2.483201,53.746516,On or near St Peter Street,E01012644,Blackburn with Darwen 006D,Violence and sexual offences,Status update unavailable,
,2019-02,Lancashire Constabulary,Lancashire Constabulary,-2.493838,53.743300,On or near Foundry Street,E01012655,Blackburn with Darwen 006E,Anti-social behaviour,,
,2019-02,Lancashire Constabulary,Lancashire Constabulary,-2.489793,53.743532,On or near Harrison Street,E01012655,Blackburn with Darwen 006E,Anti-social behaviour,,
,2019-02,Lancashire Constabulary,Lancashire Constabulary,-2.488146,53.746685,On or near Prince'S Street,E01012655,Blackburn with Darwen 006E,Anti-social behaviour,,
,2019-02,Lancashire Constabulary,Lancashire Constabulary,-2.489793,53.743532,On or near Harrison Street,E01012655,Blackburn with Darwen 006E,Anti-social behaviour,,
,2019-02,Lancashire Constabulary,Lancashire Constabulary,-2.486397,53.746216,On or near Heaton Street,E01012655,Blackburn with Darwen 006E,Anti-social behaviour,,
,2019-02,Lancashire Constabulary,Lancashire Constabulary,-2.493703,53.745961,On or near Sunnyhurst Road,E01012655,Blackburn with Darwen 006E,Anti-social behaviour,,
,2019-02,Lancashire Constabulary,Lancashire Constabulary,-2.500730,53.745222,On or near Apple Street,E01012655,Blackburn with Darwen 006E,Anti-social behaviour,,
,2019-02,Lancashire Constabulary,Lancashire Constabulary,-2.486397,53.746216,On or near Heaton Street,E01012655,Blackburn with Darwen 006E,Anti-social behaviour,,
,2019-02,Lancashire Constabulary,Lancashire Constabulary,-2.485312,53.748134,On or near Lower Cockcroft,E01012655,Blackburn with Darwen 006E,Anti-social behaviour,,
,2019-02,Lancashire Constabulary,Lancashire Constabulary,-2.493838,53.743300,On or near Foundry Street,E01012655,Blackburn with Darwen 006E,Anti-social behaviour,,
,2019-02,Lancashire Constabulary,Lancashire Constabulary,-2.489466,53.748064,On or near Further/Higher Educational Building,E01012655,Blackburn with Darwen 006E,Anti-social behaviour,,
,2019-02,Lancashire Constabulary,Lancashire Constabulary,-2.490158,53.747584,On or near Montague Street,E01012655,Blackburn with Darwen 006E,Anti-social behaviour,,
,2019-02,Lancashire Constabulary,Lancashire Constabulary,-2.486397,53.746216,On or near Heaton Street,E01012655,Blackburn with Darwen 006E,Anti-social behaviour,,
,2019-02,Lancashire Constabulary,Lancashire Constabulary,-2.485312,53.748134,On or near Lower Cockcroft,E01012655,Blackburn with Darwen 006E,Anti-social behaviour,,
,2019-02,Lancashire Constabulary,Lancashire Constabulary,-2.488146,53.746685,On or near Prince'S Street,E01012655,Blackburn with Darwen 006E,Anti-social behaviour,,
,2019-02,Lancashire Constabulary,Lancashire Constabulary,-2.485278,53.746499,On or near Clayton Street,E01012655,Blackburn with Darwen 006E,Anti-social behaviour,,
,2019-02,Lancashire Constabulary,Lancashire Constabulary,-2.486397,53.746216,On or near Heaton Street,E01012655,Blackburn with Darwen 006E,Anti-social behaviour,,
,2019-02,Lancashire Constabulary,Lancashire Constabulary,-2.492184,53.747046,On or near Oakenhurst Road,E01012655,Blackburn with Darwen 006E,Anti-social behaviour,,
,2019-02,Lancashire Constabulary,Lancashire Constabulary,-2.486397,53.746216,On or near Heaton Street,E01012655,Blackburn with Darwen 006E,Anti-social behaviour,,
,2019-02,Lancashire Constabulary,Lancashire Constabulary,-2.486397,53.746216,On or near Heaton Street,E01012655,Blackburn with Darwen 006E,Anti-social behaviour,,
,2019-02,Lancashire Constabulary,Lancashire Constabulary,-2.493838,53.743300,On or near Foundry Street,E01012655,Blackburn with Darwen 006E,Anti-social behaviour,,
,2019-02,Lancashire Constabulary,Lancashire Constabulary,-2.486397,53.746216,On or near Heaton Street,E01012655,Blackburn with Darwen 006E,Anti-social behaviour,,
,2019-02,Lancashire Constabulary,Lancashire Constabulary,-2.486397,53.746216,On or near Heaton Street,E01012655,Blackburn with Darwen 006E,Anti-social behaviour,,
,2019-02,Lancashire Constabulary,Lancashire Constabulary,-2.486397,53.746216,On or near Heaton Street,E01012655,Blackburn with Darwen 006E,Anti-social behaviour,,
1e025168817a7da070ece9ccd85924c6caa8afd35c6a8c02d941fffbf0d7f184,2019-02,Lancashire Constabulary,Lancashire Constabulary,-2.485278,53.746499,On or near Clayton Street,E01012655,Blackburn with Darwen 006E,Bicycle theft,Status update unavailable,
7e1a8daf5786bb58353c251d6377ef1bfc298b8af377f36c5186a9ec7a276a6b,2019-02,Lancashire Constabulary,Lancashire Constabulary,-2.495393,53.747823,On or near Addison Close,E01012655,Blackburn with Darwen 006E,Burglary,Status update unavailable,
065d8baedbd817e9e442704607d3114ecb6c1aa3d781af4225280aa0afca754c,2019-02,Lancashire Constabulary,Lancashire Constabulary,-2.486397,53.746216,On or near Heaton Street,E01012655,Blackburn with Darwen 006E,Burglary,Status update unavailable,
2376482139a38ab8891e15bd57342efc23c9d8f36fab6ff1c59995fa2b3ed1f8,2019-02,Lancashire Constabulary,Lancashire Constabulary,-2.492251,53.742381,On or near Duckworth Street,E01012655,Blackburn with Darwen 006E,Burglary,Status update unavailable,
d7b7d06c16f3210fc244b8c49b2e16291c0b6ec221202e4450ab8ddaf9a4bffe,2019-02,Lancashire Constabulary,Lancashire Constabulary,-2.490158,53.747584,On or near Montague Street,E01012655,Blackburn with Darwen 006E,Burglary,Unable to prosecute suspect,
a6e7bf35247a01f0c0440060b8b268b704248d56ef37a0b76358df48baf04897,2019-02,Lancashire Constabulary,Lancashire Constabulary,-2.486993,53.746627,On or near France Street,E01012655,Blackburn with Darwen 006E,Burglary,Status update unavailable,
1fcebefad4ff49b5d234b8b1a1c06f71649aba6511274b9426f9a88142b88e04,2019-02,Lancashire Constabulary,Lancashire Constabulary,-2.495130,53.744814,On or near George Street West,E01012655,Blackburn with Darwen 006E,Burglary,Status update unavailable,
0e22503217ec0aa3e0677bcdd5ad099229aa0005e3df208f2cd4d7a40368d3eb,2019-02,Lancashire Constabulary,Lancashire Constabulary,-2.490158,53.747584,On or near Montague Street,E01012655,Blackburn with Darwen 006E,Burglary,Status update unavailable,
1aa4177ae63ac38d99061cb89b2b6665c5a8abce7c487dafdc9062b4bb3f108a,2019-02,Lancashire Constabulary,Lancashire Constabulary,-2.489793,53.743532,On or near Harrison Street,E01012655,Blackburn with Darwen 006E,Criminal damage and arson,Status update unavailable,
9e2237d6061571af5d05ed43b9294914b00140a3db4ed252f2e8d9e60baecae1,2019-02,Lancashire Constabulary,Lancashire Constabulary,-2.495393,53.747823,On or near Addison Close,E01012655,Blackburn with Darwen 006E,Criminal damage and arson,Status update unavailable,
12fb995f79a67782e3a0b8597f2aba035d0a95d46afd2613e548ae4687eb4e9f,2019-02,Lancashire Constabulary,Lancashire Constabulary,-2.493838,53.743300,On or near Foundry Street,E01012655,Blackburn with Darwen 006E,Criminal damage and arson,Status update unavailable,
f9d6c214457b2c8ad0c580a0088c79be6fb0fccd8237859746eb74501e7e6369,2019-02,Lancashire Constabulary,Lancashire Constabulary,-2.495130,53.744814,On or near George Street West,E01012655,Blackburn with Darwen 006E,Criminal damage and arson,Status update unavailable,
771ff18ed3a48e98ef15a5df4d4563e2e7d8450f295e1baa58c47e7abce85e6c,2019-02,Lancashire Constabulary,Lancashire Constabulary,-2.486720,53.742646,On or near Sumner Street,E01012655,Blackburn with Darwen 006E,Criminal damage and arson,Status update unavailable,
485679dfef40ee2fdf4bf087464348605f3ac264179cbe244b1e4f82501c6bdd,2019-02,Lancashire Constabulary,Lancashire Constabulary,-2.493838,53.743300,On or near Foundry Street,E01012655,Blackburn with Darwen 006E,Drugs,Awaiting court outcome,
030297d4e7b2e39b2dffedde6a83a3c25a6b0185e115bae62ae7ecdfed19370e,2019-02,Lancashire Constabulary,Lancashire Constabulary,-2.495148,53.746386,On or near Lower Ashworth Close,E01012655,Blackburn with Darwen 006E,Drugs,Status update unavailable,
575c8ef6544ad76795aaed86cb6cac079679699a037e73579209d3f2a65bb03b,2019-02,Lancashire Constabulary,Lancashire Constabulary,-2.491754,53.744001,On or near Whalley Banks,E01012655,Blackburn with Darwen 006E,Drugs,Status update unavailable,
9275974c8259874befe2ee72e901bae4e4f57359177472a4df7fc6686c273728,2019-02,Lancashire Constabulary,Lancashire Constabulary,-2.487097,53.749035,On or near Blakey Moor,E01012655,Blackburn with Darwen 006E,Other theft,Status update unavailable,
b26b0f3b21d0337850f6d5a23cdcca8338f051621a7d150a43e78849137ec061,2019-02,Lancashire Constabulary,Lancashire Constabulary,-2.485312,53.748134,On or near Lower Cockcroft,E01012655,Blackburn with Darwen 006E,Other theft,Status update unavailable,
ab1af1b499f540106265ab75ae54eda12ac2bcfe1dc01b59407331783fbfb54f,2019-02,Lancashire Constabulary,Lancashire Constabulary,-2.491754,53.744001,On or near Whalley Banks,E01012655,Blackburn with Darwen 006E,Other theft,Status update unavailable,
7bbdcaf1ad2474b13e652d6d253a1ede9c502f5b08d3fee3c2c610ff60683633,2019-02,Lancashire Constabulary,Lancashire Constabulary,-2.491754,53.744001,On or near Whalley Banks,E01012655,Blackburn with Darwen 006E,Other theft,Status update unavailable,
9490e39e184b2b2ffb4f82710bc7c5c59f2719575fcf913a00f4a3aad925517a,2019-02,Lancashire Constabulary,Lancashire Constabulary,-2.500975,53.745445,On or near Apple Close,E01012655,Blackburn with Darwen 006E,Other theft,Status update unavailable,
42c552b246381214a47a033a5092f8cefd65fc9b445df3710ae2a3e7e2a0cc3c,2019-02,Lancashire Constabulary,Lancashire Constabulary,-2.489466,53.748064,On or near Further/Higher Educational Building,E01012655,Blackburn with Darwen 006E,Other theft,Status update unavailable,
03edbec849049919ff00dc3fef74857c27caecf1ca1a8db738e75535c502c899,2019-02,Lancashire Constabulary,Lancashire Constabulary,-2.489466,53.748064,On or near Further/Higher Educational Building,E01012655,Blackburn with Darwen 006E,Other theft,Status update unavailable,
9ac8dd6b078b718375883fd90e10b83bac53669cb3c4eafbf25886a90bc663b6,2019-02,Lancashire Constabulary,Lancashire Constabulary,-2.484487,53.743653,On or near Canterbury Street,E01012655,Blackburn with Darwen 006E,Other theft,Status update unavailable,
d425a3a8c2af8485cd940dac43d42d14480bb54cf3c92e7bfb2d10ae3018ea40,2019-02,Lancashire Constabulary,Lancashire Constabulary,-2.485312,53.748134,On or near Lower Cockcroft,E01012655,Blackburn with Darwen 006E,Other theft,Status update unavailable,
4cda7397423c4dbb53ebddc01af6940a4a3ca4f694be6c83305dfd1c64469289,2019-02,Lancashire Constabulary,Lancashire Constabulary,-2.486397,53.746216,On or near Heaton Street,E01012655,Blackburn with Darwen 006E,Public order,Status update unavailable,
a15ca481eeb92c06d3f80d2b1d60e1cdbc1fd1d96d7ea8be9a602aae38f0062b,2019-02,Lancashire Constabulary,Lancashire Constabulary,-2.491754,53.744001,On or near Whalley Banks,E01012655,Blackburn with Darwen 006E,Public order,Unable to prosecute suspect,
ce9bdd8d49cb39069984fbba582b9db719a6ce49b6594ec9b0731cd354ef7127,2019-02,Lancashire Constabulary,Lancashire Constabulary,-2.485278,53.746499,On or near Clayton Street,E01012655,Blackburn with Darwen 006E,Public order,Unable to prosecute suspect,
59de7ecbfe806c8f2ddbe75c6c660bcefe7ed016b52469a7964bbf739178fada,2019-02,Lancashire Constabulary,Lancashire Constabulary,-2.486397,53.746216,On or near Heaton Street,E01012655,Blackburn with Darwen 006E,Public order,Status update unavailable,
6c66290875b63a7ff90d9852c315ae7f0596eb63187ad5531045b2e876281cfc,2019-02,Lancashire Constabulary,Lancashire Constabulary,-2.487097,53.749035,On or near Blakey Moor,E01012655,Blackburn with Darwen 006E,Public order,Status update unavailable,
7548c853e8b1419bcc82928c89fee736e838029d253b4ebb5dc7a710f2c03cee,2019-02,Lancashire Constabulary,Lancashire Constabulary,-2.485278,53.746499,On or near Clayton Street,E01012655,Blackburn with Darwen 006E,Public order,Unable to prosecute suspect,
dffad147a6e443b1b65796c261b39659b828c0710e659030517fa9d23314526c,2019-02,Lancashire Constabulary,Lancashire Constabulary,-2.486397,53.746216,On or near Heaton Street,E01012655,Blackburn with Darwen 006E,Public order,Court case unable to proceed,
1f6b3165edcd7273853a97c5a90affd81efccced7c712369a0e5caa35611430a,2019-02,Lancashire Constabulary,Lancashire Constabulary,-2.500839,53.742911,On or near Thompson Street,E01012655,Blackburn with Darwen 006E,Public order,Local resolution,
b76d626b2840dc41e2f9134a5b621faf91868347a43a402226c62a203454ea8e,2019-02,Lancashire Constabulary,Lancashire Constabulary,-2.486397,53.746216,On or near Heaton Street,E01012655,Blackburn with Darwen 006E,Public order,Status update unavailable,
ff5a6027aba79dbb3d6174b6b3b9b1f5c34bab3ce4b60f27244a492a3be182da,2019-02,Lancashire Constabulary,Lancashire Constabulary,-2.486397,53.746216,On or near Heaton Street,E01012655,Blackburn with Darwen 006E,Public order,Status update unavailable,
7f09b4ae5f5439e8b70269f0fa604d326c92a6136b7d208402911c7372398c6c,2019-02,Lancashire Constabulary,Lancashire Constabulary,-2.488754,53.744148,On or near Shopping Area,E01012655,Blackburn with Darwen 006E,Shoplifting,Status update unavailable,
918619995421ae2551cd8bf3752ef3490412d18ca82ca8a6ce34bf1775f2b49a,2019-02,Lancashire Constabulary,Lancashire Constabulary,-2.490158,53.747584,On or near Montague Street,E01012655,Blackburn with Darwen 006E,Theft from the person,Status update unavailable,
f11d3ffbe6d421b6d4b9353a31bcb01c046b3f234a05543b8ff47f653bcbec7f,2019-02,Lancashire Constabulary,Lancashire Constabulary,-2.489793,53.743532,On or near Harrison Street,E01012655,Blackburn with Darwen 006E,Vehicle crime,Offender sent to prison,
5bcd58fbb09a1cf6746b2450cfc5fa04290fc9bd8d69f5bb8eb5bcd2b61229cf,2019-02,Lancashire Constabulary,Lancashire Constabulary,-2.488562,53.745955,On or near A6078,E01012655,Blackburn with Darwen 006E,Vehicle crime,Status update unavailable,
360654447eae665f63af6f75256358bff08edd9383eb2a24349bbd535e0a01b8,2019-02,Lancashire Constabulary,Lancashire Constabulary,-2.499668,53.742647,On or near Redlam Brow,E01012655,Blackburn with Darwen 006E,Vehicle crime,Status update unavailable,
1b27f64376c92865f610c19f06039a76f68b3bcc02435486a1066ce708d21df0,2019-02,Lancashire Constabulary,Lancashire Constabulary,-2.493703,53.745961,On or near Sunnyhurst Road,E01012655,Blackburn with Darwen 006E,Violence and sexual offences,Unable to prosecute suspect,
b03435ca32979f642edf3e360df1be831d10fd61b6b626d4f860637ea7a9579a,2019-02,Lancashire Constabulary,Lancashire Constabulary,-2.488146,53.746685,On or near Prince'S Street,E01012655,Blackburn with Darwen 006E,Violence and sexual offences,Unable to prosecute suspect,
1f318536c6f28928e025cc910674f5a0f9fa0f70f4af776324f8548adc62ebc7,2019-02,Lancashire Constabulary,Lancashire Constabulary,-2.491754,53.744001,On or near Whalley Banks,E01012655,Blackburn with Darwen 006E,Violence and sexual offences,Awaiting court outcome,
a7ed03dd57eee969f92f22a2a2ff1f826217e62a970392a6854179adadaf4b52,2019-02,Lancashire Constabulary,Lancashire Constabulary,-2.493838,53.743300,On or near Foundry Street,E01012655,Blackburn with Darwen 006E,Violence and sexual offences,Unable to prosecute suspect,
71ac23491b7cc8ff285dd223411609742c9178c7b3d2c8ce6f487993ea00a6c2,2019-02,Lancashire Constabulary,Lancashire Constabulary,-2.486993,53.746627,On or near France Street,E01012655,Blackburn with Darwen 006E,Violence and sexual offences,Unable to prosecute suspect,
7fc14104f3f37dbced4eba34d2eeb326aedbf17aa54cbfcc96415b8e5a3475d6,2019-02,Lancashire Constabulary,Lancashire Constabulary,-2.486397,53.746216,On or near Heaton Street,E01012655,Blackburn with Darwen 006E,Violence and sexual offences,Unable to prosecute suspect,
728b0c277f8ad47af25a56ddbd5a2f823621d7161c6271b2b7e6fed983cb120d,2019-02,Lancashire Constabulary,Lancashire Constabulary,-2.486397,53.746216,On or near Heaton Street,E01012655,Blackburn with Darwen 006E,Violence and sexual offences,Status update unavailable,
902991f04813a660d5da14bb1c9446ffe308cfbdb6e7478a1ad146a32a8a4442,2019-02,Lancashire Constabulary,Lancashire Constabulary,-2.486397,53.746216,On or near Heaton Street,E01012655,Blackburn with Darwen 006E,Violence and sexual offences,Status update unavailable,
dd5ce0a20d688cf7fe209a362b1d47996d79539ffde0b1b72e1ae55d44fa4442,2019-02,Lancashire Constabulary,Lancashire Constabulary,-2.491897,53.748404,On or near Supermarket,E01012655,Blackburn with Darwen 006E,Violence and sexual offences,Status update unavailable,
be8dfef0ee61b199868fbcf57980fb3f6414c286b71ff25bc2589533fa5ac438,2019-02,Lancashire Constabulary,Lancashire Constabulary,-2.493838,53.743300,On or near Foundry Street,E01012655,Blackburn with Darwen 006E,Violence and sexual offences,Unable to prosecute suspect,
90d1b7d09566ebb81bec8605a7ac22e0db574758747e15d0458407e10a1b41d6,2019-02,Lancashire Constabulary,Lancashire Constabulary,-2.487984,53.748411,On or near St Paul'S Avenue,E01012655,Blackburn with Darwen 006E,Violence and sexual offences,Status update unavailable,
960863350d6a05a2e4b4dc750cf8e3fc2d0792ad78cca8b642ea4489e2eb916f,2019-02,Lancashire Constabulary,Lancashire Constabulary,-2.486397,53.746216,On or near Heaton Street,E01012655,Blackburn with Darwen 006E,Violence and sexual offences,Local resolution,
0d7d8eb2667c3c570afeb7a0a3269ec75f36b7839b3f62f43befe86d05af1f19,2019-02,Lancashire Constabulary,Lancashire Constabulary,-2.489466,53.748064,On or near Further/Higher Educational Building,E01012655,Blackburn with Darwen 006E,Violence and sexual offences,Unable to prosecute suspect,
399687c0178f4d9a077152ae32a89b585c026d02e2839ffa7adc26bcaa3fe71a,2019-02,Lancashire Constabulary,Lancashire Constabulary,-2.486397,53.746216,On or near Heaton Street,E01012655,Blackburn with Darwen 006E,Violence and sexual offences,Status update unavailable,
3ef047aee172a7c194789da0365c2df97e123d75f5ffa5cdb6e31d0e370392db,2019-02,Lancashire Constabulary,Lancashire Constabulary,-2.498430,53.745690,On or near Holden Street,E01012655,Blackburn with Darwen 006E,Violence and sexual offences,Awaiting court outcome,
590930cb39d47b73974958c89b35bc6aa0942108d1304be5245868336d486e3b,2019-02,Lancashire Constabulary,Lancashire Constabulary,-2.485312,53.748134,On or near Lower Cockcroft,E01012655,Blackburn with Darwen 006E,Violence and sexual offences,Status update unavailable,
b1f689227cee0cceb8fd372b140ba3de68fa600d506c0dd9d8974a327a2fc4a0,2019-02,Lancashire Constabulary,Lancashire Constabulary,-2.495148,53.746386,On or near Lower Ashworth Close,E01012655,Blackburn with Darwen 006E,Violence and sexual offences,Unable to prosecute suspect,
35e287111a400a6ff0c66bf3fcbf3ce32ac693627db98352698b60ce3e5461ea,2019-02,Lancashire Constabulary,Lancashire Constabulary,-2.498430,53.745690,On or near Holden Street,E01012655,Blackburn with Darwen 006E,Violence and sexual offences,Status update unavailable,
22c4fdf4f9bc65fe073be567ab94b88e99bcb4277ee161ac554e81fd5452e1bb,2019-02,Lancashire Constabulary,Lancashire Constabulary,-2.489996,53.746695,On or near Montague Close,E01012655,Blackburn with Darwen 006E,Violence and sexual offences,Unable to prosecute suspect,
f66f1330ba15bb528bb7f98aee70180606123e5ab7533b432234c2ce69048e7a,2019-02,Lancashire Constabulary,Lancashire Constabulary,-2.498430,53.745690,On or near Holden Street,E01012655,Blackburn with Darwen 006E,Violence and sexual offences,Status update unavailable,
8aef6ebad7df09f56ef36450ed2c3174f99babbcca089d726660f917e60965ee,2019-02,Lancashire Constabulary,Lancashire Constabulary,-2.500730,53.745222,On or near Apple Street,E01012655,Blackburn with Darwen 006E,Violence and sexual offences,Local resolution,
d259ea1ca6bc3a033bac0869e6ebe6bb0ca50a92554abe71f4f463d9030bace5,2019-02,Lancashire Constabulary,Lancashire Constabulary,-2.485312,53.748134,On or near Lower Cockcroft,E01012655,Blackburn with Darwen 006E,Violence and sexual offences,Offender given community sentence,
f56fbfb2c3ca935ccaea219f53946d02f600b63d579c3a0198fd3f4986f7b74c,2019-02,Lancashire Constabulary,Lancashire Constabulary,-2.493838,53.743300,On or near Foundry Street,E01012655,Blackburn with Darwen 006E,Violence and sexual offences,Status update unavailable,
19351e16562209c3a9f07d3902b5b154b29f0ce7f860914f44b657a90ef7999b,2019-02,Lancashire Constabulary,Lancashire Constabulary,-2.489466,53.748064,On or near Further/Higher Educational Building,E01012655,Blackburn with Darwen 006E,Violence and sexual offences,Unable to prosecute suspect,
d4b5df1ae8fc40372e1c26826ff4fbda45846c7e778202a8cf0ea853bf324ff3,2019-02,Lancashire Constabulary,Lancashire Constabulary,-2.487984,53.748411,On or near St Paul'S Avenue,E01012655,Blackburn with Darwen 006E,Violence and sexual offences,Status update unavailable,
302fe153e17f20f869dc2b56bde01726ad40a4d85cd757e1293a4024a0210a5f,2019-02,Lancashire Constabulary,Lancashire Constabulary,-2.485312,53.748134,On or near Lower Cockcroft,E01012655,Blackburn with Darwen 006E,Violence and sexual offences,Status update unavailable,
d95b8eb364bd71dd42a47c78ca02ccf2725ede475dc749d8d40020d92a3c889d,2019-02,Lancashire Constabulary,Lancashire Constabulary,-2.486397,53.746216,On or near Heaton Street,E01012655,Blackburn with Darwen 006E,Violence and sexual offences,Status update unavailable,
a8eaf6829aa9064f88d750a9ab1bbddb4013ed4616999dd52db37fd82d8eb002,2019-02,Lancashire Constabulary,Lancashire Constabulary,-2.489466,53.748064,On or near Further/Higher Educational Building,E01012655,Blackburn with Darwen 006E,Violence and sexual offences,Status update unavailable,
595930db26f6e1edaaec4cf35ac92cd4866e7d0532ffea62cccf4da792fd2381,2019-02,Lancashire Constabulary,Lancashire Constabulary,-2.492251,53.742381,On or near Duckworth Street,E01012655,Blackburn with Darwen 006E,Violence and sexual offences,Status update unavailable,
9f04f431229a6f08d972c47498fd132ddfe55303ec327dfb7bdeee0d4fdeb34d,2019-02,Lancashire Constabulary,Lancashire Constabulary,-2.487097,53.749035,On or near Blakey Moor,E01012655,Blackburn with Darwen 006E,Violence and sexual offences,Status update unavailable,
,2019-02,Lancashire Constabulary,Lancashire Constabulary,-2.458722,53.747439,On or near Cherry Close,E01012571,Blackburn with Darwen 007A,Anti-social behaviour,,
,2019-02,Lancashire Constabulary,Lancashire Constabulary,-2.458722,53.747439,On or near Cherry Close,E01012571,Blackburn with Darwen 007A,Anti-social behaviour,,
,2019-02,Lancashire Constabulary,Lancashire Constabulary,-2.458722,53.747439,On or near Cherry Close,E01012571,Blackburn with Darwen 007A,Anti-social behaviour,,
,2019-02,Lancashire Constabulary,Lancashire Constabulary,-2.458722,53.747439,On or near Cherry Close,E01012571,Blackburn with Darwen 007A,Anti-social behaviour,,
,2019-02,Lancashire Constabulary,Lancashire Constabulary,-2.461054,53.745785,On or near Lincoln Close,E01012571,Blackburn with Darwen 007A,Anti-social behaviour,,
,2019-02,Lancashire Constabulary,Lancashire Constabulary,-2.461054,53.745785,On or near Lincoln Close,E01012571,Blackburn with Darwen 007A,Anti-social behaviour,,
,2019-02,Lancashire Constabulary,Lancashire Constabulary,-2.458722,53.747439,On or near Cherry Close,E01012571,Blackburn with Darwen 007A,Anti-social behaviour,,
,2019-02,Lancashire Constabulary,Lancashire Constabulary,-2.458722,53.747439,On or near Cherry Close,E01012571,Blackburn with Darwen 007A,Anti-social behaviour,,
,2019-02,Lancashire Constabulary,Lancashire Constabulary,-2.458722,53.747439,On or near Cherry Close,E01012571,Blackburn with Darwen 007A,Anti-social behaviour,,
868dc146d9f0ab4653f05b1ace32debb4918ec441409f6f99a6b45073b345957,2019-02,Lancashire Constabulary,Lancashire Constabulary,-2.458515,53.747898,On or near Cherry Street,E01012571,Blackburn with Darwen 007A,Criminal damage and arson,Status update unavailable,
5158287efda6a23eb29e0308f93793ca17f2bf8a97457e77df006e8c6d563411,2019-02,Lancashire Constabulary,Lancashire Constabulary,-2.462387,53.745583,On or near Acorn Street,E01012571,Blackburn with Darwen 007A,Criminal damage and arson,Status update unavailable,
9eaaba36f6fda4ca4bee03a33aeced217f25a5684baef5bb956525c1f6aa2135,2019-02,Lancashire Constabulary,Lancashire Constabulary,-2.462387,53.745583,On or near Acorn Street,E01012571,Blackburn with Darwen 007A,Other theft,Status update unavailable,
0fc1c5d32e315e4a13b05d37d224e141fcec52317597004234a11a2a7afa1079,2019-02,Lancashire Constabulary,Lancashire Constabulary,-2.457976,53.744323,On or near Meadow Close,E01012571,Blackburn with Darwen 007A,Public order,Unable to prosecute suspect,
e81ae68daf20b9cf90ed657ca0ef1042ef87760466b426f6199474ecf176cee6,2019-02,Lancashire Constabulary,Lancashire Constabulary,-2.458722,53.747439,On or near Cherry Close,E01012571,Blackburn with Darwen 007A,Vehicle crime,Status update unavailable,
4b5558828a26f63696705c932f2d8f85f6d74c6937debf15359202750f0f0c81,2019-02,Lancashire Constabulary,Lancashire Constabulary,-2.462551,53.745330,On or near Audley Range,E01012571,Blackburn with Darwen 007A,Vehicle crime,Status update unavailable,
0d23d18ee6e45ad2e72fd4b17a429a47f34ce689539475c4dcfb0f8e82f89e73,2019-02,Lancashire Constabulary,Lancashire Constabulary,-2.459005,53.744148,On or near Woodland Close,E01012571,Blackburn with Darwen 007A,Vehicle crime,Status update unavailable,
ade826f09b05b404389682ef05106b1d7a9d85813d63577cced8922e424f90e4,2019-02,Lancashire Constabulary,Lancashire Constabulary,-2.458722,53.747439,On or near Cherry Close,E01012571,Blackburn with Darwen 007A,Vehicle crime,Status update unavailable,
8699527e89e7d8fc89f12c5a4392c9648411956af3c2cfba5d712bf92eb94c9a,2019-02,Lancashire Constabulary,Lancashire Constabulary,-2.458722,53.747439,On or near Cherry Close,E01012571,Blackburn with Darwen 007A,Violence and sexual offences,Unable to prosecute suspect,
,2019-02,Lancashire Constabulary,Lancashire Constabulary,-2.471397,53.747273,On or near Dartford Close,E01012572,Blackburn with Darwen 007B,Anti-social behaviour,,
,2019-02,Lancashire Constabulary,Lancashire Constabulary,-2.473678,53.743795,On or near Conference/Exhibition Centre,E01012572,Blackburn with Darwen 007B,Anti-social behaviour,,
,2019-02,Lancashire Constabulary,Lancashire Constabulary,-2.471299,53.743903,On or near Reading Close,E01012572,Blackburn with Darwen 007B,Anti-social behaviour,,
,2019-02,Lancashire Constabulary,Lancashire Constabulary,-2.471299,53.743903,On or near Reading Close,E01012572,Blackburn with Darwen 007B,Anti-social behaviour,,
c1b4abca997c8489a769da924ab3614e9ae641115e5e189fd659033b0c898d3f,2019-02,Lancashire Constabulary,Lancashire Constabulary,-2.471299,53.743903,On or near Reading Close,E01012572,Blackburn with Darwen 007B,Criminal damage and arson,Status update unavailable,
407ac470c63043f7c0124f447cd81ee8ea526c0431175c88664e6a4c4461d118,2019-02,Lancashire Constabulary,Lancashire Constabulary,-2.471397,53.747273,On or near Dartford Close,E01012572,Blackburn with Darwen 007B,Drugs,Status update unavailable,
6c9aa2e78a461a617cec160eb9c18e548be1eb6be20f644ca4c29e161d37c957,2019-02,Lancashire Constabulary,Lancashire Constabulary,-2.471397,53.747273,On or near Dartford Close,E01012572,Blackburn with Darwen 007B,Possession of weapons,Status update unavailable,
c907e3052274516c783154b75772eb612dcaf3049628c339a83f768525f50c03,2019-02,Lancashire Constabulary,Lancashire Constabulary,-2.471299,53.743903,On or near Reading Close,E01012572,Blackburn with Darwen 007B,Public order,Status update unavailable,
c9fb38d1db19de166ade1a60c9765729489d754e745f13f3ef672a77252b450d,2019-02,Lancashire Constabulary,Lancashire Constabulary,-2.473678,53.743795,On or near Conference/Exhibition Centre,E01012572,Blackburn with Darwen 007B,Public order,Status update unavailable,
0b6dc489b11b521e3144995840f41bb23eea60bbe55b23d0856cf325a4e32240,2019-02,Lancashire Constabulary,Lancashire Constabulary,-2.475555,53.746205,On or near Bridgemill Road,E01012572,Blackburn with Darwen 007B,Violence and sexual offences,Unable to prosecute suspect,
242827828c78ad236e3602d4f4ad72ee7a98c31fdfffdcc489dadb2fccd111f6,2019-02,Lancashire Constabulary,Lancashire Constabulary,-2.472533,53.747152,On or near Oxford Close,E01012572,Blackburn with Darwen 007B,Violence and sexual offences,Unable to prosecute suspect,
7379f6d6c629a8a7a0bfaf791b212cbccd686c7596df750744364343f559d3ef,2019-02,Lancashire Constabulary,Lancashire Constabulary,-2.471423,53.745475,On or near Brunel Drive,E01012572,Blackburn with Darwen 007B,Violence and sexual offences,Offender given community sentence,
0d5f4409f9b93bd951fa95e251cd67f559708250140f46821d6d412e8f2f51b3,2019-02,Lancashire Constabulary,Lancashire Constabulary,-2.471299,53.743903,On or near Reading Close,E01012572,Blackburn with Darwen 007B,Violence and sexual offences,Awaiting court outcome,
3908a246affc2070a70c77d9d11795807948bddbeadd3ac0ad08819e25bc58db,2019-02,Lancashire Constabulary,Lancashire Constabulary,-2.475555,53.746205,On or near Bridgemill Road,E01012572,Blackburn with Darwen 007B,Violence and sexual offences,Status update unavailable,
9d36d1344e0be0eb809b199515e247f67c7ab15c71316e3df2c90c94f6a2b9a9,2019-02,Lancashire Constabulary,Lancashire Constabulary,-2.471299,53.743903,On or near Reading Close,E01012572,Blackburn with Darwen 007B,Violence and sexual offences,Awaiting court outcome,
75eb9538c97e4d3d749808f71c38537dbbcd29db03a24ff7c215cf5f6dcf57f2,2019-02,Lancashire Constabulary,Lancashire Constabulary,-2.471143,53.744892,On or near Sussex Drive,E01012572,Blackburn with Darwen 007B,Violence and sexual offences,Status update unavailable,
72bca27f69c1f2933c35b40a4687420a4db92ace45acce4ddc1c1aaf0a397135,2019-02,Lancashire Constabulary,Lancashire Constabulary,-2.474956,53.746828,On or near Cicely Street,E01012572,Blackburn with Darwen 007B,Other crime,Further investigation is not in the public interest,
,2019-02,Lancashire Constabulary,Lancashire Constabulary,-2.463075,53.744762,On or near Walter Street,E01012573,Blackburn with Darwen 007C,Anti-social behaviour,,
,2019-02,Lancashire Constabulary,Lancashire Constabulary,-2.463695,53.747375,On or near Billinge Street,E01012573,Blackburn with Darwen 007C,Anti-social behaviour,,
b05e9ef7ef8b6abe6a52502dcb19a2ae7d184ed09d5d2e37413796c8327d8e89,2019-02,Lancashire Constabulary,Lancashire Constabulary,-2.463075,53.744762,On or near Walter Street,E01012573,Blackburn with Darwen 007C,Public order,Status update unavailable,
08cd11d3348f0fd24dc713da266363f8ca2db41ad173484f709ba4bbe06dec77,2019-02,Lancashire Constabulary,Lancashire Constabulary,-2.466079,53.743564,On or near Queen'S Park Road,E01012573,Blackburn with Darwen 007C,Vehicle crime,Status update unavailable,
6b651854dc61d6c2fdd92541d83369227c79103a008545d79da69e19b0796680,2019-02,Lancashire Constabulary,Lancashire Constabulary,-2.462955,53.743531,On or near Ripon Street,E01012573,Blackburn with Darwen 007C,Vehicle crime,Status update unavailable,
05c58d55fe00a4d57e35eda6588ccb351b99f019c317ba2714fff23233a4af65,2019-02,Lancashire Constabulary,Lancashire Constabulary,-2.464489,53.743741,On or near Nottingham Street,E01012573,Blackburn with Darwen 007C,Vehicle crime,Status update unavailable,
73d94eb3fbb33e93b277774e21687cc6d5e6158572cc059d6999ffa98996d8d5,2019-02,Lancashire Constabulary,Lancashire Constabulary,-2.465432,53.743953,On or near May Street,E01012573,Blackburn with Darwen 007C,Vehicle crime,Status update unavailable,
a87c9a91e30870d3312035458669d2ea826a86078eb4991126594258b260d459,2019-02,Lancashire Constabulary,Lancashire Constabulary,-2.465553,53.742568,On or near Pringle Street,E01012573,Blackburn with Darwen 007C,Violence and sexual offences,Status update unavailable,
,2019-02,Lancashire Constabulary,Lancashire Constabulary,-2.467396,53.751504,On or near Appleby Street,E01012575,Blackburn with Darwen 007D,Anti-social behaviour,,
,2019-02,Lancashire Constabulary,Lancashire Constabulary,-2.471059,53.746897,On or near Cranwell Close,E01012575,Blackburn with Darwen 007D,Anti-social behaviour,,
,2019-02,Lancashire Constabulary,Lancashire Constabulary,-2.470129,53.747728,On or near Thorn Hill Close,E01012575,Blackburn with Darwen 007D,Anti-social behaviour,,
53920f45c93995faf8259e2879cff375aea260649e9519939440e337904e6a4a,2019-02,Lancashire Constabulary,Lancashire Constabulary,-2.471048,53.749980,On or near Forrest Street,E01012575,Blackburn with Darwen 007D,Burglary,Status update unavailable,
3619d5c0a87af523be39ae3cbc0883ca42c5bb03986953a193705d27e5209ffe,2019-02,Lancashire Constabulary,Lancashire Constabulary,-2.467722,53.745418,On or near Aberdeen Drive,E01012575,Blackburn with Darwen 007D,Burglary,Status update unavailable,
28d2830f9de6f2a6ee3a8730856e02379710480fdb3654fbc6998291d60625c2,2019-02,Lancashire Constabulary,Lancashire Constabulary,-2.467396,53.751504,On or near Appleby Street,E01012575,Blackburn with Darwen 007D,Criminal damage and arson,Status update unavailable,
04931c86b2d6600aa1ea812951cb7370b68a8550a312d944c9684a0fa31e4ee5,2019-02,Lancashire Constabulary,Lancashire Constabulary,-2.463709,53.745901,On or near Cook Gardens,E01012575,Blackburn with Darwen 007D,Drugs,Status update unavailable,
4ad11a45b995dc3d786896ccba484efd735fbc6c3f95c515f05c6ba19e8d2d55,2019-02,Lancashire Constabulary,Lancashire Constabulary,-2.459566,53.748299,On or near St Margarets Way,E01012575,Blackburn with Darwen 007D,Robbery,Status update unavailable,
baf84e315a927ce5efd59a880682133964a1f4770e5cbbfdf6240b6c2de89008,2019-02,Lancashire Constabulary,Lancashire Constabulary,-2.466772,53.748595,On or near Copy Nook,E01012575,Blackburn with Darwen 007D,Theft from the person,Status update unavailable,
cfb5fb6ab369a3ad6b02cc7b778f8d2334653197748acfcb876bb367b127b062,2019-02,Lancashire Constabulary,Lancashire Constabulary,-2.459566,53.748299,On or near St Margarets Way,E01012575,Blackburn with Darwen 007D,Vehicle crime,Status update unavailable,
9492905c64c1321b5a14d360c65b52c41272c08cd5d80fb1b43f91f9b04b72e0,2019-02,Lancashire Constabulary,Lancashire Constabulary,-2.460378,53.747729,On or near St Marys Close,E01012575,Blackburn with Darwen 007D,Violence and sexual offences,Unable to prosecute suspect,
cbeef791f04415015469ae92a829adba8ba273afee789f510c448dd59db19bef,2019-02,Lancashire Constabulary,Lancashire Constabulary,-2.467722,53.745418,On or near Aberdeen Drive,E01012575,Blackburn with Darwen 007D,Violence and sexual offences,Unable to prosecute suspect,
c395239ebff1c5a276ae54daead7bfe239cfabc62ce81f6a01996bb0cfe908e9,2019-02,Lancashire Constabulary,Lancashire Constabulary,-2.467722,53.745418,On or near Aberdeen Drive,E01012575,Blackburn with Darwen 007D,Violence and sexual offences,Unable to prosecute suspect,
19d4cab9e6f90d3bdab48f4a75b7132512c09a8a31633b82295efb1638a01976,2019-02,Lancashire Constabulary,Lancashire Constabulary,-2.459566,53.748299,On or near St Margarets Way,E01012575,Blackburn with Darwen 007D,Violence and sexual offences,Investigation complete; no suspect identified,
522273311679c0bcc5271d7c87a6031102b9569cd1f4938e26d57b4807a4e4e7,2019-02,Lancashire Constabulary,Lancashire Constabulary,-2.470045,53.748420,On or near Culshaw Street,E01012575,Blackburn with Darwen 007D,Violence and sexual offences,Status update unavailable,
9f5b3c128931c862da5f137037da22fa4bda6362c116e014a35a4256af54f8a2,2019-02,Lancashire Constabulary,Lancashire Constabulary,-2.459566,53.748299,On or near St Margarets Way,E01012575,Blackburn with Darwen 007D,Violence and sexual offences,Status update unavailable,
de42c29794591c49308150d411a298f678e510457403c6278e9917c93ebe8c9f,2019-02,Lancashire Constabulary,Lancashire Constabulary,-2.463992,53.748165,On or near Skiddaw Street,E01012575,Blackburn with Darwen 007D,Violence and sexual offences,Status update unavailable,
d885ea4924ebad26cea7239d4d36fcfb1b46ab34bb9acc5941b3155f2ddc698f,2019-02,Lancashire Constabulary,Lancashire Constabulary,-2.466037,53.746593,On or near William Hopwood Street,E01012575,Blackburn with Darwen 007D,Violence and sexual offences,Status update unavailable,
a3d5567ca9456889a1aa65679e21a959058d4f4ee0d4ded0563bab605e934653,2019-02,Lancashire Constabulary,Lancashire Constabulary,-2.470129,53.747728,On or near Thorn Hill Close,E01012575,Blackburn with Darwen 007D,Violence and sexual offences,Unable to prosecute suspect,
3e7028d051e2fd2bd00b552b86b2899b7f2b95ac17b56d69b4a99360b1bc6f53,2019-02,Lancashire Constabulary,Lancashire Constabulary,-2.460378,53.747729,On or near St Marys Close,E01012575,Blackburn with Darwen 007D,Violence and sexual offences,Unable to prosecute suspect,
800739673b0d7601f11f164aa996eb8d9b876a6b5d1f9df4ccaa23d14f10123f,2019-02,Lancashire Constabulary,Lancashire Constabulary,-2.459566,53.748299,On or near St Margarets Way,E01012575,Blackburn with Darwen 007D,Violence and sexual offences,Status update unavailable,
1f4d0eb57170406c90bb8eba80b9ad9b057d481231e42029ace8d07c17850ee4,2019-02,Lancashire Constabulary,Lancashire Constabulary,-2.469889,53.743962,On or near Audley Range,E01012630,Blackburn with Darwen 007E,Criminal damage and arson,Status update unavailable,
1def95b2f885355320e13e3aa036837c0e69d5fba774072a288d492817ecaeb6,2019-02,Lancashire Constabulary,Lancashire Constabulary,-2.469141,53.740766,On or near Langden Brook Square,E01012630,Blackburn with Darwen 007E,Drugs,Status update unavailable,
9cb3942aa8b663340ec47dc5a39fac327e50f42504737f0345a06454358e2916,2019-02,Lancashire Constabulary,Lancashire Constabulary,-2.468177,53.742702,On or near Chester Close,E01012630,Blackburn with Darwen 007E,Vehicle crime,Status update unavailable,
165e6e07b6efbba35440614c93881a59b54846646dbd22cdfa7a89d0f9233c49,2019-02,Lancashire Constabulary,Lancashire Constabulary,-2.468177,53.742702,On or near Chester Close,E01012630,Blackburn with Darwen 007E,Vehicle crime,Status update unavailable,
b65b01760a2d06d3c0a6c05517acb29b2c566c53dab9f792fea16b2dc161fadd,2019-02,Lancashire Constabulary,Lancashire Constabulary,-2.468177,53.742702,On or near Chester Close,E01012630,Blackburn with Darwen 007E,Vehicle crime,Status update unavailable,
7a958ba97ac8cb3e5bdf3602d1e8dcdc3c0c183f3d287f0e44335378b2d2ec3f,2019-02,Lancashire Constabulary,Lancashire Constabulary,-2.469889,53.743962,On or near Audley Range,E01012630,Blackburn with Darwen 007E,Vehicle crime,Status update unavailable,
6014eea759682ac84cc812e52fab6858f8fa5279590f788924e734e13dcc54be,2019-02,Lancashire Constabulary,Lancashire Constabulary,-2.471077,53.743023,On or near Dorritt Street,E01012630,Blackburn with Darwen 007E,Vehicle crime,Status update unavailable,
aa70533d67e19c712211ff6b012ecce4bdc282bbdc90b192a0cd3e7d081fc330,2019-02,Lancashire Constabulary,Lancashire Constabulary,-2.469141,53.740766,On or near Langden Brook Square,E01012630,Blackburn with Darwen 007E,Vehicle crime,Status update unavailable,
37375a4e2bd67a48967ea07920f6757844341785f17ec81ea163710160b8b2f9,2019-02,Lancashire Constabulary,Lancashire Constabulary,-2.465104,53.741770,On or near Queen'S Park Road,E01012630,Blackburn with Darwen 007E,Vehicle crime,Status update unavailable,
6d044236eb39cc3e477be1d18c96dcb89b52f17b53e3eb952c237b575f6f117e,2019-02,Lancashire Constabulary,Lancashire Constabulary,-2.469998,53.742865,On or near Dombey Street,E01012630,Blackburn with Darwen 007E,Vehicle crime,Status update unavailable,
c43c4b8f9b2be9314478ec7fe531f17a07816497e2118d320e8b75fe88a8aa0e,2019-02,Lancashire Constabulary,Lancashire Constabulary,-2.469998,53.742865,On or near Dombey Street,E01012630,Blackburn with Darwen 007E,Vehicle crime,Status update unavailable,
1c01aee5ee0426f960d519379383fa5ec33e1127c294a0a86bf1b22492fb860d,2019-02,Lancashire Constabulary,Lancashire Constabulary,-2.469141,53.740766,On or near Langden Brook Square,E01012630,Blackburn with Darwen 007E,Violence and sexual offences,Status update unavailable,
a95fe99eab3d876828f71b5e8921f327e6d809dc7066cb0d286bd51fc8fc782a,2019-02,Lancashire Constabulary,Lancashire Constabulary,-2.469141,53.740766,On or near Langden Brook Square,E01012630,Blackburn with Darwen 007E,Violence and sexual offences,Unable to prosecute suspect,
c49d7e21f76017c929037ede0d73c3a2ba3f60189ce40dee36b53846b11be41d,2019-02,Lancashire Constabulary,Lancashire Constabulary,-2.467426,53.743325,On or near Dewhurst Street,E01012630,Blackburn with Darwen 007E,Other crime,Status update unavailable,
,2019-02,Lancashire Constabulary,Lancashire Constabulary,-2.457394,53.749368,On or near Accrington Road,E01012576,Blackburn with Darwen 008A,Anti-social behaviour,,
,2019-02,Lancashire Constabulary,Lancashire Constabulary,-2.453957,53.751259,On or near Burnley Road,E01012576,Blackburn with Darwen 008A,Anti-social behaviour,,
,2019-02,Lancashire Constabulary,Lancashire Constabulary,-2.453427,53.748529,On or near Hozier Street,E01012576,Blackburn with Darwen 008A,Anti-social behaviour,,
627463044c5092224433b2b8e99593cdd259a41c7a2cad25f9c08c9677928ec7,2019-02,Lancashire Constabulary,Lancashire Constabulary,-2.459397,53.749549,On or near Furthergate,E01012576,Blackburn with Darwen 008A,Other theft,Status update unavailable,
42e023a100911fc4c4c24405b9042da9d68dd715caa118c38f1a15a97027d04a,2019-02,Lancashire Constabulary,Lancashire Constabulary,-2.451616,53.749390,On or near Carluke Street,E01012576,Blackburn with Darwen 008A,Public order,Status update unavailable,
0c936542feaa701e203b28320190b78f578016f826aeb419d5a68437b6ec5ea0,2019-02,Lancashire Constabulary,Lancashire Constabulary,-2.459522,53.751283,On or near Supermarket,E01012576,Blackburn with Darwen 008A,Robbery,Investigation complete; no suspect identified,
75fc1924098040c14d9daf39380cefb4108ad1af252d7f2d918bd9c175a2c690,2019-02,Lancashire Constabulary,Lancashire Constabulary,-2.459522,53.751283,On or near Supermarket,E01012576,Blackburn with Darwen 008A,Shoplifting,Local resolution,
aa3bc2cb3a5b79509bbdbf8edbc0c10d3ea03aeb0da5562f4b204d8dd301141c,2019-02,Lancashire Constabulary,Lancashire Constabulary,-2.459522,53.751283,On or near Supermarket,E01012576,Blackburn with Darwen 008A,Shoplifting,Status update unavailable,
743244a53a5c993032b68c039343368dc6f2530a978679f9dfe493e291281c18,2019-02,Lancashire Constabulary,Lancashire Constabulary,-2.459522,53.751283,On or near Supermarket,E01012576,Blackburn with Darwen 008A,Shoplifting,Status update unavailable,
a51a1837ba19d24c21a989eed6fb640e9afc24e55798c8f0e53f2ba41e471e6d,2019-02,Lancashire Constabulary,Lancashire Constabulary,-2.459522,53.751283,On or near Supermarket,E01012576,Blackburn with Darwen 008A,Shoplifting,Status update unavailable,
433b09af77f11eb063aa32d915a95fc7d6b4e20d856e5cdfe0df19101d975ddf,2019-02,Lancashire Constabulary,Lancashire Constabulary,-2.459522,53.751283,On or near Supermarket,E01012576,Blackburn with Darwen 008A,Shoplifting,Status update unavailable,
539f43dd8581f8a467ada136791095cd5cce81055edcab30b11108b7c0f90008,2019-02,Lancashire Constabulary,Lancashire Constabulary,-2.459522,53.751283,On or near Supermarket,E01012576,Blackburn with Darwen 008A,Violence and sexual offences,Unable to prosecute suspect,
d0840047f5312df09789014eeb95aa160d26e86b73e1129240a9e27070aad30a,2019-02,Lancashire Constabulary,Lancashire Constabulary,-2.458045,53.747891,On or near Mulberry Street,E01012576,Blackburn with Darwen 008A,Violence and sexual offences,Unable to prosecute suspect,
381eade61c3ec4b3f850c54d254e75b5931d9a77b00229867103584ea80de0db,2019-02,Lancashire Constabulary,Lancashire Constabulary,-2.458045,53.747891,On or near Mulberry Street,E01012576,Blackburn with Darwen 008A,Violence and sexual offences,Unable to prosecute suspect,
7a7a9f33b716f51dcfaa3304956555330781444e1a824cb68978b30e811f4c7a,2019-02,Lancashire Constabulary,Lancashire Constabulary,-2.456005,53.748573,On or near Croston Street,E01012576,Blackburn with Darwen 008A,Violence and sexual offences,Status update unavailable,
90a27460611a703b9568959a8aa8dc126e1b2570cad0660177aa212baa227280,2019-02,Lancashire Constabulary,Lancashire Constabulary,-2.457394,53.749368,On or near Accrington Road,E01012576,Blackburn with Darwen 008A,Violence and sexual offences,Status update unavailable,
,2019-02,Lancashire Constabulary,Lancashire Constabulary,-2.444887,53.741128,On or near Ballantrae Road,E01012637,Blackburn with Darwen 008B,Anti-social behaviour,,
,2019-02,Lancashire Constabulary,Lancashire Constabulary,-2.446449,53.743989,On or near Tarbert Crescent,E01012637,Blackburn with Darwen 008B,Anti-social behaviour,,
,2019-02,Lancashire Constabulary,Lancashire Constabulary,-2.444241,53.738838,On or near Arran Avenue,E01012637,Blackburn with Darwen 008B,Anti-social behaviour,,
,2019-02,Lancashire Constabulary,Lancashire Constabulary,-2.444162,53.742874,On or near Rothesay Road,E01012637,Blackburn with Darwen 008B,Anti-social behaviour,,
5f29e7774026d5381ee0c99f23059856c569913c0e96c0459592d08efd1b1cf8,2019-02,Lancashire Constabulary,Lancashire Constabulary,-2.443894,53.741842,On or near Brodick Road,E01012637,Blackburn with Darwen 008B,Criminal damage and arson,Status update unavailable,
3de47afacf8b9a75e884c96a2f6b84a9a1428febef57de8b31d495fd421078ca,2019-02,Lancashire Constabulary,Lancashire Constabulary,-2.443894,53.741842,On or near Brodick Road,E01012637,Blackburn with Darwen 008B,Criminal damage and arson,Unable to prosecute suspect,
db7df9a9016a37d8a487677377db050ae69cdf8af87dce1e6a05a5a068e51ad9,2019-02,Lancashire Constabulary,Lancashire Constabulary,-2.443894,53.741842,On or near Brodick Road,E01012637,Blackburn with Darwen 008B,Other theft,Status update unavailable,
6010b6c9c4a5a2258ecbf385be5505fd4ac2c33ff536b61441ceb8a4932d3ec3,2019-02,Lancashire Constabulary,Lancashire Constabulary,-2.451461,53.733490,On or near Sett End Road West,E01012637,Blackburn with Darwen 008B,Shoplifting,Status update unavailable,
08d60b0b2f540558206bfce064117e8cfb2afc6161ab87b50489cd52e51c4bfa,2019-02,Lancashire Constabulary,Lancashire Constabulary,-2.446449,53.743989,On or near Tarbert Crescent,E01012637,Blackburn with Darwen 008B,Vehicle crime,Unable to prosecute suspect,
9ee167484bffed55c5bc262d89d30b366473adeb1fb3389ae37a5d5e718f6e0b,2019-02,Lancashire Constabulary,Lancashire Constabulary,-2.446449,53.743989,On or near Tarbert Crescent,E01012637,Blackburn with Darwen 008B,Violence and sexual offences,Unable to prosecute suspect,
ffdd881ae716bc4dd3943ad67ee420679bab8c319c119e86fd0cdea65c3cfbda,2019-02,Lancashire Constabulary,Lancashire Constabulary,-2.444887,53.741128,On or near Ballantrae Road,E01012637,Blackburn with Darwen 008B,Violence and sexual offences,Status update unavailable,
859ed8ce8717967ce35ce453eb48622417c9c328037d6e3bff4c37bba8169bcd,2019-02,Lancashire Constabulary,Lancashire Constabulary,-2.444887,53.741128,On or near Ballantrae Road,E01012637,Blackburn with Darwen 008B,Violence and sexual offences,Status update unavailable,
6bb794d2019ca48a65d9003ca6dd6a92323dddf3c93d2302a40253d9330ffbe8,2019-02,Lancashire Constabulary,Lancashire Constabulary,-2.446132,53.742714,On or near Ayr Road,E01012637,Blackburn with Darwen 008B,Violence and sexual offences,Further investigation is not in the public interest,
b4283be65d3b8d397b58e9218a334fc495bb7db2ee1c908676587e0f88a8bb6f,2019-02,Lancashire Constabulary,Lancashire Constabulary,-2.444241,53.738838,On or near Arran Avenue,E01012637,Blackburn with Darwen 008B,Violence and sexual offences,Status update unavailable,
f9b2b72fc2bab792c7d0026dc9faeb60a65cc8de29f6337c42e1e5606c59ba9c,2019-02,Lancashire Constabulary,Lancashire Constabulary,-2.444241,53.738838,On or near Arran Avenue,E01012637,Blackburn with Darwen 008B,Violence and sexual offences,Unable to prosecute suspect,
,2019-02,Lancashire Constabulary,Lancashire Constabulary,-2.449801,53.739869,On or near Oban Drive,E01012638,Blackburn with Darwen 008C,Anti-social behaviour,,
,2019-02,Lancashire Constabulary,Lancashire Constabulary,-2.444574,53.740239,On or near Glenluce Crescent,E01012638,Blackburn with Darwen 008C,Anti-social behaviour,,
,2019-02,Lancashire Constabulary,Lancashire Constabulary,-2.449201,53.741876,On or near Shetland Close,E01012638,Blackburn with Darwen 008C,Anti-social behaviour,,
,2019-02,Lancashire Constabulary,Lancashire Constabulary,-2.449201,53.741876,On or near Shetland Close,E01012638,Blackburn with Darwen 008C,Anti-social behaviour,,
,2019-02,Lancashire Constabulary,Lancashire Constabulary,-2.446169,53.740539,On or near Ailsa Road,E01012638,Blackburn with Darwen 008C,Anti-social behaviour,,
,2019-02,Lancashire Constabulary,Lancashire Constabulary,-2.449201,53.741876,On or near Shetland Close,E01012638,Blackburn with Darwen 008C,Anti-social behaviour,,
,2019-02,Lancashire Constabulary,Lancashire Constabulary,-2.449201,53.741876,On or near Shetland Close,E01012638,Blackburn with Darwen 008C,Anti-social behaviour,,
68dd5802dbc6ef314a2425d66b349fee79b6198a8a0f39668b8b26be20b80cb1,2019-02,Lancashire Constabulary,Lancashire Constabulary,-2.453172,53.740396,On or near Patterdale Avenue,E01012638,Blackburn with Darwen 008C,Burglary,Status update unavailable,
5a99746fa2c8ff8a6a71d110fd3e0798f7b74a568966a38044c34f02fa0ad6fc,2019-02,Lancashire Constabulary,Lancashire Constabulary,-2.455811,53.736287,On or near Old Bank Lane,E01012638,Blackburn with Darwen 008C,Criminal damage and arson,Status update unavailable,
1c52d9e8b5b0d34db02249be6d291ba0252dfbffd4b6770ff3079eff81692503,2019-02,Lancashire Constabulary,Lancashire Constabulary,-2.450895,53.738643,On or near Troon Avenue,E01012638,Blackburn with Darwen 008C,Public order,Unable to prosecute suspect,
da73569b8f52fd1d8f0ac5e2fd07ccaba4adb3c0272976cbef96f97ff5abaee0,2019-02,Lancashire Constabulary,Lancashire Constabulary,-2.455811,53.736287,On or near Old Bank Lane,E01012638,Blackburn with Darwen 008C,Public order,Status update unavailable,
0748f4c208bd72c8686eb6dc1b4a3bff2ec6301153df2b3b31d6625306e55d5f,2019-02,Lancashire Constabulary,Lancashire Constabulary,-2.452610,53.738861,On or near Petrol Station,E01012638,Blackburn with Darwen 008C,Public order,Unable to prosecute suspect,
f9365e077f3fa86c159e8cce4dcba31d7009fc910b109a891afe2cc78bc5f414,2019-02,Lancashire Constabulary,Lancashire Constabulary,-2.447580,53.740587,On or near Dunoon Drive,E01012638,Blackburn with Darwen 008C,Vehicle crime,Status update unavailable,
4e95e07b59872ba687c499cebbe3369b25f27252de675f633d864de2b60b8309,2019-02,Lancashire Constabulary,Lancashire Constabulary,-2.453172,53.740396,On or near Patterdale Avenue,E01012638,Blackburn with Darwen 008C,Vehicle crime,Status update unavailable,
9c0bc121e7c999c543e2d8f45b1e3ff4a6035a8bc427a55832c209698f03a67d,2019-02,Lancashire Constabulary,Lancashire Constabulary,-2.449201,53.741876,On or near Shetland Close,E01012638,Blackburn with Darwen 008C,Violence and sexual offences,Formal action is not in the public interest,
8bcc8181cf664bd2a2c0e1e2745c898ab80e4a1c11c3a552eaacd2e2cc6ded2e,2019-02,Lancashire Constabulary,Lancashire Constabulary,-2.447580,53.740587,On or near Dunoon Drive,E01012638,Blackburn with Darwen 008C,Violence and sexual offences,Status update unavailable,
4215fa8e8f003bdd6d2a11a264960c096fc9ad3d0a302548844b77b9e90f349a,2019-02,Lancashire Constabulary,Lancashire Constabulary,-2.450895,53.738643,On or near Troon Avenue,E01012638,Blackburn with Darwen 008C,Violence and sexual offences,Unable to prosecute suspect,
d290bf85549d5a2a5bc12ab49098925ca70413855c91c9c3c8b844fd9c67ffd7,2019-02,Lancashire Constabulary,Lancashire Constabulary,-2.453978,53.740554,On or near Ennerdale Avenue,E01012638,Blackburn with Darwen 008C,Violence and sexual offences,Status update unavailable,
932c16429b6130bc6313ddad7ef5bd55e257d62e39ee11da27e68524c8125d43,2019-02,Lancashire Constabulary,Lancashire Constabulary,-2.450895,53.738643,On or near Troon Avenue,E01012638,Blackburn with Darwen 008C,Violence and sexual offences,Status update unavailable,
283f2f09005df07a9cf85e8e1ef5e022a4be3d5f9619c03f4ca00c76ef463658,2019-02,Lancashire Constabulary,Lancashire Constabulary,-2.446169,53.740539,On or near Ailsa Road,E01012638,Blackburn with Darwen 008C,Violence and sexual offences,Unable to prosecute suspect,
9a5f1d8a10c75e62a7a91a9b50b6d03506a05b2c3e0dae194a3f2820cea0cc1e,2019-02,Lancashire Constabulary,Lancashire Constabulary,-2.449201,53.741876,On or near Shetland Close,E01012638,Blackburn with Darwen 008C,Violence and sexual offences,Formal action is not in the public interest,
379ac007194f569d101d832759bd25de37ef212965e17e55fe3a85d926d5cb51,2019-02,Lancashire Constabulary,Lancashire Constabulary,-2.450895,53.738643,On or near Troon Avenue,E01012638,Blackburn with Darwen 008C,Violence and sexual offences,Unable to prosecute suspect,
,2019-02,Lancashire Constabulary,Lancashire Constabulary,-2.443357,53.749870,On or near Hamer Avenue,E01012639,Blackburn with Darwen 008D,Anti-social behaviour,,
,2019-02,Lancashire Constabulary,Lancashire Constabulary,-2.447033,53.753353,On or near Burnley Road,E01012639,Blackburn with Darwen 008D,Anti-social behaviour,,
,2019-02,Lancashire Constabulary,Lancashire Constabulary,-2.445020,53.750897,On or near Whitebirk Road,E01012639,Blackburn with Darwen 008D,Anti-social behaviour,,
,2019-02,Lancashire Constabulary,Lancashire Constabulary,-2.444015,53.748987,On or near Whitebirk Road,E01012639,Blackburn with Darwen 008D,Anti-social behaviour,,
,2019-02,Lancashire Constabulary,Lancashire Constabulary,-2.445020,53.750897,On or near Whitebirk Road,E01012639,Blackburn with Darwen 008D,Anti-social behaviour,,
,2019-02,Lancashire Constabulary,Lancashire Constabulary,-2.444015,53.748987,On or near Whitebirk Road,E01012639,Blackburn with Darwen 008D,Anti-social behaviour,,
,2019-02,Lancashire Constabulary,Lancashire Constabulary,-2.445020,53.750897,On or near Whitebirk Road,E01012639,Blackburn with Darwen 008D,Anti-social behaviour,,
,2019-02,Lancashire Constabulary,Lancashire Constabulary,-2.446626,53.747871,On or near Inglby Close,E01012639,Blackburn with Darwen 008D,Anti-social behaviour,,
a4fee644404a2280b88583c92d4ab73d4ff492e45f795fdd2adbe7fab2a66e57,2019-02,Lancashire Constabulary,Lancashire Constabulary,-2.449043,53.751269,On or near Worcester Road,E01012639,Blackburn with Darwen 008D,Burglary,Status update unavailable,
093b8f0ddb85403d33189f68c3b800c1538b075258dfeaced32a4b71d34eab80,2019-02,Lancashire Constabulary,Lancashire Constabulary,-2.442069,53.749947,On or near Maricourt Avenue,E01012639,Blackburn with Darwen 008D,Burglary,Unable to prosecute suspect,
4d3dc9916b6c75ce7374cc1830c9d07c0a6ec934f8cbc5db1bd43724cfd5f94b,2019-02,Lancashire Constabulary,Lancashire Constabulary,-2.448126,53.752054,On or near Gloucester Road,E01012639,Blackburn with Darwen 008D,Criminal damage and arson,Unable to prosecute suspect,
0f7c1144a39de9642355deb24fd6e99a132a63fe02d7de9bf16e8dbea1f32430,2019-02,Lancashire Constabulary,Lancashire Constabulary,-2.447033,53.753353,On or near Burnley Road,E01012639,Blackburn with Darwen 008D,Criminal damage and arson,Investigation complete; no suspect identified,
1b5da4de6abb67f698af553853f2834f9436e419b6c1f774a40ea24cbb7d3e6d,2019-02,Lancashire Constabulary,Lancashire Constabulary,-2.448126,53.752054,On or near Gloucester Road,E01012639,Blackburn with Darwen 008D,Drugs,Status update unavailable,
efa4ca72bf990599e8778286ce8136f0b5d802a44151c7f3c0e776d36181b7c0,2019-02,Lancashire Constabulary,Lancashire Constabulary,-2.448126,53.752054,On or near Gloucester Road,E01012639,Blackburn with Darwen 008D,Other theft,Unable to prosecute suspect,
757b5ba1ce5a31fb42bd7b0c3482d1d1d580ab74a80cb18d0a157137e4834ca2,2019-02,Lancashire Constabulary,Lancashire Constabulary,-2.447033,53.753353,On or near Burnley Road,E01012639,Blackburn with Darwen 008D,Other theft,Status update unavailable,
6edd5cb8e11ce5496b9f94acac781e4f9fa9e02e275699b79c2d824ff69e2ca6,2019-02,Lancashire Constabulary,Lancashire Constabulary,-2.447033,53.753353,On or near Burnley Road,E01012639,Blackburn with Darwen 008D,Other theft,Status update unavailable,
b18fa3eed13db20b2e9d90820c3a55fba2259f6224501ab81ba51d67f16795fc,2019-02,Lancashire Constabulary,Lancashire Constabulary,-2.445476,53.750923,On or near Whitebirk Road,E01012639,Blackburn with Darwen 008D,Other theft,Status update unavailable,
149ab19a3630de2af5d606e0face66de49e93cae7889609c8ab68e81090f7123,2019-02,Lancashire Constabulary,Lancashire Constabulary,-2.447033,53.753353,On or near Burnley Road,E01012639,Blackburn with Darwen 008D,Other theft,Status update unavailable,
7e5ff1830e109c5a5ac5eae2b82295e58de527c126ef114192e77ca483ba0a63,2019-02,Lancashire Constabulary,Lancashire Constabulary,-2.442069,53.749947,On or near Maricourt Avenue,E01012639,Blackburn with Darwen 008D,Other theft,Status update unavailable,
9f403987b443b4acea16eb315c7b01a4a64e0f717120fe1112c0082a6ec29642,2019-02,Lancashire Constabulary,Lancashire Constabulary,-2.447033,53.753353,On or near Burnley Road,E01012639,Blackburn with Darwen 008D,Public order,Status update unavailable,
9efafd804c6e90c2631aca58bc61f52247c1478b7cb3ebef2c2c093194f786d0,2019-02,Lancashire Constabulary,Lancashire Constabulary,-2.447033,53.753353,On or near Burnley Road,E01012639,Blackburn with Darwen 008D,Shoplifting,Status update unavailable,
2eefb5962a4badc8382d24351b946ee721b2072e137cab91fa9ebef163df2d2e,2019-02,Lancashire Constabulary,Lancashire Constabulary,-2.446450,53.751297,On or near Surrey Road,E01012639,Blackburn with Darwen 008D,Violence and sexual offences,Unable to prosecute suspect,
46d8cdc9c03c1d6f246f43549731849c2c235919dd107c1a4b4b0959c1b03545,2019-02,Lancashire Constabulary,Lancashire Constabulary,-2.444015,53.748987,On or near Whitebirk Road,E01012639,Blackburn with Darwen 008D,Violence and sexual offences,Unable to prosecute suspect,
939114ad553b8b1551f20d698226307e379199ffcee1ed56860865e5e1e99db8,2019-02,Lancashire Constabulary,Lancashire Constabulary,-2.445476,53.750923,On or near Whitebirk Road,E01012639,Blackburn with Darwen 008D,Violence and sexual offences,Unable to prosecute suspect,
68b23c956b295c8c637c02f003daf75e1be82b9a900d6745660809fc1d5c1ee8,2019-02,Lancashire Constabulary,Lancashire Constabulary,-2.449052,53.749282,On or near Devon Road,E01012639,Blackburn with Darwen 008D,Violence and sexual offences,Unable to prosecute suspect,
b449d82b73d01ae7a790dbe704e6b836b55827a1cc9bc4130c9a963e247dfa56,2019-02,Lancashire Constabulary,Lancashire Constabulary,-2.449606,53.750044,On or near Hereford Road,E01012639,Blackburn with Darwen 008D,Violence and sexual offences,Status update unavailable,
3f195377408cc1decec61d04835c3888a763a7f5d18a50ec0df8848368cd961c,2019-02,Lancashire Constabulary,Lancashire Constabulary,-2.447033,53.753353,On or near Burnley Road,E01012639,Blackburn with Darwen 008D,Violence and sexual offences,Status update unavailable,
4ea26cd1e51d33f3539a776696a882c8587bde5a684d9155e4353d01e526d918,2019-02,Lancashire Constabulary,Lancashire Constabulary,-2.443357,53.749870,On or near Hamer Avenue,E01012639,Blackburn with Darwen 008D,Violence and sexual offences,Unable to prosecute suspect,
9c92f3cf8d09076a8bb446f5bf8e4741b01b194a7914e896e16bbb1dfa1cf278,2019-02,Lancashire Constabulary,Lancashire Constabulary,-2.446450,53.751297,On or near Surrey Road,E01012639,Blackburn with Darwen 008D,Violence and sexual offences,Unable to prosecute suspect,
7a22d7b2c70ccb9006ff8e7f3e190930171127376187070fb4c9b2b254ef2677,2019-02,Lancashire Constabulary,Lancashire Constabulary,-2.444015,53.748987,On or near Whitebirk Road,E01012639,Blackburn with Darwen 008D,Violence and sexual offences,Further investigation is not in the public interest,
,2019-02,Lancashire Constabulary,Lancashire Constabulary,-2.446448,53.746767,On or near Heaning Avenue,E01012640,Blackburn with Darwen 008E,Anti-social behaviour,,
,2019-02,Lancashire Constabulary,Lancashire Constabulary,-2.445456,53.747597,On or near Accrington Road,E01012640,Blackburn with Darwen 008E,Anti-social behaviour,,
,2019-02,Lancashire Constabulary,Lancashire Constabulary,-2.444049,53.746524,On or near Bank Lane,E01012640,Blackburn with Darwen 008E,Anti-social behaviour,,
,2019-02,Lancashire Constabulary,Lancashire Constabulary,-2.446865,53.746046,On or near Fecitt Brow,E01012640,Blackburn with Darwen 008E,Anti-social behaviour,,
d13b46b86c6cd8ec462425aa47655f867c43cbc81a94f3c7390dc87b3837934b,2019-02,Lancashire Constabulary,Lancashire Constabulary,-2.441996,53.744455,On or near Knuzden Brook,E01012640,Blackburn with Darwen 008E,Burglary,Status update unavailable,
d8f3bb23c28618902dad51a73b5ffd8dcc0fe9ba7c3771adc0f5ae6a89f7732c,2019-02,Lancashire Constabulary,Lancashire Constabulary,-2.450234,53.749161,On or near Brecon Road,E01012640,Blackburn with Darwen 008E,Burglary,Status update unavailable,
7046b1393531af201faf4775dc7913ea8b16e4671827c2d6a9b5af08fa202f6a,2019-02,Lancashire Constabulary,Lancashire Constabulary,-2.445456,53.747597,On or near Accrington Road,E01012640,Blackburn with Darwen 008E,Criminal damage and arson,Local resolution,
917a58743882096897fbce4cdb425b4ada08bafd691221b7206e59811281df57,2019-02,Lancashire Constabulary,Lancashire Constabulary,-2.449425,53.747277,On or near Eagle Street,E01012640,Blackburn with Darwen 008E,Drugs,Unable to prosecute suspect,
784cfb81c0952caac89aaea57f65860ac243be5d25e84a562d46c3b44301ba68,2019-02,Lancashire Constabulary,Lancashire Constabulary,-2.443891,53.745913,On or near Bank Lane,E01012640,Blackburn with Darwen 008E,Other theft,Status update unavailable,
3c9e1ac22864f99e183f6b08fd4cdeab8e38faedf88142094e52f4db46dfbeea,2019-02,Lancashire Constabulary,Lancashire Constabulary,-2.451848,53.746998,On or near Freeman Close,E01012640,Blackburn with Darwen 008E,Other theft,Status update unavailable,
c1a782da8fbd49b184846b16ce439baef07e95256a35ca97c6589b514443f146,2019-02,Lancashire Constabulary,Lancashire Constabulary,-2.446448,53.746767,On or near Heaning Avenue,E01012640,Blackburn with Darwen 008E,Other theft,Status update unavailable,
b062f7927942d6dab833121ab8008ba118f8f975b88ae3d9d73fa036c86e5fd1,2019-02,Lancashire Constabulary,Lancashire Constabulary,-2.450234,53.749161,On or near Brecon Road,E01012640,Blackburn with Darwen 008E,Public order,Unable to prosecute suspect,
9d7945128239d467f26293abe5118eaaaf259eb3e5e2d17c9ce22a146d4681c2,2019-02,Lancashire Constabulary,Lancashire Constabulary,-2.445456,53.747597,On or near Accrington Road,E01012640,Blackburn with Darwen 008E,Public order,Offender given penalty notice,
9b9aa9fed5ae86e764f6df9de8028fa497fcc5ad0db4e685eb4f0686c7a8d256,2019-02,Lancashire Constabulary,Lancashire Constabulary,-2.445456,53.747597,On or near Accrington Road,E01012640,Blackburn with Darwen 008E,Violence and sexual offences,Unable to prosecute suspect,
ce35a7dab859b6b02bae30aed8153a65a94a2dbfcd393707a118fb0de70669c3,2019-02,Lancashire Constabulary,Lancashire Constabulary,-2.449339,53.747691,On or near Ronald Street,E01012640,Blackburn with Darwen 008E,Violence and sexual offences,Unable to prosecute suspect,
f5096b92a648ba8fd64ff385aafd2b93c19311584c2fda3a510e4c3b8ec69bcc,2019-02,Lancashire Constabulary,Lancashire Constabulary,-2.442282,53.747151,On or near St Ives Road,E01012640,Blackburn with Darwen 008E,Violence and sexual offences,Investigation complete; no suspect identified,
442b8ad61ac75a27d246f90e5cdaa1f8a38d769ee16a53592ab32f797ff95392,2019-02,Lancashire Constabulary,Lancashire Constabulary,-2.449136,53.748590,On or near Monmouth Road,E01012640,Blackburn with Darwen 008E,Violence and sexual offences,Status update unavailable,
f0342301350bbee37abccf1cad36420dc0a42b644d7316d9c2f458334347ac8d,2019-02,Lancashire Constabulary,Lancashire Constabulary,-2.449425,53.747277,On or near Eagle Street,E01012640,Blackburn with Darwen 008E,Violence and sexual offences,Unable to prosecute suspect,
cb15037363a7588a0eeb363791f832a0aa661b0db9b6301114fc63af4474a153,2019-02,Lancashire Constabulary,Lancashire Constabulary,-2.449136,53.748590,On or near Monmouth Road,E01012640,Blackburn with Darwen 008E,Violence and sexual offences,Unable to prosecute suspect,
dfb43d1717cb9b27708b0c69656fd7fd6a3dc21f598cbb56de00b4f4f5153b7f,2019-02,Lancashire Constabulary,Lancashire Constabulary,-2.441996,53.744455,On or near Knuzden Brook,E01012640,Blackburn with Darwen 008E,Violence and sexual offences,Status update unavailable,
21635623e7c1a72e351a114720f725e70f2bb169cd8e4151490bdb4dc99e5f11,2019-02,Lancashire Constabulary,Lancashire Constabulary,-2.441460,53.748277,On or near Accrington Road,E01012640,Blackburn with Darwen 008E,Violence and sexual offences,Status update unavailable,
8b2bcae7a5b5ee0e7c2e47b609735a59c079780a8601623ec730c0c32e84cb20,2019-02,Lancashire Constabulary,Lancashire Constabulary,-2.449339,53.747691,On or near Ronald Street,E01012640,Blackburn with Darwen 008E,Violence and sexual offences,Unable to prosecute suspect,
,2019-02,Lancashire Constabulary,Lancashire Constabulary,-2.452983,53.745376,On or near Hythe Close,E01012641,Blackburn with Darwen 008F,Anti-social behaviour,,
,2019-02,Lancashire Constabulary,Lancashire Constabulary,-2.452904,53.746455,On or near Westbury Gardens,E01012641,Blackburn with Darwen 008F,Anti-social behaviour,,
,2019-02,Lancashire Constabulary,Lancashire Constabulary,-2.455455,53.744018,On or near Hastings Close,E01012641,Blackburn with Darwen 008F,Anti-social behaviour,,
,2019-02,Lancashire Constabulary,Lancashire Constabulary,-2.449504,53.744742,On or near Shadsworth Close,E01012641,Blackburn with Darwen 008F,Anti-social behaviour,,
,2019-02,Lancashire Constabulary,Lancashire Constabulary,-2.450284,53.742474,On or near Delph Lane,E01012641,Blackburn with Darwen 008F,Anti-social behaviour,,
,2019-02,Lancashire Constabulary,Lancashire Constabulary,-2.455455,53.744018,On or near Hastings Close,E01012641,Blackburn with Darwen 008F,Anti-social behaviour,,
,2019-02,Lancashire Constabulary,Lancashire Constabulary,-2.449504,53.744742,On or near Shadsworth Close,E01012641,Blackburn with Darwen 008F,Anti-social behaviour,,
,2019-02,Lancashire Constabulary,Lancashire Constabulary,-2.455455,53.744018,On or near Hastings Close,E01012641,Blackburn with Darwen 008F,Anti-social behaviour,,
,2019-02,Lancashire Constabulary,Lancashire Constabulary,-2.454379,53.746863,On or near Audley Range,E01012641,Blackburn with Darwen 008F,Anti-social behaviour,,
,2019-02,Lancashire Constabulary,Lancashire Constabulary,-2.450683,53.745816,On or near Delph Close,E01012641,Blackburn with Darwen 008F,Anti-social behaviour,,
928383e51ad33ea2e09bc19dfcd41f33be30be8f27ee1221a163572209dfd06b,2019-02,Lancashire Constabulary,Lancashire Constabulary,-2.449818,53.745738,On or near Delph Approach,E01012641,Blackburn with Darwen 008F,Burglary,Status update unavailable,
d6b283c5d38399b02e94992ba92adfc4d29305c66794999d7834dc9a6e7188fb,2019-02,Lancashire Constabulary,Lancashire Constabulary,-2.452904,53.746455,On or near Westbury Gardens,E01012641,Blackburn with Darwen 008F,Burglary,Status update unavailable,
375de5f571123e0f8dcc47c9a609134bfcb4826ef1831a0968597d0b4a226e45,2019-02,Lancashire Constabulary,Lancashire Constabulary,-2.449818,53.745738,On or near Delph Approach,E01012641,Blackburn with Darwen 008F,Burglary,Status update unavailable,
e7d1c669d894fd2fe88299f2615a8d3e52c29fa4bd364dc8cfdc05b282c8f21d,2019-02,Lancashire Constabulary,Lancashire Constabulary,-2.455455,53.744018,On or near Hastings Close,E01012641,Blackburn with Darwen 008F,Criminal damage and arson,Further investigation is not in the public interest,
a191a04ac5774ad8e1a567917e91cc68428a03017f7e515ac1997ba54d1b5ea5,2019-02,Lancashire Constabulary,Lancashire Constabulary,-2.449818,53.745738,On or near Delph Approach,E01012641,Blackburn with Darwen 008F,Criminal damage and arson,Status update unavailable,
011d9a83dd6eb9a1dcbe9fd991d0063ab60cd5e57efb887927336042f772c3a4,2019-02,Lancashire Constabulary,Lancashire Constabulary,-2.452983,53.745376,On or near Hythe Close,E01012641,Blackburn with Darwen 008F,Criminal damage and arson,Status update unavailable,
c8b7cbb1e249136e81dceea16789bfcf1f68d1bec1f849f89858eb842fc0ab38,2019-02,Lancashire Constabulary,Lancashire Constabulary,-2.452983,53.745376,On or near Hythe Close,E01012641,Blackburn with Darwen 008F,Criminal damage and arson,Status update unavailable,
4e9883fa6b25520320b1a7c17c8cf784a72bce31411a55865cb577783c27e799,2019-02,Lancashire Constabulary,Lancashire Constabulary,-2.455455,53.744018,On or near Hastings Close,E01012641,Blackburn with Darwen 008F,Criminal damage and arson,Status update unavailable,
0d59331769f9287d11eff1e157b475b6c3629235d3e57da4be8ab8e7f39e8638,2019-02,Lancashire Constabulary,Lancashire Constabulary,-2.452904,53.746455,On or near Westbury Gardens,E01012641,Blackburn with Darwen 008F,Public order,Status update unavailable,
6671f4b6603ad1b489690a310605677280da43da518015652f8411b328b91f2a,2019-02,Lancashire Constabulary,Lancashire Constabulary,-2.452904,53.746455,On or near Westbury Gardens,E01012641,Blackburn with Darwen 008F,Public order,Unable to prosecute suspect,
304022620ea14c309762599fa612f42d96a6308e39827521954e3acdd25d4453,2019-02,Lancashire Constabulary,Lancashire Constabulary,-2.452983,53.745376,On or near Hythe Close,E01012641,Blackburn with Darwen 008F,Vehicle crime,Status update unavailable,
77d0cb3a5513cc6e943a2556dcd7b8db3c26ff165d0f1efc5d7d80d46366506e,2019-02,Lancashire Constabulary,Lancashire Constabulary,-2.455455,53.744018,On or near Hastings Close,E01012641,Blackburn with Darwen 008F,Violence and sexual offences,Local resolution,
925cc8657cdf385dff94d20ef7926fd5e2038a3ae12ce44bc818d12e29979489,2019-02,Lancashire Constabulary,Lancashire Constabulary,-2.450683,53.745816,On or near Delph Close,E01012641,Blackburn with Darwen 008F,Violence and sexual offences,Unable to prosecute suspect,
bde6754c51bbaa825b918c05e28724e644ae6c00b8d8da41f318978a25b00c82,2019-02,Lancashire Constabulary,Lancashire Constabulary,-2.455455,53.744018,On or near Hastings Close,E01012641,Blackburn with Darwen 008F,Violence and sexual offences,Status update unavailable,
7c06c191d251769da91b3ea23d04e5c4cdecf3d410fcfae4d19b998164c6a625,2019-02,Lancashire Constabulary,Lancashire Constabulary,-2.450683,53.745816,On or near Delph Close,E01012641,Blackburn with Darwen 008F,Violence and sexual offences,Status update unavailable,
60697ab497a32b046766038b20b936b22793a2e4d53a4872bafd3b5a9455f550,2019-02,Lancashire Constabulary,Lancashire Constabulary,-2.449058,53.744123,On or near Farm House Close,E01012641,Blackburn with Darwen 008F,Violence and sexual offences,Status update unavailable,
68548af90786c1f4629b91007914028c2a25acd56b90b850acff9cdeed4e3901,2019-02,Lancashire Constabulary,Lancashire Constabulary,-2.450683,53.745816,On or near Delph Close,E01012641,Blackburn with Darwen 008F,Violence and sexual offences,Local resolution,
61be7035a9998be1827e84a30468665fc7584e97711832bd19e002f5101a8733,2019-02,Lancashire Constabulary,Lancashire Constabulary,-2.450683,53.745816,On or near Delph Close,E01012641,Blackburn with Darwen 008F,Violence and sexual offences,Unable to prosecute suspect,
75f1bdd88a5c59bf05bc625ee1fd8bd7732d9ccd0ef609657c5e86380958fd87,2019-02,Lancashire Constabulary,Lancashire Constabulary,-2.449818,53.745738,On or near Delph Approach,E01012641,Blackburn with Darwen 008F,Violence and sexual offences,Status update unavailable,
0188ebaa32c53d673e28cb0d77a751a8f66e124f2edb2edab9e4aca6f88fad41,2019-02,Lancashire Constabulary,Lancashire Constabulary,-2.455648,53.742175,On or near North Road,E01012641,Blackburn with Darwen 008F,Violence and sexual offences,Unable to prosecute suspect,
,2019-02,Lancashire Constabulary,Lancashire Constabulary,-2.492120,53.737689,On or near Charles Street,E01012595,Blackburn with Darwen 009A,Anti-social behaviour,,
,2019-02,Lancashire Constabulary,Lancashire Constabulary,-2.489646,53.732235,On or near Wolseley Street,E01012595,Blackburn with Darwen 009A,Anti-social behaviour,,
,2019-02,Lancashire Constabulary,Lancashire Constabulary,-2.493412,53.736677,On or near Grafton Street,E01012595,Blackburn with Darwen 009A,Anti-social behaviour,,
,2019-02,Lancashire Constabulary,Lancashire Constabulary,-2.489646,53.732235,On or near Wolseley Street,E01012595,Blackburn with Darwen 009A,Anti-social behaviour,,
,2019-02,Lancashire Constabulary,Lancashire Constabulary,-2.490790,53.734127,On or near Petrol Station,E01012595,Blackburn with Darwen 009A,Anti-social behaviour,,
,2019-02,Lancashire Constabulary,Lancashire Constabulary,-2.488256,53.733966,On or near Woodbury Avenue,E01012595,Blackburn with Darwen 009A,Anti-social behaviour,,
,2019-02,Lancashire Constabulary,Lancashire Constabulary,-2.489646,53.732235,On or near Wolseley Street,E01012595,Blackburn with Darwen 009A,Anti-social behaviour,,
,2019-02,Lancashire Constabulary,Lancashire Constabulary,-2.490790,53.734127,On or near Petrol Station,E01012595,Blackburn with Darwen 009A,Anti-social behaviour,,
,2019-02,Lancashire Constabulary,Lancashire Constabulary,-2.494800,53.736123,On or near Hollin Bridge Street,E01012595,Blackburn with Darwen 009A,Anti-social behaviour,,
,2019-02,Lancashire Constabulary,Lancashire Constabulary,-2.489646,53.732235,On or near Wolseley Street,E01012595,Blackburn with Darwen 009A,Anti-social behaviour,,
,2019-02,Lancashire Constabulary,Lancashire Constabulary,-2.488256,53.733966,On or near Woodbury Avenue,E01012595,Blackburn with Darwen 009A,Anti-social behaviour,,
d8cbe1f6cb1d0614638bb3cb9278b6f171e3f04c31caec47d46cc527fd4c54a8,2019-02,Lancashire Constabulary,Lancashire Constabulary,-2.490790,53.734127,On or near Petrol Station,E01012595,Blackburn with Darwen 009A,Criminal damage and arson,Status update unavailable,
e33b35bdeb79d086e9ac2efdbc5b588bb9de80036a3b4c39fc04310b6d1e24fa,2019-02,Lancashire Constabulary,Lancashire Constabulary,-2.490951,53.738818,On or near Fletcher Street,E01012595,Blackburn with Darwen 009A,Drugs,Status update unavailable,
83e8b8816b3a1c79b379d39a2fcf820066d51d3071b7a4eb867d8d91ecb10679,2019-02,Lancashire Constabulary,Lancashire Constabulary,-2.488700,53.738207,On or near Boothman Street,E01012595,Blackburn with Darwen 009A,Other theft,Investigation complete; no suspect identified,
4f95884d4afc2a828cdc047286b7363b213c6a3ddfd9fdbf57e41fcae3acf4bf,2019-02,Lancashire Constabulary,Lancashire Constabulary,-2.490790,53.734127,On or near Petrol Station,E01012595,Blackburn with Darwen 009A,Other theft,Status update unavailable,
54d2f75a8c00756b21e552dae9b0807079d4d67952d1c7f99de30d3e4d9a4ca8,2019-02,Lancashire Constabulary,Lancashire Constabulary,-2.490790,53.734127,On or near Petrol Station,E01012595,Blackburn with Darwen 009A,Other theft,Status update unavailable,
1e826e3ef35b3538d53839e5d2f1d43dd3ff217821f6920d0d186446ad9bc2b5,2019-02,Lancashire Constabulary,Lancashire Constabulary,-2.494800,53.736123,On or near Hollin Bridge Street,E01012595,Blackburn with Darwen 009A,Public order,Status update unavailable,
8ecf167082cd2e1a43220002ec2a2f6742d4623b230f85ac8204f0c02ccd0330,2019-02,Lancashire Constabulary,Lancashire Constabulary,-2.488256,53.733966,On or near Woodbury Avenue,E01012595,Blackburn with Darwen 009A,Public order,Status update unavailable,
98c9f607901d5c0cbb608ad999c817b794ca89a5de5c2f021c485c3e3074c69f,2019-02,Lancashire Constabulary,Lancashire Constabulary,-2.488256,53.733966,On or near Woodbury Avenue,E01012595,Blackburn with Darwen 009A,Vehicle crime,Status update unavailable,
7d357022fbee00904b96e25553d20ae8f9d9c33db4e36eb9e95e6d8def5623cf,2019-02,Lancashire Constabulary,Lancashire Constabulary,-2.494800,53.736123,On or near Hollin Bridge Street,E01012595,Blackburn with Darwen 009A,Violence and sexual offences,Status update unavailable,
8059a86ae8473cbf5e8c823c3f8a1d073e184bd84b3dcddacbbda85666958f35,2019-02,Lancashire Constabulary,Lancashire Constabulary,-2.492802,53.736401,On or near Cranbrook Street,E01012595,Blackburn with Darwen 009A,Violence and sexual offences,Status update unavailable,
fa803de25bf7eba6c229a1bc2b3677db576b5468b6770f3edcf36f71143e3438,2019-02,Lancashire Constabulary,Lancashire Constabulary,-2.492782,53.734649,On or near Hamilton Street,E01012595,Blackburn with Darwen 009A,Violence and sexual offences,Unable to prosecute suspect,
3175cf55fb24a8ac557e1566f351d645c236fc0fc4499a154b0999a6bab52550,2019-02,Lancashire Constabulary,Lancashire Constabulary,-2.493482,53.736147,On or near Exeter Street,E01012595,Blackburn with Darwen 009A,Violence and sexual offences,Unable to prosecute suspect,
be7f77cc4746a6cd9d6888d24f9eadbb657aef266de6958b508bc9cb5aa26654,2019-02,Lancashire Constabulary,Lancashire Constabulary,-2.491327,53.730817,On or near Bolton Road,E01012595,Blackburn with Darwen 009A,Violence and sexual offences,Awaiting court outcome,
3fd4df2321f5d90e47554c4830ae88396205fbc4922b1f84852f0662faa29030,2019-02,Lancashire Constabulary,Lancashire Constabulary,-2.490865,53.730144,On or near Tapestry Street,E01012595,Blackburn with Darwen 009A,Violence and sexual offences,Status update unavailable,
19014a7ffb4d39576de3dbbb2cb4520373e7cca69c99d6625686462b0c29d6af,2019-02,Lancashire Constabulary,Lancashire Constabulary,-2.494800,53.736123,On or near Hollin Bridge Street,E01012595,Blackburn with Darwen 009A,Violence and sexual offences,Status update unavailable,
93d78e7f5464624287ca1c563f744818267aa9ce8fbffbe2be89e708af05704f,2019-02,Lancashire Constabulary,Lancashire Constabulary,-2.492802,53.736401,On or near Cranbrook Street,E01012595,Blackburn with Darwen 009A,Violence and sexual offences,Unable to prosecute suspect,
02476edf7f8508dbdc1085525ad929306b01c6185d4b24c910946c07850e1197,2019-02,Lancashire Constabulary,Lancashire Constabulary,-2.488256,53.733966,On or near Woodbury Avenue,E01012595,Blackburn with Darwen 009A,Violence and sexual offences,Unable to prosecute suspect,
ded5d25173ff01469a17f56445de98eb64387ad00833da1a155574706403b079,2019-02,Lancashire Constabulary,Lancashire Constabulary,-2.490790,53.734127,On or near Petrol Station,E01012595,Blackburn with Darwen 009A,Violence and sexual offences,Unable to prosecute suspect,
a769aff21dc5e6b12750f72624a342b5816ac8c6b0a9fcc3cf5241a3e8702a54,2019-02,Lancashire Constabulary,Lancashire Constabulary,-2.494800,53.736123,On or near Hollin Bridge Street,E01012595,Blackburn with Darwen 009A,Violence and sexual offences,Status update unavailable,
,2019-02,Lancashire Constabulary,Lancashire Constabulary,-2.483293,53.736045,On or near Leach Street,E01012596,Blackburn with Darwen 009B,Anti-social behaviour,,
,2019-02,Lancashire Constabulary,Lancashire Constabulary,-2.482884,53.734743,On or near Lyndhurst Road,E01012596,Blackburn with Darwen 009B,Anti-social behaviour,,
,2019-02,Lancashire Constabulary,Lancashire Constabulary,-2.486024,53.736240,On or near Walsh Street,E01012596,Blackburn with Darwen 009B,Anti-social behaviour,,
,2019-02,Lancashire Constabulary,Lancashire Constabulary,-2.486024,53.736240,On or near Walsh Street,E01012596,Blackburn with Darwen 009B,Anti-social behaviour,,
,2019-02,Lancashire Constabulary,Lancashire Constabulary,-2.486873,53.737531,On or near Lockside,E01012596,Blackburn with Darwen 009B,Anti-social behaviour,,
,2019-02,Lancashire Constabulary,Lancashire Constabulary,-2.485736,53.737518,On or near Bankside,E01012596,Blackburn with Darwen 009B,Anti-social behaviour,,
,2019-02,Lancashire Constabulary,Lancashire Constabulary,-2.487173,53.735921,On or near Infirmary Road,E01012596,Blackburn with Darwen 009B,Anti-social behaviour,,
,2019-02,Lancashire Constabulary,Lancashire Constabulary,-2.486024,53.736240,On or near Walsh Street,E01012596,Blackburn with Darwen 009B,Anti-social behaviour,,
,2019-02,Lancashire Constabulary,Lancashire Constabulary,-2.486024,53.736240,On or near Walsh Street,E01012596,Blackburn with Darwen 009B,Anti-social behaviour,,
f4aeef6b75af9b73eeb85559815db7f9d86014c72de384eea8471c6ef68878be,2019-02,Lancashire Constabulary,Lancashire Constabulary,-2.486024,53.736240,On or near Walsh Street,E01012596,Blackburn with Darwen 009B,Burglary,Status update unavailable,
dc70d7f7bb339e035bb803d9eddb59c2683e4b69f05fec1a1f0587334c0745f2,2019-02,Lancashire Constabulary,Lancashire Constabulary,-2.485807,53.735783,On or near Mosley Street,E01012596,Blackburn with Darwen 009B,Burglary,Status update unavailable,
f124900759da583c35e2b10a1eb4c568d6f1adb5f72f19a75af0e5f181c9b43a,2019-02,Lancashire Constabulary,Lancashire Constabulary,-2.482623,53.735805,On or near Rockcliffe Street,E01012596,Blackburn with Darwen 009B,Criminal damage and arson,Status update unavailable,
7b17d74bcd4d5c81e4dd93a50e0b90970a3b2d51e07e1000c057e6aa8bfd3084,2019-02,Lancashire Constabulary,Lancashire Constabulary,-2.486873,53.737531,On or near Lockside,E01012596,Blackburn with Darwen 009B,Criminal damage and arson,Status update unavailable,
e659acbf8e6b6de38e0aba29124c34943b60c63a348646374a304a7b6169b976,2019-02,Lancashire Constabulary,Lancashire Constabulary,-2.482884,53.734743,On or near Lyndhurst Road,E01012596,Blackburn with Darwen 009B,Other theft,Unable to prosecute suspect,
b54e528bc111f150418dbaeb65fd15ca1ab02f621b580f273cf5153f0c946a9b,2019-02,Lancashire Constabulary,Lancashire Constabulary,-2.485807,53.735783,On or near Mosley Street,E01012596,Blackburn with Darwen 009B,Other theft,Unable to prosecute suspect,
32752d5604c604c804f6153453b84e4d11246f162e77e521033d9c4deb3b59e9,2019-02,Lancashire Constabulary,Lancashire Constabulary,-2.486134,53.733921,On or near Norwood Avenue,E01012596,Blackburn with Darwen 009B,Public order,Further investigation is not in the public interest,
38ee9ce544141d99e7d811baf1b3ab2048092e57eddd013c0bccc9f03466773f,2019-02,Lancashire Constabulary,Lancashire Constabulary,-2.482623,53.735805,On or near Rockcliffe Street,E01012596,Blackburn with Darwen 009B,Public order,Further investigation is not in the public interest,
e916917f776f185bc1480f64345adac0c3d5778e5439165ac7a67a52cc8cbbbc,2019-02,Lancashire Constabulary,Lancashire Constabulary,-2.486024,53.736240,On or near Walsh Street,E01012596,Blackburn with Darwen 009B,Theft from the person,Status update unavailable,
fed0a402dad7a9494bae80ab78c45ae9c9811e14183e5d6d09376bfff44cadde,2019-02,Lancashire Constabulary,Lancashire Constabulary,-2.486134,53.733921,On or near Norwood Avenue,E01012596,Blackburn with Darwen 009B,Violence and sexual offences,Further investigation is not in the public interest,
3377bade5cfc54b5aed663dad01ff73ae47d2ab67f7d833c1faa6938dcd077e7,2019-02,Lancashire Constabulary,Lancashire Constabulary,-2.485807,53.735783,On or near Mosley Street,E01012596,Blackburn with Darwen 009B,Violence and sexual offences,Formal action is not in the public interest,
b7b61bf9723c961ea3e41cc4c14b4f590d47c224944f75ccd4edbfc75af7a7c1,2019-02,Lancashire Constabulary,Lancashire Constabulary,-2.482623,53.735805,On or near Rockcliffe Street,E01012596,Blackburn with Darwen 009B,Violence and sexual offences,Unable to prosecute suspect,
31a7babf8ea4c6aa8a6e877d35938c4250e735cf007da5958f7477c42fb9f0c5,2019-02,Lancashire Constabulary,Lancashire Constabulary,-2.484548,53.734422,On or near Lynthorpe Road,E01012596,Blackburn with Darwen 009B,Violence and sexual offences,Unable to prosecute suspect,
f60e13565d2153102b41f9e7afdf00dcf727c7963ad735f925ed4589b51a4536,2019-02,Lancashire Constabulary,Lancashire Constabulary,-2.486024,53.736240,On or near Walsh Street,E01012596,Blackburn with Darwen 009B,Violence and sexual offences,Unable to prosecute suspect,
d7f1419bc77bb937791aa0a8a7629e615a80a5fbebc18b1184a27a573fa601e5,2019-02,Lancashire Constabulary,Lancashire Constabulary,-2.484490,53.735977,On or near Abraham Street,E01012596,Blackburn with Darwen 009B,Violence and sexual offences,Status update unavailable,
593422885f7a5de22bba179889a038b2973b5d1c647144832435ac94d235b28f,2019-02,Lancashire Constabulary,Lancashire Constabulary,-2.485807,53.735783,On or near Mosley Street,E01012596,Blackburn with Darwen 009B,Violence and sexual offences,Unable to prosecute suspect,
78c2743a3eb9c478f02b38ffb8225b8b7e706718019fdf15185724e6a88cfdb4,2019-02,Lancashire Constabulary,Lancashire Constabulary,-2.484490,53.735977,On or near Abraham Street,E01012596,Blackburn with Darwen 009B,Violence and sexual offences,Status update unavailable,
6fdf36c60ac242a4262a1808066b94728cb67763981b8a2c1b196a4a3fdfbb8a,2019-02,Lancashire Constabulary,Lancashire Constabulary,-2.486134,53.733921,On or near Norwood Avenue,E01012596,Blackburn with Darwen 009B,Violence and sexual offences,Status update unavailable,
8fca23351a3945c8df140ffa86fcd126a71a8cc9bac1d406e0fd554bcd4c4900,2019-02,Lancashire Constabulary,Lancashire Constabulary,-2.488478,53.733426,On or near Marlton Road,E01012596,Blackburn with Darwen 009B,Violence and sexual offences,Unable to prosecute suspect,
41c64bca4a430e88a378ad417fa7b6a546253df6fd273d4f8bc87e10217aa0a2,2019-02,Lancashire Constabulary,Lancashire Constabulary,-2.485807,53.735783,On or near Mosley Street,E01012596,Blackburn with Darwen 009B,Violence and sexual offences,Unable to prosecute suspect,
87952fb07bead717cbf384e5bb0cc25042cd6e44e4adab39f5cc30b3a38f60c2,2019-02,Lancashire Constabulary,Lancashire Constabulary,-2.484548,53.734422,On or near Lynthorpe Road,E01012596,Blackburn with Darwen 009B,Violence and sexual offences,Status update unavailable,
3ea5772001cdae686170cb59bc7931e19c3508da8dc64fb7e41c8d39e9afb201,2019-02,Lancashire Constabulary,Lancashire Constabulary,-2.487180,53.732613,On or near Ramsey Road,E01012596,Blackburn with Darwen 009B,Violence and sexual offences,Status update unavailable,
fa22c388f70fc85f97dd7acfd78abee33e98f8727c80556c54e0cd299470efed,2019-02,Lancashire Constabulary,Lancashire Constabulary,-2.486039,53.734937,On or near Southworth Street,E01012596,Blackburn with Darwen 009B,Violence and sexual offences,Status update unavailable,
591d0b55cf5f89c6d10c6840adc1bc82e7c6c2fa568fcb943e45b00d575f83b2,2019-02,Lancashire Constabulary,Lancashire Constabulary,-2.483391,53.736646,On or near Hall Street,E01012596,Blackburn with Darwen 009B,Violence and sexual offences,Status update unavailable,
ad724c6e4747b8d1cac2577a3843f32777fe2c1ce78af4921a21b2a4b7d2e7ed,2019-02,Lancashire Constabulary,Lancashire Constabulary,-2.483293,53.736045,On or near Leach Street,E01012596,Blackburn with Darwen 009B,Violence and sexual offences,Status update unavailable,
5cd811eb4f376b918b41f6ad254ea3aa03233210288b2477af6110ea6ea8fd1d,2019-02,Lancashire Constabulary,Lancashire Constabulary,-2.486024,53.736240,On or near Walsh Street,E01012596,Blackburn with Darwen 009B,Violence and sexual offences,Unable to prosecute suspect,
3a37ebd135b454300933ece571583ae6082733fc4d69d1f920e881b2eec6c872,2019-02,Lancashire Constabulary,Lancashire Constabulary,-2.486024,53.736240,On or near Walsh Street,E01012596,Blackburn with Darwen 009B,Other crime,Unable to prosecute suspect,
,2019-02,Lancashire Constabulary,Lancashire Constabulary,-2.496258,53.740189,On or near Agnes Street,E01012622,Blackburn with Darwen 009C,Anti-social behaviour,,
,2019-02,Lancashire Constabulary,Lancashire Constabulary,-2.500001,53.740075,On or near Newcastle Street,E01012622,Blackburn with Darwen 009C,Anti-social behaviour,,
,2019-02,Lancashire Constabulary,Lancashire Constabulary,-2.496258,53.740189,On or near Agnes Street,E01012622,Blackburn with Darwen 009C,Anti-social behaviour,,
,2019-02,Lancashire Constabulary,Lancashire Constabulary,-2.496258,53.740189,On or near Agnes Street,E01012622,Blackburn with Darwen 009C,Anti-social behaviour,,
9304e48eb1a813d49001422843c71f548ebcfe13a78a9e822b987ce5e133e2ed,2019-02,Lancashire Constabulary,Lancashire Constabulary,-2.500609,53.741465,On or near Lancing Place,E01012622,Blackburn with Darwen 009C,Burglary,Status update unavailable,
c9bbbf1ce8bbebdab3bd80d6ef99b644287810322b19d8f1debe5339bafcf90c,2019-02,Lancashire Constabulary,Lancashire Constabulary,-2.494399,53.740655,On or near Taylor Close,E01012622,Blackburn with Darwen 009C,Burglary,Status update unavailable,
ab0a104fffc5362c10d10d2ca75bf7b441a7a075cc35aad881a739941a44e71d,2019-02,Lancashire Constabulary,Lancashire Constabulary,-2.495554,53.740884,On or near Hancock Street,E01012622,Blackburn with Darwen 009C,Burglary,Awaiting court outcome,
decf44caa587fb7cfc11a66401549619ca8c58542ceb2a67de5ed5ecd839fb80,2019-02,Lancashire Constabulary,Lancashire Constabulary,-2.494829,53.738577,On or near Thornber Street,E01012622,Blackburn with Darwen 009C,Robbery,Unable to prosecute suspect,
37f7277dd1d2f7db11c0dcea2dabb55923a9e7618759a8b8be9efea56baeb31b,2019-02,Lancashire Constabulary,Lancashire Constabulary,-2.497786,53.742511,On or near Supermarket,E01012622,Blackburn with Darwen 009C,Shoplifting,Status update unavailable,
d3c41fbe474f64706287ad3070780f8a59d68831c4bb8ff6f79863dca14b4923,2019-02,Lancashire Constabulary,Lancashire Constabulary,-2.497786,53.742511,On or near Supermarket,E01012622,Blackburn with Darwen 009C,Shoplifting,Status update unavailable,
d6891d9c0aa3ea6a1195518244cdfa9c9bd6abf6c4f1f6603581594bde1f7572,2019-02,Lancashire Constabulary,Lancashire Constabulary,-2.494399,53.740655,On or near Taylor Close,E01012622,Blackburn with Darwen 009C,Vehicle crime,Status update unavailable,
fe578ae617cc41935eac7e98936df67d6d940664b6f0be88d12a0587b50a5981,2019-02,Lancashire Constabulary,Lancashire Constabulary,-2.497786,53.742511,On or near Supermarket,E01012622,Blackburn with Darwen 009C,Violence and sexual offences,Unable to prosecute suspect,
a78656fc25e70dec8416d56ee621dcc50670bf372f05a06919d78d4c72e1fe7e,2019-02,Lancashire Constabulary,Lancashire Constabulary,-2.498005,53.740478,On or near Perth Street,E01012622,Blackburn with Darwen 009C,Violence and sexual offences,Further investigation is not in the public interest,
dfb705177d2e89da4c87e8d6906934771f0831026639ab377506480917c0d8d0,2019-02,Lancashire Constabulary,Lancashire Constabulary,-2.496258,53.740189,On or near Agnes Street,E01012622,Blackburn with Darwen 009C,Violence and sexual offences,Awaiting court outcome,
e72f3b5f2ce3b1d0b27bb5a507619c39c60b127fa961290985f363da08500a7f,2019-02,Lancashire Constabulary,Lancashire Constabulary,-2.498005,53.740478,On or near Perth Street,E01012622,Blackburn with Darwen 009C,Violence and sexual offences,Status update unavailable,
6df63ea66c33a722bff54ca8dc1d37508ff447ee1621bfc1c619196061ecc6b4,2019-02,Lancashire Constabulary,Lancashire Constabulary,-2.500001,53.740075,On or near Newcastle Street,E01012622,Blackburn with Darwen 009C,Violence and sexual offences,Status update unavailable,
19a4a98cee8e4a83c51608971d59bfa6675b90907fab7349f440a5ec414a50dd,2019-02,Lancashire Constabulary,Lancashire Constabulary,-2.491679,53.740127,On or near Roebuck Close,E01012622,Blackburn with Darwen 009C,Violence and sexual offences,Status update unavailable,
1353844fc3bb41ebd808ad4c0c66915a4c0400233349a60c376bb7e2736f5ecf,2019-02,Lancashire Constabulary,Lancashire Constabulary,-2.498005,53.740478,On or near Perth Street,E01012622,Blackburn with Darwen 009C,Violence and sexual offences,Status update unavailable,
292b81beed9b8df9a91f68f6d3c228f73dda3c8c68da10d7b09c2e930fe94dc2,2019-02,Lancashire Constabulary,Lancashire Constabulary,-2.490805,53.740589,On or near Heatley Close,E01012622,Blackburn with Darwen 009C,Violence and sexual offences,Status update unavailable,
,2019-02,Lancashire Constabulary,Lancashire Constabulary,-2.506905,53.739273,On or near Markham Road,E01012623,Blackburn with Darwen 009D,Anti-social behaviour,,
,2019-02,Lancashire Constabulary,Lancashire Constabulary,-2.506905,53.739273,On or near Markham Road,E01012623,Blackburn with Darwen 009D,Anti-social behaviour,,
1248b39860b2879384c96cf384d42f196b000434f8422f08aea03e43fb50beea,2019-02,Lancashire Constabulary,Lancashire Constabulary,-2.506905,53.739273,On or near Markham Road,E01012623,Blackburn with Darwen 009D,Criminal damage and arson,Status update unavailable,
942385d0dc0904bbf685c9c72733ae71d8261b90a3ce5ed037d7f651995b5ec1,2019-02,Lancashire Constabulary,Lancashire Constabulary,-2.504751,53.741699,On or near Pink Place,E01012623,Blackburn with Darwen 009D,Other theft,Status update unavailable,
4482b4dc1fa35d1bcd58e3940ae2592f595667dd2ffdb84e68e6b570dd781b5c,2019-02,Lancashire Constabulary,Lancashire Constabulary,-2.505205,53.741653,On or near Rutland Street,E01012623,Blackburn with Darwen 009D,Other theft,Status update unavailable,
b776c1bda95cf21b885b944d42d61da9a2c81f5f4a9c7e728b6baac9ab9dcf5d,2019-02,Lancashire Constabulary,Lancashire Constabulary,-2.506453,53.740758,On or near Park Place,E01012623,Blackburn with Darwen 009D,Violence and sexual offences,Status update unavailable,
785980b479fbe34db8a889a03912372fbf5e213db2314bb919fd116f7cb0ed8e,2019-02,Lancashire Constabulary,Lancashire Constabulary,-2.508058,53.739358,On or near Franklin Road,E01012623,Blackburn with Darwen 009D,Violence and sexual offences,Further investigation is not in the public interest,
39d650028c90e7f8460875856287aaef961c25794a45e033db5068d5af9d869c,2019-02,Lancashire Constabulary,Lancashire Constabulary,-2.506453,53.740758,On or near Park Place,E01012623,Blackburn with Darwen 009D,Violence and sexual offences,Status update unavailable,
,2019-02,Lancashire Constabulary,Lancashire Constabulary,-2.501480,53.733130,On or near Brindle Street,E01012624,Blackburn with Darwen 009E,Anti-social behaviour,,
,2019-02,Lancashire Constabulary,Lancashire Constabulary,-2.496689,53.731729,On or near Albion Street,E01012624,Blackburn with Darwen 009E,Anti-social behaviour,,
,2019-02,Lancashire Constabulary,Lancashire Constabulary,-2.500120,53.734726,On or near Suffolk Street,E01012624,Blackburn with Darwen 009E,Anti-social behaviour,,
,2019-02,Lancashire Constabulary,Lancashire Constabulary,-2.498150,53.733494,On or near St Aidan'S Close,E01012624,Blackburn with Darwen 009E,Anti-social behaviour,,
,2019-02,Lancashire Constabulary,Lancashire Constabulary,-2.500120,53.734726,On or near Suffolk Street,E01012624,Blackburn with Darwen 009E,Anti-social behaviour,,
,2019-02,Lancashire Constabulary,Lancashire Constabulary,-2.501392,53.734622,On or near Zebudah Street,E01012624,Blackburn with Darwen 009E,Anti-social behaviour,,
,2019-02,Lancashire Constabulary,Lancashire Constabulary,-2.498150,53.733494,On or near St Aidan'S Close,E01012624,Blackburn with Darwen 009E,Anti-social behaviour,,
0950ca57fdf7ad9fc48232c4910d7ca0e636115761d5eeb37c7f7c3bdcab6cda,2019-02,Lancashire Constabulary,Lancashire Constabulary,-2.501480,53.733130,On or near Brindle Street,E01012624,Blackburn with Darwen 009E,Burglary,Status update unavailable,
cd78a8a344295798fb91549d6157a724ff6a9967c849191e76f225346736ba04,2019-02,Lancashire Constabulary,Lancashire Constabulary,-2.496600,53.734516,On or near Spring Bank Terrace,E01012624,Blackburn with Darwen 009E,Criminal damage and arson,Status update unavailable,
3b2a2572c37dff42e0ae1234c206bcf069923382ceb8e56e3effa040c43514ba,2019-02,Lancashire Constabulary,Lancashire Constabulary,-2.496600,53.734516,On or near Spring Bank Terrace,E01012624,Blackburn with Darwen 009E,Criminal damage and arson,Status update unavailable,
2d173afa29503e8aa660b85aaede228b4294855f5560d28e462a682c9637de54,2019-02,Lancashire Constabulary,Lancashire Constabulary,-2.499025,53.731854,On or near Elim Place,E01012624,Blackburn with Darwen 009E,Other theft,Status update unavailable,
d62d1f49a01e683b7e78b4bb0489f0448ac51686fbb49179a3d80058a0630e81,2019-02,Lancashire Constabulary,Lancashire Constabulary,-2.501480,53.733130,On or near Brindle Street,E01012624,Blackburn with Darwen 009E,Public order,Status update unavailable,
9f40e672caa8cff741749399259c97d577d8ab6c42a31be0d8f5c288a022a22b,2019-02,Lancashire Constabulary,Lancashire Constabulary,-2.494175,53.734490,On or near Green Park Close,E01012624,Blackburn with Darwen 009E,Public order,Offender sent to prison,
606fee1196daf4480377df0282fd43b2d4c278b51f66f9c86aab6b3fc26c683c,2019-02,Lancashire Constabulary,Lancashire Constabulary,-2.501480,53.733130,On or near Brindle Street,E01012624,Blackburn with Darwen 009E,Public order,Status update unavailable,
d6e9c4097ad3581e3d6115d25497b6f0132866be172566f70ab5e3f73d8a75aa,2019-02,Lancashire Constabulary,Lancashire Constabulary,-2.501480,53.733130,On or near Brindle Street,E01012624,Blackburn with Darwen 009E,Shoplifting,Status update unavailable,
b64e2a80868c302237c727448a72424d9caf084bd0ec8baeca47080dd66c4de2,2019-02,Lancashire Constabulary,Lancashire Constabulary,-2.500840,53.732800,On or near St James' Street,E01012624,Blackburn with Darwen 009E,Violence and sexual offences,Status update unavailable,
44724a85f6f4c52f653a9a2b55e054564841bf2d99c1e1bcf2e69772c11785a3,2019-02,Lancashire Constabulary,Lancashire Constabulary,-2.496751,53.736987,On or near Hollin Bridge Street,E01012624,Blackburn with Darwen 009E,Violence and sexual offences,Status update unavailable,
e59d383a878f7c955df2b07c16b23067d399421852f860613d20b9c70600f05a,2019-02,Lancashire Constabulary,Lancashire Constabulary,-2.502726,53.734643,On or near New Chapel Street,E01012624,Blackburn with Darwen 009E,Violence and sexual offences,Status update unavailable,
1e0444ec85ca4c3dc82cb6145b0cc21a1aaa1f6566124c97b0b6766a032fdc98,2019-02,Lancashire Constabulary,Lancashire Constabulary,-2.501480,53.733130,On or near Brindle Street,E01012624,Blackburn with Darwen 009E,Violence and sexual offences,Status update unavailable,
7a3432e307ae629a75de213f7cde5d8dce6a8ce2258e409e600105343e6db9ea,2019-02,Lancashire Constabulary,Lancashire Constabulary,-2.500840,53.732800,On or near St James' Street,E01012624,Blackburn with Darwen 009E,Violence and sexual offences,Status update unavailable,
86442db8b0c5ba991cd06953f2ce9e6707b3436ce9683f7c1e46972e4042a10a,2019-02,Lancashire Constabulary,Lancashire Constabulary,-2.500120,53.734726,On or near Suffolk Street,E01012624,Blackburn with Darwen 009E,Violence and sexual offences,Unable to prosecute suspect,
7df08076e9687c0252b5de94073fb45d399c583ccc804624678f5f73bdba8e7f,2019-02,Lancashire Constabulary,Lancashire Constabulary,-2.500840,53.732800,On or near St James' Street,E01012624,Blackburn with Darwen 009E,Violence and sexual offences,Awaiting court outcome,
b2b64b40e569b0de0ab141964edfacba8c0c59a31081335488ded965c6ac6b1d,2019-02,Lancashire Constabulary,Lancashire Constabulary,-2.496751,53.736987,On or near Hollin Bridge Street,E01012624,Blackburn with Darwen 009E,Violence and sexual offences,Status update unavailable,
b23cc51c90cbb0f5cdd7723d99440388365d8de42cbd8e7603b01c5c5b0196c6,2019-02,Lancashire Constabulary,Lancashire Constabulary,-2.500840,53.732800,On or near St James' Street,E01012624,Blackburn with Darwen 009E,Violence and sexual offences,Awaiting court outcome,
1b061c09aa9a38026641964f559806c19b189bc4405d0d1058abd067e80b716a,2019-02,Lancashire Constabulary,Lancashire Constabulary,-2.500120,53.734726,On or near Suffolk Street,E01012624,Blackburn with Darwen 009E,Violence and sexual offences,Unable to prosecute suspect,
c663bf38e09551a2e82b16c31578ee998cd599fdfaefa33995cb9c009791eed1,2019-02,Lancashire Constabulary,Lancashire Constabulary,-2.500120,53.734726,On or near Suffolk Street,E01012624,Blackburn with Darwen 009E,Violence and sexual offences,Status update unavailable,
a0cc60a5f25890bedca3c71f861f9b96361fdd83e6e2aba0501bd3344b8bb896,2019-02,Lancashire Constabulary,Lancashire Constabulary,-2.500840,53.732800,On or near St James' Street,E01012624,Blackburn with Darwen 009E,Violence and sexual offences,Status update unavailable,
26a719696bcafe11e63d455f5ffbada81108334822cc5f02c9a862ac567a6cf3,2019-02,Lancashire Constabulary,Lancashire Constabulary,-2.500676,53.734373,On or near Norfolk Street,E01012624,Blackburn with Darwen 009E,Violence and sexual offences,Status update unavailable,
,2019-02,Lancashire Constabulary,Lancashire Constabulary,-2.507629,53.733957,On or near Percy Street,E01012625,Blackburn with Darwen 009F,Anti-social behaviour,,
,2019-02,Lancashire Constabulary,Lancashire Constabulary,-2.509509,53.733958,On or near Bonsall Street,E01012625,Blackburn with Darwen 009F,Anti-social behaviour,,
,2019-02,Lancashire Constabulary,Lancashire Constabulary,-2.504236,53.732911,On or near Herschell Street,E01012625,Blackburn with Darwen 009F,Anti-social behaviour,,
,2019-02,Lancashire Constabulary,Lancashire Constabulary,-2.501005,53.735226,On or near Parkinson Street,E01012625,Blackburn with Darwen 009F,Anti-social behaviour,,
,2019-02,Lancashire Constabulary,Lancashire Constabulary,-2.501005,53.735226,On or near Parkinson Street,E01012625,Blackburn with Darwen 009F,Anti-social behaviour,,
,2019-02,Lancashire Constabulary,Lancashire Constabulary,-2.509509,53.733958,On or near Bonsall Street,E01012625,Blackburn with Darwen 009F,Anti-social behaviour,,
3c563066de9568a375dcc609d9b7610ad06364060832fb5db631fa8bcbe51a32,2019-02,Lancashire Constabulary,Lancashire Constabulary,-2.507508,53.735243,On or near Delamere Close,E01012625,Blackburn with Darwen 009F,Burglary,Status update unavailable,
9ccf741d59b4be6104707dfdc0660cb1f5eee6080205555ba7ae8aa9164d1642,2019-02,Lancashire Constabulary,Lancashire Constabulary,-2.505869,53.733758,On or near Shorrock Lane,E01012625,Blackburn with Darwen 009F,Criminal damage and arson,Status update unavailable,
50b6580354ff9cc3fa9c18cc02969391c8fdc59d35a02781ecb508e6573b936f,2019-02,Lancashire Constabulary,Lancashire Constabulary,-2.501005,53.735226,On or near Parkinson Street,E01012625,Blackburn with Darwen 009F,Other theft,Status update unavailable,
ccf848dd8a1e1587814db564cc906751f06b8a0faf624d2d7c0fb322fdca7c91,2019-02,Lancashire Constabulary,Lancashire Constabulary,-2.502967,53.737042,On or near Queen Victoria Street,E01012625,Blackburn with Darwen 009F,Violence and sexual offences,Unable to prosecute suspect,
f898856b7fab688c14987a5c233388712d6dd7d7720346464815c8525c703333,2019-02,Lancashire Constabulary,Lancashire Constabulary,-2.508640,53.734834,On or near Speedwell Street,E01012625,Blackburn with Darwen 009F,Violence and sexual offences,Status update unavailable,
3c0d5ee5dc5ce4d0149d7903515f268764149dbaea5c2930451d3b31cd5f932b,2019-02,Lancashire Constabulary,Lancashire Constabulary,-2.509509,53.733958,On or near Bonsall Street,E01012625,Blackburn with Darwen 009F,Violence and sexual offences,Status update unavailable,
b7d68ca44aa024533f253a599fdba0c195b10c765ff4e83d26a8d172a19b3534,2019-02,Lancashire Constabulary,Lancashire Constabulary,-2.506784,53.734240,On or near Bonsall Street,E01012625,Blackburn with Darwen 009F,Violence and sexual offences,Status update unavailable,
9df362aee9b07a65df7fe7adc1b2182be02be55cc558f101a43118fd71e8450c,2019-02,Lancashire Constabulary,Lancashire Constabulary,-2.502967,53.737042,On or near Queen Victoria Street,E01012625,Blackburn with Darwen 009F,Violence and sexual offences,Unable to prosecute suspect,
3692c3aaa5cd9c3ae6391a6698abe4603e19a25f36bf711a80f551a843e8779e,2019-02,Lancashire Constabulary,Lancashire Constabulary,-2.509509,53.733958,On or near Bonsall Street,E01012625,Blackburn with Darwen 009F,Violence and sexual offences,Unable to prosecute suspect,
b1f19ff47f359d8f2ca365521f59e37f0c1c87b391f4e8a0e1eecf38090d4a30,2019-02,Lancashire Constabulary,Lancashire Constabulary,-2.508640,53.734834,On or near Speedwell Street,E01012625,Blackburn with Darwen 009F,Violence and sexual offences,Unable to prosecute suspect,
6d7a92bf332935c5eee10415ba89b6d1269edfd7ecdc11b8ef37527b317778e9,2019-02,Lancashire Constabulary,Lancashire Constabulary,-2.509509,53.733958,On or near Bonsall Street,E01012625,Blackburn with Darwen 009F,Violence and sexual offences,Unable to prosecute suspect,
6783e36fa46e98069466ae8cd7d10bb9fed95a80cee3447aae56c1f9dd205f01,2019-02,Lancashire Constabulary,Lancashire Constabulary,-2.508640,53.734834,On or near Speedwell Street,E01012625,Blackburn with Darwen 009F,Violence and sexual offences,Unable to prosecute suspect,
01b738961994606fb11ba954d3a5c6b901264ee7cb74c335b47aaa65f8127824,2019-02,Lancashire Constabulary,Lancashire Constabulary,-2.506784,53.734240,On or near Bonsall Street,E01012625,Blackburn with Darwen 009F,Violence and sexual offences,Status update unavailable,
188c7974cfeb7a181e743c0b6c49348dc821d9560719b068f062c810ce09ce87,2019-02,Lancashire Constabulary,Lancashire Constabulary,-2.509509,53.733958,On or near Bonsall Street,E01012625,Blackburn with Darwen 009F,Violence and sexual offences,Status update unavailable,
984015ae8d22cbe9546735137089dc81bb739cb4fea71844b98dbdc3bf5befb0,2019-02,Lancashire Constabulary,Lancashire Constabulary,-2.508640,53.734834,On or near Speedwell Street,E01012625,Blackburn with Darwen 009F,Violence and sexual offences,Status update unavailable,
9266aeebe7b6c6c149b8ea3bfdbf35963ba2b501fa4c7c1602c44af1dc7d383d,2019-02,Lancashire Constabulary,Lancashire Constabulary,-2.502967,53.737042,On or near Queen Victoria Street,E01012625,Blackburn with Darwen 009F,Violence and sexual offences,Awaiting court outcome,
,2019-02,Lancashire Constabulary,Lancashire Constabulary,-2.511327,53.751352,On or near Buncer Lane,E01012584,Blackburn with Darwen 010A,Anti-social behaviour,,
,2019-02,Lancashire Constabulary,Lancashire Constabulary,-2.513247,53.754606,On or near Scarr Lane,E01012584,Blackburn with Darwen 010A,Anti-social behaviour,,
324b45593fb44d93384ce9c7bfac7518e7841c1c9033b3c55dc6fb7522b624d3,2019-02,Lancashire Constabulary,Lancashire Constabulary,-2.526952,53.749307,On or near Killiard Lane,E01012584,Blackburn with Darwen 010A,Burglary,Status update unavailable,
5c01d21f4cd74996e008fdad012c834e2a621a89319cec739ed5f0b7afb84f4f,2019-02,Lancashire Constabulary,Lancashire Constabulary,-2.513247,53.754606,On or near Scarr Lane,E01012584,Blackburn with Darwen 010A,Burglary,Status update unavailable,
5baa8528294e495ec83d5cd79feb23c060b4a5ba6e5d08a6fcf97748ebe2b0d7,2019-02,Lancashire Constabulary,Lancashire Constabulary,-2.518669,53.752758,On or near Carrs Wood,E01012584,Blackburn with Darwen 010A,Burglary,Status update unavailable,
0d2045c47246c1de656fdae837f617308963be3d2572d502217ca7e1baf86adf,2019-02,Lancashire Constabulary,Lancashire Constabulary,-2.511327,53.751352,On or near Buncer Lane,E01012584,Blackburn with Darwen 010A,Public order,Status update unavailable,
075e1c31cf4937770c01a8d71ce14b503325dc2b0478a3d9b82c364155218144,2019-02,Lancashire Constabulary,Lancashire Constabulary,-2.520743,53.760982,On or near Yew Tree Drive,E01012584,Blackburn with Darwen 010A,Robbery,Status update unavailable,
2f3151ef4586a0977701444428e403bf3e418c5e1f2dbc09ba70db037677ee09,2019-02,Lancashire Constabulary,Lancashire Constabulary,-2.511771,53.756662,On or near Beardwood Drive,E01012584,Blackburn with Darwen 010A,Vehicle crime,Status update unavailable,
c8f98f2fdb63bd6f4aa4e6ae469a89175c5dcdeae39008339712dcb68aeda50d,2019-02,Lancashire Constabulary,Lancashire Constabulary,-2.520743,53.760982,On or near Yew Tree Drive,E01012584,Blackburn with Darwen 010A,Vehicle crime,Status update unavailable,
407262052b6dc6617d98fcce61bc6ededda7ff8e5135b76f8e56717f23144039,2019-02,Lancashire Constabulary,Lancashire Constabulary,-2.509703,53.754954,On or near Wycollar Road,E01012584,Blackburn with Darwen 010A,Vehicle crime,Status update unavailable,
6879f4652505f65a3829e45b16e0e53add04a34ab4a3a9230d9c704174592953,2019-02,Lancashire Constabulary,Lancashire Constabulary,-2.514338,53.761954,On or near The Hedgerow,E01012584,Blackburn with Darwen 010A,Violence and sexual offences,Further investigation is not in the public interest,
,2019-02,Lancashire Constabulary,Lancashire Constabulary,-2.507287,53.715614,On or near Tockholes Road,E01012609,Blackburn with Darwen 010B,Anti-social behaviour,,
cb82d5bd89b6af8f242e88aacb6053f4fe0c4cda4c812c46cca468027c85817e,2019-02,Lancashire Constabulary,Lancashire Constabulary,-2.531662,53.723598,On or near Langdale Road,E01012609,Blackburn with Darwen 010B,Other theft,Status update unavailable,
fd4428ff961854063fe2da7a078c4e964160ad50c5126baa20d117a2437ba00f,2019-02,Lancashire Constabulary,Lancashire Constabulary,-2.538788,53.716699,On or near Park/Open Space,E01012609,Blackburn with Darwen 010B,Public order,Unable to prosecute suspect,
4a4907edd6732cd0dfe62d004a253446bca6b58962164a2206aa24edf1b88eb5,2019-02,Lancashire Constabulary,Lancashire Constabulary,-2.534206,53.727029,On or near Feilden Place,E01012609,Blackburn with Darwen 010B,Vehicle crime,Awaiting court outcome,
026e8111b0318c259e068395175fcfd28f3ed29a910d4b7f76f80669cd9ce341,2019-02,Lancashire Constabulary,Lancashire Constabulary,-2.534206,53.727029,On or near Feilden Place,E01012609,Blackburn with Darwen 010B,Vehicle crime,Status update unavailable,
39507fa1acca60101cd5b51970753ef45ee63249ebe3e876182f196162e36ac9,2019-02,Lancashire Constabulary,Lancashire Constabulary,-2.534336,53.722957,On or near Wharfedale Close,E01012610,Blackburn with Darwen 010C,Burglary,Status update unavailable,
2ef651ac529ef6f1bcbf1945cd7395e321ef4fef6d6c2e110055fcb426d7108d,2019-02,Lancashire Constabulary,Lancashire Constabulary,-2.537776,53.722950,On or near Moorland Avenue,E01012610,Blackburn with Darwen 010C,Criminal damage and arson,Status update unavailable,
94b1f1c504a5e213105e4aa60103af2d24e523c1eaccc5cefd56ee989db8dea3,2019-02,Lancashire Constabulary,Lancashire Constabulary,-2.534732,53.726676,On or near Eclipse Road,E01012610,Blackburn with Darwen 010C,Vehicle crime,Status update unavailable,
d7e6317be1aaab4df7b5a6abceacf61c01cca3a1bbad668c88a3d9e4defbb8e4,2019-02,Lancashire Constabulary,Lancashire Constabulary,-2.538347,53.722552,On or near Princess Gardens,E01012610,Blackburn with Darwen 010C,Vehicle crime,Status update unavailable,
578ede0dc3a320bb0c06783cbc8665fbaf94eed0c6a4fbfcc8e6d413c4ae0207,2019-02,Lancashire Constabulary,Lancashire Constabulary,-2.533311,53.725757,On or near Park/Open Space,E01012610,Blackburn with Darwen 010C,Vehicle crime,Status update unavailable,
a54d92b0dc3f2aa21187a1a925e67978768f2203222af3df94a5497eaaa2bcf9,2019-02,Lancashire Constabulary,Lancashire Constabulary,-2.537729,53.725171,On or near Larkspur Close,E01012610,Blackburn with Darwen 010C,Violence and sexual offences,Status update unavailable,
8f513c49f0bb089a7170e4967e2b72baff83dd3c0bb8ca0dd79b7748b766e07a,2019-02,Lancashire Constabulary,Lancashire Constabulary,-2.535396,53.727662,On or near Petrol Station,E01012611,Blackburn with Darwen 010D,Other theft,Status update unavailable,
405755841eabe48c8475f165e0d44be354ed17b65e232994c8f5da138e37b250,2019-02,Lancashire Constabulary,Lancashire Constabulary,-2.535396,53.727662,On or near Petrol Station,E01012611,Blackburn with Darwen 010D,Other theft,Status update unavailable,
8a29dc325d4cab96c73dd5201c4202b2bca533acbd8935f73cc1db4acd0ffee5,2019-02,Lancashire Constabulary,Lancashire Constabulary,-2.535396,53.727662,On or near Petrol Station,E01012611,Blackburn with Darwen 010D,Other theft,Status update unavailable,
5b48a12357614839d44f4b6f000c03eae3bbb99ae6c818effe69f503e4f72aec,2019-02,Lancashire Constabulary,Lancashire Constabulary,-2.535396,53.727662,On or near Petrol Station,E01012611,Blackburn with Darwen 010D,Other theft,Status update unavailable,
a3eec857fbffc97dc179fdf47ff5de4942f33592ba8f5f6c0b81e225bb604a9b,2019-02,Lancashire Constabulary,Lancashire Constabulary,-2.535396,53.727662,On or near Petrol Station,E01012611,Blackburn with Darwen 010D,Other theft,Status update unavailable,
93e999bb8c47a80073179907989434a829ac3484c7ae7084b804f8faec5630bd,2019-02,Lancashire Constabulary,Lancashire Constabulary,-2.535396,53.727662,On or near Petrol Station,E01012611,Blackburn with Darwen 010D,Shoplifting,Status update unavailable,
656ffa1985136d13dae2b450706b01a555259434ae4bf90ee4abb929d5b96a34,2019-02,Lancashire Constabulary,Lancashire Constabulary,-2.538604,53.727216,On or near Sutton Street,E01012611,Blackburn with Darwen 010D,Violence and sexual offences,Status update unavailable,
424d7f6feeb3a938f94b644902cda8c11ecdf33139d959eb5c6ef947696e862c,2019-02,Lancashire Constabulary,Lancashire Constabulary,-2.542709,53.729399,On or near Enoch Brow,E01012611,Blackburn with Darwen 010D,Violence and sexual offences,Status update unavailable,
d016bb5a68826c1e905b0c20c82bb732ce6331fab4cfc4163c2f0dcded4099e1,2019-02,Lancashire Constabulary,Lancashire Constabulary,-2.519568,53.733448,On or near Wood View,E01012611,Blackburn with Darwen 010D,Violence and sexual offences,Status update unavailable,
f0852c9b115211815b81e581661b1ce1aa561889acca6418b1793f27e1b0286d,2019-02,Lancashire Constabulary,Lancashire Constabulary,-2.530458,53.729050,On or near Sunnyside Avenue,E01012612,Blackburn with Darwen 010E,Other theft,Status update unavailable,
6dafa041b642fd89da603a7c333bfb840349090ccecb9ad032293a5999ec7eb0,2019-02,Lancashire Constabulary,Lancashire Constabulary,-2.527104,53.731159,On or near Livesey Hall Close,E01012612,Blackburn with Darwen 010E,Vehicle crime,Status update unavailable,
f11aa292163a962ae188536254a8a02ece6722e0df0352651778289872d534fb,2019-02,Lancashire Constabulary,Lancashire Constabulary,-2.527104,53.731159,On or near Livesey Hall Close,E01012612,Blackburn with Darwen 010E,Vehicle crime,Status update unavailable,
8cb313bf3d53787291a97a477daad121a30b1f3bc9f64d283ee2b753222e0b10,2019-02,Lancashire Constabulary,Lancashire Constabulary,-2.528857,53.729542,On or near Springfield Avenue,E01012612,Blackburn with Darwen 010E,Vehicle crime,Status update unavailable,
,2019-02,Lancashire Constabulary,Lancashire Constabulary,-2.519468,53.730213,On or near Solway Avenue,E01012613,Blackburn with Darwen 010F,Anti-social behaviour,,
,2019-02,Lancashire Constabulary,Lancashire Constabulary,-2.517269,53.731346,On or near Nook Lane,E01012613,Blackburn with Darwen 010F,Anti-social behaviour,,
d93055a0438f75e2bd97c00c6bfd74f6e6252dbe7196121a23b5f2063d8dbfb4,2019-02,Lancashire Constabulary,Lancashire Constabulary,-2.519375,53.727579,On or near Larch Close,E01012613,Blackburn with Darwen 010F,Public order,Status update unavailable,
716bcff9db6cae605a7ef3ebebdf32b1d61f730ac46db5259321bd99417d578f,2019-02,Lancashire Constabulary,Lancashire Constabulary,-2.521194,53.726403,On or near Holly Tree Way,E01012613,Blackburn with Darwen 010F,Vehicle crime,Status update unavailable,
b53c920c9d8ae8e2e09c255084b1df3b4a029f6376421a36e577c5a18f9a5c9c,2019-02,Lancashire Constabulary,Lancashire Constabulary,-2.519375,53.727579,On or near Larch Close,E01012613,Blackburn with Darwen 010F,Violence and sexual offences,Status update unavailable,
7fd8ae14d4dd9dcb09789219f005c4f2667401303e4e13b5169909c3dc02ee20,2019-02,Lancashire Constabulary,Lancashire Constabulary,-2.519375,53.727579,On or near Larch Close,E01012613,Blackburn with Darwen 010F,Violence and sexual offences,Unable to prosecute suspect,
3b89a2c184f59bdccca02876b373e6d01b88121bc9cdf9f91a0058c5c5e496b7,2019-02,Lancashire Constabulary,Lancashire Constabulary,-2.519375,53.727579,On or near Larch Close,E01012613,Blackburn with Darwen 010F,Violence and sexual offences,Unable to prosecute suspect,
,2019-02,Lancashire Constabulary,Lancashire Constabulary,-2.476555,53.735397,On or near Park Lee Road,E01012600,Blackburn with Darwen 011A,Anti-social behaviour,,
,2019-02,Lancashire Constabulary,Lancashire Constabulary,-2.485336,53.731803,On or near Sunny Bank Road,E01012600,Blackburn with Darwen 011A,Anti-social behaviour,,
,2019-02,Lancashire Constabulary,Lancashire Constabulary,-2.482627,53.732137,On or near Snaefell Road,E01012600,Blackburn with Darwen 011A,Anti-social behaviour,,
cfc3f2b1e879009ecf5927ff4907b922ea5a2fd53de22e4de4699476518b0e7c,2019-02,Lancashire Constabulary,Lancashire Constabulary,-2.484800,53.732659,On or near Onchan Road,E01012600,Blackburn with Darwen 011A,Criminal damage and arson,Status update unavailable,
9aa69ee6d214be71076d3beefa8a97b6afd628c47f975393b8f2a51d58ab79d7,2019-02,Lancashire Constabulary,Lancashire Constabulary,-2.486914,53.733271,On or near Abbotsford Avenue,E01012600,Blackburn with Darwen 011A,Criminal damage and arson,Status update unavailable,
89612c1850268770b2e0c9ba49489be857e2f017625a1c64d132a6296629cb64,2019-02,Lancashire Constabulary,Lancashire Constabulary,-2.484800,53.732659,On or near Onchan Road,E01012600,Blackburn with Darwen 011A,Criminal damage and arson,Status update unavailable,
eec0856da21ecc3634254e217ad729eb2c524944af0a0f0adecb55462f786398,2019-02,Lancashire Constabulary,Lancashire Constabulary,-2.482808,53.729449,On or near Crosby Road,E01012600,Blackburn with Darwen 011A,Criminal damage and arson,Status update unavailable,
dc72db8a87db1c9b8f4bb513740b5194f4e3721eae4ce6706cc33a09d9a76fdb,2019-02,Lancashire Constabulary,Lancashire Constabulary,-2.485608,53.733033,On or near Sulby Road,E01012600,Blackburn with Darwen 011A,Criminal damage and arson,Status update unavailable,
9bc45021948f9aa1a5534842a58693ea8a114a0f27741b1ccd8e42b8dde84707,2019-02,Lancashire Constabulary,Lancashire Constabulary,-2.483721,53.728385,On or near Peel Close,E01012600,Blackburn with Darwen 011A,Other theft,Unable to prosecute suspect,
01ab5eaff9a4bef86e18831839e2699d8f9a8c87fcb1fdeb18131ddf2f2b6502,2019-02,Lancashire Constabulary,Lancashire Constabulary,-2.482627,53.732137,On or near Snaefell Road,E01012600,Blackburn with Darwen 011A,Other theft,Status update unavailable,
7595ff3cdefefa72e1bc0790e602558020d1b7b94aa6bb6e904060a2bf644e62,2019-02,Lancashire Constabulary,Lancashire Constabulary,-2.480375,53.731418,On or near Bradda Road,E01012600,Blackburn with Darwen 011A,Vehicle crime,Status update unavailable,
a6a3bd9ae345e9a47ab4c7a6219b39d31a434b189ea19409db0d634a843bc26a,2019-02,Lancashire Constabulary,Lancashire Constabulary,-2.486500,53.732832,On or near Ramsey Road,E01012600,Blackburn with Darwen 011A,Vehicle crime,Status update unavailable,
87410f846022710c4bc458b74f86d926037c2b3154919f698f24fc75aed84718,2019-02,Lancashire Constabulary,Lancashire Constabulary,-2.480375,53.731418,On or near Bradda Road,E01012600,Blackburn with Darwen 011A,Vehicle crime,Status update unavailable,
0980ed69b82b9dfe3543cc0b36b87d1cc3e705d14d6e34a434df141d5a343a66,2019-02,Lancashire Constabulary,Lancashire Constabulary,-2.482808,53.729449,On or near Crosby Road,E01012600,Blackburn with Darwen 011A,Violence and sexual offences,Unable to prosecute suspect,
676cc00f6dde7452913ba04bdf9ddf20c08b43b39506076f8d857d703b9b0227,2019-02,Lancashire Constabulary,Lancashire Constabulary,-2.482808,53.729449,On or near Crosby Road,E01012600,Blackburn with Darwen 011A,Violence and sexual offences,Offender given a caution,
,2019-02,Lancashire Constabulary,Lancashire Constabulary,-2.477031,53.726614,On or near Holmbrook Close,E01012601,Blackburn with Darwen 011B,Anti-social behaviour,,
,2019-02,Lancashire Constabulary,Lancashire Constabulary,-2.477743,53.727906,On or near Formby Close,E01012601,Blackburn with Darwen 011B,Anti-social behaviour,,
,2019-02,Lancashire Constabulary,Lancashire Constabulary,-2.477031,53.726614,On or near Holmbrook Close,E01012601,Blackburn with Darwen 011B,Anti-social behaviour,,
,2019-02,Lancashire Constabulary,Lancashire Constabulary,-2.477031,53.726614,On or near Holmbrook Close,E01012601,Blackburn with Darwen 011B,Anti-social behaviour,,
1f6464707e6704112b243d65431aea667c2e21c94dc1077c956e7ce4cba2b502,2019-02,Lancashire Constabulary,Lancashire Constabulary,-2.479965,53.730018,On or near Rossall Terrace,E01012601,Blackburn with Darwen 011B,Burglary,Status update unavailable,
267309a36393deab98191f3905f881af3f90e15bb45adb1bb368fbb7c8cd95a8,2019-02,Lancashire Constabulary,Lancashire Constabulary,-2.471320,53.732227,On or near Whitby Drive,E01012601,Blackburn with Darwen 011B,Burglary,Status update unavailable,
e6e98d17dcaf2899c3c59e8a1fbf8be9d10d89956bdd6ef28dd337d10f5ef3db,2019-02,Lancashire Constabulary,Lancashire Constabulary,-2.479965,53.730018,On or near Rossall Terrace,E01012601,Blackburn with Darwen 011B,Burglary,Status update unavailable,
deea61fc390ba223dc46a38f9e898107909216fb3826973d32d9f2fc66b8b7cb,2019-02,Lancashire Constabulary,Lancashire Constabulary,-2.480932,53.729780,On or near Ansdell Terrace,E01012601,Blackburn with Darwen 011B,Criminal damage and arson,Unable to prosecute suspect,
30d07d9ac36254d988a0f38d72c856148b568a78ca215f2293a3ad7a6faeb0ae,2019-02,Lancashire Constabulary,Lancashire Constabulary,-2.477743,53.727906,On or near Formby Close,E01012601,Blackburn with Darwen 011B,Criminal damage and arson,Formal action is not in the public interest,
e394cd2f36c1b761190fce23beb516e2a23a22d0e2549c28ce43c2bfd3ddadaf,2019-02,Lancashire Constabulary,Lancashire Constabulary,-2.479965,53.730018,On or near Rossall Terrace,E01012601,Blackburn with Darwen 011B,Criminal damage and arson,Status update unavailable,
b6add9278150dfc66b7c0fd695ad73e838736c26eedaa12e76803e77d879a245,2019-02,Lancashire Constabulary,Lancashire Constabulary,-2.477031,53.726614,On or near Holmbrook Close,E01012601,Blackburn with Darwen 011B,Criminal damage and arson,Status update unavailable,
b74238dcb5101ab640eafb67997c88481c7dd48fb56be610a2cda72ecb140293,2019-02,Lancashire Constabulary,Lancashire Constabulary,-2.472739,53.731691,On or near Fairhaven Road,E01012601,Blackburn with Darwen 011B,Other theft,Action to be taken by another organisation,
213523f0f8d14372371b3d0a60b2db06f41998ce2afe918e594a6ff6a88184e5,2019-02,Lancashire Constabulary,Lancashire Constabulary,-2.480024,53.732507,On or near Laxey Road,E01012601,Blackburn with Darwen 011B,Other theft,Status update unavailable,
01d9017fd34dc3a6f10137410ffb08af5cc29f41131435b75385abe64a78959b,2019-02,Lancashire Constabulary,Lancashire Constabulary,-2.480024,53.732507,On or near Laxey Road,E01012601,Blackburn with Darwen 011B,Other theft,Status update unavailable,
eb85646280dbb9c2069a1b451df83d462dc5639eed227512aeb20f660cdf768c,2019-02,Lancashire Constabulary,Lancashire Constabulary,-2.471320,53.732227,On or near Whitby Drive,E01012601,Blackburn with Darwen 011B,Violence and sexual offences,Further investigation is not in the public interest,
cfe1b39a1d869f1beb5679926e3f4b0a1cd68b2c6d5fd7a239a934459797ec70,2019-02,Lancashire Constabulary,Lancashire Constabulary,-2.471320,53.732227,On or near Whitby Drive,E01012601,Blackburn with Darwen 011B,Violence and sexual offences,Status update unavailable,
f0d0ba183115d117276a481365ce937cb716bb31fd6983cf25f4ca378cd79446,2019-02,Lancashire Constabulary,Lancashire Constabulary,-2.475758,53.727940,On or near Silverdale Close,E01012601,Blackburn with Darwen 011B,Violence and sexual offences,Unable to prosecute suspect,
d5d874d490ee967ac77a746178bc2d133e14603e0b4b95cf77d44428b21d0b4a,2019-02,Lancashire Constabulary,Lancashire Constabulary,-2.475758,53.727940,On or near Silverdale Close,E01012601,Blackburn with Darwen 011B,Violence and sexual offences,Status update unavailable,
181f85b1235da4887eb31e38ba08ebc3f65eef8238439e35f3b455d67b2233d8,2019-02,Lancashire Constabulary,Lancashire Constabulary,-2.475758,53.727940,On or near Silverdale Close,E01012601,Blackburn with Darwen 011B,Violence and sexual offences,Unable to prosecute suspect,
a5b7784bb4ac6a37392e37828ecdd46f5169c7f6932844cf24e74724fcaffe93,2019-02,Lancashire Constabulary,Lancashire Constabulary,-2.477031,53.726614,On or near Holmbrook Close,E01012601,Blackburn with Darwen 011B,Violence and sexual offences,Further investigation is not in the public interest,
11d51ec3de564542ca32119d88f3c4ad4f86c8e7fca6f914b646bb1bd60711c0,2019-02,Lancashire Constabulary,Lancashire Constabulary,-2.466013,53.721103,On or near Delphinium Way,E01012602,Blackburn with Darwen 011C,Criminal damage and arson,Status update unavailable,
9399d761bb2802edcf62a604c8f61115ffd480730bbc59a272166059c07fb303,2019-02,Lancashire Constabulary,Lancashire Constabulary,-2.463443,53.723072,On or near Wisteria Drive,E01012602,Blackburn with Darwen 011C,Criminal damage and arson,Status update unavailable,
245a36f46ef68e58122837adb84f7e9b22b8f7c37ed4215c52599c75e73f1f92,2019-02,Lancashire Constabulary,Lancashire Constabulary,-2.470168,53.722767,On or near Store Street,E01012602,Blackburn with Darwen 011C,Vehicle crime,Status update unavailable,
fecb50c6d1132a4955c97a425a59bbb54958e9cf5ebfae18146e072e7ffd1971,2019-02,Lancashire Constabulary,Lancashire Constabulary,-2.465444,53.721743,On or near Primula Drive,E01012602,Blackburn with Darwen 011C,Vehicle crime,Status update unavailable,
a58c8ae7ee4a842e362390095bf29789ff408e3fb88a05c78f477174bbe32a2f,2019-02,Lancashire Constabulary,Lancashire Constabulary,-2.472809,53.725840,On or near Higher Croft Road,E01012602,Blackburn with Darwen 011C,Vehicle crime,Status update unavailable,
c7da097784d71fab4b6fc50637356290bb6c38fc732989581b015bb5d629569a,2019-02,Lancashire Constabulary,Lancashire Constabulary,-2.467724,53.722390,On or near Begonia View,E01012602,Blackburn with Darwen 011C,Violence and sexual offences,Unable to prosecute suspect,
cce676afee57c54e941ce7cc32aaee4d6248d219e0b3b91f73bd0c65106fe4d6,2019-02,Lancashire Constabulary,Lancashire Constabulary,-2.472809,53.725840,On or near Higher Croft Road,E01012602,Blackburn with Darwen 011C,Violence and sexual offences,Unable to prosecute suspect,
9d1981f563e667b7a4dc1efec7c85b2d163d8eafb832235f57b72248f673e95a,2019-02,Lancashire Constabulary,Lancashire Constabulary,-2.467724,53.722390,On or near Begonia View,E01012602,Blackburn with Darwen 011C,Violence and sexual offences,Unable to prosecute suspect,
,2019-02,Lancashire Constabulary,Lancashire Constabulary,-2.467272,53.728082,On or near Silbury Close,E01012603,Blackburn with Darwen 011D,Anti-social behaviour,,
,2019-02,Lancashire Constabulary,Lancashire Constabulary,-2.467874,53.730461,On or near Ulverston Close,E01012603,Blackburn with Darwen 011D,Anti-social behaviour,,
,2019-02,Lancashire Constabulary,Lancashire Constabulary,-2.469718,53.727254,On or near Leopold Way,E01012603,Blackburn with Darwen 011D,Anti-social behaviour,,
,2019-02,Lancashire Constabulary,Lancashire Constabulary,-2.468430,53.731340,On or near Carnforth Close,E01012603,Blackburn with Darwen 011D,Anti-social behaviour,,
15085978a14fcdf35837b67243f26b3f34598ba4144ce17e98cbc40abc5a0225,2019-02,Lancashire Constabulary,Lancashire Constabulary,-2.464855,53.727435,On or near Beechwood Mews,E01012603,Blackburn with Darwen 011D,Burglary,Status update unavailable,
6126f9b72ae54b40203359ef4a01f0c46ca4080846262cd3be67f9d985132791,2019-02,Lancashire Constabulary,Lancashire Constabulary,-2.474916,53.728546,On or near Flimby Close,E01012603,Blackburn with Darwen 011D,Other theft,Unable to prosecute suspect,
454ed62cdd4ae962d1658d2181b8b1a5eb3e8969987d271513d128e4ef27d10d,2019-02,Lancashire Constabulary,Lancashire Constabulary,-2.469718,53.727254,On or near Leopold Way,E01012603,Blackburn with Darwen 011D,Other theft,Status update unavailable,
14590ff19d955ff32d5880e15361f255edfdb1bee0aaa1783bbf69ab8280571f,2019-02,Lancashire Constabulary,Lancashire Constabulary,-2.469127,53.729980,On or near Ravenglass Close,E01012603,Blackburn with Darwen 011D,Other theft,Status update unavailable,
e3eafa3f72758dc2d52b0c9143ea0ddcc5d15bd177e752dba91f4d92f42f1fe5,2019-02,Lancashire Constabulary,Lancashire Constabulary,-2.468065,53.725805,On or near Ermine Close,E01012603,Blackburn with Darwen 011D,Vehicle crime,Status update unavailable,
850e5e9a534006ff5e3967f21091b2b3d0694a6580540e86aa001c448ea2a13c,2019-02,Lancashire Constabulary,Lancashire Constabulary,-2.465965,53.727754,On or near Britwell Close,E01012603,Blackburn with Darwen 011D,Vehicle crime,Status update unavailable,
56b24e4f2d7ca43ef3c48a9d9bd0a6303797c440eca49b1924e764f804877d6f,2019-02,Lancashire Constabulary,Lancashire Constabulary,-2.469127,53.729980,On or near Ravenglass Close,E01012603,Blackburn with Darwen 011D,Violence and sexual offences,Unable to prosecute suspect,
4f4c157b7853fdb72ba10da2f9e5e6ef65b5f97af5e1c54fb9986f1de53c9cb5,2019-02,Lancashire Constabulary,Lancashire Constabulary,-2.467874,53.730461,On or near Ulverston Close,E01012603,Blackburn with Darwen 011D,Violence and sexual offences,Unable to prosecute suspect,
45b660cc781b7ec9ff26f1009d70f9d6e30730ea0ed8d13bd36426ce00644918,2019-02,Lancashire Constabulary,Lancashire Constabulary,-2.467144,53.728810,On or near Bishopstone Close,E01012603,Blackburn with Darwen 011D,Violence and sexual offences,Unable to prosecute suspect,
5754f97ba45c2ad8431cc143bd81b7cce10d07864332b1498c8844fb0e886bfe,2019-02,Lancashire Constabulary,Lancashire Constabulary,-2.469127,53.729980,On or near Ravenglass Close,E01012603,Blackburn with Darwen 011D,Violence and sexual offences,Status update unavailable,
06d3976001aee54f9841c7f7f9b252e39d0548a9a4472c4a5c46745c963b2adc,2019-02,Lancashire Constabulary,Lancashire Constabulary,-2.469127,53.729980,On or near Ravenglass Close,E01012603,Blackburn with Darwen 011D,Violence and sexual offences,Status update unavailable,
89acd78d507996e66829311b0ca1fd3989b4ab28814937b87bae7b087b0c9df8,2019-02,Lancashire Constabulary,Lancashire Constabulary,-2.475936,53.731571,On or near Manxman Road,E01012604,Blackburn with Darwen 011E,Burglary,Status update unavailable,
97fbce4fd80d95b2cbb6889649c98d175d8d2d87f0672452b44ac54400d4a3b1,2019-02,Lancashire Constabulary,Lancashire Constabulary,-2.469901,53.732745,On or near Scarborough Road,E01012604,Blackburn with Darwen 011E,Criminal damage and arson,Status update unavailable,
ff5c5668981e8e91a853c22c6009ac240f64d8b91f62ec111edddf2038158731,2019-02,Lancashire Constabulary,Lancashire Constabulary,-2.469901,53.732745,On or near Scarborough Road,E01012604,Blackburn with Darwen 011E,Criminal damage and arson,Status update unavailable,
e33c7ed5ff40eb5a8ff42d68763c679b6682dcbb0383567efc8ed11f757f558d,2019-02,Lancashire Constabulary,Lancashire Constabulary,-2.471222,53.734313,On or near Sports/Recreation Area,E01012604,Blackburn with Darwen 011E,Public order,Status update unavailable,
e6592e479488ea9f5017f3f55304d09c122214428b8dce51f880d54ecdf3c9b5,2019-02,Lancashire Constabulary,Lancashire Constabulary,-2.469667,53.734912,On or near Observatory Road,E01012604,Blackburn with Darwen 011E,Shoplifting,Status update unavailable,
241627551d1cddaf975383f560893edef1ca26f884e4597f3231bf75a2e070be,2019-02,Lancashire Constabulary,Lancashire Constabulary,-2.469901,53.732745,On or near Scarborough Road,E01012604,Blackburn with Darwen 011E,Vehicle crime,Status update unavailable,
4b797dc71633513fd039fda71e48f8061caea81469994a7c48d9760c0d5b6601,2019-02,Lancashire Constabulary,Lancashire Constabulary,-2.475559,53.733082,On or near Sark Gardens,E01012604,Blackburn with Darwen 011E,Vehicle crime,Status update unavailable,
920d5f800aade23be7a88812c22721dc6c4b5e5c61294dc26603368085a50225,2019-02,Lancashire Constabulary,Lancashire Constabulary,-2.475559,53.733082,On or near Sark Gardens,E01012604,Blackburn with Darwen 011E,Vehicle crime,Status update unavailable,
83f7ec459dffb71050d5f58d32a451c3271cd3dc07abb734e9c81d3d3f8db1ba,2019-02,Lancashire Constabulary,Lancashire Constabulary,-2.475936,53.731571,On or near Manxman Road,E01012604,Blackburn with Darwen 011E,Vehicle crime,Status update unavailable,
4a6000f203882a7c41d62e0e951046aecf9fb25e8aa5fa423ac66a70d5b98e00,2019-02,Lancashire Constabulary,Lancashire Constabulary,-2.469901,53.732745,On or near Scarborough Road,E01012604,Blackburn with Darwen 011E,Violence and sexual offences,Unable to prosecute suspect,
c75bda8a4488278b9fc5ac95a677d9d72e7e72e2b73aa6067e4d7d562f73cf74,2019-02,Lancashire Constabulary,Lancashire Constabulary,-2.466281,53.731708,On or near Williams Drive,E01012604,Blackburn with Darwen 011E,Violence and sexual offences,Status update unavailable,
3768356402e08281c18a08a394b98c2563bec2928e615793459f29dfd2f33725,2019-02,Lancashire Constabulary,Lancashire Constabulary,-2.469901,53.732745,On or near Scarborough Road,E01012604,Blackburn with Darwen 011E,Violence and sexual offences,Status update unavailable,
fd29eea5c1f497e80afadd84d05b26cb5fb61d0cc681a3b0eb6b6ec67beb6fab,2019-02,Lancashire Constabulary,Lancashire Constabulary,-2.466427,53.731177,On or near Arnold Close,E01012604,Blackburn with Darwen 011E,Violence and sexual offences,Formal action is not in the public interest,
,2019-02,Lancashire Constabulary,Lancashire Constabulary,-2.466821,53.736613,On or near Hospital,E01012632,Blackburn with Darwen 011F,Anti-social behaviour,,
,2019-02,Lancashire Constabulary,Lancashire Constabulary,-2.457248,53.742987,On or near Sherwood Road,E01012632,Blackburn with Darwen 011F,Anti-social behaviour,,
,2019-02,Lancashire Constabulary,Lancashire Constabulary,-2.456669,53.744094,On or near North Road,E01012632,Blackburn with Darwen 011F,Anti-social behaviour,,
,2019-02,Lancashire Constabulary,Lancashire Constabulary,-2.466821,53.736613,On or near Hospital,E01012632,Blackburn with Darwen 011F,Anti-social behaviour,,
,2019-02,Lancashire Constabulary,Lancashire Constabulary,-2.466821,53.736613,On or near Hospital,E01012632,Blackburn with Darwen 011F,Anti-social behaviour,,
,2019-02,Lancashire Constabulary,Lancashire Constabulary,-2.460797,53.741679,On or near Queen'S Road,E01012632,Blackburn with Darwen 011F,Anti-social behaviour,,
f11ba10c5ed78347ae99564b5ff9ebe5e29783504389804e459602a9ded5c5f6,2019-02,Lancashire Constabulary,Lancashire Constabulary,-2.442467,53.731555,On or near Mercers Way,E01012632,Blackburn with Darwen 011F,Burglary,Status update unavailable,
5c86c8e339757803f76cafa6c09bbb3438e38c1e58f63ed614561375670dc7cf,2019-02,Lancashire Constabulary,Lancashire Constabulary,-2.458432,53.743036,On or near Woodlea Road,E01012632,Blackburn with Darwen 011F,Burglary,Status update unavailable,
cae74624dffb0dc348fe4a97c9870272ab13d4f88cc0602086949a19429ab10c,2019-02,Lancashire Constabulary,Lancashire Constabulary,-2.457779,53.733170,On or near Besant Close,E01012632,Blackburn with Darwen 011F,Drugs,Offender given a caution,
6e4dd1865907140df9bf1b100050a43e03d44d83386efa3be284d1545184447d,2019-02,Lancashire Constabulary,Lancashire Constabulary,-2.457779,53.733170,On or near Besant Close,E01012632,Blackburn with Darwen 011F,Drugs,Status update unavailable,
b5e8c397b35a4243823dbc90ef813d4c6267bd4e3243a7246d7e1738638ed17d,2019-02,Lancashire Constabulary,Lancashire Constabulary,-2.449366,53.728995,On or near Haslingden Road,E01012632,Blackburn with Darwen 011F,Other theft,Status update unavailable,
acb4b1d3bd0af0899bfa13d8ddce0a6e9004e2add83fbc383410344add00cb45,2019-02,Lancashire Constabulary,Lancashire Constabulary,-2.449366,53.728995,On or near Haslingden Road,E01012632,Blackburn with Darwen 011F,Other theft,Status update unavailable,
1b95dc4f31942066b3828202a866db999e3c728621d6c9e6b7096ac480ca0b4f,2019-02,Lancashire Constabulary,Lancashire Constabulary,-2.449366,53.728995,On or near Haslingden Road,E01012632,Blackburn with Darwen 011F,Other theft,Status update unavailable,
d19a35f21eeda444641bc8ab6947878b4d70a2f735258c738dcbbd5227ff0518,2019-02,Lancashire Constabulary,Lancashire Constabulary,-2.454829,53.733801,On or near Sett End Road West,E01012632,Blackburn with Darwen 011F,Other theft,Status update unavailable,
1b3fc7be213a7903d011eb174333d3829538a08482c720560218eee35995e636,2019-02,Lancashire Constabulary,Lancashire Constabulary,-2.462932,53.735909,On or near Old Bank Lane,E01012632,Blackburn with Darwen 011F,Other theft,Status update unavailable,
bafaea76df507afcaf1c99bedc9f3c9f94b09b3faf959f6f9021463ad4a468e7,2019-02,Lancashire Constabulary,Lancashire Constabulary,-2.444866,53.732014,On or near Duttons Way,E01012632,Blackburn with Darwen 011F,Other theft,Status update unavailable,
0bfb7a73c85514177344861b75b83a8c3ce90be6b8b69cbd9bca57875cb29a01,2019-02,Lancashire Constabulary,Lancashire Constabulary,-2.462932,53.735909,On or near Old Bank Lane,E01012632,Blackburn with Darwen 011F,Other theft,Status update unavailable,
d3f7d31a17adf213e29d95a8dd6ff073cfef3e3e6b04a0a514f3579e3ebf41da,2019-02,Lancashire Constabulary,Lancashire Constabulary,-2.449366,53.728995,On or near Haslingden Road,E01012632,Blackburn with Darwen 011F,Other theft,Status update unavailable,
d89f8d03be47a16e46ed1c98d4d6126eb68cd1fa457e774557204339b2edc6bd,2019-02,Lancashire Constabulary,Lancashire Constabulary,-2.462932,53.735909,On or near Old Bank Lane,E01012632,Blackburn with Darwen 011F,Other theft,Status update unavailable,
ca9f597759c6f741d196fbf5a4e157e53efab4812bcb7eaec4b99c53f1ad7277,2019-02,Lancashire Constabulary,Lancashire Constabulary,-2.449366,53.728995,On or near Haslingden Road,E01012632,Blackburn with Darwen 011F,Other theft,Status update unavailable,
34e83fed80004745f17a6307369416f4b0136f69c6da78e58252beada76ad0a5,2019-02,Lancashire Constabulary,Lancashire Constabulary,-2.460628,53.742794,On or near Dorchester Close,E01012632,Blackburn with Darwen 011F,Public order,Status update unavailable,
23ffd337df960356cd5bcea1b8c613d0ebc780acd25534973518531a5f88f7cd,2019-02,Lancashire Constabulary,Lancashire Constabulary,-2.462932,53.735909,On or near Old Bank Lane,E01012632,Blackburn with Darwen 011F,Public order,Status update unavailable,
da79193869abc43ad7675f47b851339da1a8cf88bec14f4bab05a11bad5fb567,2019-02,Lancashire Constabulary,Lancashire Constabulary,-2.462932,53.735909,On or near Old Bank Lane,E01012632,Blackburn with Darwen 011F,Public order,Status update unavailable,
b07dd0497fd248409506263e5749e04fb55c21282901a82b5286b06ca10dfabf,2019-02,Lancashire Constabulary,Lancashire Constabulary,-2.462932,53.735909,On or near Old Bank Lane,E01012632,Blackburn with Darwen 011F,Public order,Status update unavailable,
d0696e4787a4412a292eb61bc773310ebf35abc6558e93a30faef0da55a7aebd,2019-02,Lancashire Constabulary,Lancashire Constabulary,-2.456669,53.744094,On or near North Road,E01012632,Blackburn with Darwen 011F,Public order,Status update unavailable,
c5ccf60b2ae42dcc25c653945d796e3536258bebcc707f113f3378e3a772a5d7,2019-02,Lancashire Constabulary,Lancashire Constabulary,-2.462932,53.735909,On or near Old Bank Lane,E01012632,Blackburn with Darwen 011F,Public order,Unable to prosecute suspect,
7d6b96e6c6709babdff05d236e5667d0d158ba6f25e86f60bb09b6bdb0899e7d,2019-02,Lancashire Constabulary,Lancashire Constabulary,-2.462932,53.735909,On or near Old Bank Lane,E01012632,Blackburn with Darwen 011F,Public order,Status update unavailable,
d08ae491bb7c9f3535af6ea1f144fb8f488092c419d242edcdf6f9689b10971e,2019-02,Lancashire Constabulary,Lancashire Constabulary,-2.449366,53.728995,On or near Haslingden Road,E01012632,Blackburn with Darwen 011F,Shoplifting,Awaiting court outcome,
24c0896981d38a0c3d5dd928d0e0e4bb8f5c20dfb1e1b1f6e2d93dd003ca7bd8,2019-02,Lancashire Constabulary,Lancashire Constabulary,-2.449366,53.728995,On or near Haslingden Road,E01012632,Blackburn with Darwen 011F,Shoplifting,Awaiting court outcome,
74fd453a8e4ba0306e412837b23f4a6b6615834c6a440b2060cb5203a00eca82,2019-02,Lancashire Constabulary,Lancashire Constabulary,-2.462932,53.735909,On or near Old Bank Lane,E01012632,Blackburn with Darwen 011F,Theft from the person,Status update unavailable,
59a236b6f429fca16834f2bfed8f1d035de63bd7701d6a8fe434faa2d33173aa,2019-02,Lancashire Constabulary,Lancashire Constabulary,-2.462932,53.735909,On or near Old Bank Lane,E01012632,Blackburn with Darwen 011F,Vehicle crime,Status update unavailable,
5f2fd62869749a61c526ab257b821e85c369a7bd338e6661b0068a8e2e70f958,2019-02,Lancashire Constabulary,Lancashire Constabulary,-2.462932,53.735909,On or near Old Bank Lane,E01012632,Blackburn with Darwen 011F,Violence and sexual offences,Awaiting court outcome,
b175281bb36db24317e639090f4a3c1be70e2ed8daaeb13d5a0695c42230e180,2019-02,Lancashire Constabulary,Lancashire Constabulary,-2.462932,53.735909,On or near Old Bank Lane,E01012632,Blackburn with Darwen 011F,Violence and sexual offences,Awaiting court outcome,
e1e9e475093c8e57bfd7d56f915fe9988e7a3dc140a19d774c2910560c8e1b43,2019-02,Lancashire Constabulary,Lancashire Constabulary,-2.454829,53.733801,On or near Sett End Road West,E01012632,Blackburn with Darwen 011F,Violence and sexual offences,Unable to prosecute suspect,
63641549216af3e39d5bf47bf3ecfde9b96b05141936d3561a0771159d79ee93,2019-02,Lancashire Constabulary,Lancashire Constabulary,-2.462932,53.735909,On or near Old Bank Lane,E01012632,Blackburn with Darwen 011F,Violence and sexual offences,Awaiting court outcome,
30dd6f8f46d5c0e6c76c7bb8f1a18492917ed2d5c3fb68b99ee91fa5ccdd0611,2019-02,Lancashire Constabulary,Lancashire Constabulary,-2.444866,53.732014,On or near Duttons Way,E01012632,Blackburn with Darwen 011F,Violence and sexual offences,Status update unavailable,
fcd4ba6c47e454c127a93073cb44b2050bfe3213e82d3d1af87854a0136f346f,2019-02,Lancashire Constabulary,Lancashire Constabulary,-2.462932,53.735909,On or near Old Bank Lane,E01012632,Blackburn with Darwen 011F,Violence and sexual offences,Unable to prosecute suspect,
3509cb9415c1f40cbb6dae1059199688721c693f3b74c44f247d179cc057ed7c,2019-02,Lancashire Constabulary,Lancashire Constabulary,-2.462932,53.735909,On or near Old Bank Lane,E01012632,Blackburn with Darwen 011F,Violence and sexual offences,Awaiting court outcome,
6165a92844c0973edd9d03daa905515137bf0743e77d3c6a87289c5a76f9d725,2019-02,Lancashire Constabulary,Lancashire Constabulary,-2.459475,53.742772,On or near Lincoln Road,E01012632,Blackburn with Darwen 011F,Violence and sexual offences,Status update unavailable,
993f8270b87c5c3a1ef85d1d763d518b7165005e2e5d1dc71099d58ea0a9d1b3,2019-02,Lancashire Constabulary,Lancashire Constabulary,-2.446766,53.726713,On or near Spinning Avenue,E01012632,Blackburn with Darwen 011F,Violence and sexual offences,Investigation complete; no suspect identified,
394441d983aa1a120af3654df1dc12e608f22bdb51e9b79bba8c2960a3cc1fae,2019-02,Lancashire Constabulary,Lancashire Constabulary,-2.462932,53.735909,On or near Old Bank Lane,E01012632,Blackburn with Darwen 011F,Violence and sexual offences,Unable to prosecute suspect,
205fc9cd3bad1707a29a17dfa48e661ca76d79735f655538676392da8f4fa6e3,2019-02,Lancashire Constabulary,Lancashire Constabulary,-2.462932,53.735909,On or near Old Bank Lane,E01012632,Blackburn with Darwen 011F,Violence and sexual offences,Awaiting court outcome,
3195b4ca6234652ead5217151902a12703d0225d45a1ebeafaea55c5869a0719,2019-02,Lancashire Constabulary,Lancashire Constabulary,-2.462932,53.735909,On or near Old Bank Lane,E01012632,Blackburn with Darwen 011F,Violence and sexual offences,Unable to prosecute suspect,
a3bcb423721b8e7db560c7ad644804141d73c784656be1fadc304a506dd22fb1,2019-02,Lancashire Constabulary,Lancashire Constabulary,-2.459475,53.742772,On or near Lincoln Road,E01012632,Blackburn with Darwen 011F,Violence and sexual offences,Unable to prosecute suspect,
0904e222dab2f25548ad404cf5127dc9b9284dfe29cbbf42bc1d83928e65870a,2019-02,Lancashire Constabulary,Lancashire Constabulary,-2.448765,53.728072,On or near Blackamoor Road,E01012632,Blackburn with Darwen 011F,Violence and sexual offences,Unable to prosecute suspect,
834be411200c6b6259424eaae1df0ae7fce8f8d6b22a508360c4c3d2959c64e2,2019-02,Lancashire Constabulary,Lancashire Constabulary,-2.462932,53.735909,On or near Old Bank Lane,E01012632,Blackburn with Darwen 011F,Violence and sexual offences,Awaiting court outcome,
0024ad373cfeaae8568d687143dfbf487026560e40aad9c57b228049a2044c13,2019-02,Lancashire Constabulary,Lancashire Constabulary,-2.462932,53.735909,On or near Old Bank Lane,E01012632,Blackburn with Darwen 011F,Violence and sexual offences,Status update unavailable,
b3612b21beb9d315c832697aec65686c8dfed60ff225de94512f0612188f471f,2019-02,Lancashire Constabulary,Lancashire Constabulary,-2.462932,53.735909,On or near Old Bank Lane,E01012632,Blackburn with Darwen 011F,Violence and sexual offences,Investigation complete; no suspect identified,
264d9aab99ee5baa7f9fcfeffc803b35fb8f9cffad26910ad4c367689d93a1bc,2019-02,Lancashire Constabulary,Lancashire Constabulary,-2.462932,53.735909,On or near Old Bank Lane,E01012632,Blackburn with Darwen 011F,Violence and sexual offences,Status update unavailable,
2bbe2dcca52dd56f6e90c3dd3818389c3a3673c762cc90889d423b8452982113,2019-02,Lancashire Constabulary,Lancashire Constabulary,-2.457248,53.742987,On or near Sherwood Road,E01012632,Blackburn with Darwen 011F,Violence and sexual offences,Unable to prosecute suspect,
a7551ca6208d9cef7ad56a688f72aaf294d766b2aa6207a05b8b9040e2f1fc38,2019-02,Lancashire Constabulary,Lancashire Constabulary,-2.462932,53.735909,On or near Old Bank Lane,E01012632,Blackburn with Darwen 011F,Violence and sexual offences,Further investigation is not in the public interest,
98536df21896ccf71e1b88379e0043716cf33d80951a6e674a179fbd8eddff22,2019-02,Lancashire Constabulary,Lancashire Constabulary,-2.462932,53.735909,On or near Old Bank Lane,E01012632,Blackburn with Darwen 011F,Violence and sexual offences,Unable to prosecute suspect,
f5f959f853d15b60db25c7a8b21869100f1893c5287a4426c173530c775337b3,2019-02,Lancashire Constabulary,Lancashire Constabulary,-2.459475,53.742772,On or near Lincoln Road,E01012632,Blackburn with Darwen 011F,Violence and sexual offences,Status update unavailable,
c246c8bd9983de117b42546bf71ac52738246eac12103f0ad6de1da597a96942,2019-02,Lancashire Constabulary,Lancashire Constabulary,-2.462932,53.735909,On or near Old Bank Lane,E01012632,Blackburn with Darwen 011F,Violence and sexual offences,Awaiting court outcome,
d029078e08c1fdcf094de07ce94fda8074485be3f4b50911a40542416dc71cb3,2019-02,Lancashire Constabulary,Lancashire Constabulary,-2.462932,53.735909,On or near Old Bank Lane,E01012632,Blackburn with Darwen 011F,Violence and sexual offences,Status update unavailable,
9eda29ef4ee04a07d0f4d15d99fdd9748d71dc8786cc1e280487599ea4b0d84d,2019-02,Lancashire Constabulary,Lancashire Constabulary,-2.462932,53.735909,On or near Old Bank Lane,E01012632,Blackburn with Darwen 011F,Violence and sexual offences,Unable to prosecute suspect,
ece9164080b78ec45c890b95841305f1cb4aa029107dd3b9510e11d5723dc2e5,2019-02,Lancashire Constabulary,Lancashire Constabulary,-2.462932,53.735909,On or near Old Bank Lane,E01012632,Blackburn with Darwen 011F,Violence and sexual offences,Investigation complete; no suspect identified,
13d2c547b2d19f95fb024cd23900e79c7817ac1f0ce634ad1e2b9ca9c71e2a65,2019-02,Lancashire Constabulary,Lancashire Constabulary,-2.462932,53.735909,On or near Old Bank Lane,E01012632,Blackburn with Darwen 011F,Violence and sexual offences,Further investigation is not in the public interest,
012db5e6667e284db1d3ef6f5803496d58ac24bafa735f673238ad6a527d87a8,2019-02,Lancashire Constabulary,Lancashire Constabulary,-2.462932,53.735909,On or near Old Bank Lane,E01012632,Blackburn with Darwen 011F,Violence and sexual offences,Status update unavailable,
5988c355afe43381b4d4311a62e6ab654003f8b5bb2185fcc02057a941dd9586,2019-02,Lancashire Constabulary,Lancashire Constabulary,-2.462932,53.735909,On or near Old Bank Lane,E01012632,Blackburn with Darwen 011F,Violence and sexual offences,Awaiting court outcome,
3d036a895d3055cada0007f65f5656b46a57255a3396ef1451fa9ebdab5a80be,2019-02,Lancashire Constabulary,Lancashire Constabulary,-2.462932,53.735909,On or near Old Bank Lane,E01012632,Blackburn with Darwen 011F,Violence and sexual offences,Status update unavailable,
e81b59abb09378f91d121b8777c3831a4253ad0743a23c3d8f1d10e5ea683dca,2019-02,Lancashire Constabulary,Lancashire Constabulary,-2.462932,53.735909,On or near Old Bank Lane,E01012632,Blackburn with Darwen 011F,Violence and sexual offences,Status update unavailable,
f95df7dcae8295245029ca7e13be144913edea643902f5104e64f751dc9689a7,2019-02,Lancashire Constabulary,Lancashire Constabulary,-2.462932,53.735909,On or near Old Bank Lane,E01012632,Blackburn with Darwen 011F,Violence and sexual offences,Status update unavailable,
35dbdfab5315b0f3f32e4d47bd8080be7d34cf3422003009427de042b35c4374,2019-02,Lancashire Constabulary,Lancashire Constabulary,-2.460621,53.733842,On or near Pankhurst Close,E01012632,Blackburn with Darwen 011F,Violence and sexual offences,Status update unavailable,
bbacd33ef1c766e03d73a423e1a641111745cd545633e468324c9d845293003e,2019-02,Lancashire Constabulary,Lancashire Constabulary,-2.457248,53.742987,On or near Sherwood Road,E01012632,Blackburn with Darwen 011F,Violence and sexual offences,Further investigation is not in the public interest,
b8e100b3ca0b90d0d2c2990b8fd16f00e6969ab4602c9a22d794c9c3aa053e54,2019-02,Lancashire Constabulary,Lancashire Constabulary,-2.457248,53.742987,On or near Sherwood Road,E01012632,Blackburn with Darwen 011F,Violence and sexual offences,Offender given a caution,
0a43b40a35eddc23503f9b34fcd3a23d6b674959db239146359b7139bc0e28e0,2019-02,Lancashire Constabulary,Lancashire Constabulary,-2.448765,53.728072,On or near Blackamoor Road,E01012632,Blackburn with Darwen 011F,Other crime,Status update unavailable,
,2019-02,Lancashire Constabulary,Lancashire Constabulary,-2.499978,53.725334,On or near Ouseburn Road,E01012594,Blackburn with Darwen 012A,Anti-social behaviour,,
1be03c99663466550751ce9eb9deee5097f94a66190d716551ff0cdf778709d6,2019-02,Lancashire Constabulary,Lancashire Constabulary,-2.501901,53.723924,On or near Fowler Height Close,E01012594,Blackburn with Darwen 012A,Criminal damage and arson,Investigation complete; no suspect identified,
1d587da16bba33ed830efa1624c0db2541374726a1e0d6a8fa5cf4bc816a7ab5,2019-02,Lancashire Constabulary,Lancashire Constabulary,-2.500890,53.723056,On or near Heys Close,E01012594,Blackburn with Darwen 012A,Criminal damage and arson,Status update unavailable,
92d577042552722359aeb07194cee89a9815d497a87ba30b2d1dc76f20159ed8,2019-02,Lancashire Constabulary,Lancashire Constabulary,-2.501901,53.723924,On or near Fowler Height Close,E01012594,Blackburn with Darwen 012A,Other theft,Status update unavailable,
159357afca6fd78efc9f5fb98c4bd412c25ba1d26194b6f2b166508211032624,2019-02,Lancashire Constabulary,Lancashire Constabulary,-2.498822,53.727568,On or near Heys Court,E01012594,Blackburn with Darwen 012A,Other theft,Status update unavailable,
077351150b66f2b06173c58335cf46ec8d24213c6b3dba53f9bba7c6f5993cfd,2019-02,Lancashire Constabulary,Lancashire Constabulary,-2.498822,53.727568,On or near Heys Court,E01012594,Blackburn with Darwen 012A,Other theft,Status update unavailable,
2c2ee6ab5813999830786a187ac4c3a8b72df3484bd128f5e4a70cc73415cfbd,2019-02,Lancashire Constabulary,Lancashire Constabulary,-2.501901,53.723924,On or near Fowler Height Close,E01012594,Blackburn with Darwen 012A,Vehicle crime,Status update unavailable,
9353c36dd10bf73f45823d0f22572495c2e693b2b7d482965583f2646142da46,2019-02,Lancashire Constabulary,Lancashire Constabulary,-2.501901,53.723924,On or near Fowler Height Close,E01012594,Blackburn with Darwen 012A,Violence and sexual offences,Unable to prosecute suspect,
1cb60c508ead3c2d85e38b4f13ce2d19312f23d70c0cf2cb90f524bc6084cfa5,2019-02,Lancashire Constabulary,Lancashire Constabulary,-2.501668,53.722136,On or near Farmer'S Row,E01012594,Blackburn with Darwen 012A,Violence and sexual offences,Unable to prosecute suspect,
f4cb2502e98ef6a677d9ee60c1cd5ac01af140862b0b6f6eeec82b9cbf7ed0a3,2019-02,Lancashire Constabulary,Lancashire Constabulary,-2.500890,53.723056,On or near Heys Close,E01012594,Blackburn with Darwen 012A,Violence and sexual offences,Action to be taken by another organisation,
bb2551e3e3e9b362a2e2a611ee65f8058c2c45b95a8489d330996b7bc27cdada,2019-02,Lancashire Constabulary,Lancashire Constabulary,-2.501901,53.723924,On or near Fowler Height Close,E01012594,Blackburn with Darwen 012A,Violence and sexual offences,Status update unavailable,
59fc40f409f76a2d1758111b3c361522ffbbd5a2f47ae952565e802a7acebfd2,2019-02,Lancashire Constabulary,Lancashire Constabulary,-2.498822,53.727568,On or near Heys Court,E01012594,Blackburn with Darwen 012A,Violence and sexual offences,Formal action is not in the public interest,
496bfa556ac4d85885eb34ff19288fd551844dadf807c06752c29026e1769a46,2019-02,Lancashire Constabulary,Lancashire Constabulary,-2.498822,53.727568,On or near Heys Court,E01012594,Blackburn with Darwen 012A,Violence and sexual offences,Action to be taken by another organisation,
,2019-02,Lancashire Constabulary,Lancashire Constabulary,-2.516359,53.731305,On or near Nook Terrace,E01012618,Blackburn with Darwen 012B,Anti-social behaviour,,
,2019-02,Lancashire Constabulary,Lancashire Constabulary,-2.519068,53.735931,On or near Tower Road,E01012618,Blackburn with Darwen 012B,Anti-social behaviour,,
de3357ea5f54614ea66f3cdf4b307d09dfbd2771a5f041b39ca233bb7ab6d805,2019-02,Lancashire Constabulary,Lancashire Constabulary,-2.516244,53.734289,On or near Feniscliffe Drive,E01012618,Blackburn with Darwen 012B,Burglary,Status update unavailable,
933c02beffa4fbbfe84d85245a365464b072d68755432043b68bf2a9faa58093,2019-02,Lancashire Constabulary,Lancashire Constabulary,-2.516244,53.734289,On or near Feniscliffe Drive,E01012618,Blackburn with Darwen 012B,Burglary,Status update unavailable,
233ec0692a5b1415f5e1782429d463925b87b0ca8d79195010c70598ca1f5429,2019-02,Lancashire Constabulary,Lancashire Constabulary,-2.516244,53.734289,On or near Feniscliffe Drive,E01012618,Blackburn with Darwen 012B,Burglary,Status update unavailable,
c60562e16cc2b6021ad712f6758c24fb5442bfb94aace78703c7e6b82f70da77,2019-02,Lancashire Constabulary,Lancashire Constabulary,-2.516902,53.733612,On or near Cherry Lea,E01012618,Blackburn with Darwen 012B,Other theft,Status update unavailable,
65eac04c5ba2ea2f28c6a98b2a607a997ccb3d965718f0c147ab320b40f417ad,2019-02,Lancashire Constabulary,Lancashire Constabulary,-2.508309,53.732454,On or near Tewkesbury Street,E01012618,Blackburn with Darwen 012B,Violence and sexual offences,Unable to prosecute suspect,
ce3e09fb51abe611cfe58f1a3709eb7c30383a8feb6eb1616b25aba3a90d76c6,2019-02,Lancashire Constabulary,Lancashire Constabulary,-2.503993,53.731582,On or near King'S Bridge Street,E01012618,Blackburn with Darwen 012B,Violence and sexual offences,Status update unavailable,
7a5ea8ce839b14482a2f5e09d6285700be4ce0dbb195d621e0e40158ce72bfbe,2019-02,Lancashire Constabulary,Lancashire Constabulary,-2.508309,53.732454,On or near Tewkesbury Street,E01012618,Blackburn with Darwen 012B,Violence and sexual offences,Unable to prosecute suspect,
839828ae22ffd61c41ddc3b948ac5f36ed834e80bd3ca07e0f1e727d52ceb3d1,2019-02,Lancashire Constabulary,Lancashire Constabulary,-2.503993,53.731582,On or near King'S Bridge Street,E01012618,Blackburn with Darwen 012B,Violence and sexual offences,Status update unavailable,
,2019-02,Lancashire Constabulary,Lancashire Constabulary,-2.505869,53.731259,On or near Bentham Road,E01012619,Blackburn with Darwen 012C,Anti-social behaviour,,
,2019-02,Lancashire Constabulary,Lancashire Constabulary,-2.512869,53.729774,On or near Fielding Crescent,E01012619,Blackburn with Darwen 012C,Anti-social behaviour,,
,2019-02,Lancashire Constabulary,Lancashire Constabulary,-2.505869,53.731259,On or near Bentham Road,E01012619,Blackburn with Darwen 012C,Anti-social behaviour,,
,2019-02,Lancashire Constabulary,Lancashire Constabulary,-2.512869,53.729774,On or near Fielding Crescent,E01012619,Blackburn with Darwen 012C,Anti-social behaviour,,
,2019-02,Lancashire Constabulary,Lancashire Constabulary,-2.505869,53.731259,On or near Bentham Road,E01012619,Blackburn with Darwen 012C,Anti-social behaviour,,
4c0564d59c7fa064c466cd39edcf55bdc2f8273819862554a1cc6f87de209c6a,2019-02,Lancashire Constabulary,Lancashire Constabulary,-2.513977,53.729931,On or near Morley Avenue,E01012619,Blackburn with Darwen 012C,Burglary,Status update unavailable,
1b8ab13d15b7f25edb0a5860e58022085953f7eb17168daecdb4d56faaf50bc0,2019-02,Lancashire Constabulary,Lancashire Constabulary,-2.513977,53.729931,On or near Morley Avenue,E01012619,Blackburn with Darwen 012C,Burglary,Status update unavailable,
af443f67485df0cb51b48cfe9e3d73c788d5b364d3cddeecee5782df54bf4d7a,2019-02,Lancashire Constabulary,Lancashire Constabulary,-2.513537,53.731146,On or near Whiteley Avenue,E01012619,Blackburn with Darwen 012C,Criminal damage and arson,Offender given community sentence,
37b9a2661397337d537da2bef9f1db901077f8e01f4e6318806d7f932eac76ba,2019-02,Lancashire Constabulary,Lancashire Constabulary,-2.512869,53.729774,On or near Fielding Crescent,E01012619,Blackburn with Darwen 012C,Criminal damage and arson,Further investigation is not in the public interest,
9126c87e02d033fc31ce7ea531438ce136aa4cdab5ae8e03b912ad636e8e6b60,2019-02,Lancashire Constabulary,Lancashire Constabulary,-2.512869,53.729774,On or near Fielding Crescent,E01012619,Blackburn with Darwen 012C,Criminal damage and arson,Unable to prosecute suspect,
1667aadd6405da60f1d4fcdfa49ade37abf2434d6c65c1116385140816e352c1,2019-02,Lancashire Constabulary,Lancashire Constabulary,-2.512869,53.729774,On or near Fielding Crescent,E01012619,Blackburn with Darwen 012C,Violence and sexual offences,Further investigation is not in the public interest,
cfbee3467914464ca2600e3aac758c5a9c7d731369994d7fd123cd9b9cc13cce,2019-02,Lancashire Constabulary,Lancashire Constabulary,-2.513537,53.731146,On or near Whiteley Avenue,E01012619,Blackburn with Darwen 012C,Violence and sexual offences,Status update unavailable,
787f08ea5666237e425207baad405ab0c6e1c4991caf2df3aae0b37972ce983f,2019-02,Lancashire Constabulary,Lancashire Constabulary,-2.512869,53.729774,On or near Fielding Crescent,E01012619,Blackburn with Darwen 012C,Violence and sexual offences,Status update unavailable,
9e6068ad53450fa71971586177a4880b81aa81e628399b4fdaa6021617a1967d,2019-02,Lancashire Constabulary,Lancashire Constabulary,-2.513537,53.731146,On or near Whiteley Avenue,E01012619,Blackburn with Darwen 012C,Violence and sexual offences,Unable to prosecute suspect,
4c07b7a64ffec3ed8944462c1932f02ded27d4a3b18b2fe863b017c074c56c77,2019-02,Lancashire Constabulary,Lancashire Constabulary,-2.508901,53.731328,On or near Beaumaris Avenue,E01012619,Blackburn with Darwen 012C,Other crime,Status update unavailable,
a7f9f271a4cea7a677d7001c1dc30cce3596fde60d5fe276dc293f2ed0971d4f,2019-02,Lancashire Constabulary,Lancashire Constabulary,-2.512248,53.726118,On or near Ernlouen Close,E01012620,Blackburn with Darwen 012D,Other theft,Status update unavailable,
587ac66a0400772b6922f04eccc9d932d291d87fc3f8008d657a480401e86fb4,2019-02,Lancashire Constabulary,Lancashire Constabulary,-2.507435,53.727909,On or near Livesey Branch Road,E01012620,Blackburn with Darwen 012D,Other theft,Status update unavailable,
58973b0c12769d67550e9868454e5d9f3d840c7dc16121286d0c0e4ca880d361,2019-02,Lancashire Constabulary,Lancashire Constabulary,-2.508373,53.730242,On or near Shorrock Lane,E01012620,Blackburn with Darwen 012D,Public order,Unable to prosecute suspect,
ed6abc8c84c7b075f1fba0b5f2b79a88703e8113198cf56a3de7d06147d65666,2019-02,Lancashire Constabulary,Lancashire Constabulary,-2.512516,53.724454,On or near Risedale Grove,E01012620,Blackburn with Darwen 012D,Vehicle crime,Status update unavailable,
2b9706d12a2d67ce0156718508690d9c0476198ff172c30f270542734c64ec59,2019-02,Lancashire Constabulary,Lancashire Constabulary,-2.507242,53.728198,On or near Duke Of Sussex Street,E01012620,Blackburn with Darwen 012D,Violence and sexual offences,Unable to prosecute suspect,
91d394e352a128227e98fc1cb4801f833422b44b2672555f74e7c65d2eb53d7f,2019-02,Lancashire Constabulary,Lancashire Constabulary,-2.508373,53.730242,On or near Shorrock Lane,E01012620,Blackburn with Darwen 012D,Other crime,Status update unavailable,
,2019-02,Lancashire Constabulary,Lancashire Constabulary,-2.501045,53.729716,On or near Tresco Close,E01012621,Blackburn with Darwen 012E,Anti-social behaviour,,
,2019-02,Lancashire Constabulary,Lancashire Constabulary,-2.504467,53.730627,On or near Jersey Street,E01012621,Blackburn with Darwen 012E,Anti-social behaviour,,
27df45bd13f671d51b6abf9b138fa2e431f28c5525d5cc4f02797e61a54358b7,2019-02,Lancashire Constabulary,Lancashire Constabulary,-2.502299,53.728048,On or near Livesey Branch Road,E01012621,Blackburn with Darwen 012E,Drugs,Status update unavailable,
8d0b6ba1c8f95f5d2ed674d915deb2179d545100024481cd32145ee409233590,2019-02,Lancashire Constabulary,Lancashire Constabulary,-2.501050,53.728817,On or near St Helier Close,E01012621,Blackburn with Darwen 012E,Other theft,Status update unavailable,
886a64cc1bcd71d50bf355a71950f0cde912ccca5a2b01d89e0e34c945fb8272,2019-02,Lancashire Constabulary,Lancashire Constabulary,-2.505607,53.725832,On or near Bunkers Hill Close,E01012621,Blackburn with Darwen 012E,Public order,Further investigation is not in the public interest,
751aec0e504f7ad81adb64eb81d70ff0ac8011d5b076dd387d05d4c0d2499148,2019-02,Lancashire Constabulary,Lancashire Constabulary,-2.501045,53.729716,On or near Tresco Close,E01012621,Blackburn with Darwen 012E,Public order,Status update unavailable,
cc68479d068460b89b2a544c0860b1b013ac964324b9def53b58c2a07f1d8d40,2019-02,Lancashire Constabulary,Lancashire Constabulary,-2.504750,53.728927,On or near Full View,E01012621,Blackburn with Darwen 012E,Vehicle crime,Status update unavailable,
e7eaebf78fae554084547bb4cd693fda7d8d79ec538b54956928ac75ac2fff1b,2019-02,Lancashire Constabulary,Lancashire Constabulary,-2.499826,53.729137,On or near Dorothy Street,E01012621,Blackburn with Darwen 012E,Violence and sexual offences,Status update unavailable,
8dec8017d5d9530190272336f5664027e8587360d930eff5dadf90b811dd4bc2,2019-02,Lancashire Constabulary,Lancashire Constabulary,-2.501050,53.728817,On or near St Helier Close,E01012621,Blackburn with Darwen 012E,Violence and sexual offences,Unable to prosecute suspect,
5a58d19053e0f803e611c81011ad97ab23cffdc87ab191548a57451ace04763f,2019-02,Lancashire Constabulary,Lancashire Constabulary,-2.501050,53.728817,On or near St Helier Close,E01012621,Blackburn with Darwen 012E,Violence and sexual offences,Unable to prosecute suspect,
b5916d4106ebce3272b4c9e51c9e3429ae2790adc781b0ad6a87d94f74c77aaa,2019-02,Lancashire Constabulary,Lancashire Constabulary,-2.504467,53.730627,On or near Jersey Street,E01012621,Blackburn with Darwen 012E,Violence and sexual offences,Status update unavailable,
b5d02a7b6456120ad5498923ca5594b67ccd3c49a8371c373fb1e20358b6b5a0,2019-02,Lancashire Constabulary,Lancashire Constabulary,-2.501050,53.728817,On or near St Helier Close,E01012621,Blackburn with Darwen 012E,Violence and sexual offences,Unable to prosecute suspect,
,2019-02,Lancashire Constabulary,Lancashire Constabulary,-2.497420,53.725632,On or near Arkwright Fold,E01012593,Blackburn with Darwen 013A,Anti-social behaviour,,
,2019-02,Lancashire Constabulary,Lancashire Constabulary,-2.493743,53.728668,On or near Fernhurst Street,E01012593,Blackburn with Darwen 013A,Anti-social behaviour,,
,2019-02,Lancashire Constabulary,Lancashire Constabulary,-2.497255,53.728303,On or near Crediton Close,E01012593,Blackburn with Darwen 013A,Anti-social behaviour,,
,2019-02,Lancashire Constabulary,Lancashire Constabulary,-2.493743,53.728668,On or near Fernhurst Street,E01012593,Blackburn with Darwen 013A,Anti-social behaviour,,
,2019-02,Lancashire Constabulary,Lancashire Constabulary,-2.493743,53.728668,On or near Fernhurst Street,E01012593,Blackburn with Darwen 013A,Anti-social behaviour,,
,2019-02,Lancashire Constabulary,Lancashire Constabulary,-2.497420,53.725632,On or near Arkwright Fold,E01012593,Blackburn with Darwen 013A,Anti-social behaviour,,
,2019-02,Lancashire Constabulary,Lancashire Constabulary,-2.493743,53.728668,On or near Fernhurst Street,E01012593,Blackburn with Darwen 013A,Anti-social behaviour,,
,2019-02,Lancashire Constabulary,Lancashire Constabulary,-2.490967,53.728472,On or near Tweed Street,E01012593,Blackburn with Darwen 013A,Anti-social behaviour,,
,2019-02,Lancashire Constabulary,Lancashire Constabulary,-2.493743,53.728668,On or near Fernhurst Street,E01012593,Blackburn with Darwen 013A,Anti-social behaviour,,
c0d98f4cc8410c1809fb3bf6d99b7e85bfb6c0b1e88e39c5d2c9467c368a7c3d,2019-02,Lancashire Constabulary,Lancashire Constabulary,-2.490034,53.726517,On or near Vincent Street,E01012593,Blackburn with Darwen 013A,Burglary,Status update unavailable,
b8256815b4f0fab8f9a6907029a6796e2c72854eaa0cf61d3985e7328c778be9,2019-02,Lancashire Constabulary,Lancashire Constabulary,-2.490034,53.726517,On or near Vincent Street,E01012593,Blackburn with Darwen 013A,Burglary,Status update unavailable,
6a803beae91cd56ddfa311209fbc2369524c000ec26c4fedd2eb0e8a0d44c369,2019-02,Lancashire Constabulary,Lancashire Constabulary,-2.499739,53.730719,On or near Farrington Close,E01012593,Blackburn with Darwen 013A,Other theft,Unable to prosecute suspect,
5a1bc1fbfede08b3379cccf987373adfca6eeacb197bf9ed19c609bb11bf5cc3,2019-02,Lancashire Constabulary,Lancashire Constabulary,-2.496200,53.730122,On or near Langho Street,E01012593,Blackburn with Darwen 013A,Other theft,Status update unavailable,
50d02d5c1fe74eb8e93d43d525798b986bb5274a0fc2dee7f0bdd9c57d61e5cc,2019-02,Lancashire Constabulary,Lancashire Constabulary,-2.497477,53.729164,On or near Livesey Branch Road,E01012593,Blackburn with Darwen 013A,Other theft,Status update unavailable,
9b8f73b3876ad312daccd5d417dcda7f9866fe1641361d312004082b05eca28d,2019-02,Lancashire Constabulary,Lancashire Constabulary,-2.496886,53.727873,On or near Tiverton Drive,E01012593,Blackburn with Darwen 013A,Other theft,Unable to prosecute suspect,
beef4f6173e75af74c1e5b435da18ce5b0927576611a8c179b7717988665cd19,2019-02,Lancashire Constabulary,Lancashire Constabulary,-2.489179,53.728569,On or near Sports/Recreation Area,E01012593,Blackburn with Darwen 013A,Other theft,Status update unavailable,
1ee3c4ed58f7307263e87688fd3210bafceb53bc9ea375bff1239b93aca0df85,2019-02,Lancashire Constabulary,Lancashire Constabulary,-2.489179,53.728569,On or near Sports/Recreation Area,E01012593,Blackburn with Darwen 013A,Public order,Offender given penalty notice,
36ba3d59e9926b8923c5ab5ef3cb8391bf7afe39cdc1599c767a1256e3af8ac8,2019-02,Lancashire Constabulary,Lancashire Constabulary,-2.489179,53.728569,On or near Sports/Recreation Area,E01012593,Blackburn with Darwen 013A,Public order,Status update unavailable,
2b80b57eb1041f54e5c8e0600e0643cd749d35b27b16bf299cc476fe72fd134b,2019-02,Lancashire Constabulary,Lancashire Constabulary,-2.496200,53.730122,On or near Langho Street,E01012593,Blackburn with Darwen 013A,Shoplifting,Status update unavailable,
6ed72d57228b737d254feb5ed91512b364bc6fc90b246f6901c2411f7d88c53e,2019-02,Lancashire Constabulary,Lancashire Constabulary,-2.488634,53.726001,On or near Stewart Street,E01012593,Blackburn with Darwen 013A,Shoplifting,Status update unavailable,
5fcf185fc65c0abd7aed92e992de2f1c6f0ee609c71fb98a9b78669918c06e3d,2019-02,Lancashire Constabulary,Lancashire Constabulary,-2.496200,53.730122,On or near Langho Street,E01012593,Blackburn with Darwen 013A,Shoplifting,Status update unavailable,
0c6049a31361ff8fb20dfd33e761463195da0da055aef10cbc8e8d106560f5ec,2019-02,Lancashire Constabulary,Lancashire Constabulary,-2.498539,53.725385,On or near Heys Lane,E01012593,Blackburn with Darwen 013A,Vehicle crime,Status update unavailable,
183375a88c5759c3bb2577c40ad7f6a4cecd7cb32c02f4971ad34c4818eb5ab6,2019-02,Lancashire Constabulary,Lancashire Constabulary,-2.489179,53.728569,On or near Sports/Recreation Area,E01012593,Blackburn with Darwen 013A,Violence and sexual offences,Awaiting court outcome,
7d3e7cb94f1c52c66a8b4ac32665ea819742715588078da3b03c1ccbc8b93a95,2019-02,Lancashire Constabulary,Lancashire Constabulary,-2.498443,53.730068,On or near Soulby Close,E01012593,Blackburn with Darwen 013A,Violence and sexual offences,Unable to prosecute suspect,
7fbbdb48b64210cfd4da4997bf7cc4e996cf2a974cfe60ae86017ce357dd3dfb,2019-02,Lancashire Constabulary,Lancashire Constabulary,-2.493743,53.728668,On or near Fernhurst Street,E01012593,Blackburn with Darwen 013A,Violence and sexual offences,Unable to prosecute suspect,
1eceba457507175043ebc491d2ce2a6b7056de6e27a193a98cd430cb7fa44974,2019-02,Lancashire Constabulary,Lancashire Constabulary,-2.497477,53.729164,On or near Livesey Branch Road,E01012593,Blackburn with Darwen 013A,Violence and sexual offences,Unable to prosecute suspect,
9eade3a5c5d2ca6ef3b70ee2098eb0cec3af5fe1e9444e0b04a5857f1c70ec15,2019-02,Lancashire Constabulary,Lancashire Constabulary,-2.493743,53.728668,On or near Fernhurst Street,E01012593,Blackburn with Darwen 013A,Violence and sexual offences,Unable to prosecute suspect,
5d3a1ad036893886d1c06c761fe333331aebc14d144cfc99f867fdff3da35ce1,2019-02,Lancashire Constabulary,Lancashire Constabulary,-2.499739,53.730719,On or near Farrington Close,E01012593,Blackburn with Darwen 013A,Violence and sexual offences,Unable to prosecute suspect,
a08b28b5e0b1aec6dac1d05f1c17bd4f5e8bf8592d1ac6d172188a04121c679d,2019-02,Lancashire Constabulary,Lancashire Constabulary,-2.493743,53.728668,On or near Fernhurst Street,E01012593,Blackburn with Darwen 013A,Violence and sexual offences,Unable to prosecute suspect,
df2dfec411a018df2a66e19ed83a295bb970940a3e64c40f01c3dddf22163ca5,2019-02,Lancashire Constabulary,Lancashire Constabulary,-2.489179,53.728569,On or near Sports/Recreation Area,E01012593,Blackburn with Darwen 013A,Violence and sexual offences,Status update unavailable,
db049433a0315b19931b408be9d0241547ca297cba48ea61daecd958acd958fb,2019-02,Lancashire Constabulary,Lancashire Constabulary,-2.493743,53.728668,On or near Fernhurst Street,E01012593,Blackburn with Darwen 013A,Violence and sexual offences,Status update unavailable,
a7e0592bf3ee3118b4bc48dce3bb1531e9c3d6e88bf7b9c893fdc9b7854c6542,2019-02,Lancashire Constabulary,Lancashire Constabulary,-2.489635,53.726087,On or near Ashville Terrace,E01012593,Blackburn with Darwen 013A,Other crime,Status update unavailable,
,2019-02,Lancashire Constabulary,Lancashire Constabulary,-2.476219,53.720398,On or near Tottenham Road,E01012597,Blackburn with Darwen 013B,Anti-social behaviour,,
,2019-02,Lancashire Constabulary,Lancashire Constabulary,-2.472888,53.720662,On or near Marquis Close,E01012597,Blackburn with Darwen 013B,Anti-social behaviour,,
,2019-02,Lancashire Constabulary,Lancashire Constabulary,-2.474819,53.721239,On or near Albert Place,E01012597,Blackburn with Darwen 013B,Anti-social behaviour,,
,2019-02,Lancashire Constabulary,Lancashire Constabulary,-2.474819,53.721239,On or near Albert Place,E01012597,Blackburn with Darwen 013B,Anti-social behaviour,,
b56f9110b8fa3c9a65f8e23e620c8bbddc863dd842acf58b656829426c7c4cfc,2019-02,Lancashire Constabulary,Lancashire Constabulary,-2.476346,53.720945,On or near Petrol Station,E01012597,Blackburn with Darwen 013B,Other theft,Status update unavailable,
ffc24f52fc771c4fbc1b326ec5b0f45d2597805fec0cc233507b2666702131b0,2019-02,Lancashire Constabulary,Lancashire Constabulary,-2.476346,53.720945,On or near Petrol Station,E01012597,Blackburn with Darwen 013B,Other theft,Status update unavailable,
827f3dc7c1ad5a96f8ec5e5e8155f56b09b63d986bb54cda0eb56c7c8cc607b3,2019-02,Lancashire Constabulary,Lancashire Constabulary,-2.476346,53.720945,On or near Petrol Station,E01012597,Blackburn with Darwen 013B,Other theft,Status update unavailable,
8cd71b92e3bb7249e3ead9ab570285fb9b4d2e1187eab2de2b10996eb7aeb1e8,2019-02,Lancashire Constabulary,Lancashire Constabulary,-2.469083,53.720569,On or near Barons Close,E01012597,Blackburn with Darwen 013B,Other theft,Status update unavailable,
9522ea49d212ccb0bcfc63ddb160b15514e1a91025497307ff75c4f08afd78fc,2019-02,Lancashire Constabulary,Lancashire Constabulary,-2.476346,53.720945,On or near Petrol Station,E01012597,Blackburn with Darwen 013B,Other theft,Status update unavailable,
e7e9af9646c30dae45979516ca727476e47cf397b04ac4d2bafda35dcca6fd3d,2019-02,Lancashire Constabulary,Lancashire Constabulary,-2.467691,53.719451,On or near Briarcroft,E01012597,Blackburn with Darwen 013B,Public order,Unable to prosecute suspect,
0538be312f6dc3d8efb4c0184bf54d19985aa3ff3b4f6595b924a0dfbe72a8c4,2019-02,Lancashire Constabulary,Lancashire Constabulary,-2.474819,53.721239,On or near Albert Place,E01012597,Blackburn with Darwen 013B,Shoplifting,Investigation complete; no suspect identified,
3625d1c6b75c93473f4302cb7b8129272e9df068895d8e1c94999632ebab3176,2019-02,Lancashire Constabulary,Lancashire Constabulary,-2.467691,53.719451,On or near Briarcroft,E01012597,Blackburn with Darwen 013B,Violence and sexual offences,Status update unavailable,
f6cd1c6fdfca56574688499e8750dc7dc75883e28560654c0aab02a6d4adcf7d,2019-02,Lancashire Constabulary,Lancashire Constabulary,-2.478244,53.719967,On or near Dominica Avenue,E01012597,Blackburn with Darwen 013B,Violence and sexual offences,Unable to prosecute suspect,
cbc530e9e74b0b282d140b359914710cd85e8f4a753931c30642d545ee28b3e6,2019-02,Lancashire Constabulary,Lancashire Constabulary,-2.469079,53.720246,On or near Barons Way,E01012597,Blackburn with Darwen 013B,Violence and sexual offences,Status update unavailable,
,2019-02,Lancashire Constabulary,Lancashire Constabulary,-2.486702,53.717470,On or near Beech Grove,E01012598,Blackburn with Darwen 013C,Anti-social behaviour,,
,2019-02,Lancashire Constabulary,Lancashire Constabulary,-2.493462,53.726754,On or near Speedie Close,E01012598,Blackburn with Darwen 013C,Anti-social behaviour,,
,2019-02,Lancashire Constabulary,Lancashire Constabulary,-2.490503,53.721185,On or near Jack Walker Way,E01012598,Blackburn with Darwen 013C,Anti-social behaviour,,
d6884e6f28393b9e8638b0044f46b2ee45e44007efc00747affbfc1ea2f642c0,2019-02,Lancashire Constabulary,Lancashire Constabulary,-2.486920,53.719285,On or near The Dell,E01012598,Blackburn with Darwen 013C,Burglary,Status update unavailable,
5c6cd4950598b050927284803ad4a5fa861ddfb307a87af4384fded591b344a5,2019-02,Lancashire Constabulary,Lancashire Constabulary,-2.487158,53.724191,On or near Edmund Street,E01012599,Blackburn with Darwen 013D,Burglary,Further investigation is not in the public interest,
a1e730c73add2486e5f0ff71788e30133cad9b6a505f2a3f6e00ad7b9019ac97,2019-02,Lancashire Constabulary,Lancashire Constabulary,-2.481639,53.722686,On or near Branch Road,E01012599,Blackburn with Darwen 013D,Criminal damage and arson,Status update unavailable,
22b5aaaa14788f369a23de35fcd8f5dd89d001354fd3b5065a2a44483217b73e,2019-02,Lancashire Constabulary,Lancashire Constabulary,-2.478183,53.721208,On or near Cross Street,E01012599,Blackburn with Darwen 013D,Criminal damage and arson,Offender given a caution,
76973932babfde9670f3851bda3679b2f7834f64925488d4b69bfe69396751e0,2019-02,Lancashire Constabulary,Lancashire Constabulary,-2.488000,53.724925,On or near Finsbury Place,E01012599,Blackburn with Darwen 013D,Criminal damage and arson,Status update unavailable,
8f0570fa565a522f43a3367fff8038dbb87fcb08627ca822386d9189ec24d25f,2019-02,Lancashire Constabulary,Lancashire Constabulary,-2.486224,53.723332,On or near Petrol Station,E01012599,Blackburn with Darwen 013D,Other theft,Status update unavailable,
a461cc30824b8b2c564fcf7f4c1921e16938df516c59616632ddec63c94741a3,2019-02,Lancashire Constabulary,Lancashire Constabulary,-2.475068,53.721849,On or near Dover Street,E01012599,Blackburn with Darwen 013D,Public order,Status update unavailable,
e116d731209f3ba537e4cd9f841d9e4c26824503d43ffb5fcd66abca8cc1341e,2019-02,Lancashire Constabulary,Lancashire Constabulary,-2.475719,53.721766,On or near Millbrook Street,E01012599,Blackburn with Darwen 013D,Public order,Unable to prosecute suspect,
749b7cca98ff45528a77135a3a5323fa12241268accc60c9679e026ed7d31b9c,2019-02,Lancashire Constabulary,Lancashire Constabulary,-2.486224,53.723332,On or near Petrol Station,E01012599,Blackburn with Darwen 013D,Shoplifting,Status update unavailable,
c51a99fc56d9be257575ab0ef7737fe61fcdaf84d07638151060d6f34fc43442,2019-02,Lancashire Constabulary,Lancashire Constabulary,-2.485838,53.724089,On or near Branch Road,E01012599,Blackburn with Darwen 013D,Vehicle crime,Status update unavailable,
,2019-02,Lancashire Constabulary,Lancashire Constabulary,-2.476249,53.704300,On or near Petrol Station,E01012589,Blackburn with Darwen 014A,Anti-social behaviour,,
,2019-02,Lancashire Constabulary,Lancashire Constabulary,-2.475652,53.705138,On or near Percival Street,E01012589,Blackburn with Darwen 014A,Anti-social behaviour,,
8d0c940fda9d65bac8c6a447777e41dab203d7bf7827bc514346d08ee4538371,2019-02,Lancashire Constabulary,Lancashire Constabulary,-2.476681,53.706329,On or near Clarence Street,E01012589,Blackburn with Darwen 014A,Burglary,Status update unavailable,
04ee5eef695abe37ca05fa0e893cff0b8c13b1d90f569d65e6943ca163772297,2019-02,Lancashire Constabulary,Lancashire Constabulary,-2.478266,53.707186,On or near Clifton Street,E01012589,Blackburn with Darwen 014A,Burglary,Status update unavailable,
03207fe0f3df2213718709042cc9bc8ce32edd5bfeba84351132ff3a75495d95,2019-02,Lancashire Constabulary,Lancashire Constabulary,-2.477241,53.707657,On or near Stafford Street,E01012589,Blackburn with Darwen 014A,Drugs,Status update unavailable,
e62cc8dcbe3fb468fcd63411324bb090c6f53058305c7943f1a20540886d8ac6,2019-02,Lancashire Constabulary,Lancashire Constabulary,-2.476249,53.704300,On or near Petrol Station,E01012589,Blackburn with Darwen 014A,Other theft,Unable to prosecute suspect,
0623e78cbc80ed6310181742a64715501cf744314fb7b36a6b2ac2660c9aba1e,2019-02,Lancashire Constabulary,Lancashire Constabulary,-2.476249,53.704300,On or near Petrol Station,E01012589,Blackburn with Darwen 014A,Other theft,Status update unavailable,
0a4f181e4a0ee907bdba63e631b0958843e9c036a08da86dccacf063d01cfaf2,2019-02,Lancashire Constabulary,Lancashire Constabulary,-2.478156,53.705550,On or near Supermarket,E01012589,Blackburn with Darwen 014A,Shoplifting,Local resolution,
e4b844bbd64611d0c6ea74e42e80d2858029fa3f09173eba30196371548a431d,2019-02,Lancashire Constabulary,Lancashire Constabulary,-2.473220,53.705696,On or near Dorset Avenue,E01012589,Blackburn with Darwen 014A,Vehicle crime,Status update unavailable,
0f73c9ffb5e40ee7837a242f046e725385f55284c13fc987a1af1a4036f5aa67,2019-02,Lancashire Constabulary,Lancashire Constabulary,-2.474801,53.704863,On or near Gillibrand Street,E01012589,Blackburn with Darwen 014A,Vehicle crime,Status update unavailable,
131b01ea539f33d8add8f538e50e14085392ce52d7e5687ff05474e40e57f1bd,2019-02,Lancashire Constabulary,Lancashire Constabulary,-2.474801,53.704863,On or near Gillibrand Street,E01012589,Blackburn with Darwen 014A,Violence and sexual offences,Unable to prosecute suspect,
86bfc33f602de26a8bd2c9e268ac9ce9afa98d3b889d582d235d33525d3cee6a,2019-02,Lancashire Constabulary,Lancashire Constabulary,-2.477818,53.707727,On or near Bedford Street,E01012589,Blackburn with Darwen 014A,Violence and sexual offences,Status update unavailable,
ab68630bc58d6b454577b04d3abcade79b11100ddca3324d8dac15d56f67193a,2019-02,Lancashire Constabulary,Lancashire Constabulary,-2.473220,53.705696,On or near Dorset Avenue,E01012589,Blackburn with Darwen 014A,Violence and sexual offences,Status update unavailable,
,2019-02,Lancashire Constabulary,Lancashire Constabulary,-2.481555,53.708647,On or near Westwell Street,E01012590,Blackburn with Darwen 014B,Anti-social behaviour,,
,2019-02,Lancashire Constabulary,Lancashire Constabulary,-2.481489,53.713465,On or near Petrol Station,E01012590,Blackburn with Darwen 014B,Anti-social behaviour,,
,2019-02,Lancashire Constabulary,Lancashire Constabulary,-2.477193,53.711414,On or near Sports/Recreation Area,E01012590,Blackburn with Darwen 014B,Anti-social behaviour,,
,2019-02,Lancashire Constabulary,Lancashire Constabulary,-2.477193,53.711414,On or near Sports/Recreation Area,E01012590,Blackburn with Darwen 014B,Anti-social behaviour,,
,2019-02,Lancashire Constabulary,Lancashire Constabulary,-2.475809,53.714979,On or near Commercial Road,E01012590,Blackburn with Darwen 014B,Anti-social behaviour,,
,2019-02,Lancashire Constabulary,Lancashire Constabulary,-2.480284,53.712813,On or near Redvers Road,E01012590,Blackburn with Darwen 014B,Anti-social behaviour,,
,2019-02,Lancashire Constabulary,Lancashire Constabulary,-2.477193,53.711414,On or near Sports/Recreation Area,E01012590,Blackburn with Darwen 014B,Anti-social behaviour,,
,2019-02,Lancashire Constabulary,Lancashire Constabulary,-2.480284,53.712813,On or near Redvers Road,E01012590,Blackburn with Darwen 014B,Anti-social behaviour,,
e37b3db115ee92823ccc953008483cad0ff57d4463b7301c4acaeee5dfd3e46d,2019-02,Lancashire Constabulary,Lancashire Constabulary,-2.480945,53.713629,On or near Daisyfield Street,E01012590,Blackburn with Darwen 014B,Criminal damage and arson,Status update unavailable,
9d9250f030a9614406e750387b2066f8b42c675f0578d06fcecf97c46407f0a3,2019-02,Lancashire Constabulary,Lancashire Constabulary,-2.477193,53.711414,On or near Sports/Recreation Area,E01012590,Blackburn with Darwen 014B,Shoplifting,Status update unavailable,
12676733a1a1bfa8414d8edbb9407948b16d2caa2f877d24d0e82b3acc9e4a82,2019-02,Lancashire Constabulary,Lancashire Constabulary,-2.481489,53.713465,On or near Petrol Station,E01012590,Blackburn with Darwen 014B,Shoplifting,Status update unavailable,
e3c30dfc6b676783f538ff304950a420e7e9a4ecb6815eaf74c63f6d62565260,2019-02,Lancashire Constabulary,Lancashire Constabulary,-2.474575,53.713079,On or near Sports/Recreation Area,E01012590,Blackburn with Darwen 014B,Violence and sexual offences,Status update unavailable,
,2019-02,Lancashire Constabulary,Lancashire Constabulary,-2.487129,53.708543,On or near Hyndburn Drive,E01012591,Blackburn with Darwen 014C,Anti-social behaviour,,
,2019-02,Lancashire Constabulary,Lancashire Constabulary,-2.484987,53.708031,On or near Hodder Grove,E01012591,Blackburn with Darwen 014C,Anti-social behaviour,,
,2019-02,Lancashire Constabulary,Lancashire Constabulary,-2.483791,53.712053,On or near St Bedes Park,E01012591,Blackburn with Darwen 014C,Anti-social behaviour,,
,2019-02,Lancashire Constabulary,Lancashire Constabulary,-2.484754,53.710198,On or near Sports/Recreation Area,E01012591,Blackburn with Darwen 014C,Anti-social behaviour,,
,2019-02,Lancashire Constabulary,Lancashire Constabulary,-2.485350,53.709323,On or near Leven Grove,E01012591,Blackburn with Darwen 014C,Anti-social behaviour,,
,2019-02,Lancashire Constabulary,Lancashire Constabulary,-2.484754,53.710198,On or near Sports/Recreation Area,E01012591,Blackburn with Darwen 014C,Anti-social behaviour,,
36b6210aec56384b0a2c50e093ce2e555467e4a1a60f03f7394cf924431bb7a7,2019-02,Lancashire Constabulary,Lancashire Constabulary,-2.484921,53.711545,On or near The Meadows,E01012591,Blackburn with Darwen 014C,Criminal damage and arson,Status update unavailable,
160e494055191d8e9fcce38930ccac475d22c7cc32e8cf2213a96c25b48e32a4,2019-02,Lancashire Constabulary,Lancashire Constabulary,-2.482896,53.713279,On or near Moss Fold Road,E01012591,Blackburn with Darwen 014C,Criminal damage and arson,Status update unavailable,
0180820231a061fa8d86fecec853a0749da21b8c88c24ed427ae0ad61d1b2e98,2019-02,Lancashire Constabulary,Lancashire Constabulary,-2.484111,53.716168,On or near M65,E01012591,Blackburn with Darwen 014C,Criminal damage and arson,Action to be taken by another organisation,
d647333521b39fbf511bc99ad15d149a4634e79bd0a45d94f3ff8dba5cabcef8,2019-02,Lancashire Constabulary,Lancashire Constabulary,-2.483791,53.712053,On or near St Bedes Park,E01012591,Blackburn with Darwen 014C,Other theft,Status update unavailable,
af4b5921254f4ba5bf72b787bbf7558967bed6b2b2eb2929d0bd7063b0b34d1f,2019-02,Lancashire Constabulary,Lancashire Constabulary,-2.482896,53.713279,On or near Moss Fold Road,E01012591,Blackburn with Darwen 014C,Other theft,Status update unavailable,
b298ef6ea022d1dab900017b53d9805fc8b57cd01dbeb1f2ff48d056884bc051,2019-02,Lancashire Constabulary,Lancashire Constabulary,-2.484921,53.711545,On or near The Meadows,E01012591,Blackburn with Darwen 014C,Public order,Status update unavailable,
0b38b2abfb1d19d0b3db118d7b29df9c477c7d052e2160bc6706c64d9ea00c2d,2019-02,Lancashire Constabulary,Lancashire Constabulary,-2.485350,53.709323,On or near Leven Grove,E01012591,Blackburn with Darwen 014C,Violence and sexual offences,Status update unavailable,
9164e17be830ac03532bc1e17b3b39dc3be4aab104b1ff0238f99fb1e9c9777a,2019-02,Lancashire Constabulary,Lancashire Constabulary,-2.487135,53.706467,On or near Wyre Crescent,E01012591,Blackburn with Darwen 014C,Violence and sexual offences,Unable to prosecute suspect,
d503fec4106ba656720f657e035683a7e7deaea827b42555e466124176f38f0b,2019-02,Lancashire Constabulary,Lancashire Constabulary,-2.487135,53.706467,On or near Wyre Crescent,E01012591,Blackburn with Darwen 014C,Violence and sexual offences,Status update unavailable,
68ac80ec01058e312e6cd3f619c3736ced847241fa86db05900da705e59de6d8,2019-02,Lancashire Constabulary,Lancashire Constabulary,-2.486868,53.710863,On or near Sports/Recreation Area,E01012591,Blackburn with Darwen 014C,Violence and sexual offences,Unable to prosecute suspect,
,2019-02,Lancashire Constabulary,Lancashire Constabulary,-2.473411,53.703825,On or near Snape Street,E01012648,Blackburn with Darwen 014D,Anti-social behaviour,,
,2019-02,Lancashire Constabulary,Lancashire Constabulary,-2.474097,53.702897,On or near Lloyd Street,E01012648,Blackburn with Darwen 014D,Anti-social behaviour,,
,2019-02,Lancashire Constabulary,Lancashire Constabulary,-2.473882,53.701253,On or near Finch Street,E01012648,Blackburn with Darwen 014D,Anti-social behaviour,,
c624f9d0b57f0f921f3ce0c9571fa21661341d37d6b47857b5484a4b1d661aea,2019-02,Lancashire Constabulary,Lancashire Constabulary,-2.472157,53.701467,On or near Heys Lane,E01012648,Blackburn with Darwen 014D,Burglary,Status update unavailable,
6d38696fc2c391aa8ecf9679a619a3b081ef5c76c345a35671dc51b2a7cf5e86,2019-02,Lancashire Constabulary,Lancashire Constabulary,-2.475212,53.702344,On or near Blackburn Road,E01012648,Blackburn with Darwen 014D,Criminal damage and arson,Offender given conditional discharge,
e0be25bc64ae01730283b3a861988761b2509fb9ae5d3c26a6b5dcecfa17b68e,2019-02,Lancashire Constabulary,Lancashire Constabulary,-2.475212,53.702344,On or near Blackburn Road,E01012648,Blackburn with Darwen 014D,Criminal damage and arson,Status update unavailable,
236eb2f6d68fd459104f8e87706f67b20d9f67a00a94734e9ffe26b655ae20b5,2019-02,Lancashire Constabulary,Lancashire Constabulary,-2.474116,53.704569,On or near Argyle Street,E01012648,Blackburn with Darwen 014D,Other theft,Status update unavailable,
1884536abd84711787a49ac30c6c01a4e4334456b2316851626867889588716e,2019-02,Lancashire Constabulary,Lancashire Constabulary,-2.467750,53.702913,On or near Lightbown Street,E01012648,Blackburn with Darwen 014D,Vehicle crime,Status update unavailable,
698c43e07d9fb2b49c655c7a2b5675fe3cb765ecd80d4dc1f622be02b467f548,2019-02,Lancashire Constabulary,Lancashire Constabulary,-2.473917,53.701738,On or near Derwent Street,E01012648,Blackburn with Darwen 014D,Violence and sexual offences,Status update unavailable,
ccaa4292ec82b43f060b06cc0c0e70d37ee9d1be92b542801994a8bfecd94c11,2019-02,Lancashire Constabulary,Lancashire Constabulary,-2.474540,53.703201,On or near Preston Street,E01012648,Blackburn with Darwen 014D,Violence and sexual offences,Unable to prosecute suspect,
6800a8aebba1baf5b40a43575834b8f5060f0b9649737031f4522afc2434e4fb,2019-02,Lancashire Constabulary,Lancashire Constabulary,-2.467042,53.703203,On or near Clover Terrace,E01012648,Blackburn with Darwen 014D,Violence and sexual offences,Unable to prosecute suspect,
2353c4c0fa6b4f7ff60894e769607db89ae9ed8c2aa8cc9a0f3eb2820037bea9,2019-02,Lancashire Constabulary,Lancashire Constabulary,-2.474540,53.703201,On or near Preston Street,E01012648,Blackburn with Darwen 014D,Violence and sexual offences,Unable to prosecute suspect,
854d5b2e66e9145d0a9b4d4eef88f209d57ba02f747c9e7ea98420bca5e2a20b,2019-02,Lancashire Constabulary,Lancashire Constabulary,-2.474540,53.703201,On or near Preston Street,E01012648,Blackburn with Darwen 014D,Violence and sexual offences,Status update unavailable,
f1030a64196981655bc72314d8114461d1a9180044579aef38a679be3fc993f9,2019-02,Lancashire Constabulary,Lancashire Constabulary,-2.473882,53.701253,On or near Finch Street,E01012648,Blackburn with Darwen 014D,Violence and sexual offences,Further investigation is not in the public interest,
74e5b0f55769d064732ba7c45eba823d02c5caad306faf4fc688ce1f925effde,2019-02,Lancashire Constabulary,Lancashire Constabulary,-2.474540,53.703201,On or near Preston Street,E01012648,Blackburn with Darwen 014D,Other crime,Unable to prosecute suspect,
,2019-02,Lancashire Constabulary,Lancashire Constabulary,-2.484932,53.700616,On or near Woodbank Avenue,E01012652,Blackburn with Darwen 014E,Anti-social behaviour,,
,2019-02,Lancashire Constabulary,Lancashire Constabulary,-2.483544,53.699830,On or near Sunnymere Drive,E01012652,Blackburn with Darwen 014E,Anti-social behaviour,,
,2019-02,Lancashire Constabulary,Lancashire Constabulary,-2.487591,53.700020,On or near Sunnyhurst Lane,E01012652,Blackburn with Darwen 014E,Anti-social behaviour,,
254e4435910f6ca2c9df35104f9711791b80eb2733b12c8db8c278effaae09c7,2019-02,Lancashire Constabulary,Lancashire Constabulary,-2.479899,53.704276,On or near Ellesmere Road,E01012652,Blackburn with Darwen 014E,Other theft,Unable to prosecute suspect,
bd6d92233766a631f31670149f75fd97788e75c6756cba038c58a3126c00c5e4,2019-02,Lancashire Constabulary,Lancashire Constabulary,-2.487150,53.701173,On or near Moorland Avenue,E01012652,Blackburn with Darwen 014E,Vehicle crime,Status update unavailable,
82cdbbf2e65e232af056b1e1eacca946c2405c2c39da77165fff0f7b65a1fcbb,2019-02,Lancashire Constabulary,Lancashire Constabulary,-2.487150,53.701173,On or near Moorland Avenue,E01012652,Blackburn with Darwen 014E,Vehicle crime,Status update unavailable,
866f003090e99811394a3b153256d1800adbbae06a6ca60d4f9657bbf45a64fb,2019-02,Lancashire Constabulary,Lancashire Constabulary,-2.479899,53.704276,On or near Ellesmere Road,E01012652,Blackburn with Darwen 014E,Vehicle crime,Status update unavailable,
35a52df1ac3eb946e7b163c788f844c88bc568de4617318625948e409ca69189,2019-02,Lancashire Constabulary,Lancashire Constabulary,-2.483353,53.701602,On or near Aysgarth Drive,E01012652,Blackburn with Darwen 014E,Violence and sexual offences,Unable to prosecute suspect,
18065c67aa3760c2c626d3f43ee2747c52da90ab19627bfdf5b841bbaf15583d,2019-02,Lancashire Constabulary,Lancashire Constabulary,-2.476967,53.698176,On or near Tockholes Road,E01012652,Blackburn with Darwen 014E,Violence and sexual offences,Status update unavailable,
,2019-02,Lancashire Constabulary,Lancashire Constabulary,-2.460318,53.692300,On or near Pine Street,E01012617,Blackburn with Darwen 015A,Anti-social behaviour,,
,2019-02,Lancashire Constabulary,Lancashire Constabulary,-2.458331,53.694752,On or near Progress Street,E01012617,Blackburn with Darwen 015A,Anti-social behaviour,,
00dc81ad5d3cb976c75676612e2a34636ef766194a2351deafa62101d173a354,2019-02,Lancashire Constabulary,Lancashire Constabulary,-2.452051,53.695261,On or near Tower View,E01012617,Blackburn with Darwen 015A,Burglary,Status update unavailable,
363aaa86da12a8ae573961d5d3792b625849b74b757058744b8606932602af3b,2019-02,Lancashire Constabulary,Lancashire Constabulary,-2.452051,53.695261,On or near Tower View,E01012617,Blackburn with Darwen 015A,Burglary,Status update unavailable,
c4be694b6445c006acca1795d2f84f21e26fd776b20a7c29143a76f488b8be9d,2019-02,Lancashire Constabulary,Lancashire Constabulary,-2.452051,53.695261,On or near Tower View,E01012617,Blackburn with Darwen 015A,Burglary,Status update unavailable,
0bbc72c0a778a36aa2085e81b8fdf4f71dbd5e3c56a5d1199d2f1def50782fc4,2019-02,Lancashire Constabulary,Lancashire Constabulary,-2.458910,53.690930,On or near Alpha Street,E01012617,Blackburn with Darwen 015A,Burglary,Status update unavailable,
b3f57c80d2fa86954de3625dba1f7f12dbd83bff30edd641f5efdccb8ed03c50,2019-02,Lancashire Constabulary,Lancashire Constabulary,-2.459583,53.691575,On or near Starkie Street,E01012617,Blackburn with Darwen 015A,Vehicle crime,Status update unavailable,
5a26b9f5e62b08ae66030ddefe7e403f6c18db4ce984a34a66ffa89b47c21897,2019-02,Lancashire Constabulary,Lancashire Constabulary,-2.459966,53.694701,On or near Edmund Street,E01012617,Blackburn with Darwen 015A,Violence and sexual offences,Investigation complete; no suspect identified,
,2019-02,Lancashire Constabulary,Lancashire Constabulary,-2.454673,53.695413,On or near Cambridge Street,E01012646,Blackburn with Darwen 015B,Anti-social behaviour,,
,2019-02,Lancashire Constabulary,Lancashire Constabulary,-2.459544,53.697687,On or near Sudellside Street,E01012646,Blackburn with Darwen 015B,Anti-social behaviour,,
,2019-02,Lancashire Constabulary,Lancashire Constabulary,-2.459442,53.696635,On or near Norris Street,E01012646,Blackburn with Darwen 015B,Anti-social behaviour,,
,2019-02,Lancashire Constabulary,Lancashire Constabulary,-2.459059,53.699046,On or near Two Gates Drive,E01012646,Blackburn with Darwen 015B,Anti-social behaviour,,
,2019-02,Lancashire Constabulary,Lancashire Constabulary,-2.461723,53.696096,On or near Ellenshaw Close,E01012646,Blackburn with Darwen 015B,Anti-social behaviour,,
,2019-02,Lancashire Constabulary,Lancashire Constabulary,-2.458983,53.697608,On or near Rose Street,E01012646,Blackburn with Darwen 015B,Anti-social behaviour,,
,2019-02,Lancashire Constabulary,Lancashire Constabulary,-2.459211,53.696277,On or near Garnett Street,E01012646,Blackburn with Darwen 015B,Anti-social behaviour,,
,2019-02,Lancashire Constabulary,Lancashire Constabulary,-2.454673,53.695413,On or near Cambridge Street,E01012646,Blackburn with Darwen 015B,Anti-social behaviour,,
3fc3593e1b2f66c9f8a74a952c4265e0182d5a259017590f5339cbd7fecdebaf,2019-02,Lancashire Constabulary,Lancashire Constabulary,-2.454403,53.695648,On or near Ely Close,E01012646,Blackburn with Darwen 015B,Burglary,Status update unavailable,
905e000a66a1a80777b8ba23c59eba0c8a17a510987edbe3cb256c57b53b189d,2019-02,Lancashire Constabulary,Lancashire Constabulary,-2.462270,53.696274,On or near Kay Street,E01012646,Blackburn with Darwen 015B,Burglary,Status update unavailable,
4c2e2a00634a716a79ed523bc3dd488cde74aad0fa9a74695e4a897d4824b29c,2019-02,Lancashire Constabulary,Lancashire Constabulary,-2.460062,53.695204,On or near Sudell Road,E01012646,Blackburn with Darwen 015B,Public order,Status update unavailable,
b845e008bb3e70cb111886cb8f1f63ae2789f3c27ebfc52f3a4959b0549afd62,2019-02,Lancashire Constabulary,Lancashire Constabulary,-2.458269,53.696047,On or near Sudellside Street,E01012646,Blackburn with Darwen 015B,Public order,Offender given a caution,
ffa115d59fafe0e7e58d509549259972f46a78327cd5d671e8768468f3131bfe,2019-02,Lancashire Constabulary,Lancashire Constabulary,-2.459544,53.697687,On or near Sudellside Street,E01012646,Blackburn with Darwen 015B,Public order,Further investigation is not in the public interest,
9fc92a063895477146b76d5f9f13abaa41c571327c103543063bbcd8816ecee8,2019-02,Lancashire Constabulary,Lancashire Constabulary,-2.457930,53.698286,On or near Gifford Way,E01012646,Blackburn with Darwen 015B,Vehicle crime,Status update unavailable,
b927087f048a3e5896e5eb7b2f2e4b4d17ba65b6877ed306ffb261a3a6c6bd92,2019-02,Lancashire Constabulary,Lancashire Constabulary,-2.455030,53.696194,On or near Sudell Close,E01012646,Blackburn with Darwen 015B,Vehicle crime,Status update unavailable,
d5ad8cd77e0e055b6a7386fa6a0dd56eefbee0da8052b610da9a8e73a58ad59b,2019-02,Lancashire Constabulary,Lancashire Constabulary,-2.456552,53.698345,On or near Coulthurst Gardens,E01012646,Blackburn with Darwen 015B,Vehicle crime,Status update unavailable,
9598b9bdb67b91c18ef7a36ce760eb8e48856d9f1f8b5cb09f15e9b8e968eed6,2019-02,Lancashire Constabulary,Lancashire Constabulary,-2.457930,53.698286,On or near Gifford Way,E01012646,Blackburn with Darwen 015B,Violence and sexual offences,Status update unavailable,
6bc8f93cd1c0d94ffa808367d9141080480c1dc8f20eb407c93ae1724f0292c8,2019-02,Lancashire Constabulary,Lancashire Constabulary,-2.462270,53.696274,On or near Kay Street,E01012646,Blackburn with Darwen 015B,Violence and sexual offences,Unable to prosecute suspect,
a23229ad4c59ac640772b3a138b7d99f0552b2663ab829da0e4348030c7eb01c,2019-02,Lancashire Constabulary,Lancashire Constabulary,-2.460062,53.695204,On or near Sudell Road,E01012646,Blackburn with Darwen 015B,Violence and sexual offences,Unable to prosecute suspect,
c7cb4e80e54858d1448e984c7d98e0ee559cb3f7e0d1d2bf83c1e6ef06df7d6a,2019-02,Lancashire Constabulary,Lancashire Constabulary,-2.455030,53.696194,On or near Sudell Close,E01012646,Blackburn with Darwen 015B,Violence and sexual offences,Awaiting court outcome,
ece5646cd8f1653362074c78a1f0c3b08015fd8c63d1b1cd4bbdbf66647ff952,2019-02,Lancashire Constabulary,Lancashire Constabulary,-2.457930,53.698286,On or near Gifford Way,E01012646,Blackburn with Darwen 015B,Violence and sexual offences,Unable to prosecute suspect,
a9192737252f12be1f2c13ddadf60afcecd23737f6c2d8a6ae61d1535b8f79f4,2019-02,Lancashire Constabulary,Lancashire Constabulary,-2.461613,53.697175,On or near Tythebarn Street,E01012646,Blackburn with Darwen 015B,Violence and sexual offences,Status update unavailable,
de2ade33b74ca9bf20c848f771595828013a1c793094674888180b3958007a15,2019-02,Lancashire Constabulary,Lancashire Constabulary,-2.462270,53.696274,On or near Kay Street,E01012646,Blackburn with Darwen 015B,Violence and sexual offences,Unable to prosecute suspect,
bb837be2a8bfa7f9b6764b721b322a93fc968327289e60583516388703f2e6bc,2019-02,Lancashire Constabulary,Lancashire Constabulary,-2.459211,53.696277,On or near Garnett Street,E01012646,Blackburn with Darwen 015B,Violence and sexual offences,Status update unavailable,
197a25d11ae4449e4c132b7955b2dd348a0dae079435d1e4072db5bd4b69717c,2019-02,Lancashire Constabulary,Lancashire Constabulary,-2.461501,53.696645,On or near Whalley Crescent,E01012646,Blackburn with Darwen 015B,Violence and sexual offences,Status update unavailable,
381e3fa302ba2d558b9e5d589309da309e094b692b9d618e4ddd2c71e26455f7,2019-02,Lancashire Constabulary,Lancashire Constabulary,-2.456552,53.698345,On or near Coulthurst Gardens,E01012646,Blackburn with Darwen 015B,Violence and sexual offences,Status update unavailable,
c4b6ba30b4d67c69c43ecc31cc5b51af5bb6f787690ca51351b086d02029c094,2019-02,Lancashire Constabulary,Lancashire Constabulary,-2.457671,53.696759,On or near Elswick Street,E01012646,Blackburn with Darwen 015B,Violence and sexual offences,Unable to prosecute suspect,
,2019-02,Lancashire Constabulary,Lancashire Constabulary,-2.459433,53.702792,On or near Ivinson Road,E01012647,Blackburn with Darwen 015C,Anti-social behaviour,,
,2019-02,Lancashire Constabulary,Lancashire Constabulary,-2.458396,53.703542,On or near Holden Fold,E01012647,Blackburn with Darwen 015C,Anti-social behaviour,,
,2019-02,Lancashire Constabulary,Lancashire Constabulary,-2.456088,53.701619,On or near Linden Crescent,E01012647,Blackburn with Darwen 015C,Anti-social behaviour,,
,2019-02,Lancashire Constabulary,Lancashire Constabulary,-2.456088,53.701619,On or near Linden Crescent,E01012647,Blackburn with Darwen 015C,Anti-social behaviour,,
,2019-02,Lancashire Constabulary,Lancashire Constabulary,-2.456088,53.701619,On or near Linden Crescent,E01012647,Blackburn with Darwen 015C,Anti-social behaviour,,
554666efd4e33f610f82140eb56a9af075b2352a987f9a7d99db4212e812c113,2019-02,Lancashire Constabulary,Lancashire Constabulary,-2.451483,53.701654,On or near Coniston Drive,E01012647,Blackburn with Darwen 015C,Burglary,Status update unavailable,
021a17662342cb8ddf2641c1e7a09683b4bd5a721878556b5a4085825153ccc9,2019-02,Lancashire Constabulary,Lancashire Constabulary,-2.456088,53.701619,On or near Linden Crescent,E01012647,Blackburn with Darwen 015C,Other theft,Status update unavailable,
ecdb24b89ba09701d69422792d2d15a63285ef329d4c8a551d0150c1f6ff562e,2019-02,Lancashire Constabulary,Lancashire Constabulary,-2.454473,53.703548,On or near Ambleside Drive,E01012647,Blackburn with Darwen 015C,Other theft,Status update unavailable,
161d2b8d2c45a482eaf1fae0c1e8cde6d6c7502911f1e0ec7c99476c4c805cb3,2019-02,Lancashire Constabulary,Lancashire Constabulary,-2.454473,53.703548,On or near Ambleside Drive,E01012647,Blackburn with Darwen 015C,Other theft,Status update unavailable,
ff265465713e6b7bc0f89594331b05efed662ced99439ffa56ecb4631e79d9d4,2019-02,Lancashire Constabulary,Lancashire Constabulary,-2.456088,53.701619,On or near Linden Crescent,E01012647,Blackburn with Darwen 015C,Public order,Status update unavailable,
6d010cdf1ed9cb303da7b9ebd36d1819c5d5d1773b22e0a14c5e6d3cccd0c9fa,2019-02,Lancashire Constabulary,Lancashire Constabulary,-2.459433,53.702792,On or near Ivinson Road,E01012647,Blackburn with Darwen 015C,Theft from the person,Status update unavailable,
9eac97cc7464f4c44f639176f1e104326866ee9a4caaab3017a572e9a521f373,2019-02,Lancashire Constabulary,Lancashire Constabulary,-2.457461,53.699744,On or near Fitzgerald Drive,E01012647,Blackburn with Darwen 015C,Vehicle crime,Status update unavailable,
779115f32aed1a08284e5dab5c66dd466af8c904cc1008314cc2035691a5d152,2019-02,Lancashire Constabulary,Lancashire Constabulary,-2.456088,53.701619,On or near Linden Crescent,E01012647,Blackburn with Darwen 015C,Violence and sexual offences,Unable to prosecute suspect,
f09f6e0c82bc55c49e2525f6e1f1d4206e0aabccce93e1c6efa4f1bbd0270934,2019-02,Lancashire Constabulary,Lancashire Constabulary,-2.454473,53.703548,On or near Ambleside Drive,E01012647,Blackburn with Darwen 015C,Violence and sexual offences,Unable to prosecute suspect,
199ad9dc02651d31c552df3447272b092f41992ead27ff49a7bcc1cb586d5f1d,2019-02,Lancashire Constabulary,Lancashire Constabulary,-2.456507,53.702561,On or near Oak Grove,E01012647,Blackburn with Darwen 015C,Violence and sexual offences,Status update unavailable,
de167774eea9d0d7400669121697ed5a601bb1220550c19204b8034b17614e6b,2019-02,Lancashire Constabulary,Lancashire Constabulary,-2.456088,53.701619,On or near Linden Crescent,E01012647,Blackburn with Darwen 015C,Violence and sexual offences,Unable to prosecute suspect,
97671759e6a7334c83dde2aaaca17a668b097a5aa504ac4bf7b7835a4e0c30eb,2019-02,Lancashire Constabulary,Lancashire Constabulary,-2.458704,53.701195,On or near Laurel Avenue,E01012647,Blackburn with Darwen 015C,Violence and sexual offences,Status update unavailable,
f1fdf3ffa2549abe45103ceb7862a3cc34d89f32fa14daee9bdc2e384aa8b115,2019-02,Lancashire Constabulary,Lancashire Constabulary,-2.456088,53.701619,On or near Linden Crescent,E01012647,Blackburn with Darwen 015C,Violence and sexual offences,Status update unavailable,
,2019-02,Lancashire Constabulary,Lancashire Constabulary,-2.460297,53.700066,On or near Higher London Terrace,E01012650,Blackburn with Darwen 015D,Anti-social behaviour,,
,2019-02,Lancashire Constabulary,Lancashire Constabulary,-2.462789,53.699409,On or near Perry Street,E01012650,Blackburn with Darwen 015D,Anti-social behaviour,,
,2019-02,Lancashire Constabulary,Lancashire Constabulary,-2.462789,53.699409,On or near Perry Street,E01012650,Blackburn with Darwen 015D,Anti-social behaviour,,
,2019-02,Lancashire Constabulary,Lancashire Constabulary,-2.460367,53.700919,On or near Higher Perry Street,E01012650,Blackburn with Darwen 015D,Anti-social behaviour,,
5faaf2b8219e72fe810043d6e8fd7528cf7a46587b13d3b720d0125f258a7f1c,2019-02,Lancashire Constabulary,Lancashire Constabulary,-2.465084,53.700119,On or near Powell Street,E01012650,Blackburn with Darwen 015D,Public order,Status update unavailable,
e9e6e7e94fbba7fa5719e8457ece9de89db412c5b2d7beb0b11217c2eec71b1e,2019-02,Lancashire Constabulary,Lancashire Constabulary,-2.460297,53.700066,On or near Higher London Terrace,E01012650,Blackburn with Darwen 015D,Vehicle crime,Status update unavailable,
a5181c09e656db9a830dc6863d2154928a61c9d35824b3734daa009111f4d59d,2019-02,Lancashire Constabulary,Lancashire Constabulary,-2.462168,53.698009,On or near Atlas Road,E01012650,Blackburn with Darwen 015D,Vehicle crime,Status update unavailable,
582c9f42860fb396eca1a967ea2388423dfc66d65d74bd30ef6c7545698116f1,2019-02,Lancashire Constabulary,Lancashire Constabulary,-2.459466,53.700302,On or near Walmsley Street,E01012650,Blackburn with Darwen 015D,Violence and sexual offences,Unable to prosecute suspect,
18c399d93124a3cde5c7596b63718fa19106bbd018dfd39c905dc27408886e1e,2019-02,Lancashire Constabulary,Lancashire Constabulary,-2.462789,53.699409,On or near Perry Street,E01012650,Blackburn with Darwen 015D,Violence and sexual offences,Further investigation is not in the public interest,
5ca2be2a4ec5c4872e1ccd3552b26ab33965725f4099a8535a3b1db98988e228,2019-02,Lancashire Constabulary,Lancashire Constabulary,-2.462168,53.698009,On or near Atlas Road,E01012650,Blackburn with Darwen 015D,Violence and sexual offences,Unable to prosecute suspect,
46b0f883509f04444a8190813e0f4733eb15c1186a099024fbda23fbc3eaa95a,2019-02,Lancashire Constabulary,Lancashire Constabulary,-2.462789,53.699409,On or near Perry Street,E01012650,Blackburn with Darwen 015D,Violence and sexual offences,Further investigation is not in the public interest,
9e52b9be219fbbbf54e4f6c16023bacd375bad864a7c030fc32e1131f6adee19,2019-02,Lancashire Constabulary,Lancashire Constabulary,-2.462023,53.698612,On or near Sandon Street,E01012650,Blackburn with Darwen 015D,Violence and sexual offences,Action to be taken by another organisation,
865b582144205959166e87540b5cab369470b186db77d54aec871abd3ccc46e3,2019-02,Lancashire Constabulary,Lancashire Constabulary,-2.465084,53.700119,On or near Powell Street,E01012650,Blackburn with Darwen 015D,Violence and sexual offences,Unable to prosecute suspect,
,2019-02,Lancashire Constabulary,Lancashire Constabulary,-2.465134,53.703265,On or near Gordon Street,E01012649,Blackburn with Darwen 016A,Anti-social behaviour,,
,2019-02,Lancashire Constabulary,Lancashire Constabulary,-2.470158,53.698742,On or near Peabody Street,E01012649,Blackburn with Darwen 016A,Anti-social behaviour,,
,2019-02,Lancashire Constabulary,Lancashire Constabulary,-2.470888,53.699072,On or near Parking Area,E01012649,Blackburn with Darwen 016A,Anti-social behaviour,,
,2019-02,Lancashire Constabulary,Lancashire Constabulary,-2.469039,53.697569,On or near William Street,E01012649,Blackburn with Darwen 016A,Anti-social behaviour,,
,2019-02,Lancashire Constabulary,Lancashire Constabulary,-2.465233,53.701242,On or near Garstang Street,E01012649,Blackburn with Darwen 016A,Anti-social behaviour,,
,2019-02,Lancashire Constabulary,Lancashire Constabulary,-2.465233,53.701242,On or near Garstang Street,E01012649,Blackburn with Darwen 016A,Anti-social behaviour,,
,2019-02,Lancashire Constabulary,Lancashire Constabulary,-2.465134,53.703265,On or near Gordon Street,E01012649,Blackburn with Darwen 016A,Anti-social behaviour,,
,2019-02,Lancashire Constabulary,Lancashire Constabulary,-2.463366,53.700917,On or near Sports/Recreation Area,E01012649,Blackburn with Darwen 016A,Anti-social behaviour,,
,2019-02,Lancashire Constabulary,Lancashire Constabulary,-2.470888,53.699072,On or near Parking Area,E01012649,Blackburn with Darwen 016A,Anti-social behaviour,,
,2019-02,Lancashire Constabulary,Lancashire Constabulary,-2.469471,53.698232,On or near George Street,E01012649,Blackburn with Darwen 016A,Anti-social behaviour,,
,2019-02,Lancashire Constabulary,Lancashire Constabulary,-2.465233,53.701242,On or near Garstang Street,E01012649,Blackburn with Darwen 016A,Anti-social behaviour,,
,2019-02,Lancashire Constabulary,Lancashire Constabulary,-2.468502,53.698290,On or near Tudor Close,E01012649,Blackburn with Darwen 016A,Anti-social behaviour,,
,2019-02,Lancashire Constabulary,Lancashire Constabulary,-2.463366,53.700917,On or near Sports/Recreation Area,E01012649,Blackburn with Darwen 016A,Anti-social behaviour,,
,2019-02,Lancashire Constabulary,Lancashire Constabulary,-2.470888,53.699072,On or near Parking Area,E01012649,Blackburn with Darwen 016A,Anti-social behaviour,,
dc1c0ed216f2ea2a252bd50dca7447e3e54c9d8f10637acaa722b1145d9901a9,2019-02,Lancashire Constabulary,Lancashire Constabulary,-2.467317,53.702079,On or near Stanhope Street,E01012649,Blackburn with Darwen 016A,Burglary,Status update unavailable,
e7dce641258e5fca45ffa46c7cf1e6cdb8246ad55026e3b833b1702eb0d99617,2019-02,Lancashire Constabulary,Lancashire Constabulary,-2.465691,53.700269,On or near Lord Street,E01012649,Blackburn with Darwen 016A,Criminal damage and arson,Status update unavailable,
f6abac1547e339e4448bfe8a2ed17f15208a9577aa0948f439d8438e17f27659,2019-02,Lancashire Constabulary,Lancashire Constabulary,-2.470888,53.699072,On or near Parking Area,E01012649,Blackburn with Darwen 016A,Shoplifting,Status update unavailable,
32cbfabdda7f85a42b94af9b7a32bd4212eaa13da672b56e7a1439de55731567,2019-02,Lancashire Constabulary,Lancashire Constabulary,-2.470888,53.699072,On or near Parking Area,E01012649,Blackburn with Darwen 016A,Vehicle crime,Status update unavailable,
f8bb849fd052aee2d0856a57b890e89732fd3727369b20fbcf9bc3d741367062,2019-02,Lancashire Constabulary,Lancashire Constabulary,-2.462769,53.704469,On or near Moor Lane,E01012649,Blackburn with Darwen 016A,Violence and sexual offences,Unable to prosecute suspect,
099f9a578abd5f318fc7562a8dc45bf790afb791084286f3ac41d038456a4bc8,2019-02,Lancashire Constabulary,Lancashire Constabulary,-2.462769,53.704469,On or near Moor Lane,E01012649,Blackburn with Darwen 016A,Violence and sexual offences,Status update unavailable,
ccfd999934c900972069666274c469777988e52a74ea82eaf14c6601851deae8,2019-02,Lancashire Constabulary,Lancashire Constabulary,-2.462769,53.704469,On or near Moor Lane,E01012649,Blackburn with Darwen 016A,Violence and sexual offences,Status update unavailable,
4c1e31194a74b132d48af317f29e53ba9fecd886b64f84fcd95e9d3a193be7e5,2019-02,Lancashire Constabulary,Lancashire Constabulary,-2.465233,53.701242,On or near Garstang Street,E01012649,Blackburn with Darwen 016A,Violence and sexual offences,Unable to prosecute suspect,
42f85ae910ac7953f76572309e1e50b8611b65d199552995784a29ba20350ad7,2019-02,Lancashire Constabulary,Lancashire Constabulary,-2.465233,53.701242,On or near Garstang Street,E01012649,Blackburn with Darwen 016A,Violence and sexual offences,Status update unavailable,
eed4bebeb9851e2d92d2a8e26a9ad2012ed14904d8dab07c9a0953a1f481bacc,2019-02,Lancashire Constabulary,Lancashire Constabulary,-2.465233,53.701242,On or near Garstang Street,E01012649,Blackburn with Darwen 016A,Violence and sexual offences,Status update unavailable,
218160caf094c7196e5a5953930258feadbf19b6ffb9cb701a0cb6e54a5033da,2019-02,Lancashire Constabulary,Lancashire Constabulary,-2.463403,53.700144,On or near Industry Street,E01012649,Blackburn with Darwen 016A,Violence and sexual offences,Unable to prosecute suspect,
,2019-02,Lancashire Constabulary,Lancashire Constabulary,-2.475348,53.699683,On or near Edensor Terrace,E01012651,Blackburn with Darwen 016B,Anti-social behaviour,,
,2019-02,Lancashire Constabulary,Lancashire Constabulary,-2.478345,53.702179,On or near Schofield Street,E01012651,Blackburn with Darwen 016B,Anti-social behaviour,,
6f652c260b23c78eb83d96f31940e16c679e5c009182949b7ea9929d3e51e520,2019-02,Lancashire Constabulary,Lancashire Constabulary,-2.478556,53.704686,On or near Westminster Close,E01012651,Blackburn with Darwen 016B,Other theft,Status update unavailable,
a134be1b595c10da8ff787723a4e05f47701a6769ed5327bf2996e97b4594af4,2019-02,Lancashire Constabulary,Lancashire Constabulary,-2.477705,53.700474,On or near Barley Bank Street,E01012651,Blackburn with Darwen 016B,Public order,Further investigation is not in the public interest,
c4a13281ea1a5f66394791492a4165a97defef70274aa59f93398f726c53be01,2019-02,Lancashire Constabulary,Lancashire Constabulary,-2.476701,53.704127,On or near Blackburn Road,E01012651,Blackburn with Darwen 016B,Public order,Status update unavailable,
9a3725a5c91d20294119216cba9b431abfda926412073f1949f752b21b6f4d41,2019-02,Lancashire Constabulary,Lancashire Constabulary,-2.477429,53.704160,On or near Windsor Road,E01012651,Blackburn with Darwen 016B,Vehicle crime,Status update unavailable,
d483ba336dc1b64825108036c84c959f4fe2a9f4990f1644d7c7fdc829f161c2,2019-02,Lancashire Constabulary,Lancashire Constabulary,-2.478979,53.704639,On or near Westminster Road,E01012651,Blackburn with Darwen 016B,Vehicle crime,Status update unavailable,
d1b28f20f4561c53e8385222718e0eb36e98d6c429271ab0d297254b35166c74,2019-02,Lancashire Constabulary,Lancashire Constabulary,-2.481845,53.700925,On or near Carley Street,E01012651,Blackburn with Darwen 016B,Vehicle crime,Status update unavailable,
a5c2cdb489f7cde433721ba9753bb50a352c033b5e3903b2a9e254bcc490e0a2,2019-02,Lancashire Constabulary,Lancashire Constabulary,-2.481480,53.700755,On or near Osborne Terrace,E01012651,Blackburn with Darwen 016B,Violence and sexual offences,Unable to prosecute suspect,
6f241dcf74829eddedcceb6ce139df942a2be44d7ae2554aaaa1b0e9c2b74951,2019-02,Lancashire Constabulary,Lancashire Constabulary,-2.478269,53.700795,On or near Baron Street,E01012651,Blackburn with Darwen 016B,Violence and sexual offences,Status update unavailable,
,2019-02,Lancashire Constabulary,Lancashire Constabulary,-2.469368,53.697181,On or near Duckworth Street,E01012653,Blackburn with Darwen 016C,Anti-social behaviour,,
,2019-02,Lancashire Constabulary,Lancashire Constabulary,-2.469368,53.697181,On or near Duckworth Street,E01012653,Blackburn with Darwen 016C,Anti-social behaviour,,
,2019-02,Lancashire Constabulary,Lancashire Constabulary,-2.475414,53.698829,On or near Queen Street,E01012653,Blackburn with Darwen 016C,Anti-social behaviour,,
,2019-02,Lancashire Constabulary,Lancashire Constabulary,-2.469368,53.697181,On or near Duckworth Street,E01012653,Blackburn with Darwen 016C,Anti-social behaviour,,
,2019-02,Lancashire Constabulary,Lancashire Constabulary,-2.475414,53.698829,On or near Queen Street,E01012653,Blackburn with Darwen 016C,Anti-social behaviour,,
,2019-02,Lancashire Constabulary,Lancashire Constabulary,-2.472164,53.696667,On or near Everton Street,E01012653,Blackburn with Darwen 016C,Anti-social behaviour,,
,2019-02,Lancashire Constabulary,Lancashire Constabulary,-2.473274,53.697085,On or near Hope Street,E01012653,Blackburn with Darwen 016C,Anti-social behaviour,,
,2019-02,Lancashire Constabulary,Lancashire Constabulary,-2.468829,53.696356,On or near Nightclub,E01012653,Blackburn with Darwen 016C,Anti-social behaviour,,
,2019-02,Lancashire Constabulary,Lancashire Constabulary,-2.473274,53.697085,On or near Hope Street,E01012653,Blackburn with Darwen 016C,Anti-social behaviour,,
,2019-02,Lancashire Constabulary,Lancashire Constabulary,-2.471976,53.696065,On or near Prince Street,E01012653,Blackburn with Darwen 016C,Anti-social behaviour,,
876d55f4e62d218cdafcd16f6e3ee98c09c213bfd9811ec7830439c760efb9a8,2019-02,Lancashire Constabulary,Lancashire Constabulary,-2.472264,53.690707,On or near Arlington Road,E01012653,Blackburn with Darwen 016C,Burglary,Awaiting court outcome,
96b83cf61a4494a8ba4a8448372786d1852edab1b31f36d373b6c3562f1578ed,2019-02,Lancashire Constabulary,Lancashire Constabulary,-2.471189,53.697534,On or near Hacking Street,E01012653,Blackburn with Darwen 016C,Burglary,Awaiting court outcome,
3df6e85c3029e6e62fb7fcb063dae29fd4fffb54c3c370b8d3f88cbdfa3ce005,2019-02,Lancashire Constabulary,Lancashire Constabulary,-2.469292,53.695806,On or near The Green,E01012653,Blackburn with Darwen 016C,Criminal damage and arson,Status update unavailable,
2706c3f912cc487c82ac79479d23538028fdd11d1510ea6aa2207cb0832c502f,2019-02,Lancashire Constabulary,Lancashire Constabulary,-2.472095,53.697278,On or near Wood Street,E01012653,Blackburn with Darwen 016C,Drugs,Status update unavailable,
fabb9bcd8064585a2c7aca60777a909f2c38011f5aea3836017b0c8417249cfa,2019-02,Lancashire Constabulary,Lancashire Constabulary,-2.468829,53.696356,On or near Nightclub,E01012653,Blackburn with Darwen 016C,Other theft,Status update unavailable,
677ceca5e9afc2a4e90551414a342e2ee1d3e005325ba89ef12a41166871e53c,2019-02,Lancashire Constabulary,Lancashire Constabulary,-2.471189,53.697534,On or near Hacking Street,E01012653,Blackburn with Darwen 016C,Other theft,Status update unavailable,
201a9e7328f5035cca3f1bfd1ca3692475befd64f97bfaa2885cd1c024290160,2019-02,Lancashire Constabulary,Lancashire Constabulary,-2.471976,53.696065,On or near Prince Street,E01012653,Blackburn with Darwen 016C,Public order,Status update unavailable,
86b50be3b9d9029b4b6d89e10227915ee0ae840d2626cbcccc06dff35940fe0b,2019-02,Lancashire Constabulary,Lancashire Constabulary,-2.469368,53.697181,On or near Duckworth Street,E01012653,Blackburn with Darwen 016C,Public order,Status update unavailable,
08c1c8e77aab2aa7a99d56e59fea6178a44ef69a2ed55aa8ea7af7a671dd41e4,2019-02,Lancashire Constabulary,Lancashire Constabulary,-2.471976,53.696065,On or near Prince Street,E01012653,Blackburn with Darwen 016C,Public order,Unable to prosecute suspect,
65622a9978919bcc38cf1ae4d847101e8192eab7e9385d77e63ca4b99368bf10,2019-02,Lancashire Constabulary,Lancashire Constabulary,-2.469368,53.697181,On or near Duckworth Street,E01012653,Blackburn with Darwen 016C,Shoplifting,Status update unavailable,
9dda1b9cb90038947a878f3fef0f305ad3a5a2b3d70511a06c08068b87aad6fd,2019-02,Lancashire Constabulary,Lancashire Constabulary,-2.471189,53.697534,On or near Hacking Street,E01012653,Blackburn with Darwen 016C,Violence and sexual offences,Local resolution,
490a3b3c5f9da14270fccbef97c552fdf164df5a146491d653a2dd7f1fec9521,2019-02,Lancashire Constabulary,Lancashire Constabulary,-2.475981,53.698072,On or near Scholes Street,E01012653,Blackburn with Darwen 016C,Violence and sexual offences,Unable to prosecute suspect,
4fb4c86d15aa2d90bdcce53983a0533addf0eb6de1a52bce5c9aee3f0e98ab4a,2019-02,Lancashire Constabulary,Lancashire Constabulary,-2.471189,53.697534,On or near Hacking Street,E01012653,Blackburn with Darwen 016C,Violence and sexual offences,Status update unavailable,
91a73b214e03fc79dd18da9d3663505dc69d0b15b1b16fe2b549d6068de53cd6,2019-02,Lancashire Constabulary,Lancashire Constabulary,-2.477292,53.700080,On or near Grafton Court,E01012653,Blackburn with Darwen 016C,Violence and sexual offences,Unable to prosecute suspect,
bfc69eb489e718c101c26bff6fed58b0ab61fbfc655dd6abd7e785b85199f656,2019-02,Lancashire Constabulary,Lancashire Constabulary,-2.468829,53.696356,On or near Nightclub,E01012653,Blackburn with Darwen 016C,Violence and sexual offences,Status update unavailable,
591667e851d6c94423fa5628f815d09d5aa0e4aa2ad671b48a69f5ecaf4e7cc0,2019-02,Lancashire Constabulary,Lancashire Constabulary,-2.477292,53.700080,On or near Grafton Court,E01012653,Blackburn with Darwen 016C,Violence and sexual offences,Unable to prosecute suspect,
,2019-02,Lancashire Constabulary,Lancashire Constabulary,-2.467320,53.695544,On or near Croft Street,E01012654,Blackburn with Darwen 016D,Anti-social behaviour,,
,2019-02,Lancashire Constabulary,Lancashire Constabulary,-2.466227,53.695333,On or near Church Street,E01012654,Blackburn with Darwen 016D,Anti-social behaviour,,
,2019-02,Lancashire Constabulary,Lancashire Constabulary,-2.466857,53.696121,On or near Shopping Area,E01012654,Blackburn with Darwen 016D,Anti-social behaviour,,
,2019-02,Lancashire Constabulary,Lancashire Constabulary,-2.467481,53.696371,On or near Supermarket,E01012654,Blackburn with Darwen 016D,Anti-social behaviour,,
,2019-02,Lancashire Constabulary,Lancashire Constabulary,-2.468036,53.695865,On or near Market Street,E01012654,Blackburn with Darwen 016D,Anti-social behaviour,,
,2019-02,Lancashire Constabulary,Lancashire Constabulary,-2.467320,53.695544,On or near Croft Street,E01012654,Blackburn with Darwen 016D,Anti-social behaviour,,
,2019-02,Lancashire Constabulary,Lancashire Constabulary,-2.467149,53.696480,On or near Supermarket,E01012654,Blackburn with Darwen 016D,Anti-social behaviour,,
,2019-02,Lancashire Constabulary,Lancashire Constabulary,-2.467481,53.696371,On or near Supermarket,E01012654,Blackburn with Darwen 016D,Anti-social behaviour,,
,2019-02,Lancashire Constabulary,Lancashire Constabulary,-2.467149,53.696480,On or near Supermarket,E01012654,Blackburn with Darwen 016D,Anti-social behaviour,,
,2019-02,Lancashire Constabulary,Lancashire Constabulary,-2.467481,53.696371,On or near Supermarket,E01012654,Blackburn with Darwen 016D,Anti-social behaviour,,
,2019-02,Lancashire Constabulary,Lancashire Constabulary,-2.466227,53.695333,On or near Church Street,E01012654,Blackburn with Darwen 016D,Anti-social behaviour,,
,2019-02,Lancashire Constabulary,Lancashire Constabulary,-2.466183,53.696807,On or near Theatre/Concert Hall,E01012654,Blackburn with Darwen 016D,Anti-social behaviour,,
,2019-02,Lancashire Constabulary,Lancashire Constabulary,-2.469465,53.690961,On or near Fountain Street,E01012654,Blackburn with Darwen 016D,Anti-social behaviour,,
,2019-02,Lancashire Constabulary,Lancashire Constabulary,-2.466397,53.694263,On or near Parking Area,E01012654,Blackburn with Darwen 016D,Anti-social behaviour,,
,2019-02,Lancashire Constabulary,Lancashire Constabulary,-2.467149,53.696480,On or near Supermarket,E01012654,Blackburn with Darwen 016D,Anti-social behaviour,,
,2019-02,Lancashire Constabulary,Lancashire Constabulary,-2.465448,53.694689,On or near Victoria Street,E01012654,Blackburn with Darwen 016D,Anti-social behaviour,,
,2019-02,Lancashire Constabulary,Lancashire Constabulary,-2.467320,53.695544,On or near Croft Street,E01012654,Blackburn with Darwen 016D,Anti-social behaviour,,
,2019-02,Lancashire Constabulary,Lancashire Constabulary,-2.465286,53.696514,On or near Railway Road,E01012654,Blackburn with Darwen 016D,Anti-social behaviour,,
,2019-02,Lancashire Constabulary,Lancashire Constabulary,-2.467828,53.692154,On or near Springfield Street,E01012654,Blackburn with Darwen 016D,Anti-social behaviour,,
,2019-02,Lancashire Constabulary,Lancashire Constabulary,-2.466227,53.695333,On or near Church Street,E01012654,Blackburn with Darwen 016D,Anti-social behaviour,,
c0662b498e1a733fe97e3f546ab22fed4b024adc7de4a6363c4554b577745ec3,2019-02,Lancashire Constabulary,Lancashire Constabulary,-2.467824,53.694572,On or near Belgrave Square,E01012654,Blackburn with Darwen 016D,Burglary,Status update unavailable,
f83f07dc55cdd1528cd57ce85cc791749e06e15e41b797542298dced811de5f1,2019-02,Lancashire Constabulary,Lancashire Constabulary,-2.465451,53.697727,On or near Parking Area,E01012654,Blackburn with Darwen 016D,Criminal damage and arson,Status update unavailable,
5ac3291561f2e2ca1a467932772d3604e7e77693dbcd2206c283704a3b2f8439,2019-02,Lancashire Constabulary,Lancashire Constabulary,-2.468036,53.695865,On or near Market Street,E01012654,Blackburn with Darwen 016D,Criminal damage and arson,Status update unavailable,
5c05fae89f1e6e3456a7d44eceff9048e78bae7a29a837596cd709d11b3c060d,2019-02,Lancashire Constabulary,Lancashire Constabulary,-2.465451,53.697727,On or near Parking Area,E01012654,Blackburn with Darwen 016D,Criminal damage and arson,Status update unavailable,
9b65532069758461297e7eb1d84eeff9bf26852d9f4357ae9ad69399186a3dbc,2019-02,Lancashire Constabulary,Lancashire Constabulary,-2.467824,53.694572,On or near Belgrave Square,E01012654,Blackburn with Darwen 016D,Criminal damage and arson,Status update unavailable,
f696b4914b82fa394b3b9342d83045019cb800d5834524198e65edf4de168566,2019-02,Lancashire Constabulary,Lancashire Constabulary,-2.466227,53.695333,On or near Church Street,E01012654,Blackburn with Darwen 016D,Other theft,Status update unavailable,
adeddabbcfdcc420162c640d8ff9e97ee801dc9925885b3b868bd5442a7996ac,2019-02,Lancashire Constabulary,Lancashire Constabulary,-2.468036,53.695865,On or near Market Street,E01012654,Blackburn with Darwen 016D,Other theft,Status update unavailable,
433f708564df3f80d413944d81cea0f9f2bf0cc508d4f6406f7d39ea426bc476,2019-02,Lancashire Constabulary,Lancashire Constabulary,-2.465448,53.694689,On or near Victoria Street,E01012654,Blackburn with Darwen 016D,Other theft,Status update unavailable,
bbbb0602a15e7bd2a538e9677a6733bbc39cbc37ae44b32485a214cc7b3bfb9d,2019-02,Lancashire Constabulary,Lancashire Constabulary,-2.466857,53.696121,On or near Shopping Area,E01012654,Blackburn with Darwen 016D,Other theft,Status update unavailable,
feed364448e2aced3744cf91f854974a5e4f9965cbdfb76721ce231ec2273519,2019-02,Lancashire Constabulary,Lancashire Constabulary,-2.466857,53.696121,On or near Shopping Area,E01012654,Blackburn with Darwen 016D,Other theft,Status update unavailable,
4c31dfd85c68e42a5d1c0f75d892aeeb230f4a8ef856e4a5323c415207dda16e,2019-02,Lancashire Constabulary,Lancashire Constabulary,-2.468036,53.695865,On or near Market Street,E01012654,Blackburn with Darwen 016D,Other theft,Status update unavailable,
2a7b0907ae536e101644f4be5d439d4b911afcec21d0d8bff5b57cfb795c966e,2019-02,Lancashire Constabulary,Lancashire Constabulary,-2.467320,53.695544,On or near Croft Street,E01012654,Blackburn with Darwen 016D,Other theft,Status update unavailable,
75ea6a0f54b4fee24cc81f0f00021327fe7e128e3c75ea3b836d0554cc452a68,2019-02,Lancashire Constabulary,Lancashire Constabulary,-2.467320,53.695544,On or near Croft Street,E01012654,Blackburn with Darwen 016D,Public order,Status update unavailable,
2a2adaedd8ffc783eae9e0dd83bca03ccccab6d4422da44a3e1060a778a341c3,2019-02,Lancashire Constabulary,Lancashire Constabulary,-2.464188,53.694460,On or near Sudell Road,E01012654,Blackburn with Darwen 016D,Public order,Status update unavailable,
d44ce4ae54fff36769f386c2e7f12b8026eb5652d997267e25cfe586d0c3155a,2019-02,Lancashire Constabulary,Lancashire Constabulary,-2.466227,53.695333,On or near Church Street,E01012654,Blackburn with Darwen 016D,Shoplifting,Status update unavailable,
5cfa3df08744c410e22933979d8834bdc675735eed55f75815c053ac6b1a9e51,2019-02,Lancashire Constabulary,Lancashire Constabulary,-2.468036,53.695865,On or near Market Street,E01012654,Blackburn with Darwen 016D,Shoplifting,Status update unavailable,
5f8a09694fe04cbb376fba034c1eaf54efc330364026ad9692350cd7647b5514,2019-02,Lancashire Constabulary,Lancashire Constabulary,-2.466857,53.696121,On or near Shopping Area,E01012654,Blackburn with Darwen 016D,Shoplifting,Status update unavailable,
23085555f3c61dc83713ef2f0a4ba8317ff2609add7dda494a6fb6fbdc9b21dc,2019-02,Lancashire Constabulary,Lancashire Constabulary,-2.466227,53.695333,On or near Church Street,E01012654,Blackburn with Darwen 016D,Violence and sexual offences,Status update unavailable,
c1821a64ea8b5880f3cbad0bc557c062f917415243359f3068518bdfc73a324a,2019-02,Lancashire Constabulary,Lancashire Constabulary,-2.467824,53.694572,On or near Belgrave Square,E01012654,Blackburn with Darwen 016D,Violence and sexual offences,Status update unavailable,
25d2e2edebbc5e0ed2d1b0e26e47ee5f058956eac237a415c3ce1a9d1fcd6130,2019-02,Lancashire Constabulary,Lancashire Constabulary,-2.470827,53.690857,On or near Limes Avenue,E01012654,Blackburn with Darwen 016D,Violence and sexual offences,Unable to prosecute suspect,
657a315573c80446239aec26bc0983e1cff4f876d113ce3a08200afc3cf322e6,2019-02,Lancashire Constabulary,Lancashire Constabulary,-2.466851,53.691439,On or near Spring Gardens,E01012654,Blackburn with Darwen 016D,Violence and sexual offences,Status update unavailable,
0a50532a5dd989d03b908a694d4a3e3746390a303b5491a81e0e1c20574aefa8,2019-02,Lancashire Constabulary,Lancashire Constabulary,-2.463467,53.696332,On or near Higher South Street,E01012654,Blackburn with Darwen 016D,Violence and sexual offences,Offender given a caution,
f7dd44ec6b2416d249f2841daf2615c345a29d1f27fbaace2c06618a1e356e7c,2019-02,Lancashire Constabulary,Lancashire Constabulary,-2.467320,53.695544,On or near Croft Street,E01012654,Blackburn with Darwen 016D,Violence and sexual offences,Unable to prosecute suspect,
966fb3c2aa8e5ce29712586001a7be77bb97ce721517451e3b93a37b6edeab7f,2019-02,Lancashire Constabulary,Lancashire Constabulary,-2.468036,53.695865,On or near Market Street,E01012654,Blackburn with Darwen 016D,Violence and sexual offences,Unable to prosecute suspect,
b21d9187b6b7bb9ab24da7a2ca47f94599cf43d803b1a499147026beed6e4db2,2019-02,Lancashire Constabulary,Lancashire Constabulary,-2.466857,53.696121,On or near Shopping Area,E01012654,Blackburn with Darwen 016D,Violence and sexual offences,Unable to prosecute suspect,
6661e82c4d9e98c815dd9cc4b13b1f926e328f5f17f9eacf58a0f901e5422929,2019-02,Lancashire Constabulary,Lancashire Constabulary,-2.464875,53.694943,On or near Bank Street,E01012654,Blackburn with Darwen 016D,Violence and sexual offences,Unable to prosecute suspect,
21a543487bdd8c6cf17cd118afd96d57fbfb5c925f6708d25100dc7f75ba70df,2019-02,Lancashire Constabulary,Lancashire Constabulary,-2.465286,53.696514,On or near Railway Road,E01012654,Blackburn with Darwen 016D,Violence and sexual offences,Further investigation is not in the public interest,
191002e64d5d9f80eab5ce8aa9b9756f36e2885cb3ec86edf4c54bed3b46eb90,2019-02,Lancashire Constabulary,Lancashire Constabulary,-2.466227,53.695333,On or near Church Street,E01012654,Blackburn with Darwen 016D,Violence and sexual offences,Status update unavailable,
1addb81f0f74a8d687156d892c588099e715fdb5c4178bc584369779c4ea7bdb,2019-02,Lancashire Constabulary,Lancashire Constabulary,-2.466183,53.696807,On or near Theatre/Concert Hall,E01012654,Blackburn with Darwen 016D,Violence and sexual offences,Unable to prosecute suspect,
f164b3cc19bc0fd8d670f76fa97a300fc9e90ba6809a412a260980d91f509b34,2019-02,Lancashire Constabulary,Lancashire Constabulary,-2.466227,53.695333,On or near Church Street,E01012654,Blackburn with Darwen 016D,Violence and sexual offences,Status update unavailable,
8f26df5584e74e527560fe416a18949c6a6ba31e8a33fb30373df1820d0f1767,2019-02,Lancashire Constabulary,Lancashire Constabulary,-2.463260,53.695416,On or near Joseph Street,E01012654,Blackburn with Darwen 016D,Violence and sexual offences,Unable to prosecute suspect,
28f6c505e6a2bf2d86623ec434c0a8e51d7334d253f5add5a8149b0b20f270ea,2019-02,Lancashire Constabulary,Lancashire Constabulary,-2.465448,53.694689,On or near Victoria Street,E01012654,Blackburn with Darwen 016D,Violence and sexual offences,Unable to prosecute suspect,
a044c1706011c1b33aa9cac851fbc4f7461b337964441449406ac7415d24adec,2019-02,Lancashire Constabulary,Lancashire Constabulary,-2.463260,53.695416,On or near Joseph Street,E01012654,Blackburn with Darwen 016D,Violence and sexual offences,Unable to prosecute suspect,
31f10da09b27da86c3ae8b56a867e8e292a98bd26a6a37300d42b9c6e7035e1f,2019-02,Lancashire Constabulary,Lancashire Constabulary,-2.463779,53.695765,On or near Entwistle Street,E01012654,Blackburn with Darwen 016D,Violence and sexual offences,Status update unavailable,
2c5847383485c939cd1c61e7b63c101f53df3ce66ae9d704ffe6949caad27fc2,2019-02,Lancashire Constabulary,Lancashire Constabulary,-2.466227,53.695333,On or near Church Street,E01012654,Blackburn with Darwen 016D,Violence and sexual offences,Awaiting court outcome,
41be9b9e905e5819acd8d0ac8126b1efc42bc217f660a8094aa257aafc15c075,2019-02,Lancashire Constabulary,Lancashire Constabulary,-2.465448,53.694689,On or near Victoria Street,E01012654,Blackburn with Darwen 016D,Violence and sexual offences,Local resolution,
8143e842a29122dba239a184dc044e5490d1501fe4a708d25f5ddc3f7f708ecc,2019-02,Lancashire Constabulary,Lancashire Constabulary,-2.464875,53.694943,On or near Bank Street,E01012654,Blackburn with Darwen 016D,Violence and sexual offences,Offender given community sentence,
c6bbdb5aa0bdf72e75e217a2d9ff1fb26aff9401428862c8bc5e8b71fcd0476f,2019-02,Lancashire Constabulary,Lancashire Constabulary,-2.466227,53.695333,On or near Church Street,E01012654,Blackburn with Darwen 016D,Violence and sexual offences,Status update unavailable,
1daa408800f25ee5943466c277254bf47dcc8788eb5005a14f35479067d0c621,2019-02,Lancashire Constabulary,Lancashire Constabulary,-2.467320,53.695544,On or near Croft Street,E01012654,Blackburn with Darwen 016D,Violence and sexual offences,Status update unavailable,
775f4fe077f73238faff2d5cbb389a6dc29ce4a4692bf830d67a8b36a6ac60c5,2019-02,Lancashire Constabulary,Lancashire Constabulary,-2.463260,53.695416,On or near Joseph Street,E01012654,Blackburn with Darwen 016D,Violence and sexual offences,Offender given a caution,
050f589628c937467859b8ca8a88890c7103e8b70edaa25f37bcdeafe95b6e1c,2019-02,Lancashire Constabulary,Lancashire Constabulary,-2.467828,53.692154,On or near Springfield Street,E01012654,Blackburn with Darwen 016D,Other crime,Status update unavailable,
,2019-02,Lancashire Constabulary,Lancashire Constabulary,-2.446947,53.690957,On or near Rudyard Drive,E01012614,Blackburn with Darwen 017A,Anti-social behaviour,,
,2019-02,Lancashire Constabulary,Lancashire Constabulary,-2.450623,53.693451,On or near Abbey Place,E01012614,Blackburn with Darwen 017A,Anti-social behaviour,,
903d183e0b297c07c0870fbbf0d69967c6f45a962b0b3162eac2111e6f241ff2,2019-02,Lancashire Constabulary,Lancashire Constabulary,-2.446947,53.690957,On or near Rudyard Drive,E01012614,Blackburn with Darwen 017A,Burglary,Status update unavailable,
52735519aae1ce4163c579524b450e95700ef17473cd303346711b68928698c1,2019-02,Lancashire Constabulary,Lancashire Constabulary,-2.446947,53.690957,On or near Rudyard Drive,E01012614,Blackburn with Darwen 017A,Burglary,Status update unavailable,
aeea041a90691b85880c96ee8ab00c7b35450d44d57150bbafc3ff88d5f6cfa1,2019-02,Lancashire Constabulary,Lancashire Constabulary,-2.450623,53.693451,On or near Abbey Place,E01012614,Blackburn with Darwen 017A,Criminal damage and arson,Status update unavailable,
bae51dde8d3a7accdc89d7e1183db3f89cc5cd39a4f80984502503650e0399f1,2019-02,Lancashire Constabulary,Lancashire Constabulary,-2.449789,53.693301,On or near Priory Place,E01012614,Blackburn with Darwen 017A,Vehicle crime,Status update unavailable,
495919642be202a555e0ed52e3e0a31ad14c6ffd11c99c8d2dcafb5e85a2f804,2019-02,Lancashire Constabulary,Lancashire Constabulary,-2.449792,53.692223,On or near Minster Crescent,E01012614,Blackburn with Darwen 017A,Vehicle crime,Status update unavailable,
6da9e20461819d2e898407ea831f7f7f829b0c1541af1bea2a7ea8cbf2b8c7bd,2019-02,Lancashire Constabulary,Lancashire Constabulary,-2.449337,53.692117,On or near Sawley Close,E01012614,Blackburn with Darwen 017A,Violence and sexual offences,Action to be taken by another organisation,
8978010c8719fe2ee243919a1a3b6fce6cabd3139a22d02ee3ce6a81e3c33a5e,2019-02,Lancashire Constabulary,Lancashire Constabulary,-2.448399,53.692246,On or near Spire Close,E01012614,Blackburn with Darwen 017A,Violence and sexual offences,Unable to prosecute suspect,
,2019-02,Lancashire Constabulary,Lancashire Constabulary,-2.462924,53.692398,On or near Ashton Lane,E01012615,Blackburn with Darwen 017B,Anti-social behaviour,,
,2019-02,Lancashire Constabulary,Lancashire Constabulary,-2.459518,53.691152,On or near Holker Street,E01012615,Blackburn with Darwen 017B,Anti-social behaviour,,
,2019-02,Lancashire Constabulary,Lancashire Constabulary,-2.462596,53.690116,On or near Hilton Road,E01012615,Blackburn with Darwen 017B,Anti-social behaviour,,
,2019-02,Lancashire Constabulary,Lancashire Constabulary,-2.462069,53.691745,On or near India Street,E01012615,Blackburn with Darwen 017B,Anti-social behaviour,,
72b8cb95be98cb2a5f68878b1e3ba0c460c1e18e279700925ce7711d2c8b06d1,2019-02,Lancashire Constabulary,Lancashire Constabulary,-2.459554,53.693049,On or near Highfield Mews,E01012615,Blackburn with Darwen 017B,Criminal damage and arson,Status update unavailable,
9a48740c2acc44a7440b55b7994553640c1dc687761964a8e63a2f329f312700,2019-02,Lancashire Constabulary,Lancashire Constabulary,-2.457552,53.690027,On or near Prince Lee Meadows,E01012615,Blackburn with Darwen 017B,Violence and sexual offences,Status update unavailable,
b4251da716b6dc7265edf7759efb6171119c43017cdf9fb36e4ea8d8d2f72a46,2019-02,Lancashire Constabulary,Lancashire Constabulary,-2.462069,53.691745,On or near India Street,E01012615,Blackburn with Darwen 017B,Violence and sexual offences,Further investigation is not in the public interest,
e36abad580d1eccc81c0bfb3156dc0293de7edf6c79c13fa827c4b62df65f93c,2019-02,Lancashire Constabulary,Lancashire Constabulary,-2.462596,53.690116,On or near Hilton Road,E01012615,Blackburn with Darwen 017B,Violence and sexual offences,Status update unavailable,
c6c4dead17853d82de9073a3bfb4a8b51b9fe6efdf7583885b98657dbdb35f37,2019-02,Lancashire Constabulary,Lancashire Constabulary,-2.459764,53.694288,On or near Philip Street,E01012615,Blackburn with Darwen 017B,Violence and sexual offences,Status update unavailable,
94b2435c57eb7874f00122a6b36aa54dd6c8fd806fe718013d547ba2e61368ff,2019-02,Lancashire Constabulary,Lancashire Constabulary,-2.459548,53.693876,On or near Brandwood Street,E01012615,Blackburn with Darwen 017B,Violence and sexual offences,Offender given community sentence,
2fe32342b0018037337f1901cac7a0e7bd5a02485e9649444f6952b79ac3a414,2019-02,Lancashire Constabulary,Lancashire Constabulary,-2.462069,53.691745,On or near India Street,E01012615,Blackburn with Darwen 017B,Violence and sexual offences,Further investigation is not in the public interest,
c871e632bfa37d216661244783ba9ccb3a8c7ee303779a3825c08ed829533c92,2019-02,Lancashire Constabulary,Lancashire Constabulary,-2.462069,53.691745,On or near India Street,E01012615,Blackburn with Darwen 017B,Violence and sexual offences,Status update unavailable,
,2019-02,Lancashire Constabulary,Lancashire Constabulary,-2.450500,53.683313,On or near Martin Drive,E01012616,Blackburn with Darwen 017C,Anti-social behaviour,,
,2019-02,Lancashire Constabulary,Lancashire Constabulary,-2.461785,53.686560,On or near Junction Street,E01012616,Blackburn with Darwen 017C,Anti-social behaviour,,
78792a067aa0a19414ec1cc42166aea2725f0eaec0a560580e133e3a5217a5bd,2019-02,Lancashire Constabulary,Lancashire Constabulary,-2.456943,53.685482,On or near Hampden Avenue,E01012616,Blackburn with Darwen 017C,Burglary,Status update unavailable,
fd248ca56bc25e0d5b81111bd8e8ba95cd9a1eeaac7c8cdd782d9a610b1f1f53,2019-02,Lancashire Constabulary,Lancashire Constabulary,-2.456943,53.685482,On or near Hampden Avenue,E01012616,Blackburn with Darwen 017C,Burglary,Status update unavailable,
f8f527637471b2ff4e69acdfc8fca9e063287c765987d5e0bc2c26869c0aecff,2019-02,Lancashire Constabulary,Lancashire Constabulary,-2.456943,53.685482,On or near Hampden Avenue,E01012616,Blackburn with Darwen 017C,Burglary,Status update unavailable,
a8bb2e861347d3d1fdab47ce40d03dab237ae42ee8479d05f99add4ccac98da7,2019-02,Lancashire Constabulary,Lancashire Constabulary,-2.458674,53.687291,On or near The Sidings,E01012616,Blackburn with Darwen 017C,Violence and sexual offences,Further investigation is not in the public interest,
681862277b0ea68cbbccc10b646135829ec6eb9f9019463074235c1e570f8971,2019-02,Lancashire Constabulary,Lancashire Constabulary,-2.458674,53.687291,On or near The Sidings,E01012616,Blackburn with Darwen 017C,Violence and sexual offences,Unable to prosecute suspect,
854fb243eeaa88db29b50ab212d99cfd765ce25f00f5bb5cdeb9db38d192144a,2019-02,Lancashire Constabulary,Lancashire Constabulary,-2.458674,53.687291,On or near The Sidings,E01012616,Blackburn with Darwen 017C,Violence and sexual offences,Further investigation is not in the public interest,
,2019-02,Lancashire Constabulary,Lancashire Constabulary,-2.464536,53.687547,On or near Huntington Drive,E01012659,Blackburn with Darwen 017D,Anti-social behaviour,,
,2019-02,Lancashire Constabulary,Lancashire Constabulary,-2.467906,53.689610,On or near Melville Gardens,E01012659,Blackburn with Darwen 017D,Anti-social behaviour,,
,2019-02,Lancashire Constabulary,Lancashire Constabulary,-2.463261,53.681709,On or near Ross Street,E01012659,Blackburn with Darwen 017D,Anti-social behaviour,,
,2019-02,Lancashire Constabulary,Lancashire Constabulary,-2.462347,53.681245,On or near Ivy Terrace,E01012659,Blackburn with Darwen 017D,Anti-social behaviour,,
52c51e672fbe6a8f9a0ee7a325d2ef9ebc1cc440835ecb7efdf8285f4539831a,2019-02,Lancashire Constabulary,Lancashire Constabulary,-2.462045,53.684015,On or near Epworth Street,E01012659,Blackburn with Darwen 017D,Criminal damage and arson,Status update unavailable,
fd2956dded3ddf476fca7e0ae2b410628b123bb568f8379e26cc1c39aef3a3e6,2019-02,Lancashire Constabulary,Lancashire Constabulary,-2.463209,53.686626,On or near Petrol Station,E01012659,Blackburn with Darwen 017D,Other theft,Status update unavailable,
2c8c43f196c83b1515f6eab3f7b14a5800ca9db40b7141049527d49c651ffe23,2019-02,Lancashire Constabulary,Lancashire Constabulary,-2.467534,53.688901,On or near Hillside Gardens,E01012659,Blackburn with Darwen 017D,Public order,Status update unavailable,
d7cdbe4482343b66cc4e2c06e27afb03a90dff98e690c084a1a425d52abb2ffe,2019-02,Lancashire Constabulary,Lancashire Constabulary,-2.462045,53.684015,On or near Epworth Street,E01012659,Blackburn with Darwen 017D,Vehicle crime,Status update unavailable,
22b01e7cd19083eeed2dd08056afebc51558baaccf29bcc45ccd8f1a351ebae0,2019-02,Lancashire Constabulary,Lancashire Constabulary,-2.462347,53.681245,On or near Ivy Terrace,E01012659,Blackburn with Darwen 017D,Vehicle crime,Status update unavailable,
858d0d050e6ba1711e5d77cdeabfe1d032ff6e2bafadf6ca7ef9e27600f84095,2019-02,Lancashire Constabulary,Lancashire Constabulary,-2.462347,53.681245,On or near Ivy Terrace,E01012659,Blackburn with Darwen 017D,Violence and sexual offences,Status update unavailable,
6ebac36ae987fc430c819b26e39b1c1a3a36ef669a2fe6ba104a1edf945654cc,2019-02,Lancashire Constabulary,Lancashire Constabulary,-2.466882,53.687421,On or near Astley Heights,E01012659,Blackburn with Darwen 017D,Violence and sexual offences,Status update unavailable,
2eb9652b07a08d604d08897df23ddbd678742056e45207f39842ec402f18cdb0,2019-02,Lancashire Constabulary,Lancashire Constabulary,-2.466882,53.687421,On or near Astley Heights,E01012659,Blackburn with Darwen 017D,Violence and sexual offences,Status update unavailable,
9cb6db7d0f590d7831602f19cc8202cc713be73e67c3f91d3c1d138f70c8ee97,2019-02,Lancashire Constabulary,Lancashire Constabulary,-2.467534,53.688901,On or near Hillside Gardens,E01012659,Blackburn with Darwen 017D,Violence and sexual offences,Status update unavailable,
c3b99e4dad20edc8d6faee8976087eec935a25b911b465a64dfce431ab6d6afb,2019-02,Lancashire Constabulary,Lancashire Constabulary,-2.455671,53.684039,On or near The Clough,E01012660,Blackburn with Darwen 017E,Vehicle crime,Status update unavailable,
132ac1b19530b64ae4dbd1722fdaff9fdc9439dea6d6f21913523aab8ced396e,2019-02,Lancashire Constabulary,Lancashire Constabulary,-2.457348,53.679530,On or near Stanley Drive,E01012660,Blackburn with Darwen 017E,Vehicle crime,Status update unavailable,
7d246e6aa46cad6f989e3ea6da9e99b9c75a0909f5ba844c57639374767fc610,2019-02,Lancashire Constabulary,Lancashire Constabulary,-2.457963,53.679042,On or near Cemetery Road,E01012660,Blackburn with Darwen 017E,Violence and sexual offences,Further investigation is not in the public interest,
d5a81311d43cde1e704a781b15774f2c86ff42b8d6d82ce17e46f753b56dc9c6,2019-02,Lancashire Constabulary,Lancashire Constabulary,-2.457963,53.679042,On or near Cemetery Road,E01012660,Blackburn with Darwen 017E,Violence and sexual offences,Unable to prosecute suspect,
,2019-02,Lancashire Constabulary,Lancashire Constabulary,-2.459626,53.684384,On or near Meadow Street,E01012661,Blackburn with Darwen 017F,Anti-social behaviour,,
,2019-02,Lancashire Constabulary,Lancashire Constabulary,-2.459584,53.683287,On or near Maria Street,E01012661,Blackburn with Darwen 017F,Anti-social behaviour,,
e3d16d565c58db2542c48b7349be2d2dfd1d07350d463ace9a278de5a3aa2b1d,2019-02,Lancashire Constabulary,Lancashire Constabulary,-2.459872,53.681911,On or near Blackpool Street,E01012661,Blackburn with Darwen 017F,Burglary,Status update unavailable,
ecb9bb1cb9d849da3bc9ab5d3d7c938c7efd32715527c705d9c09fd6f7ca0653,2019-02,Lancashire Constabulary,Lancashire Constabulary,-2.459626,53.684384,On or near Meadow Street,E01012661,Blackburn with Darwen 017F,Burglary,Status update unavailable,
7979ceb801412a93a4cae3113e5cf978425d412b57d9d5bbac5389ad321a46b1,2019-02,Lancashire Constabulary,Lancashire Constabulary,-2.459745,53.682792,On or near Alfred Street,E01012661,Blackburn with Darwen 017F,Burglary,Status update unavailable,
8e03d26bcec016edbc1f0a506e33df4e9314f601e8cded683d1606e7eca4e6ed,2019-02,Lancashire Constabulary,Lancashire Constabulary,-2.459109,53.680017,On or near Whitehall Street,E01012661,Blackburn with Darwen 017F,Burglary,Status update unavailable,
0bf0e5d3b53f507c4497b7a7114e4cd7ecd8a3dfee1d3fc0477b4b747ec1cf0c,2019-02,Lancashire Constabulary,Lancashire Constabulary,-2.461602,53.685068,On or near Bus/Coach Station,E01012661,Blackburn with Darwen 017F,Public order,Status update unavailable,
94c6bd3204c58f28c20d0b045cc19a6a9d8de75b2891471aabe52de516262997,2019-02,Lancashire Constabulary,Lancashire Constabulary,-2.460390,53.680884,On or near Swan Street,E01012661,Blackburn with Darwen 017F,Vehicle crime,Status update unavailable,
b37c730392b14fb1650f673b0f2a1c086c2509093b2ce82b66c2e5bc4df80298,2019-02,Lancashire Constabulary,Lancashire Constabulary,-2.459109,53.680017,On or near Whitehall Street,E01012661,Blackburn with Darwen 017F,Violence and sexual offences,Further investigation is not in the public interest,
8717bf2784e8d4f3794ca5a594ffa36730cff3e75c6650625281fd85c7f3c7aa,2019-02,Lancashire Constabulary,Lancashire Constabulary,-2.459584,53.683287,On or near Maria Street,E01012661,Blackburn with Darwen 017F,Violence and sexual offences,Unable to prosecute suspect,
a3e2a49774fd7443f10772a315db5e9083c85992c770720a91859bb3f741773a,2019-02,Lancashire Constabulary,Lancashire Constabulary,-2.459755,53.683700,On or near Portland Street,E01012661,Blackburn with Darwen 017F,Violence and sexual offences,Unable to prosecute suspect,
,2019-02,Lancashire Constabulary,Lancashire Constabulary,-2.433628,53.697532,On or near Earls Drive,E01012592,Blackburn with Darwen 018A,Anti-social behaviour,,
,2019-02,Lancashire Constabulary,Lancashire Constabulary,-2.433853,53.707678,On or near Park/Open Space,E01012592,Blackburn with Darwen 018A,Anti-social behaviour,,
3d3aa376763d2536503fd6f7ec59f3ba2f91fb394ae36be8e45b18218475c59c,2019-02,Lancashire Constabulary,Lancashire Constabulary,-2.434091,53.704289,On or near Johnson New Road,E01012592,Blackburn with Darwen 018A,Burglary,Unable to prosecute suspect,
28dfb0150113b7da853fdd6dbcbeb36f9d8599697cf8a452d8b4951bae6c52e2,2019-02,Lancashire Constabulary,Lancashire Constabulary,-2.468649,53.714244,On or near Chanters Way,E01012592,Blackburn with Darwen 018A,Other theft,Status update unavailable,
00c30bf93a03d42d4823eabcd4c2f5e70a4a1bc2e17f53f4012788ec9870d0ef,2019-02,Lancashire Constabulary,Lancashire Constabulary,-2.468649,53.714244,On or near Chanters Way,E01012592,Blackburn with Darwen 018A,Other theft,Status update unavailable,
82805747ad5f52508783396f063a3714b20e7eb92530bb561cd4cf7d9d406527,2019-02,Lancashire Constabulary,Lancashire Constabulary,-2.435008,53.693266,On or near Glenshiels Avenue,E01012592,Blackburn with Darwen 018A,Vehicle crime,Status update unavailable,
4fbca168f88615263eca287ca9eb0d0f2dc0d4ea3fa5e6a9c4a6f05ce908cfb3,2019-02,Lancashire Constabulary,Lancashire Constabulary,-2.434091,53.704289,On or near Johnson New Road,E01012592,Blackburn with Darwen 018A,Vehicle crime,Status update unavailable,
f4c1ce16a81f7321437c3adda871fe51b53989d2fa20f473c764700e505e51ac,2019-02,Lancashire Constabulary,Lancashire Constabulary,-2.431351,53.695607,On or near Sydney Street,E01012592,Blackburn with Darwen 018A,Violence and sexual offences,Unable to prosecute suspect,
134392276e7956caf255cee39d780547b38921f7fc34882e9d1a2d60916d9b15,2019-02,Lancashire Constabulary,Lancashire Constabulary,-2.431635,53.702635,On or near Park/Open Space,E01012592,Blackburn with Darwen 018A,Violence and sexual offences,Status update unavailable,
c65e45b88400776958802d48be9bbc5099936d930d39f71b17e3e4187f36d88b,2019-02,Lancashire Constabulary,Lancashire Constabulary,-2.433612,53.694485,On or near Carus Avenue,E01012592,Blackburn with Darwen 018A,Violence and sexual offences,Status update unavailable,
8dc7c69a2af026a22e749c51f9da950c809256578e606f76499135166ad05594,2019-02,Lancashire Constabulary,Lancashire Constabulary,-2.433612,53.694485,On or near Carus Avenue,E01012592,Blackburn with Darwen 018A,Violence and sexual offences,Further investigation is not in the public interest,
86245661e562f28ca19c00fe417023a25fabbc8dbcff1ac7fabd010fdf1eb20b,2019-02,Lancashire Constabulary,Lancashire Constabulary,-2.431635,53.702635,On or near Park/Open Space,E01012592,Blackburn with Darwen 018A,Other crime,Unable to prosecute suspect,
,2019-02,Lancashire Constabulary,Lancashire Constabulary,-2.515052,53.678999,On or near Mill Lane,E01012628,Blackburn with Darwen 018D,Anti-social behaviour,,
2da4032fd7fc36f1d1fc9cb4da831f34778ccc0d1293681726e9a8a49ae9e0b5,2019-02,Lancashire Constabulary,Lancashire Constabulary,-2.491791,53.638056,On or near Park/Open Space,E01012628,Blackburn with Darwen 018D,Burglary,Status update unavailable,
293d716d66520021fb3c7a5c09d3219e7f79c4c5d5996b5ab483a42cc36bb4b7,2019-02,Lancashire Constabulary,Lancashire Constabulary,-2.493924,53.638065,On or near Church Street,E01012628,Blackburn with Darwen 018D,Burglary,Status update unavailable,
b1b55efa3a3a24d548c9055b9f3bfaa3156fa8927fbe6232c3a5279da115bd48,2019-02,Lancashire Constabulary,Lancashire Constabulary,-2.493924,53.638065,On or near Church Street,E01012628,Blackburn with Darwen 018D,Burglary,Status update unavailable,
f8dbf720475c4f070735f541965347680890d7a859e01b3b7d25024245c48b41,2019-02,Lancashire Constabulary,Lancashire Constabulary,-2.516088,53.703029,On or near Long Lane,E01012628,Blackburn with Darwen 018D,Violence and sexual offences,Unable to prosecute suspect,
a9c7270f8e71a9e53d1674db5a77a6001435d600df77de67580e6a6759f5d2e6,2019-02,Lancashire Constabulary,Lancashire Constabulary,-2.518929,53.701201,On or near Old School Lane,E01012628,Blackburn with Darwen 018D,Violence and sexual offences,Status update unavailable,
,2019-02,Lancashire Constabulary,Lancashire Constabulary,-2.392304,53.680534,On or near Park/Open Space,E01032485,Blackburn with Darwen 018E,Anti-social behaviour,,
,2019-02,Lancashire Constabulary,Lancashire Constabulary,-2.400335,53.654199,On or near Sports/Recreation Area,E01032485,Blackburn with Darwen 018E,Anti-social behaviour,,
f75f03190a1dcc96f97c4760c9215ccd7aa3ea0ba6633cfedb9e6e36d9140224,2019-02,Lancashire Constabulary,Lancashire Constabulary,-2.399004,53.636640,On or near Vale Street,E01032485,Blackburn with Darwen 018E,Criminal damage and arson,Status update unavailable,
4339f46f8aea7ea5389847025df007d6b422245b346c933a6e6d8b38156fac55,2019-02,Lancashire Constabulary,Lancashire Constabulary,-2.388376,53.640342,On or near Bury Road,E01032485,Blackburn with Darwen 018E,Violence and sexual offences,Unable to prosecute suspect,
3fe7146b88ea9833278184122953711964c99200b24b52f8b5b99ab026e9c438,2019-02,Lancashire Constabulary,Lancashire Constabulary,-2.399321,53.650948,On or near Isherwood Fold,E01032486,Blackburn with Darwen 018F,Burglary,Status update unavailable,
3419c58ef09bd6cbba0c144530e9a82f4e9846c2452c79d1bef9441523ec5566,2019-02,Lancashire Constabulary,Lancashire Constabulary,-2.399321,53.650948,On or near Isherwood Fold,E01032486,Blackburn with Darwen 018F,Burglary,Status update unavailable,
987efdbf03f6a3c0f43222796537fa9a1ddabfa2e55cb0b71f42b5969a87e375,2019-02,Lancashire Constabulary,Lancashire Constabulary,-2.398146,53.649838,On or near Middle Turn,E01032486,Blackburn with Darwen 018F,Violence and sexual offences,Status update unavailable,
7458a37e0401b5d353b5b9dffd5433f8c17432e43292e0c9211b64c4d9c6a696,2019-02,Lancashire Constabulary,Lancashire Constabulary,-2.395366,53.646998,On or near Moorfield,E01032486,Blackburn with Darwen 018F,Violence and sexual offences,Status update unavailable,
68cc3b407d1a81aa72b7b007d62674ab6ac8d5df97a21e7b7d64f31ca76d9062,2019-02,Lancashire Constabulary,Lancashire Constabulary,-2.398146,53.649838,On or near Middle Turn,E01032486,Blackburn with Darwen 018F,Violence and sexual offences,Status update unavailable,
f484720a9d4fada6a5d07160b53521046f3b903be020122bc93fb94eea88d29e,2019-02,Lancashire Constabulary,Lancashire Constabulary,-2.395366,53.646998,On or near Moorfield,E01032486,Blackburn with Darwen 018F,Violence and sexual offences,Status update unavailable,
,2019-02,Lancashire Constabulary,Lancashire Constabulary,-3.042794,53.872889,On or near Kelso Avenue,E01012663,Blackpool 001A,Anti-social behaviour,,
,2019-02,Lancashire Constabulary,Lancashire Constabulary,-3.046372,53.873648,On or near Buckden Close,E01012663,Blackpool 001A,Anti-social behaviour,,
,2019-02,Lancashire Constabulary,Lancashire Constabulary,-3.042435,53.871912,On or near Kelso Avenue,E01012663,Blackpool 001A,Anti-social behaviour,,
33fc75c7984eab6efca837b05c3c962fbf129a62850889e206ef1720df85c433,2019-02,Lancashire Constabulary,Lancashire Constabulary,-3.048983,53.866156,On or near Lower Walk,E01012663,Blackpool 001A,Other theft,Status update unavailable,
4c9f69fb3538e1d321746633885a3d146ec438595467c2d6b9708c5b4d4e912b,2019-02,Lancashire Constabulary,Lancashire Constabulary,-3.041497,53.870914,On or near Gresham Road,E01012663,Blackpool 001A,Other theft,Status update unavailable,
1bd3107bd13e9b77772def6d472789a71f5f749455d6d3ef0ed31e7069c3250c,2019-02,Lancashire Constabulary,Lancashire Constabulary,-3.045145,53.872041,On or near Anchorsholme Lane West,E01012663,Blackpool 001A,Violence and sexual offences,Unable to prosecute suspect,
,2019-02,Lancashire Constabulary,Lancashire Constabulary,-3.034596,53.872277,On or near Bedale Place,E01012664,Blackpool 001B,Anti-social behaviour,,
,2019-02,Lancashire Constabulary,Lancashire Constabulary,-3.029694,53.872714,On or near Knowle Avenue,E01012664,Blackpool 001B,Anti-social behaviour,,
,2019-02,Lancashire Constabulary,Lancashire Constabulary,-3.041628,53.874930,On or near The Close,E01012664,Blackpool 001B,Anti-social behaviour,,
,2019-02,Lancashire Constabulary,Lancashire Constabulary,-3.038650,53.871990,On or near The Courtyard,E01012664,Blackpool 001B,Anti-social behaviour,,
2b2eeb7773f5be4bbaedefc7754baf9cbc476acfa51e020160dca1c4feab384b,2019-02,Lancashire Constabulary,Lancashire Constabulary,-3.038650,53.871990,On or near The Courtyard,E01012664,Blackpool 001B,Criminal damage and arson,Status update unavailable,
643e3e355a183a21a6307899c79130e29d9cb68e15b0ed46dca84421d8408547,2019-02,Lancashire Constabulary,Lancashire Constabulary,-3.029694,53.872714,On or near Knowle Avenue,E01012664,Blackpool 001B,Other theft,Status update unavailable,
c007a42c4d4ce4608b00b2760e2a5a7b67d4976d1797f8a0bb2d0e5c10d52dfa,2019-02,Lancashire Constabulary,Lancashire Constabulary,-3.036264,53.871480,On or near Keith Grove,E01012664,Blackpool 001B,Public order,Unable to prosecute suspect,
08c5117ad0f02e97c52a7cf0df14ff18003c52b3c55f1f325e7c0b11ece59e51,2019-02,Lancashire Constabulary,Lancashire Constabulary,-3.036264,53.871480,On or near Keith Grove,E01012664,Blackpool 001B,Vehicle crime,Status update unavailable,
4bcf0546962be0f635f5e512c2cc8dc4b0ffd8c9c79ff0360a9abd030d09794f,2019-02,Lancashire Constabulary,Lancashire Constabulary,-3.035049,53.872165,On or near Rochford Avenue,E01012664,Blackpool 001B,Vehicle crime,Status update unavailable,
179c90ab0269b48c582a9140f171f18aceb6e804bcd057fa2fee99feedcd490d,2019-02,Lancashire Constabulary,Lancashire Constabulary,-3.031181,53.873807,On or near Willows Avenue,E01012664,Blackpool 001B,Violence and sexual offences,Unable to prosecute suspect,
3ca33522406b8ed3a7fe3f0ba1f97aba8b361e058585c2d411a9248c06e6077c,2019-02,Lancashire Constabulary,Lancashire Constabulary,-3.035249,53.872855,On or near Anchorsholme Lane East,E01012664,Blackpool 001B,Violence and sexual offences,Status update unavailable,
45d414e42821f8117b2400e95469c24edd41d2f878ef8eb12c12c02a3e16c09b,2019-02,Lancashire Constabulary,Lancashire Constabulary,-3.038650,53.871990,On or near The Courtyard,E01012664,Blackpool 001B,Violence and sexual offences,Unable to prosecute suspect,
,2019-02,Lancashire Constabulary,Lancashire Constabulary,-3.028909,53.867391,On or near Seabrook Drive,E01012665,Blackpool 001C,Anti-social behaviour,,
182e2b1044857e889367a787be503b31fecc10bfd0e3f4b0bea5bbced1e5fac1,2019-02,Lancashire Constabulary,Lancashire Constabulary,-3.032876,53.871599,On or near Beryl Avenue,E01012665,Blackpool 001C,Vehicle crime,Status update unavailable,
93279157772f8b8598089259b97c5c93e160064cebfedc44e0fd71dc5208a281,2019-02,Lancashire Constabulary,Lancashire Constabulary,-3.035065,53.868497,On or near Redeswood Avenue,E01012665,Blackpool 001C,Violence and sexual offences,Status update unavailable,
6775efa4575716f1a3e2febc8c2677f839992fc177bbc9f60c2dd8dcce3150ac,2019-02,Lancashire Constabulary,Lancashire Constabulary,-3.035065,53.868497,On or near Redeswood Avenue,E01012665,Blackpool 001C,Violence and sexual offences,Awaiting court outcome,
d55ed010193f84655f51be475340e414c09456983bd40047fff6b3a4863de368,2019-02,Lancashire Constabulary,Lancashire Constabulary,-3.035065,53.868497,On or near Redeswood Avenue,E01012665,Blackpool 001C,Violence and sexual offences,Unable to prosecute suspect,
,2019-02,Lancashire Constabulary,Lancashire Constabulary,-3.048120,53.857805,On or near Parking Area,E01012716,Blackpool 001D,Anti-social behaviour,,
,2019-02,Lancashire Constabulary,Lancashire Constabulary,-3.038657,53.866156,On or near Derwent Place,E01012716,Blackpool 001D,Anti-social behaviour,,
,2019-02,Lancashire Constabulary,Lancashire Constabulary,-3.036903,53.865345,On or near Wingate Place,E01012716,Blackpool 001D,Anti-social behaviour,,
,2019-02,Lancashire Constabulary,Lancashire Constabulary,-3.038657,53.866156,On or near Derwent Place,E01012716,Blackpool 001D,Anti-social behaviour,,
b3b4fe39048020927554d69f3558744746c146180c862f7d29545fd31ab0c071,2019-02,Lancashire Constabulary,Lancashire Constabulary,-3.048120,53.857805,On or near Parking Area,E01012716,Blackpool 001D,Burglary,Status update unavailable,
55ce9fc20ad5afe2eeec790669b72bc0d8099cdc5457b6479e74058b14655fd7,2019-02,Lancashire Constabulary,Lancashire Constabulary,-3.048120,53.857805,On or near Parking Area,E01012716,Blackpool 001D,Burglary,Status update unavailable,
4559b060df7f18688bf770c3d3a6914caf819314035b05e7d8edaa866201163e,2019-02,Lancashire Constabulary,Lancashire Constabulary,-3.048120,53.857805,On or near Parking Area,E01012716,Blackpool 001D,Burglary,Awaiting court outcome,
10444fc580fd80ddf87f5e52e35c7a102fdcee0f94a2e95a9e695650dd73b4d0,2019-02,Lancashire Constabulary,Lancashire Constabulary,-3.036903,53.865345,On or near Wingate Place,E01012716,Blackpool 001D,Criminal damage and arson,Status update unavailable,
2d78df92d19248d11aab36a1cccf588e3d439b15132b136e564391941e1c689e,2019-02,Lancashire Constabulary,Lancashire Constabulary,-3.040834,53.866254,On or near Russell Avenue,E01012716,Blackpool 001D,Other theft,Unable to prosecute suspect,
863426ff5ed73a4c26b627eca8dc349eef68c4c15a91608b40bf7a446ea365b5,2019-02,Lancashire Constabulary,Lancashire Constabulary,-3.048120,53.857805,On or near Parking Area,E01012716,Blackpool 001D,Other theft,Status update unavailable,
dbecf004f905a8fee6c636a0dcd31a57db79b2a108a6a2960d6aa7e14b7b4dfe,2019-02,Lancashire Constabulary,Lancashire Constabulary,-3.040834,53.866254,On or near Russell Avenue,E01012716,Blackpool 001D,Vehicle crime,Status update unavailable,
df19f92a6966cc356b67618cf96c30fd267a96b872f0ebfc07b5c54464b2c646,2019-02,Lancashire Constabulary,Lancashire Constabulary,-3.040081,53.867178,On or near Gretna Crescent,E01012716,Blackpool 001D,Vehicle crime,Status update unavailable,
86924b73f53f71e4826c7de4b2dd56b0619455dc0437a292631c2347bc4bceed,2019-02,Lancashire Constabulary,Lancashire Constabulary,-3.045695,53.866032,On or near Shore Road,E01012716,Blackpool 001D,Violence and sexual offences,Status update unavailable,
2e37ffa364a5027c31b2b4fd859a9980a470c5bcc4356eb3fc1a9d16811e59b5,2019-02,Lancashire Constabulary,Lancashire Constabulary,-3.040081,53.867178,On or near Gretna Crescent,E01012716,Blackpool 001D,Violence and sexual offences,Status update unavailable,
7b2b770e2fcf92005647b7acfbcb047e48ed99832b0710f1e6b8746c2477fad0,2019-02,Lancashire Constabulary,Lancashire Constabulary,-3.040081,53.867178,On or near Gretna Crescent,E01012716,Blackpool 001D,Violence and sexual offences,Status update unavailable,
99e62ced78ad1a737eb5b990cd008b6f4dbfbbabe1d835308aef673b38b38782,2019-02,Lancashire Constabulary,Lancashire Constabulary,-3.036903,53.865345,On or near Wingate Place,E01012716,Blackpool 001D,Violence and sexual offences,Action to be taken by another organisation,
4c4f2e60f9338c96d2632ff76e713ccd6b5b455712cc2f274ac6d1d17f7bbfd1,2019-02,Lancashire Constabulary,Lancashire Constabulary,-3.040081,53.867178,On or near Gretna Crescent,E01012716,Blackpool 001D,Violence and sexual offences,Unable to prosecute suspect,
6ae24b666bbcfd042af0dd1556576cc7669d732fd9b2ddf451026f5e5d42fda3,2019-02,Lancashire Constabulary,Lancashire Constabulary,-3.046470,53.864794,On or near Alpic Drive,E01012716,Blackpool 001D,Violence and sexual offences,Status update unavailable,
533d62f662c4b557a5eafe018a1ed4c913f836d595b5710102aa4365fb103f33,2019-02,Lancashire Constabulary,Lancashire Constabulary,-3.048120,53.857805,On or near Parking Area,E01012716,Blackpool 001D,Violence and sexual offences,Status update unavailable,
,2019-02,Lancashire Constabulary,Lancashire Constabulary,-3.043390,53.866924,On or near Woodridge Avenue,E01012719,Blackpool 001E,Anti-social behaviour,,
,2019-02,Lancashire Constabulary,Lancashire Constabulary,-3.037825,53.869408,On or near Lockerbie Avenue,E01012719,Blackpool 001E,Anti-social behaviour,,
7f95d00f160420cd1bd22ab99f2a621f29f2a31bb5f98c764c5fac97750d44ba,2019-02,Lancashire Constabulary,Lancashire Constabulary,-3.045527,53.867840,On or near Melton Place,E01012719,Blackpool 001E,Burglary,Status update unavailable,
ba4c770bc12ef0c551bfce74fe2c554ab7dae1836aead422802c2a83cfac2ac9,2019-02,Lancashire Constabulary,Lancashire Constabulary,-3.041701,53.869303,On or near Maida Vale,E01012719,Blackpool 001E,Burglary,Status update unavailable,
9d127293cc011ffa4d5d6a179a1ca21b71c62f5c6d137c76b0f2834d9e458a89,2019-02,Lancashire Constabulary,Lancashire Constabulary,-3.036593,53.866929,On or near Lockerbie Avenue,E01012719,Blackpool 001E,Vehicle crime,Status update unavailable,
,2019-02,Lancashire Constabulary,Lancashire Constabulary,-3.023793,53.865241,On or near Brisbane Place,E01012662,Blackpool 002A,Anti-social behaviour,,
,2019-02,Lancashire Constabulary,Lancashire Constabulary,-3.026465,53.866962,On or near Denville Avenue,E01012662,Blackpool 002A,Anti-social behaviour,,
22295124e124e8864149039321db1ddf24d39e1c5c246471ab0c8af92fd7c3c2,2019-02,Lancashire Constabulary,Lancashire Constabulary,-3.024456,53.866890,On or near Sevenoaks Drive,E01012662,Blackpool 002A,Other theft,Status update unavailable,
ac7fbac583d7c147537e9f7e21cf18f348c7edf132f3913d5cb5564c3bdc1924,2019-02,Lancashire Constabulary,Lancashire Constabulary,-3.025052,53.865734,On or near Hobart Place,E01012662,Blackpool 002A,Other theft,Status update unavailable,
6e13368178143d442550f9a6921c0025bacb56eecb8e6ca4c5cb215f8074586b,2019-02,Lancashire Constabulary,Lancashire Constabulary,-3.023793,53.865241,On or near Brisbane Place,E01012662,Blackpool 002A,Violence and sexual offences,Status update unavailable,
dd324e3411c5dfd19249259a76a65dbaa548b0c03c31868db5c980b847dd9d70,2019-02,Lancashire Constabulary,Lancashire Constabulary,-3.022824,53.864180,On or near The Spinney,E01012662,Blackpool 002A,Violence and sexual offences,Status update unavailable,
,2019-02,Lancashire Constabulary,Lancashire Constabulary,-3.033173,53.857746,On or near All Saints Road,E01012703,Blackpool 002B,Anti-social behaviour,,
,2019-02,Lancashire Constabulary,Lancashire Constabulary,-3.030321,53.854903,On or near Epping Close,E01012703,Blackpool 002B,Anti-social behaviour,,
,2019-02,Lancashire Constabulary,Lancashire Constabulary,-3.030321,53.854903,On or near Epping Close,E01012703,Blackpool 002B,Anti-social behaviour,,
,2019-02,Lancashire Constabulary,Lancashire Constabulary,-3.033173,53.857746,On or near All Saints Road,E01012703,Blackpool 002B,Anti-social behaviour,,
,2019-02,Lancashire Constabulary,Lancashire Constabulary,-3.040578,53.852253,On or near Petrol Station,E01012703,Blackpool 002B,Anti-social behaviour,,
,2019-02,Lancashire Constabulary,Lancashire Constabulary,-3.030321,53.854903,On or near Epping Close,E01012703,Blackpool 002B,Anti-social behaviour,,
,2019-02,Lancashire Constabulary,Lancashire Constabulary,-3.033173,53.857746,On or near All Saints Road,E01012703,Blackpool 002B,Anti-social behaviour,,
fda79db80118b6d594d1815f9577b517aac9f59248c40bf1a99b4751f272f4d3,2019-02,Lancashire Constabulary,Lancashire Constabulary,-3.030659,53.854460,On or near Longford Avenue,E01012703,Blackpool 002B,Burglary,Status update unavailable,
549727ef6eb825ca8c77425fee355c82b1f590df1002c7a80e4a5d55ee48f362,2019-02,Lancashire Constabulary,Lancashire Constabulary,-3.036590,53.853294,On or near Crofton Avenue,E01012703,Blackpool 002B,Burglary,Status update unavailable,
764712db9609633a35c6195bc9a470a85420e90488bb427d314229f25e0fdfd2,2019-02,Lancashire Constabulary,Lancashire Constabulary,-3.040517,53.852847,On or near Cherrydale,E01012703,Blackpool 002B,Burglary,Status update unavailable,
1ca672e86d065d67c8ca1b09149bf2d502591a3ae86f3101daa45feb7b1f555a,2019-02,Lancashire Constabulary,Lancashire Constabulary,-3.040517,53.852847,On or near Cherrydale,E01012703,Blackpool 002B,Burglary,Status update unavailable,
57e4d7cf236752bd69a1223c6beddf2b72ed928077019c4a779edc3574f31977,2019-02,Lancashire Constabulary,Lancashire Constabulary,-3.030659,53.854460,On or near Longford Avenue,E01012703,Blackpool 002B,Criminal damage and arson,Status update unavailable,
cab88320338ab51851a6272000fb2950839d1d80d5ce41292067e8fba26ae8d2,2019-02,Lancashire Constabulary,Lancashire Constabulary,-3.038981,53.853444,On or near Denebank,E01012703,Blackpool 002B,Vehicle crime,Status update unavailable,
86b3dfb798c3a3234119c83bdf6e8f39232e8b721dea0f10cb7b9a9ba81a985a,2019-02,Lancashire Constabulary,Lancashire Constabulary,-3.028851,53.853882,On or near Inglewood Grove,E01012703,Blackpool 002B,Vehicle crime,Status update unavailable,
a59bb1c1e735d500702836eadd5818df18728887de51ef4ca5eef0e8ef50fabf,2019-02,Lancashire Constabulary,Lancashire Constabulary,-3.038698,53.854939,On or near All Hallows Road,E01012703,Blackpool 002B,Violence and sexual offences,Unable to prosecute suspect,
5191506badfbf93d622ef7e624a6aca90abb50eab71fe2edb2ae50e07ab31641,2019-02,Lancashire Constabulary,Lancashire Constabulary,-3.038698,53.854939,On or near All Hallows Road,E01012703,Blackpool 002B,Violence and sexual offences,Status update unavailable,
810e688450e3c19b667843457bd355386f49ada5ffacfff74693cf706525114b,2019-02,Lancashire Constabulary,Lancashire Constabulary,-3.030321,53.854903,On or near Epping Close,E01012703,Blackpool 002B,Violence and sexual offences,Unable to prosecute suspect,
746d67709c574a03d98bd4df28bf6dd3db139467b7954159f37d402fd4b566df,2019-02,Lancashire Constabulary,Lancashire Constabulary,-3.030321,53.854903,On or near Epping Close,E01012703,Blackpool 002B,Violence and sexual offences,Formal action is not in the public interest,
1962e2d515282476c83077b8dd05cfb540841b7b77098ad8b238e98e16d166e0,2019-02,Lancashire Constabulary,Lancashire Constabulary,-3.030321,53.854903,On or near Epping Close,E01012703,Blackpool 002B,Violence and sexual offences,Unable to prosecute suspect,
6999380704115035820a61e8a2403cea0e2ef0bad8e49d4a098386e40a0746fd,2019-02,Lancashire Constabulary,Lancashire Constabulary,-3.030321,53.854903,On or near Epping Close,E01012703,Blackpool 002B,Violence and sexual offences,Local resolution,
24f3e7b4ce6c42bb7a935a908cb624b0f86ecc0f04f6a05f04187f9e884af361,2019-02,Lancashire Constabulary,Lancashire Constabulary,-3.030321,53.854903,On or near Epping Close,E01012703,Blackpool 002B,Violence and sexual offences,Unable to prosecute suspect,
20c79b5d3d007a3e4664e5cbc79b8924b4fa0d2f3560af7457f658666ad763b5,2019-02,Lancashire Constabulary,Lancashire Constabulary,-3.030321,53.854903,On or near Epping Close,E01012703,Blackpool 002B,Violence and sexual offences,Status update unavailable,
4fdfd880376e80632b07a9958d5817be39584a47308d09e0320f527690456916,2019-02,Lancashire Constabulary,Lancashire Constabulary,-3.038698,53.854939,On or near All Hallows Road,E01012703,Blackpool 002B,Violence and sexual offences,Status update unavailable,
99131784be0bb5c2c62b96251a59ff1830452566fcb2acfc83339d7804c86e31,2019-02,Lancashire Constabulary,Lancashire Constabulary,-3.030321,53.854903,On or near Epping Close,E01012703,Blackpool 002B,Violence and sexual offences,Further investigation is not in the public interest,
,2019-02,Lancashire Constabulary,Lancashire Constabulary,-3.024051,53.852790,On or near Dumfries Close,E01012704,Blackpool 002C,Anti-social behaviour,,
,2019-02,Lancashire Constabulary,Lancashire Constabulary,-3.028238,53.856781,On or near Oban Place,E01012704,Blackpool 002C,Anti-social behaviour,,
,2019-02,Lancashire Constabulary,Lancashire Constabulary,-3.024470,53.858728,On or near Kincraig Place,E01012704,Blackpool 002C,Anti-social behaviour,,
,2019-02,Lancashire Constabulary,Lancashire Constabulary,-3.028238,53.856781,On or near Oban Place,E01012704,Blackpool 002C,Anti-social behaviour,,
,2019-02,Lancashire Constabulary,Lancashire Constabulary,-3.025948,53.857610,On or near Stronsay Place,E01012704,Blackpool 002C,Anti-social behaviour,,
,2019-02,Lancashire Constabulary,Lancashire Constabulary,-3.029207,53.854733,On or near Highcroft Avenue,E01012704,Blackpool 002C,Anti-social behaviour,,
,2019-02,Lancashire Constabulary,Lancashire Constabulary,-3.023810,53.857844,On or near Lowland Way,E01012704,Blackpool 002C,Anti-social behaviour,,
,2019-02,Lancashire Constabulary,Lancashire Constabulary,-3.024470,53.858728,On or near Kincraig Place,E01012704,Blackpool 002C,Anti-social behaviour,,
,2019-02,Lancashire Constabulary,Lancashire Constabulary,-3.025948,53.857610,On or near Stronsay Place,E01012704,Blackpool 002C,Anti-social behaviour,,
,2019-02,Lancashire Constabulary,Lancashire Constabulary,-3.024001,53.853213,On or near Kilmory Place,E01012704,Blackpool 002C,Anti-social behaviour,,
,2019-02,Lancashire Constabulary,Lancashire Constabulary,-3.024001,53.853213,On or near Kilmory Place,E01012704,Blackpool 002C,Anti-social behaviour,,
,2019-02,Lancashire Constabulary,Lancashire Constabulary,-3.024470,53.858728,On or near Kincraig Place,E01012704,Blackpool 002C,Anti-social behaviour,,
,2019-02,Lancashire Constabulary,Lancashire Constabulary,-3.025948,53.857610,On or near Stronsay Place,E01012704,Blackpool 002C,Anti-social behaviour,,
,2019-02,Lancashire Constabulary,Lancashire Constabulary,-3.025171,53.856942,On or near Beattock Place,E01012704,Blackpool 002C,Anti-social behaviour,,
,2019-02,Lancashire Constabulary,Lancashire Constabulary,-3.028238,53.856781,On or near Oban Place,E01012704,Blackpool 002C,Anti-social behaviour,,
,2019-02,Lancashire Constabulary,Lancashire Constabulary,-3.028238,53.856781,On or near Oban Place,E01012704,Blackpool 002C,Anti-social behaviour,,
76b2fd7c8fab501ba439336637d774762350e123a6ef8eb40978a3fe1e7b4bdf,2019-02,Lancashire Constabulary,Lancashire Constabulary,-3.025079,53.860026,On or near Primrose Bank,E01012704,Blackpool 002C,Bicycle theft,Status update unavailable,
b4e53662b03aaaabcdf0f0aeb9064e606a57a5d479a6d098ebb58a4063fde309,2019-02,Lancashire Constabulary,Lancashire Constabulary,-3.025079,53.860026,On or near Primrose Bank,E01012704,Blackpool 002C,Bicycle theft,Status update unavailable,
b48d112f125769959b6ede6ef088ea8a25e660272d5a5bb99d69ed13e9f992ec,2019-02,Lancashire Constabulary,Lancashire Constabulary,-3.025079,53.860026,On or near Primrose Bank,E01012704,Blackpool 002C,Bicycle theft,Status update unavailable,
2754c3d1e7ebcaffa51672537b3731e14bf992717005e7e1139ef8adacb27f59,2019-02,Lancashire Constabulary,Lancashire Constabulary,-3.025079,53.860026,On or near Primrose Bank,E01012704,Blackpool 002C,Bicycle theft,Status update unavailable,
ebe754ab0924a5de003432c2e9f10f7b493e46dc0a91e2a6780586356e4e6422,2019-02,Lancashire Constabulary,Lancashire Constabulary,-3.025079,53.860026,On or near Primrose Bank,E01012704,Blackpool 002C,Burglary,Status update unavailable,
7bdc5fdf3eed345ccbf0cdb4bd1025f66eb799909632630ceff80116b538b303,2019-02,Lancashire Constabulary,Lancashire Constabulary,-3.025713,53.852354,On or near Strathyre Close,E01012704,Blackpool 002C,Burglary,Status update unavailable,
62e02212815822d86eb1c799747809e99bf0c7b9cb6eff03ed428be75e35ff71,2019-02,Lancashire Constabulary,Lancashire Constabulary,-3.028238,53.856781,On or near Oban Place,E01012704,Blackpool 002C,Burglary,Status update unavailable,
ca1f453304064e93ac780338769114a3a7988e294cf6e0f4cf5981bb6832ad79,2019-02,Lancashire Constabulary,Lancashire Constabulary,-3.024001,53.853213,On or near Kilmory Place,E01012704,Blackpool 002C,Criminal damage and arson,Further investigation is not in the public interest,
217a664815abd9955ff61e3c53872429e3aa1f05b5286f217a522258d65edf0b,2019-02,Lancashire Constabulary,Lancashire Constabulary,-3.025948,53.857610,On or near Stronsay Place,E01012704,Blackpool 002C,Criminal damage and arson,Status update unavailable,
1632b9cd4a9ac90d380340fc618f46c403d3d13a7a6872b30c1694254e5e539b,2019-02,Lancashire Constabulary,Lancashire Constabulary,-3.025171,53.856942,On or near Beattock Place,E01012704,Blackpool 002C,Criminal damage and arson,Unable to prosecute suspect,
79871bd5db742e95e62bbb55682d125ce806fdfa8e7dfc2344ff50bd2db7e19f,2019-02,Lancashire Constabulary,Lancashire Constabulary,-3.023810,53.857844,On or near Lowland Way,E01012704,Blackpool 002C,Criminal damage and arson,Investigation complete; no suspect identified,
7f8e1586668a9a4a49b196aba5cf68a3852d5a5b30d597d91ff43c1033c54f8c,2019-02,Lancashire Constabulary,Lancashire Constabulary,-3.025079,53.860026,On or near Primrose Bank,E01012704,Blackpool 002C,Other theft,Status update unavailable,
b4ae9c9f8ebd302256135c9e22cc8a47bc04532d02e746a7077cbb2f7249f286,2019-02,Lancashire Constabulary,Lancashire Constabulary,-3.021925,53.857267,On or near Tennyson Drive,E01012704,Blackpool 002C,Other theft,Status update unavailable,
c456e8655b4a39732447b78bac4fb3ab0b0847ddf6897e823f0ed852e69a0160,2019-02,Lancashire Constabulary,Lancashire Constabulary,-3.025171,53.856942,On or near Beattock Place,E01012704,Blackpool 002C,Other theft,Status update unavailable,
fe7efc263fe3c90d749426d8445a25f5f3627e2a5a04c2596e7310908ae2fe64,2019-02,Lancashire Constabulary,Lancashire Constabulary,-3.025079,53.860026,On or near Primrose Bank,E01012704,Blackpool 002C,Other theft,Status update unavailable,
c10e79aa38086038f0f99c63b831ecf063b892bed8593227c4b4d3e5b3fe55c8,2019-02,Lancashire Constabulary,Lancashire Constabulary,-3.028238,53.856781,On or near Oban Place,E01012704,Blackpool 002C,Public order,Unable to prosecute suspect,
3fdb5e27ea677d4cbf89bf9cf6a4b36b889473899c18713222c354e811132c0e,2019-02,Lancashire Constabulary,Lancashire Constabulary,-3.024051,53.852790,On or near Dumfries Close,E01012704,Blackpool 002C,Public order,Status update unavailable,
76ba17f0f6b50949accee5573e6e3f79aa54b923a32bc45a6cac312422f15e9f,2019-02,Lancashire Constabulary,Lancashire Constabulary,-3.025171,53.856942,On or near Beattock Place,E01012704,Blackpool 002C,Public order,Status update unavailable,
bf75ecd2c78898069233b1b574317b074d5d397c9c2ad044c892f79de2eb32b0,2019-02,Lancashire Constabulary,Lancashire Constabulary,-3.021311,53.852661,On or near Further/Higher Educational Building,E01012704,Blackpool 002C,Public order,Unable to prosecute suspect,
e3603a24af7999adaa51c1a7390a42f8166edd7b3cc3af3f5ec41402a49fa319,2019-02,Lancashire Constabulary,Lancashire Constabulary,-3.028238,53.856781,On or near Oban Place,E01012704,Blackpool 002C,Public order,Status update unavailable,
c4efc29d17aa77293a378dc5c7043e2c486cbba3afb5370677ae7330a7c4a7f8,2019-02,Lancashire Constabulary,Lancashire Constabulary,-3.028923,53.856173,On or near Portree Road,E01012704,Blackpool 002C,Robbery,Status update unavailable,
019b506d58c5f99fc2576102d31c305f799757669644573c9cd2a385d517d235,2019-02,Lancashire Constabulary,Lancashire Constabulary,-3.021311,53.852661,On or near Further/Higher Educational Building,E01012704,Blackpool 002C,Vehicle crime,Status update unavailable,
3b2beef6d473c349a5bd8383fa1caefd68c7b25f010e24206ac088e2cac5ce41,2019-02,Lancashire Constabulary,Lancashire Constabulary,-3.028089,53.856279,On or near Airdrie Place,E01012704,Blackpool 002C,Violence and sexual offences,Unable to prosecute suspect,
5f74b99b21b7f721d21186734800865ae225e7ab996b32050bc29c54d78838aa,2019-02,Lancashire Constabulary,Lancashire Constabulary,-3.028923,53.856173,On or near Portree Road,E01012704,Blackpool 002C,Violence and sexual offences,Unable to prosecute suspect,
89db8fb18912de6924bd990ac66e1abfda1ade4471290dcac9627da24507e7db,2019-02,Lancashire Constabulary,Lancashire Constabulary,-3.024287,53.859979,On or near Clover Court,E01012704,Blackpool 002C,Violence and sexual offences,Unable to prosecute suspect,
6097aae40d4f7a1e079ab893a99ea1c4cd62368e087bda272bf42ad9ea76d928,2019-02,Lancashire Constabulary,Lancashire Constabulary,-3.025079,53.860026,On or near Primrose Bank,E01012704,Blackpool 002C,Violence and sexual offences,Unable to prosecute suspect,
b2f782f5f4d42c2af0a9d5b3f0f909f57bb9539679e7f774fd103c1c0565a63a,2019-02,Lancashire Constabulary,Lancashire Constabulary,-3.025079,53.860026,On or near Primrose Bank,E01012704,Blackpool 002C,Violence and sexual offences,Status update unavailable,
1050d0eece43e4fead693920e6e126237f0b25ef374b360faf31b0ea8524b491,2019-02,Lancashire Constabulary,Lancashire Constabulary,-3.029207,53.854733,On or near Highcroft Avenue,E01012704,Blackpool 002C,Violence and sexual offences,Unable to prosecute suspect,
1c0053cdb7d194db1efd1db19ebba03ccbb6f23954ae0d3ce30c40a3a48cc1bf,2019-02,Lancashire Constabulary,Lancashire Constabulary,-3.028089,53.856279,On or near Airdrie Place,E01012704,Blackpool 002C,Violence and sexual offences,Unable to prosecute suspect,
ad98dd0ba40b9aecfbab78ee0a911edb1b99efca9d5e0c7de0c4df3519f29b6c,2019-02,Lancashire Constabulary,Lancashire Constabulary,-3.024001,53.853213,On or near Kilmory Place,E01012704,Blackpool 002C,Violence and sexual offences,Formal action is not in the public interest,
ca4cd3813c7c6cf10cfc1e97cb36eb7ef0a95334732be367aa37e6ab795d8f8f,2019-02,Lancashire Constabulary,Lancashire Constabulary,-3.028923,53.856173,On or near Portree Road,E01012704,Blackpool 002C,Violence and sexual offences,Unable to prosecute suspect,
19cf2c90a337903d5429129c97d07a40a31ebfecc06752e5479fd4a21303cd56,2019-02,Lancashire Constabulary,Lancashire Constabulary,-3.024001,53.853213,On or near Kilmory Place,E01012704,Blackpool 002C,Violence and sexual offences,Status update unavailable,
54f8319136cb7bc5cd8a2f4c825287c7412f15399989ea6a393a1a8162332733,2019-02,Lancashire Constabulary,Lancashire Constabulary,-3.024470,53.858728,On or near Kincraig Place,E01012704,Blackpool 002C,Violence and sexual offences,Status update unavailable,
c78ed92148a474851602bf835c4b15d4d0d621043ec5c5c16960b0226857b034,2019-02,Lancashire Constabulary,Lancashire Constabulary,-3.025713,53.852354,On or near Strathyre Close,E01012704,Blackpool 002C,Violence and sexual offences,Status update unavailable,
cfdb523ccfb85af7cf0323216900380790e2d664c46f50465cf5e540a06c1e0d,2019-02,Lancashire Constabulary,Lancashire Constabulary,-3.025171,53.856942,On or near Beattock Place,E01012704,Blackpool 002C,Violence and sexual offences,Awaiting court outcome,
50de1bdbaf6e163dfdc15789eb314c20371a6b011bd2405593a09d8bb39f1fed,2019-02,Lancashire Constabulary,Lancashire Constabulary,-3.025948,53.857610,On or near Stronsay Place,E01012704,Blackpool 002C,Violence and sexual offences,Unable to prosecute suspect,
66812eea68ec8b436fdabecaf5b7d3c90a96cce73a7c355e2f914b69c93d52a9,2019-02,Lancashire Constabulary,Lancashire Constabulary,-3.024001,53.853213,On or near Kilmory Place,E01012704,Blackpool 002C,Violence and sexual offences,Offender given a caution,
b4275ddfb671a8f2a533aa72c1388c9fb4366f016e30055c9bcb77de99c32a9c,2019-02,Lancashire Constabulary,Lancashire Constabulary,-3.025171,53.856942,On or near Beattock Place,E01012704,Blackpool 002C,Violence and sexual offences,Status update unavailable,
a50e3be190aff5694622752cd288d311bbf23144c8f722ea17d373bc3f09ff71,2019-02,Lancashire Constabulary,Lancashire Constabulary,-3.023810,53.857844,On or near Lowland Way,E01012704,Blackpool 002C,Violence and sexual offences,Unable to prosecute suspect,
,2019-02,Lancashire Constabulary,Lancashire Constabulary,-3.032157,53.853530,On or near Stainforth Avenue,E01012706,Blackpool 002D,Anti-social behaviour,,
,2019-02,Lancashire Constabulary,Lancashire Constabulary,-3.028005,53.851597,On or near Beechwood Grove,E01012706,Blackpool 002D,Anti-social behaviour,,
,2019-02,Lancashire Constabulary,Lancashire Constabulary,-3.029918,53.852120,On or near Briarwood Drive,E01012706,Blackpool 002D,Anti-social behaviour,,
,2019-02,Lancashire Constabulary,Lancashire Constabulary,-3.030965,53.851410,On or near Cromer Road,E01012706,Blackpool 002D,Anti-social behaviour,,
9d60391390ba589ccd7313426cef11d2bf5e2af06f1e3915cb93ee1596aa4af2,2019-02,Lancashire Constabulary,Lancashire Constabulary,-3.033311,53.850374,On or near Wakefield Road,E01012706,Blackpool 002D,Criminal damage and arson,Status update unavailable,
5d2dfb5580edb934f29d015ac59d1b25d621efa6b8c5273ced68a11866e07d49,2019-02,Lancashire Constabulary,Lancashire Constabulary,-3.033311,53.850374,On or near Wakefield Road,E01012706,Blackpool 002D,Criminal damage and arson,Status update unavailable,
95c0f66e284d19a8becff6a216e7da6b4fa64b84c6aa383609a4604a363236ee,2019-02,Lancashire Constabulary,Lancashire Constabulary,-3.029063,53.852586,On or near Denholme Grove,E01012706,Blackpool 002D,Other theft,Status update unavailable,
a0b57d37c364b59c2b0752c88686f5a0a20299056baf13b9cca3336d830a0c81,2019-02,Lancashire Constabulary,Lancashire Constabulary,-3.026931,53.851804,On or near Ingleton Avenue,E01012706,Blackpool 002D,Other theft,Status update unavailable,
ea0da0b49b32a7ca05e825a2c646a2991ea94b0a9d32f2c61666d84fca709554,2019-02,Lancashire Constabulary,Lancashire Constabulary,-3.029063,53.852586,On or near Denholme Grove,E01012706,Blackpool 002D,Vehicle crime,Status update unavailable,
09aabb8259cbb4443477ae5b4822074971931d1ac0ffad26329aa19fb93a34a4,2019-02,Lancashire Constabulary,Lancashire Constabulary,-3.032090,53.852650,On or near Waterdale,E01012706,Blackpool 002D,Violence and sexual offences,Unable to prosecute suspect,
352a6ceeba87d0acabbc025283c8b79cd42ecb73c1c446b92db0d6dd7676b651,2019-02,Lancashire Constabulary,Lancashire Constabulary,-3.032090,53.852650,On or near Waterdale,E01012706,Blackpool 002D,Violence and sexual offences,Status update unavailable,
c3cf55de745093c094a161bca30d674be86db9afa552099a06bca3ffb074f66a,2019-02,Lancashire Constabulary,Lancashire Constabulary,-3.030527,53.850910,On or near Oakmoor Avenue,E01012706,Blackpool 002D,Violence and sexual offences,Status update unavailable,
dce7102090826e8697f31417fa34c6c27fb17c21ed71a0f6285a69ca61cb17b2,2019-02,Lancashire Constabulary,Lancashire Constabulary,-3.029918,53.852120,On or near Briarwood Drive,E01012706,Blackpool 002D,Violence and sexual offences,Status update unavailable,
5d1f61b53aa19b35a6b8278714b7c44520a79e7650359a2bf45b52117df80ec4,2019-02,Lancashire Constabulary,Lancashire Constabulary,-3.030965,53.851410,On or near Cromer Road,E01012706,Blackpool 002D,Violence and sexual offences,Unable to prosecute suspect,
,2019-02,Lancashire Constabulary,Lancashire Constabulary,-3.037546,53.861204,On or near Sheringham Avenue,E01012717,Blackpool 002E,Anti-social behaviour,,
,2019-02,Lancashire Constabulary,Lancashire Constabulary,-3.037546,53.861204,On or near Sheringham Avenue,E01012717,Blackpool 002E,Anti-social behaviour,,
d9c13bce9696ad4f177b7342fb813b37ec727ee4385c2e8a34cc6ec6a915e0ac,2019-02,Lancashire Constabulary,Lancashire Constabulary,-3.036407,53.858185,On or near Fleetwood Road,E01012717,Blackpool 002E,Burglary,Status update unavailable,
d75c26fdf8d030b657020963bf89319c9dcbee0b150cd594c94b7a90a1ee34f0,2019-02,Lancashire Constabulary,Lancashire Constabulary,-3.037610,53.858876,On or near Guildford Avenue,E01012717,Blackpool 002E,Burglary,Status update unavailable,
5c13b5e97df2e53a8530a1baf5785749d76bc3f94676ef45431f6842986e79f2,2019-02,Lancashire Constabulary,Lancashire Constabulary,-3.037546,53.861204,On or near Sheringham Avenue,E01012717,Blackpool 002E,Other theft,Status update unavailable,
390749f733072f5618e5d82fcd1362f23963ee0f8c3017e0ca537d2881061e19,2019-02,Lancashire Constabulary,Lancashire Constabulary,-3.036187,53.862196,On or near North Drive,E01012717,Blackpool 002E,Vehicle crime,Status update unavailable,
e573cbee0050e79670a4daa8af99ec0ff19e10c8820c415c3b38da8a37cb3225,2019-02,Lancashire Constabulary,Lancashire Constabulary,-3.036187,53.862196,On or near North Drive,E01012717,Blackpool 002E,Vehicle crime,Status update unavailable,
b4d767fb6219eb0fe850be74bacfea7f107809c4d85fb74914038ca75a1dde45,2019-02,Lancashire Constabulary,Lancashire Constabulary,-3.037546,53.861204,On or near Sheringham Avenue,E01012717,Blackpool 002E,Vehicle crime,Status update unavailable,
aeb694165b51982ffb02a4a4513618da95a7e37a19fe379724836302db646264,2019-02,Lancashire Constabulary,Lancashire Constabulary,-3.037546,53.861204,On or near Sheringham Avenue,E01012717,Blackpool 002E,Vehicle crime,Status update unavailable,
7c506852ca55cfdc804614c3ff528df00d3a8cfa09abc2b902d01b3e82af6e9f,2019-02,Lancashire Constabulary,Lancashire Constabulary,-3.037546,53.861204,On or near Sheringham Avenue,E01012717,Blackpool 002E,Vehicle crime,Status update unavailable,
89ec37e8b7236e3be2d991f2b1c172f00d55d96602865b43531661f10b933e04,2019-02,Lancashire Constabulary,Lancashire Constabulary,-3.026465,53.861983,On or near Ashfield Road,E01012717,Blackpool 002E,Violence and sexual offences,Further investigation is not in the public interest,
c62b09e54f88ea15f96d13a4342a92c49c0ed578fe9e42d03ca2786060846976,2019-02,Lancashire Constabulary,Lancashire Constabulary,-3.035891,53.863133,On or near Sports/Recreation Area,E01012717,Blackpool 002E,Violence and sexual offences,Unable to prosecute suspect,
70f07caf1965a9b84f7445c1484f5c46ee5cbd4da116243058c6b552754e881d,2019-02,Lancashire Constabulary,Lancashire Constabulary,-3.036355,53.859165,On or near Carr Road,E01012717,Blackpool 002E,Violence and sexual offences,Further investigation is not in the public interest,
,2019-02,Lancashire Constabulary,Lancashire Constabulary,-3.050603,53.849478,On or near York Road,E01012666,Blackpool 003A,Anti-social behaviour,,
,2019-02,Lancashire Constabulary,Lancashire Constabulary,-3.050477,53.852355,On or near Madison Avenue,E01012666,Blackpool 003A,Anti-social behaviour,,
a2ebaaa790d6ec4ef2cc362747abdd1c5faee071243328b9716b13fc7a4fcde5,2019-02,Lancashire Constabulary,Lancashire Constabulary,-3.047394,53.851259,On or near Bamber Avenue,E01012666,Blackpool 003A,Burglary,Status update unavailable,
00f35787d2b3860d211698865c80d01e917657300aec818ec5e18707824e8a7b,2019-02,Lancashire Constabulary,Lancashire Constabulary,-3.049965,53.850724,On or near Bayswater,E01012666,Blackpool 003A,Robbery,Status update unavailable,
8e51b8ced3939d5560be77d3abb07abff199c6443e02dece9e37c65338688211,2019-02,Lancashire Constabulary,Lancashire Constabulary,-3.047394,53.851259,On or near Bamber Avenue,E01012666,Blackpool 003A,Violence and sexual offences,Unable to prosecute suspect,
dd0e327552cd022b6ee2a453150147deedfd6e53c5f31b89847bfede26b3fc74,2019-02,Lancashire Constabulary,Lancashire Constabulary,-3.050603,53.849478,On or near York Road,E01012666,Blackpool 003A,Violence and sexual offences,Unable to prosecute suspect,
30a06f466c77d185ff9e64facac7148ade77585a8a8bd42462b203b655741bc2,2019-02,Lancashire Constabulary,Lancashire Constabulary,-3.044852,53.852953,On or near Davenport Avenue,E01012667,Blackpool 003B,Vehicle crime,Status update unavailable,
24c24e73c8e43ae4bddf08d9ad1d5b6c9420334af6fff196c333cc59b8024733,2019-02,Lancashire Constabulary,Lancashire Constabulary,-3.044618,53.854564,On or near Erith Grove,E01012667,Blackpool 003B,Violence and sexual offences,Further investigation is not in the public interest,
,2019-02,Lancashire Constabulary,Lancashire Constabulary,-3.045764,53.849304,On or near Sunny Bank Avenue,E01012668,Blackpool 003C,Anti-social behaviour,,
,2019-02,Lancashire Constabulary,Lancashire Constabulary,-3.049141,53.846956,On or near Cranleigh Avenue,E01012668,Blackpool 003C,Anti-social behaviour,,
97a69955cae0374907899e14c1959eccdbb75d2e20c0f3edbb416e40385b8447,2019-02,Lancashire Constabulary,Lancashire Constabulary,-3.047182,53.850667,On or near Red Bank Road,E01012668,Blackpool 003C,Bicycle theft,Status update unavailable,
b20f006c2e3c7da3816760774efe5ff2bb2c0e62c876749df2a05427d37be8c8,2019-02,Lancashire Constabulary,Lancashire Constabulary,-3.049141,53.846956,On or near Cranleigh Avenue,E01012668,Blackpool 003C,Criminal damage and arson,Status update unavailable,
3443071d515f150491991e74c039bd8b1fb80fb86ba730a3e09e15765e36d6cf,2019-02,Lancashire Constabulary,Lancashire Constabulary,-3.048060,53.846867,On or near Countess Crescent,E01012668,Blackpool 003C,Criminal damage and arson,Status update unavailable,
e3ebd990f76c4782c8a69f7927ae08918b1d9ba8d44e52c3ebdbbd771f14f8d7,2019-02,Lancashire Constabulary,Lancashire Constabulary,-3.043355,53.850233,On or near Landseer Avenue,E01012668,Blackpool 003C,Other theft,Unable to prosecute suspect,
0eec82a18c6e62865fc53e2f0ac29b9473b1bdebe7cc0ec419ea24ab0ee444a4,2019-02,Lancashire Constabulary,Lancashire Constabulary,-3.047583,53.850304,On or near Supermarket,E01012668,Blackpool 003C,Public order,Unable to prosecute suspect,
376715d33652cd365e59e7a43ad866c2626cc6d449e9d75b956a095dd1c65fb3,2019-02,Lancashire Constabulary,Lancashire Constabulary,-3.047583,53.850304,On or near Supermarket,E01012668,Blackpool 003C,Shoplifting,Status update unavailable,
1602e9a638027bffe70f35623e72c3df50fa2c571dd2c99afc2af2e9623b2068,2019-02,Lancashire Constabulary,Lancashire Constabulary,-3.047583,53.850304,On or near Supermarket,E01012668,Blackpool 003C,Shoplifting,Status update unavailable,
fa1204d8d1e681616c7a084b82f0b8ecb9121ebd5f5b0609228998d73de28e33,2019-02,Lancashire Constabulary,Lancashire Constabulary,-3.047583,53.850304,On or near Supermarket,E01012668,Blackpool 003C,Shoplifting,Status update unavailable,
db8f74532b13b59f4a7207e550d0c49a7bd69964376255fcec21917f3a364def,2019-02,Lancashire Constabulary,Lancashire Constabulary,-3.047583,53.850304,On or near Supermarket,E01012668,Blackpool 003C,Shoplifting,Status update unavailable,
bae92ea02f17fb4005a6420eb631b3039a1b4bac12bc5e096438df5c4a070832,2019-02,Lancashire Constabulary,Lancashire Constabulary,-3.048060,53.846867,On or near Countess Crescent,E01012668,Blackpool 003C,Vehicle crime,Status update unavailable,
d2eb365f1048954323101c9ff40a56dbb42a976c3986872cd61f7fa203f60bf7,2019-02,Lancashire Constabulary,Lancashire Constabulary,-3.047856,53.849061,On or near Cavendish Road,E01012668,Blackpool 003C,Violence and sexual offences,Status update unavailable,
c0bc3c81373f7a624da9a402ba4cf83e9f213c9eda00643d41d150299108d936,2019-02,Lancashire Constabulary,Lancashire Constabulary,-3.041952,53.848825,On or near Millom Avenue,E01012668,Blackpool 003C,Other crime,Further investigation is not in the public interest,
,2019-02,Lancashire Constabulary,Lancashire Constabulary,-3.053402,53.847170,On or near Queen'S Promenade,E01012669,Blackpool 003D,Anti-social behaviour,,
,2019-02,Lancashire Constabulary,Lancashire Constabulary,-3.051642,53.846053,On or near Admiral Gardens,E01012669,Blackpool 003D,Anti-social behaviour,,
,2019-02,Lancashire Constabulary,Lancashire Constabulary,-3.051642,53.846053,On or near Admiral Gardens,E01012669,Blackpool 003D,Anti-social behaviour,,
,2019-02,Lancashire Constabulary,Lancashire Constabulary,-3.051720,53.842520,On or near Holmfield Road,E01012669,Blackpool 003D,Anti-social behaviour,,
,2019-02,Lancashire Constabulary,Lancashire Constabulary,-3.051705,53.841909,On or near Lowther Avenue,E01012669,Blackpool 003D,Anti-social behaviour,,
9e9914ea82f991b0daa9a0e45435963512216be9905e69beb1d03d668f9ec978,2019-02,Lancashire Constabulary,Lancashire Constabulary,-3.051720,53.842520,On or near Holmfield Road,E01012669,Blackpool 003D,Burglary,Status update unavailable,
5914c76d7986b22e929b659f7688552e8fc917f48a8324faafffd9ec178d7442,2019-02,Lancashire Constabulary,Lancashire Constabulary,-3.051975,53.843587,On or near Pembroke Avenue,E01012669,Blackpool 003D,Other theft,Status update unavailable,
ee0d49563fc98aad245539555c704d13bcd3143751f488573ae3e0baa9366049,2019-02,Lancashire Constabulary,Lancashire Constabulary,-3.051579,53.849020,On or near Hesketh Avenue,E01012669,Blackpool 003D,Shoplifting,Offender sent to prison,
ad5541d0d58dfafd008a0963c255bb4eba4b6546aa605a7c1324bf2cc8adce78,2019-02,Lancashire Constabulary,Lancashire Constabulary,-3.052047,53.845861,On or near Admiral Heights,E01012669,Blackpool 003D,Vehicle crime,Status update unavailable,
6bbe18f065b234f7d106538a97ae64a5ec14f76e77e09f82fec5029a24d21964,2019-02,Lancashire Constabulary,Lancashire Constabulary,-3.052873,53.847894,On or near Cliff Place,E01012669,Blackpool 003D,Violence and sexual offences,Status update unavailable,
9d50fbe117c146e5fb1ddd6922c2b57360be2f766d8bc5fd60c5ead0483826b6,2019-02,Lancashire Constabulary,Lancashire Constabulary,-3.050698,53.848443,On or near Daventry Avenue,E01012669,Blackpool 003D,Violence and sexual offences,Unable to prosecute suspect,
570027b8077a7ef92c75f7f23ac122e315c0f443e2f93ab12cb741802163bddf,2019-02,Lancashire Constabulary,Lancashire Constabulary,-3.040228,53.858970,On or near Devonshire Road,E01012718,Blackpool 003E,Drugs,Status update unavailable,
d74b05516f357c0cebafa1791ef70b8b52db15196a96c1f7aafaedf35cbaf95d,2019-02,Lancashire Constabulary,Lancashire Constabulary,-3.040228,53.858970,On or near Devonshire Road,E01012718,Blackpool 003E,Drugs,Status update unavailable,
4f43ed102f0230c16e4cb793ec5474187e8cfb66088df029d9a7ab0d88316fe3,2019-02,Lancashire Constabulary,Lancashire Constabulary,-3.040228,53.858970,On or near Devonshire Road,E01012718,Blackpool 003E,Drugs,Status update unavailable,
72965589be7b604ca1440220625d8c65f25efa09b93ae73f2ba4aec3064582bc,2019-02,Lancashire Constabulary,Lancashire Constabulary,-3.044946,53.861608,On or near Kirkstone Drive,E01012718,Blackpool 003E,Public order,Local resolution,
a8c8cf04349db0eba0853023062ff8d668c500b787ecaacaba4c7ef28bb8f415,2019-02,Lancashire Constabulary,Lancashire Constabulary,-3.040228,53.858970,On or near Devonshire Road,E01012718,Blackpool 003E,Theft from the person,Further investigation is not in the public interest,
2ae92b1d5c7039d8e056c776a43444a501ca673888e68cf68f1e6810854e6980,2019-02,Lancashire Constabulary,Lancashire Constabulary,-3.040228,53.858970,On or near Devonshire Road,E01012718,Blackpool 003E,Violence and sexual offences,Status update unavailable,
,2019-02,Lancashire Constabulary,Lancashire Constabulary,-3.026919,53.839526,On or near Ludlow Grove,E01012690,Blackpool 004A,Anti-social behaviour,,
d7490b24dcdecb8f66e08e532d6f97ebb44225beabd50d1d3a964f322eb8b768,2019-02,Lancashire Constabulary,Lancashire Constabulary,-3.029017,53.838942,On or near Stopford Avenue,E01012690,Blackpool 004A,Criminal damage and arson,Status update unavailable,
9591e52f6da2c4cad0358517af0a3972721920caa9d00e5e456a0fe486974bfd,2019-02,Lancashire Constabulary,Lancashire Constabulary,-3.034963,53.837246,On or near Appleby Road,E01012690,Blackpool 004A,Public order,Status update unavailable,
322c75b93ef2ce2cd0f0f552323f025b997601cb43f3b750093865375ae8f55c,2019-02,Lancashire Constabulary,Lancashire Constabulary,-3.029111,53.837206,On or near Hughes Grove,E01012690,Blackpool 004A,Public order,Status update unavailable,
e273a110e056bea42e50d969baa997df06118d69c0f2e9c3efa496d178bdb060,2019-02,Lancashire Constabulary,Lancashire Constabulary,-3.033888,53.837399,On or near Holcombe Road,E01012690,Blackpool 004A,Vehicle crime,Status update unavailable,
deef0805904262525a0a73c60d8586f5bcc569c5061ac0cd6eebf9d920fbecdf,2019-02,Lancashire Constabulary,Lancashire Constabulary,-3.033888,53.837399,On or near Holcombe Road,E01012690,Blackpool 004A,Vehicle crime,Status update unavailable,
80a2d69a71446e78dd230e687922bc06c441dce07416a85f399be43de1966584,2019-02,Lancashire Constabulary,Lancashire Constabulary,-3.033888,53.837399,On or near Holcombe Road,E01012690,Blackpool 004A,Vehicle crime,Status update unavailable,
610bbf213311ababcf1f3ab02dac51818f0957fcc2222aa70d4d6ef0aa09bb2a,2019-02,Lancashire Constabulary,Lancashire Constabulary,-3.034963,53.837246,On or near Appleby Road,E01012690,Blackpool 004A,Violence and sexual offences,Unable to prosecute suspect,
bdc41bab144cc7f0ff86b77ff1ad50f878e211195b9c3d4dd91e87c685115515,2019-02,Lancashire Constabulary,Lancashire Constabulary,-3.029017,53.838942,On or near Stopford Avenue,E01012690,Blackpool 004A,Violence and sexual offences,Status update unavailable,
0c333aed7c43ead456a02c3f479e4caa1133ad7fd2bacf36688452306b83cb29,2019-02,Lancashire Constabulary,Lancashire Constabulary,-3.029111,53.837206,On or near Hughes Grove,E01012690,Blackpool 004A,Violence and sexual offences,Status update unavailable,
ba1cea361f44dbbb0057ad641e0a70cb6aa8024c0215fe43d83cf4c2beb62a86,2019-02,Lancashire Constabulary,Lancashire Constabulary,-3.029786,53.838099,On or near Maurice Grove,E01012690,Blackpool 004A,Violence and sexual offences,Status update unavailable,
2b4cb24207fba05b6e85e343ed49e4f1d87873b02952928c404f347fc054acc4,2019-02,Lancashire Constabulary,Lancashire Constabulary,-3.036431,53.839480,On or near Meadow Close,E01012690,Blackpool 004A,Violence and sexual offences,Unable to prosecute suspect,
0bf58a025b3c30632ed874bea3ad7d7732ef3343422d740ba91d69543aaf7b28,2019-02,Lancashire Constabulary,Lancashire Constabulary,-3.029020,53.839670,On or near Hetherington Place,E01012690,Blackpool 004A,Violence and sexual offences,Unable to prosecute suspect,
,2019-02,Lancashire Constabulary,Lancashire Constabulary,-3.034196,53.845603,On or near Quebec Avenue,E01012691,Blackpool 004B,Anti-social behaviour,,
,2019-02,Lancashire Constabulary,Lancashire Constabulary,-3.033215,53.843409,On or near Bibby'S Lane,E01012691,Blackpool 004B,Anti-social behaviour,,
3b4b88ba0987258448f8f49e716629f343c5661695c41e16c01f3dbb83be74d2,2019-02,Lancashire Constabulary,Lancashire Constabulary,-3.034196,53.845603,On or near Quebec Avenue,E01012691,Blackpool 004B,Burglary,Status update unavailable,
70ec03f07d797225bbf510fcaf997ca7233831f388f896f817c2a6e3a7171409,2019-02,Lancashire Constabulary,Lancashire Constabulary,-3.030084,53.844667,On or near Sports/Recreation Area,E01012691,Blackpool 004B,Other theft,Local resolution,
468a49c8b112816bf84e5c20a24ab34bea2f08427a8e6268c61e444e3d6f7305,2019-02,Lancashire Constabulary,Lancashire Constabulary,-3.034196,53.845603,On or near Quebec Avenue,E01012691,Blackpool 004B,Other theft,Offender given a caution,
2d627fe3e78eb86b1c796ffda6f0ad56235a06b10bc798e79ad193b2e827581e,2019-02,Lancashire Constabulary,Lancashire Constabulary,-3.033215,53.843409,On or near Bibby'S Lane,E01012691,Blackpool 004B,Violence and sexual offences,Unable to prosecute suspect,
f412f787bfdebdda9273fd8d60c1e83e8c1e21eac6aa44e0ba2f972b17a47be4,2019-02,Lancashire Constabulary,Lancashire Constabulary,-3.033215,53.843409,On or near Bibby'S Lane,E01012691,Blackpool 004B,Violence and sexual offences,Unable to prosecute suspect,
374af6604e7cbeaa3f965d562c6adc294eca58457219aa3122855e97df1b57b1,2019-02,Lancashire Constabulary,Lancashire Constabulary,-3.039088,53.845506,On or near Galway Avenue,E01012691,Blackpool 004B,Violence and sexual offences,Status update unavailable,
e3c382fff187a32902bb1710b2aabb9fa331e0f34e5390ddfd61177ea70f8ebd,2019-02,Lancashire Constabulary,Lancashire Constabulary,-3.038085,53.844266,On or near Limerick Road,E01012691,Blackpool 004B,Violence and sexual offences,Status update unavailable,
4e1e8c7871012e076452334f6bf71e59b8935a6d1a272fea65fe9e889052fe47,2019-02,Lancashire Constabulary,Lancashire Constabulary,-3.032604,53.845149,On or near Canada Crescent,E01012691,Blackpool 004B,Violence and sexual offences,Unable to prosecute suspect,
e77ee31162cb55e48b1444193bdef26f891d473b9885fbce9db1eb37475ced0b,2019-02,Lancashire Constabulary,Lancashire Constabulary,-3.034196,53.845603,On or near Quebec Avenue,E01012691,Blackpool 004B,Violence and sexual offences,Unable to prosecute suspect,
3ae4d6ec53c989007ac4ae0636ce155f1d6c9ca5180af98dde05890a4ae6ca5e,2019-02,Lancashire Constabulary,Lancashire Constabulary,-3.034196,53.845603,On or near Quebec Avenue,E01012691,Blackpool 004B,Violence and sexual offences,Status update unavailable,
191e84525398750efc644bd4ac6288936c54d35b2db4b75eee0d0aa4de3d7d87,2019-02,Lancashire Constabulary,Lancashire Constabulary,-3.034196,53.845603,On or near Quebec Avenue,E01012691,Blackpool 004B,Violence and sexual offences,Unable to prosecute suspect,
,2019-02,Lancashire Constabulary,Lancashire Constabulary,-3.028161,53.843722,On or near Linden Place,E01012692,Blackpool 004C,Anti-social behaviour,,
,2019-02,Lancashire Constabulary,Lancashire Constabulary,-3.030470,53.842399,On or near Seattle Avenue,E01012692,Blackpool 004C,Anti-social behaviour,,
,2019-02,Lancashire Constabulary,Lancashire Constabulary,-3.028161,53.843722,On or near Linden Place,E01012692,Blackpool 004C,Anti-social behaviour,,
,2019-02,Lancashire Constabulary,Lancashire Constabulary,-3.029063,53.843283,On or near Low Moor Road,E01012692,Blackpool 004C,Anti-social behaviour,,
,2019-02,Lancashire Constabulary,Lancashire Constabulary,-3.028813,53.842413,On or near Washington Court,E01012692,Blackpool 004C,Anti-social behaviour,,
,2019-02,Lancashire Constabulary,Lancashire Constabulary,-3.029063,53.843283,On or near Low Moor Road,E01012692,Blackpool 004C,Anti-social behaviour,,
,2019-02,Lancashire Constabulary,Lancashire Constabulary,-3.028161,53.843722,On or near Linden Place,E01012692,Blackpool 004C,Anti-social behaviour,,
8996b485507208783206f5c11cb28a1bbfb3f5fb3e2b6e8dcc428688a01958df,2019-02,Lancashire Constabulary,Lancashire Constabulary,-3.028161,53.843722,On or near Linden Place,E01012692,Blackpool 004C,Burglary,Status update unavailable,
1506e1206a397902089bbe6f1b34ab1053b9cc61b01ffe8c77744d4fa2a56b7f,2019-02,Lancashire Constabulary,Lancashire Constabulary,-3.024766,53.847230,On or near Tarragon Drive,E01012692,Blackpool 004C,Burglary,Status update unavailable,
bb017d1e07b66f57c15d557e4fe1046ed06d8a5a0c13f4899a821ded4259c32a,2019-02,Lancashire Constabulary,Lancashire Constabulary,-3.023630,53.844866,On or near Chive Close,E01012692,Blackpool 004C,Burglary,Status update unavailable,
d4e7e7ce034110dd04b10a744bff22842d5c7d1ec174fcf7c836c43ccffd00c1,2019-02,Lancashire Constabulary,Lancashire Constabulary,-3.023630,53.844866,On or near Chive Close,E01012692,Blackpool 004C,Burglary,Status update unavailable,
b4a9a6d1fdb617c1fc1f641449ddf9c11e5b95d10368d8562eccf8022f225e5c,2019-02,Lancashire Constabulary,Lancashire Constabulary,-3.023630,53.844866,On or near Chive Close,E01012692,Blackpool 004C,Burglary,Status update unavailable,
1285f2d849ec8afb6cb5f89374a640307b9e10c2a24b16be8c30902be294d359,2019-02,Lancashire Constabulary,Lancashire Constabulary,-3.024766,53.847230,On or near Tarragon Drive,E01012692,Blackpool 004C,Burglary,Status update unavailable,
4690caef8cc2324789e64c8269686cfc0eda6d7064659d3d3368b6b9012b30f4,2019-02,Lancashire Constabulary,Lancashire Constabulary,-3.028161,53.843722,On or near Linden Place,E01012692,Blackpool 004C,Other theft,Unable to prosecute suspect,
bb770abf120d3666a77af40f753dfc9c8335f2591f2044cd53fa93d7f40525ca,2019-02,Lancashire Constabulary,Lancashire Constabulary,-3.030470,53.842399,On or near Seattle Avenue,E01012692,Blackpool 004C,Public order,Status update unavailable,
f1dc4ce57a260a8553b6cf89fa6510d8d9496476fdd3b408a56363906fd8b4fc,2019-02,Lancashire Constabulary,Lancashire Constabulary,-3.025814,53.847194,On or near Parsley Close,E01012692,Blackpool 004C,Violence and sexual offences,Status update unavailable,
73bc467cce244a51b4b71b10ad702a8e16633b4a498c08e85cf6534687e7bab3,2019-02,Lancashire Constabulary,Lancashire Constabulary,-3.028546,53.845786,On or near Sports/Recreation Area,E01012692,Blackpool 004C,Violence and sexual offences,Status update unavailable,
8ca921553f50abf4faed0b7765c1c8c3989991add29774cba297fb7e505a0f39,2019-02,Lancashire Constabulary,Lancashire Constabulary,-3.030470,53.842399,On or near Seattle Avenue,E01012692,Blackpool 004C,Violence and sexual offences,Unable to prosecute suspect,
db51eb0f64a674e427e8565d78ffc72169201fb51552eb6d76ebf2b359c88452,2019-02,Lancashire Constabulary,Lancashire Constabulary,-3.025814,53.847194,On or near Parsley Close,E01012692,Blackpool 004C,Violence and sexual offences,Status update unavailable,
,2019-02,Lancashire Constabulary,Lancashire Constabulary,-3.033703,53.846551,On or near Winnipeg Court,E01012705,Blackpool 004D,Anti-social behaviour,,
,2019-02,Lancashire Constabulary,Lancashire Constabulary,-3.038413,53.848919,On or near Bispham Road,E01012705,Blackpool 004D,Anti-social behaviour,,
,2019-02,Lancashire Constabulary,Lancashire Constabulary,-3.038413,53.848919,On or near Bispham Road,E01012705,Blackpool 004D,Anti-social behaviour,,
b4852f3c50e3c4a38d5b25ea0747501982669ce86d7429e4968bb0fe434e399b,2019-02,Lancashire Constabulary,Lancashire Constabulary,-3.038413,53.848919,On or near Bispham Road,E01012705,Blackpool 004D,Bicycle theft,Status update unavailable,
e35b57c14b547d8c9e265440d2cbcb1cd91a20b267ffed8025fd6568cd939c37,2019-02,Lancashire Constabulary,Lancashire Constabulary,-3.038413,53.848919,On or near Bispham Road,E01012705,Blackpool 004D,Bicycle theft,Status update unavailable,
d82828efad141813ad4ed9cadfe598413cc4644b193aedcb71144162d52868f2,2019-02,Lancashire Constabulary,Lancashire Constabulary,-3.037734,53.850354,On or near Blackpool Road,E01012705,Blackpool 004D,Criminal damage and arson,Status update unavailable,
0aa7c62c948e06ca0b795e8e810bbef410b607f4cc02045479d2efd6ae9b20aa,2019-02,Lancashire Constabulary,Lancashire Constabulary,-3.036843,53.846910,On or near Bispham Road,E01012705,Blackpool 004D,Criminal damage and arson,Status update unavailable,
5616d964d0b1e945fc84dabfd91ffd30c9c6004183bd89d6b739e7d95573bae0,2019-02,Lancashire Constabulary,Lancashire Constabulary,-3.035046,53.846782,On or near Winnipeg Place,E01012705,Blackpool 004D,Other theft,Unable to prosecute suspect,
715447c2a84ac6437acf0254d1d7f7c679163f95ce471588e40fdc8b7bed5643,2019-02,Lancashire Constabulary,Lancashire Constabulary,-3.035046,53.846782,On or near Winnipeg Place,E01012705,Blackpool 004D,Other theft,Status update unavailable,
aa422355426a883a83f567188eb302dd590ba89831958bec3458f4f2499c6d25,2019-02,Lancashire Constabulary,Lancashire Constabulary,-3.037734,53.850354,On or near Blackpool Road,E01012705,Blackpool 004D,Other theft,Status update unavailable,
7dc0bf857da4aed7425fa98afa4277374a6b45a5fd30f5bf7c9f8a42d86383a3,2019-02,Lancashire Constabulary,Lancashire Constabulary,-3.038413,53.848919,On or near Bispham Road,E01012705,Blackpool 004D,Other theft,Status update unavailable,
4eb915be06018c760c96ce93c2f967d2f505087ea0a57781b6142310c987cd32,2019-02,Lancashire Constabulary,Lancashire Constabulary,-3.040272,53.846062,On or near Inver Road,E01012705,Blackpool 004D,Other theft,Further investigation is not in the public interest,
854be81c23c513c9e92e4b850f0ac4e17b54ab5459633cd72c14bb78e164612b,2019-02,Lancashire Constabulary,Lancashire Constabulary,-3.040272,53.846062,On or near Inver Road,E01012705,Blackpool 004D,Other theft,Status update unavailable,
3238b0bb2b0cf892451dce3a00941092d0eedd15d067e975ce2606ef88804fc0,2019-02,Lancashire Constabulary,Lancashire Constabulary,-3.038413,53.848919,On or near Bispham Road,E01012705,Blackpool 004D,Public order,Status update unavailable,
e17a36cbe2cf6c6fd958c307485707ccf7d151551f4cab501c0a88f41e72a068,2019-02,Lancashire Constabulary,Lancashire Constabulary,-3.039461,53.847058,On or near Munster Avenue,E01012705,Blackpool 004D,Public order,Status update unavailable,
4667c8c728f6bff6976edcdb8b4e4261214112555f90bc8d01a968312a7bbb49,2019-02,Lancashire Constabulary,Lancashire Constabulary,-3.035245,53.849899,On or near Buxton Avenue,E01012705,Blackpool 004D,Vehicle crime,Status update unavailable,
663def05d65c1355b8aa26ab41d0e0ee0f8510e3aeea61b9273d46aea3f06483,2019-02,Lancashire Constabulary,Lancashire Constabulary,-3.035245,53.849899,On or near Buxton Avenue,E01012705,Blackpool 004D,Violence and sexual offences,Status update unavailable,
d91e1f31fde5124c2892e1bbd30e562e54e59b2107d560c924929675d3a52fb0,2019-02,Lancashire Constabulary,Lancashire Constabulary,-3.038141,53.846530,On or near Kildare Road,E01012705,Blackpool 004D,Violence and sexual offences,Unable to prosecute suspect,
5801382c85f2801c8ce83c5c85ab676f7e5b5a62e4d808dface460e8a94df767,2019-02,Lancashire Constabulary,Lancashire Constabulary,-3.035245,53.849899,On or near Buxton Avenue,E01012705,Blackpool 004D,Violence and sexual offences,Unable to prosecute suspect,
852a3ed9ff45f3766d9a332aeab1763efac81d19670b28b54df14888f204570f,2019-02,Lancashire Constabulary,Lancashire Constabulary,-3.035959,53.850495,On or near Denstone Avenue,E01012705,Blackpool 004D,Violence and sexual offences,Unable to prosecute suspect,
11daad198cef77e01a88267c5226712b890df13b56493dca55ba9b502c3f34cc,2019-02,Lancashire Constabulary,Lancashire Constabulary,-3.038413,53.848919,On or near Bispham Road,E01012705,Blackpool 004D,Violence and sexual offences,Status update unavailable,
d8a6dd8aaa54081b2872a5cfe045e7fd1cff410d5e78fe52435107effcf6494b,2019-02,Lancashire Constabulary,Lancashire Constabulary,-3.038413,53.848919,On or near Bispham Road,E01012705,Blackpool 004D,Violence and sexual offences,Further investigation is not in the public interest,
422f1edd74f8cd3ca0e46d6153185d11728c7788ec64ebd46fa4f63278946e6e,2019-02,Lancashire Constabulary,Lancashire Constabulary,-3.038413,53.848919,On or near Bispham Road,E01012705,Blackpool 004D,Violence and sexual offences,Status update unavailable,
e8018fbe99fe1af92961422a9ee185572d5b50f66938227c4e28a08d4706d40e,2019-02,Lancashire Constabulary,Lancashire Constabulary,-3.035046,53.846782,On or near Winnipeg Place,E01012705,Blackpool 004D,Other crime,Status update unavailable,
,2019-02,Lancashire Constabulary,Lancashire Constabulary,-3.025564,53.835098,On or near Mellwood Avenue,E01012723,Blackpool 004E,Anti-social behaviour,,
,2019-02,Lancashire Constabulary,Lancashire Constabulary,-3.016626,53.836216,On or near Blackpool Old Road,E01012723,Blackpool 004E,Anti-social behaviour,,
,2019-02,Lancashire Constabulary,Lancashire Constabulary,-3.014281,53.836029,On or near Garstang Road West,E01012723,Blackpool 004E,Anti-social behaviour,,
,2019-02,Lancashire Constabulary,Lancashire Constabulary,-3.025564,53.835098,On or near Mellwood Avenue,E01012723,Blackpool 004E,Anti-social behaviour,,
,2019-02,Lancashire Constabulary,Lancashire Constabulary,-3.020547,53.834367,On or near Petrol Station,E01012723,Blackpool 004E,Anti-social behaviour,,
0a9f22a7d7126d27ffa07227a74c5e3025661219533bd68df458a1480ce66820,2019-02,Lancashire Constabulary,Lancashire Constabulary,-3.020578,53.834996,On or near Poulton Old Road,E01012723,Blackpool 004E,Criminal damage and arson,Status update unavailable,
9fc3b08ba07ca36736d7de7ddcfd87338bddb91dbef8b26ff34226d993ee7667,2019-02,Lancashire Constabulary,Lancashire Constabulary,-3.025564,53.835098,On or near Mellwood Avenue,E01012723,Blackpool 004E,Drugs,Unable to prosecute suspect,
f32325da9c00f10a8fc720edfee41438469c2a82370399ebe47b69ce0aa6568a,2019-02,Lancashire Constabulary,Lancashire Constabulary,-3.014522,53.837816,On or near Sports/Recreation Area,E01012723,Blackpool 004E,Other theft,Status update unavailable,
2a0b4a27e1a7c42d8b81262dd4838f0387d7a58477d319fffbafc271aa7f3fa5,2019-02,Lancashire Constabulary,Lancashire Constabulary,-3.016568,53.840118,On or near Further/Higher Educational Building,E01012723,Blackpool 004E,Public order,Unable to prosecute suspect,
47abe1a97759294aa00ef761373418febe299140ed194fb10ad9f9e2d1ab72de,2019-02,Lancashire Constabulary,Lancashire Constabulary,-3.014281,53.836029,On or near Garstang Road West,E01012723,Blackpool 004E,Robbery,Status update unavailable,
a870f7e153d121e38bfcadeec14cc698258a6e0581cc70b3cbb5672bc3d70285,2019-02,Lancashire Constabulary,Lancashire Constabulary,-3.018989,53.835918,On or near Burnsall Avenue,E01012723,Blackpool 004E,Violence and sexual offences,Defendant sent to Crown Court,
01d3899bfca4a3316b801725b792c53f99a82e4d784d4f8f2ac19acdc6e7c8fd,2019-02,Lancashire Constabulary,Lancashire Constabulary,-3.013656,53.835954,On or near Yew Tree Road,E01012723,Blackpool 004E,Violence and sexual offences,Unable to prosecute suspect,
aeab622af871d1ad58a13d9cd05ffa2e2a1e71c218b4ee903dbbe0d75eb8e696,2019-02,Lancashire Constabulary,Lancashire Constabulary,-3.013656,53.835954,On or near Yew Tree Road,E01012723,Blackpool 004E,Violence and sexual offences,Status update unavailable,
eb824648a020104c38b5b819d6c4a70944cdd565021c054ba0f7d320792135fe,2019-02,Lancashire Constabulary,Lancashire Constabulary,-3.022196,53.834704,On or near Baines Avenue,E01012723,Blackpool 004E,Violence and sexual offences,Unable to prosecute suspect,
59105acf78af7279a05f732da3eb957caff7a2b5a4aaf5e14b6627ac83ce8ca7,2019-02,Lancashire Constabulary,Lancashire Constabulary,-3.018049,53.835997,On or near Willow Grove,E01012723,Blackpool 004E,Violence and sexual offences,Status update unavailable,
c2456e0c9bbd72b35d5c2ad9e730f39ea365b6fbb1f696b3c3ff1f6ec0b2d76e,2019-02,Lancashire Constabulary,Lancashire Constabulary,-3.013656,53.835954,On or near Yew Tree Road,E01012723,Blackpool 004E,Violence and sexual offences,Unable to prosecute suspect,
,2019-02,Lancashire Constabulary,Lancashire Constabulary,-3.038867,53.831666,On or near Courtfield Avenue,E01012693,Blackpool 005A,Anti-social behaviour,,
,2019-02,Lancashire Constabulary,Lancashire Constabulary,-3.036769,53.833473,On or near Mexford Avenue,E01012693,Blackpool 005A,Anti-social behaviour,,
,2019-02,Lancashire Constabulary,Lancashire Constabulary,-3.032452,53.835245,On or near Bromley Close,E01012693,Blackpool 005A,Anti-social behaviour,,
6d8bd70fb865a0a94a828c82c82d8dfc7016aa148c347ec7a9626918a8a94872,2019-02,Lancashire Constabulary,Lancashire Constabulary,-3.038867,53.831666,On or near Courtfield Avenue,E01012693,Blackpool 005A,Public order,Status update unavailable,
276b639137ba1f8578b08caf8e39b0de34694d80ef880370e1c23be45cd58460,2019-02,Lancashire Constabulary,Lancashire Constabulary,-3.035956,53.833157,On or near Warley Road,E01012693,Blackpool 005A,Vehicle crime,Status update unavailable,
,2019-02,Lancashire Constabulary,Lancashire Constabulary,-3.033775,53.832223,On or near Leaford Avenue,E01012711,Blackpool 005B,Anti-social behaviour,,
,2019-02,Lancashire Constabulary,Lancashire Constabulary,-3.025793,53.832013,On or near Brendon Walk,E01012711,Blackpool 005B,Anti-social behaviour,,
,2019-02,Lancashire Constabulary,Lancashire Constabulary,-3.033775,53.832223,On or near Leaford Avenue,E01012711,Blackpool 005B,Anti-social behaviour,,
,2019-02,Lancashire Constabulary,Lancashire Constabulary,-3.033775,53.832223,On or near Leaford Avenue,E01012711,Blackpool 005B,Anti-social behaviour,,
4850403b9d18729f6c1164e438266d4d48d32fcc401f1ede3bed8d053441dea6,2019-02,Lancashire Constabulary,Lancashire Constabulary,-3.031170,53.833171,On or near Hoo Hill Lane,E01012711,Blackpool 005B,Burglary,Status update unavailable,
b3b807095b868689de26766e4d24cd1afcf96897b86eebe8728e609cf8494876,2019-02,Lancashire Constabulary,Lancashire Constabulary,-3.027357,53.831990,On or near Meyler Avenue,E01012711,Blackpool 005B,Burglary,Status update unavailable,
8315887206fdaa6d9ae66f2d9f2e1cdf5226d6ef91d29eb01319d3e9854ad2b8,2019-02,Lancashire Constabulary,Lancashire Constabulary,-3.030390,53.832980,On or near Bispham Road,E01012711,Blackpool 005B,Robbery,Status update unavailable,
49a34ebe6077fb47fbf835c68f3e9e8d5eb2870d501b0aead4e97ba9afb1f163,2019-02,Lancashire Constabulary,Lancashire Constabulary,-3.031170,53.833171,On or near Hoo Hill Lane,E01012711,Blackpool 005B,Vehicle crime,Status update unavailable,
426f68acb4a89952470a945771e0c1c80cdcbc1e8a12c4e4018547e4c9237a0d,2019-02,Lancashire Constabulary,Lancashire Constabulary,-3.027696,53.830936,On or near Eastwood Avenue,E01012711,Blackpool 005B,Violence and sexual offences,Offender sent to prison,
69790d3f552b495aac0f196754c5783235a251cb7c605ce71f8de75a690ec203,2019-02,Lancashire Constabulary,Lancashire Constabulary,-3.028840,53.833577,On or near Oregon Avenue,E01012711,Blackpool 005B,Violence and sexual offences,Status update unavailable,
,2019-02,Lancashire Constabulary,Lancashire Constabulary,-3.048347,53.837687,On or near Knowle Avenue,E01012747,Blackpool 005C,Anti-social behaviour,,
90b8f9a3d793844a3070b80039f04fab59be781cb560ccc678a7aa2bd5056007,2019-02,Lancashire Constabulary,Lancashire Constabulary,-3.043194,53.838235,On or near Athlone Avenue,E01012747,Blackpool 005C,Burglary,Awaiting court outcome,
dddd9b47982a52c2f67841c6ebb95e1346a5ce6f3d7f5d79145afff3178b8f20,2019-02,Lancashire Constabulary,Lancashire Constabulary,-3.042776,53.840998,On or near The Knowle,E01012747,Blackpool 005C,Vehicle crime,Status update unavailable,
1296ba32693a85b1ea5d39b666f68357003fcfe4568f0860fd418ab1ab1c3232,2019-02,Lancashire Constabulary,Lancashire Constabulary,-3.045186,53.837076,On or near Calder Road,E01012747,Blackpool 005C,Vehicle crime,Status update unavailable,
,2019-02,Lancashire Constabulary,Lancashire Constabulary,-3.042445,53.832588,On or near Waverley Avenue,E01012750,Blackpool 005D,Anti-social behaviour,,
,2019-02,Lancashire Constabulary,Lancashire Constabulary,-3.042445,53.832588,On or near Waverley Avenue,E01012750,Blackpool 005D,Anti-social behaviour,,
,2019-02,Lancashire Constabulary,Lancashire Constabulary,-3.049256,53.833329,On or near Hodgson Road,E01012750,Blackpool 005D,Anti-social behaviour,,
a91cd526d7dcb1acf91e8ce8d0e88244b5b1999cf9b177ade1592bbe87271e5b,2019-02,Lancashire Constabulary,Lancashire Constabulary,-3.042445,53.832588,On or near Waverley Avenue,E01012750,Blackpool 005D,Other theft,Status update unavailable,
33abecf4856c7542ed4d9ab02e2cad401253ea1e7479ce2860c5fb51208dc317,2019-02,Lancashire Constabulary,Lancashire Constabulary,-3.039125,53.834711,On or near Milford Avenue,E01012750,Blackpool 005D,Other theft,Status update unavailable,
b581f3f308e457d9ff52f9338b9c395e28c324391ea75e23708b76510a4eff9d,2019-02,Lancashire Constabulary,Lancashire Constabulary,-3.042445,53.832588,On or near Waverley Avenue,E01012750,Blackpool 005D,Public order,Status update unavailable,
a61a7506fed59376b3bbbdbef84a0f907b99fdbf13b61fb523972f5ef7bfdc8a,2019-02,Lancashire Constabulary,Lancashire Constabulary,-3.044443,53.833478,On or near Links Road,E01012750,Blackpool 005D,Vehicle crime,Status update unavailable,
f7c5043d159305f2b3bdd4544035a1ff25ae79d984730ab2ef997eb9587c3dfd,2019-02,Lancashire Constabulary,Lancashire Constabulary,-3.050044,53.832648,On or near Dorchester Road,E01012750,Blackpool 005D,Violence and sexual offences,Unable to prosecute suspect,
83c5c26c8fa4511043f770bdd3e20f2ca3d312c7167502dab02bd545a43b5639,2019-02,Lancashire Constabulary,Lancashire Constabulary,-3.050044,53.832648,On or near Dorchester Road,E01012750,Blackpool 005D,Violence and sexual offences,Unable to prosecute suspect,
7c6233434023d3284370a46e65db9dcb2efa841c55b8948e601b7850d29bf0c9,2019-02,Lancashire Constabulary,Lancashire Constabulary,-3.049256,53.833329,On or near Hodgson Road,E01012750,Blackpool 005D,Violence and sexual offences,Offender given a caution,
f7e76d518eb6af6467b4be4487675bb68479d582f97704d4e05c5d9f092be381,2019-02,Lancashire Constabulary,Lancashire Constabulary,-3.038905,53.833212,On or near Raymond Avenue,E01012750,Blackpool 005D,Violence and sexual offences,Status update unavailable,
77ba067898eb920bbbb2d341794dfdc190adc0080c12c5f055a24e43ca3cffb2,2019-02,Lancashire Constabulary,Lancashire Constabulary,-3.042445,53.832588,On or near Waverley Avenue,E01012750,Blackpool 005D,Violence and sexual offences,Formal action is not in the public interest,
,2019-02,Lancashire Constabulary,Lancashire Constabulary,-3.054338,53.828754,On or near Derby Road,E01012681,Blackpool 006A,Anti-social behaviour,,
,2019-02,Lancashire Constabulary,Lancashire Constabulary,-3.052198,53.825222,On or near Lynn Grove,E01012681,Blackpool 006A,Anti-social behaviour,,
,2019-02,Lancashire Constabulary,Lancashire Constabulary,-3.054649,53.827834,On or near Wilton Parade,E01012681,Blackpool 006A,Anti-social behaviour,,
,2019-02,Lancashire Constabulary,Lancashire Constabulary,-3.054780,53.819744,On or near The Strand,E01012681,Blackpool 006A,Anti-social behaviour,,
,2019-02,Lancashire Constabulary,Lancashire Constabulary,-3.051604,53.820922,On or near Dickson Road,E01012681,Blackpool 006A,Anti-social behaviour,,
,2019-02,Lancashire Constabulary,Lancashire Constabulary,-3.053226,53.827433,On or near Imperial Street,E01012681,Blackpool 006A,Anti-social behaviour,,
,2019-02,Lancashire Constabulary,Lancashire Constabulary,-3.052173,53.820576,On or near Queen Street,E01012681,Blackpool 006A,Anti-social behaviour,,
,2019-02,Lancashire Constabulary,Lancashire Constabulary,-3.054704,53.823960,On or near Lansdowne Place,E01012681,Blackpool 006A,Anti-social behaviour,,
,2019-02,Lancashire Constabulary,Lancashire Constabulary,-3.053274,53.820269,On or near Abingdon Street,E01012681,Blackpool 006A,Anti-social behaviour,,
,2019-02,Lancashire Constabulary,Lancashire Constabulary,-3.053226,53.827433,On or near Imperial Street,E01012681,Blackpool 006A,Anti-social behaviour,,
,2019-02,Lancashire Constabulary,Lancashire Constabulary,-3.053547,53.821462,On or near Walker Street,E01012681,Blackpool 006A,Anti-social behaviour,,
,2019-02,Lancashire Constabulary,Lancashire Constabulary,-3.053626,53.820967,On or near Springfield Road,E01012681,Blackpool 006A,Anti-social behaviour,,
,2019-02,Lancashire Constabulary,Lancashire Constabulary,-3.049646,53.821595,On or near High Street,E01012681,Blackpool 006A,Anti-social behaviour,,
,2019-02,Lancashire Constabulary,Lancashire Constabulary,-3.050476,53.820761,On or near Shopping Area,E01012681,Blackpool 006A,Anti-social behaviour,,
,2019-02,Lancashire Constabulary,Lancashire Constabulary,-3.054344,53.822327,On or near General Street,E01012681,Blackpool 006A,Anti-social behaviour,,
,2019-02,Lancashire Constabulary,Lancashire Constabulary,-3.054826,53.820984,On or near Shopping Area,E01012681,Blackpool 006A,Anti-social behaviour,,
,2019-02,Lancashire Constabulary,Lancashire Constabulary,-3.051604,53.820922,On or near Dickson Road,E01012681,Blackpool 006A,Anti-social behaviour,,
,2019-02,Lancashire Constabulary,Lancashire Constabulary,-3.053274,53.820269,On or near Abingdon Street,E01012681,Blackpool 006A,Anti-social behaviour,,
,2019-02,Lancashire Constabulary,Lancashire Constabulary,-3.054358,53.821698,On or near Filey Place,E01012681,Blackpool 006A,Anti-social behaviour,,
,2019-02,Lancashire Constabulary,Lancashire Constabulary,-3.054588,53.820554,On or near Nightclub,E01012681,Blackpool 006A,Anti-social behaviour,,
,2019-02,Lancashire Constabulary,Lancashire Constabulary,-3.052198,53.825222,On or near Lynn Grove,E01012681,Blackpool 006A,Anti-social behaviour,,
,2019-02,Lancashire Constabulary,Lancashire Constabulary,-3.052173,53.820576,On or near Queen Street,E01012681,Blackpool 006A,Anti-social behaviour,,
,2019-02,Lancashire Constabulary,Lancashire Constabulary,-3.054588,53.820554,On or near Nightclub,E01012681,Blackpool 006A,Anti-social behaviour,,
,2019-02,Lancashire Constabulary,Lancashire Constabulary,-3.054826,53.820984,On or near Shopping Area,E01012681,Blackpool 006A,Anti-social behaviour,,
,2019-02,Lancashire Constabulary,Lancashire Constabulary,-3.054338,53.828754,On or near Derby Road,E01012681,Blackpool 006A,Anti-social behaviour,,
,2019-02,Lancashire Constabulary,Lancashire Constabulary,-3.053547,53.821462,On or near Walker Street,E01012681,Blackpool 006A,Anti-social behaviour,,
,2019-02,Lancashire Constabulary,Lancashire Constabulary,-3.054826,53.820984,On or near Shopping Area,E01012681,Blackpool 006A,Anti-social behaviour,,
,2019-02,Lancashire Constabulary,Lancashire Constabulary,-3.052198,53.825222,On or near Lynn Grove,E01012681,Blackpool 006A,Anti-social behaviour,,
,2019-02,Lancashire Constabulary,Lancashire Constabulary,-3.053274,53.820269,On or near Abingdon Street,E01012681,Blackpool 006A,Anti-social behaviour,,
,2019-02,Lancashire Constabulary,Lancashire Constabulary,-3.051922,53.822672,On or near Banks Street,E01012681,Blackpool 006A,Anti-social behaviour,,
,2019-02,Lancashire Constabulary,Lancashire Constabulary,-3.055389,53.822830,On or near Promenade,E01012681,Blackpool 006A,Anti-social behaviour,,
,2019-02,Lancashire Constabulary,Lancashire Constabulary,-3.054338,53.828754,On or near Derby Road,E01012681,Blackpool 006A,Anti-social behaviour,,
,2019-02,Lancashire Constabulary,Lancashire Constabulary,-3.052174,53.823029,On or near Lord Street,E01012681,Blackpool 006A,Anti-social behaviour,,
,2019-02,Lancashire Constabulary,Lancashire Constabulary,-3.053226,53.827433,On or near Imperial Street,E01012681,Blackpool 006A,Anti-social behaviour,,
,2019-02,Lancashire Constabulary,Lancashire Constabulary,-3.053274,53.820269,On or near Abingdon Street,E01012681,Blackpool 006A,Anti-social behaviour,,
,2019-02,Lancashire Constabulary,Lancashire Constabulary,-3.052936,53.826762,On or near Eaves Street,E01012681,Blackpool 006A,Anti-social behaviour,,
,2019-02,Lancashire Constabulary,Lancashire Constabulary,-3.053274,53.820269,On or near Abingdon Street,E01012681,Blackpool 006A,Anti-social behaviour,,
,2019-02,Lancashire Constabulary,Lancashire Constabulary,-3.052174,53.823029,On or near Lord Street,E01012681,Blackpool 006A,Anti-social behaviour,,
,2019-02,Lancashire Constabulary,Lancashire Constabulary,-3.049646,53.821595,On or near High Street,E01012681,Blackpool 006A,Anti-social behaviour,,
,2019-02,Lancashire Constabulary,Lancashire Constabulary,-3.051288,53.821015,On or near Nightclub,E01012681,Blackpool 006A,Anti-social behaviour,,
,2019-02,Lancashire Constabulary,Lancashire Constabulary,-3.051288,53.821015,On or near Nightclub,E01012681,Blackpool 006A,Anti-social behaviour,,
,2019-02,Lancashire Constabulary,Lancashire Constabulary,-3.054588,53.820554,On or near Nightclub,E01012681,Blackpool 006A,Anti-social behaviour,,
,2019-02,Lancashire Constabulary,Lancashire Constabulary,-3.054649,53.827834,On or near Wilton Parade,E01012681,Blackpool 006A,Anti-social behaviour,,
,2019-02,Lancashire Constabulary,Lancashire Constabulary,-3.052174,53.823029,On or near Lord Street,E01012681,Blackpool 006A,Anti-social behaviour,,
,2019-02,Lancashire Constabulary,Lancashire Constabulary,-3.052173,53.820576,On or near Queen Street,E01012681,Blackpool 006A,Anti-social behaviour,,
,2019-02,Lancashire Constabulary,Lancashire Constabulary,-3.054588,53.820554,On or near Nightclub,E01012681,Blackpool 006A,Anti-social behaviour,,
,2019-02,Lancashire Constabulary,Lancashire Constabulary,-3.051288,53.821015,On or near Nightclub,E01012681,Blackpool 006A,Anti-social behaviour,,
06643f75d8b45595403f3e0f050c304642f3eeb298266582ef593e531389ec59,2019-02,Lancashire Constabulary,Lancashire Constabulary,-3.053274,53.820269,On or near Abingdon Street,E01012681,Blackpool 006A,Bicycle theft,Status update unavailable,
96eee9c43e9f21234d6aa52b2d243a7c34020b531d2ac81a8d24ea0b2ec2c1db,2019-02,Lancashire Constabulary,Lancashire Constabulary,-3.052173,53.820576,On or near Queen Street,E01012681,Blackpool 006A,Burglary,Status update unavailable,
68c1d7b473f968bead05baa3d62d9495ca7173422b13a2274bcf4fd53a321a7b,2019-02,Lancashire Constabulary,Lancashire Constabulary,-3.052173,53.820576,On or near Queen Street,E01012681,Blackpool 006A,Burglary,Status update unavailable,
727b1e77f753cf2a1f4d34d85cef8b37d3b151fcc624961a38f4c16ff2c94167,2019-02,Lancashire Constabulary,Lancashire Constabulary,-3.054826,53.820984,On or near Shopping Area,E01012681,Blackpool 006A,Burglary,Status update unavailable,
eddd419319df00f01e24f7fb14ba3a0cf72f4bb0567445270bd10c4ad08ecdb1,2019-02,Lancashire Constabulary,Lancashire Constabulary,-3.051922,53.822672,On or near Banks Street,E01012681,Blackpool 006A,Burglary,Status update unavailable,
4b9b21834364e8e4f66cec84faee71692b23689b1a765ac367b6d948f34cc1bc,2019-02,Lancashire Constabulary,Lancashire Constabulary,-3.054358,53.821698,On or near Filey Place,E01012681,Blackpool 006A,Burglary,Status update unavailable,
00dad35b99c8009a14adf0ebe69704621559d48d4feb6d8e07e49c416649b07e,2019-02,Lancashire Constabulary,Lancashire Constabulary,-3.053849,53.822583,On or near Francis Street,E01012681,Blackpool 006A,Criminal damage and arson,Offender given a caution,
9a4117e4a85450b5c2180929305063f774a938552a56b9e49b32400b95a1a2db,2019-02,Lancashire Constabulary,Lancashire Constabulary,-3.053626,53.820967,On or near Springfield Road,E01012681,Blackpool 006A,Criminal damage and arson,Status update unavailable,
258eb9e7dc7d7b10b9b310f4ddaf1f1e57702c7109d4736fc439d9e153411391,2019-02,Lancashire Constabulary,Lancashire Constabulary,-3.054588,53.820554,On or near Nightclub,E01012681,Blackpool 006A,Criminal damage and arson,Offender given a caution,
4bea87addad14ccf8e18e327bc79ff90396e48d76142af5db588c85432ba0b43,2019-02,Lancashire Constabulary,Lancashire Constabulary,-3.051096,53.824899,On or near Cross Street,E01012681,Blackpool 006A,Criminal damage and arson,Status update unavailable,
372ec7fafea712fb1203ff28ad88c1832ad046a92c511ff894223a46b6bd98f4,2019-02,Lancashire Constabulary,Lancashire Constabulary,-3.051096,53.824899,On or near Cross Street,E01012681,Blackpool 006A,Criminal damage and arson,Status update unavailable,
00b9b9ba75b18de8bc6a799f2966c2ac28a54871ef210cd36062e070d4e6c7bf,2019-02,Lancashire Constabulary,Lancashire Constabulary,-3.052174,53.823029,On or near Lord Street,E01012681,Blackpool 006A,Criminal damage and arson,Status update unavailable,
b48c6e9da10ccd94f11b7cb27708343a34214fd1a03af9f115f5c0240d19a2bf,2019-02,Lancashire Constabulary,Lancashire Constabulary,-3.054649,53.827834,On or near Wilton Parade,E01012681,Blackpool 006A,Criminal damage and arson,Status update unavailable,
a88f557b95df6c44704c51bd79c9eb6cef6ec143653345cd414f4b1cdd5a39c7,2019-02,Lancashire Constabulary,Lancashire Constabulary,-3.054649,53.827834,On or near Wilton Parade,E01012681,Blackpool 006A,Criminal damage and arson,Status update unavailable,
fd752e0bdf8fd345bbb81ce5ae381716aaa641f79c489fdee94dd5d94b669daa,2019-02,Lancashire Constabulary,Lancashire Constabulary,-3.052198,53.825222,On or near Lynn Grove,E01012681,Blackpool 006A,Drugs,Status update unavailable,
ed790b6bf8eb8c8bf983dfe409aded33e4e7fe8d7479d5d8f20082326e56fe0b,2019-02,Lancashire Constabulary,Lancashire Constabulary,-3.052173,53.820576,On or near Queen Street,E01012681,Blackpool 006A,Drugs,Offender given a caution,
77814a97fa5c0f5c0b2e3601433fe0f05574a71c10f7181e9c52cca4b6809751,2019-02,Lancashire Constabulary,Lancashire Constabulary,-3.054704,53.823960,On or near Lansdowne Place,E01012681,Blackpool 006A,Drugs,Status update unavailable,
32703d2572f90292dbea019df16aff2a2982ef5eb866eda6242ff3164a5c700e,2019-02,Lancashire Constabulary,Lancashire Constabulary,-3.054649,53.827834,On or near Wilton Parade,E01012681,Blackpool 006A,Drugs,Status update unavailable,
e6500742f642f7689f0ab15cac0d51390619a6daf9d43ff32d6b601ff8bafa6d,2019-02,Lancashire Constabulary,Lancashire Constabulary,-3.051245,53.821716,On or near Springfield Road,E01012681,Blackpool 006A,Drugs,Offender given penalty notice,
abe9721ba7155e342a28bad1b7a73f96279d96415fb8f3a18c7fa58ca1d0f3a9,2019-02,Lancashire Constabulary,Lancashire Constabulary,-3.054780,53.819744,On or near The Strand,E01012681,Blackpool 006A,Other theft,Status update unavailable,
85e846498ca00e652450c7e6cbfbb1fb1826899dcc79f647476ce75454f5a301,2019-02,Lancashire Constabulary,Lancashire Constabulary,-3.050476,53.820761,On or near Shopping Area,E01012681,Blackpool 006A,Other theft,Unable to prosecute suspect,
fdeeb56bccd06db169f9314ce19a55a2764e132251f1d8c5fa9bc9a7363908ad,2019-02,Lancashire Constabulary,Lancashire Constabulary,-3.054780,53.819744,On or near The Strand,E01012681,Blackpool 006A,Other theft,Status update unavailable,
f117cf05839292da54d53dbc4481a89182fbb0c17f23d1226ca9d0ac7f31bff0,2019-02,Lancashire Constabulary,Lancashire Constabulary,-3.051245,53.821716,On or near Springfield Road,E01012681,Blackpool 006A,Other theft,Status update unavailable,
c64c5008be01e7944efb25eeafac5a497cc100e7e8152becd314a412079e9b0d,2019-02,Lancashire Constabulary,Lancashire Constabulary,-3.054780,53.819744,On or near The Strand,E01012681,Blackpool 006A,Other theft,Status update unavailable,
3d15efed133392336afe9b223f55eaaabeadb4fa466f0d390c8896c11b4430b0,2019-02,Lancashire Constabulary,Lancashire Constabulary,-3.054780,53.819744,On or near The Strand,E01012681,Blackpool 006A,Other theft,Status update unavailable,
1a686a594a9c232f6e5f4256e1aa1b020231ca9c1e45753e76703480a38863bd,2019-02,Lancashire Constabulary,Lancashire Constabulary,-3.053274,53.820269,On or near Abingdon Street,E01012681,Blackpool 006A,Other theft,Status update unavailable,
5ef9d56fdbe5b5810af27456ac471b7d0dc05d1bb688ca823f19c1644f622bb4,2019-02,Lancashire Constabulary,Lancashire Constabulary,-3.054344,53.822327,On or near General Street,E01012681,Blackpool 006A,Other theft,Status update unavailable,
20cf975c9b83fe877df46dffd05b436f491ce989102878e85a5d6a41f0193ad2,2019-02,Lancashire Constabulary,Lancashire Constabulary,-3.054649,53.827834,On or near Wilton Parade,E01012681,Blackpool 006A,Other theft,Status update unavailable,
f70e802801e05835af4e6be36eb8d9205e22659c3a13984503e6dc96b026ce2a,2019-02,Lancashire Constabulary,Lancashire Constabulary,-3.054780,53.819744,On or near The Strand,E01012681,Blackpool 006A,Other theft,Status update unavailable,
1b9b0adfb34d18e6214ca778ecdcd9a02f5ab0b001fa39579cc53a719091a1e6,2019-02,Lancashire Constabulary,Lancashire Constabulary,-3.051245,53.821716,On or near Springfield Road,E01012681,Blackpool 006A,Other theft,Unable to prosecute suspect,
7cc885cd074276c78b20347457cf480570c7762c938a691d5cd812c0b11a8756,2019-02,Lancashire Constabulary,Lancashire Constabulary,-3.051288,53.821015,On or near Nightclub,E01012681,Blackpool 006A,Other theft,Status update unavailable,
c18f47d7aa3f5db1b758ca124f6a7324af2b82efcebd21915afa566b674321bc,2019-02,Lancashire Constabulary,Lancashire Constabulary,-3.053274,53.820269,On or near Abingdon Street,E01012681,Blackpool 006A,Other theft,Status update unavailable,
3ac0ee867369ffe95a25859420cc724a9c6693694f9cb534cf0d2ec631601816,2019-02,Lancashire Constabulary,Lancashire Constabulary,-3.051288,53.821015,On or near Nightclub,E01012681,Blackpool 006A,Other theft,Status update unavailable,
5a2009e3d6c7d4240fb5542a2d74450ca4fe1b457702abd2e46eedb002e51df1,2019-02,Lancashire Constabulary,Lancashire Constabulary,-3.051604,53.820922,On or near Dickson Road,E01012681,Blackpool 006A,Other theft,Status update unavailable,
b1f932d96bc0de95b7035b19dc66836a7494abff41e1e811f877a16085e77484,2019-02,Lancashire Constabulary,Lancashire Constabulary,-3.054780,53.819744,On or near The Strand,E01012681,Blackpool 006A,Possession of weapons,Offender given a caution,
8f240fdfa5ff68f64814806f19fc9e77b230b92c2ad076d3e65ea9d8998d7129,2019-02,Lancashire Constabulary,Lancashire Constabulary,-3.051288,53.821015,On or near Nightclub,E01012681,Blackpool 006A,Public order,Status update unavailable,
5e73244bff25109ef010d3792ca5e038941fe3b7251b13772a27ce7d3c57d699,2019-02,Lancashire Constabulary,Lancashire Constabulary,-3.051604,53.820922,On or near Dickson Road,E01012681,Blackpool 006A,Public order,Unable to prosecute suspect,
293de88080ed25587ca2391a0ebd037047804b93e28b9a3be43c2b6a12277f99,2019-02,Lancashire Constabulary,Lancashire Constabulary,-3.050476,53.820761,On or near Shopping Area,E01012681,Blackpool 006A,Public order,Unable to prosecute suspect,
d49503b3b122c437396c894c9ac1669acf05e420d50d4124647816e6b3c301fc,2019-02,Lancashire Constabulary,Lancashire Constabulary,-3.051604,53.820922,On or near Dickson Road,E01012681,Blackpool 006A,Public order,Unable to prosecute suspect,
12ac988ea2c5bf47c71b767faee88b795adba87a6de0cf22719bee212a33eff0,2019-02,Lancashire Constabulary,Lancashire Constabulary,-3.053274,53.820269,On or near Abingdon Street,E01012681,Blackpool 006A,Public order,Status update unavailable,
420af3693c3878cdc8844ba7ef75af4f34dc0001b65ee40da719780e9269ca5f,2019-02,Lancashire Constabulary,Lancashire Constabulary,-3.049646,53.821595,On or near High Street,E01012681,Blackpool 006A,Public order,Awaiting court outcome,
16c3ea76afedce882b214ab019875ee203d7d01f2ddc1593a376b373371464e1,2019-02,Lancashire Constabulary,Lancashire Constabulary,-3.053274,53.820269,On or near Abingdon Street,E01012681,Blackpool 006A,Public order,Further investigation is not in the public interest,
4ca9335b4b121c400af8538c7de74970ca2a9c4eadb876b257aa5003d32aeecb,2019-02,Lancashire Constabulary,Lancashire Constabulary,-3.054338,53.828754,On or near Derby Road,E01012681,Blackpool 006A,Public order,Status update unavailable,
2945fc882266701edbbbdfe1980b85dca8dd8a7eac486bd333a280b0be8e65fc,2019-02,Lancashire Constabulary,Lancashire Constabulary,-3.054780,53.819744,On or near The Strand,E01012681,Blackpool 006A,Public order,Status update unavailable,
acf922da10bcedcb7a617f56c9460e37f34b157318b0909b087eafe5d6b7cb5e,2019-02,Lancashire Constabulary,Lancashire Constabulary,-3.052173,53.820576,On or near Queen Street,E01012681,Blackpool 006A,Public order,Status update unavailable,
4bace9b9c346819070337b74db7b6e8ead1a5d57fca696c0ba3b45f47c3c616c,2019-02,Lancashire Constabulary,Lancashire Constabulary,-3.051245,53.821716,On or near Springfield Road,E01012681,Blackpool 006A,Public order,Status update unavailable,
acbed0b35f4cfa4fcb8341015e6c267155d20cb4b13eedae6b01858625d63f7f,2019-02,Lancashire Constabulary,Lancashire Constabulary,-3.054780,53.819744,On or near The Strand,E01012681,Blackpool 006A,Public order,Status update unavailable,
5f4cff401e5678ae0334aeb4e633f4f2429ddc676dce66e00ef4b10ade63f279,2019-02,Lancashire Constabulary,Lancashire Constabulary,-3.053274,53.820269,On or near Abingdon Street,E01012681,Blackpool 006A,Public order,Status update unavailable,
6b2bd1c45dda9cba4277923e4242b9bcd39132d0adc1f9e8588b924d01f3bcef,2019-02,Lancashire Constabulary,Lancashire Constabulary,-3.054780,53.819744,On or near The Strand,E01012681,Blackpool 006A,Public order,Further investigation is not in the public interest,
c079c3710965ae054e6f9822597be1c206a9de09c48606b2d50de0259afb1e97,2019-02,Lancashire Constabulary,Lancashire Constabulary,-3.049646,53.821595,On or near High Street,E01012681,Blackpool 006A,Public order,Awaiting court outcome,
14f240c269229ef3d024fee73c8390f444eaab4f595b6eb057339038ca77acf2,2019-02,Lancashire Constabulary,Lancashire Constabulary,-3.052940,53.823921,On or near Yates Street,E01012681,Blackpool 006A,Public order,Status update unavailable,
ae6e158e1e164c07eda8507b48ff8175ed4b9db7e1dc0623b3c16f89724a6b44,2019-02,Lancashire Constabulary,Lancashire Constabulary,-3.053274,53.820269,On or near Abingdon Street,E01012681,Blackpool 006A,Public order,Status update unavailable,
f1a4da28357f5cb235baf5f83ef14889086dc4fa33da69c631a621dc1454885f,2019-02,Lancashire Constabulary,Lancashire Constabulary,-3.052174,53.823029,On or near Lord Street,E01012681,Blackpool 006A,Robbery,Awaiting court outcome,
b7008b81a641cf533b993a3d514ff15b522667e9da7e34f31ed1d939219b84d2,2019-02,Lancashire Constabulary,Lancashire Constabulary,-3.051922,53.822672,On or near Banks Street,E01012681,Blackpool 006A,Robbery,Status update unavailable,
58c4b69b48fc56877a31ea2b32de3955e0fe48a07f42fa67e5db3bcb1dc5a14f,2019-02,Lancashire Constabulary,Lancashire Constabulary,-3.051245,53.821716,On or near Springfield Road,E01012681,Blackpool 006A,Robbery,Status update unavailable,
03608559d7bade0c03707f4da6bf7329cc630db00c9ba60bd0eeb529f49b047f,2019-02,Lancashire Constabulary,Lancashire Constabulary,-3.051245,53.821716,On or near Springfield Road,E01012681,Blackpool 006A,Robbery,Status update unavailable,
e80142af6ab1b132e67e994569a14fb6d3e5c6b231245cc69c571fa401f1d30b,2019-02,Lancashire Constabulary,Lancashire Constabulary,-3.050476,53.820761,On or near Shopping Area,E01012681,Blackpool 006A,Shoplifting,Offender sent to prison,
ef7c41b6ac50805c9d0f222f208fce58cd737535bc521fbf75560080b7f95781,2019-02,Lancashire Constabulary,Lancashire Constabulary,-3.052173,53.820576,On or near Queen Street,E01012681,Blackpool 006A,Shoplifting,Status update unavailable,
8fc55b1e74175bb21013115ced82e00342630745d3deee8f10702fbc5f8fd6bb,2019-02,Lancashire Constabulary,Lancashire Constabulary,-3.050476,53.820761,On or near Shopping Area,E01012681,Blackpool 006A,Shoplifting,Further investigation is not in the public interest,
d2d0a90d6824be05e4d108dbb3f2b972191ef842c6d064870b75647e81f083fd,2019-02,Lancashire Constabulary,Lancashire Constabulary,-3.052173,53.820576,On or near Queen Street,E01012681,Blackpool 006A,Shoplifting,Status update unavailable,
4f2fe6bc79b236d1b51c83dca7cc98a53e0d07e82ccba864b9ba226ed94df054,2019-02,Lancashire Constabulary,Lancashire Constabulary,-3.052173,53.820576,On or near Queen Street,E01012681,Blackpool 006A,Shoplifting,Unable to prosecute suspect,
d21e94c7912bc910b21b877a790a8edc13d00ad63c5e529d47fa60b78ca7e956,2019-02,Lancashire Constabulary,Lancashire Constabulary,-3.050476,53.820761,On or near Shopping Area,E01012681,Blackpool 006A,Shoplifting,Further investigation is not in the public interest,
82d3a0caa5f12f8d5e571ce0f5db653eb72f854603d15db5a266ecd8e93a1079,2019-02,Lancashire Constabulary,Lancashire Constabulary,-3.052173,53.820576,On or near Queen Street,E01012681,Blackpool 006A,Shoplifting,Status update unavailable,
64162395c4a795dd82410d5557d16e59593ce3a911ce57235e569f348d44c2ee,2019-02,Lancashire Constabulary,Lancashire Constabulary,-3.052173,53.820576,On or near Queen Street,E01012681,Blackpool 006A,Shoplifting,Status update unavailable,
bee9afa2365200802e4c873604f51bfb29431ef4852d4e07863e75aff430a02a,2019-02,Lancashire Constabulary,Lancashire Constabulary,-3.050476,53.820761,On or near Shopping Area,E01012681,Blackpool 006A,Shoplifting,Unable to prosecute suspect,
a77e90610943690ff3a727ee5cbf88758119dd295847061926e14f55870f3151,2019-02,Lancashire Constabulary,Lancashire Constabulary,-3.050476,53.820761,On or near Shopping Area,E01012681,Blackpool 006A,Shoplifting,Status update unavailable,
502f3a94779e556de2425b8d0e35b1a6db8c4f4e24e3dc56f04294b56d0e252f,2019-02,Lancashire Constabulary,Lancashire Constabulary,-3.052173,53.820576,On or near Queen Street,E01012681,Blackpool 006A,Shoplifting,Status update unavailable,
ca76eda7a69008dccfe6122a72b14c1af682211eb3278881057782498e567f29,2019-02,Lancashire Constabulary,Lancashire Constabulary,-3.052173,53.820576,On or near Queen Street,E01012681,Blackpool 006A,Shoplifting,Status update unavailable,
8b73a67ce832d34182806eec104d9489cab6713db19aac9cd86f48e875d753d1,2019-02,Lancashire Constabulary,Lancashire Constabulary,-3.052173,53.820576,On or near Queen Street,E01012681,Blackpool 006A,Shoplifting,Status update unavailable,
89e318b34f84cd82401ef8866e71716a7a0f92c773e72b60ea230f4a048cf4f1,2019-02,Lancashire Constabulary,Lancashire Constabulary,-3.050476,53.820761,On or near Shopping Area,E01012681,Blackpool 006A,Shoplifting,Status update unavailable,
c4336da4605d4d59846a25503f1e5543c11155d95383a76a5f4cb6db68572e3e,2019-02,Lancashire Constabulary,Lancashire Constabulary,-3.054780,53.819744,On or near The Strand,E01012681,Blackpool 006A,Theft from the person,Status update unavailable,
40896a540d3bbb3ceda01b076353b98614564402f58eef1c2026a9bfc9843d83,2019-02,Lancashire Constabulary,Lancashire Constabulary,-3.053274,53.820269,On or near Abingdon Street,E01012681,Blackpool 006A,Vehicle crime,Status update unavailable,
d504fff5c1a2444e475561995c8e964f8a6b07b0b514354b13327a74f77d2dcd,2019-02,Lancashire Constabulary,Lancashire Constabulary,-3.051604,53.820922,On or near Dickson Road,E01012681,Blackpool 006A,Violence and sexual offences,Unable to prosecute suspect,
d9bcb7608f83f7b10a1422dc7a955fd582e3a43466403f9dbfea57b41068a0b8,2019-02,Lancashire Constabulary,Lancashire Constabulary,-3.053274,53.820269,On or near Abingdon Street,E01012681,Blackpool 006A,Violence and sexual offences,Status update unavailable,
b3df090a9fe191c3a84acc476b088f2b83a3dd240cdb784bd37a1feedce1cc70,2019-02,Lancashire Constabulary,Lancashire Constabulary,-3.054780,53.819744,On or near The Strand,E01012681,Blackpool 006A,Violence and sexual offences,Status update unavailable,
11668d6884a2a06824295df34216a1229ad438d81098f14ca5688c0b457dcb0b,2019-02,Lancashire Constabulary,Lancashire Constabulary,-3.051604,53.820922,On or near Dickson Road,E01012681,Blackpool 006A,Violence and sexual offences,Status update unavailable,
7bb2dbc1cad68b98f4c9adbc43e222cbadac7e1021e5721f3b1179c4159dab73,2019-02,Lancashire Constabulary,Lancashire Constabulary,-3.053119,53.824998,On or near Pleasant Street,E01012681,Blackpool 006A,Violence and sexual offences,Unable to prosecute suspect,
5c69b4b3307a069de2a6a5d63997f8c8ca8940e23370c1e776bd03bbd168ca3f,2019-02,Lancashire Constabulary,Lancashire Constabulary,-3.051245,53.821716,On or near Springfield Road,E01012681,Blackpool 006A,Violence and sexual offences,Unable to prosecute suspect,
8069bdc226742689686fc56fc1faa235075e81b724b70e762a8a8d75ba8a2123,2019-02,Lancashire Constabulary,Lancashire Constabulary,-3.050476,53.820761,On or near Shopping Area,E01012681,Blackpool 006A,Violence and sexual offences,Unable to prosecute suspect,
42c557d2648e90f743dd10befac7f965717fcaf9a1ef157c7a8ccd441a23864e,2019-02,Lancashire Constabulary,Lancashire Constabulary,-3.054649,53.827834,On or near Wilton Parade,E01012681,Blackpool 006A,Violence and sexual offences,Formal action is not in the public interest,
348e965c1373aaf6bc2d090a1695c665ce0715aa0230219bbc57c146e50871ba,2019-02,Lancashire Constabulary,Lancashire Constabulary,-3.052198,53.825222,On or near Lynn Grove,E01012681,Blackpool 006A,Violence and sexual offences,Unable to prosecute suspect,
f25cffb854c1b093324330e71e06d2efd521c5a430ab9ed8418ccba2b67603cf,2019-02,Lancashire Constabulary,Lancashire Constabulary,-3.053849,53.822583,On or near Francis Street,E01012681,Blackpool 006A,Violence and sexual offences,Status update unavailable,
fd8b2a85c43e3f32b36ef196dbe0adc3bba7cb2062ae7e6fe81a39d1764f531b,2019-02,Lancashire Constabulary,Lancashire Constabulary,-3.053626,53.820967,On or near Springfield Road,E01012681,Blackpool 006A,Violence and sexual offences,Unable to prosecute suspect,
aa8599f7c64cc64fb01900895ebba0ee7a414b3b37252778b91be156111f83fc,2019-02,Lancashire Constabulary,Lancashire Constabulary,-3.053274,53.820269,On or near Abingdon Street,E01012681,Blackpool 006A,Violence and sexual offences,Unable to prosecute suspect,
28ddac4fb7d587d0a487707ee9ea67f19ea8c38c8485b944f866d69c6b10d307,2019-02,Lancashire Constabulary,Lancashire Constabulary,-3.054780,53.819744,On or near The Strand,E01012681,Blackpool 006A,Violence and sexual offences,Unable to prosecute suspect,
31d22f799832a09c58f2fe1b65c39da4570094f93b2f88d278c6b3a94c2eb47c,2019-02,Lancashire Constabulary,Lancashire Constabulary,-3.051288,53.821015,On or near Nightclub,E01012681,Blackpool 006A,Violence and sexual offences,Status update unavailable,
96a25ecd244d278a15b40789e62060baff61edb5e0e3c71546cceacbf512d4d3,2019-02,Lancashire Constabulary,Lancashire Constabulary,-3.053138,53.824531,On or near Mount Street,E01012681,Blackpool 006A,Violence and sexual offences,Investigation complete; no suspect identified,
d3e6769e86b6a11541506aa93f0c09d0d9d076856d4cf6ce821935518ce90e99,2019-02,Lancashire Constabulary,Lancashire Constabulary,-3.054780,53.819744,On or near The Strand,E01012681,Blackpool 006A,Violence and sexual offences,Status update unavailable,
56f5a829f2aa3f3babd3dcee8d72cde5f60642188491a32100a7b9cb26582fd7,2019-02,Lancashire Constabulary,Lancashire Constabulary,-3.053626,53.820967,On or near Springfield Road,E01012681,Blackpool 006A,Violence and sexual offences,Formal action is not in the public interest,
9617fbe493c6cbcab5ee1d3b588dece6502c8bebd15c305d6e03cfb1770d1a22,2019-02,Lancashire Constabulary,Lancashire Constabulary,-3.051245,53.821716,On or near Springfield Road,E01012681,Blackpool 006A,Violence and sexual offences,Status update unavailable,
3348aa74b669199b0c5080cca90b1a6cd3349d1c9538a19975911ecc417bdc16,2019-02,Lancashire Constabulary,Lancashire Constabulary,-3.052174,53.823029,On or near Lord Street,E01012681,Blackpool 006A,Violence and sexual offences,Further investigation is not in the public interest,
42bf7d469ec3fa16a2860c6b852bbd9ad92d81469dc37bc8080d84fd8670dbab,2019-02,Lancashire Constabulary,Lancashire Constabulary,-3.050476,53.820761,On or near Shopping Area,E01012681,Blackpool 006A,Violence and sexual offences,Status update unavailable,
f87333ac22bf8d31358053bf6c3aa5f34cea8e494c84c8dd53bc7f94164ae915,2019-02,Lancashire Constabulary,Lancashire Constabulary,-3.054358,53.821698,On or near Filey Place,E01012681,Blackpool 006A,Violence and sexual offences,Status update unavailable,
ba1aff674ac2b110896aa34144194d518c8a48dd8bd350a777cad931131e4bd2,2019-02,Lancashire Constabulary,Lancashire Constabulary,-3.051604,53.820922,On or near Dickson Road,E01012681,Blackpool 006A,Violence and sexual offences,Status update unavailable,
50e2805fb4e4757b28b4e143bc1b82aedd082ebba5cb3b2ca8aa437e10c0a82b,2019-02,Lancashire Constabulary,Lancashire Constabulary,-3.051245,53.821716,On or near Springfield Road,E01012681,Blackpool 006A,Violence and sexual offences,Status update unavailable,
8671b8516997ae4374e77dfeb7e6ad411f4467cf84e80225e50ef57ae0256b25,2019-02,Lancashire Constabulary,Lancashire Constabulary,-3.052174,53.823029,On or near Lord Street,E01012681,Blackpool 006A,Violence and sexual offences,Unable to prosecute suspect,
d51adf55a9bc4a8caaf72f3c688dcb2163f9c7391160c8674ffdcd6fa574bab5,2019-02,Lancashire Constabulary,Lancashire Constabulary,-3.050476,53.820761,On or near Shopping Area,E01012681,Blackpool 006A,Violence and sexual offences,Unable to prosecute suspect,
ca31212e523bec4e1fec900d86b81d6381eeead05e95c11f4ec3a4c37e057d91,2019-02,Lancashire Constabulary,Lancashire Constabulary,-3.051288,53.821015,On or near Nightclub,E01012681,Blackpool 006A,Violence and sexual offences,Offender given penalty notice,
319e0603b53fcd69b71df80b2b71349e13daab9cc0b13d2fad02e056c3948b5e,2019-02,Lancashire Constabulary,Lancashire Constabulary,-3.052198,53.825222,On or near Lynn Grove,E01012681,Blackpool 006A,Violence and sexual offences,Unable to prosecute suspect,
376237a3f36527b246f18bcb8770b89ab322543a6c61ffb29c92e03a91ede6cc,2019-02,Lancashire Constabulary,Lancashire Constabulary,-3.053274,53.820269,On or near Abingdon Street,E01012681,Blackpool 006A,Violence and sexual offences,Status update unavailable,
7b75aa99d1424ced8e5f3f930daf0b3a00bf3b0d5251168b96986b38018ed07e,2019-02,Lancashire Constabulary,Lancashire Constabulary,-3.054826,53.820984,On or near Shopping Area,E01012681,Blackpool 006A,Violence and sexual offences,Status update unavailable,
d3f20502869d86278e97e4ac4ee6028804a6c1dedde5a953806f6f1d35cb4873,2019-02,Lancashire Constabulary,Lancashire Constabulary,-3.053138,53.824531,On or near Mount Street,E01012681,Blackpool 006A,Violence and sexual offences,Unable to prosecute suspect,
b5167608c04cafa322e98995c9518d71ac1fb6d9ddab4a3ff81bfa46d4940205,2019-02,Lancashire Constabulary,Lancashire Constabulary,-3.053626,53.820967,On or near Springfield Road,E01012681,Blackpool 006A,Violence and sexual offences,Formal action is not in the public interest,
755a5db88e080667fec49b10a9dfb7daa747bd6bf2c5d2e1de92107f0fc09b9d,2019-02,Lancashire Constabulary,Lancashire Constabulary,-3.053626,53.820967,On or near Springfield Road,E01012681,Blackpool 006A,Violence and sexual offences,Status update unavailable,
dc7e16e639a2bf958545d93a7a712d64542ca2b50be527342c94cf59a854d561,2019-02,Lancashire Constabulary,Lancashire Constabulary,-3.054780,53.819744,On or near The Strand,E01012681,Blackpool 006A,Violence and sexual offences,Status update unavailable,
64b2640b87e9ceabf56da69715ed826ffd4d268a5ec612d84037de1a26da9dcf,2019-02,Lancashire Constabulary,Lancashire Constabulary,-3.051288,53.821015,On or near Nightclub,E01012681,Blackpool 006A,Violence and sexual offences,Status update unavailable,
6f5622e8bb0771258328a2ecc9536822f4eb05b25f0d17ea45aeb911e68e7858,2019-02,Lancashire Constabulary,Lancashire Constabulary,-3.052173,53.820576,On or near Queen Street,E01012681,Blackpool 006A,Violence and sexual offences,Status update unavailable,
047a3eacf682867a25e3858a4f9b077439268a7a7685d31b665281b6e9263084,2019-02,Lancashire Constabulary,Lancashire Constabulary,-3.054780,53.819744,On or near The Strand,E01012681,Blackpool 006A,Violence and sexual offences,Status update unavailable,
76e4c7bdc9bd4f65aa18a44ae0317b7a8d8ba7ccaf03a4f6ae9bea9bb313bb66,2019-02,Lancashire Constabulary,Lancashire Constabulary,-3.053626,53.820967,On or near Springfield Road,E01012681,Blackpool 006A,Violence and sexual offences,Unable to prosecute suspect,
6c20a6a77e4d1473c5d882b4307385259a3945f9c141f9c6c445f4999634cdcf,2019-02,Lancashire Constabulary,Lancashire Constabulary,-3.049646,53.821595,On or near High Street,E01012681,Blackpool 006A,Violence and sexual offences,Status update unavailable,
e9c5b3dbc8400049c08fabc56aaad76e7e1b2b5959a87382fee5543b04606343,2019-02,Lancashire Constabulary,Lancashire Constabulary,-3.051604,53.820922,On or near Dickson Road,E01012681,Blackpool 006A,Violence and sexual offences,Status update unavailable,
ae3fe14f4b2de1b9a9b8bf7e1c34c19dcc5dce55f610992b4ca569824ca3fae2,2019-02,Lancashire Constabulary,Lancashire Constabulary,-3.054780,53.819744,On or near The Strand,E01012681,Blackpool 006A,Violence and sexual offences,Status update unavailable,
c27bf5591ada506a95bc876a8b378ce9d8c18ce8f0f3f5f2ca46a68b4b2cc077,2019-02,Lancashire Constabulary,Lancashire Constabulary,-3.053849,53.822583,On or near Francis Street,E01012681,Blackpool 006A,Violence and sexual offences,Status update unavailable,
41dd08869ca8f6455dc661194a074ea0c217fdb93306eab22c8682aeffb0f360,2019-02,Lancashire Constabulary,Lancashire Constabulary,-3.054826,53.820984,On or near Shopping Area,E01012681,Blackpool 006A,Violence and sexual offences,Status update unavailable,
ad0537dde7922cdecdfd220d967bfbf1bb548e5a711a26822d09f82c7bb85a6c,2019-02,Lancashire Constabulary,Lancashire Constabulary,-3.054780,53.819744,On or near The Strand,E01012681,Blackpool 006A,Violence and sexual offences,Status update unavailable,
69bc5092d8f69a93ff8ec27a4f561d5c077301bc0f29a6bad826298a0f1486cc,2019-02,Lancashire Constabulary,Lancashire Constabulary,-3.051288,53.821015,On or near Nightclub,E01012681,Blackpool 006A,Violence and sexual offences,Status update unavailable,
2f4e92a2d30306a379b91a1cba4e40da59a5050620cc8d9d1eed88ba70c7cb55,2019-02,Lancashire Constabulary,Lancashire Constabulary,-3.052173,53.820576,On or near Queen Street,E01012681,Blackpool 006A,Violence and sexual offences,Status update unavailable,
fd1a89bd4dea36d7785df61c7d9c603ed03658c325e1c3e9366a11fdfde9d52f,2019-02,Lancashire Constabulary,Lancashire Constabulary,-3.052173,53.820576,On or near Queen Street,E01012681,Blackpool 006A,Violence and sexual offences,Status update unavailable,
106fd2bbc68450514b6ec83c7595250bd21aefab0cbca6ed9abe78db3bffaef7,2019-02,Lancashire Constabulary,Lancashire Constabulary,-3.054780,53.819744,On or near The Strand,E01012681,Blackpool 006A,Violence and sexual offences,Status update unavailable,
b73b859ab18fbc552f065547388cafd55d7547d92a0388b6dcb3d27a9c98a420,2019-02,Lancashire Constabulary,Lancashire Constabulary,-3.053547,53.821462,On or near Walker Street,E01012681,Blackpool 006A,Violence and sexual offences,Status update unavailable,
c8806da90d60a7a25c0bb46d0ac907e746adda223de8ab3a728dead0f012fdd1,2019-02,Lancashire Constabulary,Lancashire Constabulary,-3.052174,53.823029,On or near Lord Street,E01012681,Blackpool 006A,Violence and sexual offences,Status update unavailable,
c368899a7e94f2c753fd14980e9875b7d54768f61e3015547d0f5a0e37efd224,2019-02,Lancashire Constabulary,Lancashire Constabulary,-3.053547,53.821462,On or near Walker Street,E01012681,Blackpool 006A,Violence and sexual offences,Status update unavailable,
0ece2bebcfa061b9a28dbd0bcb681354236aa6c3fddf3665259f65dcb90174d3,2019-02,Lancashire Constabulary,Lancashire Constabulary,-3.053547,53.821462,On or near Walker Street,E01012681,Blackpool 006A,Violence and sexual offences,Unable to prosecute suspect,
d9c748cd96737b5d259a663542ae93f734423476947b49ac2b6964630184162e,2019-02,Lancashire Constabulary,Lancashire Constabulary,-3.054780,53.819744,On or near The Strand,E01012681,Blackpool 006A,Violence and sexual offences,Status update unavailable,
bd74aa9e5e329aba38346e58930002f4a94677c01ab5b0ced04e8fc56d534cd7,2019-02,Lancashire Constabulary,Lancashire Constabulary,-3.052174,53.823029,On or near Lord Street,E01012681,Blackpool 006A,Violence and sexual offences,Unable to prosecute suspect,
6a2b05725e6daecbae2fed502a090909b5a44c8f97fa3f9a57065396d2a2b50a,2019-02,Lancashire Constabulary,Lancashire Constabulary,-3.054780,53.819744,On or near The Strand,E01012681,Blackpool 006A,Violence and sexual offences,Status update unavailable,
ee575fcd491c387b090605b84f46a36dd597937185c4b91cab77bad741af0f5d,2019-02,Lancashire Constabulary,Lancashire Constabulary,-3.054338,53.828754,On or near Derby Road,E01012681,Blackpool 006A,Violence and sexual offences,Status update unavailable,
a65a0ac4209ff4f690f523300240b34552bec5ec757ea4444e859ac7f0bcd866,2019-02,Lancashire Constabulary,Lancashire Constabulary,-3.051288,53.821015,On or near Nightclub,E01012681,Blackpool 006A,Violence and sexual offences,Status update unavailable,
40f7cb70e21242dcb39cbf45517155a126ac5d1a832fce566af0d6aff3a3572a,2019-02,Lancashire Constabulary,Lancashire Constabulary,-3.052174,53.823029,On or near Lord Street,E01012681,Blackpool 006A,Violence and sexual offences,Status update unavailable,
ed053715156b774cbd04a1b1196141ba3af864350401ff768e96d5da18fde1f0,2019-02,Lancashire Constabulary,Lancashire Constabulary,-3.051096,53.824899,On or near Cross Street,E01012681,Blackpool 006A,Violence and sexual offences,Status update unavailable,
c7b6a10ef060c87020f2d91fab153247fd3c2d83b1a20b59e190ac974a02af75,2019-02,Lancashire Constabulary,Lancashire Constabulary,-3.053626,53.820967,On or near Springfield Road,E01012681,Blackpool 006A,Violence and sexual offences,Status update unavailable,
7f96571862c88aeeda33c46b0b4ed27cec91ab3f234c12b15c2a42a2b76715a3,2019-02,Lancashire Constabulary,Lancashire Constabulary,-3.052174,53.823029,On or near Lord Street,E01012681,Blackpool 006A,Violence and sexual offences,Status update unavailable,
85a6879956552c88fb4f0b3f40c1ff6e301a6d0795a2eeabd367553af56edf55,2019-02,Lancashire Constabulary,Lancashire Constabulary,-3.051288,53.821015,On or near Nightclub,E01012681,Blackpool 006A,Violence and sexual offences,Status update unavailable,
b509f7bbda9efb237ca66cda66fc191b71bb45407152c82a650a3ab70e937af4,2019-02,Lancashire Constabulary,Lancashire Constabulary,-3.054780,53.819744,On or near The Strand,E01012681,Blackpool 006A,Violence and sexual offences,Status update unavailable,
3630d91307dea86cbf4670ee54e9c4d8d8eb66bd4f51b6918a5e34cabf1efe47,2019-02,Lancashire Constabulary,Lancashire Constabulary,-3.054780,53.819744,On or near The Strand,E01012681,Blackpool 006A,Violence and sexual offences,Awaiting court outcome,
c4923489b510029234b9acfe674420e0c6446d4653ff090958770fdd970e5226,2019-02,Lancashire Constabulary,Lancashire Constabulary,-3.053274,53.820269,On or near Abingdon Street,E01012681,Blackpool 006A,Violence and sexual offences,Status update unavailable,
afbfe12c3f489748c85592e0c0bead56d96cf6b32c2e21e91953227a66b9b657,2019-02,Lancashire Constabulary,Lancashire Constabulary,-3.050476,53.820761,On or near Shopping Area,E01012681,Blackpool 006A,Violence and sexual offences,Status update unavailable,
812ee513d045d835bf932c5ec2f9478ef740512d03617dd5d02f9b7edcbce4cf,2019-02,Lancashire Constabulary,Lancashire Constabulary,-3.049646,53.821595,On or near High Street,E01012681,Blackpool 006A,Violence and sexual offences,Investigation complete; no suspect identified,
0db18c1ff911ec5649881d7336c72ad657a49b1fceb57faebf0c6216f467ca3a,2019-02,Lancashire Constabulary,Lancashire Constabulary,-3.052173,53.820576,On or near Queen Street,E01012681,Blackpool 006A,Violence and sexual offences,Local resolution,
a956064e387ac5b7628384acf962daf582739a71f1ab46469cd0451d5fed01d8,2019-02,Lancashire Constabulary,Lancashire Constabulary,-3.052173,53.820576,On or near Queen Street,E01012681,Blackpool 006A,Violence and sexual offences,Status update unavailable,
85548c5585a513bfca5d0a3491a1db99434dd8681282b3cf874069381706647b,2019-02,Lancashire Constabulary,Lancashire Constabulary,-3.053274,53.820269,On or near Abingdon Street,E01012681,Blackpool 006A,Violence and sexual offences,Status update unavailable,
4f8b75c776fcc90d5084537891295140e41b75e984b5c5d8868d1b6384edf343,2019-02,Lancashire Constabulary,Lancashire Constabulary,-3.054649,53.827834,On or near Wilton Parade,E01012681,Blackpool 006A,Violence and sexual offences,Status update unavailable,
0358f201d471f549423aae37217aef5086b6d30ab707b82b80edec5733345498,2019-02,Lancashire Constabulary,Lancashire Constabulary,-3.054704,53.823960,On or near Lansdowne Place,E01012681,Blackpool 006A,Violence and sexual offences,Unable to prosecute suspect,
289e3b8f019e4d47ecdd5e710835dd3ed1f746163aa62945fd7e1240a95c3d90,2019-02,Lancashire Constabulary,Lancashire Constabulary,-3.054588,53.820554,On or near Nightclub,E01012681,Blackpool 006A,Violence and sexual offences,Unable to prosecute suspect,
d92cda4d280f7dd76d7f752794b7806dfac17b25338b73e6159791c4044e8ed6,2019-02,Lancashire Constabulary,Lancashire Constabulary,-3.053626,53.820967,On or near Springfield Road,E01012681,Blackpool 006A,Violence and sexual offences,Status update unavailable,
50efcd25f403a2a8d779327bcf4c07b5342d939cc1cb5443d0e270525a521ad9,2019-02,Lancashire Constabulary,Lancashire Constabulary,-3.051604,53.820922,On or near Dickson Road,E01012681,Blackpool 006A,Violence and sexual offences,Unable to prosecute suspect,
9b31e399a9d69de88fe7809f9a964af63bbdb1085c52cd59dd4c58c4e91aa344,2019-02,Lancashire Constabulary,Lancashire Constabulary,-3.052174,53.823029,On or near Lord Street,E01012681,Blackpool 006A,Violence and sexual offences,Status update unavailable,
9993ce2b4b4a8184d80ec318a5392dad33ab3fefa3af906beb76fb6a81f131c4,2019-02,Lancashire Constabulary,Lancashire Constabulary,-3.053138,53.824531,On or near Mount Street,E01012681,Blackpool 006A,Violence and sexual offences,Further investigation is not in the public interest,
f7754113dc46f147def2148d7cf6f182a0e5fb264546d7cdbbe00fde3e593478,2019-02,Lancashire Constabulary,Lancashire Constabulary,-3.054780,53.819744,On or near The Strand,E01012681,Blackpool 006A,Violence and sexual offences,Status update unavailable,
41af82734b01a24790332e910cc907bcf7162a50c02540a1dea26a8c96b04351,2019-02,Lancashire Constabulary,Lancashire Constabulary,-3.052174,53.823029,On or near Lord Street,E01012681,Blackpool 006A,Violence and sexual offences,Status update unavailable,
a4cd3a90000a7c90262b569f334e2adaac6fec4e071612609642db1f6ab0cc1d,2019-02,Lancashire Constabulary,Lancashire Constabulary,-3.054649,53.827834,On or near Wilton Parade,E01012681,Blackpool 006A,Violence and sexual offences,Unable to prosecute suspect,
5513504e1513105848e4efc02016632301e0ab504113947baacb00679318ea7d,2019-02,Lancashire Constabulary,Lancashire Constabulary,-3.051245,53.821716,On or near Springfield Road,E01012681,Blackpool 006A,Violence and sexual offences,Status update unavailable,
c3c27ebca26fbd5dfcdbd00393e7811ff33488b2c9528171e1678c12632e1b7d,2019-02,Lancashire Constabulary,Lancashire Constabulary,-3.053626,53.820967,On or near Springfield Road,E01012681,Blackpool 006A,Violence and sexual offences,Status update unavailable,
,2019-02,Lancashire Constabulary,Lancashire Constabulary,-3.048554,53.827744,On or near Sherbourne Road,E01012683,Blackpool 006B,Anti-social behaviour,,
,2019-02,Lancashire Constabulary,Lancashire Constabulary,-3.052208,53.828027,On or near Egerton Road,E01012683,Blackpool 006B,Anti-social behaviour,,
,2019-02,Lancashire Constabulary,Lancashire Constabulary,-3.051678,53.829326,On or near Carshalton Road,E01012683,Blackpool 006B,Anti-social behaviour,,
,2019-02,Lancashire Constabulary,Lancashire Constabulary,-3.052208,53.828027,On or near Egerton Road,E01012683,Blackpool 006B,Anti-social behaviour,,
,2019-02,Lancashire Constabulary,Lancashire Constabulary,-3.050853,53.828533,On or near Clevedon Road,E01012683,Blackpool 006B,Anti-social behaviour,,
,2019-02,Lancashire Constabulary,Lancashire Constabulary,-3.050063,53.827308,On or near Cheltenham Road,E01012683,Blackpool 006B,Anti-social behaviour,,
,2019-02,Lancashire Constabulary,Lancashire Constabulary,-3.049274,53.830416,On or near Westminster Road,E01012683,Blackpool 006B,Anti-social behaviour,,
,2019-02,Lancashire Constabulary,Lancashire Constabulary,-3.050297,53.830003,On or near Sherbourne Road,E01012683,Blackpool 006B,Anti-social behaviour,,
,2019-02,Lancashire Constabulary,Lancashire Constabulary,-3.048554,53.827744,On or near Sherbourne Road,E01012683,Blackpool 006B,Anti-social behaviour,,
306a5ebc9835187c949013064ecadb805f744551c3d8b0ea7e26ac1c351406ce,2019-02,Lancashire Constabulary,Lancashire Constabulary,-3.052208,53.828027,On or near Egerton Road,E01012683,Blackpool 006B,Burglary,Status update unavailable,
ed61cb6050af5c2cddbefb2c78baee45c0dd8f71f778e0b05b3d2c3eec7b9bc1,2019-02,Lancashire Constabulary,Lancashire Constabulary,-3.051180,53.830058,On or near St Paul'S Road,E01012683,Blackpool 006B,Burglary,Status update unavailable,
7bf3ea2b27bd4750a29cd6aab30bc2f36c555e94cbec9d90023d405cf6731fc5,2019-02,Lancashire Constabulary,Lancashire Constabulary,-3.050853,53.828533,On or near Clevedon Road,E01012683,Blackpool 006B,Burglary,Status update unavailable,
99d0f085cdee4b84c3e93d18e1e3275b6433f59b546c9a17b090eb04d897c870,2019-02,Lancashire Constabulary,Lancashire Constabulary,-3.049658,53.828139,On or near Chesterfield Road,E01012683,Blackpool 006B,Burglary,Status update unavailable,
ddb1420b07abfa415353d21f47b693f0f62def60fa4bd2f96d4dae21ff970bbb,2019-02,Lancashire Constabulary,Lancashire Constabulary,-3.052208,53.828027,On or near Egerton Road,E01012683,Blackpool 006B,Criminal damage and arson,Status update unavailable,
78385ad46b53c7f620d37aec9f11faec4356c7a249b4dc040dedac40bc286079,2019-02,Lancashire Constabulary,Lancashire Constabulary,-3.048554,53.827744,On or near Sherbourne Road,E01012683,Blackpool 006B,Criminal damage and arson,Status update unavailable,
d16e8dd960807f70798d8281eccdf7078dd6a90277fb769075b198ef1e072fac,2019-02,Lancashire Constabulary,Lancashire Constabulary,-3.050853,53.828533,On or near Clevedon Road,E01012683,Blackpool 006B,Criminal damage and arson,Unable to prosecute suspect,
d15eb295f28a2557889f82a18f816b61fe9826a9eaf4de3d788b60ce831d257c,2019-02,Lancashire Constabulary,Lancashire Constabulary,-3.050853,53.828533,On or near Clevedon Road,E01012683,Blackpool 006B,Other theft,Status update unavailable,
2089c6371ba19850d4938bed93f3f7ee7812ab304cb3af5e5273203cee5c4d84,2019-02,Lancashire Constabulary,Lancashire Constabulary,-3.050297,53.830003,On or near Sherbourne Road,E01012683,Blackpool 006B,Other theft,Status update unavailable,
af9413111d69a0b46d3d88d407acdf43bec26219ad3061151e8bbb0b244bf3b9,2019-02,Lancashire Constabulary,Lancashire Constabulary,-3.049728,53.826682,On or near Clifford Road,E01012683,Blackpool 006B,Other theft,Unable to prosecute suspect,
e84fb6c79d2164bed75a873e2858a0f009d5053811c06925efb9324d0de6741f,2019-02,Lancashire Constabulary,Lancashire Constabulary,-3.052208,53.828027,On or near Egerton Road,E01012683,Blackpool 006B,Public order,Status update unavailable,
293d04b54f53fb0fe858827850fc4a4cb72425e15c65fbb5b85cf30fbe57f05d,2019-02,Lancashire Constabulary,Lancashire Constabulary,-3.048554,53.827744,On or near Sherbourne Road,E01012683,Blackpool 006B,Public order,Status update unavailable,
655e9ec7ee71f7109087306a0f8a1e54ccd1f87988a0f5f34e3d276fe791b53a,2019-02,Lancashire Constabulary,Lancashire Constabulary,-3.050297,53.830003,On or near Sherbourne Road,E01012683,Blackpool 006B,Public order,Status update unavailable,
d5779315e794c9112834b167987bec731661d31314ab987ea38ab625f729863c,2019-02,Lancashire Constabulary,Lancashire Constabulary,-3.051180,53.830058,On or near St Paul'S Road,E01012683,Blackpool 006B,Violence and sexual offences,Awaiting court outcome,
bf3221bc41a30572cf69a7e23a7b7e2e648497ffe073bc8bce3692fb62254d57,2019-02,Lancashire Constabulary,Lancashire Constabulary,-3.048554,53.827744,On or near Sherbourne Road,E01012683,Blackpool 006B,Violence and sexual offences,Further investigation is not in the public interest,
1190a8ccfc582fc0870be5a82e8499cc83fa1f7119a65202e14c733397129c59,2019-02,Lancashire Constabulary,Lancashire Constabulary,-3.051937,53.827517,On or near Chesterfield Road,E01012683,Blackpool 006B,Violence and sexual offences,Unable to prosecute suspect,
72b2a3567774bd812a2653c250d131282e6f1bbf2f3b90bb1a9518824f77d3f2,2019-02,Lancashire Constabulary,Lancashire Constabulary,-3.050297,53.830003,On or near Sherbourne Road,E01012683,Blackpool 006B,Violence and sexual offences,Unable to prosecute suspect,
308d3556d95f8e07a694581b8b170d7a69224aa58c097f2784552c6f761ee011,2019-02,Lancashire Constabulary,Lancashire Constabulary,-3.050063,53.827308,On or near Cheltenham Road,E01012683,Blackpool 006B,Violence and sexual offences,Unable to prosecute suspect,
8d42b19fa86fdbd7b5ff68d1620e8c32f637d5e9388594902b48052092ec95e1,2019-02,Lancashire Constabulary,Lancashire Constabulary,-3.049658,53.828139,On or near Chesterfield Road,E01012683,Blackpool 006B,Violence and sexual offences,Unable to prosecute suspect,
858f7dce5944756ad53dfc300d78b530b4ef38aead65b8049c68f9bd24769295,2019-02,Lancashire Constabulary,Lancashire Constabulary,-3.048554,53.827744,On or near Sherbourne Road,E01012683,Blackpool 006B,Violence and sexual offences,Status update unavailable,
1361914166243608e366a472263cb355f76a74f3c6cc53713a78441127337eb1,2019-02,Lancashire Constabulary,Lancashire Constabulary,-3.048554,53.827744,On or near Sherbourne Road,E01012683,Blackpool 006B,Violence and sexual offences,Unable to prosecute suspect,
ac32c03a137684b903973e52b04baf18f05524176f5b0e67f0d465ed464d8755,2019-02,Lancashire Constabulary,Lancashire Constabulary,-3.050297,53.830003,On or near Sherbourne Road,E01012683,Blackpool 006B,Violence and sexual offences,Status update unavailable,
90b30f8efca92bcccc046b84314e043817f2bedce2f958d9cce8dfdbd0d86b03,2019-02,Lancashire Constabulary,Lancashire Constabulary,-3.048554,53.827744,On or near Sherbourne Road,E01012683,Blackpool 006B,Violence and sexual offences,Unable to prosecute suspect,
196b9db8ee7810ee271f9d7f7700d9497969edb3d9bccc51045efa2262b8e186,2019-02,Lancashire Constabulary,Lancashire Constabulary,-3.049274,53.830416,On or near Westminster Road,E01012683,Blackpool 006B,Violence and sexual offences,Status update unavailable,
f228ea534adc688b5d947a77e4ed8f5015afa8663b718a01eb5d357a138e7861,2019-02,Lancashire Constabulary,Lancashire Constabulary,-3.049658,53.828139,On or near Chesterfield Road,E01012683,Blackpool 006B,Violence and sexual offences,Unable to prosecute suspect,
8cbaabab9a118f944c1bd9e82e2d3cdd76672395db842cec7dedfc16189f292f,2019-02,Lancashire Constabulary,Lancashire Constabulary,-3.050063,53.827308,On or near Cheltenham Road,E01012683,Blackpool 006B,Violence and sexual offences,Status update unavailable,
e7227d7c14e1c0420b86c102207a6a09283e2798c7dcb5523ef2a1332d9fa711,2019-02,Lancashire Constabulary,Lancashire Constabulary,-3.051937,53.827517,On or near Chesterfield Road,E01012683,Blackpool 006B,Other crime,Status update unavailable,
,2019-02,Lancashire Constabulary,Lancashire Constabulary,-3.054690,53.833092,On or near A584,E01012748,Blackpool 006C,Anti-social behaviour,,
,2019-02,Lancashire Constabulary,Lancashire Constabulary,-3.049608,53.836480,On or near Cornwall Avenue,E01012748,Blackpool 006C,Anti-social behaviour,,
,2019-02,Lancashire Constabulary,Lancashire Constabulary,-3.054690,53.833092,On or near A584,E01012748,Blackpool 006C,Anti-social behaviour,,
,2019-02,Lancashire Constabulary,Lancashire Constabulary,-3.053283,53.829698,On or near Dickson Road,E01012748,Blackpool 006C,Anti-social behaviour,,
,2019-02,Lancashire Constabulary,Lancashire Constabulary,-3.051016,53.832630,On or near Seafield Road,E01012748,Blackpool 006C,Anti-social behaviour,,
,2019-02,Lancashire Constabulary,Lancashire Constabulary,-3.049608,53.836480,On or near Cornwall Avenue,E01012748,Blackpool 006C,Anti-social behaviour,,
,2019-02,Lancashire Constabulary,Lancashire Constabulary,-3.053283,53.829698,On or near Dickson Road,E01012748,Blackpool 006C,Anti-social behaviour,,
,2019-02,Lancashire Constabulary,Lancashire Constabulary,-3.049608,53.836480,On or near Cornwall Avenue,E01012748,Blackpool 006C,Anti-social behaviour,,
,2019-02,Lancashire Constabulary,Lancashire Constabulary,-3.052625,53.831933,On or near Ormond Avenue,E01012748,Blackpool 006C,Anti-social behaviour,,
,2019-02,Lancashire Constabulary,Lancashire Constabulary,-3.052855,53.834457,On or near King George Avenue,E01012748,Blackpool 006C,Anti-social behaviour,,
547275e91a732091e45f13b30710bb0673eab359d8c62b0afc5532bca8a755f9,2019-02,Lancashire Constabulary,Lancashire Constabulary,-3.049868,53.831660,On or near Leckhampton Road,E01012748,Blackpool 006C,Burglary,Status update unavailable,
b1e45de763f38b31a6ecf2e3cf6ae37d2fc6a9ada5a375289690630ee446d896,2019-02,Lancashire Constabulary,Lancashire Constabulary,-3.048311,53.831377,On or near Lichfield Road,E01012748,Blackpool 006C,Burglary,Status update unavailable,
3b0b17ea2d2c844ace338d74771ce083443ead8e6acc986a1cef5b221e883b02,2019-02,Lancashire Constabulary,Lancashire Constabulary,-3.054620,53.831511,On or near Gynn Avenue,E01012748,Blackpool 006C,Burglary,Status update unavailable,
fb36eb212b6c7ff8e41a4e242a29dd4ce2787a3a7f58bd7ea67bd2da6cca2b9a,2019-02,Lancashire Constabulary,Lancashire Constabulary,-3.054620,53.831511,On or near Gynn Avenue,E01012748,Blackpool 006C,Burglary,Awaiting court outcome,
b6374767107bbf06f2b314313b56f5c73baceafc7f17a9a064a3e4ba2c9d8780,2019-02,Lancashire Constabulary,Lancashire Constabulary,-3.053283,53.829698,On or near Dickson Road,E01012748,Blackpool 006C,Criminal damage and arson,Status update unavailable,
5e412072e6d47b59b0d1e9699aff3a8e9037aba8a1cc49d6cafa80764be09671,2019-02,Lancashire Constabulary,Lancashire Constabulary,-3.051391,53.831216,On or near Redvers Terrace,E01012748,Blackpool 006C,Criminal damage and arson,Unable to prosecute suspect,
8d7bb2a4260e0ae5bc4a13ca744e57783622abe6ce886392f63b55248ab68742,2019-02,Lancashire Constabulary,Lancashire Constabulary,-3.054620,53.831511,On or near Gynn Avenue,E01012748,Blackpool 006C,Other theft,Status update unavailable,
55a00b818dcaff8d817b65bf8881164449b405af8b032f04e8e995e572d6506a,2019-02,Lancashire Constabulary,Lancashire Constabulary,-3.053283,53.829698,On or near Dickson Road,E01012748,Blackpool 006C,Other theft,Status update unavailable,
ef67223dac301f5f9ba774d550452467696c1222ea8b8200e4d82940ea28f773,2019-02,Lancashire Constabulary,Lancashire Constabulary,-3.049608,53.836480,On or near Cornwall Avenue,E01012748,Blackpool 006C,Public order,Unable to prosecute suspect,
7aeea6e1077882a93860a8c61cfa2cd15b3aeefcd8127559b14fb986be170a8e,2019-02,Lancashire Constabulary,Lancashire Constabulary,-3.050009,53.831237,On or near Northfield Avenue,E01012748,Blackpool 006C,Public order,Status update unavailable,
0763f0df136d80a673164da460e1398bad93935451743fc7c7945777bb4b4786,2019-02,Lancashire Constabulary,Lancashire Constabulary,-3.052237,53.835262,On or near King Edward Avenue,E01012748,Blackpool 006C,Public order,Status update unavailable,
b3b8d37b8301860750dc8b21a201745d3eb3217d45d26b850a6c5ded044a2e16,2019-02,Lancashire Constabulary,Lancashire Constabulary,-3.051391,53.831216,On or near Redvers Terrace,E01012748,Blackpool 006C,Public order,Status update unavailable,
11aad2ffdd8ff9af57d550d85bc17a590c612a861378b0236cf165138b3e4fa3,2019-02,Lancashire Constabulary,Lancashire Constabulary,-3.054620,53.831511,On or near Gynn Avenue,E01012748,Blackpool 006C,Robbery,Status update unavailable,
131cb8e87e9518d434525dd2f021b48813089c084229148cdede4ae0594774e0,2019-02,Lancashire Constabulary,Lancashire Constabulary,-3.049868,53.831660,On or near Leckhampton Road,E01012748,Blackpool 006C,Vehicle crime,Awaiting court outcome,
18424da4a828e0157612baf1c63b5bfc1b6184d690467f8f40ac04280e6a7a17,2019-02,Lancashire Constabulary,Lancashire Constabulary,-3.054690,53.833092,On or near A584,E01012748,Blackpool 006C,Violence and sexual offences,Unable to prosecute suspect,
66535950aca0e0adfc7e2214799ddbdcf73ee9aebb96e010ac7c62a1ad2c1517,2019-02,Lancashire Constabulary,Lancashire Constabulary,-3.051391,53.831216,On or near Redvers Terrace,E01012748,Blackpool 006C,Violence and sexual offences,Unable to prosecute suspect,
81bef6fe195398d08b0431c30d0acd130ee902bf7454973c6b8b0a60dcf35a98,2019-02,Lancashire Constabulary,Lancashire Constabulary,-3.053688,53.833739,On or near Willshaw Road,E01012748,Blackpool 006C,Violence and sexual offences,Unable to prosecute suspect,
f069c285b85703d03fad63249065b4a31b5479aeff515e3c29b8a515d754b492,2019-02,Lancashire Constabulary,Lancashire Constabulary,-3.045307,53.832195,On or near Geldof Drive,E01012748,Blackpool 006C,Violence and sexual offences,Formal action is not in the public interest,
20405d132d82b7db8d39c678cf180082a0e5b538bbe479bb18635234281e20e4,2019-02,Lancashire Constabulary,Lancashire Constabulary,-3.051685,53.832004,On or near Redcar Road,E01012748,Blackpool 006C,Violence and sexual offences,Unable to prosecute suspect,
36efd08a53f6f6a551cbd92a070b109f4140ebe767626f5871865a22be1f3718,2019-02,Lancashire Constabulary,Lancashire Constabulary,-3.052625,53.831933,On or near Ormond Avenue,E01012748,Blackpool 006C,Violence and sexual offences,Further investigation is not in the public interest,
2c877c7e051e7544e4df4e6dcebc5d75e29b4c5b4af2f988917ad5659af04708,2019-02,Lancashire Constabulary,Lancashire Constabulary,-3.051685,53.832004,On or near Redcar Road,E01012748,Blackpool 006C,Violence and sexual offences,Unable to prosecute suspect,
42bbe7447de194838884e248573319f278ed301eca1f19ab240978e894605a63,2019-02,Lancashire Constabulary,Lancashire Constabulary,-3.052625,53.831933,On or near Ormond Avenue,E01012748,Blackpool 006C,Violence and sexual offences,Status update unavailable,
64305af06ceda5b1d45ad67e8c1fc9dfc58058aaa1ce91b141ce2cf7df6b6803,2019-02,Lancashire Constabulary,Lancashire Constabulary,-3.052625,53.831933,On or near Ormond Avenue,E01012748,Blackpool 006C,Violence and sexual offences,Unable to prosecute suspect,
3ef1f49175445ce6c1c6ad683e630fce6eaec5f7641a3e568406d096831c0e7f,2019-02,Lancashire Constabulary,Lancashire Constabulary,-3.052237,53.835262,On or near King Edward Avenue,E01012748,Blackpool 006C,Violence and sexual offences,Status update unavailable,
c00c11b370946dd5036978bb334e18507c2e66bdba0a848bd05805994e404634,2019-02,Lancashire Constabulary,Lancashire Constabulary,-3.052237,53.835262,On or near King Edward Avenue,E01012748,Blackpool 006C,Violence and sexual offences,Status update unavailable,
89b3822be7efe1c4cddc0999121dce2776f81b0a2014a9895ea49cecb0636d95,2019-02,Lancashire Constabulary,Lancashire Constabulary,-3.054690,53.833092,On or near A584,E01012748,Blackpool 006C,Violence and sexual offences,Unable to prosecute suspect,
770b70af259db7d6a15e79fd24a537d6c4179428cdf9244cd8cfcfece92169ad,2019-02,Lancashire Constabulary,Lancashire Constabulary,-3.052625,53.831933,On or near Ormond Avenue,E01012748,Blackpool 006C,Other crime,Status update unavailable,
,2019-02,Lancashire Constabulary,Lancashire Constabulary,-3.052364,53.836061,On or near Holmfield Road,E01012749,Blackpool 006D,Anti-social behaviour,,
,2019-02,Lancashire Constabulary,Lancashire Constabulary,-3.051977,53.839417,On or near Carlin Gate,E01012749,Blackpool 006D,Anti-social behaviour,,
,2019-02,Lancashire Constabulary,Lancashire Constabulary,-3.052393,53.840276,On or near St Stephen'S Avenue,E01012749,Blackpool 006D,Anti-social behaviour,,
,2019-02,Lancashire Constabulary,Lancashire Constabulary,-3.052393,53.840276,On or near St Stephen'S Avenue,E01012749,Blackpool 006D,Anti-social behaviour,,
,2019-02,Lancashire Constabulary,Lancashire Constabulary,-3.052629,53.836939,On or near Northumberland Avenue,E01012749,Blackpool 006D,Anti-social behaviour,,
,2019-02,Lancashire Constabulary,Lancashire Constabulary,-3.050596,53.836472,On or near Warbreck Drive,E01012749,Blackpool 006D,Anti-social behaviour,,
,2019-02,Lancashire Constabulary,Lancashire Constabulary,-3.049355,53.840339,On or near Cornwall Avenue,E01012749,Blackpool 006D,Anti-social behaviour,,
76f82d00c1214d25028516ca96e0506f0357d8579b46386a68ef04ba204a817a,2019-02,Lancashire Constabulary,Lancashire Constabulary,-3.052699,53.836112,On or near Empress Drive,E01012749,Blackpool 006D,Other theft,Unable to prosecute suspect,
2239bb4d10e62387c682e2d4d8675e59011b745e4cabcd84181b8b44896e4087,2019-02,Lancashire Constabulary,Lancashire Constabulary,-3.050596,53.836472,On or near Warbreck Drive,E01012749,Blackpool 006D,Other theft,Status update unavailable,
8ce93a4ecdccd2ad2c68cfc0f159cda5ddf9f1140c0dea15599f85a2931cf93e,2019-02,Lancashire Constabulary,Lancashire Constabulary,-3.052629,53.836939,On or near Northumberland Avenue,E01012749,Blackpool 006D,Other theft,Awaiting court outcome,
76f9cd9240abb8dea5592ca98e1cdf502b6f02ed2a126e694c580fa244b1f6d0,2019-02,Lancashire Constabulary,Lancashire Constabulary,-3.052699,53.836112,On or near Empress Drive,E01012749,Blackpool 006D,Other theft,Unable to prosecute suspect,
981dd544724831ec0f99d01b6e1f3f84c3846a6ac6cd328aed444242c2038c44,2019-02,Lancashire Constabulary,Lancashire Constabulary,-3.051977,53.839417,On or near Carlin Gate,E01012749,Blackpool 006D,Violence and sexual offences,Unable to prosecute suspect,
ba236a1196d132ebdd350fbea3d4f27c7de9787d9856b414244f66a44ac5da7c,2019-02,Lancashire Constabulary,Lancashire Constabulary,-3.051977,53.839417,On or near Carlin Gate,E01012749,Blackpool 006D,Violence and sexual offences,Formal action is not in the public interest,
e3118f04695065327db8edfc2bd9783a70375b4c54b1222562b56fe00be0d7c6,2019-02,Lancashire Constabulary,Lancashire Constabulary,-3.049355,53.840339,On or near Cornwall Avenue,E01012749,Blackpool 006D,Violence and sexual offences,Unable to prosecute suspect,
953d14033b8bd39794451794037d45543a70726fad4f34689ad82759ac5832a7,2019-02,Lancashire Constabulary,Lancashire Constabulary,-3.050596,53.836472,On or near Warbreck Drive,E01012749,Blackpool 006D,Violence and sexual offences,Status update unavailable,
597c63c0c8e645a373a6c5dc9747c21d7146817e0055ff682d4ad6db79185103,2019-02,Lancashire Constabulary,Lancashire Constabulary,-3.051977,53.839417,On or near Carlin Gate,E01012749,Blackpool 006D,Violence and sexual offences,Unable to prosecute suspect,
fd1499b744120b02b8f006e0b81a75303e5e6539a24e102ac6a774d579a81abe,2019-02,Lancashire Constabulary,Lancashire Constabulary,-3.051977,53.839417,On or near Carlin Gate,E01012749,Blackpool 006D,Violence and sexual offences,Status update unavailable,
6ba4e844652dfd8390c3444d5eb98d89e775024dedd3f2adccacf58bd3db22ed,2019-02,Lancashire Constabulary,Lancashire Constabulary,-3.052629,53.836939,On or near Northumberland Avenue,E01012749,Blackpool 006D,Violence and sexual offences,Unable to prosecute suspect,
109832332313f98aebc6756c5398f49fefc4f8cba47ef5099cd7378bdfc7ef23,2019-02,Lancashire Constabulary,Lancashire Constabulary,-3.051977,53.839417,On or near Carlin Gate,E01012749,Blackpool 006D,Other crime,Unable to prosecute suspect,
,2019-02,Lancashire Constabulary,Lancashire Constabulary,-3.026350,53.827451,On or near Shenstone Road,E01012707,Blackpool 007A,Anti-social behaviour,,
,2019-02,Lancashire Constabulary,Lancashire Constabulary,-3.026350,53.827451,On or near Shenstone Road,E01012707,Blackpool 007A,Anti-social behaviour,,
,2019-02,Lancashire Constabulary,Lancashire Constabulary,-3.028013,53.827140,On or near Kingscote Drive,E01012707,Blackpool 007A,Anti-social behaviour,,
,2019-02,Lancashire Constabulary,Lancashire Constabulary,-3.026350,53.827451,On or near Shenstone Road,E01012707,Blackpool 007A,Anti-social behaviour,,
,2019-02,Lancashire Constabulary,Lancashire Constabulary,-3.030953,53.830512,On or near St Mark'S Place,E01012707,Blackpool 007A,Anti-social behaviour,,
,2019-02,Lancashire Constabulary,Lancashire Constabulary,-3.026350,53.827451,On or near Shenstone Road,E01012707,Blackpool 007A,Anti-social behaviour,,
61fd5c4c0561583a3f305d50f18eef7d0ac49eec9701ccb1b41cd7c4758dbda8,2019-02,Lancashire Constabulary,Lancashire Constabulary,-3.030519,53.829545,On or near Westcliffe Drive,E01012707,Blackpool 007A,Bicycle theft,Status update unavailable,
1949b5807fdc47ebcdb3ab10ebd139f410528b4b93db4ff450a84f1d2de86124,2019-02,Lancashire Constabulary,Lancashire Constabulary,-3.028013,53.827140,On or near Kingscote Drive,E01012707,Blackpool 007A,Criminal damage and arson,Status update unavailable,
fdc9382d5d1c1b094b1c7e18b492663e88f2ea3cd6e261cc58982594c0c1f238,2019-02,Lancashire Constabulary,Lancashire Constabulary,-3.026954,53.829189,On or near Onslow Road,E01012707,Blackpool 007A,Criminal damage and arson,Status update unavailable,
90566b51752130006199ff627230d6466d735acada0b009773d416dfd68f66d2,2019-02,Lancashire Constabulary,Lancashire Constabulary,-3.026954,53.829189,On or near Onslow Road,E01012707,Blackpool 007A,Drugs,Status update unavailable,
2b445acde0faf04b0471d89f8d5447e8f1abaa547267589ca8c9d5a759703589,2019-02,Lancashire Constabulary,Lancashire Constabulary,-3.030519,53.829545,On or near Westcliffe Drive,E01012707,Blackpool 007A,Other theft,Status update unavailable,
68c52e0aed39331410959b2698f0aa71b5e3897b22059fc22f917cb2babd6762,2019-02,Lancashire Constabulary,Lancashire Constabulary,-3.026954,53.829189,On or near Onslow Road,E01012707,Blackpool 007A,Other theft,Status update unavailable,
548401d2cf5f49519ed4654a6ed857771c02e5594d2dee5f1de94d13978e3b87,2019-02,Lancashire Constabulary,Lancashire Constabulary,-3.026954,53.829189,On or near Onslow Road,E01012707,Blackpool 007A,Other theft,Status update unavailable,
6e0553beaa6ca05d9af8184e53fcdc2b9559cafa50d0b2633268cffec00c77c9,2019-02,Lancashire Constabulary,Lancashire Constabulary,-3.026350,53.827451,On or near Shenstone Road,E01012707,Blackpool 007A,Public order,Status update unavailable,
94a3b56879860e5108683ee9bb411a608ad2d0410c865ed3b6bbede1c7472f98,2019-02,Lancashire Constabulary,Lancashire Constabulary,-3.028013,53.827140,On or near Kingscote Drive,E01012707,Blackpool 007A,Public order,Status update unavailable,
54a77c8de8681c038456e0cbfb3d33b22d43b4ee2bc97315233c76f42b31d27a,2019-02,Lancashire Constabulary,Lancashire Constabulary,-3.029161,53.824982,On or near Rathlyn Avenue,E01012707,Blackpool 007A,Robbery,Status update unavailable,
c0dc9822555caa07e03335a1ddc0a69fb0b3ec7a3a1344ed920693cc8d693f8d,2019-02,Lancashire Constabulary,Lancashire Constabulary,-3.030519,53.829545,On or near Westcliffe Drive,E01012707,Blackpool 007A,Shoplifting,Status update unavailable,
8ad5917165cd8b2fa5be02100ac57fa17edd1d4e4ccc1513320c5417a16c5293,2019-02,Lancashire Constabulary,Lancashire Constabulary,-3.027165,53.829736,On or near Melrose Avenue,E01012707,Blackpool 007A,Violence and sexual offences,Unable to prosecute suspect,
a11f835858b49800fc17131814464caf6b58364abcac408be7f37813d0ec461a,2019-02,Lancashire Constabulary,Lancashire Constabulary,-3.025301,53.827424,On or near Caton Grove,E01012707,Blackpool 007A,Violence and sexual offences,Unable to prosecute suspect,
ac235749a9fe470c4fc0838f71c08a2f863ba12c180e37e6e43473cc828227f1,2019-02,Lancashire Constabulary,Lancashire Constabulary,-3.026954,53.829189,On or near Onslow Road,E01012707,Blackpool 007A,Violence and sexual offences,Status update unavailable,
3b679e97f47aec5982ea2df9fb693e80373569ea67a9a57c4e29ae7b7ec07bd6,2019-02,Lancashire Constabulary,Lancashire Constabulary,-3.030519,53.829545,On or near Westcliffe Drive,E01012707,Blackpool 007A,Violence and sexual offences,Status update unavailable,
6f93292bf7dea5baecb5461e99a1440f9eb64a5f2c8f9516f6788dc5544dc3d0,2019-02,Lancashire Constabulary,Lancashire Constabulary,-3.026954,53.829189,On or near Onslow Road,E01012707,Blackpool 007A,Violence and sexual offences,Status update unavailable,
d198c81c3850b0cdc33dace8372434b1f959be9421b45a38371b9c3e1d39cfd0,2019-02,Lancashire Constabulary,Lancashire Constabulary,-3.025301,53.827424,On or near Caton Grove,E01012707,Blackpool 007A,Violence and sexual offences,Unable to prosecute suspect,
6c46522484e7ab19c8324da8abc546a3470bb1d7c465e1a76f7e40f5020f731b,2019-02,Lancashire Constabulary,Lancashire Constabulary,-3.027278,53.828764,On or near Alder Grove,E01012707,Blackpool 007A,Violence and sexual offences,Unable to prosecute suspect,
,2019-02,Lancashire Constabulary,Lancashire Constabulary,-3.016751,53.829483,On or near Elgin Place,E01012720,Blackpool 007B,Anti-social behaviour,,
,2019-02,Lancashire Constabulary,Lancashire Constabulary,-3.015394,53.829270,On or near Calvert Place,E01012720,Blackpool 007B,Anti-social behaviour,,
,2019-02,Lancashire Constabulary,Lancashire Constabulary,-3.013181,53.827599,On or near Tarnbrook Drive,E01012720,Blackpool 007B,Anti-social behaviour,,
,2019-02,Lancashire Constabulary,Lancashire Constabulary,-3.013181,53.827599,On or near Tarnbrook Drive,E01012720,Blackpool 007B,Anti-social behaviour,,
,2019-02,Lancashire Constabulary,Lancashire Constabulary,-3.014651,53.831235,On or near Oxenhurst Road,E01012720,Blackpool 007B,Anti-social behaviour,,
,2019-02,Lancashire Constabulary,Lancashire Constabulary,-3.015394,53.829270,On or near Calvert Place,E01012720,Blackpool 007B,Anti-social behaviour,,
,2019-02,Lancashire Constabulary,Lancashire Constabulary,-3.017863,53.830220,On or near Elston Avenue,E01012720,Blackpool 007B,Anti-social behaviour,,
,2019-02,Lancashire Constabulary,Lancashire Constabulary,-3.016751,53.829483,On or near Elgin Place,E01012720,Blackpool 007B,Anti-social behaviour,,
6717955819fbef1586a0c59623529095353bdfdafdab8f676b58a21e7047bb1c,2019-02,Lancashire Constabulary,Lancashire Constabulary,-3.017863,53.830220,On or near Elston Avenue,E01012720,Blackpool 007B,Burglary,Status update unavailable,
b734f8e2465a6a1a29180137295ce90f8861290e613ce7265b78f51e936f0129,2019-02,Lancashire Constabulary,Lancashire Constabulary,-3.013667,53.833257,On or near Overdale Grove,E01012720,Blackpool 007B,Criminal damage and arson,Unable to prosecute suspect,
bbadf079767cbe9b01efbbc9ff483310dea5f7dae223610b604d20ce01739cf2,2019-02,Lancashire Constabulary,Lancashire Constabulary,-3.017863,53.830220,On or near Elston Avenue,E01012720,Blackpool 007B,Other theft,Formal action is not in the public interest,
e659d682f2f2f117a0837a6c15a73ae222bbe43e1ae080c357e566ca4bff8f52,2019-02,Lancashire Constabulary,Lancashire Constabulary,-3.017863,53.830220,On or near Elston Avenue,E01012720,Blackpool 007B,Public order,Status update unavailable,
42fb01d0d5984c8eed335040a0ec22a3d5ad4255906891c53a5c58fed139c40c,2019-02,Lancashire Constabulary,Lancashire Constabulary,-3.014024,53.829173,On or near Dinmore Place,E01012720,Blackpool 007B,Robbery,Status update unavailable,
c12179daabe1927d5246242462108bb82449ec16e7608a2c3cb7f1b8ce6a7719,2019-02,Lancashire Constabulary,Lancashire Constabulary,-3.016751,53.829483,On or near Elgin Place,E01012720,Blackpool 007B,Robbery,Unable to prosecute suspect,
b89b4dae55a29a0e5a889fcbd62068147aed2b1250cfe6f7569e089c764a7945,2019-02,Lancashire Constabulary,Lancashire Constabulary,-3.016751,53.829483,On or near Elgin Place,E01012720,Blackpool 007B,Shoplifting,Further investigation is not in the public interest,
e8c7d03190f747814727bbc361cd0cf1f4cc656359762b9b3ec586a543f029fa,2019-02,Lancashire Constabulary,Lancashire Constabulary,-3.016751,53.829483,On or near Elgin Place,E01012720,Blackpool 007B,Shoplifting,Unable to prosecute suspect,
91b207831d189725c63f32152f0689683fd90f75c3f941b0f1134d180b27f710,2019-02,Lancashire Constabulary,Lancashire Constabulary,-3.014024,53.829173,On or near Dinmore Place,E01012720,Blackpool 007B,Violence and sexual offences,Unable to prosecute suspect,
59cd1fdc9e3bb752a67b4529196bcef140b4ca0cf7681cc51970731616be97a1,2019-02,Lancashire Constabulary,Lancashire Constabulary,-3.012520,53.834193,On or near Dinmore Avenue,E01012720,Blackpool 007B,Violence and sexual offences,Status update unavailable,
66f24e9744f7371da3ee5efdef32dffc4fbcaf53d26096464f2dd6bae616ed8b,2019-02,Lancashire Constabulary,Lancashire Constabulary,-3.015326,53.831499,On or near Montague Close,E01012720,Blackpool 007B,Violence and sexual offences,Further investigation is not in the public interest,
32c36a1f99ca1528d4a17b498022b1d78edcd6936873b472fdc4e165aadbb93f,2019-02,Lancashire Constabulary,Lancashire Constabulary,-3.015215,53.830664,On or near Furness Avenue,E01012720,Blackpool 007B,Violence and sexual offences,Unable to prosecute suspect,
2df3e942e7efe7d62e22ef15116ea3f07d643e295f56e8968ec1ff61da4f5899,2019-02,Lancashire Constabulary,Lancashire Constabulary,-3.015215,53.830664,On or near Furness Avenue,E01012720,Blackpool 007B,Violence and sexual offences,Status update unavailable,
fba3e6a422ff8ea8de0a82f36b60c06198d24d9ff96aaa81a113e0e40901323c,2019-02,Lancashire Constabulary,Lancashire Constabulary,-3.013667,53.833257,On or near Overdale Grove,E01012720,Blackpool 007B,Violence and sexual offences,Unable to prosecute suspect,
54957ebc3fa977338cb08ba560e96b31ce1d8b4e6aa51ca9fbc219b5c13d3dd1,2019-02,Lancashire Constabulary,Lancashire Constabulary,-3.016751,53.829483,On or near Elgin Place,E01012720,Blackpool 007B,Violence and sexual offences,Status update unavailable,
4ac1c3969dcbafe37e7a0f72d8975b66590d8b42f263a68a1a6af615e5bd8861,2019-02,Lancashire Constabulary,Lancashire Constabulary,-3.015394,53.829270,On or near Calvert Place,E01012720,Blackpool 007B,Violence and sexual offences,Status update unavailable,
22a1cdd4c2db44151fc283e4814865db22d0fac6e8c2c9e0d6bd559fe4eae808,2019-02,Lancashire Constabulary,Lancashire Constabulary,-3.013667,53.833257,On or near Overdale Grove,E01012720,Blackpool 007B,Violence and sexual offences,Status update unavailable,
ff6ffe7389d89259daff0f341fd0b486514f0d0f615c8a8c33fb481b0e579d43,2019-02,Lancashire Constabulary,Lancashire Constabulary,-3.017863,53.830220,On or near Elston Avenue,E01012720,Blackpool 007B,Violence and sexual offences,Unable to prosecute suspect,
b3d86b836dc5f4831e56b9c7086e6b1e14140c2257fc031cfdbbed66eeba28b3,2019-02,Lancashire Constabulary,Lancashire Constabulary,-3.015796,53.827055,On or near Bathurst Avenue,E01012720,Blackpool 007B,Other crime,Action to be taken by another organisation,
,2019-02,Lancashire Constabulary,Lancashire Constabulary,-3.011302,53.832855,On or near Easington Crescent,E01012721,Blackpool 007C,Anti-social behaviour,,
,2019-02,Lancashire Constabulary,Lancashire Constabulary,-3.011622,53.834767,On or near Blossom Court,E01012721,Blackpool 007C,Anti-social behaviour,,
,2019-02,Lancashire Constabulary,Lancashire Constabulary,-3.009650,53.833642,On or near Marchwood Road,E01012721,Blackpool 007C,Anti-social behaviour,,
,2019-02,Lancashire Constabulary,Lancashire Constabulary,-3.009650,53.833642,On or near Marchwood Road,E01012721,Blackpool 007C,Anti-social behaviour,,
,2019-02,Lancashire Constabulary,Lancashire Constabulary,-3.009059,53.834357,On or near Paythorne Close,E01012721,Blackpool 007C,Anti-social behaviour,,
,2019-02,Lancashire Constabulary,Lancashire Constabulary,-3.014861,53.834892,On or near Pilling Court,E01012721,Blackpool 007C,Anti-social behaviour,,
,2019-02,Lancashire Constabulary,Lancashire Constabulary,-3.011186,53.833728,On or near Progress Court,E01012721,Blackpool 007C,Anti-social behaviour,,
,2019-02,Lancashire Constabulary,Lancashire Constabulary,-3.008041,53.833107,On or near Chatburn Close,E01012721,Blackpool 007C,Anti-social behaviour,,
,2019-02,Lancashire Constabulary,Lancashire Constabulary,-3.010518,53.835621,On or near Otterburn Close,E01012721,Blackpool 007C,Anti-social behaviour,,
891c22fd00db924414449a267c214b0b292d33b3ac4162c326aa13bb779f5806,2019-02,Lancashire Constabulary,Lancashire Constabulary,-3.011302,53.832855,On or near Easington Crescent,E01012721,Blackpool 007C,Burglary,Status update unavailable,
0a3f1c1dfcb598f3c143f63312b961a282287b27478a6c6e40dd046af6b7ac65,2019-02,Lancashire Constabulary,Lancashire Constabulary,-3.012216,53.831040,On or near Hammerton Place,E01012721,Blackpool 007C,Burglary,Status update unavailable,
a035a354643fd928f2bcd3cb716f3fb712387a8885a924020d8c7d13ce2263bb,2019-02,Lancashire Constabulary,Lancashire Constabulary,-3.008366,53.832097,On or near Horsebridge Road,E01012721,Blackpool 007C,Criminal damage and arson,Unable to prosecute suspect,
d4df6ec88a4924d5475a8c3134eeb98795c50130596f08a7c5b138448e5f5104,2019-02,Lancashire Constabulary,Lancashire Constabulary,-3.014861,53.834892,On or near Pilling Court,E01012721,Blackpool 007C,Criminal damage and arson,Unable to prosecute suspect,
7fd99425b7e794c13f9cfe8f75d0bf1051ef7917dda31bfbf493657dd61a7213,2019-02,Lancashire Constabulary,Lancashire Constabulary,-3.013709,53.831846,On or near Chipping Grove,E01012721,Blackpool 007C,Criminal damage and arson,Status update unavailable,
080b00de59570c971947be91cc8b694bca1ea21ee427fe8d5a0a49ffbcb982de,2019-02,Lancashire Constabulary,Lancashire Constabulary,-3.014861,53.834892,On or near Pilling Court,E01012721,Blackpool 007C,Other theft,Status update unavailable,
f074d3029c1bdc963391aaeb390c4b2ee5355afe60a77938c1ed4bde94c20bc7,2019-02,Lancashire Constabulary,Lancashire Constabulary,-3.014861,53.834892,On or near Pilling Court,E01012721,Blackpool 007C,Public order,Formal action is not in the public interest,
6de75f612ecced3d593d8d37a8077869fd17cbd04393820a01ee895635b81c6c,2019-02,Lancashire Constabulary,Lancashire Constabulary,-3.011302,53.832855,On or near Easington Crescent,E01012721,Blackpool 007C,Robbery,Unable to prosecute suspect,
4de5e621357ea9996c93047b25747811df84f85797e0ebdb4a2ba80ec461a581,2019-02,Lancashire Constabulary,Lancashire Constabulary,-3.008740,53.833119,On or near Grindleton Close,E01012721,Blackpool 007C,Robbery,Status update unavailable,
b26c6a0d693e4b6ffb1abb9dc4051ecd612782dfae533b18ac02ba68ed780934,2019-02,Lancashire Constabulary,Lancashire Constabulary,-3.008366,53.832097,On or near Horsebridge Road,E01012721,Blackpool 007C,Vehicle crime,Status update unavailable,
ebe234575de3b7fd091f0e1469e9c595265a47e5398debeab49d32a448acf863,2019-02,Lancashire Constabulary,Lancashire Constabulary,-3.011891,53.831457,On or near Marlhill Road,E01012721,Blackpool 007C,Violence and sexual offences,Status update unavailable,
416039a505df48ad8d6da2db268b2d8768d94f62719c8d621e58198bca8cfb78,2019-02,Lancashire Constabulary,Lancashire Constabulary,-3.013709,53.831846,On or near Chipping Grove,E01012721,Blackpool 007C,Violence and sexual offences,Status update unavailable,
59f870a6cd01e6b04c568aabfafd23969d275d4857f739b543e3c58f9a889465,2019-02,Lancashire Constabulary,Lancashire Constabulary,-3.008145,53.833618,On or near Browsholme Close,E01012721,Blackpool 007C,Violence and sexual offences,Unable to prosecute suspect,
db6dfeea28bf8d1641607bc4e0bc7d89fc4423c7ce25feb5f379623ae818a1db,2019-02,Lancashire Constabulary,Lancashire Constabulary,-3.013709,53.831846,On or near Chipping Grove,E01012721,Blackpool 007C,Violence and sexual offences,Status update unavailable,
e3b183e61585421583d009e492c07e36c88e3ddaeacab2f04e63363816c56e46,2019-02,Lancashire Constabulary,Lancashire Constabulary,-3.013709,53.831846,On or near Chipping Grove,E01012721,Blackpool 007C,Violence and sexual offences,Status update unavailable,
2f2ebff2c252daac66e34331f6bcd99c2679ddf3bf04ecb3fa1d42539f86a300,2019-02,Lancashire Constabulary,Lancashire Constabulary,-3.013682,53.830749,On or near Bowland Crescent,E01012721,Blackpool 007C,Violence and sexual offences,Unable to prosecute suspect,
95fede07ecc377a416a1bb2738dc14e6b7513dccdd15e71da456222760c6e25b,2019-02,Lancashire Constabulary,Lancashire Constabulary,-3.013682,53.830749,On or near Bowland Crescent,E01012721,Blackpool 007C,Violence and sexual offences,Status update unavailable,
118afeaa062dc52f0e0fdfa96f78af90f73ec07a77b0096adeea86419268cef3,2019-02,Lancashire Constabulary,Lancashire Constabulary,-3.008366,53.832097,On or near Horsebridge Road,E01012721,Blackpool 007C,Violence and sexual offences,Status update unavailable,
,2019-02,Lancashire Constabulary,Lancashire Constabulary,-3.016306,53.831779,On or near Shorefileds,E01012724,Blackpool 007D,Anti-social behaviour,,
,2019-02,Lancashire Constabulary,Lancashire Constabulary,-3.016306,53.831779,On or near Shorefileds,E01012724,Blackpool 007D,Anti-social behaviour,,
,2019-02,Lancashire Constabulary,Lancashire Constabulary,-3.024337,53.829023,On or near Rudyard Place,E01012724,Blackpool 007D,Anti-social behaviour,,
,2019-02,Lancashire Constabulary,Lancashire Constabulary,-3.021001,53.833644,On or near Argosy Avenue,E01012724,Blackpool 007D,Anti-social behaviour,,
,2019-02,Lancashire Constabulary,Lancashire Constabulary,-3.023707,53.831833,On or near Dawlish Avenue,E01012724,Blackpool 007D,Anti-social behaviour,,
,2019-02,Lancashire Constabulary,Lancashire Constabulary,-3.021937,53.832774,On or near Draycot Avenue,E01012724,Blackpool 007D,Anti-social behaviour,,
,2019-02,Lancashire Constabulary,Lancashire Constabulary,-3.024337,53.829023,On or near Rudyard Place,E01012724,Blackpool 007D,Anti-social behaviour,,
b04c922bda50c06e5ef08f8bf561a34ef1399eea619ade8d9d7455170b4afaee,2019-02,Lancashire Constabulary,Lancashire Constabulary,-3.016306,53.831779,On or near Shorefileds,E01012724,Blackpool 007D,Burglary,Status update unavailable,
fb983ad5137625dc5906549fb48df30259f310536086908d6d390dc1d873c609,2019-02,Lancashire Constabulary,Lancashire Constabulary,-3.021256,53.829148,On or near Haslow Place,E01012724,Blackpool 007D,Criminal damage and arson,Unable to prosecute suspect,
42ac74c376c796de1f74e25e0e94f312e4cc08f9c07c163add7c4bec92b6a71c,2019-02,Lancashire Constabulary,Lancashire Constabulary,-3.023707,53.831833,On or near Dawlish Avenue,E01012724,Blackpool 007D,Criminal damage and arson,Unable to prosecute suspect,
e7443e3c87165665e392b0e0c3bbd5e7d190a255824e6355481b10712d25243e,2019-02,Lancashire Constabulary,Lancashire Constabulary,-3.021256,53.829148,On or near Haslow Place,E01012724,Blackpool 007D,Public order,Status update unavailable,
613f48673e0c19b9e451c8a9bcf21230ae08245b56bc7da6f06d98c466c7a65a,2019-02,Lancashire Constabulary,Lancashire Constabulary,-3.022172,53.828718,On or near Adstone Avenue,E01012724,Blackpool 007D,Violence and sexual offences,Offender given a caution,
672998f576be2352439ca80cda1eff0039ac002937d532d8c9995ff4ffd617a5,2019-02,Lancashire Constabulary,Lancashire Constabulary,-3.019335,53.832014,On or near Forshaw Avenue,E01012724,Blackpool 007D,Violence and sexual offences,Status update unavailable,
b6c277dca586592716214e375f01bf86be0b42598cff39a96ca2032df527862f,2019-02,Lancashire Constabulary,Lancashire Constabulary,-3.022518,53.831699,On or near Chepstow Road,E01012724,Blackpool 007D,Violence and sexual offences,Unable to prosecute suspect,
c97977a2c2be895d6eb02ddd52d98340645d22c9c039c8dababdac508b79f6cf,2019-02,Lancashire Constabulary,Lancashire Constabulary,-3.021256,53.829148,On or near Haslow Place,E01012724,Blackpool 007D,Violence and sexual offences,Status update unavailable,
780a9f9410e32c7bf8268bca5a6709d82e3f0760fea78c454cf2e2456fcecdb9,2019-02,Lancashire Constabulary,Lancashire Constabulary,-3.019335,53.832014,On or near Forshaw Avenue,E01012724,Blackpool 007D,Violence and sexual offences,Status update unavailable,
bd9804c0991d0d14fedf63a82083dc8c000f03cf1618c5c8411de55f57f2ed05,2019-02,Lancashire Constabulary,Lancashire Constabulary,-3.022172,53.828718,On or near Adstone Avenue,E01012724,Blackpool 007D,Violence and sexual offences,Status update unavailable,
1a06c21353bf68febb82f2eb97e34235ac7036ef9ab10d7232bb1ef371c3965a,2019-02,Lancashire Constabulary,Lancashire Constabulary,-3.022518,53.831699,On or near Chepstow Road,E01012724,Blackpool 007D,Violence and sexual offences,Status update unavailable,
29212b733881cf018449f7200d83aa76857fd02793a70c4a4ed6cdabf73e0933,2019-02,Lancashire Constabulary,Lancashire Constabulary,-3.022518,53.831699,On or near Chepstow Road,E01012724,Blackpool 007D,Violence and sexual offences,Status update unavailable,
4cbfd615bbd40685815756428deed922a40ad9d98349e28d94558289b4dea108,2019-02,Lancashire Constabulary,Lancashire Constabulary,-3.023760,53.830286,On or near Fulwood Avenue,E01012724,Blackpool 007D,Violence and sexual offences,Unable to prosecute suspect,
93f1780592db80a6fd1864b7154118cd7d3cb85bea43d077249d61956a85c4d9,2019-02,Lancashire Constabulary,Lancashire Constabulary,-3.019335,53.832014,On or near Forshaw Avenue,E01012724,Blackpool 007D,Other crime,Further investigation is not in the public interest,
2e146fdc445aa9e582fe846b7d9f9da0cb4f1b4e1e7539e5714a46c55a5a97b3,2019-02,Lancashire Constabulary,Lancashire Constabulary,-3.019335,53.832014,On or near Forshaw Avenue,E01012724,Blackpool 007D,Other crime,Further investigation is not in the public interest,
2d806bb6266ef9a244e29e1fec8ae5ef060c6e10ca319ae9245b664e05f7f036,2019-02,Lancashire Constabulary,Lancashire Constabulary,-3.037299,53.824166,On or near Laycock Gate,E01012678,Blackpool 008A,Bicycle theft,Status update unavailable,
8883f18dea1c81e191fb54553a51d45b8e0e2db342c470b28d3ae3e87cae63d1,2019-02,Lancashire Constabulary,Lancashire Constabulary,-3.038789,53.824845,On or near Warwick Road,E01012678,Blackpool 008A,Other theft,Status update unavailable,
6f7d224447aa680e91ebd011ba0dc7a5d4aaf906bf71cc5434617a5037ebe867,2019-02,Lancashire Constabulary,Lancashire Constabulary,-3.034923,53.824528,On or near Sports/Recreation Area,E01012678,Blackpool 008A,Public order,Formal action is not in the public interest,
d169fc7691111d1efaa545ac6b4e678dddccf400ab578741a239b09352a50f05,2019-02,Lancashire Constabulary,Lancashire Constabulary,-3.037299,53.824166,On or near Laycock Gate,E01012678,Blackpool 008A,Shoplifting,Status update unavailable,
d384f70cf9a63f7a988da4605e574f5a8dddf412fac14107837b8f5f104765b0,2019-02,Lancashire Constabulary,Lancashire Constabulary,-3.037299,53.824166,On or near Laycock Gate,E01012678,Blackpool 008A,Vehicle crime,Status update unavailable,
57c25f1e76fd8b09669d6c1eb919a6a3b1e379e65044b0a60eb288305524e2c1,2019-02,Lancashire Constabulary,Lancashire Constabulary,-3.037299,53.824166,On or near Laycock Gate,E01012678,Blackpool 008A,Violence and sexual offences,Status update unavailable,
e8994f14a960856159f4dab84ae6cbec05d739db0add1351805513663531e5c6,2019-02,Lancashire Constabulary,Lancashire Constabulary,-3.036076,53.822639,On or near North Square,E01012678,Blackpool 008A,Other crime,Status update unavailable,
,2019-02,Lancashire Constabulary,Lancashire Constabulary,-3.045110,53.821195,On or near George Street,E01012679,Blackpool 008B,Anti-social behaviour,,
,2019-02,Lancashire Constabulary,Lancashire Constabulary,-3.044193,53.820978,On or near Elizabeth Street,E01012679,Blackpool 008B,Anti-social behaviour,,
,2019-02,Lancashire Constabulary,Lancashire Constabulary,-3.046250,53.821859,On or near Platt Street,E01012679,Blackpool 008B,Anti-social behaviour,,
,2019-02,Lancashire Constabulary,Lancashire Constabulary,-3.039609,53.824191,On or near Boothley Road,E01012679,Blackpool 008B,Anti-social behaviour,,
,2019-02,Lancashire Constabulary,Lancashire Constabulary,-3.043348,53.821812,On or near Gorton Street,E01012679,Blackpool 008B,Anti-social behaviour,,
,2019-02,Lancashire Constabulary,Lancashire Constabulary,-3.046250,53.821859,On or near Platt Street,E01012679,Blackpool 008B,Anti-social behaviour,,
,2019-02,Lancashire Constabulary,Lancashire Constabulary,-3.041397,53.823420,On or near St George Court,E01012679,Blackpool 008B,Anti-social behaviour,,
,2019-02,Lancashire Constabulary,Lancashire Constabulary,-3.045405,53.823304,On or near Handley Road,E01012679,Blackpool 008B,Anti-social behaviour,,
,2019-02,Lancashire Constabulary,Lancashire Constabulary,-3.039609,53.824191,On or near Boothley Road,E01012679,Blackpool 008B,Anti-social behaviour,,
,2019-02,Lancashire Constabulary,Lancashire Constabulary,-3.043348,53.821812,On or near Gorton Street,E01012679,Blackpool 008B,Anti-social behaviour,,
,2019-02,Lancashire Constabulary,Lancashire Constabulary,-3.043348,53.821812,On or near Gorton Street,E01012679,Blackpool 008B,Anti-social behaviour,,
,2019-02,Lancashire Constabulary,Lancashire Constabulary,-3.043348,53.821812,On or near Gorton Street,E01012679,Blackpool 008B,Anti-social behaviour,,
d3cb19c9d9b7fd92f217c32eb255b2df924e32d2e4661e9ef9debfe120cf3f70,2019-02,Lancashire Constabulary,Lancashire Constabulary,-3.039609,53.824191,On or near Boothley Road,E01012679,Blackpool 008B,Criminal damage and arson,Local resolution,
4da54e9ec27df44c153149698a32a0dc0254bfd10e5e1a26a6e5aa8b16480d46,2019-02,Lancashire Constabulary,Lancashire Constabulary,-3.042830,53.822383,On or near Victory Road,E01012679,Blackpool 008B,Criminal damage and arson,Status update unavailable,
df75214b7dd31427458754df16c1513db3851fe6d03abbcebd3b7d5eedb9dbbd,2019-02,Lancashire Constabulary,Lancashire Constabulary,-3.046250,53.821859,On or near Platt Street,E01012679,Blackpool 008B,Other theft,Unable to prosecute suspect,
f2fd2e139448e62a77c9575ac9d8813bae644db015cf4d5862178441a594deef,2019-02,Lancashire Constabulary,Lancashire Constabulary,-3.046250,53.821859,On or near Platt Street,E01012679,Blackpool 008B,Other theft,Status update unavailable,
e80863e266c9cad16286ce5344adda2cb3acd2986f64a622f803f0ffa53974e2,2019-02,Lancashire Constabulary,Lancashire Constabulary,-3.045888,53.822572,On or near Butler Street,E01012679,Blackpool 008B,Public order,Status update unavailable,
16d3aa521bf20f2b59df5b0731dc412b000e815b9b666ca0168fc7d70dbf1ee5,2019-02,Lancashire Constabulary,Lancashire Constabulary,-3.039609,53.824191,On or near Boothley Road,E01012679,Blackpool 008B,Public order,Defendant sent to Crown Court,
64782d031165a136c2371d2bb6b268ab9bdd50b3d1b3a3befbe8796bb7f7ceac,2019-02,Lancashire Constabulary,Lancashire Constabulary,-3.043348,53.821812,On or near Gorton Street,E01012679,Blackpool 008B,Public order,Status update unavailable,
121b828cc60b24b84b3f636e8c82eea00bbd8e25afa3b055bcd97d5e591f1767,2019-02,Lancashire Constabulary,Lancashire Constabulary,-3.044943,53.822418,On or near Fairhurst Street,E01012679,Blackpool 008B,Violence and sexual offences,Unable to prosecute suspect,
6930f924c208b8394da2d1162a04008ef04945ee6477926eadc15db322e05135,2019-02,Lancashire Constabulary,Lancashire Constabulary,-3.043348,53.821812,On or near Gorton Street,E01012679,Blackpool 008B,Violence and sexual offences,Further investigation is not in the public interest,
1d1cb6983b946338f903803ce3e0aa595e5b0803baf03151bec34817e9f856a1,2019-02,Lancashire Constabulary,Lancashire Constabulary,-3.044943,53.822418,On or near Fairhurst Street,E01012679,Blackpool 008B,Violence and sexual offences,Status update unavailable,
e6e050980390884863874a6b13113f1f5eb32fa8aa03d9659e51c64ae5b9d6f4,2019-02,Lancashire Constabulary,Lancashire Constabulary,-3.043348,53.821812,On or near Gorton Street,E01012679,Blackpool 008B,Violence and sexual offences,Status update unavailable,
e43aa7f548f389045fd80c5588f97e4ddd970f82a9ad22a902b8391f20eb3d4e,2019-02,Lancashire Constabulary,Lancashire Constabulary,-3.045405,53.823304,On or near Handley Road,E01012679,Blackpool 008B,Violence and sexual offences,Status update unavailable,
a8cbe57e38c3de478cb364553bd6e79f718b7154f09dc8f387980d193a28cbab,2019-02,Lancashire Constabulary,Lancashire Constabulary,-3.043348,53.821812,On or near Gorton Street,E01012679,Blackpool 008B,Violence and sexual offences,Status update unavailable,
78228cfbac7e56ba99c2239749fcf4d323df4d58d797e43eaf39038a6f396a7c,2019-02,Lancashire Constabulary,Lancashire Constabulary,-3.039609,53.824191,On or near Boothley Road,E01012679,Blackpool 008B,Violence and sexual offences,Status update unavailable,
3d9a621bec8eccbacbf8d08cd4419622efa10107917d4bf9d163723e1bf2a7ab,2019-02,Lancashire Constabulary,Lancashire Constabulary,-3.043348,53.821812,On or near Gorton Street,E01012679,Blackpool 008B,Violence and sexual offences,Unable to prosecute suspect,
f2914a6db331e94d15c6d1c7b3d83f654f2df781afd2b3f45ea5e20ba80161b7,2019-02,Lancashire Constabulary,Lancashire Constabulary,-3.039609,53.824191,On or near Boothley Road,E01012679,Blackpool 008B,Violence and sexual offences,Status update unavailable,
b0b80fc07e72e564d429bf984b3e7946c0474f584f109170fe901d97946a5044,2019-02,Lancashire Constabulary,Lancashire Constabulary,-3.045034,53.821806,On or near Fisher Street,E01012679,Blackpool 008B,Violence and sexual offences,Further investigation is not in the public interest,
8475cfca66a070b6687a8dd136ab9ec06a217b8f85cab85eef0a106340e4f218,2019-02,Lancashire Constabulary,Lancashire Constabulary,-3.043348,53.821812,On or near Gorton Street,E01012679,Blackpool 008B,Other crime,Unable to prosecute suspect,
,2019-02,Lancashire Constabulary,Lancashire Constabulary,-3.044531,53.826044,On or near Percy Street,E01012680,Blackpool 008C,Anti-social behaviour,,
,2019-02,Lancashire Constabulary,Lancashire Constabulary,-3.044531,53.826044,On or near Percy Street,E01012680,Blackpool 008C,Anti-social behaviour,,
,2019-02,Lancashire Constabulary,Lancashire Constabulary,-3.038808,53.825582,On or near Empire Grove,E01012680,Blackpool 008C,Anti-social behaviour,,
,2019-02,Lancashire Constabulary,Lancashire Constabulary,-3.037981,53.825939,On or near Wildman Street,E01012680,Blackpool 008C,Anti-social behaviour,,
,2019-02,Lancashire Constabulary,Lancashire Constabulary,-3.036642,53.825852,On or near Rossall Road,E01012680,Blackpool 008C,Anti-social behaviour,,
,2019-02,Lancashire Constabulary,Lancashire Constabulary,-3.044531,53.826044,On or near Percy Street,E01012680,Blackpool 008C,Anti-social behaviour,,
b053b8f6e0a563b1f37bb2c05917957f583ed80b3970c719706a94759f547373,2019-02,Lancashire Constabulary,Lancashire Constabulary,-3.046837,53.825880,On or near Smithy Mews,E01012680,Blackpool 008C,Bicycle theft,Unable to prosecute suspect,
ccfb0ae1c57f565d77d87e7ffe38447def3e92ff8174915011ac0b9103d79238,2019-02,Lancashire Constabulary,Lancashire Constabulary,-3.035455,53.825152,On or near Stirling Road,E01012680,Blackpool 008C,Burglary,Status update unavailable,
b9e76add06fd112a133f9fc55da486e79d6faf39d1122f6758743585d5f4a753,2019-02,Lancashire Constabulary,Lancashire Constabulary,-3.046735,53.827284,On or near Hawthorn Road,E01012680,Blackpool 008C,Burglary,Status update unavailable,
717486a83a474f5fdd92ede503dc27c8bd5adaf4f5e3b92e041b83e7fb77b198,2019-02,Lancashire Constabulary,Lancashire Constabulary,-3.038368,53.826844,On or near Douglas Avenue,E01012680,Blackpool 008C,Criminal damage and arson,Offender given a caution,
1072d148fbaf445ac88618800d18cbd4ba7b0861fd03df796a0713e66d41416a,2019-02,Lancashire Constabulary,Lancashire Constabulary,-3.044194,53.824079,On or near Hardman Street,E01012680,Blackpool 008C,Drugs,Status update unavailable,
beb28d9026a975051fdca6f6f5c7d3eb97caa36daf6e4112190632c2d8a0b1b5,2019-02,Lancashire Constabulary,Lancashire Constabulary,-3.044194,53.824079,On or near Hardman Street,E01012680,Blackpool 008C,Drugs,Status update unavailable,
fb3c89e5e56ddb3d5ea20b6f16ce9e55eb1fe518d56c4524dda8a6bd9bf3e0f7,2019-02,Lancashire Constabulary,Lancashire Constabulary,-3.044194,53.824079,On or near Hardman Street,E01012680,Blackpool 008C,Drugs,Status update unavailable,
2166feea5dd555e539cbc37451b53ef9a93c82adc0ec9ae84a1be9e99ff640de,2019-02,Lancashire Constabulary,Lancashire Constabulary,-3.038582,53.827534,On or near Ramsey Avenue,E01012680,Blackpool 008C,Other theft,Status update unavailable,
785697e72a7566145b8405cbc1a8b01355d509a0d990bd894de1709770626752,2019-02,Lancashire Constabulary,Lancashire Constabulary,-3.038808,53.825582,On or near Empire Grove,E01012680,Blackpool 008C,Public order,Status update unavailable,
72bf1e1c3f9d6d45484d4ec0c676af9e779571b887a1dd79c951a4df2d0ce780,2019-02,Lancashire Constabulary,Lancashire Constabulary,-3.046837,53.825880,On or near Smithy Mews,E01012680,Blackpool 008C,Public order,Status update unavailable,
7f133e9df09354234394a90209c819ef85cdafaac09479948f3e5f8267253f44,2019-02,Lancashire Constabulary,Lancashire Constabulary,-3.044531,53.826044,On or near Percy Street,E01012680,Blackpool 008C,Public order,Status update unavailable,
1d9f1a91f35067f75ce8a6b5d8e026249cf7fe5dd6a35bd653c774d44a5ba4be,2019-02,Lancashire Constabulary,Lancashire Constabulary,-3.044194,53.824079,On or near Hardman Street,E01012680,Blackpool 008C,Public order,Status update unavailable,
d3be1c4ad2787f3ff890337c4bfa3db70a92a76bbcb32aba6d4d95448d251c37,2019-02,Lancashire Constabulary,Lancashire Constabulary,-3.044194,53.824079,On or near Hardman Street,E01012680,Blackpool 008C,Theft from the person,Status update unavailable,
30e8f7e17d83098eef43042109c5e1a4d4bd29376aeaca5c178f83e8ff652569,2019-02,Lancashire Constabulary,Lancashire Constabulary,-3.041788,53.823857,On or near Boothley Road,E01012680,Blackpool 008C,Violence and sexual offences,Status update unavailable,
e94c9faf0b7393ef8e7f4f52930c27c86bd5fba9c132541d2a5fea6f2baab1ad,2019-02,Lancashire Constabulary,Lancashire Constabulary,-3.044194,53.824079,On or near Hardman Street,E01012680,Blackpool 008C,Violence and sexual offences,Status update unavailable,
021320350056d1b5592c89d670194e8b3e36a74955ee110d7381d3cd5b10a78c,2019-02,Lancashire Constabulary,Lancashire Constabulary,-3.041788,53.823857,On or near Boothley Road,E01012680,Blackpool 008C,Violence and sexual offences,Status update unavailable,
25d7a4779004d194083ba8043d836fbc28997765377eaaf4645fd7f513d1afe8,2019-02,Lancashire Constabulary,Lancashire Constabulary,-3.044194,53.824079,On or near Hardman Street,E01012680,Blackpool 008C,Violence and sexual offences,Unable to prosecute suspect,
02d8fdb3b97f767e439f50156e46e0a0c93c5e54dc1a2d4817f9a3ec89a11021,2019-02,Lancashire Constabulary,Lancashire Constabulary,-3.041788,53.823857,On or near Boothley Road,E01012680,Blackpool 008C,Violence and sexual offences,Status update unavailable,
5af4981555dce4ea2eb4a83cd9e76467ea1aa8ebf29b7c4aa4918550e17abe09,2019-02,Lancashire Constabulary,Lancashire Constabulary,-3.046837,53.825880,On or near Smithy Mews,E01012680,Blackpool 008C,Violence and sexual offences,Status update unavailable,
574c66ec05a866350a798c0dfd680e71b6b1fe2ca7413846500cd856a23828ab,2019-02,Lancashire Constabulary,Lancashire Constabulary,-3.044194,53.824079,On or near Hardman Street,E01012680,Blackpool 008C,Violence and sexual offences,Status update unavailable,
d4b6ef88f0356d1620e04b17b155b64226d959e7c497aec15e04291b77c8a57e,2019-02,Lancashire Constabulary,Lancashire Constabulary,-3.044194,53.824079,On or near Hardman Street,E01012680,Blackpool 008C,Violence and sexual offences,Status update unavailable,
b74de22427451b33002bc1b287db3c7d358cb38768b66104cdd740a560aaf08a,2019-02,Lancashire Constabulary,Lancashire Constabulary,-3.044194,53.824079,On or near Hardman Street,E01012680,Blackpool 008C,Violence and sexual offences,Unable to prosecute suspect,
d76503d67e7a96a9d2a31d53d3ce933e3d4d31ad8fdb7e85905834ac12d19c68,2019-02,Lancashire Constabulary,Lancashire Constabulary,-3.046735,53.827284,On or near Hawthorn Road,E01012680,Blackpool 008C,Violence and sexual offences,Unable to prosecute suspect,
beef714dbcc95b8b65debb043a26049a0cf8d7780b7c538a9d8ba8a220410598,2019-02,Lancashire Constabulary,Lancashire Constabulary,-3.041788,53.823857,On or near Boothley Road,E01012680,Blackpool 008C,Violence and sexual offences,Status update unavailable,
17781278e127ff262e66bf666b3a30c61a5b6c84fd93f49bba92c6e281ab79f7,2019-02,Lancashire Constabulary,Lancashire Constabulary,-3.038368,53.826844,On or near Douglas Avenue,E01012680,Blackpool 008C,Violence and sexual offences,Unable to prosecute suspect,
7c0200e7f8ba192c4afcc35072895318f26c32f1abb110e0adb6cbe97141a742,2019-02,Lancashire Constabulary,Lancashire Constabulary,-3.046837,53.825880,On or near Smithy Mews,E01012680,Blackpool 008C,Violence and sexual offences,Unable to prosecute suspect,
7689b1cbc69864e2476c6bdb53da8b7cdc0b64d0df0f798b85919ec54aae0673,2019-02,Lancashire Constabulary,Lancashire Constabulary,-3.041788,53.823857,On or near Boothley Road,E01012680,Blackpool 008C,Violence and sexual offences,Status update unavailable,
3ce08cc516ddba62cc50eca24c176cd3d773382a650a3816c953e42d08367dcd,2019-02,Lancashire Constabulary,Lancashire Constabulary,-3.041788,53.823857,On or near Boothley Road,E01012680,Blackpool 008C,Other crime,Status update unavailable,
,2019-02,Lancashire Constabulary,Lancashire Constabulary,-3.044326,53.825741,On or near Grafton Street,E01012682,Blackpool 008D,Anti-social behaviour,,
,2019-02,Lancashire Constabulary,Lancashire Constabulary,-3.046933,53.823641,On or near Parking Area,E01012682,Blackpool 008D,Anti-social behaviour,,
,2019-02,Lancashire Constabulary,Lancashire Constabulary,-3.042570,53.825981,On or near Spencer Court,E01012682,Blackpool 008D,Anti-social behaviour,,
,2019-02,Lancashire Constabulary,Lancashire Constabulary,-3.048561,53.824373,On or near Lang Street,E01012682,Blackpool 008D,Anti-social behaviour,,
,2019-02,Lancashire Constabulary,Lancashire Constabulary,-3.048561,53.824373,On or near Lang Street,E01012682,Blackpool 008D,Anti-social behaviour,,
,2019-02,Lancashire Constabulary,Lancashire Constabulary,-3.052234,53.826058,On or near Richmond Road,E01012682,Blackpool 008D,Anti-social behaviour,,
,2019-02,Lancashire Constabulary,Lancashire Constabulary,-3.044326,53.825741,On or near Grafton Street,E01012682,Blackpool 008D,Anti-social behaviour,,
,2019-02,Lancashire Constabulary,Lancashire Constabulary,-3.044326,53.825741,On or near Grafton Street,E01012682,Blackpool 008D,Anti-social behaviour,,
,2019-02,Lancashire Constabulary,Lancashire Constabulary,-3.048561,53.824373,On or near Lang Street,E01012682,Blackpool 008D,Anti-social behaviour,,
,2019-02,Lancashire Constabulary,Lancashire Constabulary,-3.044326,53.825741,On or near Grafton Street,E01012682,Blackpool 008D,Anti-social behaviour,,
,2019-02,Lancashire Constabulary,Lancashire Constabulary,-3.050926,53.823544,On or near Back High Street,E01012682,Blackpool 008D,Anti-social behaviour,,
,2019-02,Lancashire Constabulary,Lancashire Constabulary,-3.041932,53.826579,On or near Coopers Way,E01012682,Blackpool 008D,Anti-social behaviour,,
,2019-02,Lancashire Constabulary,Lancashire Constabulary,-3.048561,53.824373,On or near Lang Street,E01012682,Blackpool 008D,Anti-social behaviour,,
,2019-02,Lancashire Constabulary,Lancashire Constabulary,-3.044326,53.825741,On or near Grafton Street,E01012682,Blackpool 008D,Anti-social behaviour,,
,2019-02,Lancashire Constabulary,Lancashire Constabulary,-3.044326,53.825741,On or near Grafton Street,E01012682,Blackpool 008D,Anti-social behaviour,,
,2019-02,Lancashire Constabulary,Lancashire Constabulary,-3.044326,53.825741,On or near Grafton Street,E01012682,Blackpool 008D,Anti-social behaviour,,
,2019-02,Lancashire Constabulary,Lancashire Constabulary,-3.044326,53.825741,On or near Grafton Street,E01012682,Blackpool 008D,Anti-social behaviour,,
,2019-02,Lancashire Constabulary,Lancashire Constabulary,-3.051632,53.826881,On or near Cheltenham Road,E01012682,Blackpool 008D,Anti-social behaviour,,
,2019-02,Lancashire Constabulary,Lancashire Constabulary,-3.049386,53.825759,On or near Back Ashburton Road,E01012682,Blackpool 008D,Anti-social behaviour,,
,2019-02,Lancashire Constabulary,Lancashire Constabulary,-3.041830,53.825538,On or near Kyston Close,E01012682,Blackpool 008D,Anti-social behaviour,,
,2019-02,Lancashire Constabulary,Lancashire Constabulary,-3.051449,53.823800,On or near Cocker Street,E01012682,Blackpool 008D,Anti-social behaviour,,
b9fda847df6e1d4c04e9bf87f1a2ad4e31d10b59dc59236ac5e20f14790e271c,2019-02,Lancashire Constabulary,Lancashire Constabulary,-3.049851,53.823095,On or near Parking Area,E01012682,Blackpool 008D,Burglary,Status update unavailable,
b2018f3d00fff196c7bfdcf656c72b7369875077e9c41c7a8858aa5d6ce30d72,2019-02,Lancashire Constabulary,Lancashire Constabulary,-3.042570,53.825981,On or near Spencer Court,E01012682,Blackpool 008D,Burglary,Status update unavailable,
4b4d4cef1b2a998cac3a78fff8feaa172c08c9997f1b3bebfa3f5dbfc8996a5e,2019-02,Lancashire Constabulary,Lancashire Constabulary,-3.053528,53.826163,On or near Bute Avenue,E01012682,Blackpool 008D,Criminal damage and arson,Unable to prosecute suspect,
16919c0aad874759b777a9df20c13609a1fba0a2ef94b60f7bcc35798ef8b774,2019-02,Lancashire Constabulary,Lancashire Constabulary,-3.041932,53.826579,On or near Coopers Way,E01012682,Blackpool 008D,Other theft,Unable to prosecute suspect,
9c0b9a5a4adbf6bcf899391dce9a8b42c37f8f9d1c90986c6e5a9058facf79f1,2019-02,Lancashire Constabulary,Lancashire Constabulary,-3.046933,53.823641,On or near Parking Area,E01012682,Blackpool 008D,Other theft,Status update unavailable,
f34a6405330694b1f4de0c4bf7f1b3e7f8208cdfb519389ce031b2ba1dff5e4c,2019-02,Lancashire Constabulary,Lancashire Constabulary,-3.041830,53.825538,On or near Kyston Close,E01012682,Blackpool 008D,Public order,Unable to prosecute suspect,
c26251703a677381e0a87e37a9f7b4f972af5dde2306d9baf4596c8ee21d104e,2019-02,Lancashire Constabulary,Lancashire Constabulary,-3.041830,53.825538,On or near Kyston Close,E01012682,Blackpool 008D,Public order,Awaiting court outcome,
32c76189c90a79410a54e9f735a6977fdbaaa32424be5628b76a9ccdf805db15,2019-02,Lancashire Constabulary,Lancashire Constabulary,-3.043917,53.825151,On or near St Anthony'S Place,E01012682,Blackpool 008D,Public order,Unable to prosecute suspect,
3cefe59c7b2539e76c9bc4ad654f3d3547eaa76512b3db58edcc8c8ee728f3d5,2019-02,Lancashire Constabulary,Lancashire Constabulary,-3.053528,53.826163,On or near Bute Avenue,E01012682,Blackpool 008D,Public order,Unable to prosecute suspect,
2073563230ad2ebbb76e6c643fc3a2046a7bac53e465dc657d533ecdeb69262e,2019-02,Lancashire Constabulary,Lancashire Constabulary,-3.042570,53.825981,On or near Spencer Court,E01012682,Blackpool 008D,Public order,Status update unavailable,
39020bfd1d64d31c574144cffec4e72e3002f999856f2aa930c67b55a9c3a098,2019-02,Lancashire Constabulary,Lancashire Constabulary,-3.051632,53.826881,On or near Cheltenham Road,E01012682,Blackpool 008D,Shoplifting,Status update unavailable,
460726bac795bb8291f6209371fa29b3c9af452673ed789b3f9999fca6addacd,2019-02,Lancashire Constabulary,Lancashire Constabulary,-3.042570,53.825981,On or near Spencer Court,E01012682,Blackpool 008D,Theft from the person,Unable to prosecute suspect,
adef1edbcb0fd409c1a69775caf0d114ae0db880742c6c3bdace8ac970182334,2019-02,Lancashire Constabulary,Lancashire Constabulary,-3.051632,53.826881,On or near Cheltenham Road,E01012682,Blackpool 008D,Vehicle crime,Status update unavailable,
f6dd1b8ddfea197bdb6764a06c6055e002afe599fcd65ca2e5500d3be8dbaf8b,2019-02,Lancashire Constabulary,Lancashire Constabulary,-3.053528,53.826163,On or near Bute Avenue,E01012682,Blackpool 008D,Vehicle crime,Status update unavailable,
37e08b1176a98c58f74296e3b6b77e7b08d4bbc3f2c3d047645e96c5fe880326,2019-02,Lancashire Constabulary,Lancashire Constabulary,-3.049198,53.826129,On or near Ashburton Road,E01012682,Blackpool 008D,Vehicle crime,Status update unavailable,
e293d6a47e9783b8ae83c534eb76e35463d155490ef5b1a546a297116c97fbf1,2019-02,Lancashire Constabulary,Lancashire Constabulary,-3.041830,53.825538,On or near Kyston Close,E01012682,Blackpool 008D,Violence and sexual offences,Status update unavailable,
b4f8cc27621b7f5d1dea894319baa0d1411272ce5702daf60eadee5bbdaf7711,2019-02,Lancashire Constabulary,Lancashire Constabulary,-3.053528,53.826163,On or near Bute Avenue,E01012682,Blackpool 008D,Violence and sexual offences,Unable to prosecute suspect,
c068bb7a417e028401eff6d38cf7a101ab3e29896a3c77f656d9a1b791653166,2019-02,Lancashire Constabulary,Lancashire Constabulary,-3.048561,53.824373,On or near Lang Street,E01012682,Blackpool 008D,Violence and sexual offences,Local resolution,
2cf867d7598c9a448ed3a0876dc2166a6e85b80511a9e23286a714671985d9d8,2019-02,Lancashire Constabulary,Lancashire Constabulary,-3.041932,53.826579,On or near Coopers Way,E01012682,Blackpool 008D,Violence and sexual offences,Status update unavailable,
4e7b0c20cfac2efa50622969ad97007d5211b11e491108af510856c2a4e9db60,2019-02,Lancashire Constabulary,Lancashire Constabulary,-3.041830,53.825538,On or near Kyston Close,E01012682,Blackpool 008D,Violence and sexual offences,Awaiting court outcome,
1ceee4a96cea7f368d5b7ba429ba300a16b6abee28889f5041bce3f8e674fcb9,2019-02,Lancashire Constabulary,Lancashire Constabulary,-3.051276,53.826012,On or near Egerton Road,E01012682,Blackpool 008D,Violence and sexual offences,Status update unavailable,
9c8c40c007fdb5435e236e10415e0c25c5e3cf1479647047bc12c2e871016e18,2019-02,Lancashire Constabulary,Lancashire Constabulary,-3.041830,53.825538,On or near Kyston Close,E01012682,Blackpool 008D,Violence and sexual offences,Awaiting court outcome,
9f8d3d0282bc33c0f3312b54e392450dfcc955ec2ae237b7ddffb42e7f095eee,2019-02,Lancashire Constabulary,Lancashire Constabulary,-3.042464,53.825379,On or near Althorp Close,E01012682,Blackpool 008D,Violence and sexual offences,Status update unavailable,
81fc3773358c370910d34b6ce981ee6b1cf8613899074e5b09e31953773e0566,2019-02,Lancashire Constabulary,Lancashire Constabulary,-3.049386,53.825759,On or near Back Ashburton Road,E01012682,Blackpool 008D,Violence and sexual offences,Unable to prosecute suspect,
ca336234aadc53b70832a846b328f4e249fdacafc6c54d69a798a7705fb7f08e,2019-02,Lancashire Constabulary,Lancashire Constabulary,-3.051632,53.826881,On or near Cheltenham Road,E01012682,Blackpool 008D,Violence and sexual offences,Unable to prosecute suspect,
4305c91cf94842ca4562fa1a3f2cead261f5239e1514d961fdfb428deafa0f7f,2019-02,Lancashire Constabulary,Lancashire Constabulary,-3.051632,53.826881,On or near Cheltenham Road,E01012682,Blackpool 008D,Violence and sexual offences,Unable to prosecute suspect,
b581ad9fe3c75375753a874ab8138575e6c023faaa0323f09e0be0c9b0c18f2c,2019-02,Lancashire Constabulary,Lancashire Constabulary,-3.050760,53.824201,On or near Exchange Street,E01012682,Blackpool 008D,Violence and sexual offences,Status update unavailable,
,2019-02,Lancashire Constabulary,Lancashire Constabulary,-3.045011,53.830058,On or near Claremont Road,E01012684,Blackpool 008E,Anti-social behaviour,,
,2019-02,Lancashire Constabulary,Lancashire Constabulary,-3.045011,53.830058,On or near Claremont Road,E01012684,Blackpool 008E,Anti-social behaviour,,
,2019-02,Lancashire Constabulary,Lancashire Constabulary,-3.045329,53.828186,On or near Handsworth Road,E01012684,Blackpool 008E,Anti-social behaviour,,
,2019-02,Lancashire Constabulary,Lancashire Constabulary,-3.042875,53.829690,On or near Fairfield Road,E01012684,Blackpool 008E,Anti-social behaviour,,
,2019-02,Lancashire Constabulary,Lancashire Constabulary,-3.045999,53.828234,On or near Handsworth Court,E01012684,Blackpool 008E,Anti-social behaviour,,
,2019-02,Lancashire Constabulary,Lancashire Constabulary,-3.044363,53.829030,On or near Sutherland View,E01012684,Blackpool 008E,Anti-social behaviour,,
,2019-02,Lancashire Constabulary,Lancashire Constabulary,-3.045685,53.827823,On or near Grantham Road,E01012684,Blackpool 008E,Anti-social behaviour,,
,2019-02,Lancashire Constabulary,Lancashire Constabulary,-3.042875,53.829690,On or near Fairfield Road,E01012684,Blackpool 008E,Anti-social behaviour,,
,2019-02,Lancashire Constabulary,Lancashire Constabulary,-3.045607,53.828983,On or near Cromwell Road,E01012684,Blackpool 008E,Anti-social behaviour,,
,2019-02,Lancashire Constabulary,Lancashire Constabulary,-3.046263,53.829058,On or near Claremont Court,E01012684,Blackpool 008E,Anti-social behaviour,,
,2019-02,Lancashire Constabulary,Lancashire Constabulary,-3.045329,53.828186,On or near Handsworth Road,E01012684,Blackpool 008E,Anti-social behaviour,,
94fe8f13689a00c9e107cd479cf557b696381b6cde9391438a36654fb15fab98,2019-02,Lancashire Constabulary,Lancashire Constabulary,-3.045607,53.828983,On or near Cromwell Road,E01012684,Blackpool 008E,Criminal damage and arson,Status update unavailable,
6894b035e6b37f457c190f6a0dacbf9eb333239fbedb8fed153446a7a7985999,2019-02,Lancashire Constabulary,Lancashire Constabulary,-3.045329,53.828186,On or near Handsworth Road,E01012684,Blackpool 008E,Drugs,Formal action is not in the public interest,
fe5b6c13774708ae31395f8eab7651cac174f1535d570c7b9957afe5a31a5df5,2019-02,Lancashire Constabulary,Lancashire Constabulary,-3.043772,53.829089,On or near Stanhope Road,E01012684,Blackpool 008E,Other theft,Unable to prosecute suspect,
4755c8b0d080d50aed3e97868ce25426347a2367b7fbd2e1d5b80c97bc12c850,2019-02,Lancashire Constabulary,Lancashire Constabulary,-3.045607,53.828983,On or near Cromwell Road,E01012684,Blackpool 008E,Public order,Unable to prosecute suspect,
15cd46fd62f4965921632089567b684ec7e3791c4fe53cbabb086dc5f8498d24,2019-02,Lancashire Constabulary,Lancashire Constabulary,-3.047878,53.828056,On or near Woburn Road,E01012684,Blackpool 008E,Theft from the person,Unable to prosecute suspect,
c04ea20c3ddeb5b9909ab9e75191f6c53a3eba5a42568ea24e5a39abe381d499,2019-02,Lancashire Constabulary,Lancashire Constabulary,-3.044278,53.828698,On or near Hampstead Mews,E01012684,Blackpool 008E,Violence and sexual offences,Unable to prosecute suspect,
ab34039a0fecce02b30c5631b7c37ad392cc7299068c27461e5ec17f34a3dfc4,2019-02,Lancashire Constabulary,Lancashire Constabulary,-3.047878,53.828056,On or near Woburn Road,E01012684,Blackpool 008E,Violence and sexual offences,Unable to prosecute suspect,
5d622466ad481cbd64ef06d58d6046bfe599735c76b6d33262354e38c87c45ab,2019-02,Lancashire Constabulary,Lancashire Constabulary,-3.044278,53.828698,On or near Hampstead Mews,E01012684,Blackpool 008E,Violence and sexual offences,Unable to prosecute suspect,
94def7ba2632dd32e118071ffb7a6481fc9806962a3b76e223ea3d745f3e8f55,2019-02,Lancashire Constabulary,Lancashire Constabulary,-3.045607,53.828983,On or near Cromwell Road,E01012684,Blackpool 008E,Violence and sexual offences,Status update unavailable,
4d99c4ec13b05f3b28829133b052529ceceec8152660f590621c5b8e4f169eab,2019-02,Lancashire Constabulary,Lancashire Constabulary,-3.045607,53.828983,On or near Cromwell Road,E01012684,Blackpool 008E,Violence and sexual offences,Status update unavailable,
648d06732a03290af5923c4301d0942c830dc24ecee7c5daca9fdc6b9bfac289,2019-02,Lancashire Constabulary,Lancashire Constabulary,-3.041201,53.830217,On or near Fielding Road,E01012684,Blackpool 008E,Violence and sexual offences,Unable to prosecute suspect,
457a1be2761713fc349fd167411ac4f0e69e4e622019065c2418e82bc954b819,2019-02,Lancashire Constabulary,Lancashire Constabulary,-3.042875,53.829690,On or near Fairfield Road,E01012684,Blackpool 008E,Violence and sexual offences,Status update unavailable,
7eda088d22b5bd12a6d4696b7697847d9cbf0cfd1de337c46f3268dfe0c42481,2019-02,Lancashire Constabulary,Lancashire Constabulary,-3.043323,53.829399,On or near Avon Place,E01012684,Blackpool 008E,Violence and sexual offences,Status update unavailable,
8ab07f5e85486c95ec5e6fee547c9eee98d51555de194e7f94a48a01ab6295a4,2019-02,Lancashire Constabulary,Lancashire Constabulary,-3.042875,53.829690,On or near Fairfield Road,E01012684,Blackpool 008E,Violence and sexual offences,Further investigation is not in the public interest,
f7f4f3a51803d1aa8d6abba9a2cf3338155dd4717e678e542bb5f668a0329cf0,2019-02,Lancashire Constabulary,Lancashire Constabulary,-3.045329,53.828186,On or near Handsworth Road,E01012684,Blackpool 008E,Violence and sexual offences,Status update unavailable,
3fb565ce1b49b37a979d97fa0b5c1dde1e73e3be7c44becf0a1b27e81c37703b,2019-02,Lancashire Constabulary,Lancashire Constabulary,-3.047878,53.828056,On or near Woburn Road,E01012684,Blackpool 008E,Violence and sexual offences,Offender given community sentence,
d8e14e831082f6bebd6b3f6e4d6cecd1137c88620ba327f8eebddbc50ef3558d,2019-02,Lancashire Constabulary,Lancashire Constabulary,-3.044278,53.828698,On or near Hampstead Mews,E01012684,Blackpool 008E,Violence and sexual offences,Unable to prosecute suspect,
ab29ab3fe029513bdc4ec4bb7b40c96f27a7aa6d7dc328d7b71a81a2a6e327ff,2019-02,Lancashire Constabulary,Lancashire Constabulary,-3.041889,53.830382,On or near Rice Grove,E01012684,Blackpool 008E,Violence and sexual offences,Status update unavailable,
2ad3733a1a2d3c450bb95d47f0bfc7f7215b99cced2bd2db207a43ce4d579800,2019-02,Lancashire Constabulary,Lancashire Constabulary,-3.043323,53.829399,On or near Avon Place,E01012684,Blackpool 008E,Violence and sexual offences,Unable to prosecute suspect,
,2019-02,Lancashire Constabulary,Lancashire Constabulary,-3.032751,53.821463,On or near Moorfield Avenue,E01012676,Blackpool 009A,Anti-social behaviour,,
,2019-02,Lancashire Constabulary,Lancashire Constabulary,-3.032751,53.821463,On or near Moorfield Avenue,E01012676,Blackpool 009A,Anti-social behaviour,,
,2019-02,Lancashire Constabulary,Lancashire Constabulary,-3.029366,53.821582,On or near Fordway Avenue,E01012676,Blackpool 009A,Anti-social behaviour,,
,2019-02,Lancashire Constabulary,Lancashire Constabulary,-3.032751,53.821463,On or near Moorfield Avenue,E01012676,Blackpool 009A,Anti-social behaviour,,
,2019-02,Lancashire Constabulary,Lancashire Constabulary,-3.032470,53.820540,On or near Waterfoot Avenue,E01012676,Blackpool 009A,Anti-social behaviour,,
1606df26dc018041c4a56bb2767710feb84893f6583a48928cae56d93d782db8,2019-02,Lancashire Constabulary,Lancashire Constabulary,-3.035270,53.820147,On or near Dutton Road,E01012676,Blackpool 009A,Criminal damage and arson,Status update unavailable,
5f0b2baf5744c5a3522e4f470266ab2fc30187aa795d87b7ab7e615092221ca4,2019-02,Lancashire Constabulary,Lancashire Constabulary,-3.029765,53.822370,On or near Heathway Avenue,E01012676,Blackpool 009A,Criminal damage and arson,Status update unavailable,
f91445a21c9627ff0b42e1a1448286fb8e8bfc0c08b1ec502bd41becc203b87d,2019-02,Lancashire Constabulary,Lancashire Constabulary,-3.032922,53.822262,On or near Petrol Station,E01012676,Blackpool 009A,Other theft,Status update unavailable,
fa2df4f119304135d19e316a5e50425ec78e32df86d5a00c0dcfa98dbae5adcf,2019-02,Lancashire Constabulary,Lancashire Constabulary,-3.032922,53.822262,On or near Petrol Station,E01012676,Blackpool 009A,Public order,Status update unavailable,
5456137d0fcfc670d1cdf5a7305b454268b89a5a9682356306a81bf275fbc61a,2019-02,Lancashire Constabulary,Lancashire Constabulary,-3.035445,53.821054,On or near Wayman Road,E01012676,Blackpool 009A,Vehicle crime,Status update unavailable,
f31a21405206ac8e76048fa86a4816a6b3384e19b17c1ee4e6c5386753b01b9c,2019-02,Lancashire Constabulary,Lancashire Constabulary,-3.035270,53.820147,On or near Dutton Road,E01012676,Blackpool 009A,Violence and sexual offences,Formal action is not in the public interest,
9d8ea6e0f9729bd9a6a803367745070d8bbefb5770fd23c1f9d3b69e5781e5ef,2019-02,Lancashire Constabulary,Lancashire Constabulary,-3.030641,53.821518,On or near Birchway Avenue,E01012676,Blackpool 009A,Violence and sexual offences,Unable to prosecute suspect,
6b3f9d4d5e4a5865358ad12fde9bee37898d8ca4393ccdd2c2c98c0bca22f84f,2019-02,Lancashire Constabulary,Lancashire Constabulary,-3.032922,53.822262,On or near Petrol Station,E01012676,Blackpool 009A,Violence and sexual offences,Status update unavailable,
26d216e76510c859cae6775b93df924046258eab0cad6516063dafa49a22dc61,2019-02,Lancashire Constabulary,Lancashire Constabulary,-3.030641,53.821518,On or near Birchway Avenue,E01012676,Blackpool 009A,Violence and sexual offences,Defendant found not guilty,
3f2421501e63c5c550c85d5416d099fee311d5289abf8d05944097731e608d58,2019-02,Lancashire Constabulary,Lancashire Constabulary,-3.037747,53.817708,On or near Whitegate Drive,E01012677,Blackpool 009B,Burglary,Status update unavailable,
00da7edf2bd3df53e6199681b1644bf978e866df0436820162b254eb45089a4e,2019-02,Lancashire Constabulary,Lancashire Constabulary,-3.033726,53.817869,On or near Elm Avenue,E01012677,Blackpool 009B,Criminal damage and arson,Unable to prosecute suspect,
4abfd2189712e1d0a730a0ef46342f561fe1d31091aca12c3bc817797fd22494,2019-02,Lancashire Constabulary,Lancashire Constabulary,-3.032396,53.817530,On or near Beech Avenue,E01012677,Blackpool 009B,Drugs,Status update unavailable,
33e8e75c2b96337578433ca813a53184d081c547cf77dd6883bdedc41aa695fb,2019-02,Lancashire Constabulary,Lancashire Constabulary,-3.032396,53.817530,On or near Beech Avenue,E01012677,Blackpool 009B,Drugs,Status update unavailable,
01152b06a18ef6a252131be170f81d3d0fcfbafe0901029437618ed1082e6fdf,2019-02,Lancashire Constabulary,Lancashire Constabulary,-3.032396,53.817530,On or near Beech Avenue,E01012677,Blackpool 009B,Drugs,Status update unavailable,
659877fccbcbf6a74b867255ac3a10a2f7ccb9d49d0e7d764bc4bc7543c55cb3,2019-02,Lancashire Constabulary,Lancashire Constabulary,-3.037747,53.817708,On or near Whitegate Drive,E01012677,Blackpool 009B,Other theft,Status update unavailable,
c60f86dba8f2cf6d267ad38c37e74cadf12e11d0664963f59c836998eb136284,2019-02,Lancashire Constabulary,Lancashire Constabulary,-3.036129,53.817408,On or near Myrtle Avenue,E01012677,Blackpool 009B,Vehicle crime,Status update unavailable,
ba90d3514f548c2a52953470aac5bfe4b89818044d9273738ff9d08bb9873e05,2019-02,Lancashire Constabulary,Lancashire Constabulary,-3.035371,53.818070,On or near Bryan Road,E01012677,Blackpool 009B,Vehicle crime,Status update unavailable,
349951b0b8c1ccc56059728fd4685b60a6676233a46f9ed8bed1448aaa6a45a7,2019-02,Lancashire Constabulary,Lancashire Constabulary,-3.033456,53.816801,On or near Olive Grove,E01012677,Blackpool 009B,Vehicle crime,Status update unavailable,
3e0f5dc68771ded3f4027fa8f321b3a378e226d7ec0ac7023d6986d43e6e43a0,2019-02,Lancashire Constabulary,Lancashire Constabulary,-3.032396,53.817530,On or near Beech Avenue,E01012677,Blackpool 009B,Violence and sexual offences,Offender given a caution,
690dd8251841e3a851c3e5b502045c58a6f4a63e2cf286c094fe4cfb70a3ec49,2019-02,Lancashire Constabulary,Lancashire Constabulary,-3.032406,53.819165,On or near Newton Drive,E01012677,Blackpool 009B,Violence and sexual offences,Unable to prosecute suspect,
656ea917160962d214d5e7548aa0b912a9c5c5053c2055834d36497f14c71bbf,2019-02,Lancashire Constabulary,Lancashire Constabulary,-3.036439,53.818879,On or near Glenwood Street,E01012677,Blackpool 009B,Violence and sexual offences,Unable to prosecute suspect,
96f9a951a9c16efbf14d28d74da9894e900325facb3ba5c14d3beced5a5cf0cc,2019-02,Lancashire Constabulary,Lancashire Constabulary,-3.031799,53.821076,On or near Bailey Court,E01012677,Blackpool 009B,Violence and sexual offences,Unable to prosecute suspect,
b9b5bdb8b668232a4fba50ba72209d77a811ae72b704d46c395b13d7e35a3dd0,2019-02,Lancashire Constabulary,Lancashire Constabulary,-3.032406,53.819165,On or near Newton Drive,E01012677,Blackpool 009B,Violence and sexual offences,Unable to prosecute suspect,
,2019-02,Lancashire Constabulary,Lancashire Constabulary,-3.031597,53.823963,On or near Camden Road,E01012708,Blackpool 009C,Anti-social behaviour,,
cd6cd962c984f404b3514a277c68606ae8f1547edae4c9a1c69beb42d01790a0,2019-02,Lancashire Constabulary,Lancashire Constabulary,-3.031711,53.824879,On or near Brierley Avenue,E01012708,Blackpool 009C,Burglary,Status update unavailable,
6f4fdf5465928a318f7d3e2234830158487bab75fd092266eaa7a58ebe3b5779,2019-02,Lancashire Constabulary,Lancashire Constabulary,-3.031997,53.823555,On or near Clover Mews,E01012708,Blackpool 009C,Vehicle crime,Status update unavailable,
1ba19cf63dfddce0eca5480c6cb26ef3aeafa2ee0074c173a35cc6f29f42779d,2019-02,Lancashire Constabulary,Lancashire Constabulary,-3.024910,53.823850,On or near Blairway Avenue,E01012708,Blackpool 009C,Violence and sexual offences,Status update unavailable,
6c58807144e980f39c7238d0392ceb2a22f81eb4d49109740ff0aad3a6be44e5,2019-02,Lancashire Constabulary,Lancashire Constabulary,-3.031599,53.823433,On or near Beetham Place,E01012708,Blackpool 009C,Violence and sexual offences,Status update unavailable,
,2019-02,Lancashire Constabulary,Lancashire Constabulary,-3.032574,53.826022,On or near Layton Road,E01012709,Blackpool 009D,Anti-social behaviour,,
,2019-02,Lancashire Constabulary,Lancashire Constabulary,-3.034468,53.826428,On or near Whittaker Avenue,E01012709,Blackpool 009D,Anti-social behaviour,,
,2019-02,Lancashire Constabulary,Lancashire Constabulary,-3.028860,53.828831,On or near Lyncroft Crescent,E01012709,Blackpool 009D,Anti-social behaviour,,
,2019-02,Lancashire Constabulary,Lancashire Constabulary,-3.031566,53.827019,On or near Supermarket,E01012709,Blackpool 009D,Anti-social behaviour,,
2a02c3e3ff383ad7778e2d68873c8b4fb8042e583ec152f97f3a09065e382ce2,2019-02,Lancashire Constabulary,Lancashire Constabulary,-3.029923,53.828166,On or near William Street,E01012709,Blackpool 009D,Criminal damage and arson,Status update unavailable,
bf63c1c7a781427da5d6a35b1f2cdcb9c6f416c4d418f2fc19aac5596e9dce6a,2019-02,Lancashire Constabulary,Lancashire Constabulary,-3.030730,53.825768,On or near Larbreck Road,E01012709,Blackpool 009D,Other theft,Status update unavailable,
29e25957941d0863f724b8ef42345b59d28c87c256d9b1d58905f003b75130d7,2019-02,Lancashire Constabulary,Lancashire Constabulary,-3.030497,53.826211,On or near Drummond Avenue,E01012709,Blackpool 009D,Other theft,Status update unavailable,
e3ffc03e5b68b6475ad2604a15802591837018c6e23970b75d1a4348fedf9155,2019-02,Lancashire Constabulary,Lancashire Constabulary,-3.031566,53.827019,On or near Supermarket,E01012709,Blackpool 009D,Public order,Awaiting court outcome,
97c57fb6f4bb87868a513dd925719362f1bf3e8bbc5aafc7d8bf71791dbee552,2019-02,Lancashire Constabulary,Lancashire Constabulary,-3.030497,53.826211,On or near Drummond Avenue,E01012709,Blackpool 009D,Violence and sexual offences,Unable to prosecute suspect,
3946ae3d026e859144e63100d07e1d194ce79aa221de09dd3a6238b1e17d063b,2019-02,Lancashire Constabulary,Lancashire Constabulary,-3.029923,53.828166,On or near William Street,E01012709,Blackpool 009D,Violence and sexual offences,Status update unavailable,
52e68f367db13392de8ebf7e2cfc90192c72e37e32bea4e73a7df7de6ff908d6,2019-02,Lancashire Constabulary,Lancashire Constabulary,-3.030497,53.826211,On or near Drummond Avenue,E01012709,Blackpool 009D,Violence and sexual offences,Unable to prosecute suspect,
843cecaae180ba70f64d4af9287e62b7da58696af82bb58fd848555aeea75ed9,2019-02,Lancashire Constabulary,Lancashire Constabulary,-3.028860,53.828831,On or near Lyncroft Crescent,E01012709,Blackpool 009D,Violence and sexual offences,Status update unavailable,
0e857a711ea7f1f9a108a0393f0e5c78ff1edbd4a10ab05f2bf420af3686a841,2019-02,Lancashire Constabulary,Lancashire Constabulary,-3.028860,53.828831,On or near Lyncroft Crescent,E01012709,Blackpool 009D,Violence and sexual offences,Status update unavailable,
11c2c77af6f592f18b428249e48db54e0a3e1b6827c6159e894d27ff0b12c1b8,2019-02,Lancashire Constabulary,Lancashire Constabulary,-3.034132,53.826988,On or near Talbot Road,E01012709,Blackpool 009D,Violence and sexual offences,Status update unavailable,
bf4cc12bbffe5c0c610b42fa623cb9e206d454ddbfdd52665c09b9e18e528652,2019-02,Lancashire Constabulary,Lancashire Constabulary,-3.034132,53.826988,On or near Talbot Road,E01012709,Blackpool 009D,Violence and sexual offences,Status update unavailable,
2e1e3943409f4dd816560e09199c1775899d91f3ae1bf6fc17b3b0c772d6dea1,2019-02,Lancashire Constabulary,Lancashire Constabulary,-3.031566,53.827019,On or near Supermarket,E01012709,Blackpool 009D,Violence and sexual offences,Status update unavailable,
1945e7ffd97a9a8e4e8803d06e42fb8787a8c8ec62482a7b5868bba5fce72467,2019-02,Lancashire Constabulary,Lancashire Constabulary,-3.029947,53.828561,On or near Huntley Avenue,E01012709,Blackpool 009D,Violence and sexual offences,Unable to prosecute suspect,
,2019-02,Lancashire Constabulary,Lancashire Constabulary,-3.022229,53.826066,On or near St Louis Avenue,E01012710,Blackpool 009E,Anti-social behaviour,,
ed19183e1545b4562fb97c9c9622e2d6852fad5aef78cbde21358e8019f2a2fe,2019-02,Lancashire Constabulary,Lancashire Constabulary,-3.022229,53.826066,On or near St Louis Avenue,E01012710,Blackpool 009E,Public order,Status update unavailable,
971c64c2b5febd907872fe8e832d7a1be07d9c6cf2a1100ee8df65c7b1a3015c,2019-02,Lancashire Constabulary,Lancashire Constabulary,-3.021365,53.824914,On or near Bingley Avenue,E01012710,Blackpool 009E,Vehicle crime,Status update unavailable,
a249a0cc3c9dbacaf605fc3b362f5028b688afb1a0e1b96f40ec242bba4b3164,2019-02,Lancashire Constabulary,Lancashire Constabulary,-3.021365,53.824914,On or near Bingley Avenue,E01012710,Blackpool 009E,Vehicle crime,Status update unavailable,
,2019-02,Lancashire Constabulary,Lancashire Constabulary,-3.016279,53.820660,On or near Hospital,E01012722,Blackpool 009F,Anti-social behaviour,,
,2019-02,Lancashire Constabulary,Lancashire Constabulary,-3.017542,53.823238,On or near Newton Drive,E01012722,Blackpool 009F,Anti-social behaviour,,
,2019-02,Lancashire Constabulary,Lancashire Constabulary,-3.016279,53.820660,On or near Hospital,E01012722,Blackpool 009F,Anti-social behaviour,,
,2019-02,Lancashire Constabulary,Lancashire Constabulary,-3.016279,53.820660,On or near Hospital,E01012722,Blackpool 009F,Anti-social behaviour,,
,2019-02,Lancashire Constabulary,Lancashire Constabulary,-3.010480,53.823954,On or near Teal Court,E01012722,Blackpool 009F,Anti-social behaviour,,
,2019-02,Lancashire Constabulary,Lancashire Constabulary,-3.014153,53.825074,On or near Newton Drive,E01012722,Blackpool 009F,Anti-social behaviour,,
,2019-02,Lancashire Constabulary,Lancashire Constabulary,-3.014104,53.822423,On or near Burwood Drive,E01012722,Blackpool 009F,Anti-social behaviour,,
,2019-02,Lancashire Constabulary,Lancashire Constabulary,-3.015944,53.821859,On or near Parking Area,E01012722,Blackpool 009F,Anti-social behaviour,,
,2019-02,Lancashire Constabulary,Lancashire Constabulary,-3.016279,53.820660,On or near Hospital,E01012722,Blackpool 009F,Anti-social behaviour,,
,2019-02,Lancashire Constabulary,Lancashire Constabulary,-3.016279,53.820660,On or near Hospital,E01012722,Blackpool 009F,Anti-social behaviour,,
,2019-02,Lancashire Constabulary,Lancashire Constabulary,-3.019585,53.826052,On or near Hospital,E01012722,Blackpool 009F,Anti-social behaviour,,
,2019-02,Lancashire Constabulary,Lancashire Constabulary,-3.019585,53.826052,On or near Hospital,E01012722,Blackpool 009F,Anti-social behaviour,,
9443ad5f43e6a4d9b3decb67802bab23901874c2b2ffe0d0b79845a973fe2633,2019-02,Lancashire Constabulary,Lancashire Constabulary,-3.016279,53.820660,On or near Hospital,E01012722,Blackpool 009F,Bicycle theft,Status update unavailable,
43a5b03822234ada645cb011a266a0ba469192be577fdf4cf5574ce9034aafd3,2019-02,Lancashire Constabulary,Lancashire Constabulary,-3.016279,53.820660,On or near Hospital,E01012722,Blackpool 009F,Bicycle theft,Status update unavailable,
a060c8557d7e5569d769599ea59a002a8373f8230a50ab181886737ccaba1de0,2019-02,Lancashire Constabulary,Lancashire Constabulary,-3.016279,53.820660,On or near Hospital,E01012722,Blackpool 009F,Bicycle theft,Status update unavailable,
d0073735d5bfb81943a59ea94f0011d3afece329d8e9a6f752327cab66a53509,2019-02,Lancashire Constabulary,Lancashire Constabulary,-3.014173,53.821478,On or near Whinney Heys Road,E01012722,Blackpool 009F,Other theft,Status update unavailable,
6af5c4655674466b663589bed7c686874befd5218a3fdddf362ff6124f441809,2019-02,Lancashire Constabulary,Lancashire Constabulary,-3.016279,53.820660,On or near Hospital,E01012722,Blackpool 009F,Other theft,Status update unavailable,
8b7e04dfb2e46d8492b4054664bb3fcb7ca52f27fe35afe5956500004673b167,2019-02,Lancashire Constabulary,Lancashire Constabulary,-3.016279,53.820660,On or near Hospital,E01012722,Blackpool 009F,Other theft,Status update unavailable,
887fc51a611804985779f534d217b6cd0431d7b11033b5099301ac268e774fed,2019-02,Lancashire Constabulary,Lancashire Constabulary,-3.016279,53.820660,On or near Hospital,E01012722,Blackpool 009F,Other theft,Unable to prosecute suspect,
bc572d0de86fcd468f05ec8c4a60840fea8ce0fdd9e4e96396e2cb77d4fd0ace,2019-02,Lancashire Constabulary,Lancashire Constabulary,-3.016279,53.820660,On or near Hospital,E01012722,Blackpool 009F,Other theft,Status update unavailable,
ca570282dab9090292742dcb4c6fabb991492980346b8510f6d877f1b4d1bef6,2019-02,Lancashire Constabulary,Lancashire Constabulary,-3.019585,53.826052,On or near Hospital,E01012722,Blackpool 009F,Possession of weapons,Awaiting court outcome,
e115496202d62da46758c86b3ee6b2ea6ee40c7d61752bdada233a206df66bd8,2019-02,Lancashire Constabulary,Lancashire Constabulary,-3.016279,53.820660,On or near Hospital,E01012722,Blackpool 009F,Possession of weapons,Awaiting court outcome,
e726c7e8b4260d3bf33ec0dcb64f6433e1ad5ad09bc524d578e14c2d59a1b023,2019-02,Lancashire Constabulary,Lancashire Constabulary,-3.016279,53.820660,On or near Hospital,E01012722,Blackpool 009F,Public order,Status update unavailable,
9e0ef02f3c66ea0ac61c88227077632c4f0a577a85d2963c812ba082bc67f19d,2019-02,Lancashire Constabulary,Lancashire Constabulary,-3.016279,53.820660,On or near Hospital,E01012722,Blackpool 009F,Public order,Unable to prosecute suspect,
b249ef0f46cd405b8eff92a04f54db5e6c5af139bb5c26133a174707cdfe165f,2019-02,Lancashire Constabulary,Lancashire Constabulary,-3.019585,53.826052,On or near Hospital,E01012722,Blackpool 009F,Public order,Status update unavailable,
a5187718317714b266bf5c27bd86a6897fa1e4aff521ddadd2700a1e4464f09b,2019-02,Lancashire Constabulary,Lancashire Constabulary,-3.016279,53.820660,On or near Hospital,E01012722,Blackpool 009F,Vehicle crime,Status update unavailable,
f5386fbddea0eb9370f2ea8f97721eee3e8a7ab7b4e19291d5da1643d7f33ba3,2019-02,Lancashire Constabulary,Lancashire Constabulary,-3.014153,53.825074,On or near Newton Drive,E01012722,Blackpool 009F,Violence and sexual offences,Status update unavailable,
d4d59f253c2c329625fdee22a9179b63b59e8be7e92ef5b1220f273ee3b367d6,2019-02,Lancashire Constabulary,Lancashire Constabulary,-3.016279,53.820660,On or near Hospital,E01012722,Blackpool 009F,Violence and sexual offences,Status update unavailable,
956d853679f84f69585e9dcf063351585b17439548768d55ab450b9fcedc92fd,2019-02,Lancashire Constabulary,Lancashire Constabulary,-3.011665,53.824573,On or near Bideford Avenue,E01012722,Blackpool 009F,Violence and sexual offences,Unable to prosecute suspect,
d5b6c842e565a04b14d0fffde79b00c7928ffc058896815356a9189d333fa559,2019-02,Lancashire Constabulary,Lancashire Constabulary,-3.017542,53.823238,On or near Newton Drive,E01012722,Blackpool 009F,Violence and sexual offences,Status update unavailable,
e463e2d8d5ca170b41379323f74dd969d98558e220db7edb234639f36e7966fb,2019-02,Lancashire Constabulary,Lancashire Constabulary,-3.016279,53.820660,On or near Hospital,E01012722,Blackpool 009F,Violence and sexual offences,Status update unavailable,
dc12d7e2b9f6ca4bb141100c748cad9327a2a8da3dfe6a4238f7a4ab54023fd3,2019-02,Lancashire Constabulary,Lancashire Constabulary,-3.016279,53.820660,On or near Hospital,E01012722,Blackpool 009F,Violence and sexual offences,Unable to prosecute suspect,
80f0242a176b12510e0357e204eb828a3d77ce3a64f453dbfccf4bb8f03406df,2019-02,Lancashire Constabulary,Lancashire Constabulary,-3.016279,53.820660,On or near Hospital,E01012722,Blackpool 009F,Violence and sexual offences,Status update unavailable,
f1379032a3ac1867b8bb424fbfd59d95eec54e476dbd7f8c6cb41c071cb331d3,2019-02,Lancashire Constabulary,Lancashire Constabulary,-3.016279,53.820660,On or near Hospital,E01012722,Blackpool 009F,Violence and sexual offences,Status update unavailable,
5da2f3b5baa21b08f7cb0e69f5dff934f5e8699fb99f26e3709696d0e8f6eba7,2019-02,Lancashire Constabulary,Lancashire Constabulary,-3.014153,53.825074,On or near Newton Drive,E01012722,Blackpool 009F,Violence and sexual offences,Further investigation is not in the public interest,
25cba0b4586106aa0184432a53a5cb6c41bbe72976d2fa235be717814290b1e4,2019-02,Lancashire Constabulary,Lancashire Constabulary,-3.016279,53.820660,On or near Hospital,E01012722,Blackpool 009F,Violence and sexual offences,Unable to prosecute suspect,
,2019-02,Lancashire Constabulary,Lancashire Constabulary,-3.054947,53.810080,On or near Foxhall Road,E01012673,Blackpool 010A,Anti-social behaviour,,
,2019-02,Lancashire Constabulary,Lancashire Constabulary,-3.045858,53.809755,On or near Supermarket,E01012673,Blackpool 010A,Anti-social behaviour,,
,2019-02,Lancashire Constabulary,Lancashire Constabulary,-3.047546,53.810468,On or near Central Drive,E01012673,Blackpool 010A,Anti-social behaviour,,
,2019-02,Lancashire Constabulary,Lancashire Constabulary,-3.046860,53.808542,On or near Salthouse Avenue,E01012673,Blackpool 010A,Anti-social behaviour,,
,2019-02,Lancashire Constabulary,Lancashire Constabulary,-3.046860,53.808542,On or near Salthouse Avenue,E01012673,Blackpool 010A,Anti-social behaviour,,
,2019-02,Lancashire Constabulary,Lancashire Constabulary,-3.046507,53.811457,On or near Belmont Avenue,E01012673,Blackpool 010A,Anti-social behaviour,,
,2019-02,Lancashire Constabulary,Lancashire Constabulary,-3.046860,53.808542,On or near Salthouse Avenue,E01012673,Blackpool 010A,Anti-social behaviour,,
,2019-02,Lancashire Constabulary,Lancashire Constabulary,-3.047526,53.812086,On or near Livingstone Road,E01012673,Blackpool 010A,Anti-social behaviour,,
,2019-02,Lancashire Constabulary,Lancashire Constabulary,-3.045858,53.809755,On or near Supermarket,E01012673,Blackpool 010A,Anti-social behaviour,,
,2019-02,Lancashire Constabulary,Lancashire Constabulary,-3.050234,53.809869,On or near Middle Street,E01012673,Blackpool 010A,Anti-social behaviour,,
,2019-02,Lancashire Constabulary,Lancashire Constabulary,-3.055093,53.809845,On or near Shopping Area,E01012673,Blackpool 010A,Anti-social behaviour,,
,2019-02,Lancashire Constabulary,Lancashire Constabulary,-3.050234,53.809869,On or near Middle Street,E01012673,Blackpool 010A,Anti-social behaviour,,
,2019-02,Lancashire Constabulary,Lancashire Constabulary,-3.047009,53.809637,On or near Chadwick Street,E01012673,Blackpool 010A,Anti-social behaviour,,
,2019-02,Lancashire Constabulary,Lancashire Constabulary,-3.047009,53.809637,On or near Chadwick Street,E01012673,Blackpool 010A,Anti-social behaviour,,
,2019-02,Lancashire Constabulary,Lancashire Constabulary,-3.047526,53.812086,On or near Livingstone Road,E01012673,Blackpool 010A,Anti-social behaviour,,
,2019-02,Lancashire Constabulary,Lancashire Constabulary,-3.047526,53.812086,On or near Livingstone Road,E01012673,Blackpool 010A,Anti-social behaviour,,
,2019-02,Lancashire Constabulary,Lancashire Constabulary,-3.047546,53.810468,On or near Central Drive,E01012673,Blackpool 010A,Anti-social behaviour,,
,2019-02,Lancashire Constabulary,Lancashire Constabulary,-3.055093,53.809845,On or near Shopping Area,E01012673,Blackpool 010A,Anti-social behaviour,,
,2019-02,Lancashire Constabulary,Lancashire Constabulary,-3.049416,53.811162,On or near Parking Area,E01012673,Blackpool 010A,Anti-social behaviour,,
65a57b8f2b0c11d134898e06788b53f8ca00910fdbf9b551c48587b89499e7be,2019-02,Lancashire Constabulary,Lancashire Constabulary,-3.046860,53.808542,On or near Salthouse Avenue,E01012673,Blackpool 010A,Bicycle theft,Status update unavailable,
a8c55904d1deaed1f81f95d20d9131d756f6584fb30e73b274ffbd1fde3964ca,2019-02,Lancashire Constabulary,Lancashire Constabulary,-3.045858,53.809755,On or near Supermarket,E01012673,Blackpool 010A,Burglary,Status update unavailable,
ccac7dc5115aa142b6e45fb6c8fbb97adc9e09a186894153f4e0016703db1c51,2019-02,Lancashire Constabulary,Lancashire Constabulary,-3.049751,53.811177,On or near Bethesda Road,E01012673,Blackpool 010A,Burglary,Status update unavailable,
1d2e56a92b81d0ff68c9cced1a7a18dddfd518c9927ee09b617d9b5c481c2525,2019-02,Lancashire Constabulary,Lancashire Constabulary,-3.049416,53.811162,On or near Parking Area,E01012673,Blackpool 010A,Criminal damage and arson,Status update unavailable,
cd672f7694b0d456e0739581df4e9458838bb908663966e7a21fd42247e98fac,2019-02,Lancashire Constabulary,Lancashire Constabulary,-3.050843,53.809316,On or near Princess Street,E01012673,Blackpool 010A,Other theft,Unable to prosecute suspect,
64afabb57055eeab11fc8b85b6ba87d657bd3a57fa651fa883b696207bd0e8c6,2019-02,Lancashire Constabulary,Lancashire Constabulary,-3.054947,53.810080,On or near Foxhall Road,E01012673,Blackpool 010A,Public order,Status update unavailable,
85fc89ca4a118b7b21799f78cc374f120f70a04b61be83b83164fc89fa84ff46,2019-02,Lancashire Constabulary,Lancashire Constabulary,-3.053132,53.810959,On or near Pier Street,E01012673,Blackpool 010A,Public order,Unable to prosecute suspect,
8aa414b0e9bf7be39866b6491b92be4835070e91bbfcdb9d2cffa5f3c6c4ef14,2019-02,Lancashire Constabulary,Lancashire Constabulary,-3.050234,53.809869,On or near Middle Street,E01012673,Blackpool 010A,Public order,Further investigation is not in the public interest,
9d6263df6e309f70b0ce9b1a78de3a42daff4790d3f103d6e4569792e0cb17d3,2019-02,Lancashire Constabulary,Lancashire Constabulary,-3.045858,53.809755,On or near Supermarket,E01012673,Blackpool 010A,Shoplifting,Status update unavailable,
30de6a868bc940d4826300f2b31637081aa4c7bda1ca4d35f6c2b4517bcb5a7a,2019-02,Lancashire Constabulary,Lancashire Constabulary,-3.045858,53.809755,On or near Supermarket,E01012673,Blackpool 010A,Shoplifting,Status update unavailable,
182273bd83e47a3bbb65c5c9062287431b5fba5b8cccc81f97113bb03a77b490,2019-02,Lancashire Constabulary,Lancashire Constabulary,-3.045858,53.809755,On or near Supermarket,E01012673,Blackpool 010A,Shoplifting,Status update unavailable,
b0270e2f97c8d322d62e3dca276921888c195bbb8c487ed0d24e1c0f716a08ba,2019-02,Lancashire Constabulary,Lancashire Constabulary,-3.045858,53.809755,On or near Supermarket,E01012673,Blackpool 010A,Shoplifting,Status update unavailable,
8ba8a15abdaecb057a905029e497c02646286bac186cc610e816a3ee761674b3,2019-02,Lancashire Constabulary,Lancashire Constabulary,-3.045858,53.809755,On or near Supermarket,E01012673,Blackpool 010A,Shoplifting,Status update unavailable,
1d0661557941c67bf64d2dc3a32e23ea999c6aefd048c2272590d71173dbb496,2019-02,Lancashire Constabulary,Lancashire Constabulary,-3.045858,53.809755,On or near Supermarket,E01012673,Blackpool 010A,Shoplifting,Status update unavailable,
e0bfe281db2fa957adc681bbd4200d587e0532f96309392b23198d1899e18a92,2019-02,Lancashire Constabulary,Lancashire Constabulary,-3.045858,53.809755,On or near Supermarket,E01012673,Blackpool 010A,Shoplifting,Status update unavailable,
33a70b9a0b631cc3402b45f10fb78572b06c45e10e56197523e2ea8d0c55fb9f,2019-02,Lancashire Constabulary,Lancashire Constabulary,-3.045858,53.809755,On or near Supermarket,E01012673,Blackpool 010A,Shoplifting,Status update unavailable,
0d60b2815d250687b8746dc3069319443027064a031d24bea9c9807b862f62fd,2019-02,Lancashire Constabulary,Lancashire Constabulary,-3.045858,53.809755,On or near Supermarket,E01012673,Blackpool 010A,Shoplifting,Status update unavailable,
6accec0256b72a9be9025e483259401fafbe8dd11fc3198c187c4e81c05d30dc,2019-02,Lancashire Constabulary,Lancashire Constabulary,-3.045858,53.809755,On or near Supermarket,E01012673,Blackpool 010A,Shoplifting,Status update unavailable,
648c055210d8357fd031a376264cc6a53f9062e97ad9fe0dc51b85cf5455fe79,2019-02,Lancashire Constabulary,Lancashire Constabulary,-3.046860,53.808542,On or near Salthouse Avenue,E01012673,Blackpool 010A,Shoplifting,Status update unavailable,
d59f529a12a652ddfaf73c7612ebcfcc090067015a29d65d3cd5b31e87bc5846,2019-02,Lancashire Constabulary,Lancashire Constabulary,-3.045858,53.809755,On or near Supermarket,E01012673,Blackpool 010A,Shoplifting,Status update unavailable,
0e39add5f7486819b1a726aa201676844afcb8d0d8f03fe9f246137dbd4479df,2019-02,Lancashire Constabulary,Lancashire Constabulary,-3.047546,53.810468,On or near Central Drive,E01012673,Blackpool 010A,Violence and sexual offences,Further investigation is not in the public interest,
496e462a7fb3024bf8de6ef5d030ce00cb4d7f3aded98909a625d26aa0317efd,2019-02,Lancashire Constabulary,Lancashire Constabulary,-3.047526,53.812086,On or near Livingstone Road,E01012673,Blackpool 010A,Violence and sexual offences,Unable to prosecute suspect,
59cd7ccb4b19c8ecbc5f5952f71481233e477b184555b5200cef994de5f0534e,2019-02,Lancashire Constabulary,Lancashire Constabulary,-3.046860,53.808542,On or near Salthouse Avenue,E01012673,Blackpool 010A,Violence and sexual offences,Status update unavailable,
6585e8bc17e1feb4a4bc266f0df53d17e4af643bc7a0c0c16d9664bb7757f358,2019-02,Lancashire Constabulary,Lancashire Constabulary,-3.044958,53.812046,On or near Sutton Place,E01012673,Blackpool 010A,Violence and sexual offences,Further investigation is not in the public interest,
6586b3c8c039d6fe4016ec3fb9e9d34e238be9c4f79efb61045716d64a317475,2019-02,Lancashire Constabulary,Lancashire Constabulary,-3.050234,53.809869,On or near Middle Street,E01012673,Blackpool 010A,Violence and sexual offences,Offender given community sentence,
bc62f7e3e5a93f2c965bd875c63534cc9d01137a7b5ea0a2f5ed9dc2dcb752f2,2019-02,Lancashire Constabulary,Lancashire Constabulary,-3.044958,53.812046,On or near Sutton Place,E01012673,Blackpool 010A,Violence and sexual offences,Status update unavailable,
d1f11a4b175674740292b49cf461fa165f7f2f9437e3adc13527651f38166b86,2019-02,Lancashire Constabulary,Lancashire Constabulary,-3.044958,53.812046,On or near Sutton Place,E01012673,Blackpool 010A,Violence and sexual offences,Formal action is not in the public interest,
af9f338782905c921749db3bdf2efed2e45527043500f2158bc8e6fb82738d57,2019-02,Lancashire Constabulary,Lancashire Constabulary,-3.046860,53.808542,On or near Salthouse Avenue,E01012673,Blackpool 010A,Violence and sexual offences,Unable to prosecute suspect,
cd96bf52b39129daef805b1caafbad782ed6c8c3348746437e50105db7c4c027,2019-02,Lancashire Constabulary,Lancashire Constabulary,-3.050843,53.809316,On or near Princess Street,E01012673,Blackpool 010A,Violence and sexual offences,Offender given a caution,
5f9a09409d4fc43d05a299be972180c476b1fdc4951c70d20af2fa3b97b6c9bc,2019-02,Lancashire Constabulary,Lancashire Constabulary,-3.048651,53.811537,On or near Supermarket,E01012673,Blackpool 010A,Violence and sexual offences,Status update unavailable,
c96e86f07478e98698988cf3a931f8a515e0dabf4a2c0366c78853b5a58e4aff,2019-02,Lancashire Constabulary,Lancashire Constabulary,-3.053132,53.810959,On or near Pier Street,E01012673,Blackpool 010A,Violence and sexual offences,Status update unavailable,
9098d6f0dc85381fd7f9d032072be6b69a8457cb5764912f893e78bc69b11008,2019-02,Lancashire Constabulary,Lancashire Constabulary,-3.044958,53.812046,On or near Sutton Place,E01012673,Blackpool 010A,Violence and sexual offences,Unable to prosecute suspect,
a5916a1687581f708030f722c5fc7399f2259a43ee835d9f1c951d2cae2dc4e6,2019-02,Lancashire Constabulary,Lancashire Constabulary,-3.044958,53.812046,On or near Sutton Place,E01012673,Blackpool 010A,Other crime,Status update unavailable,
,2019-02,Lancashire Constabulary,Lancashire Constabulary,-3.039990,53.819343,On or near Cambridge Road,E01012675,Blackpool 010B,Anti-social behaviour,,
,2019-02,Lancashire Constabulary,Lancashire Constabulary,-3.040838,53.819245,On or near Durham Road,E01012675,Blackpool 010B,Anti-social behaviour,,
,2019-02,Lancashire Constabulary,Lancashire Constabulary,-3.039990,53.819343,On or near Cambridge Road,E01012675,Blackpool 010B,Anti-social behaviour,,
,2019-02,Lancashire Constabulary,Lancashire Constabulary,-3.039990,53.819343,On or near Cambridge Road,E01012675,Blackpool 010B,Anti-social behaviour,,
,2019-02,Lancashire Constabulary,Lancashire Constabulary,-3.039990,53.819343,On or near Cambridge Road,E01012675,Blackpool 010B,Anti-social behaviour,,
,2019-02,Lancashire Constabulary,Lancashire Constabulary,-3.042814,53.819300,On or near Danesbury Place,E01012675,Blackpool 010B,Anti-social behaviour,,
,2019-02,Lancashire Constabulary,Lancashire Constabulary,-3.039990,53.819343,On or near Cambridge Road,E01012675,Blackpool 010B,Anti-social behaviour,,
,2019-02,Lancashire Constabulary,Lancashire Constabulary,-3.039142,53.819458,On or near Oxford Road,E01012675,Blackpool 010B,Anti-social behaviour,,
,2019-02,Lancashire Constabulary,Lancashire Constabulary,-3.038603,53.821611,On or near Devonshire Road,E01012675,Blackpool 010B,Anti-social behaviour,,
8b872889eda1477baad2fcc1de85747b2cd85cbca61d310f19624a83b6ec3e6a,2019-02,Lancashire Constabulary,Lancashire Constabulary,-3.039142,53.819458,On or near Oxford Road,E01012675,Blackpool 010B,Burglary,Status update unavailable,
796d45d47ae8ddcab7bd876bce4d872818540dbe773717047839ad8721317103,2019-02,Lancashire Constabulary,Lancashire Constabulary,-3.042036,53.819154,On or near Elizabeth Street,E01012675,Blackpool 010B,Burglary,Status update unavailable,
2849443f66989d870f76eba54d28722ef3ffe317a801f43f18f5d68773b2e93f,2019-02,Lancashire Constabulary,Lancashire Constabulary,-3.042814,53.819300,On or near Danesbury Place,E01012675,Blackpool 010B,Drugs,Unable to prosecute suspect,
504e74f563f7bc8f590eee07022ae211deddf785948a1c6a31de220012033db6,2019-02,Lancashire Constabulary,Lancashire Constabulary,-3.037453,53.820551,On or near Manchester Road,E01012675,Blackpool 010B,Other theft,Status update unavailable,
fc8853a24413b2b9b13412a8399fb9823132ab2d3ce7c9298a56b7f7ef55e159,2019-02,Lancashire Constabulary,Lancashire Constabulary,-3.040276,53.822908,On or near Coleridge Road,E01012675,Blackpool 010B,Other theft,Unable to prosecute suspect,
69d12c9d9eb91dfe0d1eeaa826972a6c76a180fbbd4f2bdea1455fb68c601185,2019-02,Lancashire Constabulary,Lancashire Constabulary,-3.039990,53.819343,On or near Cambridge Road,E01012675,Blackpool 010B,Other theft,Status update unavailable,
1d492a94a57890989919ba8bdafe6888a7d8af91d41794000abe35ed1932498d,2019-02,Lancashire Constabulary,Lancashire Constabulary,-3.039990,53.819343,On or near Cambridge Road,E01012675,Blackpool 010B,Public order,Status update unavailable,
a88773312975af0a92f0f96fbc0b48d76f33318710ba361299707717df02b8db,2019-02,Lancashire Constabulary,Lancashire Constabulary,-3.040674,53.820595,On or near Peter Street,E01012675,Blackpool 010B,Public order,Status update unavailable,
afe0217fff32db945d48344371d3022cf94b1d93d61813d72d1c7cec3b119e88,2019-02,Lancashire Constabulary,Lancashire Constabulary,-3.040276,53.822908,On or near Coleridge Road,E01012675,Blackpool 010B,Public order,Further investigation is not in the public interest,
fec4d04db8b931e5cee35f376d7203336d69549268c6bcf87420d0269f1c05f1,2019-02,Lancashire Constabulary,Lancashire Constabulary,-3.040838,53.819245,On or near Durham Road,E01012675,Blackpool 010B,Public order,Local resolution,
3cf7751df1103f7c81b69b9adeb5b4659f2e1f9676f5b2cdb2bd0896bf498a53,2019-02,Lancashire Constabulary,Lancashire Constabulary,-3.040838,53.819245,On or near Durham Road,E01012675,Blackpool 010B,Vehicle crime,Status update unavailable,
cf45462b88022b77ec1affe1f66b04a42e6a30f0d6819ee5068f54eb6bbb7e07,2019-02,Lancashire Constabulary,Lancashire Constabulary,-3.040872,53.822436,On or near Selbourne Road,E01012675,Blackpool 010B,Violence and sexual offences,Unable to prosecute suspect,
c1be90e58ba190cc1be8e00c2821fecb2844d3cecb0035687d220d8fdb278e93,2019-02,Lancashire Constabulary,Lancashire Constabulary,-3.040674,53.820595,On or near Peter Street,E01012675,Blackpool 010B,Violence and sexual offences,Status update unavailable,
ca824fe1e5eb2043cfe0951bdc7892425575c9cb45202789bf8e1ab0ad8bb245,2019-02,Lancashire Constabulary,Lancashire Constabulary,-3.039990,53.819343,On or near Cambridge Road,E01012675,Blackpool 010B,Violence and sexual offences,Status update unavailable,
6d778c78bf62a0489de6d5dba55a558d69bde05e993a5bd89cfb249dbb50a253,2019-02,Lancashire Constabulary,Lancashire Constabulary,-3.040838,53.819245,On or near Durham Road,E01012675,Blackpool 010B,Violence and sexual offences,Status update unavailable,
a58e896b7273ab565c44aa795e9785a26c3a43e89798dbb1b8fa774c74e99ce8,2019-02,Lancashire Constabulary,Lancashire Constabulary,-3.038603,53.821611,On or near Devonshire Road,E01012675,Blackpool 010B,Violence and sexual offences,Local resolution,
9e89fd3ab1aa576e90fd56e81d6eaeb250e54ce0935a66d2fcbf0807504b0282,2019-02,Lancashire Constabulary,Lancashire Constabulary,-3.040838,53.819245,On or near Durham Road,E01012675,Blackpool 010B,Violence and sexual offences,Status update unavailable,
0c3fcf554e0ea3a9da030889e9da0ecb0cced7e02eba1f86e77e75c81b4e4fac,2019-02,Lancashire Constabulary,Lancashire Constabulary,-3.040838,53.819245,On or near Durham Road,E01012675,Blackpool 010B,Violence and sexual offences,Status update unavailable,
b8d55aa45c04a9c02ad0d17e7e853733aef08feaed25446ef2b8837f259cbee8,2019-02,Lancashire Constabulary,Lancashire Constabulary,-3.040838,53.819245,On or near Durham Road,E01012675,Blackpool 010B,Violence and sexual offences,Unable to prosecute suspect,
c492312097ae2d15a6b30ebb95a06f6a32de6cc494a80cb5c4472842f5af8caa,2019-02,Lancashire Constabulary,Lancashire Constabulary,-3.040674,53.820595,On or near Peter Street,E01012675,Blackpool 010B,Violence and sexual offences,Awaiting court outcome,
1c79045a78d0f2f49b34f0fa2621a742030321fd2b6a8d6cccac08f496780a65,2019-02,Lancashire Constabulary,Lancashire Constabulary,-3.037453,53.820551,On or near Manchester Road,E01012675,Blackpool 010B,Violence and sexual offences,Status update unavailable,
dd071dd89acb3b691002a9c641112e813c4cc03ab16450db7d8aca21bd8b98c4,2019-02,Lancashire Constabulary,Lancashire Constabulary,-3.038167,53.818720,On or near A583,E01012675,Blackpool 010B,Violence and sexual offences,Status update unavailable,
,2019-02,Lancashire Constabulary,Lancashire Constabulary,-3.043071,53.814354,On or near Read'S Avenue,E01012735,Blackpool 010C,Anti-social behaviour,,
,2019-02,Lancashire Constabulary,Lancashire Constabulary,-3.038939,53.818597,On or near Oxford Road,E01012735,Blackpool 010C,Anti-social behaviour,,
,2019-02,Lancashire Constabulary,Lancashire Constabulary,-3.037366,53.817055,On or near Whitegate Drive,E01012735,Blackpool 010C,Anti-social behaviour,,
,2019-02,Lancashire Constabulary,Lancashire Constabulary,-3.044668,53.815032,On or near Hornby Road,E01012735,Blackpool 010C,Anti-social behaviour,,
,2019-02,Lancashire Constabulary,Lancashire Constabulary,-3.037366,53.817055,On or near Whitegate Drive,E01012735,Blackpool 010C,Anti-social behaviour,,
,2019-02,Lancashire Constabulary,Lancashire Constabulary,-3.037366,53.817055,On or near Whitegate Drive,E01012735,Blackpool 010C,Anti-social behaviour,,
,2019-02,Lancashire Constabulary,Lancashire Constabulary,-3.039804,53.817349,On or near Liverpool Road,E01012735,Blackpool 010C,Anti-social behaviour,,
,2019-02,Lancashire Constabulary,Lancashire Constabulary,-3.039384,53.816975,On or near Leeds Road,E01012735,Blackpool 010C,Anti-social behaviour,,
1d8cc320287f651047c76d6644f21c70e832a2a5736a2b3a2314157b1779c251,2019-02,Lancashire Constabulary,Lancashire Constabulary,-3.042869,53.816594,On or near Lincoln Road,E01012735,Blackpool 010C,Burglary,Status update unavailable,
19fe6632a1508916527228801097df75135a9ca0ad5567feecb08e37c464f304,2019-02,Lancashire Constabulary,Lancashire Constabulary,-3.039384,53.816975,On or near Leeds Road,E01012735,Blackpool 010C,Burglary,Status update unavailable,
c4d83e1beb4f739429f4e310d72cc89d64c6dd85a56e8107426ff127e434b3cf,2019-02,Lancashire Constabulary,Lancashire Constabulary,-3.041280,53.816833,On or near Leicester Road,E01012735,Blackpool 010C,Burglary,Status update unavailable,
5ca45dbbb0f4ecda28b9e8ecaa6d61b51750d6b36f0466aa8c2e346918415157,2019-02,Lancashire Constabulary,Lancashire Constabulary,-3.042869,53.816594,On or near Lincoln Road,E01012735,Blackpool 010C,Criminal damage and arson,Status update unavailable,
a7c7921b5d5c97ec386940f8fba1ced9a841834732c07d3a5748cd11a1063fb6,2019-02,Lancashire Constabulary,Lancashire Constabulary,-3.042100,53.816843,On or near Longton Road,E01012735,Blackpool 010C,Criminal damage and arson,Status update unavailable,
ecaf1574cfbcf4b1d2077f2e9671966e8e1c20e7727cf16dac2bf940d64b3088,2019-02,Lancashire Constabulary,Lancashire Constabulary,-3.044668,53.815032,On or near Hornby Road,E01012735,Blackpool 010C,Drugs,Local resolution,
fd684ee663d30cc17f5b7ff354d73c9fd9c102a7172d0abe69c59d7d01dd9b91,2019-02,Lancashire Constabulary,Lancashire Constabulary,-3.043071,53.814354,On or near Read'S Avenue,E01012735,Blackpool 010C,Other theft,Status update unavailable,
b2ea3345b4797fcb9cebde5a20bae449583dadbe1f67c5c49f45fc8a3d1c8aff,2019-02,Lancashire Constabulary,Lancashire Constabulary,-3.043071,53.814354,On or near Read'S Avenue,E01012735,Blackpool 010C,Other theft,Status update unavailable,
cbd47ff722f005ca027d406be318b83c3028c6c09f95ca8e34eb223be8a26b72,2019-02,Lancashire Constabulary,Lancashire Constabulary,-3.041280,53.816833,On or near Leicester Road,E01012735,Blackpool 010C,Other theft,Status update unavailable,
732ffb3301293d811821aa5ef8b08441f48baea4ed3adce33dfa815a4de0d13b,2019-02,Lancashire Constabulary,Lancashire Constabulary,-3.039804,53.817349,On or near Liverpool Road,E01012735,Blackpool 010C,Robbery,Status update unavailable,
2f35f6df4fba0e61be8fb53afc091d1df10744156a83bf577c5b8221606c5efc,2019-02,Lancashire Constabulary,Lancashire Constabulary,-3.037366,53.817055,On or near Whitegate Drive,E01012735,Blackpool 010C,Violence and sexual offences,Awaiting court outcome,
301de9888e5d7d97b6dc1b09fce967083375cb12d74f2d6fb63db95364153fad,2019-02,Lancashire Constabulary,Lancashire Constabulary,-3.038939,53.818597,On or near Oxford Road,E01012735,Blackpool 010C,Violence and sexual offences,Unable to prosecute suspect,
6ce8605529a02d78c9ff3f99246b2dcb2051488fd11376e7e47a42b2504b8c6a,2019-02,Lancashire Constabulary,Lancashire Constabulary,-3.039384,53.816975,On or near Leeds Road,E01012735,Blackpool 010C,Violence and sexual offences,Formal action is not in the public interest,
58787d3d30f345f3b73774f47c94f67bafc17a3d0a80d173b6b0808ed45fe866,2019-02,Lancashire Constabulary,Lancashire Constabulary,-3.039804,53.817349,On or near Liverpool Road,E01012735,Blackpool 010C,Violence and sexual offences,Status update unavailable,
800076d8e2da38e6de1c09f9c1bca6c2c59b8e623f45cf0abb35f1f31a8d3f26,2019-02,Lancashire Constabulary,Lancashire Constabulary,-3.042100,53.816843,On or near Longton Road,E01012735,Blackpool 010C,Violence and sexual offences,Unable to prosecute suspect,
5fef497f582870bdb4ddc9d75cdd67d12ed9a74e448db3f3955a1936410099a8,2019-02,Lancashire Constabulary,Lancashire Constabulary,-3.039384,53.816975,On or near Leeds Road,E01012735,Blackpool 010C,Violence and sexual offences,Unable to prosecute suspect,
3f2ad24e96e50180b8347ef4938e0fe3d650726184a3653f9fea9cae3128e280,2019-02,Lancashire Constabulary,Lancashire Constabulary,-3.039804,53.817349,On or near Liverpool Road,E01012735,Blackpool 010C,Violence and sexual offences,Awaiting court outcome,
566dce3e7def4eb6f012d7eca23e35c6725b9f751b15f0f86bdbd6f49e61923f,2019-02,Lancashire Constabulary,Lancashire Constabulary,-3.042869,53.816594,On or near Lincoln Road,E01012735,Blackpool 010C,Other crime,Status update unavailable,
,2019-02,Lancashire Constabulary,Lancashire Constabulary,-3.050285,53.814318,On or near Supermarket,E01012736,Blackpool 010D,Anti-social behaviour,,
,2019-02,Lancashire Constabulary,Lancashire Constabulary,-3.052858,53.817001,On or near Shopping Area,E01012736,Blackpool 010D,Anti-social behaviour,,
,2019-02,Lancashire Constabulary,Lancashire Constabulary,-3.048846,53.812668,On or near Rishton Street,E01012736,Blackpool 010D,Anti-social behaviour,,
,2019-02,Lancashire Constabulary,Lancashire Constabulary,-3.054490,53.814857,On or near Bank Hey Street,E01012736,Blackpool 010D,Anti-social behaviour,,
,2019-02,Lancashire Constabulary,Lancashire Constabulary,-3.052248,53.814481,On or near Hull Road,E01012736,Blackpool 010D,Anti-social behaviour,,
,2019-02,Lancashire Constabulary,Lancashire Constabulary,-3.054490,53.814857,On or near Bank Hey Street,E01012736,Blackpool 010D,Anti-social behaviour,,
,2019-02,Lancashire Constabulary,Lancashire Constabulary,-3.052858,53.817001,On or near Shopping Area,E01012736,Blackpool 010D,Anti-social behaviour,,
,2019-02,Lancashire Constabulary,Lancashire Constabulary,-3.052858,53.817001,On or near Shopping Area,E01012736,Blackpool 010D,Anti-social behaviour,,
,2019-02,Lancashire Constabulary,Lancashire Constabulary,-3.051021,53.815211,On or near Nightclub,E01012736,Blackpool 010D,Anti-social behaviour,,
,2019-02,Lancashire Constabulary,Lancashire Constabulary,-3.051737,53.814081,On or near Vance Road,E01012736,Blackpool 010D,Anti-social behaviour,,
,2019-02,Lancashire Constabulary,Lancashire Constabulary,-3.045452,53.814208,On or near Parking Area,E01012736,Blackpool 010D,Anti-social behaviour,,
,2019-02,Lancashire Constabulary,Lancashire Constabulary,-3.052248,53.814481,On or near Hull Road,E01012736,Blackpool 010D,Anti-social behaviour,,
,2019-02,Lancashire Constabulary,Lancashire Constabulary,-3.054490,53.814857,On or near Bank Hey Street,E01012736,Blackpool 010D,Anti-social behaviour,,
,2019-02,Lancashire Constabulary,Lancashire Constabulary,-3.053334,53.817222,On or near Theatre/Concert Hall,E01012736,Blackpool 010D,Anti-social behaviour,,
,2019-02,Lancashire Constabulary,Lancashire Constabulary,-3.054490,53.814857,On or near Bank Hey Street,E01012736,Blackpool 010D,Anti-social behaviour,,
,2019-02,Lancashire Constabulary,Lancashire Constabulary,-3.054490,53.814857,On or near Bank Hey Street,E01012736,Blackpool 010D,Anti-social behaviour,,
,2019-02,Lancashire Constabulary,Lancashire Constabulary,-3.050400,53.814066,On or near Coronation Street,E01012736,Blackpool 010D,Anti-social behaviour,,
,2019-02,Lancashire Constabulary,Lancashire Constabulary,-3.053720,53.812625,On or near Parking Area,E01012736,Blackpool 010D,Anti-social behaviour,,
,2019-02,Lancashire Constabulary,Lancashire Constabulary,-3.053334,53.817222,On or near Theatre/Concert Hall,E01012736,Blackpool 010D,Anti-social behaviour,,
,2019-02,Lancashire Constabulary,Lancashire Constabulary,-3.048240,53.813329,On or near Livingstone Road,E01012736,Blackpool 010D,Anti-social behaviour,,
,2019-02,Lancashire Constabulary,Lancashire Constabulary,-3.052609,53.814927,On or near Albert Road,E01012736,Blackpool 010D,Anti-social behaviour,,
,2019-02,Lancashire Constabulary,Lancashire Constabulary,-3.050653,53.812032,On or near Chapel Street,E01012736,Blackpool 010D,Anti-social behaviour,,
,2019-02,Lancashire Constabulary,Lancashire Constabulary,-3.052858,53.817001,On or near Shopping Area,E01012736,Blackpool 010D,Anti-social behaviour,,
,2019-02,Lancashire Constabulary,Lancashire Constabulary,-3.051021,53.815211,On or near Nightclub,E01012736,Blackpool 010D,Anti-social behaviour,,
,2019-02,Lancashire Constabulary,Lancashire Constabulary,-3.054490,53.814857,On or near Bank Hey Street,E01012736,Blackpool 010D,Anti-social behaviour,,
,2019-02,Lancashire Constabulary,Lancashire Constabulary,-3.053334,53.817222,On or near Theatre/Concert Hall,E01012736,Blackpool 010D,Anti-social behaviour,,
,2019-02,Lancashire Constabulary,Lancashire Constabulary,-3.052609,53.814927,On or near Albert Road,E01012736,Blackpool 010D,Anti-social behaviour,,
,2019-02,Lancashire Constabulary,Lancashire Constabulary,-3.054490,53.814857,On or near Bank Hey Street,E01012736,Blackpool 010D,Anti-social behaviour,,
,2019-02,Lancashire Constabulary,Lancashire Constabulary,-3.047828,53.813854,On or near Stanley Road,E01012736,Blackpool 010D,Anti-social behaviour,,
,2019-02,Lancashire Constabulary,Lancashire Constabulary,-3.051021,53.815211,On or near Nightclub,E01012736,Blackpool 010D,Anti-social behaviour,,
,2019-02,Lancashire Constabulary,Lancashire Constabulary,-3.052858,53.817001,On or near Shopping Area,E01012736,Blackpool 010D,Anti-social behaviour,,
,2019-02,Lancashire Constabulary,Lancashire Constabulary,-3.048846,53.812668,On or near Rishton Street,E01012736,Blackpool 010D,Anti-social behaviour,,
,2019-02,Lancashire Constabulary,Lancashire Constabulary,-3.054490,53.814857,On or near Bank Hey Street,E01012736,Blackpool 010D,Anti-social behaviour,,
,2019-02,Lancashire Constabulary,Lancashire Constabulary,-3.047828,53.813854,On or near Stanley Road,E01012736,Blackpool 010D,Anti-social behaviour,,
,2019-02,Lancashire Constabulary,Lancashire Constabulary,-3.054490,53.814857,On or near Bank Hey Street,E01012736,Blackpool 010D,Anti-social behaviour,,
,2019-02,Lancashire Constabulary,Lancashire Constabulary,-3.048846,53.812668,On or near Rishton Street,E01012736,Blackpool 010D,Anti-social behaviour,,
,2019-02,Lancashire Constabulary,Lancashire Constabulary,-3.051110,53.816324,On or near Adelaide Street,E01012736,Blackpool 010D,Anti-social behaviour,,
,2019-02,Lancashire Constabulary,Lancashire Constabulary,-3.051110,53.816324,On or near Adelaide Street,E01012736,Blackpool 010D,Anti-social behaviour,,
,2019-02,Lancashire Constabulary,Lancashire Constabulary,-3.053334,53.817222,On or near Theatre/Concert Hall,E01012736,Blackpool 010D,Anti-social behaviour,,
,2019-02,Lancashire Constabulary,Lancashire Constabulary,-3.050653,53.812032,On or near Chapel Street,E01012736,Blackpool 010D,Anti-social behaviour,,
,2019-02,Lancashire Constabulary,Lancashire Constabulary,-3.052858,53.817001,On or near Shopping Area,E01012736,Blackpool 010D,Anti-social behaviour,,
,2019-02,Lancashire Constabulary,Lancashire Constabulary,-3.050400,53.814066,On or near Coronation Street,E01012736,Blackpool 010D,Anti-social behaviour,,
,2019-02,Lancashire Constabulary,Lancashire Constabulary,-3.054490,53.814857,On or near Bank Hey Street,E01012736,Blackpool 010D,Anti-social behaviour,,
,2019-02,Lancashire Constabulary,Lancashire Constabulary,-3.052858,53.817001,On or near Shopping Area,E01012736,Blackpool 010D,Anti-social behaviour,,
,2019-02,Lancashire Constabulary,Lancashire Constabulary,-3.046940,53.815399,On or near Fleet Street,E01012736,Blackpool 010D,Anti-social behaviour,,
,2019-02,Lancashire Constabulary,Lancashire Constabulary,-3.054490,53.814857,On or near Bank Hey Street,E01012736,Blackpool 010D,Anti-social behaviour,,
,2019-02,Lancashire Constabulary,Lancashire Constabulary,-3.053061,53.817835,On or near Back Church Street,E01012736,Blackpool 010D,Anti-social behaviour,,
,2019-02,Lancashire Constabulary,Lancashire Constabulary,-3.054490,53.814857,On or near Bank Hey Street,E01012736,Blackpool 010D,Anti-social behaviour,,
,2019-02,Lancashire Constabulary,Lancashire Constabulary,-3.051021,53.815211,On or near Nightclub,E01012736,Blackpool 010D,Anti-social behaviour,,
,2019-02,Lancashire Constabulary,Lancashire Constabulary,-3.048846,53.812668,On or near Rishton Street,E01012736,Blackpool 010D,Anti-social behaviour,,
c1b74d3bbe299f39a5b4ab73c783959eff3fcbf35301931b386ba5d9d1b234e3,2019-02,Lancashire Constabulary,Lancashire Constabulary,-3.053183,53.816019,On or near Parking Area,E01012736,Blackpool 010D,Bicycle theft,Status update unavailable,
9506cd2ff3925d7c902a8a78d23a9766a7c4fb196ba25a78f78f6792c7324110,2019-02,Lancashire Constabulary,Lancashire Constabulary,-3.053183,53.816019,On or near Parking Area,E01012736,Blackpool 010D,Bicycle theft,Awaiting court outcome,
ee7209689f59f1fbc45637f6be90bc515353ea9feb9f21025258457522c0db9e,2019-02,Lancashire Constabulary,Lancashire Constabulary,-3.053183,53.816019,On or near Parking Area,E01012736,Blackpool 010D,Bicycle theft,Status update unavailable,
6714ac530abdf800286a386683a3032467c064c050ac0e5a1ad1f1ac42ce7a1f,2019-02,Lancashire Constabulary,Lancashire Constabulary,-3.052858,53.817001,On or near Shopping Area,E01012736,Blackpool 010D,Bicycle theft,Status update unavailable,
952c676731fb3cfda715a1b431ebc4b4b84a534be8977c8c65c4ddda98ef965c,2019-02,Lancashire Constabulary,Lancashire Constabulary,-3.054490,53.814857,On or near Bank Hey Street,E01012736,Blackpool 010D,Bicycle theft,Status update unavailable,
1ad5f99113f4968bbe111c1a29a1afd534e08bba2c6b554a0d1c4d812b910b5c,2019-02,Lancashire Constabulary,Lancashire Constabulary,-3.052858,53.817001,On or near Shopping Area,E01012736,Blackpool 010D,Bicycle theft,Status update unavailable,
3020441433d9b4ef9a8c9ce071be984778ba965f737235e56d676d9fb7169987,2019-02,Lancashire Constabulary,Lancashire Constabulary,-3.048779,53.816075,On or near Albert Road,E01012736,Blackpool 010D,Burglary,Status update unavailable,
3d35d1a9dd9a98649c1ceb6ffc9d54f99925e9d8ff7d2e811266b830a9797599,2019-02,Lancashire Constabulary,Lancashire Constabulary,-3.051021,53.815211,On or near Nightclub,E01012736,Blackpool 010D,Burglary,Status update unavailable,
ba4255c59a56fb27732afdaf9966e9da9eddd909c8c39581d95c6ea91873cb67,2019-02,Lancashire Constabulary,Lancashire Constabulary,-3.053061,53.817835,On or near Back Church Street,E01012736,Blackpool 010D,Burglary,Status update unavailable,
a7a1dff132661ec8a83d3831101ca6e8131dad9f883ff3a6a892fa956699a495,2019-02,Lancashire Constabulary,Lancashire Constabulary,-3.048774,53.817091,On or near Alfred Street,E01012736,Blackpool 010D,Burglary,Status update unavailable,
64dfe0681704468a849a3ee73bf37bd66baeaf0405160a93a8091a37c77464ef,2019-02,Lancashire Constabulary,Lancashire Constabulary,-3.053061,53.817835,On or near Back Church Street,E01012736,Blackpool 010D,Burglary,Status update unavailable,
6d71dcfaef809dabb039138b9de02cd4694fee184379a03899d2460fd6f6db28,2019-02,Lancashire Constabulary,Lancashire Constabulary,-3.053061,53.817835,On or near Back Church Street,E01012736,Blackpool 010D,Burglary,Status update unavailable,
e53fb90ed560045743894c07665c2511e0651213125cb8ecd9ea4e7ec03e5e29,2019-02,Lancashire Constabulary,Lancashire Constabulary,-3.051110,53.816324,On or near Adelaide Street,E01012736,Blackpool 010D,Burglary,Status update unavailable,
28d91f3d8e3a8b7690638d94df02df961e38ee470c474bbde3aab611b665825f,2019-02,Lancashire Constabulary,Lancashire Constabulary,-3.052858,53.817001,On or near Shopping Area,E01012736,Blackpool 010D,Criminal damage and arson,Status update unavailable,
7e9edc4ceafca86c864855d52b49b44ed5fc848f04ce8069e95caeed5b8c2358,2019-02,Lancashire Constabulary,Lancashire Constabulary,-3.050621,53.813192,On or near Havelock Street,E01012736,Blackpool 010D,Criminal damage and arson,Status update unavailable,
4182ee68679a61e121a718b62fe8082c4c0d2a5d695d2a3d261ced33a2ff11bb,2019-02,Lancashire Constabulary,Lancashire Constabulary,-3.053183,53.816019,On or near Parking Area,E01012736,Blackpool 010D,Criminal damage and arson,Awaiting court outcome,
b65cb1f053a0685bc4dc0bebe3a72ee4b98c2dc0c6c36a931838c9b79314ec03,2019-02,Lancashire Constabulary,Lancashire Constabulary,-3.054490,53.814857,On or near Bank Hey Street,E01012736,Blackpool 010D,Criminal damage and arson,Status update unavailable,
75470a4a2964cac4d18e2c6ebc2a7e1431995b80b3c10d92c1739ab16c832efa,2019-02,Lancashire Constabulary,Lancashire Constabulary,-3.053183,53.816019,On or near Parking Area,E01012736,Blackpool 010D,Drugs,Offender fined,
97d4a778b776cda9c998c92bb9401f066ba5642164d4945aae503e4de5ec1464,2019-02,Lancashire Constabulary,Lancashire Constabulary,-3.053183,53.816019,On or near Parking Area,E01012736,Blackpool 010D,Other theft,Status update unavailable,
48a761f7d0049eec2e0ba5f1b822513f065f4b1221ed40f83362d4c95f63d57e,2019-02,Lancashire Constabulary,Lancashire Constabulary,-3.054490,53.814857,On or near Bank Hey Street,E01012736,Blackpool 010D,Other theft,Status update unavailable,
84b2345b608109b171a3ba19d25e7d08713da63f6c8f52b020ff72d2e5a97328,2019-02,Lancashire Constabulary,Lancashire Constabulary,-3.046940,53.815399,On or near Fleet Street,E01012736,Blackpool 010D,Other theft,Status update unavailable,
9bab47240c2f840c41583dd794310cd3e342b4a693849584e4305a13d6afd4a5,2019-02,Lancashire Constabulary,Lancashire Constabulary,-3.053334,53.817222,On or near Theatre/Concert Hall,E01012736,Blackpool 010D,Other theft,Awaiting court outcome,
573ba4ece5894103a53baaae07561cedf4c6bbf9828b3b5e7bfb1a359544967c,2019-02,Lancashire Constabulary,Lancashire Constabulary,-3.054410,53.817716,On or near Shopping Area,E01012736,Blackpool 010D,Other theft,Status update unavailable,
8827273ada1b879b6dace64da642fab90026a40bd4a7cd53810f40a2a6335e1b,2019-02,Lancashire Constabulary,Lancashire Constabulary,-3.053183,53.816019,On or near Parking Area,E01012736,Blackpool 010D,Other theft,Awaiting court outcome,
6bee7af3c36e7e6c91a2a139a2d8f5a3b7e2cfca318772da7485d9e06a030fac,2019-02,Lancashire Constabulary,Lancashire Constabulary,-3.051021,53.815211,On or near Nightclub,E01012736,Blackpool 010D,Other theft,Status update unavailable,
4d96e2a4aabaedc63f9f61c470afd6757eeb93772c039862c7704a88305ce4d1,2019-02,Lancashire Constabulary,Lancashire Constabulary,-3.050621,53.813192,On or near Havelock Street,E01012736,Blackpool 010D,Other theft,Unable to prosecute suspect,
3769d1a1a8dd46285656b255fd36770b735fbde9c0b0ae786b950d2c0c58c265,2019-02,Lancashire Constabulary,Lancashire Constabulary,-3.046723,53.814026,On or near Back Read'S Road,E01012736,Blackpool 010D,Other theft,Status update unavailable,
1d98fcfa78bd72a6508b7304faf30111f8a61e05b692ada82a8ed0961a43e76f,2019-02,Lancashire Constabulary,Lancashire Constabulary,-3.049896,53.812740,On or near Read'S Avenue,E01012736,Blackpool 010D,Other theft,Status update unavailable,
41b2c1775395052142b005c5dce86703fbd64e7bdc169c86a4828c301c19b065,2019-02,Lancashire Constabulary,Lancashire Constabulary,-3.054490,53.814857,On or near Bank Hey Street,E01012736,Blackpool 010D,Other theft,Status update unavailable,
62ebc589e25f38aec28e34f46beaca745e79475439eab5aeb66601e5bba363a5,2019-02,Lancashire Constabulary,Lancashire Constabulary,-3.051737,53.814081,On or near Vance Road,E01012736,Blackpool 010D,Other theft,Unable to prosecute suspect,
ae704ff1435a9a7d3f8f937fbff8f962e5b68e4464ecea22c3846f1f8d60bc6f,2019-02,Lancashire Constabulary,Lancashire Constabulary,-3.048455,53.815251,On or near Charnley Road,E01012736,Blackpool 010D,Other theft,Status update unavailable,
6eabccb0e283ef1446335308df3380f153ab692b1d791a44be1a9da7a9e7648d,2019-02,Lancashire Constabulary,Lancashire Constabulary,-3.048846,53.812668,On or near Rishton Street,E01012736,Blackpool 010D,Other theft,Status update unavailable,
b7b7a41468449925168f69b6f36f2b868b70711cf8fc65284e16ce25db739a06,2019-02,Lancashire Constabulary,Lancashire Constabulary,-3.051021,53.815211,On or near Nightclub,E01012736,Blackpool 010D,Other theft,Status update unavailable,
b4e5256c922e83cd49aba701e02daa66f5d401e6e8c0d663bb32c0a534b89f4d,2019-02,Lancashire Constabulary,Lancashire Constabulary,-3.051110,53.816324,On or near Adelaide Street,E01012736,Blackpool 010D,Other theft,Status update unavailable,
ccda9059a14fa0875a20b0170d41cb18cbc923d5ab5517bf1a674aa8fb54c599,2019-02,Lancashire Constabulary,Lancashire Constabulary,-3.053183,53.816019,On or near Parking Area,E01012736,Blackpool 010D,Other theft,Status update unavailable,
c75d46a256cce419e930c81320072628833cfc6fd670f48a2adc14d091da2fe1,2019-02,Lancashire Constabulary,Lancashire Constabulary,-3.052858,53.817001,On or near Shopping Area,E01012736,Blackpool 010D,Other theft,Status update unavailable,
b73f44d29041355f9795e2d1fc55f6de819cf59e8b77c22aafb1de57daee4977,2019-02,Lancashire Constabulary,Lancashire Constabulary,-3.049546,53.816967,On or near Leopold Grove,E01012736,Blackpool 010D,Other theft,Status update unavailable,
1e34983d6bba0fd42cdd0c40cd0f813c7ca6551991f23f6b396b1e9febe53226,2019-02,Lancashire Constabulary,Lancashire Constabulary,-3.051021,53.815211,On or near Nightclub,E01012736,Blackpool 010D,Other theft,Status update unavailable,
4b550616d24b121b7ebf9c9d62ceeb59455ea2dcf940a9508660aa41067b1f86,2019-02,Lancashire Constabulary,Lancashire Constabulary,-3.053183,53.816019,On or near Parking Area,E01012736,Blackpool 010D,Other theft,Status update unavailable,
6ae47c33fcc9629151f1819f49a441baf96559fd7c6288c9216e5b5de3c1a980,2019-02,Lancashire Constabulary,Lancashire Constabulary,-3.054416,53.812484,On or near Bonny Street,E01012736,Blackpool 010D,Other theft,Status update unavailable,
ec5a153c42a413a59202fbc5af15ad0b665e6c4bdffd3e7b6e3245a58a975a6e,2019-02,Lancashire Constabulary,Lancashire Constabulary,-3.053183,53.816019,On or near Parking Area,E01012736,Blackpool 010D,Possession of weapons,Defendant found not guilty,
bcfe9d26b86bc6f5dfb78d7c9a408afe87d0a67f0d19c95b34c6161c0e68f0c3,2019-02,Lancashire Constabulary,Lancashire Constabulary,-3.045452,53.814208,On or near Parking Area,E01012736,Blackpool 010D,Possession of weapons,Status update unavailable,
d9cfa584e55f9bbd85edadf84c36e72006a8142709089380f0675d165417b840,2019-02,Lancashire Constabulary,Lancashire Constabulary,-3.054490,53.814857,On or near Bank Hey Street,E01012736,Blackpool 010D,Public order,Status update unavailable,
b4f16325f4d9de23f3caed1e82df7ef830da28a7ab386282c15579ee8e3677db,2019-02,Lancashire Constabulary,Lancashire Constabulary,-3.053183,53.816019,On or near Parking Area,E01012736,Blackpool 010D,Public order,Status update unavailable,
64746978ef328ef1ae5dca442e02d6bc622350ae6f860998d9a6024373f5c533,2019-02,Lancashire Constabulary,Lancashire Constabulary,-3.052858,53.817001,On or near Shopping Area,E01012736,Blackpool 010D,Public order,Unable to prosecute suspect,
6f0833a3df2647328619c0111485aa07c9d113bd41d90c8fa423bd472471a402,2019-02,Lancashire Constabulary,Lancashire Constabulary,-3.054490,53.814857,On or near Bank Hey Street,E01012736,Blackpool 010D,Public order,Status update unavailable,
b0dbf8a4dd4c8cf412e4fb14f278cd5d4336f5c511d3e999258840d2ac796ff8,2019-02,Lancashire Constabulary,Lancashire Constabulary,-3.054490,53.814857,On or near Bank Hey Street,E01012736,Blackpool 010D,Public order,Status update unavailable,
08850c553872bee18b842610ef2110270a6089bc9ba6d0b607592b97347bd1d1,2019-02,Lancashire Constabulary,Lancashire Constabulary,-3.052858,53.817001,On or near Shopping Area,E01012736,Blackpool 010D,Public order,Status update unavailable,
dcb8730c8b0617a2ed16359840a1cbe592f21866789ccc8ec5e3e8957334730c,2019-02,Lancashire Constabulary,Lancashire Constabulary,-3.054490,53.814857,On or near Bank Hey Street,E01012736,Blackpool 010D,Public order,Unable to prosecute suspect,
262d1cae1222b71fad7849abb7b7efa5e16d48dc73c46b9b2fa0ccd727636444,2019-02,Lancashire Constabulary,Lancashire Constabulary,-3.052858,53.817001,On or near Shopping Area,E01012736,Blackpool 010D,Public order,Status update unavailable,
6f8988b2fbd4d3d04e05b2b23b3bbe4c74d94f1214a0a91dca681b7b6f1983f1,2019-02,Lancashire Constabulary,Lancashire Constabulary,-3.054490,53.814857,On or near Bank Hey Street,E01012736,Blackpool 010D,Public order,Awaiting court outcome,
043524c52f6fac94e4fa093d4f62dfe3ebfb413a7a2d6e58e540e817ac0d7b02,2019-02,Lancashire Constabulary,Lancashire Constabulary,-3.052858,53.817001,On or near Shopping Area,E01012736,Blackpool 010D,Public order,Status update unavailable,
7841ecb0f8746a0f5c104f7a31d9225c1284fa5aa5b9c1d4bfcef4162b8cf4a5,2019-02,Lancashire Constabulary,Lancashire Constabulary,-3.050653,53.812032,On or near Chapel Street,E01012736,Blackpool 010D,Public order,Status update unavailable,
cc9ca575b577b2df818b78bb26ff6ca5c52671e4bdff61fa346871f4e6ce2d69,2019-02,Lancashire Constabulary,Lancashire Constabulary,-3.053061,53.817835,On or near Back Church Street,E01012736,Blackpool 010D,Robbery,Status update unavailable,
ebc5e968e1fe60f1a87c9c4a3089f6175a967fe01cb131387bd774ef81e75385,2019-02,Lancashire Constabulary,Lancashire Constabulary,-3.048846,53.812668,On or near Rishton Street,E01012736,Blackpool 010D,Robbery,Unable to prosecute suspect,
abf823e492bdcf9b976f66344aa0067fb57c9a38f1246b897447aa0b625a3a94,2019-02,Lancashire Constabulary,Lancashire Constabulary,-3.053334,53.817222,On or near Theatre/Concert Hall,E01012736,Blackpool 010D,Robbery,Status update unavailable,
9061f6164b80b2d7fe21c93cfe511cdc12e38ae156e66051808e769fb81c8ad4,2019-02,Lancashire Constabulary,Lancashire Constabulary,-3.052609,53.814927,On or near Albert Road,E01012736,Blackpool 010D,Shoplifting,Status update unavailable,
015bd45faeff5eea86f2befec4b811ca25eaa57306dc5b0c1047fc9e1ec70393,2019-02,Lancashire Constabulary,Lancashire Constabulary,-3.053183,53.816019,On or near Parking Area,E01012736,Blackpool 010D,Shoplifting,Further investigation is not in the public interest,
c3985c31e063d704b7bfda4eb2831fb3b9e2b89876e28112f0069500fdc690d4,2019-02,Lancashire Constabulary,Lancashire Constabulary,-3.052858,53.817001,On or near Shopping Area,E01012736,Blackpool 010D,Shoplifting,Further investigation is not in the public interest,
875b8ebec0241dbf6611e326cbe5b401ac4411d0d3dc8755cd202b3f1ea11323,2019-02,Lancashire Constabulary,Lancashire Constabulary,-3.050285,53.814318,On or near Supermarket,E01012736,Blackpool 010D,Shoplifting,Status update unavailable,
8c7f131707b4f5632b64b12bdc705d4b6fbb9b4e7af96c41ffb933cf92141f40,2019-02,Lancashire Constabulary,Lancashire Constabulary,-3.054490,53.814857,On or near Bank Hey Street,E01012736,Blackpool 010D,Shoplifting,Status update unavailable,
8a93937caef02d31466c92e1cbc50f95419c46a6f50e153ec1000dbe36da0970,2019-02,Lancashire Constabulary,Lancashire Constabulary,-3.050285,53.814318,On or near Supermarket,E01012736,Blackpool 010D,Shoplifting,Further investigation is not in the public interest,
7738f8d390b0b37f7efd45795162210768cc7be43aea04265b6d08ed81488e2e,2019-02,Lancashire Constabulary,Lancashire Constabulary,-3.053183,53.816019,On or near Parking Area,E01012736,Blackpool 010D,Shoplifting,Status update unavailable,
ed57f79e4d424dfbdbf9e70a3eda09c688c6df6268ae6c11cb7bb3226a2f6899,2019-02,Lancashire Constabulary,Lancashire Constabulary,-3.053183,53.816019,On or near Parking Area,E01012736,Blackpool 010D,Shoplifting,Offender given a caution,
b4cab5993d13ca4e7c8e3f4057d8f5a98d566f1e1f658c13f0ac289f8d348df7,2019-02,Lancashire Constabulary,Lancashire Constabulary,-3.054410,53.817716,On or near Shopping Area,E01012736,Blackpool 010D,Shoplifting,Further investigation is not in the public interest,
592910942c4a6fe658248cc4340808654e52c2ebcc5214ef6c72a6712ca14fd3,2019-02,Lancashire Constabulary,Lancashire Constabulary,-3.053183,53.816019,On or near Parking Area,E01012736,Blackpool 010D,Shoplifting,Offender given a caution,
60931b2fb31e03efdc32e92be4ac3234889c4794283cf3ab2d5b7291110f48c2,2019-02,Lancashire Constabulary,Lancashire Constabulary,-3.054490,53.814857,On or near Bank Hey Street,E01012736,Blackpool 010D,Shoplifting,Further investigation is not in the public interest,
aa759408c622311ead8c008dddaeb5bb427b18ad3e5e22559cb05581c1314045,2019-02,Lancashire Constabulary,Lancashire Constabulary,-3.054490,53.814857,On or near Bank Hey Street,E01012736,Blackpool 010D,Shoplifting,Formal action is not in the public interest,
dff42f20913eed8337b58865a913d0947af080b28b85823b2803d3ab9bcbea85,2019-02,Lancashire Constabulary,Lancashire Constabulary,-3.050285,53.814318,On or near Supermarket,E01012736,Blackpool 010D,Shoplifting,Status update unavailable,
f9d64c23f1d0838914fc558aef7f7755fe99a39ad5ce6a31ab9925fe8a9c8ec3,2019-02,Lancashire Constabulary,Lancashire Constabulary,-3.054490,53.814857,On or near Bank Hey Street,E01012736,Blackpool 010D,Shoplifting,Unable to prosecute suspect,
91dc9b3f45c5d9de85344350c186680c74ae23814c252cb904029929f62149a5,2019-02,Lancashire Constabulary,Lancashire Constabulary,-3.053183,53.816019,On or near Parking Area,E01012736,Blackpool 010D,Shoplifting,Further investigation is not in the public interest,
c09a022a902e87d2bed51ccd0134af817161254db00ce49bf132a70060ac9773,2019-02,Lancashire Constabulary,Lancashire Constabulary,-3.053183,53.816019,On or near Parking Area,E01012736,Blackpool 010D,Shoplifting,Offender given community sentence,
64a6f2988ec59e98b7c065071b834f96c7cf2780f185021c8036f2ca8bd25b2f,2019-02,Lancashire Constabulary,Lancashire Constabulary,-3.053183,53.816019,On or near Parking Area,E01012736,Blackpool 010D,Shoplifting,Unable to prosecute suspect,
c41a25c48014439aaefbb9138c3c9bf420cd51531e815fa8dc227273555807a1,2019-02,Lancashire Constabulary,Lancashire Constabulary,-3.052609,53.814927,On or near Albert Road,E01012736,Blackpool 010D,Shoplifting,Offender fined,
8d1cb2aade99c5e4944f8d29a159e77ffb8f166101ec37cbc5d1b5b8e2f6e505,2019-02,Lancashire Constabulary,Lancashire Constabulary,-3.054490,53.814857,On or near Bank Hey Street,E01012736,Blackpool 010D,Shoplifting,Status update unavailable,
0b0f9c4da7382cfce9cbe01a455ce7528afa0f474d2db7617accfdfe97607007,2019-02,Lancashire Constabulary,Lancashire Constabulary,-3.050285,53.814318,On or near Supermarket,E01012736,Blackpool 010D,Shoplifting,Status update unavailable,
178a87e414fef30987a6eafa28bbcbcc655564bc4a7bf0eb361fc411a8f2e6a1,2019-02,Lancashire Constabulary,Lancashire Constabulary,-3.053183,53.816019,On or near Parking Area,E01012736,Blackpool 010D,Shoplifting,Status update unavailable,
b6cbcc9465e529bf6a258668717db90f8757bba17ecbe2eaa7b89488dcaa4259,2019-02,Lancashire Constabulary,Lancashire Constabulary,-3.052609,53.814927,On or near Albert Road,E01012736,Blackpool 010D,Shoplifting,Unable to prosecute suspect,
191043e05f02b9843d7015d974831ba8cefc40c2ce4186ed310b4194b08acb52,2019-02,Lancashire Constabulary,Lancashire Constabulary,-3.054410,53.817716,On or near Shopping Area,E01012736,Blackpool 010D,Shoplifting,Formal action is not in the public interest,
de53fe0e362074a309073d55ac8f1177d673a925f2f02ee60b133f2ce7f1081d,2019-02,Lancashire Constabulary,Lancashire Constabulary,-3.053183,53.816019,On or near Parking Area,E01012736,Blackpool 010D,Shoplifting,Investigation complete; no suspect identified,
99535d5dae58da7e63efcc4b9b370a23d20ad98968693eb926a7bb2756eea3a7,2019-02,Lancashire Constabulary,Lancashire Constabulary,-3.053183,53.816019,On or near Parking Area,E01012736,Blackpool 010D,Shoplifting,Status update unavailable,
9b6e5cdc99fcc730b176af4531ff3706b56d4d19f75bfa002f5d5e3e790d3537,2019-02,Lancashire Constabulary,Lancashire Constabulary,-3.050285,53.814318,On or near Supermarket,E01012736,Blackpool 010D,Shoplifting,Offender given conditional discharge,
48b2c5497935a6ffb951bffffabca10a01a1c9d76dbaff63ed2c5bc6eb423ff5,2019-02,Lancashire Constabulary,Lancashire Constabulary,-3.053183,53.816019,On or near Parking Area,E01012736,Blackpool 010D,Shoplifting,Status update unavailable,
a1db61cae6f86879306df96ea2aaa7247d369b6e13421ea5816894cc7e570c71,2019-02,Lancashire Constabulary,Lancashire Constabulary,-3.053183,53.816019,On or near Parking Area,E01012736,Blackpool 010D,Shoplifting,Status update unavailable,
6b849e947cd2d9cc2aa22623590c4eb6f3803c58ff5e6fa5594e80d3851888a4,2019-02,Lancashire Constabulary,Lancashire Constabulary,-3.053061,53.817835,On or near Back Church Street,E01012736,Blackpool 010D,Shoplifting,Local resolution,
67e51ca25b4b65f24287fc2fa92f2c271c5872244e597ef50e77cc6ea7e83c97,2019-02,Lancashire Constabulary,Lancashire Constabulary,-3.053183,53.816019,On or near Parking Area,E01012736,Blackpool 010D,Shoplifting,Status update unavailable,
cdec5a88da21ba8e3fb4d2a103ad06f47dcbfd642d975882ef586f8b17125b87,2019-02,Lancashire Constabulary,Lancashire Constabulary,-3.053183,53.816019,On or near Parking Area,E01012736,Blackpool 010D,Shoplifting,Status update unavailable,
0a0dad85b904a601d5dd2260b5f637db14ad546e59fa8bc82d421073618857aa,2019-02,Lancashire Constabulary,Lancashire Constabulary,-3.053183,53.816019,On or near Parking Area,E01012736,Blackpool 010D,Shoplifting,Status update unavailable,
2c4de020d080f1d0e5b48be47d2969f3a95842a346b7567a81899f8ed034ca78,2019-02,Lancashire Constabulary,Lancashire Constabulary,-3.053183,53.816019,On or near Parking Area,E01012736,Blackpool 010D,Shoplifting,Status update unavailable,
612dcc56482d5445f39a541ff3fbfd3a7d0bb1fb2f9b7b1064bddbad6f1edbfc,2019-02,Lancashire Constabulary,Lancashire Constabulary,-3.053183,53.816019,On or near Parking Area,E01012736,Blackpool 010D,Shoplifting,Unable to prosecute suspect,
1ef5e5b001c1a2da5d64e8d8b3edf822a1d74acc293abb68d860e5e65f448245,2019-02,Lancashire Constabulary,Lancashire Constabulary,-3.053183,53.816019,On or near Parking Area,E01012736,Blackpool 010D,Shoplifting,Local resolution,
bf763c823023d0cc7fd7623e8d10cbfb662db1c643d968203725a53522e98f4b,2019-02,Lancashire Constabulary,Lancashire Constabulary,-3.053183,53.816019,On or near Parking Area,E01012736,Blackpool 010D,Shoplifting,Status update unavailable,
a9ead9e30c9d8a4b21b48aef01baedc6635c41e72060f90c7ccaeb44fc9f9dd5,2019-02,Lancashire Constabulary,Lancashire Constabulary,-3.053183,53.816019,On or near Parking Area,E01012736,Blackpool 010D,Shoplifting,Unable to prosecute suspect,
636f12f94a4495523b17ff57547fab224dd8834d64e473bc74d323efb4de1f42,2019-02,Lancashire Constabulary,Lancashire Constabulary,-3.053183,53.816019,On or near Parking Area,E01012736,Blackpool 010D,Shoplifting,Unable to prosecute suspect,
ed8881d1df234c529eebe48400de60daca70ca6e6313f65140253ee76f18582b,2019-02,Lancashire Constabulary,Lancashire Constabulary,-3.053061,53.817835,On or near Back Church Street,E01012736,Blackpool 010D,Shoplifting,Status update unavailable,
6b28b353894afcbabcd8cbebe7cc72298d6b752cc7abd1c0ae4f2cf6b3393d3a,2019-02,Lancashire Constabulary,Lancashire Constabulary,-3.054490,53.814857,On or near Bank Hey Street,E01012736,Blackpool 010D,Theft from the person,Status update unavailable,
f85328878e6b733a973197d1387234741c9fbff1ad523e81157d67f96ca9f1a1,2019-02,Lancashire Constabulary,Lancashire Constabulary,-3.051110,53.816324,On or near Adelaide Street,E01012736,Blackpool 010D,Theft from the person,Status update unavailable,
40a71cd75e14e7e291625dfd6a23950eb114802a7f804c9159bc646051a95562,2019-02,Lancashire Constabulary,Lancashire Constabulary,-3.049896,53.812740,On or near Read'S Avenue,E01012736,Blackpool 010D,Vehicle crime,Status update unavailable,
0a21317e85342a71314c8bd52600d00707e6b6a54f940bdd7a6e22105d54759a,2019-02,Lancashire Constabulary,Lancashire Constabulary,-3.048846,53.812668,On or near Rishton Street,E01012736,Blackpool 010D,Violence and sexual offences,Status update unavailable,
7319030f6c9cbefcea673dd937acc7b33615bf466995efea23ce3233f62a418f,2019-02,Lancashire Constabulary,Lancashire Constabulary,-3.052858,53.817001,On or near Shopping Area,E01012736,Blackpool 010D,Violence and sexual offences,Unable to prosecute suspect,
7186b9b904c87dfa2a2409cc3f7041adc598ff3452db212a5bc6655035670e69,2019-02,Lancashire Constabulary,Lancashire Constabulary,-3.050285,53.814318,On or near Supermarket,E01012736,Blackpool 010D,Violence and sexual offences,Unable to prosecute suspect,
5538c2bef98681d8b136b954b3ecad3d4403e7b4c47923c9e793d8549b1e6ecb,2019-02,Lancashire Constabulary,Lancashire Constabulary,-3.052609,53.814927,On or near Albert Road,E01012736,Blackpool 010D,Violence and sexual offences,Unable to prosecute suspect,
77cf0c196020ed9bb906f87b6522e811a6c5a39935bc8249376e520b6838819a,2019-02,Lancashire Constabulary,Lancashire Constabulary,-3.050653,53.812032,On or near Chapel Street,E01012736,Blackpool 010D,Violence and sexual offences,Status update unavailable,
f0160bdcb3d88cfa593a425f8f84c0c2bb0bb9bca83378aa3534965303a3d116,2019-02,Lancashire Constabulary,Lancashire Constabulary,-3.052858,53.817001,On or near Shopping Area,E01012736,Blackpool 010D,Violence and sexual offences,Further investigation is not in the public interest,
42439e8d57808c6ef2681bbb66af3a374b61910d991dcc89ef2034614bc66618,2019-02,Lancashire Constabulary,Lancashire Constabulary,-3.054490,53.814857,On or near Bank Hey Street,E01012736,Blackpool 010D,Violence and sexual offences,Status update unavailable,
8db23ea4d11221b45537fd4fd208f01614c07c1c05a9b4ab7c049afed132d662,2019-02,Lancashire Constabulary,Lancashire Constabulary,-3.047828,53.813854,On or near Stanley Road,E01012736,Blackpool 010D,Violence and sexual offences,Action to be taken by another organisation,
7af67ada58e2e90f494e8d19f69140a1a5079085b3fa7eafa1a78ef5c5865c2a,2019-02,Lancashire Constabulary,Lancashire Constabulary,-3.050285,53.814318,On or near Supermarket,E01012736,Blackpool 010D,Violence and sexual offences,Unable to prosecute suspect,
ffcb9652901ee0528b3a0c3e2e5d58c13e47adf3db97f929f3c4e8706645ac0e,2019-02,Lancashire Constabulary,Lancashire Constabulary,-3.052609,53.814927,On or near Albert Road,E01012736,Blackpool 010D,Violence and sexual offences,Status update unavailable,
b0d6f26af2f215cac6e097174e2e44d1c53549bb3ca6afab7001953262cbfaae,2019-02,Lancashire Constabulary,Lancashire Constabulary,-3.050285,53.814318,On or near Supermarket,E01012736,Blackpool 010D,Violence and sexual offences,Status update unavailable,
3a2081960a1c2579693ba991a7e5761208da8a1f52a3f7180cb06147b13ad315,2019-02,Lancashire Constabulary,Lancashire Constabulary,-3.051992,53.813341,On or near Central Drive,E01012736,Blackpool 010D,Violence and sexual offences,Unable to prosecute suspect,
fd8eaf7ea6ace6fde51589167148e63ae442b3833f85229c3d9f9302b0df583a,2019-02,Lancashire Constabulary,Lancashire Constabulary,-3.050285,53.814318,On or near Supermarket,E01012736,Blackpool 010D,Violence and sexual offences,Status update unavailable,
85230c2774a959f9c0eed51fd2a1e6f07b6da0defcfff110cc04417e2b932357,2019-02,Lancashire Constabulary,Lancashire Constabulary,-3.051110,53.816324,On or near Adelaide Street,E01012736,Blackpool 010D,Violence and sexual offences,Status update unavailable,
e7fcbfa7de208beb613485d90493c8b896c2edee9afa1fcbf5ce65a5b4a09b3c,2019-02,Lancashire Constabulary,Lancashire Constabulary,-3.046940,53.815399,On or near Fleet Street,E01012736,Blackpool 010D,Violence and sexual offences,Status update unavailable,
8e42b2bad9d678dbdafb83878bf08bc8046a134f641eec8afbc40353da9d0b2c,2019-02,Lancashire Constabulary,Lancashire Constabulary,-3.051992,53.813341,On or near Central Drive,E01012736,Blackpool 010D,Violence and sexual offences,Unable to prosecute suspect,
0b160aef9b3ea1715c8725d239191bee7dfdef8155ccb80f9c0faeceaf0ba0e1,2019-02,Lancashire Constabulary,Lancashire Constabulary,-3.050653,53.812032,On or near Chapel Street,E01012736,Blackpool 010D,Violence and sexual offences,Status update unavailable,
fe11e3a2bf8edc02d5b435e011e4be01d3c675c63d6e54f5db3293fa916413a4,2019-02,Lancashire Constabulary,Lancashire Constabulary,-3.053183,53.816019,On or near Parking Area,E01012736,Blackpool 010D,Violence and sexual offences,Further investigation is not in the public interest,
ed2512cd1a02f8c886c9dfae979a40944ede3fef06593591885230dc7624af7f,2019-02,Lancashire Constabulary,Lancashire Constabulary,-3.048846,53.812668,On or near Rishton Street,E01012736,Blackpool 010D,Violence and sexual offences,Status update unavailable,
a3a95df0e20b3f8522067eac8e9bb4f704dd211350025b991226090274555339,2019-02,Lancashire Constabulary,Lancashire Constabulary,-3.052609,53.814927,On or near Albert Road,E01012736,Blackpool 010D,Violence and sexual offences,Awaiting court outcome,
987808ae1f3e5967652832706c5fcf6f5678a7159b699e7d51707dfff5da0533,2019-02,Lancashire Constabulary,Lancashire Constabulary,-3.050653,53.812032,On or near Chapel Street,E01012736,Blackpool 010D,Violence and sexual offences,Status update unavailable,
a96e08b0f74f36cecc4c057b52ad6f94bad77edea4bc4c47ad8f8b9236738061,2019-02,Lancashire Constabulary,Lancashire Constabulary,-3.053720,53.812625,On or near Parking Area,E01012736,Blackpool 010D,Violence and sexual offences,Status update unavailable,
d90d1228e6582b6244ad4f3f8acad7756b3b718b920e68dbac4bf9028d2f4668,2019-02,Lancashire Constabulary,Lancashire Constabulary,-3.050653,53.812032,On or near Chapel Street,E01012736,Blackpool 010D,Violence and sexual offences,Status update unavailable,
6e2f1676aeeacee1d740046645d24522fe93d49858923d766567eb150b3d8aff,2019-02,Lancashire Constabulary,Lancashire Constabulary,-3.054490,53.814857,On or near Bank Hey Street,E01012736,Blackpool 010D,Violence and sexual offences,Status update unavailable,
f11b75a66b0b188c57beab8ec308bc132ef0d516106bc6f15cfa6e6cef530f1a,2019-02,Lancashire Constabulary,Lancashire Constabulary,-3.052149,53.815389,On or near Shopping Area,E01012736,Blackpool 010D,Violence and sexual offences,Court case unable to proceed,
1c77f100ed08ade3db9130d83e819c7d1bf5f4137a9bd65139cdf7e4cdef2e64,2019-02,Lancashire Constabulary,Lancashire Constabulary,-3.050285,53.814318,On or near Supermarket,E01012736,Blackpool 010D,Violence and sexual offences,Status update unavailable,
ae37f7e4a8242e480a449d05556e09b184e5001d2d83228ddfdd258674d68cd4,2019-02,Lancashire Constabulary,Lancashire Constabulary,-3.050285,53.814318,On or near Supermarket,E01012736,Blackpool 010D,Violence and sexual offences,Unable to prosecute suspect,
526ee6e7a176ff59a628012a1aa1935f85058658d4f6318be550b9a291e822c6,2019-02,Lancashire Constabulary,Lancashire Constabulary,-3.050621,53.813192,On or near Havelock Street,E01012736,Blackpool 010D,Violence and sexual offences,Status update unavailable,
20a59f100f5785d1ee92bbfe0bb6ad298f02995e4cc6b268813afaad2dc09c48,2019-02,Lancashire Constabulary,Lancashire Constabulary,-3.052609,53.814927,On or near Albert Road,E01012736,Blackpool 010D,Violence and sexual offences,Status update unavailable,
1e9e1612d45f305790ce60fe67a7fed659ea3b3dda7779d878e46ae03b306248,2019-02,Lancashire Constabulary,Lancashire Constabulary,-3.046940,53.815399,On or near Fleet Street,E01012736,Blackpool 010D,Violence and sexual offences,Status update unavailable,
0b427c1d6b338612ab6107454854826ac1a0a5e9298b9b0b5fc0782b458aac75,2019-02,Lancashire Constabulary,Lancashire Constabulary,-3.046723,53.814026,On or near Back Read'S Road,E01012736,Blackpool 010D,Violence and sexual offences,Status update unavailable,
93a897696e62c260eaa36a71518e6c4ff74824a1a3cdc435dcc25e62ec5585b3,2019-02,Lancashire Constabulary,Lancashire Constabulary,-3.046940,53.815399,On or near Fleet Street,E01012736,Blackpool 010D,Violence and sexual offences,Status update unavailable,
ebf3ca8c20647fcd40e0c2801d7edde44001fc016df355aa64d6b57cb0c53595,2019-02,Lancashire Constabulary,Lancashire Constabulary,-3.050285,53.814318,On or near Supermarket,E01012736,Blackpool 010D,Violence and sexual offences,Unable to prosecute suspect,
8b8c108f33f9f00873cd8f147ddb744ee46c48a224511a4b0ccb0d5101c3d4ae,2019-02,Lancashire Constabulary,Lancashire Constabulary,-3.050653,53.812032,On or near Chapel Street,E01012736,Blackpool 010D,Violence and sexual offences,Status update unavailable,
46315098ee8f76ab2db1704c1a181622ad72e6ec375a5bb1d2ddb30a8b75d8aa,2019-02,Lancashire Constabulary,Lancashire Constabulary,-3.048774,53.817091,On or near Alfred Street,E01012736,Blackpool 010D,Violence and sexual offences,Status update unavailable,
676ba89700252710952abbf2d67ac101d412ce889ab2f173f2aa3a83e3491238,2019-02,Lancashire Constabulary,Lancashire Constabulary,-3.053313,53.812143,On or near Police Station,E01012736,Blackpool 010D,Other crime,Unable to prosecute suspect,
d85e8d22d84c62d6a56b3ae80f84085b3bee68c72ad1dc018e9104aaae9dd64a,2019-02,Lancashire Constabulary,Lancashire Constabulary,-3.050285,53.814318,On or near Supermarket,E01012736,Blackpool 010D,Other crime,Status update unavailable,
f56e31222c5c460a9deccb1557908241e2662030a102c1c9431811a15c45b235,2019-02,Lancashire Constabulary,Lancashire Constabulary,-3.052858,53.817001,On or near Shopping Area,E01012736,Blackpool 010D,Other crime,Status update unavailable,
8defc40b6eac2f95054ae6c5549f7778959fa80734c7fdc1ab69c849cdd09a75,2019-02,Lancashire Constabulary,Lancashire Constabulary,-3.047828,53.813854,On or near Stanley Road,E01012736,Blackpool 010D,Other crime,Unable to prosecute suspect,
,2019-02,Lancashire Constabulary,Lancashire Constabulary,-3.055190,53.817933,On or near Nightclub,E01012737,Blackpool 010E,Anti-social behaviour,,
,2019-02,Lancashire Constabulary,Lancashire Constabulary,-3.050673,53.820130,On or near Nightclub,E01012737,Blackpool 010E,Anti-social behaviour,,
,2019-02,Lancashire Constabulary,Lancashire Constabulary,-3.050673,53.820130,On or near Nightclub,E01012737,Blackpool 010E,Anti-social behaviour,,
,2019-02,Lancashire Constabulary,Lancashire Constabulary,-3.044011,53.816728,On or near Raikes Parade,E01012737,Blackpool 010E,Anti-social behaviour,,
,2019-02,Lancashire Constabulary,Lancashire Constabulary,-3.055190,53.817933,On or near Nightclub,E01012737,Blackpool 010E,Anti-social behaviour,,
,2019-02,Lancashire Constabulary,Lancashire Constabulary,-3.045832,53.820316,On or near Charles Street,E01012737,Blackpool 010E,Anti-social behaviour,,
,2019-02,Lancashire Constabulary,Lancashire Constabulary,-3.055190,53.817933,On or near Nightclub,E01012737,Blackpool 010E,Anti-social behaviour,,
,2019-02,Lancashire Constabulary,Lancashire Constabulary,-3.048208,53.820583,On or near Swainson Street,E01012737,Blackpool 010E,Anti-social behaviour,,
,2019-02,Lancashire Constabulary,Lancashire Constabulary,-3.055413,53.817716,On or near Sports/Recreation Area,E01012737,Blackpool 010E,Anti-social behaviour,,
,2019-02,Lancashire Constabulary,Lancashire Constabulary,-3.050673,53.820130,On or near Nightclub,E01012737,Blackpool 010E,Anti-social behaviour,,
,2019-02,Lancashire Constabulary,Lancashire Constabulary,-3.047890,53.819382,On or near Cookson Street,E01012737,Blackpool 010E,Anti-social behaviour,,
,2019-02,Lancashire Constabulary,Lancashire Constabulary,-3.045937,53.819030,On or near Caunce Street,E01012737,Blackpool 010E,Anti-social behaviour,,
,2019-02,Lancashire Constabulary,Lancashire Constabulary,-3.055190,53.817933,On or near Nightclub,E01012737,Blackpool 010E,Anti-social behaviour,,
,2019-02,Lancashire Constabulary,Lancashire Constabulary,-3.043681,53.818726,On or near Parker Street,E01012737,Blackpool 010E,Anti-social behaviour,,
,2019-02,Lancashire Constabulary,Lancashire Constabulary,-3.046323,53.818703,On or near Shopping Area,E01012737,Blackpool 010E,Anti-social behaviour,,
,2019-02,Lancashire Constabulary,Lancashire Constabulary,-3.045937,53.819030,On or near Caunce Street,E01012737,Blackpool 010E,Anti-social behaviour,,
,2019-02,Lancashire Constabulary,Lancashire Constabulary,-3.053247,53.818598,On or near Nightclub,E01012737,Blackpool 010E,Anti-social behaviour,,
,2019-02,Lancashire Constabulary,Lancashire Constabulary,-3.050673,53.820130,On or near Nightclub,E01012737,Blackpool 010E,Anti-social behaviour,,
,2019-02,Lancashire Constabulary,Lancashire Constabulary,-3.043831,53.819246,On or near Peter Street,E01012737,Blackpool 010E,Anti-social behaviour,,
,2019-02,Lancashire Constabulary,Lancashire Constabulary,-3.055318,53.818786,On or near Talbot Square,E01012737,Blackpool 010E,Anti-social behaviour,,
,2019-02,Lancashire Constabulary,Lancashire Constabulary,-3.044871,53.815867,On or near Park Road,E01012737,Blackpool 010E,Anti-social behaviour,,
,2019-02,Lancashire Constabulary,Lancashire Constabulary,-3.051284,53.818444,On or near Shopping Area,E01012737,Blackpool 010E,Anti-social behaviour,,
,2019-02,Lancashire Constabulary,Lancashire Constabulary,-3.045937,53.819030,On or near Caunce Street,E01012737,Blackpool 010E,Anti-social behaviour,,
,2019-02,Lancashire Constabulary,Lancashire Constabulary,-3.055318,53.818786,On or near Talbot Square,E01012737,Blackpool 010E,Anti-social behaviour,,
,2019-02,Lancashire Constabulary,Lancashire Constabulary,-3.046323,53.818703,On or near Shopping Area,E01012737,Blackpool 010E,Anti-social behaviour,,
,2019-02,Lancashire Constabulary,Lancashire Constabulary,-3.055318,53.818786,On or near Talbot Square,E01012737,Blackpool 010E,Anti-social behaviour,,
,2019-02,Lancashire Constabulary,Lancashire Constabulary,-3.055318,53.818786,On or near Talbot Square,E01012737,Blackpool 010E,Anti-social behaviour,,
,2019-02,Lancashire Constabulary,Lancashire Constabulary,-3.055318,53.818786,On or near Talbot Square,E01012737,Blackpool 010E,Anti-social behaviour,,
,2019-02,Lancashire Constabulary,Lancashire Constabulary,-3.053247,53.818598,On or near Nightclub,E01012737,Blackpool 010E,Anti-social behaviour,,
,2019-02,Lancashire Constabulary,Lancashire Constabulary,-3.053082,53.819282,On or near Parking Area,E01012737,Blackpool 010E,Anti-social behaviour,,
,2019-02,Lancashire Constabulary,Lancashire Constabulary,-3.050056,53.817916,On or near Church Street,E01012737,Blackpool 010E,Anti-social behaviour,,
,2019-02,Lancashire Constabulary,Lancashire Constabulary,-3.049879,53.820551,On or near Talbot Road,E01012737,Blackpool 010E,Anti-social behaviour,,
,2019-02,Lancashire Constabulary,Lancashire Constabulary,-3.055190,53.817933,On or near Nightclub,E01012737,Blackpool 010E,Anti-social behaviour,,
,2019-02,Lancashire Constabulary,Lancashire Constabulary,-3.048287,53.819459,On or near Parking Area,E01012737,Blackpool 010E,Anti-social behaviour,,
,2019-02,Lancashire Constabulary,Lancashire Constabulary,-3.055190,53.817933,On or near Nightclub,E01012737,Blackpool 010E,Anti-social behaviour,,
4e00d2233500363fd709a8063a23c70ba8d03208c7eb2e7ac5ea2a2a07874a7b,2019-02,Lancashire Constabulary,Lancashire Constabulary,-3.050572,53.818504,On or near Cedar Square,E01012737,Blackpool 010E,Bicycle theft,Status update unavailable,
bfc71242d52aaec414e8aea2381ae947812e3acae980f09443390e455860107f,2019-02,Lancashire Constabulary,Lancashire Constabulary,-3.055413,53.817716,On or near Sports/Recreation Area,E01012737,Blackpool 010E,Bicycle theft,Status update unavailable,
6b64fee3a11e952500fd5197f7d6201552672c69666183f448f4812b572da89c,2019-02,Lancashire Constabulary,Lancashire Constabulary,-3.053123,53.818473,On or near Cheapside,E01012737,Blackpool 010E,Bicycle theft,Status update unavailable,
2597454ea074dcde0c614aec0430ecd1a35dbce32c89f36d813fd678f5730ddf,2019-02,Lancashire Constabulary,Lancashire Constabulary,-3.048208,53.820583,On or near Swainson Street,E01012737,Blackpool 010E,Bicycle theft,Status update unavailable,
5d060c8625d2cb6dc87862c3292e968ec10858c77e431950748457e6f1f222a6,2019-02,Lancashire Constabulary,Lancashire Constabulary,-3.048661,53.820462,On or near Parking Area,E01012737,Blackpool 010E,Bicycle theft,Status update unavailable,
5cc18a9957e7d54f25d2c180a00a94e3026c837b7a2d124dca56b06ae47ecace,2019-02,Lancashire Constabulary,Lancashire Constabulary,-3.048851,53.818331,On or near Nightclub,E01012737,Blackpool 010E,Bicycle theft,Status update unavailable,
ff22c5a7ea17cd7d7481615d1ab055fa35de22005fe3762ba3f5ed598d10b3b0,2019-02,Lancashire Constabulary,Lancashire Constabulary,-3.043681,53.818726,On or near Parker Street,E01012737,Blackpool 010E,Burglary,Status update unavailable,
7cfe5f5254514ff61d1952839855504c6c94c391dcfa900fd3f6839d65ac1190,2019-02,Lancashire Constabulary,Lancashire Constabulary,-3.048851,53.818331,On or near Nightclub,E01012737,Blackpool 010E,Burglary,Awaiting court outcome,
18a521a07bb6f77fb85fe2ac9b222360dec8b5f2eef2edb290a9c7f56791297c,2019-02,Lancashire Constabulary,Lancashire Constabulary,-3.050056,53.817916,On or near Church Street,E01012737,Blackpool 010E,Burglary,Status update unavailable,
190a0e70b98e2bc220e6b7eab35b0739cab544aa9188fb307e08f07100134034,2019-02,Lancashire Constabulary,Lancashire Constabulary,-3.050056,53.817916,On or near Church Street,E01012737,Blackpool 010E,Burglary,Status update unavailable,
532c8d126e7812ad8b7a40145fe3d3bf4c60c5a315f2a1a2c34a00a466605719,2019-02,Lancashire Constabulary,Lancashire Constabulary,-3.055190,53.817933,On or near Nightclub,E01012737,Blackpool 010E,Burglary,Status update unavailable,
6598399e610e7d30e79fc079f5f17f1842eb5fb07d84eae8e175a5dbae10a6b0,2019-02,Lancashire Constabulary,Lancashire Constabulary,-3.049192,53.818615,On or near Winstanley Grove,E01012737,Blackpool 010E,Burglary,Status update unavailable,
c26347a223de48ed1c46636e671eacdaecf8d994d88e4a1350ff6b5671eafb3a,2019-02,Lancashire Constabulary,Lancashire Constabulary,-3.055413,53.817716,On or near Sports/Recreation Area,E01012737,Blackpool 010E,Burglary,Defendant found not guilty,
387f4060535d38f335c37d4f9cf3be9e5a9b382b2b4abd3391c5d915361b3e43,2019-02,Lancashire Constabulary,Lancashire Constabulary,-3.052412,53.819198,On or near Abingdon Street,E01012737,Blackpool 010E,Burglary,Status update unavailable,
7a551ca15df33253f8e629e0c94bbd7902d792a1c74d64104d33ee412f7646b5,2019-02,Lancashire Constabulary,Lancashire Constabulary,-3.046007,53.818787,On or near Parking Area,E01012737,Blackpool 010E,Burglary,Status update unavailable,
34e220c9354c28fd3e329a791f3659530be6a69d1879e8a16be7e52325cb3c89,2019-02,Lancashire Constabulary,Lancashire Constabulary,-3.050056,53.817916,On or near Church Street,E01012737,Blackpool 010E,Burglary,Status update unavailable,
eac840338bb9540fd314eddf8d48d2c77106eeaeaf4829415c64c8963b1a7635,2019-02,Lancashire Constabulary,Lancashire Constabulary,-3.051284,53.818444,On or near Shopping Area,E01012737,Blackpool 010E,Criminal damage and arson,Status update unavailable,
c6a1eadd6d3869af90a2453b825d3c57180acc1955a93de399a88eed00dbd414,2019-02,Lancashire Constabulary,Lancashire Constabulary,-3.045832,53.820316,On or near Charles Street,E01012737,Blackpool 010E,Drugs,Status update unavailable,
4484257ae0a2f3fd7b6da7070a2e534b692012cf5c0f05a1da35a50016436a14,2019-02,Lancashire Constabulary,Lancashire Constabulary,-3.055318,53.818786,On or near Talbot Square,E01012737,Blackpool 010E,Drugs,Status update unavailable,
fd3c4ae115f55751766e04b8ad9fce72041b1390d556eb6d6f1ad3047e2e5bb1,2019-02,Lancashire Constabulary,Lancashire Constabulary,-3.055190,53.817933,On or near Nightclub,E01012737,Blackpool 010E,Drugs,Status update unavailable,
e1972754d0c6d2f701e84cd316a74723028ccadb81fe2a4141052afcac422911,2019-02,Lancashire Constabulary,Lancashire Constabulary,-3.046221,53.816403,On or near Regent Road,E01012737,Blackpool 010E,Other theft,Status update unavailable,
7dde5a3afadf1a1ac10cc9808a959717d4f3a38ef548ac750b21b3ee3adb9c2d,2019-02,Lancashire Constabulary,Lancashire Constabulary,-3.051144,53.819533,On or near Deansgate,E01012737,Blackpool 010E,Other theft,Status update unavailable,
55faf88d74e0658fa8db120a16633334c0b9d08af39572ff99f8b54ea1fda849,2019-02,Lancashire Constabulary,Lancashire Constabulary,-3.049954,53.818689,On or near Wood Street,E01012737,Blackpool 010E,Other theft,Unable to prosecute suspect,
9cb0c982c34bd6dd41029282c38f2453c2b73facd96eabeea064dea32614ed91,2019-02,Lancashire Constabulary,Lancashire Constabulary,-3.045562,53.819851,On or near Milbourne Street,E01012737,Blackpool 010E,Other theft,Status update unavailable,
5e9fa37a1ed66e31837f18766bf5f318dd18b6cfebaa69ef05ba86f119835e93,2019-02,Lancashire Constabulary,Lancashire Constabulary,-3.055318,53.818786,On or near Talbot Square,E01012737,Blackpool 010E,Other theft,Offender given community sentence,
acb6428f0b5e97e4694d6db24dc6e33ea949aeae1870b05532cd2156d4b672bd,2019-02,Lancashire Constabulary,Lancashire Constabulary,-3.050056,53.817916,On or near Church Street,E01012737,Blackpool 010E,Other theft,Status update unavailable,
613c7c949f251dfc30b2f597ca29f594de8f8c457f3267145909b252e5738559,2019-02,Lancashire Constabulary,Lancashire Constabulary,-3.048208,53.820583,On or near Swainson Street,E01012737,Blackpool 010E,Other theft,Unable to prosecute suspect,
55eec8aa20dea9fc2182f7d9f4c0ff5142d4d47170151d1eff01d50f98f2ad82,2019-02,Lancashire Constabulary,Lancashire Constabulary,-3.048208,53.820583,On or near Swainson Street,E01012737,Blackpool 010E,Other theft,Status update unavailable,
7771f2c2780d998ec3dd82dfea36ecac1bb75d3f7d07c4941b5da1dc419433d0,2019-02,Lancashire Constabulary,Lancashire Constabulary,-3.050056,53.817916,On or near Church Street,E01012737,Blackpool 010E,Other theft,Status update unavailable,
cb4183aebcb390602bf10a963bc4d8850ed6d7d6abd36851e08df6fb0880865f,2019-02,Lancashire Constabulary,Lancashire Constabulary,-3.046221,53.816403,On or near Regent Road,E01012737,Blackpool 010E,Other theft,Status update unavailable,
99e4ee0d316ef74b8c2892494855c2155fbf89cec9cf551a3365cc7933d4abf3,2019-02,Lancashire Constabulary,Lancashire Constabulary,-3.051284,53.818444,On or near Shopping Area,E01012737,Blackpool 010E,Other theft,Status update unavailable,
edb1310b58781f8001f8bc9607b164e214624a596200855904992e29a749522f,2019-02,Lancashire Constabulary,Lancashire Constabulary,-3.044011,53.816728,On or near Raikes Parade,E01012737,Blackpool 010E,Other theft,Status update unavailable,
2346ec2b8f32ee67adf3c9adb9c876bb8a133d104a3148085c34fd39c0c2fa57,2019-02,Lancashire Constabulary,Lancashire Constabulary,-3.055318,53.818786,On or near Talbot Square,E01012737,Blackpool 010E,Other theft,Status update unavailable,
6f3ad7e1df4557348a87a9b44ae35831965bc5a5a09db6815349646540fe816c,2019-02,Lancashire Constabulary,Lancashire Constabulary,-3.044011,53.816728,On or near Raikes Parade,E01012737,Blackpool 010E,Other theft,Status update unavailable,
ac95b250e386a0326dd4ab5a16b61302b776a7473ec36ba55b6bd4299c852b72,2019-02,Lancashire Constabulary,Lancashire Constabulary,-3.055413,53.817716,On or near Sports/Recreation Area,E01012737,Blackpool 010E,Other theft,Status update unavailable,
96fcc801b2acce34273f1ed16bc79c3685561e75d092644e97a89c9b8a9d0d93,2019-02,Lancashire Constabulary,Lancashire Constabulary,-3.045777,53.819328,On or near Grosvenor Street,E01012737,Blackpool 010E,Other theft,Status update unavailable,
91c3edb759b5f33fdcb2220bcc8ef9b2e9dea0727987958c46195291bfeff820,2019-02,Lancashire Constabulary,Lancashire Constabulary,-3.050056,53.817916,On or near Church Street,E01012737,Blackpool 010E,Other theft,Status update unavailable,
b7d060a60ac6c4509cadd1d725a340216d3b747a55bb74a25d8ebd9a555a452f,2019-02,Lancashire Constabulary,Lancashire Constabulary,-3.047493,53.821147,On or near Larkhill Street,E01012737,Blackpool 010E,Other theft,Status update unavailable,
485ffc375aba0cb5bd6141499081db3b5fc26d2060c9c2374bdfe8ed955d3915,2019-02,Lancashire Constabulary,Lancashire Constabulary,-3.051144,53.819533,On or near Deansgate,E01012737,Blackpool 010E,Public order,Unable to prosecute suspect,
a73d237d7961d13ad21c32f60b5148ef0915852c82909abb8686fe8a17c2533d,2019-02,Lancashire Constabulary,Lancashire Constabulary,-3.055190,53.817933,On or near Nightclub,E01012737,Blackpool 010E,Public order,Status update unavailable,
c05ee262be3f9350b772c41163e5b281cc2c22621f0b229c90347f3f41846346,2019-02,Lancashire Constabulary,Lancashire Constabulary,-3.044871,53.815867,On or near Park Road,E01012737,Blackpool 010E,Public order,Unable to prosecute suspect,
741f3474471c249e399cd747f07e7cfb70ff2fcb070a4594bc306bd8a1cd9dc4,2019-02,Lancashire Constabulary,Lancashire Constabulary,-3.050673,53.820130,On or near Nightclub,E01012737,Blackpool 010E,Public order,Further investigation is not in the public interest,
7157320f5986f23f0bcd48576005dfaebdc93ec9fa9d2e1719b91e54dbbc1a7a,2019-02,Lancashire Constabulary,Lancashire Constabulary,-3.055190,53.817933,On or near Nightclub,E01012737,Blackpool 010E,Public order,Status update unavailable,
edecb859fe4ae295878821b1a64025d98c27eede3a2839d154a53cf028bc8921,2019-02,Lancashire Constabulary,Lancashire Constabulary,-3.045937,53.819030,On or near Caunce Street,E01012737,Blackpool 010E,Public order,Status update unavailable,
afff2a85e57939f9933cbc1557739307bbe444233fc5a52ed4342cd6b8fa8ccd,2019-02,Lancashire Constabulary,Lancashire Constabulary,-3.055190,53.817933,On or near Nightclub,E01012737,Blackpool 010E,Public order,Awaiting court outcome,
b8294885925e580f82851e532606b542e067e767d88a9523b89351ba0263a223,2019-02,Lancashire Constabulary,Lancashire Constabulary,-3.043681,53.818726,On or near Parker Street,E01012737,Blackpool 010E,Public order,Status update unavailable,
c201567747769168e130aaeff7c4b395d1deffa883e0166ab418ae8278ec3572,2019-02,Lancashire Constabulary,Lancashire Constabulary,-3.046323,53.818703,On or near Shopping Area,E01012737,Blackpool 010E,Public order,Unable to prosecute suspect,
7e33acbff1c7fc390ceb3c13c143dab447cf577e8f2d382b27e608513cdcf9a5,2019-02,Lancashire Constabulary,Lancashire Constabulary,-3.051284,53.818444,On or near Shopping Area,E01012737,Blackpool 010E,Public order,Unable to prosecute suspect,
f5366da4d2a8a540d4ea66aa7b5a26fa6ddd87e3985d7bc1a05b241b465e5026,2019-02,Lancashire Constabulary,Lancashire Constabulary,-3.047493,53.821147,On or near Larkhill Street,E01012737,Blackpool 010E,Public order,Status update unavailable,
eec9ac88e253aeed2322e65ee2b88d5872a7117680ccae2fb4fd6c14a441fed6,2019-02,Lancashire Constabulary,Lancashire Constabulary,-3.047493,53.821147,On or near Larkhill Street,E01012737,Blackpool 010E,Public order,Awaiting court outcome,
d30bdcce45fec05a2e4e98b959320bf9a29df8997943d7eedab780e1294e0340,2019-02,Lancashire Constabulary,Lancashire Constabulary,-3.050040,53.819102,On or near Topping Street,E01012737,Blackpool 010E,Public order,Status update unavailable,
fc26d2dda267ba09b790bdfd144928ebd24059628a2ba227c9e044addb739133,2019-02,Lancashire Constabulary,Lancashire Constabulary,-3.051284,53.818444,On or near Shopping Area,E01012737,Blackpool 010E,Robbery,Status update unavailable,
b2948cea052f70318a0d1a3f83543e354fc3b15019284116a890acc65f585646,2019-02,Lancashire Constabulary,Lancashire Constabulary,-3.051284,53.818444,On or near Shopping Area,E01012737,Blackpool 010E,Robbery,Unable to prosecute suspect,
3f66ed4c1ee78f0c86e060d3650757034d8ccd305eab8f07968340fd75789aaa,2019-02,Lancashire Constabulary,Lancashire Constabulary,-3.052412,53.819198,On or near Abingdon Street,E01012737,Blackpool 010E,Shoplifting,Status update unavailable,
d968713aa35e9fffecf916cd81e732d995074cbc48432666e5c68429afb2867a,2019-02,Lancashire Constabulary,Lancashire Constabulary,-3.048208,53.820583,On or near Swainson Street,E01012737,Blackpool 010E,Shoplifting,Further investigation is not in the public interest,
92109dec002dbef66f89538d1f8539278bf311d77d40ab4ca8abf60a976152e5,2019-02,Lancashire Constabulary,Lancashire Constabulary,-3.047493,53.821147,On or near Larkhill Street,E01012737,Blackpool 010E,Shoplifting,Unable to prosecute suspect,
c074c7ee153a82e7cb154351b90c31630b97b3d0735a5126cd2990bc911ab6da,2019-02,Lancashire Constabulary,Lancashire Constabulary,-3.055413,53.817716,On or near Sports/Recreation Area,E01012737,Blackpool 010E,Shoplifting,Local resolution,
cb43e46c6ecd402cecb5a262799a349b6750e92a78b6334ebfd0252ab6205f3e,2019-02,Lancashire Constabulary,Lancashire Constabulary,-3.047493,53.821147,On or near Larkhill Street,E01012737,Blackpool 010E,Shoplifting,Offender given community sentence,
8bfb02c1496d0945fb5ea78d73afa9306fe3537e37d6a17036fee9ce82588028,2019-02,Lancashire Constabulary,Lancashire Constabulary,-3.047493,53.821147,On or near Larkhill Street,E01012737,Blackpool 010E,Shoplifting,Status update unavailable,
02a8b050a33750d8f1c55c32eca61edaf6fbab96037a318c8097b2d7fe30c67f,2019-02,Lancashire Constabulary,Lancashire Constabulary,-3.047493,53.821147,On or near Larkhill Street,E01012737,Blackpool 010E,Shoplifting,Unable to prosecute suspect,
f74df3ed4e3d78cc0382fccc6835b109812c6909a246c5e6873afd6bcbab133c,2019-02,Lancashire Constabulary,Lancashire Constabulary,-3.047493,53.821147,On or near Larkhill Street,E01012737,Blackpool 010E,Shoplifting,Local resolution,
d6258fee493536af3d488da1ce1a453864a8fdb500bbdf520b9c18e100d2ae85,2019-02,Lancashire Constabulary,Lancashire Constabulary,-3.047493,53.821147,On or near Larkhill Street,E01012737,Blackpool 010E,Shoplifting,Status update unavailable,
1c697983f25f329b2985b683eb0a2a3cbd1d555b3c8f059e3f13389e1512d5e6,2019-02,Lancashire Constabulary,Lancashire Constabulary,-3.050673,53.820130,On or near Nightclub,E01012737,Blackpool 010E,Shoplifting,Status update unavailable,
bd570b23559818a9c076d8e39bd601479565558f0727d6ba58aa6d20f507ffd7,2019-02,Lancashire Constabulary,Lancashire Constabulary,-3.048208,53.820583,On or near Swainson Street,E01012737,Blackpool 010E,Shoplifting,Local resolution,
17313b4832d54c9bf9dffd1c1596ee00fc15228a24bd56f9b93bbc30296851b6,2019-02,Lancashire Constabulary,Lancashire Constabulary,-3.048208,53.820583,On or near Swainson Street,E01012737,Blackpool 010E,Shoplifting,Formal action is not in the public interest,
6286165fb4e47411e45e0beafa50fe3122c1fe4ed981508584bba7128140449b,2019-02,Lancashire Constabulary,Lancashire Constabulary,-3.048208,53.820583,On or near Swainson Street,E01012737,Blackpool 010E,Shoplifting,Local resolution,
3f8e614a1a1dc7ff8bffd4079bf035e67cb28d06bfee9dc6e73d6b160669a3ca,2019-02,Lancashire Constabulary,Lancashire Constabulary,-3.050056,53.817916,On or near Church Street,E01012737,Blackpool 010E,Theft from the person,Status update unavailable,
61b68ffccfaaf861c5a0c0c77bc905c1fa5aa6534ea2f3ffd9054b9862d209ea,2019-02,Lancashire Constabulary,Lancashire Constabulary,-3.048851,53.818331,On or near Nightclub,E01012737,Blackpool 010E,Theft from the person,Status update unavailable,
42b8fef42c18cd64da036a8ba816aeea0aa389d40f813e86805be9dcb1e2edd6,2019-02,Lancashire Constabulary,Lancashire Constabulary,-3.048287,53.819459,On or near Parking Area,E01012737,Blackpool 010E,Theft from the person,Status update unavailable,
bb802581edb14fdffacf22ac616d061e056aa06efcb52d048e3f069e420aa7c2,2019-02,Lancashire Constabulary,Lancashire Constabulary,-3.051284,53.818444,On or near Shopping Area,E01012737,Blackpool 010E,Theft from the person,Status update unavailable,
5a6eef77aa3652561d171c10f1a2350c3915f6ea35982e4ef9252e06e6befd83,2019-02,Lancashire Constabulary,Lancashire Constabulary,-3.055318,53.818786,On or near Talbot Square,E01012737,Blackpool 010E,Violence and sexual offences,Formal action is not in the public interest,
29fdacc156028ec8adfee9a03c34f8b764712f0322bd2ead44933f784819227e,2019-02,Lancashire Constabulary,Lancashire Constabulary,-3.047890,53.819382,On or near Cookson Street,E01012737,Blackpool 010E,Violence and sexual offences,Unable to prosecute suspect,
a603bc009dd733013cb6b5a94aa4708810bd654d43fd5c38ddb251e77369ecc3,2019-02,Lancashire Constabulary,Lancashire Constabulary,-3.046323,53.818703,On or near Shopping Area,E01012737,Blackpool 010E,Violence and sexual offences,Unable to prosecute suspect,
a812d83974b097e2a42cf6bd08fa3d8eeaefcf3c04d5f85d2834284c2561e196,2019-02,Lancashire Constabulary,Lancashire Constabulary,-3.055190,53.817933,On or near Nightclub,E01012737,Blackpool 010E,Violence and sexual offences,Further investigation is not in the public interest,
316719c60a449f649a912061f343ad981373843941a7e3094c33f5aae27aaf97,2019-02,Lancashire Constabulary,Lancashire Constabulary,-3.046221,53.816403,On or near Regent Road,E01012737,Blackpool 010E,Violence and sexual offences,Offender given community sentence,
6b2c641550f23966895927454524299d45d317fbee44c4a49e273320aac81246,2019-02,Lancashire Constabulary,Lancashire Constabulary,-3.051284,53.818444,On or near Shopping Area,E01012737,Blackpool 010E,Violence and sexual offences,Status update unavailable,
00a89b29dc837f203140bf3840708d0a33473d3eec5f74041468ebe224fdff48,2019-02,Lancashire Constabulary,Lancashire Constabulary,-3.050673,53.820130,On or near Nightclub,E01012737,Blackpool 010E,Violence and sexual offences,Unable to prosecute suspect,
e0353e597a0dcd395c464063510c537e151247239ce5769624b5b49540aa514f,2019-02,Lancashire Constabulary,Lancashire Constabulary,-3.050040,53.819102,On or near Topping Street,E01012737,Blackpool 010E,Violence and sexual offences,Unable to prosecute suspect,
855acb22f33019b8e64dc40ad8966a0277727dee2c099e693489a9c0068a083e,2019-02,Lancashire Constabulary,Lancashire Constabulary,-3.050673,53.820130,On or near Nightclub,E01012737,Blackpool 010E,Violence and sexual offences,Unable to prosecute suspect,
1dd4a9e5a15ed7ff791aa978f43468403e7ff0ff07dd2490f11e12bd69a79b83,2019-02,Lancashire Constabulary,Lancashire Constabulary,-3.055190,53.817933,On or near Nightclub,E01012737,Blackpool 010E,Violence and sexual offences,Further investigation is not in the public interest,
f1b24fa22092007f9491045550758c51a52c471dc9fa932246d19408ec09782e,2019-02,Lancashire Constabulary,Lancashire Constabulary,-3.055190,53.817933,On or near Nightclub,E01012737,Blackpool 010E,Violence and sexual offences,Offender given a caution,
8654fbbfa0e31db072bce3160600d761843e5e535968c19a5a323c59bb327640,2019-02,Lancashire Constabulary,Lancashire Constabulary,-3.046323,53.818703,On or near Shopping Area,E01012737,Blackpool 010E,Violence and sexual offences,Awaiting court outcome,
0502f37f5395496614d50af1fd072450ff1765e909b5442acadf63253b6ed716,2019-02,Lancashire Constabulary,Lancashire Constabulary,-3.048851,53.818331,On or near Nightclub,E01012737,Blackpool 010E,Violence and sexual offences,Further investigation is not in the public interest,
47c580bbd29d701641e3e6d000d81c0a72a63e5414927a1a89a8a90e40e3fe05,2019-02,Lancashire Constabulary,Lancashire Constabulary,-3.053082,53.819282,On or near Parking Area,E01012737,Blackpool 010E,Violence and sexual offences,Status update unavailable,
0299e86579be8e05f1e4bae24ab37b8b5a13be40314385bf6e5c5f00d9eee9a8,2019-02,Lancashire Constabulary,Lancashire Constabulary,-3.047771,53.820102,On or near George Street,E01012737,Blackpool 010E,Violence and sexual offences,Status update unavailable,
aa98e2f96b147309c05cb37c229deb954498dd6485d2d1c0aaa2c84f014591d4,2019-02,Lancashire Constabulary,Lancashire Constabulary,-3.046323,53.818703,On or near Shopping Area,E01012737,Blackpool 010E,Violence and sexual offences,Unable to prosecute suspect,
0e08a10bb7a8fde08d173234025ce06d815156fdb01948f78f155d2a819f81d6,2019-02,Lancashire Constabulary,Lancashire Constabulary,-3.045777,53.819328,On or near Grosvenor Street,E01012737,Blackpool 010E,Violence and sexual offences,Status update unavailable,
38459938c60d500ca80ec46a8a7d267cda7e59a907067f1500e4d5158d2f786b,2019-02,Lancashire Constabulary,Lancashire Constabulary,-3.055190,53.817933,On or near Nightclub,E01012737,Blackpool 010E,Violence and sexual offences,Further investigation is not in the public interest,
160b8857c304d2a49b9ae07ee01e17f1f7b10f42ee7f89506cfd223371bb44e0,2019-02,Lancashire Constabulary,Lancashire Constabulary,-3.053082,53.819282,On or near Parking Area,E01012737,Blackpool 010E,Violence and sexual offences,Status update unavailable,
6ba13a8bd26779ac093a048de4e3a96a8d1b90e4d4d40e725474c9af68ca7980,2019-02,Lancashire Constabulary,Lancashire Constabulary,-3.052412,53.819198,On or near Abingdon Street,E01012737,Blackpool 010E,Violence and sexual offences,Status update unavailable,
7d18ee58c41afedc056afc5ca93b7e1c6ae1ad98bc68701982d9d896dc253533,2019-02,Lancashire Constabulary,Lancashire Constabulary,-3.052412,53.819198,On or near Abingdon Street,E01012737,Blackpool 010E,Violence and sexual offences,Status update unavailable,
c94ffc04fd3b41aaba7a39e15dac88fa2e6e6ebe80ab3c7b50707be5d83b34f9,2019-02,Lancashire Constabulary,Lancashire Constabulary,-3.052412,53.819198,On or near Abingdon Street,E01012737,Blackpool 010E,Violence and sexual offences,Status update unavailable,
18079b4ce70e9498cfa1acbfc0699859607f891e3affbb82f64fabbeadecd53f,2019-02,Lancashire Constabulary,Lancashire Constabulary,-3.050673,53.820130,On or near Nightclub,E01012737,Blackpool 010E,Violence and sexual offences,Status update unavailable,
bf49c0767a04a9a823367b08d6c3c33d8c4ce96a4b7d81648e5ff6beb5492ff8,2019-02,Lancashire Constabulary,Lancashire Constabulary,-3.055190,53.817933,On or near Nightclub,E01012737,Blackpool 010E,Violence and sexual offences,Status update unavailable,
9d6b4bab715fd8ae90ca69b5e26a577e7067921f12b41fed488f15ceca0eeb43,2019-02,Lancashire Constabulary,Lancashire Constabulary,-3.044871,53.815867,On or near Park Road,E01012737,Blackpool 010E,Violence and sexual offences,Status update unavailable,
929c9e24602a369336ff34850709a24f463f154c1e4882c17ce5c0a91bf0b7a9,2019-02,Lancashire Constabulary,Lancashire Constabulary,-3.048287,53.819459,On or near Parking Area,E01012737,Blackpool 010E,Violence and sexual offences,Further investigation is not in the public interest,
2d3cb52ef4ff2783d0391ac2ab2064ea837ea96446b400b635fffbb9db2ec812,2019-02,Lancashire Constabulary,Lancashire Constabulary,-3.044011,53.816728,On or near Raikes Parade,E01012737,Blackpool 010E,Violence and sexual offences,Offender given community sentence,
05f58e28331d89640d7c290a02bf556b9ef5c66eadceaf009e3db7d6acbe3e59,2019-02,Lancashire Constabulary,Lancashire Constabulary,-3.050056,53.817916,On or near Church Street,E01012737,Blackpool 010E,Violence and sexual offences,Status update unavailable,
60000c9be6001043a2b26268b1f615bc8726e9b6efe523ac044a2c876ae6dbdf,2019-02,Lancashire Constabulary,Lancashire Constabulary,-3.047890,53.819382,On or near Cookson Street,E01012737,Blackpool 010E,Violence and sexual offences,Further investigation is not in the public interest,
5fc122a7946364d2b1629e787834f702a0f541039db96301be1eb4eb4c32a634,2019-02,Lancashire Constabulary,Lancashire Constabulary,-3.045937,53.819030,On or near Caunce Street,E01012737,Blackpool 010E,Violence and sexual offences,Status update unavailable,
0090ec46983643f14d512d80749055c803c2c47b5260435aa270f8aad96fd584,2019-02,Lancashire Constabulary,Lancashire Constabulary,-3.044871,53.815867,On or near Park Road,E01012737,Blackpool 010E,Violence and sexual offences,Status update unavailable,
a7b7a8f6ee570303d06cc150a5d9e3bb505cc7329d6fc27ea1b784adc15681c0,2019-02,Lancashire Constabulary,Lancashire Constabulary,-3.044871,53.815867,On or near Park Road,E01012737,Blackpool 010E,Violence and sexual offences,Unable to prosecute suspect,
0b10c542d98d0d6d4c69fadecde44dae0c990ef44435826a7508605c73805089,2019-02,Lancashire Constabulary,Lancashire Constabulary,-3.053636,53.818963,On or near Nightclub,E01012737,Blackpool 010E,Violence and sexual offences,Unable to prosecute suspect,
5f9bebdbed1772f345d2c0f7b63655553e2eabef2f738e27bb7ea10079dd42f9,2019-02,Lancashire Constabulary,Lancashire Constabulary,-3.055190,53.817933,On or near Nightclub,E01012737,Blackpool 010E,Violence and sexual offences,Status update unavailable,
76ed608768cb6e95b7f538cf989ce005fbd4a2c05856deb2c6de5d6d4c9bb94d,2019-02,Lancashire Constabulary,Lancashire Constabulary,-3.055413,53.817716,On or near Sports/Recreation Area,E01012737,Blackpool 010E,Violence and sexual offences,Unable to prosecute suspect,
e919b75abc2323ea9baad37218f2cf5289b332e0d9d75252cb43669b828f3865,2019-02,Lancashire Constabulary,Lancashire Constabulary,-3.050673,53.820130,On or near Nightclub,E01012737,Blackpool 010E,Violence and sexual offences,Status update unavailable,
b903e18bc5175821a0a8eec16952d184632870d4839bd77f0b95a9e28ce3e8e9,2019-02,Lancashire Constabulary,Lancashire Constabulary,-3.055413,53.817716,On or near Sports/Recreation Area,E01012737,Blackpool 010E,Violence and sexual offences,Status update unavailable,
e885f81ac2af58bc63b501c838015046a53212ed981f5a8093beb2b967f7f492,2019-02,Lancashire Constabulary,Lancashire Constabulary,-3.055190,53.817933,On or near Nightclub,E01012737,Blackpool 010E,Violence and sexual offences,Unable to prosecute suspect,
b8b6cead9fecfd45ba965cbe45f42d56f1d9e57c255d70e42a410ad22236348e,2019-02,Lancashire Constabulary,Lancashire Constabulary,-3.045937,53.819030,On or near Caunce Street,E01012737,Blackpool 010E,Violence and sexual offences,Further investigation is not in the public interest,
d493b8813b8b0b86234643295737d8910add048efd0b4840046678bd294293d9,2019-02,Lancashire Constabulary,Lancashire Constabulary,-3.047771,53.820102,On or near George Street,E01012737,Blackpool 010E,Violence and sexual offences,Status update unavailable,
ee6b69892d54311825a7ea468ebe9e41745b5fb69920008d111a812e9bbad10f,2019-02,Lancashire Constabulary,Lancashire Constabulary,-3.048851,53.818331,On or near Nightclub,E01012737,Blackpool 010E,Violence and sexual offences,Unable to prosecute suspect,
197b7206b73a00de636d2a25a3d9bf8965cffac2daf76583bb10374e697dfb6e,2019-02,Lancashire Constabulary,Lancashire Constabulary,-3.048851,53.818331,On or near Nightclub,E01012737,Blackpool 010E,Violence and sexual offences,Status update unavailable,
,2019-02,Lancashire Constabulary,Lancashire Constabulary,-3.044322,53.813355,On or near Palatine Road,E01012670,Blackpool 011A,Anti-social behaviour,,
,2019-02,Lancashire Constabulary,Lancashire Constabulary,-3.043243,53.810865,On or near Jameson Street,E01012670,Blackpool 011A,Anti-social behaviour,,
,2019-02,Lancashire Constabulary,Lancashire Constabulary,-3.044032,53.811452,On or near Anderson Street,E01012670,Blackpool 011A,Anti-social behaviour,,
,2019-02,Lancashire Constabulary,Lancashire Constabulary,-3.044032,53.811452,On or near Anderson Street,E01012670,Blackpool 011A,Anti-social behaviour,,
,2019-02,Lancashire Constabulary,Lancashire Constabulary,-3.044564,53.809640,On or near Ashton Road,E01012670,Blackpool 011A,Anti-social behaviour,,
,2019-02,Lancashire Constabulary,Lancashire Constabulary,-3.044322,53.813355,On or near Palatine Road,E01012670,Blackpool 011A,Anti-social behaviour,,
,2019-02,Lancashire Constabulary,Lancashire Constabulary,-3.044032,53.811452,On or near Anderson Street,E01012670,Blackpool 011A,Anti-social behaviour,,
,2019-02,Lancashire Constabulary,Lancashire Constabulary,-3.044564,53.809640,On or near Ashton Road,E01012670,Blackpool 011A,Anti-social behaviour,,
,2019-02,Lancashire Constabulary,Lancashire Constabulary,-3.043243,53.810865,On or near Jameson Street,E01012670,Blackpool 011A,Anti-social behaviour,,
f54002eacb3b18ee1d246346a1d1379c9555664849ac41341c1486ccb3a2ff1f,2019-02,Lancashire Constabulary,Lancashire Constabulary,-3.045666,53.809388,On or near Grasmere Road,E01012670,Blackpool 011A,Burglary,Status update unavailable,
e90655f7c900d98d1157955bcca78741af7ae66151996da8249f88e073c1b153,2019-02,Lancashire Constabulary,Lancashire Constabulary,-3.044322,53.813355,On or near Palatine Road,E01012670,Blackpool 011A,Burglary,Unable to prosecute suspect,
e68de5c5b09848929cb9c96bfaf8909134fc20bb2356c628db493b6ad4cff5ab,2019-02,Lancashire Constabulary,Lancashire Constabulary,-3.044322,53.813355,On or near Palatine Road,E01012670,Blackpool 011A,Drugs,Offender given a caution,
966f8a303d600fee5d3413a1fc6be50f270eca51cad19780da1b814aa2dd4965,2019-02,Lancashire Constabulary,Lancashire Constabulary,-3.044564,53.809640,On or near Ashton Road,E01012670,Blackpool 011A,Other theft,Status update unavailable,
c553e87b2499f660367b380f470eeabbeac7f9e0c93ea0b9e3cfb2a9a12e2af3,2019-02,Lancashire Constabulary,Lancashire Constabulary,-3.044322,53.813355,On or near Palatine Road,E01012670,Blackpool 011A,Public order,Status update unavailable,
17c7caa438dbdb91575dbe3fc1c8fbb0b6c91586eab2b890842f496caf4424f6,2019-02,Lancashire Constabulary,Lancashire Constabulary,-3.044322,53.813355,On or near Palatine Road,E01012670,Blackpool 011A,Theft from the person,Status update unavailable,
3685612b393ae4dd16e6ccf273328bf9d779644a3a94a242a5004a313d71d9b8,2019-02,Lancashire Constabulary,Lancashire Constabulary,-3.046340,53.812061,On or near Ribble Road,E01012670,Blackpool 011A,Violence and sexual offences,Awaiting court outcome,
d36c29b3e11be100bc380ee176f22b6e022c14ecdc6740ceb83018c5b8363d52,2019-02,Lancashire Constabulary,Lancashire Constabulary,-3.046340,53.812061,On or near Ribble Road,E01012670,Blackpool 011A,Violence and sexual offences,Unable to prosecute suspect,
e5bb1c6ad79fe2ebc40913e50f372ff9813cc486a50018d965d769f2dd80a5bd,2019-02,Lancashire Constabulary,Lancashire Constabulary,-3.046340,53.812061,On or near Ribble Road,E01012670,Blackpool 011A,Violence and sexual offences,Unable to prosecute suspect,
c6cf27946e38b0ecec405e0843f235e6f84c33462699e58522d19a35edc99302,2019-02,Lancashire Constabulary,Lancashire Constabulary,-3.044389,53.810568,On or near Harrison Street,E01012670,Blackpool 011A,Violence and sexual offences,Status update unavailable,
70b0bc03d55948abeed680473830cc82e59df2fdbde45893474b8c52e7030e62,2019-02,Lancashire Constabulary,Lancashire Constabulary,-3.045450,53.809237,On or near Grasmere Road,E01012670,Blackpool 011A,Violence and sexual offences,Unable to prosecute suspect,
1c873060e496b317998e95586d37cac72abffd2777d04165984c7fa83c56b6f8,2019-02,Lancashire Constabulary,Lancashire Constabulary,-3.043243,53.810865,On or near Jameson Street,E01012670,Blackpool 011A,Violence and sexual offences,Status update unavailable,
b02053b5c60bc2927bba69ad462226b3d52742d2b720d0dcdf3c44af12a2292c,2019-02,Lancashire Constabulary,Lancashire Constabulary,-3.044564,53.809640,On or near Ashton Road,E01012670,Blackpool 011A,Violence and sexual offences,Status update unavailable,
2eb6e2cf3a44ebd7c830c2521755f34705c6bb79cff2eb57dc64979ab37e7797,2019-02,Lancashire Constabulary,Lancashire Constabulary,-3.044564,53.809640,On or near Ashton Road,E01012670,Blackpool 011A,Violence and sexual offences,Status update unavailable,
61061a24989f80c8fe9c606704504aeea1b6570d5f2528bdf32d154b08296f0a,2019-02,Lancashire Constabulary,Lancashire Constabulary,-3.044032,53.811452,On or near Anderson Street,E01012670,Blackpool 011A,Violence and sexual offences,Status update unavailable,
96701dca51e96ab2ac38f1570c3888472545aebcfff950cce114943bd4024667,2019-02,Lancashire Constabulary,Lancashire Constabulary,-3.044032,53.811452,On or near Anderson Street,E01012670,Blackpool 011A,Other crime,Formal action is not in the public interest,
,2019-02,Lancashire Constabulary,Lancashire Constabulary,-3.035555,53.814428,On or near Whitegate Drive,E01012733,Blackpool 011B,Anti-social behaviour,,
,2019-02,Lancashire Constabulary,Lancashire Constabulary,-3.037058,53.813166,On or near St Alban'S Road,E01012733,Blackpool 011B,Anti-social behaviour,,
,2019-02,Lancashire Constabulary,Lancashire Constabulary,-3.036684,53.816477,On or near Supermarket,E01012733,Blackpool 011B,Anti-social behaviour,,
,2019-02,Lancashire Constabulary,Lancashire Constabulary,-3.036684,53.816477,On or near Supermarket,E01012733,Blackpool 011B,Anti-social behaviour,,
a1f8894b0d311dcee8154f7940a81979d42cc14d213c3702d3780529c95ddc15,2019-02,Lancashire Constabulary,Lancashire Constabulary,-3.036684,53.816477,On or near Supermarket,E01012733,Blackpool 011B,Bicycle theft,Status update unavailable,
84082f3890e456239a3ffe9a9b4b579ff14949e49bf32490ef578a5e869e9916,2019-02,Lancashire Constabulary,Lancashire Constabulary,-3.036684,53.816477,On or near Supermarket,E01012733,Blackpool 011B,Criminal damage and arson,Status update unavailable,
0650d4fd8a00799287691f4748138cf4b59393288a266b7c9ade53e686cec8a5,2019-02,Lancashire Constabulary,Lancashire Constabulary,-3.036684,53.816477,On or near Supermarket,E01012733,Blackpool 011B,Criminal damage and arson,Status update unavailable,
cd129fb4fec5e1485a04e159bb63f34dd18c3256275b2f7df3f4a15dad10ace2,2019-02,Lancashire Constabulary,Lancashire Constabulary,-3.036684,53.816477,On or near Supermarket,E01012733,Blackpool 011B,Other theft,Status update unavailable,
ffa047c5477e1ae864420950b047a9200c837ebb905f1e165bd73aa69cae92e1,2019-02,Lancashire Constabulary,Lancashire Constabulary,-3.036684,53.816477,On or near Supermarket,E01012733,Blackpool 011B,Public order,Formal action is not in the public interest,
a5c27d04efad9de0d147f3ac6774d3a6a5b8c6b8205578f0db5e5bba5d6cfb6e,2019-02,Lancashire Constabulary,Lancashire Constabulary,-3.036684,53.816477,On or near Supermarket,E01012733,Blackpool 011B,Shoplifting,Status update unavailable,
576dfeab06d9fed1d56aa48ae716785cd5024fb2d683c136b700fb1ec06c7154,2019-02,Lancashire Constabulary,Lancashire Constabulary,-3.036684,53.816477,On or near Supermarket,E01012733,Blackpool 011B,Theft from the person,Status update unavailable,
8a3bf71b175d4419dff01c52dd7db8a40ba0b93cf706bb024d4c181c7ad9f169,2019-02,Lancashire Constabulary,Lancashire Constabulary,-3.037940,53.814462,On or near Gainsborough Road,E01012733,Blackpool 011B,Violence and sexual offences,Status update unavailable,
4981b6eef776e032a0d746df52fa38bb6d58bcbbdeae87da90f89874b594b593,2019-02,Lancashire Constabulary,Lancashire Constabulary,-3.037940,53.814462,On or near Gainsborough Road,E01012733,Blackpool 011B,Violence and sexual offences,Unable to prosecute suspect,
909d8d75177f623094fafdbe3ae19a4ba6fafa79e53a2300ad2f5451cc817711,2019-02,Lancashire Constabulary,Lancashire Constabulary,-3.037940,53.814462,On or near Gainsborough Road,E01012733,Blackpool 011B,Violence and sexual offences,Status update unavailable,
515a65efa23a5df5ba5fac7b27069293c27b629cc26136af3275603f47b534cf,2019-02,Lancashire Constabulary,Lancashire Constabulary,-3.037058,53.813166,On or near St Alban'S Road,E01012733,Blackpool 011B,Violence and sexual offences,Status update unavailable,
46451ca0e5c4a2e67467f34110cab1af6bb2f41a729bcaa9c1a5477872f9455f,2019-02,Lancashire Constabulary,Lancashire Constabulary,-3.037940,53.814462,On or near Gainsborough Road,E01012733,Blackpool 011B,Violence and sexual offences,Status update unavailable,
,2019-02,Lancashire Constabulary,Lancashire Constabulary,-3.034224,53.814682,On or near Kensington Road,E01012734,Blackpool 011C,Anti-social behaviour,,
,2019-02,Lancashire Constabulary,Lancashire Constabulary,-3.037312,53.813640,On or near Portland Road,E01012734,Blackpool 011C,Anti-social behaviour,,
,2019-02,Lancashire Constabulary,Lancashire Constabulary,-3.034224,53.814682,On or near Kensington Road,E01012734,Blackpool 011C,Anti-social behaviour,,
,2019-02,Lancashire Constabulary,Lancashire Constabulary,-3.035304,53.814727,On or near Supermarket,E01012734,Blackpool 011C,Anti-social behaviour,,
,2019-02,Lancashire Constabulary,Lancashire Constabulary,-3.035304,53.814727,On or near Supermarket,E01012734,Blackpool 011C,Anti-social behaviour,,
,2019-02,Lancashire Constabulary,Lancashire Constabulary,-3.037312,53.813640,On or near Portland Road,E01012734,Blackpool 011C,Anti-social behaviour,,
,2019-02,Lancashire Constabulary,Lancashire Constabulary,-3.035304,53.814727,On or near Supermarket,E01012734,Blackpool 011C,Anti-social behaviour,,
0f79eefa1f946baa9f184498bdae761d6e5713773ff3848864c2e674b2910318,2019-02,Lancashire Constabulary,Lancashire Constabulary,-3.035304,53.814727,On or near Supermarket,E01012734,Blackpool 011C,Other theft,Formal action is not in the public interest,
26684c148e198431c2403564587c4510d018a7072aa53f2b13dce10756276371,2019-02,Lancashire Constabulary,Lancashire Constabulary,-3.035304,53.814727,On or near Supermarket,E01012734,Blackpool 011C,Other theft,Status update unavailable,
2c75441dc7e4593a6859fc3e1c3e1e6b2de33be5e9c007ba682816a75f9b2eca,2019-02,Lancashire Constabulary,Lancashire Constabulary,-3.032825,53.813984,On or near Gorse Road,E01012734,Blackpool 011C,Other theft,Status update unavailable,
496aa887d0a87b9c4e7fea7c13bd838fc5cd6f25cf9782cf01f377ced42f958c,2019-02,Lancashire Constabulary,Lancashire Constabulary,-3.032825,53.813984,On or near Gorse Road,E01012734,Blackpool 011C,Other theft,Status update unavailable,
a972d079a3b3d0972c8f84e795672797813bda42dd564ab139fac27184cd1171,2019-02,Lancashire Constabulary,Lancashire Constabulary,-3.035304,53.814727,On or near Supermarket,E01012734,Blackpool 011C,Public order,Local resolution,
41843bd9343f57cacfbb4830956b5161ef740b505d57f64cb450da55cba43bbe,2019-02,Lancashire Constabulary,Lancashire Constabulary,-3.032222,53.812929,On or near Woodland Grove,E01012734,Blackpool 011C,Shoplifting,Formal action is not in the public interest,
46efaf3864aec3fb65ea3dfd88fc0f6b951f50161b828bbd4ebf0cb6213d906a,2019-02,Lancashire Constabulary,Lancashire Constabulary,-3.032222,53.812929,On or near Woodland Grove,E01012734,Blackpool 011C,Shoplifting,Status update unavailable,
fc5b756525d46314e851aa4de988679dc638638b45493e3aa0e51c9e83f2829d,2019-02,Lancashire Constabulary,Lancashire Constabulary,-3.032222,53.812929,On or near Woodland Grove,E01012734,Blackpool 011C,Shoplifting,Status update unavailable,
54f93b1342cbf2c82b02d99dca6a0cd0739d39fed9ee490516d54e9c3cf84ee1,2019-02,Lancashire Constabulary,Lancashire Constabulary,-3.032238,53.814187,On or near Harley Road,E01012734,Blackpool 011C,Vehicle crime,Status update unavailable,
424562af2b839b1ff05b83a1234057ee637a9f422deb5bcb892656110049aa84,2019-02,Lancashire Constabulary,Lancashire Constabulary,-3.034598,53.815659,On or near Tyne Avenue,E01012734,Blackpool 011C,Violence and sexual offences,Unable to prosecute suspect,
1e4d1ab6fed0717e0fa6d83c356d8d1d77015b9ab37c02ea443322f29b6d2479,2019-02,Lancashire Constabulary,Lancashire Constabulary,-3.037312,53.813640,On or near Portland Road,E01012734,Blackpool 011C,Violence and sexual offences,Unable to prosecute suspect,
794a817e8e9283fc12086f602af5efbc4e1a39c026c05fba8b8c00eb0170f76d,2019-02,Lancashire Constabulary,Lancashire Constabulary,-3.033752,53.815235,On or near Breck Road,E01012734,Blackpool 011C,Violence and sexual offences,Further investigation is not in the public interest,
8f396f932964c874c874f20a31b1159ebebe3f2367633dff9106ab7be3fd1206,2019-02,Lancashire Constabulary,Lancashire Constabulary,-3.033804,53.813014,On or near Glen Street,E01012734,Blackpool 011C,Violence and sexual offences,Status update unavailable,
f97ddf3412bcfe9171b58f134928495ebaccf7d6ec50787087108fd79111bf57,2019-02,Lancashire Constabulary,Lancashire Constabulary,-3.037312,53.813640,On or near Portland Road,E01012734,Blackpool 011C,Violence and sexual offences,Unable to prosecute suspect,
badfddf20fddc89d1bce58676693f966bcae24963658047b14848081887db225,2019-02,Lancashire Constabulary,Lancashire Constabulary,-3.034251,53.816399,On or near Mere Road,E01012734,Blackpool 011C,Violence and sexual offences,Status update unavailable,
fe1570d95b0c2f3426fd4aae449ec287506c1b2f27733a66c8ee8cb1d456894b,2019-02,Lancashire Constabulary,Lancashire Constabulary,-3.034598,53.815659,On or near Tyne Avenue,E01012734,Blackpool 011C,Violence and sexual offences,Status update unavailable,
a04ceafd0386e394e51686b881b686013176585ab7c1dd4ecc08c5b0adb3a06f,2019-02,Lancashire Constabulary,Lancashire Constabulary,-3.034598,53.815659,On or near Tyne Avenue,E01012734,Blackpool 011C,Violence and sexual offences,Unable to prosecute suspect,
ebea0eb89de0c556de4e3a7daa8f29aff8484329ff566e5d8952458cb5cb84c1,2019-02,Lancashire Constabulary,Lancashire Constabulary,-3.037312,53.813640,On or near Portland Road,E01012734,Blackpool 011C,Violence and sexual offences,Status update unavailable,
c8b31609fe27063297fc9af91ff5d733bfdc942d6be42fc742c01abffd226e8c,2019-02,Lancashire Constabulary,Lancashire Constabulary,-3.035215,53.815456,On or near Lyceum Avenue,E01012734,Blackpool 011C,Violence and sexual offences,Unable to prosecute suspect,
0169af38b7602b77926214c0b2484492a37e837406ae033c4ed07a92906abaed,2019-02,Lancashire Constabulary,Lancashire Constabulary,-3.034224,53.814682,On or near Kensington Road,E01012734,Blackpool 011C,Violence and sexual offences,Status update unavailable,
bc393992db5ad84eba3e9746386df3af5857f67243c30664bc8792696a711db7,2019-02,Lancashire Constabulary,Lancashire Constabulary,-3.035215,53.815456,On or near Lyceum Avenue,E01012734,Blackpool 011C,Violence and sexual offences,Further investigation is not in the public interest,
,2019-02,Lancashire Constabulary,Lancashire Constabulary,-3.042718,53.809935,On or near Keswick Road,E01012738,Blackpool 011D,Anti-social behaviour,,
d6d9b8982fc710f446697ab9ad31c8f970d7713f751c4ddd85453b557ef429bb,2019-02,Lancashire Constabulary,Lancashire Constabulary,-3.041649,53.807850,On or near Wyre Grove,E01012738,Blackpool 011D,Burglary,Status update unavailable,
5be877b5df65e14b1d87715ceeb5e0c65a1bfd28e6cb5de28b577726baf63702,2019-02,Lancashire Constabulary,Lancashire Constabulary,-3.042288,53.809741,On or near Fern Grove,E01012738,Blackpool 011D,Burglary,Offender sent to prison,
07dbf01c350fb884a0c47a453e350c72283f27c4d6bb1b415898bdece96a06a5,2019-02,Lancashire Constabulary,Lancashire Constabulary,-3.042288,53.809741,On or near Fern Grove,E01012738,Blackpool 011D,Other theft,Status update unavailable,
bf9e2dd6424d253fdc3314455c1792a2da0db73b798c5822dcfa119ade373987,2019-02,Lancashire Constabulary,Lancashire Constabulary,-3.042718,53.809935,On or near Keswick Road,E01012738,Blackpool 011D,Other theft,Unable to prosecute suspect,
719531be2330ffda9c4e95c8ff0c19b9168f410ddf627ee8241a8992b4d3dbf7,2019-02,Lancashire Constabulary,Lancashire Constabulary,-3.042718,53.809935,On or near Keswick Road,E01012738,Blackpool 011D,Other theft,Status update unavailable,
69c3511b8facee04cb648ce9dc039048822e8a819b97006e6f235aa384253ab5,2019-02,Lancashire Constabulary,Lancashire Constabulary,-3.042288,53.809741,On or near Fern Grove,E01012738,Blackpool 011D,Public order,Local resolution,
6497e2945835fbed6dd3398403113598463e3815d6fd852572b1473b1ab82f93,2019-02,Lancashire Constabulary,Lancashire Constabulary,-3.042288,53.809741,On or near Fern Grove,E01012738,Blackpool 011D,Vehicle crime,Status update unavailable,
c6db8a6343f7efe74aa3d742ce71b1e5ed1641beca1bc5a864b832f3742cd9c1,2019-02,Lancashire Constabulary,Lancashire Constabulary,-3.040640,53.807580,On or near Levens Grove,E01012738,Blackpool 011D,Vehicle crime,Status update unavailable,
dc0c15d4f38f965861c26440e1e4a926786aec5b1dac16839e46bb573bd275a1,2019-02,Lancashire Constabulary,Lancashire Constabulary,-3.042288,53.809741,On or near Fern Grove,E01012738,Blackpool 011D,Violence and sexual offences,Status update unavailable,
e2a18a39b7dcdb666c7fd94fa6ec91aade32458bc730e1b7983633e028837172,2019-02,Lancashire Constabulary,Lancashire Constabulary,-3.043350,53.810280,On or near Ashton Road,E01012738,Blackpool 011D,Violence and sexual offences,Further investigation is not in the public interest,
c6e93f9285e27bc9d40e017ee76c1df29647ca69a62ea2258359df0c3a67b235,2019-02,Lancashire Constabulary,Lancashire Constabulary,-3.043350,53.810280,On or near Ashton Road,E01012738,Blackpool 011D,Violence and sexual offences,Unable to prosecute suspect,
f4c1ae26044f31fe0df033aec8da6702ea0aa79d6e6d802801c88580a85f78ce,2019-02,Lancashire Constabulary,Lancashire Constabulary,-3.041056,53.809042,On or near Lune Grove,E01012738,Blackpool 011D,Violence and sexual offences,Unable to prosecute suspect,
,2019-02,Lancashire Constabulary,Lancashire Constabulary,-3.038235,53.808590,On or near Knox Grove,E01012739,Blackpool 011E,Anti-social behaviour,,
,2019-02,Lancashire Constabulary,Lancashire Constabulary,-3.036522,53.806852,On or near Dinckley Grove,E01012739,Blackpool 011E,Anti-social behaviour,,
,2019-02,Lancashire Constabulary,Lancashire Constabulary,-3.038235,53.808590,On or near Knox Grove,E01012739,Blackpool 011E,Anti-social behaviour,,
,2019-02,Lancashire Constabulary,Lancashire Constabulary,-3.039536,53.808983,On or near Jeffrey Square,E01012739,Blackpool 011E,Anti-social behaviour,,
75c82bd94e84314448bf377e3596310ad7bdc23b0f6efd0b5aaa8c524454e9e1,2019-02,Lancashire Constabulary,Lancashire Constabulary,-3.038235,53.808590,On or near Knox Grove,E01012739,Blackpool 011E,Bicycle theft,Status update unavailable,
1fb8968e7e38cb7010b5ab05c13cbb4ea80815310778fe8fe0e2405c6de35e57,2019-02,Lancashire Constabulary,Lancashire Constabulary,-3.037420,53.806934,On or near Sharow Grove,E01012739,Blackpool 011E,Violence and sexual offences,Status update unavailable,
5ba8dda5238a268365ee1fdf64d78cf8d8816e3cff667afa70981c84912ecb44,2019-02,Lancashire Constabulary,Lancashire Constabulary,-3.039915,53.807110,On or near Bela Grove,E01012739,Blackpool 011E,Violence and sexual offences,Status update unavailable,
a7434c5e55618d71c87304729cfcbf28c6fb7d7ab8b2e8ae58caeda4eb304c2f,2019-02,Lancashire Constabulary,Lancashire Constabulary,-3.035650,53.807201,On or near Kingsland Grove,E01012739,Blackpool 011E,Violence and sexual offences,Unable to prosecute suspect,
d2c42c3471ff3a1991cab35fdcf6d152e6975e35d1ecf2d7b5e4e49227326f7c,2019-02,Lancashire Constabulary,Lancashire Constabulary,-3.035650,53.807201,On or near Kingsland Grove,E01012739,Blackpool 011E,Violence and sexual offences,Investigation complete; no suspect identified,
45eed8bfc933d9fd3121c79df496ed55c20770eb5cdc017e55731dd4d786b14c,2019-02,Lancashire Constabulary,Lancashire Constabulary,-3.036637,53.805961,On or near Auburn Grove,E01012739,Blackpool 011E,Violence and sexual offences,Status update unavailable,
603765b0cbcc41e908815825780de6b837204b37f788b3414cef4760a09e1ff1,2019-02,Lancashire Constabulary,Lancashire Constabulary,-3.034315,53.806655,On or near Cunliffe Road,E01012739,Blackpool 011E,Violence and sexual offences,Status update unavailable,
c2eeb1527c33cc9f59c6b7127c771f54403f65a875290efa66da141fb434c7dd,2019-02,Lancashire Constabulary,Lancashire Constabulary,-3.036637,53.805961,On or near Auburn Grove,E01012739,Blackpool 011E,Violence and sexual offences,Unable to prosecute suspect,
,2019-02,Lancashire Constabulary,Lancashire Constabulary,-3.034612,53.809457,On or near Snowdon Close,E01012742,Blackpool 011F,Anti-social behaviour,,
,2019-02,Lancashire Constabulary,Lancashire Constabulary,-3.041055,53.813895,On or near Further/Higher Educational Building,E01012742,Blackpool 011F,Anti-social behaviour,,
6204fce8ee2e5d9badf704c51c4640ab7854a6187348dad154203868509bc872,2019-02,Lancashire Constabulary,Lancashire Constabulary,-3.037146,53.812437,On or near Gloucester Avenue,E01012742,Blackpool 011F,Burglary,Status update unavailable,
b4b8bd6c6665b8291c60681fa8d5e4feed09fd9de4a80f37f45769c92e418196,2019-02,Lancashire Constabulary,Lancashire Constabulary,-3.037831,53.810031,On or near Balmer Grove,E01012742,Blackpool 011F,Drugs,Status update unavailable,
b291d9b54555100776927cfe13dd09de7b032cec24c22a968beef6c4ade64897,2019-02,Lancashire Constabulary,Lancashire Constabulary,-3.040735,53.813853,On or near Montreal Avenue,E01012742,Blackpool 011F,Other theft,Status update unavailable,
4d308b8ee39ec8b97cfb89545b52a4b9aa3c7cbac5f6612ec5424b81e4d43b64,2019-02,Lancashire Constabulary,Lancashire Constabulary,-3.041921,53.813286,On or near Bennett Avenue,E01012742,Blackpool 011F,Public order,Status update unavailable,
8bc8d40d2a7ff2922a6ae6dff130910482d99f7f188a6c623f40d036f1fbe418,2019-02,Lancashire Constabulary,Lancashire Constabulary,-3.041921,53.813286,On or near Bennett Avenue,E01012742,Blackpool 011F,Public order,Status update unavailable,
3f39b969946f6bfd5c4aa64aa31e18463b5b12d824a8358d6cf9ef90bbea5bd9,2019-02,Lancashire Constabulary,Lancashire Constabulary,-3.037146,53.812437,On or near Gloucester Avenue,E01012742,Blackpool 011F,Violence and sexual offences,Status update unavailable,
3ce6c3bf7cd6abb5c89bfc759ca4e892c10f8779bf36d80d6acc5107f1a17f7c,2019-02,Lancashire Constabulary,Lancashire Constabulary,-3.039351,53.811942,On or near Salisbury Road,E01012742,Blackpool 011F,Violence and sexual offences,Unable to prosecute suspect,
548cee1d2b128863eb9ebaf4655497b4f25ee649147ce08249d2ec46a3d404f6,2019-02,Lancashire Constabulary,Lancashire Constabulary,-3.042979,53.813708,On or near Palatine Road,E01012742,Blackpool 011F,Violence and sexual offences,Unable to prosecute suspect,
4cded9b5f4add57974bb4a47c01fba4daafd9a392bc0da7c280d77633c70edb9,2019-02,Lancashire Constabulary,Lancashire Constabulary,-3.041055,53.813895,On or near Further/Higher Educational Building,E01012742,Blackpool 011F,Violence and sexual offences,Status update unavailable,
4d4d9959838f193264e2c2136260645299b1f280557b889ac08c1a052fb707aa,2019-02,Lancashire Constabulary,Lancashire Constabulary,-3.040735,53.813853,On or near Montreal Avenue,E01012742,Blackpool 011F,Violence and sexual offences,Further investigation is not in the public interest,
49aba82d07644a44f29cee63c6453cdb037b84a0a736c2ccdac5368a92cea581,2019-02,Lancashire Constabulary,Lancashire Constabulary,-3.037146,53.812437,On or near Gloucester Avenue,E01012742,Blackpool 011F,Other crime,Status update unavailable,
,2019-02,Lancashire Constabulary,Lancashire Constabulary,-3.025449,53.815441,On or near Parking Area,E01012712,Blackpool 012A,Anti-social behaviour,,
,2019-02,Lancashire Constabulary,Lancashire Constabulary,-3.025449,53.815441,On or near Parking Area,E01012712,Blackpool 012A,Anti-social behaviour,,
,2019-02,Lancashire Constabulary,Lancashire Constabulary,-3.025449,53.815441,On or near Parking Area,E01012712,Blackpool 012A,Anti-social behaviour,,
,2019-02,Lancashire Constabulary,Lancashire Constabulary,-3.020039,53.809708,On or near Colchester Road,E01012712,Blackpool 012A,Anti-social behaviour,,
,2019-02,Lancashire Constabulary,Lancashire Constabulary,-3.020039,53.809708,On or near Colchester Road,E01012712,Blackpool 012A,Anti-social behaviour,,
,2019-02,Lancashire Constabulary,Lancashire Constabulary,-3.019511,53.807968,On or near Dryburgh Avenue,E01012712,Blackpool 012A,Anti-social behaviour,,
f297b30427641db9716cb2337b9ac20f8767ce2f1beae05780a1e44e719b21d3,2019-02,Lancashire Constabulary,Lancashire Constabulary,-3.026874,53.813460,On or near Sports/Recreation Area,E01012712,Blackpool 012A,Bicycle theft,Status update unavailable,
8de8eb34c3923e6e79479fe4c5ff6ae140f08c6ad623b2ef7bd148cc40c25bd3,2019-02,Lancashire Constabulary,Lancashire Constabulary,-3.019941,53.804441,On or near Rosemede Avenue,E01012712,Blackpool 012A,Bicycle theft,Unable to prosecute suspect,
2ee0d26d806272c8efc6455e844e82e751fae202ad776662443e4fa08addb216,2019-02,Lancashire Constabulary,Lancashire Constabulary,-3.026874,53.813460,On or near Sports/Recreation Area,E01012712,Blackpool 012A,Bicycle theft,Status update unavailable,
bb6a4fb22181c7a024f046f642b8c137998b0db360d4f4f482a93071430bb79d,2019-02,Lancashire Constabulary,Lancashire Constabulary,-3.018100,53.813688,On or near East Park Drive,E01012712,Blackpool 012A,Violence and sexual offences,Status update unavailable,
10484bffe780e1608565aa1a7cf884df7685bbe446f86c9dc952f4cdfd2f7acb,2019-02,Lancashire Constabulary,Lancashire Constabulary,-3.025989,53.813297,On or near Sports/Recreation Area,E01012712,Blackpool 012A,Violence and sexual offences,Status update unavailable,
3f8271fe380dfa2b509e89ef64e0eccfa627855e9e7b177617b7d053577ceaaa,2019-02,Lancashire Constabulary,Lancashire Constabulary,-3.020039,53.809708,On or near Colchester Road,E01012712,Blackpool 012A,Violence and sexual offences,Status update unavailable,
c92701904a096de1c30be710fcf66d6c98e46870cf50b971fcdcd12be81ccd85,2019-02,Lancashire Constabulary,Lancashire Constabulary,-3.020808,53.808254,On or near Weymouth Road,E01012712,Blackpool 012A,Violence and sexual offences,Local resolution,
b0c045e54afc39bee72f3720d2467282ebd4382af5bfc43ac9a973dd17452324,2019-02,Lancashire Constabulary,Lancashire Constabulary,-3.019511,53.807968,On or near Dryburgh Avenue,E01012712,Blackpool 012A,Violence and sexual offences,Status update unavailable,
13bef93d67d75573cc3beb44549a39e1f58ad9c76efb78707b403667dcd08310,2019-02,Lancashire Constabulary,Lancashire Constabulary,-3.020039,53.809708,On or near Colchester Road,E01012712,Blackpool 012A,Violence and sexual offences,Status update unavailable,
592856cbe33676f733f43f1443eb22f1febd7afaedd1001d32f25c8fc5161c6a,2019-02,Lancashire Constabulary,Lancashire Constabulary,-3.023006,53.804343,On or near Barclay Avenue,E01012712,Blackpool 012A,Violence and sexual offences,Status update unavailable,
4a961234699316bcec416bda11bad1915f7cc10c249fefe69be7943460442cfe,2019-02,Lancashire Constabulary,Lancashire Constabulary,-3.025989,53.813297,On or near Sports/Recreation Area,E01012712,Blackpool 012A,Violence and sexual offences,Status update unavailable,
,2019-02,Lancashire Constabulary,Lancashire Constabulary,-3.013316,53.805513,On or near Supermarket,E01012713,Blackpool 012B,Anti-social behaviour,,
,2019-02,Lancashire Constabulary,Lancashire Constabulary,-3.013372,53.807202,On or near Lancaster Road,E01012713,Blackpool 012B,Anti-social behaviour,,
,2019-02,Lancashire Constabulary,Lancashire Constabulary,-3.013421,53.814267,On or near Park/Open Space,E01012713,Blackpool 012B,Anti-social behaviour,,
,2019-02,Lancashire Constabulary,Lancashire Constabulary,-3.016802,53.807093,On or near Barmouth Avenue,E01012713,Blackpool 012B,Anti-social behaviour,,
68120de1dbef7c82e77785d6ce150b7d5ca86feba6764c89afa3eaeb02feeebf,2019-02,Lancashire Constabulary,Lancashire Constabulary,-3.013316,53.805513,On or near Supermarket,E01012713,Blackpool 012B,Possession of weapons,Offender given community sentence,
9a7a26fe242870bcd4c2393b77bffc6e80a9390276d9310158a39b3074593307,2019-02,Lancashire Constabulary,Lancashire Constabulary,-3.013316,53.805513,On or near Supermarket,E01012713,Blackpool 012B,Shoplifting,Status update unavailable,
447e81475f6d7b66343b61667bb1866a05a623c8a8e20520a02e5782b4fd9993,2019-02,Lancashire Constabulary,Lancashire Constabulary,-3.013316,53.805513,On or near Supermarket,E01012713,Blackpool 012B,Shoplifting,Status update unavailable,
06a69beca772b4ee78249923fabb2984fedd4c513a3383f875dc037cd3e66656,2019-02,Lancashire Constabulary,Lancashire Constabulary,-3.013372,53.807202,On or near Lancaster Road,E01012713,Blackpool 012B,Violence and sexual offences,Unable to prosecute suspect,
5fa2e2adb9406c9db0abb59248ff8a6db93b5acfc19313aebb8eb81bfdd39f87,2019-02,Lancashire Constabulary,Lancashire Constabulary,-3.013372,53.807202,On or near Lancaster Road,E01012713,Blackpool 012B,Violence and sexual offences,Unable to prosecute suspect,
871a5792a85a4f32813aaf7d23b41baa845e5a6f0da796a3f961f50b6c2fc38d,2019-02,Lancashire Constabulary,Lancashire Constabulary,-3.013421,53.814267,On or near Park/Open Space,E01012713,Blackpool 012B,Violence and sexual offences,Unable to prosecute suspect,
1ac978c78c33eba9b251b721c22c1c8f309216ccbf7c14fe8acd7479f94c8793,2019-02,Lancashire Constabulary,Lancashire Constabulary,-3.015456,53.809216,On or near Lawson Road,E01012713,Blackpool 012B,Violence and sexual offences,Unable to prosecute suspect,
30d2113701ad6cb79c63c91bb3f65910bf1b59b8d44a2705d7bfe2db5c0ffbe1,2019-02,Lancashire Constabulary,Lancashire Constabulary,-3.013372,53.807202,On or near Lancaster Road,E01012713,Blackpool 012B,Violence and sexual offences,Status update unavailable,
,2019-02,Lancashire Constabulary,Lancashire Constabulary,-3.023539,53.805651,On or near Higham Grove,E01012715,Blackpool 012C,Anti-social behaviour,,
,2019-02,Lancashire Constabulary,Lancashire Constabulary,-3.026348,53.805025,On or near Honister Avenue,E01012715,Blackpool 012C,Anti-social behaviour,,
,2019-02,Lancashire Constabulary,Lancashire Constabulary,-3.028526,53.806498,On or near Petrol Station,E01012715,Blackpool 012C,Anti-social behaviour,,
2d8fd47e01ac935d64a2ba8f1e4222da57a3700e3288a60e3e0d70c6ca4975b4,2019-02,Lancashire Constabulary,Lancashire Constabulary,-3.028847,53.805974,On or near Greenwood Avenue,E01012715,Blackpool 012C,Burglary,Status update unavailable,
cc6207807353804fbfbd8728b96348238c20476eba103b8d3a5330a861c582b9,2019-02,Lancashire Constabulary,Lancashire Constabulary,-3.025230,53.807120,On or near Canterbury Avenue,E01012715,Blackpool 012C,Other theft,Status update unavailable,
59b49424f4371b653105384081aeaf14cbf503436ba1c8978f7762a5039914f9,2019-02,Lancashire Constabulary,Lancashire Constabulary,-3.028847,53.805974,On or near Greenwood Avenue,E01012715,Blackpool 012C,Other theft,Status update unavailable,
ab14420de3a62fb6b156b885ec48d3061725c31d1f8e54f994f470c7877843c9,2019-02,Lancashire Constabulary,Lancashire Constabulary,-3.030070,53.808804,On or near Beechfield Avenue,E01012715,Blackpool 012C,Other theft,Status update unavailable,
6d85f2d7379a518ded795005679b6dbf8269ee930a6ad3bfba8d2e80e79e693b,2019-02,Lancashire Constabulary,Lancashire Constabulary,-3.026398,53.807038,On or near Royal Avenue,E01012715,Blackpool 012C,Public order,Status update unavailable,
f7f444cbe3cc8bfd8d2bb46167ef38502ddf9f87228af7c118567fc0855272cd,2019-02,Lancashire Constabulary,Lancashire Constabulary,-3.028847,53.805974,On or near Greenwood Avenue,E01012715,Blackpool 012C,Shoplifting,Offender given suspended prison sentence,
38c2d6f7e09dd6b1564a32d55611939676c1488cce0dc8cdfe64d864ee7cda37,2019-02,Lancashire Constabulary,Lancashire Constabulary,-3.028847,53.805974,On or near Greenwood Avenue,E01012715,Blackpool 012C,Shoplifting,Status update unavailable,
f9b1b2ae47bd1960bedec7908c646e334c8e8624da0d76751f468e06390503f4,2019-02,Lancashire Constabulary,Lancashire Constabulary,-3.028847,53.805974,On or near Greenwood Avenue,E01012715,Blackpool 012C,Theft from the person,Status update unavailable,
44b46b6b65a7ea9b223ca53c7a5a49f6401487839160a08279b28407d15d7a66,2019-02,Lancashire Constabulary,Lancashire Constabulary,-3.026817,53.808661,On or near Aldwych Avenue,E01012715,Blackpool 012C,Vehicle crime,Status update unavailable,
722b2005f32d92a8a89976da421fee514bcaa69d5793824ff5d3d14c43e55dcf,2019-02,Lancashire Constabulary,Lancashire Constabulary,-3.026346,53.805546,On or near Newlands Avenue,E01012715,Blackpool 012C,Vehicle crime,Status update unavailable,
28543a289c75d18578680c4ea6d75c327e84befdaf279bdcb95f76b01e7f77df,2019-02,Lancashire Constabulary,Lancashire Constabulary,-3.025230,53.807120,On or near Canterbury Avenue,E01012715,Blackpool 012C,Violence and sexual offences,Unable to prosecute suspect,
d182b9c1eb656df339c82a0f7c86d45d0a4c48a28e252d3d711c72010c67e408,2019-02,Lancashire Constabulary,Lancashire Constabulary,-3.026817,53.808661,On or near Aldwych Avenue,E01012715,Blackpool 012C,Violence and sexual offences,Unable to prosecute suspect,
,2019-02,Lancashire Constabulary,Lancashire Constabulary,-3.030596,53.812880,On or near Marton View,E01012740,Blackpool 012D,Anti-social behaviour,,
21467aac6e022849e5cefb7eaee78f07d122de178257e20da55afca31be40802,2019-02,Lancashire Constabulary,Lancashire Constabulary,-3.030596,53.812880,On or near Marton View,E01012740,Blackpool 012D,Burglary,Status update unavailable,
94f008fc330b6fb6c985a9d3c1febb0e7c0b73e03f97d2838e79fc5fa7518fa7,2019-02,Lancashire Constabulary,Lancashire Constabulary,-3.032158,53.810314,On or near Old Meadow Lane,E01012740,Blackpool 012D,Burglary,Status update unavailable,
334feee83d21058c9771b93324d84c5c8dd5cc462531b64a9a35517c0eedb132,2019-02,Lancashire Constabulary,Lancashire Constabulary,-3.030596,53.812880,On or near Marton View,E01012740,Blackpool 012D,Burglary,Status update unavailable,
aa6f30fbfbe7cbab748b7fbe1a7d3d5e3e0d18bc11bba478f9d97f3c4714d740,2019-02,Lancashire Constabulary,Lancashire Constabulary,-3.031744,53.806444,On or near Ferguson Road,E01012740,Blackpool 012D,Burglary,Status update unavailable,
0bd5b6d3f737e670a81afe00ebb96480c943706476eaccdfdc78b3ecf257f665,2019-02,Lancashire Constabulary,Lancashire Constabulary,-3.030596,53.812880,On or near Marton View,E01012740,Blackpool 012D,Criminal damage and arson,Status update unavailable,
e014209c50ea89ece34d0ca340782d3a46da8c0dd80a245d723f131ebb545a64,2019-02,Lancashire Constabulary,Lancashire Constabulary,-3.030596,53.812880,On or near Marton View,E01012740,Blackpool 012D,Criminal damage and arson,Status update unavailable,
b6542c050cffe0e766759234f990d51d9acb2717c299578269cdb078205dab4d,2019-02,Lancashire Constabulary,Lancashire Constabulary,-3.030596,53.812880,On or near Marton View,E01012740,Blackpool 012D,Criminal damage and arson,Status update unavailable,
2cf1a566f053e1bd08905e4ce8dd64de1793aefbcbf622a12e7c1a887cb05ae3,2019-02,Lancashire Constabulary,Lancashire Constabulary,-3.030596,53.812880,On or near Marton View,E01012740,Blackpool 012D,Other theft,Status update unavailable,
373bf1adffb1899b10e69ab17407942256ab129075e14b91cf4516aa0a170422,2019-02,Lancashire Constabulary,Lancashire Constabulary,-3.030596,53.812880,On or near Marton View,E01012740,Blackpool 012D,Other theft,Status update unavailable,
3b0e97b5c3093310efb59ebfbab2af43d4a3380a12e69a37ee1345a318ec1e00,2019-02,Lancashire Constabulary,Lancashire Constabulary,-3.030596,53.812880,On or near Marton View,E01012740,Blackpool 012D,Other theft,Status update unavailable,
6d58abc56ba87154493a067b03685f7680965b6cf1cbfffed4cc2748619a311b,2019-02,Lancashire Constabulary,Lancashire Constabulary,-3.030596,53.812880,On or near Marton View,E01012740,Blackpool 012D,Vehicle crime,Status update unavailable,
30633e7be244808248a3f9419ba87779e5370094f7cd83630a2acf4c939e33a3,2019-02,Lancashire Constabulary,Lancashire Constabulary,-3.033344,53.809171,On or near Bankfield Grove,E01012740,Blackpool 012D,Violence and sexual offences,Unable to prosecute suspect,
b50a2b969ba51db16c0f9829fa79c14a4b19a6cb373e3d43c1e1d4ee034611d0,2019-02,Lancashire Constabulary,Lancashire Constabulary,-3.030596,53.812880,On or near Marton View,E01012740,Blackpool 012D,Violence and sexual offences,Status update unavailable,
6e6b7d700365ab0cce07d785b6e23a0bb9b2ed9e18a5d07e6fc9a3db5d4510fb,2019-02,Lancashire Constabulary,Lancashire Constabulary,-3.030596,53.812880,On or near Marton View,E01012740,Blackpool 012D,Violence and sexual offences,Unable to prosecute suspect,
,2019-02,Lancashire Constabulary,Lancashire Constabulary,-3.027004,53.803878,On or near Preston New Road,E01012741,Blackpool 012E,Anti-social behaviour,,
,2019-02,Lancashire Constabulary,Lancashire Constabulary,-3.028869,53.802522,On or near Waterloo Road,E01012741,Blackpool 012E,Anti-social behaviour,,
,2019-02,Lancashire Constabulary,Lancashire Constabulary,-3.031749,53.804817,On or near Greenwood Avenue,E01012741,Blackpool 012E,Anti-social behaviour,,
,2019-02,Lancashire Constabulary,Lancashire Constabulary,-3.028869,53.802522,On or near Waterloo Road,E01012741,Blackpool 012E,Anti-social behaviour,,
,2019-02,Lancashire Constabulary,Lancashire Constabulary,-3.027808,53.802612,On or near Waterloo Road,E01012741,Blackpool 012E,Anti-social behaviour,,
e806686b7594e463f6dddc1549f11d8d5e244696a70657cfd945df76abc2fa76,2019-02,Lancashire Constabulary,Lancashire Constabulary,-3.028717,53.803162,On or near Kirkstall Avenue,E01012741,Blackpool 012E,Burglary,Status update unavailable,
505f97f35c6b9ff318eed8c2998de4445a219c4fbb8ce72ee2190a6cd2e87626,2019-02,Lancashire Constabulary,Lancashire Constabulary,-3.034204,53.805847,On or near Hartford Avenue,E01012741,Blackpool 012E,Criminal damage and arson,Status update unavailable,
ab95739d2582dfdfe350bd2c16f1f48a445833b6e4c8b71bd19b65be7915011a,2019-02,Lancashire Constabulary,Lancashire Constabulary,-3.027004,53.803878,On or near Preston New Road,E01012741,Blackpool 012E,Other theft,Status update unavailable,
d753231739add319805c6fef691a0cfd365bd3ed339d5b1184f5596e8213f1c7,2019-02,Lancashire Constabulary,Lancashire Constabulary,-3.035096,53.803826,On or near Beardshaw Avenue,E01012741,Blackpool 012E,Vehicle crime,Status update unavailable,
d5ef739a82240acc637d881b302edf64f19e3d6b6694106f1d89d5c736e85951,2019-02,Lancashire Constabulary,Lancashire Constabulary,-3.030315,53.802681,On or near Pine Avenue,E01012741,Blackpool 012E,Vehicle crime,Status update unavailable,
30a21b8b505297b1dddd4679131ed58299c641f1a5e50cadb4fc63f22df78c17,2019-02,Lancashire Constabulary,Lancashire Constabulary,-3.032248,53.802862,On or near Fir Grove,E01012741,Blackpool 012E,Violence and sexual offences,Unable to prosecute suspect,
2fca9a9e9d86a86baa87ff82b7979054eac7063c66aa6614ad15fd5d90eda825,2019-02,Lancashire Constabulary,Lancashire Constabulary,-3.034563,53.804397,On or near Baldwin Grove,E01012741,Blackpool 012E,Violence and sexual offences,Unable to prosecute suspect,
7f5df0ec3f6499843f4d68105c97220299965b325e9b59b8dfbce8cbe9858dba,2019-02,Lancashire Constabulary,Lancashire Constabulary,-3.031171,53.803518,On or near Mayfair Road,E01012741,Blackpool 012E,Other crime,Further investigation is not in the public interest,
,2019-02,Lancashire Constabulary,Lancashire Constabulary,-3.051709,53.799034,On or near Supermarket,E01012671,Blackpool 013A,Anti-social behaviour,,
,2019-02,Lancashire Constabulary,Lancashire Constabulary,-3.052499,53.799036,On or near St Bede'S Avenue,E01012671,Blackpool 013A,Anti-social behaviour,,
,2019-02,Lancashire Constabulary,Lancashire Constabulary,-3.054679,53.799386,On or near Parking Area,E01012671,Blackpool 013A,Anti-social behaviour,,
,2019-02,Lancashire Constabulary,Lancashire Constabulary,-3.051081,53.799399,On or near Supermarket,E01012671,Blackpool 013A,Anti-social behaviour,,
,2019-02,Lancashire Constabulary,Lancashire Constabulary,-3.051192,53.801430,On or near Lytham Road,E01012671,Blackpool 013A,Anti-social behaviour,,
,2019-02,Lancashire Constabulary,Lancashire Constabulary,-3.052499,53.799036,On or near St Bede'S Avenue,E01012671,Blackpool 013A,Anti-social behaviour,,
,2019-02,Lancashire Constabulary,Lancashire Constabulary,-3.050725,53.802755,On or near Lowrey Terrace,E01012671,Blackpool 013A,Anti-social behaviour,,
,2019-02,Lancashire Constabulary,Lancashire Constabulary,-3.055241,53.798806,On or near Commercial Street,E01012671,Blackpool 013A,Anti-social behaviour,,
,2019-02,Lancashire Constabulary,Lancashire Constabulary,-3.051377,53.799100,On or near Back Waterloo Road,E01012671,Blackpool 013A,Anti-social behaviour,,
,2019-02,Lancashire Constabulary,Lancashire Constabulary,-3.055513,53.801140,On or near Promenade,E01012671,Blackpool 013A,Anti-social behaviour,,
,2019-02,Lancashire Constabulary,Lancashire Constabulary,-3.050725,53.802755,On or near Lowrey Terrace,E01012671,Blackpool 013A,Anti-social behaviour,,
,2019-02,Lancashire Constabulary,Lancashire Constabulary,-3.053597,53.804060,On or near Wellington Road,E01012671,Blackpool 013A,Anti-social behaviour,,
,2019-02,Lancashire Constabulary,Lancashire Constabulary,-3.052801,53.800778,On or near Adrian Street,E01012671,Blackpool 013A,Anti-social behaviour,,
,2019-02,Lancashire Constabulary,Lancashire Constabulary,-3.051081,53.799399,On or near Supermarket,E01012671,Blackpool 013A,Anti-social behaviour,,
,2019-02,Lancashire Constabulary,Lancashire Constabulary,-3.051709,53.799034,On or near Supermarket,E01012671,Blackpool 013A,Anti-social behaviour,,
,2019-02,Lancashire Constabulary,Lancashire Constabulary,-3.051192,53.801430,On or near Lytham Road,E01012671,Blackpool 013A,Anti-social behaviour,,
,2019-02,Lancashire Constabulary,Lancashire Constabulary,-3.051739,53.799627,On or near Bagot Street,E01012671,Blackpool 013A,Anti-social behaviour,,
,2019-02,Lancashire Constabulary,Lancashire Constabulary,-3.053237,53.800001,On or near Shaw Road,E01012671,Blackpool 013A,Anti-social behaviour,,
,2019-02,Lancashire Constabulary,Lancashire Constabulary,-3.052801,53.800778,On or near Adrian Street,E01012671,Blackpool 013A,Anti-social behaviour,,
8386c4065704449aa955db6d845f75c1fde3c8405fe3b8543795de5b4233836f,2019-02,Lancashire Constabulary,Lancashire Constabulary,-3.051739,53.799627,On or near Bagot Street,E01012671,Blackpool 013A,Bicycle theft,Status update unavailable,
7249099adf8fbc192b290cb2fe0f91c6b821c756874e2fc74fe3d00661ed7d94,2019-02,Lancashire Constabulary,Lancashire Constabulary,-3.051192,53.801430,On or near Lytham Road,E01012671,Blackpool 013A,Bicycle theft,Status update unavailable,
f6f36d383809a936ff2275d144a99e7c9146ce8237884db736c39394539f0853,2019-02,Lancashire Constabulary,Lancashire Constabulary,-3.052499,53.799036,On or near St Bede'S Avenue,E01012671,Blackpool 013A,Burglary,Status update unavailable,
e012f4fe04cdc336c8e4c16bd1c445d0488b4f5c0a2f7616d0db3e0e92979b5b,2019-02,Lancashire Constabulary,Lancashire Constabulary,-3.055241,53.798806,On or near Commercial Street,E01012671,Blackpool 013A,Burglary,Status update unavailable,
a5b95f4b420d5eba3db8ccf69a2d548e109a6365aad4376aca22d4e6977a8067,2019-02,Lancashire Constabulary,Lancashire Constabulary,-3.051739,53.799627,On or near Bagot Street,E01012671,Blackpool 013A,Criminal damage and arson,Investigation complete; no suspect identified,
dc60582fd2a4cf19840b438fdfa30bc3af65d33ae88dbfda52437c6b83d25ed4,2019-02,Lancashire Constabulary,Lancashire Constabulary,-3.051709,53.799034,On or near Supermarket,E01012671,Blackpool 013A,Criminal damage and arson,Status update unavailable,
0c9371acde50af2804eeca73f69339c2c1cb2045673a11b5aea09493cf82df6f,2019-02,Lancashire Constabulary,Lancashire Constabulary,-3.052499,53.799036,On or near St Bede'S Avenue,E01012671,Blackpool 013A,Drugs,Local resolution,
4d8a88a8adc3608b2878f4c0a5046ad0ca620da7e84da679c0a2c1fc914efd0d,2019-02,Lancashire Constabulary,Lancashire Constabulary,-3.053597,53.804060,On or near Wellington Road,E01012671,Blackpool 013A,Other theft,Status update unavailable,
d1b75eda1e33e0030a32191978f80c5feb4e3bc39a7988a6c7481d61fffec350,2019-02,Lancashire Constabulary,Lancashire Constabulary,-3.055062,53.799544,On or near Britannia Place,E01012671,Blackpool 013A,Other theft,Status update unavailable,
259665d7c3a04d871f5d321b945102c6c202ea2550f2e6f34430ed02716bf1b5,2019-02,Lancashire Constabulary,Lancashire Constabulary,-3.051192,53.801430,On or near Lytham Road,E01012671,Blackpool 013A,Other theft,Status update unavailable,
c4b57813416319978e1abc4a7301d7942dcc340223b52e5b030667d637165d85,2019-02,Lancashire Constabulary,Lancashire Constabulary,-3.055062,53.799544,On or near Britannia Place,E01012671,Blackpool 013A,Other theft,Status update unavailable,
60a5e3fc949a11fb1b6acc25f346cd1de632e1b4d5119879c887e95b0c554f62,2019-02,Lancashire Constabulary,Lancashire Constabulary,-3.051739,53.799627,On or near Bagot Street,E01012671,Blackpool 013A,Other theft,Status update unavailable,
aa990ff736ca17862c095d8647ef51f3fc0f853400a193ef172888169ed1a0ae,2019-02,Lancashire Constabulary,Lancashire Constabulary,-3.051739,53.799627,On or near Bagot Street,E01012671,Blackpool 013A,Other theft,Status update unavailable,
7076d37e15963bad3a80d51aa7f882d0f4fdff97a3e53c6769c44a98cd406fab,2019-02,Lancashire Constabulary,Lancashire Constabulary,-3.051081,53.799399,On or near Supermarket,E01012671,Blackpool 013A,Other theft,Unable to prosecute suspect,
bdac325518e1996ce820ac038d0479214f4da8c92dacdc7c6e51955c5babfa14,2019-02,Lancashire Constabulary,Lancashire Constabulary,-3.052499,53.799036,On or near St Bede'S Avenue,E01012671,Blackpool 013A,Possession of weapons,Awaiting court outcome,
b8a2a5cac5916f85f7fd450b05e312b760c615b4ad15b42fcf7da956c71f877d,2019-02,Lancashire Constabulary,Lancashire Constabulary,-3.051377,53.799100,On or near Back Waterloo Road,E01012671,Blackpool 013A,Possession of weapons,Status update unavailable,
36dd987209b8a5cff1cfea7ce2568f4b6a7ca23029e69e4a7beef847edf5c034,2019-02,Lancashire Constabulary,Lancashire Constabulary,-3.051081,53.799399,On or near Supermarket,E01012671,Blackpool 013A,Public order,Local resolution,
b83fdd0197029be6715deee2376fe127f866f9e828203a7ef4f8903beaf54f86,2019-02,Lancashire Constabulary,Lancashire Constabulary,-3.052499,53.799036,On or near St Bede'S Avenue,E01012671,Blackpool 013A,Public order,Awaiting court outcome,
49894c585c907d798861f5675cf02bb01fb16e72bf9f6273a19947983b00fc4b,2019-02,Lancashire Constabulary,Lancashire Constabulary,-3.052499,53.799036,On or near St Bede'S Avenue,E01012671,Blackpool 013A,Public order,Status update unavailable,
21afea8a20b754efbf25ff9eaef7a4c35d089dcc161b5844dd972fcc399a822a,2019-02,Lancashire Constabulary,Lancashire Constabulary,-3.050725,53.802755,On or near Lowrey Terrace,E01012671,Blackpool 013A,Robbery,Status update unavailable,
d4746347be804dde3e458c56db37c6c747af40b9c7ec3f77f38eaaf514f0b54d,2019-02,Lancashire Constabulary,Lancashire Constabulary,-3.052499,53.799036,On or near St Bede'S Avenue,E01012671,Blackpool 013A,Robbery,Status update unavailable,
db3fae36fec6f25d3c04217a19f2c2e4092df70eb81efdfe4f62edd8f343f10b,2019-02,Lancashire Constabulary,Lancashire Constabulary,-3.050725,53.802755,On or near Lowrey Terrace,E01012671,Blackpool 013A,Robbery,Status update unavailable,
2b3d3e767b00898f31d13a2669dce1d8d1e12937e897d1914b0313537ab9f29f,2019-02,Lancashire Constabulary,Lancashire Constabulary,-3.051709,53.799034,On or near Supermarket,E01012671,Blackpool 013A,Shoplifting,Status update unavailable,
d1cc8857a18d72d33ddfe3bb2e91bcc2222d61e938fc7ac338ea0cd333297550,2019-02,Lancashire Constabulary,Lancashire Constabulary,-3.054542,53.802407,On or near Bolton Street,E01012671,Blackpool 013A,Theft from the person,Investigation complete; no suspect identified,
8afa797d84a6696a1a7d07bf999ef81285ddae10ea47b62c5c60516e22141611,2019-02,Lancashire Constabulary,Lancashire Constabulary,-3.052499,53.799036,On or near St Bede'S Avenue,E01012671,Blackpool 013A,Vehicle crime,Unable to prosecute suspect,
73c5d0204f928e0f874594e5ba8ff2f6ab5129c1186f13e1c659cf14f78a8685,2019-02,Lancashire Constabulary,Lancashire Constabulary,-3.054542,53.802407,On or near Bolton Street,E01012671,Blackpool 013A,Vehicle crime,Status update unavailable,
32b8014f806595a6710129fdd4b09a44c908b3b035d3e50f27c5ed0dac876a0d,2019-02,Lancashire Constabulary,Lancashire Constabulary,-3.051739,53.799627,On or near Bagot Street,E01012671,Blackpool 013A,Violence and sexual offences,Unable to prosecute suspect,
26e8256664f5183af5c24fce1001b45e985ed9be074f85fc21fd8aee8767edc2,2019-02,Lancashire Constabulary,Lancashire Constabulary,-3.051739,53.799627,On or near Bagot Street,E01012671,Blackpool 013A,Violence and sexual offences,Unable to prosecute suspect,
27d267c17361a294fc1575ecae0ffb2af2fa5db6476662b644b4384cd127d4b5,2019-02,Lancashire Constabulary,Lancashire Constabulary,-3.052499,53.799036,On or near St Bede'S Avenue,E01012671,Blackpool 013A,Violence and sexual offences,Unable to prosecute suspect,
ea4352cd2b994520dc5c816b499740ab13fcaf63ee27c213c70672527357fc7a,2019-02,Lancashire Constabulary,Lancashire Constabulary,-3.054240,53.801871,On or near Crystal Mews,E01012671,Blackpool 013A,Violence and sexual offences,Status update unavailable,
5af6f913e24bd46250fc780c9d7e6287ae320a42d215a8d11e40dfac019011ed,2019-02,Lancashire Constabulary,Lancashire Constabulary,-3.054240,53.801871,On or near Crystal Mews,E01012671,Blackpool 013A,Violence and sexual offences,Status update unavailable,
c422ae16176f32314170ed43d26ef644040cbb57791a414feced3e52357744fc,2019-02,Lancashire Constabulary,Lancashire Constabulary,-3.051739,53.799627,On or near Bagot Street,E01012671,Blackpool 013A,Violence and sexual offences,Status update unavailable,
25dd5f9739ed2658259f2365410d9e04860f730f8780f8c4903ca442025dfe6c,2019-02,Lancashire Constabulary,Lancashire Constabulary,-3.052499,53.799036,On or near St Bede'S Avenue,E01012671,Blackpool 013A,Violence and sexual offences,Status update unavailable,
5564320de151f8c33d1da0cd021c5b54140be4ba6ce36418153e1daac2c6639b,2019-02,Lancashire Constabulary,Lancashire Constabulary,-3.052801,53.800778,On or near Adrian Street,E01012671,Blackpool 013A,Violence and sexual offences,Status update unavailable,
7365003a5eaf4649f3defb878acc2b9038668d25cca92ab3a51e364e2086f689,2019-02,Lancashire Constabulary,Lancashire Constabulary,-3.052499,53.799036,On or near St Bede'S Avenue,E01012671,Blackpool 013A,Violence and sexual offences,Status update unavailable,
5ab61c7dcd8aacbe90e68ecf1f282f6cb61de620ec91b8e471aa699cfcb0c5c0,2019-02,Lancashire Constabulary,Lancashire Constabulary,-3.051739,53.799627,On or near Bagot Street,E01012671,Blackpool 013A,Violence and sexual offences,Status update unavailable,
108fe64dcc2f9c79338bf5f62a862a422ec3fbc76221198f2f86668b98497caa,2019-02,Lancashire Constabulary,Lancashire Constabulary,-3.055513,53.801140,On or near Promenade,E01012671,Blackpool 013A,Violence and sexual offences,Further investigation is not in the public interest,
50c5f0cb3a37fa116a2f8777d8b5b8f694e7445437e54f965d80d13336cfb132,2019-02,Lancashire Constabulary,Lancashire Constabulary,-3.051377,53.799100,On or near Back Waterloo Road,E01012671,Blackpool 013A,Violence and sexual offences,Status update unavailable,
7df684b13d45d5e07c99138f197cabea6c8e652bbd618f89f3e44bda3ed7b0c7,2019-02,Lancashire Constabulary,Lancashire Constabulary,-3.051739,53.799627,On or near Bagot Street,E01012671,Blackpool 013A,Violence and sexual offences,Status update unavailable,
c53db972c0156389f71f44cc6b06eebd39fd938acedc28ac28ad4f9a364e2d1b,2019-02,Lancashire Constabulary,Lancashire Constabulary,-3.051081,53.799399,On or near Supermarket,E01012671,Blackpool 013A,Violence and sexual offences,Status update unavailable,
41f32ec49c0cbb61ba996c3afdd53b506948b098b090e9111bdcbf632951a315,2019-02,Lancashire Constabulary,Lancashire Constabulary,-3.054240,53.801871,On or near Crystal Mews,E01012671,Blackpool 013A,Violence and sexual offences,Status update unavailable,
7176f6436902bd2e214baf64b9ac4afff726300f36cfbc4a995e442fcf31aeb8,2019-02,Lancashire Constabulary,Lancashire Constabulary,-3.051081,53.799399,On or near Supermarket,E01012671,Blackpool 013A,Violence and sexual offences,Status update unavailable,
fbbc04306c11cfc2e0984261e81a44e200ee7266cbccc1f85f16e514f41140ae,2019-02,Lancashire Constabulary,Lancashire Constabulary,-3.051192,53.801430,On or near Lytham Road,E01012671,Blackpool 013A,Violence and sexual offences,Unable to prosecute suspect,
61e24b165153278e671e8f9c38d7237f0f0f689ea13c5f77abcfddf3f9a0cf82,2019-02,Lancashire Constabulary,Lancashire Constabulary,-3.052801,53.800778,On or near Adrian Street,E01012671,Blackpool 013A,Violence and sexual offences,Unable to prosecute suspect,
0fb4fc1abf885219ec2039f50278e7d8998cf2cfc36a8b98878353d98ce6582c,2019-02,Lancashire Constabulary,Lancashire Constabulary,-3.052499,53.799036,On or near St Bede'S Avenue,E01012671,Blackpool 013A,Violence and sexual offences,Status update unavailable,
49d4c036cdf4f38fca7ff9971ed43f45921459ea6880273d5eaf45a82e93b7d2,2019-02,Lancashire Constabulary,Lancashire Constabulary,-3.052801,53.800778,On or near Adrian Street,E01012671,Blackpool 013A,Violence and sexual offences,Further investigation is not in the public interest,
294a881b155ab1bfd4f644d05750ed8daffa79f9ba6ed40096fadbc6adbd0dc8,2019-02,Lancashire Constabulary,Lancashire Constabulary,-3.052801,53.800778,On or near Adrian Street,E01012671,Blackpool 013A,Violence and sexual offences,Unable to prosecute suspect,
6ad79c49ccb6fe37dbd6268bbb29d1d52d41591c41034468878efba4926e27e1,2019-02,Lancashire Constabulary,Lancashire Constabulary,-3.050725,53.802755,On or near Lowrey Terrace,E01012671,Blackpool 013A,Violence and sexual offences,Status update unavailable,
da42e1da35dee4b48313ade7d4885082f4ca589080bbfca13ca8cadcdb919037,2019-02,Lancashire Constabulary,Lancashire Constabulary,-3.055513,53.801140,On or near Promenade,E01012671,Blackpool 013A,Violence and sexual offences,Unable to prosecute suspect,
608895c0e23db72fe9ae8c4e0fbbcbab85ee6b9807ea2baab1020ee873060e9e,2019-02,Lancashire Constabulary,Lancashire Constabulary,-3.052801,53.800778,On or near Adrian Street,E01012671,Blackpool 013A,Violence and sexual offences,Unable to prosecute suspect,
fade92f37ab4f666722368c47ca73ef2c4106f447d3f03a632dec90621efff48,2019-02,Lancashire Constabulary,Lancashire Constabulary,-3.052499,53.799036,On or near St Bede'S Avenue,E01012671,Blackpool 013A,Violence and sexual offences,Unable to prosecute suspect,
6fb449a0f722de3640c42ae53f8ed01317857a2aef939463fc81b4c7b3d11d37,2019-02,Lancashire Constabulary,Lancashire Constabulary,-3.052499,53.799036,On or near St Bede'S Avenue,E01012671,Blackpool 013A,Violence and sexual offences,Unable to prosecute suspect,
,2019-02,Lancashire Constabulary,Lancashire Constabulary,-3.054061,53.806825,On or near Tyldesley Road,E01012672,Blackpool 013B,Anti-social behaviour,,
,2019-02,Lancashire Constabulary,Lancashire Constabulary,-3.054236,53.804747,On or near Barton Avenue,E01012672,Blackpool 013B,Anti-social behaviour,,
,2019-02,Lancashire Constabulary,Lancashire Constabulary,-3.054236,53.804747,On or near Barton Avenue,E01012672,Blackpool 013B,Anti-social behaviour,,
,2019-02,Lancashire Constabulary,Lancashire Constabulary,-3.051265,53.804935,On or near Back Clarendon Road,E01012672,Blackpool 013B,Anti-social behaviour,,
,2019-02,Lancashire Constabulary,Lancashire Constabulary,-3.050152,53.804136,On or near Hyde Road,E01012672,Blackpool 013B,Anti-social behaviour,,
,2019-02,Lancashire Constabulary,Lancashire Constabulary,-3.050471,53.807782,On or near Rigby Road,E01012672,Blackpool 013B,Anti-social behaviour,,
,2019-02,Lancashire Constabulary,Lancashire Constabulary,-3.054019,53.809405,On or near Bairstow Street,E01012672,Blackpool 013B,Anti-social behaviour,,
,2019-02,Lancashire Constabulary,Lancashire Constabulary,-3.053005,53.810142,On or near Shannon Street,E01012672,Blackpool 013B,Anti-social behaviour,,
,2019-02,Lancashire Constabulary,Lancashire Constabulary,-3.054019,53.809405,On or near Bairstow Street,E01012672,Blackpool 013B,Anti-social behaviour,,
,2019-02,Lancashire Constabulary,Lancashire Constabulary,-3.054238,53.805403,On or near Trafalgar Road,E01012672,Blackpool 013B,Anti-social behaviour,,
,2019-02,Lancashire Constabulary,Lancashire Constabulary,-3.054236,53.804747,On or near Barton Avenue,E01012672,Blackpool 013B,Anti-social behaviour,,
,2019-02,Lancashire Constabulary,Lancashire Constabulary,-3.054019,53.809405,On or near Bairstow Street,E01012672,Blackpool 013B,Anti-social behaviour,,
,2019-02,Lancashire Constabulary,Lancashire Constabulary,-3.055241,53.807237,On or near Lytham Road,E01012672,Blackpool 013B,Anti-social behaviour,,
,2019-02,Lancashire Constabulary,Lancashire Constabulary,-3.050471,53.807782,On or near Rigby Road,E01012672,Blackpool 013B,Anti-social behaviour,,
,2019-02,Lancashire Constabulary,Lancashire Constabulary,-3.054019,53.809405,On or near Bairstow Street,E01012672,Blackpool 013B,Anti-social behaviour,,
bab3e81a0027547164dcb8817e3dae8c1e7e1a2c33078cfbc993dbd6583a9bf9,2019-02,Lancashire Constabulary,Lancashire Constabulary,-3.055241,53.807237,On or near Lytham Road,E01012672,Blackpool 013B,Burglary,Status update unavailable,
5e3971ff6b1c565cf42b4bcfa9161da24617494590256d2f76e1d1c2357422ac,2019-02,Lancashire Constabulary,Lancashire Constabulary,-3.050471,53.807782,On or near Rigby Road,E01012672,Blackpool 013B,Criminal damage and arson,Unable to prosecute suspect,
191d10bf8985b9ea2aebdf095f2079784313e590f19b7abab5472f45fbfeec9f,2019-02,Lancashire Constabulary,Lancashire Constabulary,-3.052616,53.810379,On or near Back Shannon Street,E01012672,Blackpool 013B,Criminal damage and arson,Status update unavailable,
184a9b71556c79c921d0b9991debe240768cb4d04ce4b8cb775424654611da5c,2019-02,Lancashire Constabulary,Lancashire Constabulary,-3.053952,53.810942,On or near Cragg Street,E01012672,Blackpool 013B,Criminal damage and arson,Status update unavailable,
bae7525f44eeb85d3a0ea471b98fa39827c130e9915cfb14768f644dc4cfda98,2019-02,Lancashire Constabulary,Lancashire Constabulary,-3.052506,53.809634,On or near Caroline Street,E01012672,Blackpool 013B,Criminal damage and arson,Status update unavailable,
5bad7aadfb394355accfc5e8010579215b28e7e2e65891468d12b41da28345db,2019-02,Lancashire Constabulary,Lancashire Constabulary,-3.052835,53.806997,On or near Blundell Street,E01012672,Blackpool 013B,Drugs,Local resolution,
e40b8a037b3111cffe9bd309fb92b95664f7b13854068b6c6ceeeb60550453bd,2019-02,Lancashire Constabulary,Lancashire Constabulary,-3.055036,53.808749,On or near Nightclub,E01012672,Blackpool 013B,Drugs,Local resolution,
24959e7806fdcb970e2652a7af6be33bfd3c927b0baa156848779f2b58df0022,2019-02,Lancashire Constabulary,Lancashire Constabulary,-3.051044,53.804002,On or near John Street,E01012672,Blackpool 013B,Other theft,Investigation complete; no suspect identified,
e3c6b3baad106e7651daa6735838390fea699e9604ca83a6175f131dd3409a66,2019-02,Lancashire Constabulary,Lancashire Constabulary,-3.052616,53.810379,On or near Back Shannon Street,E01012672,Blackpool 013B,Other theft,Status update unavailable,
2d81352b7b9b27f8cc4ca4852818d7ba7e3fa99397cbefa60995b47178f2218f,2019-02,Lancashire Constabulary,Lancashire Constabulary,-3.051044,53.804002,On or near John Street,E01012672,Blackpool 013B,Other theft,Status update unavailable,
d6fc4cc35d6f6aa1c6d356053be93fdceff3baaf889f151fa1db35616d9911ab,2019-02,Lancashire Constabulary,Lancashire Constabulary,-3.054059,53.809791,On or near Yorkshire Street,E01012672,Blackpool 013B,Other theft,Unable to prosecute suspect,
de11e08f896a648ac6ac2a22584d6a26ce065e1c1692b8f5e446129b13a17c5d,2019-02,Lancashire Constabulary,Lancashire Constabulary,-3.054238,53.805403,On or near Trafalgar Road,E01012672,Blackpool 013B,Other theft,Status update unavailable,
2245844f7f32cb40d8fce1449d5561945570b04b8200936d9868919599d3d277,2019-02,Lancashire Constabulary,Lancashire Constabulary,-3.051265,53.804935,On or near Back Clarendon Road,E01012672,Blackpool 013B,Other theft,Status update unavailable,
fad628c31ce4c7bdb25ae2d1af3aba8ca47c5f34d5682cec9b5e5c3b0c0d16a1,2019-02,Lancashire Constabulary,Lancashire Constabulary,-3.052835,53.806997,On or near Blundell Street,E01012672,Blackpool 013B,Other theft,Status update unavailable,
5d235602c7cafc4d98320002fa07dcb0734799298320c17adc60d6d8ed57375c,2019-02,Lancashire Constabulary,Lancashire Constabulary,-3.054238,53.805403,On or near Trafalgar Road,E01012672,Blackpool 013B,Other theft,Status update unavailable,
abcf67734dffaa1e37b8b0719314f2fe277b714d7ac042e7925d5efc5752ef60,2019-02,Lancashire Constabulary,Lancashire Constabulary,-3.054061,53.806825,On or near Tyldesley Road,E01012672,Blackpool 013B,Other theft,Status update unavailable,
548aa668b2542db21fcf942bb3eb1aae11d611ec9914a2f3cbacf1f90222311b,2019-02,Lancashire Constabulary,Lancashire Constabulary,-3.051265,53.804935,On or near Back Clarendon Road,E01012672,Blackpool 013B,Other theft,Status update unavailable,
0aca0b7e81b2f7a079a530ce1ebb78aa317173d31e9953d23a4084f847eebded,2019-02,Lancashire Constabulary,Lancashire Constabulary,-3.054061,53.806825,On or near Tyldesley Road,E01012672,Blackpool 013B,Other theft,Status update unavailable,
96805803657b62e6a72e8536e3686850c173795d619618dc2165ddabffe8d470,2019-02,Lancashire Constabulary,Lancashire Constabulary,-3.050471,53.807782,On or near Rigby Road,E01012672,Blackpool 013B,Public order,Unable to prosecute suspect,
4f229c4f2f0ba8ea49901b8981fdf0e2c24fb766cd9ad3a12b963999ec8c862d,2019-02,Lancashire Constabulary,Lancashire Constabulary,-3.055241,53.807237,On or near Lytham Road,E01012672,Blackpool 013B,Public order,Status update unavailable,
1493c8f95a5027b308829101fba6dd027f31b39a88a67f86b510ce124b991055,2019-02,Lancashire Constabulary,Lancashire Constabulary,-3.055241,53.807237,On or near Lytham Road,E01012672,Blackpool 013B,Public order,Status update unavailable,
97b18acb82ddc08e6d2de49b67076705c3c3d163c4b2206775b8cf3a8a66a0c0,2019-02,Lancashire Constabulary,Lancashire Constabulary,-3.053784,53.810306,On or near Bickerstaffe Street,E01012672,Blackpool 013B,Public order,Unable to prosecute suspect,
013151d9d7759b5324d2a4223e4d5eb41f3beecabe5d07d200ab68b1178a25a2,2019-02,Lancashire Constabulary,Lancashire Constabulary,-3.054236,53.804747,On or near Barton Avenue,E01012672,Blackpool 013B,Public order,Unable to prosecute suspect,
02c19f4790dbc9a86478de37c7484872622992bfd1a4d2d20260ca00fc211217,2019-02,Lancashire Constabulary,Lancashire Constabulary,-3.054061,53.806825,On or near Tyldesley Road,E01012672,Blackpool 013B,Robbery,Status update unavailable,
ef1f092d523a8879380d90eb0ffddf82ff66cab7f70abaeeb2c31e1edb58faf6,2019-02,Lancashire Constabulary,Lancashire Constabulary,-3.054061,53.806825,On or near Tyldesley Road,E01012672,Blackpool 013B,Shoplifting,Investigation complete; no suspect identified,
6a8ebf8b58375fdfcc353795fb4d73e060a6be10a224b88a0718ff5d837f79ad,2019-02,Lancashire Constabulary,Lancashire Constabulary,-3.054061,53.806825,On or near Tyldesley Road,E01012672,Blackpool 013B,Shoplifting,Status update unavailable,
eec715fbcd6e68a88748dbb5f51f00bdd13ebdda1738f8c4b6922ef060395aaf,2019-02,Lancashire Constabulary,Lancashire Constabulary,-3.054061,53.806825,On or near Tyldesley Road,E01012672,Blackpool 013B,Shoplifting,Investigation complete; no suspect identified,
13d6503c673a3af02021369f432b6d4cefc5e41ae3c396b46685fe6ef21156b9,2019-02,Lancashire Constabulary,Lancashire Constabulary,-3.054061,53.806825,On or near Tyldesley Road,E01012672,Blackpool 013B,Shoplifting,Status update unavailable,
315f14a6f2e0621de2a80ceb8a4435ec319d2500d087b37c994a0ad6534f62ce,2019-02,Lancashire Constabulary,Lancashire Constabulary,-3.054061,53.806825,On or near Tyldesley Road,E01012672,Blackpool 013B,Shoplifting,Status update unavailable,
02bb1b36411850bd9a21559f327705480d4bb9dccde46867d085faa51e99d6f2,2019-02,Lancashire Constabulary,Lancashire Constabulary,-3.054061,53.806825,On or near Tyldesley Road,E01012672,Blackpool 013B,Shoplifting,Status update unavailable,
91c2ef01928c11b892a651e9e3e1aa4e6bbb87c91d78a42e7af9db6eca20d0e9,2019-02,Lancashire Constabulary,Lancashire Constabulary,-3.054061,53.806825,On or near Tyldesley Road,E01012672,Blackpool 013B,Shoplifting,Status update unavailable,
f02a9bd9eaa395334b4a2570159e5a31f5bdaa36bd1201c7683b3ea2ded99a8f,2019-02,Lancashire Constabulary,Lancashire Constabulary,-3.054061,53.806825,On or near Tyldesley Road,E01012672,Blackpool 013B,Vehicle crime,Status update unavailable,
02d768a211f12f7c814e62a4a2fac309999071e4bf25a3a94b1fc5032c11a4f8,2019-02,Lancashire Constabulary,Lancashire Constabulary,-3.054061,53.806825,On or near Tyldesley Road,E01012672,Blackpool 013B,Vehicle crime,Status update unavailable,
f460aa30da1611ebfe9a477f4c0ac36d205c910acd27ae9e5d002d082b8ab160,2019-02,Lancashire Constabulary,Lancashire Constabulary,-3.054238,53.805403,On or near Trafalgar Road,E01012672,Blackpool 013B,Vehicle crime,Awaiting court outcome,
874edc9663b35be61bb83963369ea80fc2f7b66fa1d581378aaf6528298c40c5,2019-02,Lancashire Constabulary,Lancashire Constabulary,-3.051265,53.804935,On or near Back Clarendon Road,E01012672,Blackpool 013B,Vehicle crime,Status update unavailable,
5d6b5720924145fe62a3ab7f93ea5be04de443948912c747500b5f2dc419c8fa,2019-02,Lancashire Constabulary,Lancashire Constabulary,-3.054238,53.805403,On or near Trafalgar Road,E01012672,Blackpool 013B,Vehicle crime,Status update unavailable,
09ff81154e3d8027d492f7bbacfffb53078546aa6f2b88ef9a28c7fb89dd8708,2019-02,Lancashire Constabulary,Lancashire Constabulary,-3.051044,53.804002,On or near John Street,E01012672,Blackpool 013B,Violence and sexual offences,Offender given a caution,
6fc862bc69200c43d8d223a629dd8c079a935315cceb0d97be70199e5dcdc488,2019-02,Lancashire Constabulary,Lancashire Constabulary,-3.054061,53.806825,On or near Tyldesley Road,E01012672,Blackpool 013B,Violence and sexual offences,Further investigation is not in the public interest,
d36d4ddb6687949ea588448b211521788cb2ff0c07da7d20750bf2e09d52b544,2019-02,Lancashire Constabulary,Lancashire Constabulary,-3.053005,53.810142,On or near Shannon Street,E01012672,Blackpool 013B,Violence and sexual offences,Unable to prosecute suspect,
1d1e5bc7d40ddd3fcb14bfc9a0e282725dfabc89ea825586848384c0cfb6ed57,2019-02,Lancashire Constabulary,Lancashire Constabulary,-3.052218,53.810850,On or near Coop Street,E01012672,Blackpool 013B,Violence and sexual offences,Status update unavailable,
5cc92fde6ad55d7c90309268a940705b6bfe5870fdac8bec5893e56f094d99a0,2019-02,Lancashire Constabulary,Lancashire Constabulary,-3.050471,53.807782,On or near Rigby Road,E01012672,Blackpool 013B,Violence and sexual offences,Status update unavailable,
2db4f804496255edbdb25ee4454876b270a3355df7f0ff5e8bd988672d8ea03a,2019-02,Lancashire Constabulary,Lancashire Constabulary,-3.054236,53.804747,On or near Barton Avenue,E01012672,Blackpool 013B,Violence and sexual offences,Unable to prosecute suspect,
1f9f580a35cc9abd50fae15e014d4fdab2ab985578b942ece4ce33250d873aa0,2019-02,Lancashire Constabulary,Lancashire Constabulary,-3.054061,53.806825,On or near Tyldesley Road,E01012672,Blackpool 013B,Violence and sexual offences,Unable to prosecute suspect,
df77d1b83bc5e70efa451cb783de273e895efe50bc3ad70db06d4bd1b6528e43,2019-02,Lancashire Constabulary,Lancashire Constabulary,-3.053952,53.810942,On or near Cragg Street,E01012672,Blackpool 013B,Violence and sexual offences,Status update unavailable,
50d6b4beb71012d6771173964d3a7a3d87478a26471299e47f367da539f4ce97,2019-02,Lancashire Constabulary,Lancashire Constabulary,-3.051265,53.804935,On or near Back Clarendon Road,E01012672,Blackpool 013B,Violence and sexual offences,Unable to prosecute suspect,
cc4731945752691b2cb3c13430e41ec67aa1b95b3322a6b0fbac5adde8d918ae,2019-02,Lancashire Constabulary,Lancashire Constabulary,-3.052218,53.810850,On or near Coop Street,E01012672,Blackpool 013B,Violence and sexual offences,Unable to prosecute suspect,
ad54fecea532eca309fdd171118c1105c8935c7366b1550765cbfa73f2dbcfec,2019-02,Lancashire Constabulary,Lancashire Constabulary,-3.054061,53.806825,On or near Tyldesley Road,E01012672,Blackpool 013B,Violence and sexual offences,Unable to prosecute suspect,
0b1ff550da45d4cab4db23792fca6961d0e15c16de29380f073d88a3d6a03cf5,2019-02,Lancashire Constabulary,Lancashire Constabulary,-3.052835,53.806997,On or near Blundell Street,E01012672,Blackpool 013B,Violence and sexual offences,Status update unavailable,
5acb6e80b8bad6fb8feb970f1f512a771d30c427a1955944403e9c01425f37b1,2019-02,Lancashire Constabulary,Lancashire Constabulary,-3.054061,53.806825,On or near Tyldesley Road,E01012672,Blackpool 013B,Violence and sexual offences,Unable to prosecute suspect,
acc077cc30dcf00eedcdd4d279cc78f11f632e1df2639d39bc2a792d05170418,2019-02,Lancashire Constabulary,Lancashire Constabulary,-3.052616,53.810379,On or near Back Shannon Street,E01012672,Blackpool 013B,Violence and sexual offences,Status update unavailable,
9c002d3f09cf17284f622c2ab105775305915cf9985c5c60e33554586b2763a5,2019-02,Lancashire Constabulary,Lancashire Constabulary,-3.052616,53.810379,On or near Back Shannon Street,E01012672,Blackpool 013B,Violence and sexual offences,Status update unavailable,
473431d45a28ae074350731babccd33cc0bc51bdec4886e2f4e06e7f99503945,2019-02,Lancashire Constabulary,Lancashire Constabulary,-3.054238,53.805403,On or near Trafalgar Road,E01012672,Blackpool 013B,Violence and sexual offences,Further investigation is not in the public interest,
7ffa8af60b197f3b20f0af2d7b439c3d3a1beed4c91ee2734e00487ba7687843,2019-02,Lancashire Constabulary,Lancashire Constabulary,-3.054061,53.806825,On or near Tyldesley Road,E01012672,Blackpool 013B,Violence and sexual offences,Status update unavailable,
3424ac8a30f6674b8bf1c2b44265cc90d99f6548d80067714f0910b30adaafd5,2019-02,Lancashire Constabulary,Lancashire Constabulary,-3.052616,53.810379,On or near Back Shannon Street,E01012672,Blackpool 013B,Violence and sexual offences,Unable to prosecute suspect,
2d534f5159495b6efa501368993fa99d57505170596626a56a99a0f8e151d0a3,2019-02,Lancashire Constabulary,Lancashire Constabulary,-3.055241,53.807237,On or near Lytham Road,E01012672,Blackpool 013B,Violence and sexual offences,Unable to prosecute suspect,
,2019-02,Lancashire Constabulary,Lancashire Constabulary,-3.048304,53.806147,On or near Parking Area,E01012674,Blackpool 013C,Anti-social behaviour,,
,2019-02,Lancashire Constabulary,Lancashire Constabulary,-3.050072,53.799741,On or near Wolsley Road,E01012674,Blackpool 013C,Anti-social behaviour,,
,2019-02,Lancashire Constabulary,Lancashire Constabulary,-3.048022,53.804604,On or near Sports/Recreation Area,E01012674,Blackpool 013C,Anti-social behaviour,,
,2019-02,Lancashire Constabulary,Lancashire Constabulary,-3.046398,53.801562,On or near St Heliers Road,E01012674,Blackpool 013C,Anti-social behaviour,,
,2019-02,Lancashire Constabulary,Lancashire Constabulary,-3.046172,53.806525,On or near Petrol Station,E01012674,Blackpool 013C,Anti-social behaviour,,
,2019-02,Lancashire Constabulary,Lancashire Constabulary,-3.049735,53.802036,On or near Elland Place,E01012674,Blackpool 013C,Anti-social behaviour,,
,2019-02,Lancashire Constabulary,Lancashire Constabulary,-3.046602,53.804895,On or near Henry Street,E01012674,Blackpool 013C,Anti-social behaviour,,
,2019-02,Lancashire Constabulary,Lancashire Constabulary,-3.046602,53.804895,On or near Henry Street,E01012674,Blackpool 013C,Anti-social behaviour,,
,2019-02,Lancashire Constabulary,Lancashire Constabulary,-3.049999,53.799238,On or near Hilton Avenue,E01012674,Blackpool 013C,Anti-social behaviour,,
,2019-02,Lancashire Constabulary,Lancashire Constabulary,-3.049735,53.802036,On or near Elland Place,E01012674,Blackpool 013C,Anti-social behaviour,,
,2019-02,Lancashire Constabulary,Lancashire Constabulary,-3.048304,53.806147,On or near Parking Area,E01012674,Blackpool 013C,Anti-social behaviour,,
,2019-02,Lancashire Constabulary,Lancashire Constabulary,-3.050216,53.800638,On or near Ball Street,E01012674,Blackpool 013C,Anti-social behaviour,,
,2019-02,Lancashire Constabulary,Lancashire Constabulary,-3.046149,53.800710,On or near Stansfield Street,E01012674,Blackpool 013C,Anti-social behaviour,,
,2019-02,Lancashire Constabulary,Lancashire Constabulary,-3.049735,53.802036,On or near Elland Place,E01012674,Blackpool 013C,Anti-social behaviour,,
b09655146221400dc6e9cd45508376b5026f57a0d317fa570f6ada3aeb34e95f,2019-02,Lancashire Constabulary,Lancashire Constabulary,-3.048304,53.806147,On or near Parking Area,E01012674,Blackpool 013C,Burglary,Status update unavailable,
45c1b6d57f6261a865d9aca919a6b6d2c0b289604d913ac120e39a0803da0520,2019-02,Lancashire Constabulary,Lancashire Constabulary,-3.050363,53.801042,On or near Duke Street,E01012674,Blackpool 013C,Burglary,Status update unavailable,
682efe69bdb5b196dadee21e011f00a9bdc403726427f0997fe825296ff403bb,2019-02,Lancashire Constabulary,Lancashire Constabulary,-3.050540,53.802056,On or near Clare Street,E01012674,Blackpool 013C,Burglary,Status update unavailable,
bdcc3ff4c1f4295a1801c539d6731f1831881bb4b020a1d0df3943d69ce70f90,2019-02,Lancashire Constabulary,Lancashire Constabulary,-3.046602,53.804895,On or near Henry Street,E01012674,Blackpool 013C,Criminal damage and arson,Status update unavailable,
132276707d1554ba4b3f54c328358663823f50576042cb6a01b3e05813eba3a4,2019-02,Lancashire Constabulary,Lancashire Constabulary,-3.050397,53.802399,On or near West View Avenue,E01012674,Blackpool 013C,Criminal damage and arson,Status update unavailable,
8e1e7958880fdcb2b7e28794402410270fc977aea53c8681a930c61956b76cc1,2019-02,Lancashire Constabulary,Lancashire Constabulary,-3.049735,53.802036,On or near Elland Place,E01012674,Blackpool 013C,Criminal damage and arson,Unable to prosecute suspect,
92157f69547c600e9dc9c3590cee3b95c4ec150142b94ae0b18c504893bd498b,2019-02,Lancashire Constabulary,Lancashire Constabulary,-3.050363,53.801042,On or near Duke Street,E01012674,Blackpool 013C,Other theft,Status update unavailable,
4e11472808753c59510a1285d4d2919061c6bcdd46f5bd21af81a447fc783151,2019-02,Lancashire Constabulary,Lancashire Constabulary,-3.046149,53.800710,On or near Stansfield Street,E01012674,Blackpool 013C,Other theft,Unable to prosecute suspect,
0875daf647823f236ace7bf43ab7b87a6b823116f86878c88bda32d2338837fd,2019-02,Lancashire Constabulary,Lancashire Constabulary,-3.046398,53.801562,On or near St Heliers Road,E01012674,Blackpool 013C,Other theft,Status update unavailable,
a4c1a516436cdf60f2ad23ac08df2535d21d9992480abeba9458600e5ef49640,2019-02,Lancashire Constabulary,Lancashire Constabulary,-3.050072,53.799741,On or near Wolsley Road,E01012674,Blackpool 013C,Public order,Status update unavailable,
38c2eac97e88ae51655e0b650c8af20243a86e67994f536c69e5a1d31b522d19,2019-02,Lancashire Constabulary,Lancashire Constabulary,-3.048304,53.806147,On or near Parking Area,E01012674,Blackpool 013C,Public order,Offender given a caution,
4daa18b568639cd3f677f8368d44c05ab66f7a278390378e17e9148caa4e9365,2019-02,Lancashire Constabulary,Lancashire Constabulary,-3.046149,53.800710,On or near Stansfield Street,E01012674,Blackpool 013C,Public order,Unable to prosecute suspect,
3e324604578aa0370015c1feb6effd56528d5098fa4e309f378607d2973940ad,2019-02,Lancashire Constabulary,Lancashire Constabulary,-3.050072,53.799741,On or near Wolsley Road,E01012674,Blackpool 013C,Violence and sexual offences,Status update unavailable,
6419ec435f29cf8387e140422c91f5abcc86d5124ab6ab8a98d81e715ec5317f,2019-02,Lancashire Constabulary,Lancashire Constabulary,-3.045894,53.802663,On or near Maudland Road,E01012674,Blackpool 013C,Violence and sexual offences,Status update unavailable,
ea424d4120d4b4717fe72b711ddb52dcf2c89a143e335ec6620a37934cb81d06,2019-02,Lancashire Constabulary,Lancashire Constabulary,-3.050363,53.801042,On or near Duke Street,E01012674,Blackpool 013C,Violence and sexual offences,Status update unavailable,
54b40fb6bb9509ade5666b9fad12e020bbaad4b116df79dbf176e8ca5ad597ec,2019-02,Lancashire Constabulary,Lancashire Constabulary,-3.049999,53.799238,On or near Hilton Avenue,E01012674,Blackpool 013C,Violence and sexual offences,Status update unavailable,
d9ced06efed5b682d000ac52214da9a4fc75a503f7dd764d692f612389280588,2019-02,Lancashire Constabulary,Lancashire Constabulary,-3.050662,53.802073,On or near Ruskin Avenue,E01012674,Blackpool 013C,Violence and sexual offences,Unable to prosecute suspect,
d72295598085ee735a9b79a9db8855052a7839349a2f16900bf187b2be3f0af0,2019-02,Lancashire Constabulary,Lancashire Constabulary,-3.046149,53.800710,On or near Stansfield Street,E01012674,Blackpool 013C,Violence and sexual offences,Unable to prosecute suspect,
020d80a1733420e20d0c9cdcfb87c335c099f22a1532f840920378e0336c95e0,2019-02,Lancashire Constabulary,Lancashire Constabulary,-3.049735,53.802036,On or near Elland Place,E01012674,Blackpool 013C,Violence and sexual offences,Court case unable to proceed,
39e4594cd354ae7ea654f4d3a06c7b72d8a9ca6a93e4ddd87da21a65f47ee37e,2019-02,Lancashire Constabulary,Lancashire Constabulary,-3.046398,53.801562,On or near St Heliers Road,E01012674,Blackpool 013C,Violence and sexual offences,Unable to prosecute suspect,
817307482e6e23bff647ac0201b1401fa362e8790b753132074ad6e44388be11,2019-02,Lancashire Constabulary,Lancashire Constabulary,-3.047666,53.803115,On or near Seymour Road,E01012674,Blackpool 013C,Violence and sexual offences,Unable to prosecute suspect,
466d06acc66489125c2b13939a87ac2903be53e4e4e71ffda90cb1b9f7a6cb60,2019-02,Lancashire Constabulary,Lancashire Constabulary,-3.046876,53.800038,On or near Westbourne Avenue,E01012674,Blackpool 013C,Violence and sexual offences,Status update unavailable,
7fb714aca600d0d1cc05a3680e4fba60b44c825688a168dab67fce6b6925b410,2019-02,Lancashire Constabulary,Lancashire Constabulary,-3.046398,53.801562,On or near St Heliers Road,E01012674,Blackpool 013C,Violence and sexual offences,Status update unavailable,
41fa111a521d26bc32ff209b33a6d429d7956796d736b53670574e74e4d2c54b,2019-02,Lancashire Constabulary,Lancashire Constabulary,-3.046149,53.800710,On or near Stansfield Street,E01012674,Blackpool 013C,Violence and sexual offences,Status update unavailable,
deb57a4b8148843a637ed41cf4af43edcc293ed3c7e20988080b986e349556e7,2019-02,Lancashire Constabulary,Lancashire Constabulary,-3.046398,53.801562,On or near St Heliers Road,E01012674,Blackpool 013C,Violence and sexual offences,Status update unavailable,
162b7b9aa343594a5c0c2b663bccf32fa29683bd359883a669ee0aba960bfd30,2019-02,Lancashire Constabulary,Lancashire Constabulary,-3.046398,53.801562,On or near St Heliers Road,E01012674,Blackpool 013C,Violence and sexual offences,Status update unavailable,
,2019-02,Lancashire Constabulary,Lancashire Constabulary,-3.054721,53.798019,On or near Lawrence Street,E01012751,Blackpool 013D,Anti-social behaviour,,
,2019-02,Lancashire Constabulary,Lancashire Constabulary,-3.053125,53.794941,On or near Withnell Road,E01012751,Blackpool 013D,Anti-social behaviour,,
,2019-02,Lancashire Constabulary,Lancashire Constabulary,-3.055314,53.793825,On or near Parking Area,E01012751,Blackpool 013D,Anti-social behaviour,,
,2019-02,Lancashire Constabulary,Lancashire Constabulary,-3.053395,53.795397,On or near Parking Area,E01012751,Blackpool 013D,Anti-social behaviour,,
,2019-02,Lancashire Constabulary,Lancashire Constabulary,-3.053125,53.794941,On or near Withnell Road,E01012751,Blackpool 013D,Anti-social behaviour,,
,2019-02,Lancashire Constabulary,Lancashire Constabulary,-3.053075,53.798393,On or near Shopping Area,E01012751,Blackpool 013D,Anti-social behaviour,,
,2019-02,Lancashire Constabulary,Lancashire Constabulary,-3.048172,53.796594,On or near Parking Area,E01012751,Blackpool 013D,Anti-social behaviour,,
,2019-02,Lancashire Constabulary,Lancashire Constabulary,-3.053883,53.796723,On or near Bond Street,E01012751,Blackpool 013D,Anti-social behaviour,,
,2019-02,Lancashire Constabulary,Lancashire Constabulary,-3.051148,53.797826,On or near Hill Street,E01012751,Blackpool 013D,Anti-social behaviour,,
,2019-02,Lancashire Constabulary,Lancashire Constabulary,-3.053075,53.798393,On or near Shopping Area,E01012751,Blackpool 013D,Anti-social behaviour,,
,2019-02,Lancashire Constabulary,Lancashire Constabulary,-3.053125,53.794941,On or near Withnell Road,E01012751,Blackpool 013D,Anti-social behaviour,,
,2019-02,Lancashire Constabulary,Lancashire Constabulary,-3.048172,53.796594,On or near Parking Area,E01012751,Blackpool 013D,Anti-social behaviour,,
bd8170645ab144ef63244bc535d8c6b072221ba27b0e7df4267d2a3bb5e9f544,2019-02,Lancashire Constabulary,Lancashire Constabulary,-3.053144,53.795678,On or near Station Road,E01012751,Blackpool 013D,Burglary,Status update unavailable,
793c58d5cf234d58d9c0508fab99961442ec90527a5b5d6fc238a955d20cf29e,2019-02,Lancashire Constabulary,Lancashire Constabulary,-3.053883,53.796723,On or near Bond Street,E01012751,Blackpool 013D,Burglary,Status update unavailable,
7eac3a442b8dc1458e8f5324c279861841865e013e0859e1b3228784fb4c59d4,2019-02,Lancashire Constabulary,Lancashire Constabulary,-3.051148,53.797826,On or near Hill Street,E01012751,Blackpool 013D,Burglary,Status update unavailable,
a59f29c09740f0014e2b0c6074c1e888ca93472877f239ebb6c309836d284478,2019-02,Lancashire Constabulary,Lancashire Constabulary,-3.054873,53.798054,On or near Bath Street,E01012751,Blackpool 013D,Burglary,Status update unavailable,
3f97f7772350097a1e4f9076c2bd69c1ec02cf9a50cd5c68c274434e2d120c64,2019-02,Lancashire Constabulary,Lancashire Constabulary,-3.051148,53.797826,On or near Hill Street,E01012751,Blackpool 013D,Burglary,Status update unavailable,
50426779691d58b1bec58abb95ccbdc33951c66c95df959c5a4f4e4dbf6f6e6c,2019-02,Lancashire Constabulary,Lancashire Constabulary,-3.054721,53.798019,On or near Lawrence Street,E01012751,Blackpool 013D,Burglary,Status update unavailable,
f1e656c556ccbad5d63f124ba1a1620c7b58625544f78e04dac1e0a435627efb,2019-02,Lancashire Constabulary,Lancashire Constabulary,-3.053395,53.795397,On or near Parking Area,E01012751,Blackpool 013D,Burglary,Status update unavailable,
a688727ebd020f901e09faf9aae34e235320b3049c8a85b68acc723f8bba40b5,2019-02,Lancashire Constabulary,Lancashire Constabulary,-3.053395,53.795397,On or near Parking Area,E01012751,Blackpool 013D,Burglary,Status update unavailable,
8332cfcea1742452dacfe4d464698f2847c9667f3135fa23f38f6c15fd19df1f,2019-02,Lancashire Constabulary,Lancashire Constabulary,-3.053163,53.797655,On or near Rawcliffe Street,E01012751,Blackpool 013D,Burglary,Status update unavailable,
c7bad4dc02d9269ed4e69f31d5a8a4d3f0e569bc697f4085e5a8525886566801,2019-02,Lancashire Constabulary,Lancashire Constabulary,-3.054721,53.798019,On or near Lawrence Street,E01012751,Blackpool 013D,Burglary,Status update unavailable,
dfd8fb2c4fa8f4a858cb99774794b9fbd17120838650345584870438eb59a976,2019-02,Lancashire Constabulary,Lancashire Constabulary,-3.055667,53.794002,On or near Simpson Street,E01012751,Blackpool 013D,Burglary,Status update unavailable,
1e259521be1374491fb38ea16807aed5fab90244a8091c71c20e1eb5bc702b02,2019-02,Lancashire Constabulary,Lancashire Constabulary,-3.053395,53.795397,On or near Parking Area,E01012751,Blackpool 013D,Burglary,Status update unavailable,
0f1f58ceabca2735e48d6ca942aa39446e776a7059098179fd8b67da27c2a07a,2019-02,Lancashire Constabulary,Lancashire Constabulary,-3.053144,53.795678,On or near Station Road,E01012751,Blackpool 013D,Burglary,Status update unavailable,
1cabc1d1f3f199692dde665ef775afc3d85c8b0a268875370dbed11ab8dca959,2019-02,Lancashire Constabulary,Lancashire Constabulary,-3.054721,53.798019,On or near Lawrence Street,E01012751,Blackpool 013D,Burglary,Status update unavailable,
317a882bf2ec44b6feec6f72bbe00396efb932b619b1a795a61b4e8f7f1bb8ba,2019-02,Lancashire Constabulary,Lancashire Constabulary,-3.048172,53.796594,On or near Parking Area,E01012751,Blackpool 013D,Burglary,Status update unavailable,
9e4be110e3eb4bd89b3f43bc9399dbb9f7f5080ee13ad5d7816fcd6b79b5e4d6,2019-02,Lancashire Constabulary,Lancashire Constabulary,-3.055524,53.794965,On or near Simpson Street,E01012751,Blackpool 013D,Criminal damage and arson,Status update unavailable,
b2dc013029a49c2f3f9a25406f2d77d300b24b435779af1809f802bfdf6a061e,2019-02,Lancashire Constabulary,Lancashire Constabulary,-3.052177,53.797700,On or near Moore Street,E01012751,Blackpool 013D,Criminal damage and arson,Status update unavailable,
01c15244b43472e1bab63701369b9d65bc05c73c51a8057a7a97ff6646ed411a,2019-02,Lancashire Constabulary,Lancashire Constabulary,-3.052177,53.797700,On or near Moore Street,E01012751,Blackpool 013D,Criminal damage and arson,Status update unavailable,
fc636f0d0395a9304630d17986df5f06e438603a6911acbdc1234bef2ffb2fee,2019-02,Lancashire Constabulary,Lancashire Constabulary,-3.054844,53.796877,On or near Police Station,E01012751,Blackpool 013D,Criminal damage and arson,Unable to prosecute suspect,
c52d0e69b46d2bc853aef7da23967bc5c60450e8f199156c2810d8492df7a3db,2019-02,Lancashire Constabulary,Lancashire Constabulary,-3.055147,53.796874,On or near Montague Street,E01012751,Blackpool 013D,Drugs,Local resolution,
061e066590be97095650a80ab6724384e94ad1facc8000baea8e1b7f09c529ef,2019-02,Lancashire Constabulary,Lancashire Constabulary,-3.053883,53.796723,On or near Bond Street,E01012751,Blackpool 013D,Drugs,Local resolution,
ba76e218d655264ec4319545d1e996bb3c9893477eecd183c07fcef79a67a546,2019-02,Lancashire Constabulary,Lancashire Constabulary,-3.053883,53.796723,On or near Bond Street,E01012751,Blackpool 013D,Drugs,Local resolution,
ed124a3b24698a078a68bdb2212271a2507d055cfd421f0a9b0e0549ed9e6b2b,2019-02,Lancashire Constabulary,Lancashire Constabulary,-3.055147,53.796874,On or near Montague Street,E01012751,Blackpool 013D,Other theft,Status update unavailable,
2bb133f964e60d712320f98850b89f5fa9c91dd11da6bc3932f21a2de8d466a8,2019-02,Lancashire Constabulary,Lancashire Constabulary,-3.047681,53.795771,On or near Petrol Station,E01012751,Blackpool 013D,Other theft,Status update unavailable,
bd5bc00a098760401bff3579c2540187f5f7d0f7e4e0649f3367c8d5703794d4,2019-02,Lancashire Constabulary,Lancashire Constabulary,-3.055667,53.794002,On or near Simpson Street,E01012751,Blackpool 013D,Other theft,Status update unavailable,
52f0320d596149a88312b5862e9f27c843f867e5591376f3c5f1286ae7327ef5,2019-02,Lancashire Constabulary,Lancashire Constabulary,-3.053144,53.795678,On or near Station Road,E01012751,Blackpool 013D,Other theft,Status update unavailable,
415e3fa8edffbe9c8c7bc1ca8f828a6226bbf684ba862d7d20f7b09e1b795f0c,2019-02,Lancashire Constabulary,Lancashire Constabulary,-3.051148,53.797826,On or near Hill Street,E01012751,Blackpool 013D,Other theft,Status update unavailable,
b8f4d98cb52cffc2d7f3d87c1474993dd906de70570880a6f1a08bb65c3faa14,2019-02,Lancashire Constabulary,Lancashire Constabulary,-3.054721,53.798019,On or near Lawrence Street,E01012751,Blackpool 013D,Public order,Unable to prosecute suspect,
bc5d2ceeafc31ca0927e65a3704366fd49f02f0872dc9fb670602c485c1c2249,2019-02,Lancashire Constabulary,Lancashire Constabulary,-3.055524,53.794965,On or near Simpson Street,E01012751,Blackpool 013D,Public order,Awaiting court outcome,
849164e69f4ae4e6f65cf03db6cbae57ee652d4d229eb5789587f68adf5b0c06,2019-02,Lancashire Constabulary,Lancashire Constabulary,-3.047681,53.795771,On or near Petrol Station,E01012751,Blackpool 013D,Public order,Status update unavailable,
7e5028311e9ea34323ed5a45d5b16cf2d1ca7dbec34b2cde9149689e9ed5797a,2019-02,Lancashire Constabulary,Lancashire Constabulary,-3.053144,53.795678,On or near Station Road,E01012751,Blackpool 013D,Public order,Unable to prosecute suspect,
74e8be0bca43d25e1e1f3d0de67f546b846d974904129afbb4cc6b91b68cc1c2,2019-02,Lancashire Constabulary,Lancashire Constabulary,-3.050014,53.795580,On or near Station Terrace,E01012751,Blackpool 013D,Public order,Unable to prosecute suspect,
b996e79aafb5bed99a886099aec122d53186e83f2f3bb3f987729947efc8af13,2019-02,Lancashire Constabulary,Lancashire Constabulary,-3.054721,53.798019,On or near Lawrence Street,E01012751,Blackpool 013D,Public order,Status update unavailable,
a49f5649a009cf901a14b72b7e34f8f2c7b608bb2e7617700fe2d8812bd24587,2019-02,Lancashire Constabulary,Lancashire Constabulary,-3.054873,53.798054,On or near Bath Street,E01012751,Blackpool 013D,Public order,Status update unavailable,
71770bb4c91c46bff6c2d0cf23d36eef5339bb3e287b46ac9ab5213a7891a419,2019-02,Lancashire Constabulary,Lancashire Constabulary,-3.054721,53.798019,On or near Lawrence Street,E01012751,Blackpool 013D,Public order,Status update unavailable,
3ed843cb21c11b3fbe5fdc994a8c1c9ab4802ca1f8ec69999b59eb9d31a042be,2019-02,Lancashire Constabulary,Lancashire Constabulary,-3.055314,53.793825,On or near Parking Area,E01012751,Blackpool 013D,Public order,Status update unavailable,
7f179696401034daa7e36c9d67fc0a8c79b1c4427acf137b85ffd22b86fa4ee3,2019-02,Lancashire Constabulary,Lancashire Constabulary,-3.055524,53.794965,On or near Simpson Street,E01012751,Blackpool 013D,Theft from the person,Status update unavailable,
78e9b36b3c9d1ebd69909ffc25e09a43fe229b65a15772fb2e8ce9707e4d4f05,2019-02,Lancashire Constabulary,Lancashire Constabulary,-3.053075,53.798393,On or near Shopping Area,E01012751,Blackpool 013D,Vehicle crime,Status update unavailable,
bed5af2d1f1380ef1746e660eb88f32902763c4aae430f14f53fdf29c09fbb69,2019-02,Lancashire Constabulary,Lancashire Constabulary,-3.054844,53.796877,On or near Police Station,E01012751,Blackpool 013D,Violence and sexual offences,Unable to prosecute suspect,
99c0f15d04f9b8948da6ba0057dd398247894525aa5b6cb8fa01fbcb00e11d1b,2019-02,Lancashire Constabulary,Lancashire Constabulary,-3.051148,53.797826,On or near Hill Street,E01012751,Blackpool 013D,Violence and sexual offences,Unable to prosecute suspect,
eab7d848ceb1a47bb8845f5ecb8b49049b5381aa63aa041e968af7dbe75a2342,2019-02,Lancashire Constabulary,Lancashire Constabulary,-3.054721,53.798019,On or near Lawrence Street,E01012751,Blackpool 013D,Violence and sexual offences,Awaiting court outcome,
9e1db8872d6492566e848d09fd7b54515f497c38e1adb2d27f10460565540fed,2019-02,Lancashire Constabulary,Lancashire Constabulary,-3.053883,53.796723,On or near Bond Street,E01012751,Blackpool 013D,Violence and sexual offences,Status update unavailable,
048b461c86231a33d8c25050b1a448b5b7b6a6694a87b45d57e26642840244e0,2019-02,Lancashire Constabulary,Lancashire Constabulary,-3.055667,53.794002,On or near Simpson Street,E01012751,Blackpool 013D,Violence and sexual offences,Unable to prosecute suspect,
d87dee13ae4e2bc1845bbce94271787fc3ea0d6826d3bd47d5f986fee8574fab,2019-02,Lancashire Constabulary,Lancashire Constabulary,-3.051148,53.797826,On or near Hill Street,E01012751,Blackpool 013D,Violence and sexual offences,Status update unavailable,
38c53d27c10dc910ae4b7b2ca4df7c9b906a83d2f2007c8790f9de141a61baa7,2019-02,Lancashire Constabulary,Lancashire Constabulary,-3.053134,53.796505,On or near Dean Street,E01012751,Blackpool 013D,Violence and sexual offences,Unable to prosecute suspect,
0d384ad540686b39cdc0908ea8c1c553656ee375fbbe1b1a10ae83a092293641,2019-02,Lancashire Constabulary,Lancashire Constabulary,-3.054721,53.798019,On or near Lawrence Street,E01012751,Blackpool 013D,Violence and sexual offences,Status update unavailable,
8e14c9a1571c2aa0f936dc9fc78c6754d3c3028bab7dd7586d54e92cbd29fdba,2019-02,Lancashire Constabulary,Lancashire Constabulary,-3.051148,53.797826,On or near Hill Street,E01012751,Blackpool 013D,Violence and sexual offences,Unable to prosecute suspect,
72374ac6b1de32562c028d758b4978db986bc767ce7a5275346d4641b2e2d6db,2019-02,Lancashire Constabulary,Lancashire Constabulary,-3.053883,53.796723,On or near Bond Street,E01012751,Blackpool 013D,Violence and sexual offences,Status update unavailable,
693badd4c4faa5cff9a37afa65ad3e3a6507ae087eef2209181227ea0f4d2a4c,2019-02,Lancashire Constabulary,Lancashire Constabulary,-3.055667,53.794002,On or near Simpson Street,E01012751,Blackpool 013D,Violence and sexual offences,Awaiting court outcome,
573f2dbaac6c1e5629425e85221fe2db5908cd25d9b6de1bc27da3e047cf44d3,2019-02,Lancashire Constabulary,Lancashire Constabulary,-3.053163,53.797655,On or near Rawcliffe Street,E01012751,Blackpool 013D,Violence and sexual offences,Status update unavailable,
4f996244242e186ba11e68d43adadaf71473f6719adc6072641c115100c2a2bb,2019-02,Lancashire Constabulary,Lancashire Constabulary,-3.053163,53.797655,On or near Rawcliffe Street,E01012751,Blackpool 013D,Violence and sexual offences,Status update unavailable,
a1dfa0aeecca3027173b3d15ff84db15021ae6ca2973bdf539de4218c4a75561,2019-02,Lancashire Constabulary,Lancashire Constabulary,-3.050133,53.798518,On or near Lytham Road,E01012751,Blackpool 013D,Violence and sexual offences,Status update unavailable,
3058f97fcc28bb379f344b0e9a324b9661ff23ef3d415af23f2589bf444a23cf,2019-02,Lancashire Constabulary,Lancashire Constabulary,-3.048172,53.796594,On or near Parking Area,E01012751,Blackpool 013D,Violence and sexual offences,Unable to prosecute suspect,
ee693ded42c78bac91e903e2bb26e8b17a034f692456a7d8ccd2a7641e82d854,2019-02,Lancashire Constabulary,Lancashire Constabulary,-3.055524,53.794965,On or near Simpson Street,E01012751,Blackpool 013D,Violence and sexual offences,Unable to prosecute suspect,
5eea361f46544b8bb94a6c3d8e2105ff6d0589b35d99e61e5fae16bc0ff62b0c,2019-02,Lancashire Constabulary,Lancashire Constabulary,-3.050014,53.795580,On or near Station Terrace,E01012751,Blackpool 013D,Violence and sexual offences,Status update unavailable,
03a537f4f2858c3d9343bdb1a9aafcd7d42156885741d78b47543469482885cc,2019-02,Lancashire Constabulary,Lancashire Constabulary,-3.050014,53.795580,On or near Station Terrace,E01012751,Blackpool 013D,Violence and sexual offences,Status update unavailable,
655697beba00076dd52398f84198f76f1936e9e12af6e411de9d2876baad66c5,2019-02,Lancashire Constabulary,Lancashire Constabulary,-3.055524,53.794965,On or near Simpson Street,E01012751,Blackpool 013D,Violence and sexual offences,Unable to prosecute suspect,
e48c7d74bb87d958f59bc8823376900ed42a88444f9d69f1c7c22de6bd6865c0,2019-02,Lancashire Constabulary,Lancashire Constabulary,-3.054721,53.798019,On or near Lawrence Street,E01012751,Blackpool 013D,Violence and sexual offences,Status update unavailable,
00513d4ec67217a48b760884e6d2c9ce4d1fb6a11cbe6fd3d21334f21fb38fdf,2019-02,Lancashire Constabulary,Lancashire Constabulary,-3.051148,53.797826,On or near Hill Street,E01012751,Blackpool 013D,Violence and sexual offences,Status update unavailable,
d5a8c41d66093027794bae35f4e39106233410846120810f76fbda750fd583ff,2019-02,Lancashire Constabulary,Lancashire Constabulary,-3.049989,53.795202,On or near Station Terrace,E01012751,Blackpool 013D,Violence and sexual offences,Unable to prosecute suspect,
79cd1711cdd2b6921762153bfc0bab92e56c2bf27a456691fff2e30a266b440f,2019-02,Lancashire Constabulary,Lancashire Constabulary,-3.049989,53.795202,On or near Station Terrace,E01012751,Blackpool 013D,Violence and sexual offences,Unable to prosecute suspect,
,2019-02,Lancashire Constabulary,Lancashire Constabulary,-3.002182,53.798982,On or near Dalegarth Close,E01012686,Blackpool 014A,Anti-social behaviour,,
,2019-02,Lancashire Constabulary,Lancashire Constabulary,-2.996850,53.798883,On or near Mardale Avenue,E01012686,Blackpool 014A,Anti-social behaviour,,
,2019-02,Lancashire Constabulary,Lancashire Constabulary,-3.001151,53.798407,On or near Deepdale Road,E01012686,Blackpool 014A,Anti-social behaviour,,
,2019-02,Lancashire Constabulary,Lancashire Constabulary,-2.997842,53.800358,On or near Rossett Avenue,E01012686,Blackpool 014A,Anti-social behaviour,,
,2019-02,Lancashire Constabulary,Lancashire Constabulary,-2.999894,53.801114,On or near Seathwaite Avenue,E01012686,Blackpool 014A,Anti-social behaviour,,
1f07417815b8b0432babca9e893a99d3a083b7c343632d3e29e881da82a827c9,2019-02,Lancashire Constabulary,Lancashire Constabulary,-2.996850,53.798883,On or near Mardale Avenue,E01012686,Blackpool 014A,Bicycle theft,Status update unavailable,
0a044da29108a531420d22a10327cc8747286210ef0287ed8d9de059f61f07b1,2019-02,Lancashire Constabulary,Lancashire Constabulary,-2.996778,53.799674,On or near Langdale Place,E01012686,Blackpool 014A,Burglary,Status update unavailable,
7d93f03752d6b480415e66c3d77be18e8202b82b66a1c17d041980059499e747,2019-02,Lancashire Constabulary,Lancashire Constabulary,-2.997199,53.799527,On or near Crummock Place,E01012686,Blackpool 014A,Other theft,Unable to prosecute suspect,
bce5003bb3c2667bacfb001730626653de6b0c6f8bd104e2afdd4ff75220069e,2019-02,Lancashire Constabulary,Lancashire Constabulary,-2.997199,53.799527,On or near Crummock Place,E01012686,Blackpool 014A,Other theft,Status update unavailable,
329c984af92a308177879607dc70b7edbc405eb1824dee63fef64c3b2c44e29d,2019-02,Lancashire Constabulary,Lancashire Constabulary,-3.004643,53.799672,On or near Borrowdale Road,E01012686,Blackpool 014A,Other theft,Status update unavailable,
fde8b94d1445c348b24777466ecfb2b5a914f7035d50b6919e37941302577900,2019-02,Lancashire Constabulary,Lancashire Constabulary,-2.997842,53.800358,On or near Rossett Avenue,E01012686,Blackpool 014A,Public order,Status update unavailable,
05a4580eebf06f3cb6def2ad3bbac7e9fa1d7f8051fcb1d228309d73a33a872c,2019-02,Lancashire Constabulary,Lancashire Constabulary,-2.997199,53.799527,On or near Crummock Place,E01012686,Blackpool 014A,Public order,Status update unavailable,
b67aebd03895fbe767611062489fd30d1e22bd8f7a534d2b43b8b84d58a18cfe,2019-02,Lancashire Constabulary,Lancashire Constabulary,-3.003685,53.799626,On or near Tarnside,E01012686,Blackpool 014A,Public order,Local resolution,
801fbbee9097af0f3572cb5559831aba89fd384580511e0858fd939e762a274f,2019-02,Lancashire Constabulary,Lancashire Constabulary,-2.998417,53.799032,On or near Ennerdale Road,E01012686,Blackpool 014A,Violence and sexual offences,Unable to prosecute suspect,
4b48fb4a775789eb590ec55162bfef1488e46a64b20224caa7ae71bea202b6af,2019-02,Lancashire Constabulary,Lancashire Constabulary,-2.997199,53.799527,On or near Crummock Place,E01012686,Blackpool 014A,Violence and sexual offences,Status update unavailable,
6b99438d51cba09d3fa7c6e17f51d29b5c94d875d3e35789f628f1323fbd9fbc,2019-02,Lancashire Constabulary,Lancashire Constabulary,-3.002236,53.798730,On or near Lindbeck Road,E01012686,Blackpool 014A,Violence and sexual offences,Status update unavailable,
,2019-02,Lancashire Constabulary,Lancashire Constabulary,-2.995638,53.798345,On or near Branstree Road,E01012687,Blackpool 014B,Anti-social behaviour,,
,2019-02,Lancashire Constabulary,Lancashire Constabulary,-2.991065,53.800171,On or near Winster Place,E01012687,Blackpool 014B,Anti-social behaviour,,
,2019-02,Lancashire Constabulary,Lancashire Constabulary,-2.992775,53.796040,On or near Petrol Station,E01012687,Blackpool 014B,Anti-social behaviour,,
,2019-02,Lancashire Constabulary,Lancashire Constabulary,-2.988999,53.797510,On or near Hawkshead Terrace,E01012687,Blackpool 014B,Anti-social behaviour,,
,2019-02,Lancashire Constabulary,Lancashire Constabulary,-2.992775,53.796040,On or near Petrol Station,E01012687,Blackpool 014B,Anti-social behaviour,,
,2019-02,Lancashire Constabulary,Lancashire Constabulary,-2.988999,53.797510,On or near Hawkshead Terrace,E01012687,Blackpool 014B,Anti-social behaviour,,
,2019-02,Lancashire Constabulary,Lancashire Constabulary,-2.991065,53.800171,On or near Winster Place,E01012687,Blackpool 014B,Anti-social behaviour,,
,2019-02,Lancashire Constabulary,Lancashire Constabulary,-2.991065,53.800171,On or near Winster Place,E01012687,Blackpool 014B,Anti-social behaviour,,
,2019-02,Lancashire Constabulary,Lancashire Constabulary,-2.994901,53.800553,On or near Ambleside Road,E01012687,Blackpool 014B,Anti-social behaviour,,
,2019-02,Lancashire Constabulary,Lancashire Constabulary,-2.991065,53.800171,On or near Winster Place,E01012687,Blackpool 014B,Anti-social behaviour,,
,2019-02,Lancashire Constabulary,Lancashire Constabulary,-2.992510,53.797058,On or near Sports/Recreation Area,E01012687,Blackpool 014B,Anti-social behaviour,,
d949139ee707ffd2c5e6314a4f86c8cd2706717e3c20b2cf8830a75fce34a491,2019-02,Lancashire Constabulary,Lancashire Constabulary,-2.991065,53.800171,On or near Winster Place,E01012687,Blackpool 014B,Criminal damage and arson,Unable to prosecute suspect,
457a530e932aba66093821b9edf010ecdfbe3af3230c69278c4236937440f8d5,2019-02,Lancashire Constabulary,Lancashire Constabulary,-2.992775,53.796040,On or near Petrol Station,E01012687,Blackpool 014B,Drugs,Local resolution,
e5ba80dde947b9ce0055603fda68f0d6a1cf874fa41589804b1492728e1aa111,2019-02,Lancashire Constabulary,Lancashire Constabulary,-2.992775,53.796040,On or near Petrol Station,E01012687,Blackpool 014B,Drugs,Status update unavailable,
0eba182fe85670410a5ec12cb33d0a3bb1b43dfac8a0b2b06a698ff61a187f19,2019-02,Lancashire Constabulary,Lancashire Constabulary,-2.991065,53.800171,On or near Winster Place,E01012687,Blackpool 014B,Other theft,Formal action is not in the public interest,
5a0d1923d78871c97cd0097d0bd6fd3d7d0a6a33a24f26e06f89986345f50298,2019-02,Lancashire Constabulary,Lancashire Constabulary,-2.991065,53.800171,On or near Winster Place,E01012687,Blackpool 014B,Other theft,Further investigation is not in the public interest,
c53d64b46c76f62602771d7c30d759b44afd2ae32936c77f8ac2412e9aafe3ed,2019-02,Lancashire Constabulary,Lancashire Constabulary,-2.991065,53.800171,On or near Winster Place,E01012687,Blackpool 014B,Other theft,Status update unavailable,
6e992245dfc3e92db3eeb564f7b847005e1ff7a899e1e97d608e1cab8450dc4f,2019-02,Lancashire Constabulary,Lancashire Constabulary,-2.991065,53.800171,On or near Winster Place,E01012687,Blackpool 014B,Other theft,Further investigation is not in the public interest,
2c7027c68ce3ab40b2b1e20dc4770627507520d72b51339428e49a578bfd9ce0,2019-02,Lancashire Constabulary,Lancashire Constabulary,-2.991065,53.800171,On or near Winster Place,E01012687,Blackpool 014B,Other theft,Status update unavailable,
384fc0bcbe240045e6efa8bd26a4c82fa1aae5fa3a7f9002750f04b2766449bc,2019-02,Lancashire Constabulary,Lancashire Constabulary,-2.991065,53.800171,On or near Winster Place,E01012687,Blackpool 014B,Other theft,Status update unavailable,
4a8d96540450026a251330276e7a59f0a2bf9789cbce8c9ac1d4555d8f0caf1d,2019-02,Lancashire Constabulary,Lancashire Constabulary,-2.991065,53.800171,On or near Winster Place,E01012687,Blackpool 014B,Other theft,Status update unavailable,
8d4553f297cb8978b3ab268e3d32913207de07c486d77d0cce8f466106d18417,2019-02,Lancashire Constabulary,Lancashire Constabulary,-2.992775,53.796040,On or near Petrol Station,E01012687,Blackpool 014B,Public order,Awaiting court outcome,
0866db0ef32c82552bc3b6e4a7cc6d7a7a7bef735cb40c7fde75188f80cd2c22,2019-02,Lancashire Constabulary,Lancashire Constabulary,-2.992775,53.796040,On or near Petrol Station,E01012687,Blackpool 014B,Public order,Awaiting court outcome,
14df61e6008f1657ebccb926d273b7d4aa9b8f19f9c25100bc0f40768bb30aeb,2019-02,Lancashire Constabulary,Lancashire Constabulary,-2.992775,53.796040,On or near Petrol Station,E01012687,Blackpool 014B,Public order,Awaiting court outcome,
3369e795ec54dfadcd627b29cd27fdf903123925d3954996d54fadd6d2c0fbf2,2019-02,Lancashire Constabulary,Lancashire Constabulary,-2.992775,53.796040,On or near Petrol Station,E01012687,Blackpool 014B,Shoplifting,Unable to prosecute suspect,
e8543b525ce0313ba775e7cd19d852cdfad80ec1e6980fd188d061817507c320,2019-02,Lancashire Constabulary,Lancashire Constabulary,-2.992775,53.796040,On or near Petrol Station,E01012687,Blackpool 014B,Shoplifting,Awaiting court outcome,
3e363ce44312cd0a8e2b23c755841934b687c0b953d15d259ef2cb7945b6507c,2019-02,Lancashire Constabulary,Lancashire Constabulary,-2.992775,53.796040,On or near Petrol Station,E01012687,Blackpool 014B,Shoplifting,Status update unavailable,
179c81f638e987866ef78c64dcdc3e13df48c0686bf00fa0052877d8b6937ebc,2019-02,Lancashire Constabulary,Lancashire Constabulary,-2.992775,53.796040,On or near Petrol Station,E01012687,Blackpool 014B,Shoplifting,Unable to prosecute suspect,
cedeb3d6d29f3ec522c2b874448a39118e3a1360cd3113bf640ec835045cb3f6,2019-02,Lancashire Constabulary,Lancashire Constabulary,-2.992775,53.796040,On or near Petrol Station,E01012687,Blackpool 014B,Shoplifting,Status update unavailable,
44781d80f7bd94589bfafefea5b544232148fa5498631ef04c072ceb36e64d0c,2019-02,Lancashire Constabulary,Lancashire Constabulary,-2.991065,53.800171,On or near Winster Place,E01012687,Blackpool 014B,Violence and sexual offences,Unable to prosecute suspect,
4c73639e2c4d01115332e301d525481e5728c640ca9905cedb3ce42a38a7d45f,2019-02,Lancashire Constabulary,Lancashire Constabulary,-2.991065,53.800171,On or near Winster Place,E01012687,Blackpool 014B,Violence and sexual offences,Local resolution,
abdb0b00de614ea62d8a8ec284d0d696f9acf288e2058e872cd0895c7ed6b606,2019-02,Lancashire Constabulary,Lancashire Constabulary,-2.992775,53.796040,On or near Petrol Station,E01012687,Blackpool 014B,Violence and sexual offences,Local resolution,
4b044debbe5dd42eec61d84f0808f4456ff4129e53b9d320cb7438e7713b24bc,2019-02,Lancashire Constabulary,Lancashire Constabulary,-2.991065,53.800171,On or near Winster Place,E01012687,Blackpool 014B,Violence and sexual offences,Unable to prosecute suspect,
23b183f226a4c115a7b425c82953386a152ca0cb355043d110bb5f9da05ec5c6,2019-02,Lancashire Constabulary,Lancashire Constabulary,-2.991065,53.800171,On or near Winster Place,E01012687,Blackpool 014B,Violence and sexual offences,Unable to prosecute suspect,
d2b6b846b7e38c73f3ea8ec559aa6ed98a54b0da8a8bfda6715a70342b4f0915,2019-02,Lancashire Constabulary,Lancashire Constabulary,-2.991065,53.800171,On or near Winster Place,E01012687,Blackpool 014B,Violence and sexual offences,Further investigation is not in the public interest,
2de4ea1a8b6fc131ff26a56dfdeee171d8e49cda45990318a36fc36721a3f17b,2019-02,Lancashire Constabulary,Lancashire Constabulary,-2.991065,53.800171,On or near Winster Place,E01012687,Blackpool 014B,Violence and sexual offences,Unable to prosecute suspect,
cdf96ae77e2aa1423677b4f39296f18c9445716b2c20a2e5a457b6365669eb8a,2019-02,Lancashire Constabulary,Lancashire Constabulary,-2.995638,53.798345,On or near Branstree Road,E01012687,Blackpool 014B,Violence and sexual offences,Status update unavailable,
be1e8da9aceed40f3697528111616de5adaefd0543f6652812aac1aba447cceb,2019-02,Lancashire Constabulary,Lancashire Constabulary,-2.991065,53.800171,On or near Winster Place,E01012687,Blackpool 014B,Violence and sexual offences,Unable to prosecute suspect,
5ec3463b2f38831dbaf4c43e4ecd9b0a4ae7731e541bb5036f72d533c5484699,2019-02,Lancashire Constabulary,Lancashire Constabulary,-2.991065,53.800171,On or near Winster Place,E01012687,Blackpool 014B,Violence and sexual offences,Further investigation is not in the public interest,
563a7f034b85be8ec0601908e6cdb906c53036628af9ed9e314fc6e4520174d6,2019-02,Lancashire Constabulary,Lancashire Constabulary,-2.992775,53.796040,On or near Petrol Station,E01012687,Blackpool 014B,Violence and sexual offences,Status update unavailable,
e3bfea9a8a222106f41ba73118847f8069fcbba81b18d4913ea62773c7c55e73,2019-02,Lancashire Constabulary,Lancashire Constabulary,-2.991065,53.800171,On or near Winster Place,E01012687,Blackpool 014B,Violence and sexual offences,Status update unavailable,
c59ba8c6bbf84b7c80a69fdf588146bb4d490aee8fc590ae8cdfba64e0753c94,2019-02,Lancashire Constabulary,Lancashire Constabulary,-2.992775,53.796040,On or near Petrol Station,E01012687,Blackpool 014B,Violence and sexual offences,Status update unavailable,
f337c9c96404008331f1fd5bc6bfe70fcea9e38aaf3d76fc5a6a1768d0a88bb0,2019-02,Lancashire Constabulary,Lancashire Constabulary,-2.991065,53.800171,On or near Winster Place,E01012687,Blackpool 014B,Violence and sexual offences,Status update unavailable,
69bf837d53804f625460e473eb3c27cceedeb8844b2ed2e512311a7d85416fa7,2019-02,Lancashire Constabulary,Lancashire Constabulary,-2.991065,53.800171,On or near Winster Place,E01012687,Blackpool 014B,Violence and sexual offences,Unable to prosecute suspect,
abf8c59ab32a1e1106d8afc04fb935b74e4830492982798a928cd80ac08a04fc,2019-02,Lancashire Constabulary,Lancashire Constabulary,-2.991065,53.800171,On or near Winster Place,E01012687,Blackpool 014B,Violence and sexual offences,Further investigation is not in the public interest,
d1b7171f39cb67d2c64d58653678f7c366540bd0bb91116a553974e85ba5b032,2019-02,Lancashire Constabulary,Lancashire Constabulary,-2.991065,53.800171,On or near Winster Place,E01012687,Blackpool 014B,Violence and sexual offences,Unable to prosecute suspect,
016f75f5203845b9efb65f26a8965903060712cb21eb4b25a529d62f6107cf4c,2019-02,Lancashire Constabulary,Lancashire Constabulary,-2.991065,53.800171,On or near Winster Place,E01012687,Blackpool 014B,Violence and sexual offences,Unable to prosecute suspect,
562b2c33cbb2f901b4037dab9d71834f878ceeb5b348cb6a01e013e26a1c23ab,2019-02,Lancashire Constabulary,Lancashire Constabulary,-2.991065,53.800171,On or near Winster Place,E01012687,Blackpool 014B,Violence and sexual offences,Unable to prosecute suspect,
dff18a079a1eac5d7ce8a343f2b484759925a06a2fd6a82742b58802d35621e6,2019-02,Lancashire Constabulary,Lancashire Constabulary,-2.991065,53.800171,On or near Winster Place,E01012687,Blackpool 014B,Violence and sexual offences,Further investigation is not in the public interest,
591d65b8281dcd1e2a570358c73815de6e4a55ce1f4104036c783113b88ead85,2019-02,Lancashire Constabulary,Lancashire Constabulary,-2.991065,53.800171,On or near Winster Place,E01012687,Blackpool 014B,Violence and sexual offences,Unable to prosecute suspect,
8f8c194a1f5129ed671b7eb9db7c8f0773d9280d8a80f7319e3a27e33b9d7a90,2019-02,Lancashire Constabulary,Lancashire Constabulary,-2.991065,53.800171,On or near Winster Place,E01012687,Blackpool 014B,Violence and sexual offences,Further investigation is not in the public interest,
bd570e76a370d59cd871c0cf3e8ba6ad7ea74fe05008b2151ebfc18c9e63e068,2019-02,Lancashire Constabulary,Lancashire Constabulary,-2.991065,53.800171,On or near Winster Place,E01012687,Blackpool 014B,Violence and sexual offences,Further investigation is not in the public interest,
74bb0f33b90ca8b64c42baef4b34f7eef056278f1edcde9f2c52b236ef23c981,2019-02,Lancashire Constabulary,Lancashire Constabulary,-2.991065,53.800171,On or near Winster Place,E01012687,Blackpool 014B,Violence and sexual offences,Further investigation is not in the public interest,
0c76aa165eee728b64ac1c51e9f6cc1910444e37b4727d78e60c872260d10c7f,2019-02,Lancashire Constabulary,Lancashire Constabulary,-2.991065,53.800171,On or near Winster Place,E01012687,Blackpool 014B,Violence and sexual offences,Unable to prosecute suspect,
b9fa2db5ebaca9505fd02ed563ba62cc900e6a8bdca4d12af082db3175f2ca7c,2019-02,Lancashire Constabulary,Lancashire Constabulary,-2.991065,53.800171,On or near Winster Place,E01012687,Blackpool 014B,Violence and sexual offences,Unable to prosecute suspect,
dfa4692e4a14f5d2bb36464ec6523a30e420045d63b4385f656c0136337fafb8,2019-02,Lancashire Constabulary,Lancashire Constabulary,-2.991065,53.800171,On or near Winster Place,E01012687,Blackpool 014B,Violence and sexual offences,Further investigation is not in the public interest,
9edc5a8ad8cab8636f4e5032cd56008979f4e686dc28f405ea7618483bc27010,2019-02,Lancashire Constabulary,Lancashire Constabulary,-2.991065,53.800171,On or near Winster Place,E01012687,Blackpool 014B,Violence and sexual offences,Further investigation is not in the public interest,
70231c09f69c3fe0c762fd06522855c22e934841613e81b7453bba039bbaa05f,2019-02,Lancashire Constabulary,Lancashire Constabulary,-2.991065,53.800171,On or near Winster Place,E01012687,Blackpool 014B,Violence and sexual offences,Further investigation is not in the public interest,
be68c30055ec715a62fefa7ca490771345e016bad0e06971c989a4806cc3b954,2019-02,Lancashire Constabulary,Lancashire Constabulary,-3.018206,53.795495,On or near Gordale Close,E01012688,Blackpool 014C,Other theft,Status update unavailable,
60381c7bbc53f53c0384398e247a5dd9a9b8a3d1a88a8077df6497b667d49fcf,2019-02,Lancashire Constabulary,Lancashire Constabulary,-3.008010,53.798259,On or near Brinwell Road,E01012688,Blackpool 014C,Public order,Unable to prosecute suspect,
32f43c4903ffcb98b1de130db39314ed45d2a9c6e8e390b1f892c45f72d9d31d,2019-02,Lancashire Constabulary,Lancashire Constabulary,-3.017117,53.796286,On or near Wasdale Road,E01012688,Blackpool 014C,Shoplifting,Status update unavailable,
e6165058534c4e7a0acec89c411a8a123a8be81698ede314071624cf3d6af74d,2019-02,Lancashire Constabulary,Lancashire Constabulary,-3.017117,53.796286,On or near Wasdale Road,E01012688,Blackpool 014C,Shoplifting,Status update unavailable,
76a636f9045933c86a2fe1719f2fd92082af41b140c52fedb956557fbd945bb1,2019-02,Lancashire Constabulary,Lancashire Constabulary,-3.017117,53.796286,On or near Wasdale Road,E01012688,Blackpool 014C,Shoplifting,Status update unavailable,
3d4175f681abfcd20cf8859c43869030b6b8287e8273d9a02bc1a43f730f2c74,2019-02,Lancashire Constabulary,Lancashire Constabulary,-3.017117,53.796286,On or near Wasdale Road,E01012688,Blackpool 014C,Shoplifting,Status update unavailable,
e4b199a8562591bc3f85199dc1d2e12528455e097441e871288d8bb40f9e1b96,2019-02,Lancashire Constabulary,Lancashire Constabulary,-3.017117,53.796286,On or near Wasdale Road,E01012688,Blackpool 014C,Shoplifting,Status update unavailable,
57304231e779179af5ffae2ac8359b46a6ee1518b63a792361564cf66cd54f0c,2019-02,Lancashire Constabulary,Lancashire Constabulary,-3.017117,53.796286,On or near Wasdale Road,E01012688,Blackpool 014C,Shoplifting,Status update unavailable,
a48a23d34976695ea693967301380ce9328c7589e7bc87fd55befe1cb456bb41,2019-02,Lancashire Constabulary,Lancashire Constabulary,-3.015726,53.800900,On or near Levine Avenue,E01012688,Blackpool 014C,Vehicle crime,Status update unavailable,
858c5d7cd928f1762388ef20503f5931c6639a89f0cc7baf8b9b4571ebf03c75,2019-02,Lancashire Constabulary,Lancashire Constabulary,-3.017512,53.795042,On or near Moore Tree Drive,E01012688,Blackpool 014C,Violence and sexual offences,Unable to prosecute suspect,
a297e56887b2e933a96ef73dea2a53bb25013b5d1e03f420d8d4f99fdc192711,2019-02,Lancashire Constabulary,Lancashire Constabulary,-3.016174,53.796204,On or near Ribblesdale Close,E01012688,Blackpool 014C,Violence and sexual offences,Further investigation is not in the public interest,
9e5e32c26598900da9c49f173dbf874255dfb8390fcaa01aebaaebd6483a9e9c,2019-02,Lancashire Constabulary,Lancashire Constabulary,-3.017512,53.795042,On or near Moore Tree Drive,E01012688,Blackpool 014C,Violence and sexual offences,Unable to prosecute suspect,
c3d1c265efaefe530d4e7becc93adbeebe680cee9f791b645b60d1b96e38680d,2019-02,Lancashire Constabulary,Lancashire Constabulary,-3.017117,53.796286,On or near Wasdale Road,E01012688,Blackpool 014C,Violence and sexual offences,Unable to prosecute suspect,
,2019-02,Lancashire Constabulary,Lancashire Constabulary,-3.006573,53.799754,On or near Newby Place,E01012689,Blackpool 014D,Anti-social behaviour,,
,2019-02,Lancashire Constabulary,Lancashire Constabulary,-3.011213,53.801405,On or near Cherry Tree Road North,E01012689,Blackpool 014D,Anti-social behaviour,,
,2019-02,Lancashire Constabulary,Lancashire Constabulary,-3.011213,53.801405,On or near Cherry Tree Road North,E01012689,Blackpool 014D,Anti-social behaviour,,
,2019-02,Lancashire Constabulary,Lancashire Constabulary,-3.011544,53.801915,On or near Cornelian Way,E01012689,Blackpool 014D,Anti-social behaviour,,
,2019-02,Lancashire Constabulary,Lancashire Constabulary,-3.011213,53.801405,On or near Cherry Tree Road North,E01012689,Blackpool 014D,Anti-social behaviour,,
,2019-02,Lancashire Constabulary,Lancashire Constabulary,-3.015808,53.802409,On or near Fayles Grove,E01012689,Blackpool 014D,Anti-social behaviour,,
,2019-02,Lancashire Constabulary,Lancashire Constabulary,-3.011213,53.801405,On or near Cherry Tree Road North,E01012689,Blackpool 014D,Anti-social behaviour,,
,2019-02,Lancashire Constabulary,Lancashire Constabulary,-3.011544,53.801915,On or near Cornelian Way,E01012689,Blackpool 014D,Anti-social behaviour,,
ce4ab6948042398f883e56cf93fce5edff2f12d3a2e0a89b50a415a0de1c804d,2019-02,Lancashire Constabulary,Lancashire Constabulary,-3.002558,53.801406,On or near Clifton Avenue,E01012689,Blackpool 014D,Criminal damage and arson,Status update unavailable,
d0aac0db451721598830dbeb98d514da16db48b61b83792fbeec2d7e5114c997,2019-02,Lancashire Constabulary,Lancashire Constabulary,-3.006016,53.801853,On or near Ribchester Avenue,E01012689,Blackpool 014D,Other theft,Status update unavailable,
a4258c81bdcc99dc3e47a6ff7de1e919b53f9e2d2a6f3f5f64ab58933a5cbe29,2019-02,Lancashire Constabulary,Lancashire Constabulary,-3.013602,53.802266,On or near Carson Road,E01012689,Blackpool 014D,Other theft,Status update unavailable,
e29ce5b741b54bf5cc35cc9e9a0d08731e2f1e741ac57305154ab4a510c2d7d2,2019-02,Lancashire Constabulary,Lancashire Constabulary,-3.006573,53.799754,On or near Newby Place,E01012689,Blackpool 014D,Public order,Unable to prosecute suspect,
30aa7d5bf5408a5d68116cc40d4a0ef291e3e14df4a60366cd3c5eae9b7a8bb1,2019-02,Lancashire Constabulary,Lancashire Constabulary,-3.011213,53.801405,On or near Cherry Tree Road North,E01012689,Blackpool 014D,Shoplifting,Status update unavailable,
01cb870b021a81cf150509c860341b2b52511da1b0e7a26b3ffb07adf43699ed,2019-02,Lancashire Constabulary,Lancashire Constabulary,-3.006573,53.799754,On or near Newby Place,E01012689,Blackpool 014D,Violence and sexual offences,Unable to prosecute suspect,
726b7f3e4e7b052c79503df87c50cd13845159c262181d7863a6078f71ea3658,2019-02,Lancashire Constabulary,Lancashire Constabulary,-3.009540,53.800655,On or near Radworth Crescent,E01012689,Blackpool 014D,Violence and sexual offences,Status update unavailable,
a73d78d961d84addba8a59bbadc1525298ed9ab8d0b1331e9b3e84f7819cfc0b,2019-02,Lancashire Constabulary,Lancashire Constabulary,-3.015808,53.802409,On or near Fayles Grove,E01012689,Blackpool 014D,Violence and sexual offences,Unable to prosecute suspect,
485064d810466540529416b52db44df2fb06a6959ca8eb257019becaae2b48e8,2019-02,Lancashire Constabulary,Lancashire Constabulary,-3.011213,53.801405,On or near Cherry Tree Road North,E01012689,Blackpool 014D,Violence and sexual offences,Unable to prosecute suspect,
7d1b693384738da2e014c3b6937446938d5ce062afa64aff4397df2017012ad7,2019-02,Lancashire Constabulary,Lancashire Constabulary,-3.015808,53.802409,On or near Fayles Grove,E01012689,Blackpool 014D,Violence and sexual offences,Unable to prosecute suspect,
9763bb267e1b207e1dd145215d696797d8346d14ab35ed62e402f649ebd57c44,2019-02,Lancashire Constabulary,Lancashire Constabulary,-3.011544,53.801915,On or near Cornelian Way,E01012689,Blackpool 014D,Violence and sexual offences,Status update unavailable,
8d84d28e7d6f498184fcdad25b5ddb654c0ac4c2f125d5dae4a06e9abbdb6128,2019-02,Lancashire Constabulary,Lancashire Constabulary,-3.011544,53.801915,On or near Cornelian Way,E01012689,Blackpool 014D,Violence and sexual offences,Status update unavailable,
fca3d2494691eeee698c8df6e9b1b01a6bad60ab4759323348cb333d0547a9c6,2019-02,Lancashire Constabulary,Lancashire Constabulary,-3.011544,53.801915,On or near Cornelian Way,E01012689,Blackpool 014D,Violence and sexual offences,Status update unavailable,
2ee975ba5ca2e6a1a22425337b4aeb5327e3958492324ace8a0c41a1dc6f0359,2019-02,Lancashire Constabulary,Lancashire Constabulary,-3.011213,53.801405,On or near Cherry Tree Road North,E01012689,Blackpool 014D,Violence and sexual offences,Status update unavailable,
,2019-02,Lancashire Constabulary,Lancashire Constabulary,-3.010189,53.806816,On or near Swallow Close,E01012714,Blackpool 014E,Anti-social behaviour,,
,2019-02,Lancashire Constabulary,Lancashire Constabulary,-3.008857,53.805110,On or near Knutsford Road,E01012714,Blackpool 014E,Anti-social behaviour,,
a87d8917ffe2dbae19e9eb4a6cec71e82b0f61dcfe070c6e4c7c2d14b7892489,2019-02,Lancashire Constabulary,Lancashire Constabulary,-3.006507,53.803332,On or near Metropolitan Drive,E01012714,Blackpool 014E,Vehicle crime,Further investigation is not in the public interest,
31ed39faf1e9e6fd291b05df66fac029d32e7c98063b33f459923660abf0a730,2019-02,Lancashire Constabulary,Lancashire Constabulary,-2.985858,53.796286,On or near Petrol Station,E01012714,Blackpool 014E,Violence and sexual offences,Status update unavailable,
6c79286857d89e89e6fc12d7ae26f5633a5d650496c51cc26fb21464c3e37a63,2019-02,Lancashire Constabulary,Lancashire Constabulary,-3.000908,53.803523,On or near Pine Crescent,E01012714,Blackpool 014E,Violence and sexual offences,Offender given a caution,
6635162570c90b672ebecab6ec2e9e709ee8d79789fc09b93cf8466f445d367a,2019-02,Lancashire Constabulary,Lancashire Constabulary,-3.003458,53.802846,On or near Clifton Avenue,E01012714,Blackpool 014E,Violence and sexual offences,Unable to prosecute suspect,
aabc4ed627522557a2739893d97c5dd2edf8c5084f44a8e13ba795dd45a2c8bc,2019-02,Lancashire Constabulary,Lancashire Constabulary,-3.000908,53.803523,On or near Pine Crescent,E01012714,Blackpool 014E,Violence and sexual offences,Further investigation is not in the public interest,
,2019-02,Lancashire Constabulary,Lancashire Constabulary,-3.032180,53.798854,On or near Tranmere Road,E01012695,Blackpool 015A,Anti-social behaviour,,
,2019-02,Lancashire Constabulary,Lancashire Constabulary,-3.030276,53.799212,On or near Brook Street,E01012695,Blackpool 015A,Anti-social behaviour,,
,2019-02,Lancashire Constabulary,Lancashire Constabulary,-3.031527,53.799461,On or near Wanstead Crescent,E01012695,Blackpool 015A,Anti-social behaviour,,
d91f6184794faf3ffae1d2e7e3534c1d7b6f8a8c55ff7883e0b4ad1b6b62463b,2019-02,Lancashire Constabulary,Lancashire Constabulary,-3.036150,53.796096,On or near Harcourt Road,E01012695,Blackpool 015A,Burglary,Status update unavailable,
8d8b974813d91145e83e10e8403b72c6fe42ce5192181d03d2ddddf69095a0c8,2019-02,Lancashire Constabulary,Lancashire Constabulary,-3.036150,53.796096,On or near Harcourt Road,E01012695,Blackpool 015A,Criminal damage and arson,Unable to prosecute suspect,
6ae7ec76f8ea82867829ddc401ebcdb9a9da1a226074d81fbf1dcd5716f0435e,2019-02,Lancashire Constabulary,Lancashire Constabulary,-3.036150,53.796096,On or near Harcourt Road,E01012695,Blackpool 015A,Violence and sexual offences,Status update unavailable,
5f2244d16851c6792e41ef6c6a83070ba34ae9a96abe0d6b7e3f9852dede1837,2019-02,Lancashire Constabulary,Lancashire Constabulary,-3.033469,53.796928,On or near Pickmere Avenue,E01012695,Blackpool 015A,Violence and sexual offences,Further investigation is not in the public interest,
7e1b97af493d559833cd5ec571f8538cd9bcc467860c312c0f57849d94860f4a,2019-02,Lancashire Constabulary,Lancashire Constabulary,-3.033056,53.796185,On or near Pickmere Avenue,E01012695,Blackpool 015A,Violence and sexual offences,Unable to prosecute suspect,
f38a50bba9660e6570e816a1e7a0622f877b3b73a7cfa5306b9626e67397527e,2019-02,Lancashire Constabulary,Lancashire Constabulary,-3.034743,53.796890,On or near Malham Avenue,E01012695,Blackpool 015A,Violence and sexual offences,Unable to prosecute suspect,
fbdc2d00b985cf30aa4ebd1a59afcef35ce1c34c8cc07fc2978fff657bf4179a,2019-02,Lancashire Constabulary,Lancashire Constabulary,-3.034743,53.796890,On or near Malham Avenue,E01012695,Blackpool 015A,Violence and sexual offences,Unable to prosecute suspect,
78cf64bb67cb9697d848a3e318cb3429ac8c47f533d0f95e8b9824dc2453ad7d,2019-02,Lancashire Constabulary,Lancashire Constabulary,-3.033469,53.796928,On or near Pickmere Avenue,E01012695,Blackpool 015A,Violence and sexual offences,Unable to prosecute suspect,
,2019-02,Lancashire Constabulary,Lancashire Constabulary,-3.038791,53.804037,On or near Arkholme Avenue,E01012743,Blackpool 015B,Anti-social behaviour,,
,2019-02,Lancashire Constabulary,Lancashire Constabulary,-3.044915,53.808478,On or near Revoe Street,E01012743,Blackpool 015B,Anti-social behaviour,,
,2019-02,Lancashire Constabulary,Lancashire Constabulary,-3.043386,53.805004,On or near Palmer Avenue,E01012743,Blackpool 015B,Anti-social behaviour,,
,2019-02,Lancashire Constabulary,Lancashire Constabulary,-3.039562,53.803886,On or near Supermarket,E01012743,Blackpool 015B,Anti-social behaviour,,
266b42f16fb92eca198d66eb3cda0eb6f1c898519f97e080f570ddf74b217b7a,2019-02,Lancashire Constabulary,Lancashire Constabulary,-3.044289,53.807144,On or near Lune Grove,E01012743,Blackpool 015B,Burglary,Status update unavailable,
215d35d27de90a564119258fff2a085c903c32b604465960d0d3a60e0caf164b,2019-02,Lancashire Constabulary,Lancashire Constabulary,-3.044915,53.808478,On or near Revoe Street,E01012743,Blackpool 015B,Criminal damage and arson,Status update unavailable,
b68b5c6c17b0d12edf1a551174ed3bed2a559e33ed47455854ef3f041d4f5639,2019-02,Lancashire Constabulary,Lancashire Constabulary,-3.044387,53.808042,On or near Westmorland Avenue,E01012743,Blackpool 015B,Drugs,Local resolution,
55a83a44ba3daa229ce4ee3ac5fd726bb5b910dd8b07c5d652f8669eabf4be7b,2019-02,Lancashire Constabulary,Lancashire Constabulary,-3.038791,53.804037,On or near Arkholme Avenue,E01012743,Blackpool 015B,Other theft,Status update unavailable,
2d6d85a829c846b900c003f7ce70e6ea9b848e2cba5183de903bfbccaed66055,2019-02,Lancashire Constabulary,Lancashire Constabulary,-3.039562,53.803886,On or near Supermarket,E01012743,Blackpool 015B,Other theft,Status update unavailable,
006ffc85466e0510b3fd478ca55774bc259a150f220792173948129bb73b2313,2019-02,Lancashire Constabulary,Lancashire Constabulary,-3.044915,53.808478,On or near Revoe Street,E01012743,Blackpool 015B,Other theft,Unable to prosecute suspect,
ccc014d63174545acc2c8c86de34a3c8dc3bb54fcfa216083519078580f73361,2019-02,Lancashire Constabulary,Lancashire Constabulary,-3.044915,53.808478,On or near Revoe Street,E01012743,Blackpool 015B,Public order,Offender fined,
1ea45fa0da6fd953a8dd68c6625e2941dbb46c8f8b007216a663fa7136d0eddb,2019-02,Lancashire Constabulary,Lancashire Constabulary,-3.038791,53.804037,On or near Arkholme Avenue,E01012743,Blackpool 015B,Theft from the person,Status update unavailable,
b7a7e300d7cfc481a03097c48b12d7b816756ac229a474737c35cc4e657597f1,2019-02,Lancashire Constabulary,Lancashire Constabulary,-3.044289,53.807144,On or near Lune Grove,E01012743,Blackpool 015B,Violence and sexual offences,Unable to prosecute suspect,
633b3195a5d31ab24d97fecbfcf696d1004955c723d203d80f2feffd137f03e1,2019-02,Lancashire Constabulary,Lancashire Constabulary,-3.040159,53.804097,On or near Ansdell Road,E01012743,Blackpool 015B,Violence and sexual offences,Unable to prosecute suspect,
f1b3e378d372981b56abbc0c6ba2775175de0921fbdec93b9def6a33671a1b89,2019-02,Lancashire Constabulary,Lancashire Constabulary,-3.041486,53.806171,On or near Bela Grove,E01012743,Blackpool 015B,Violence and sexual offences,Unable to prosecute suspect,
956fe06e81a6b3df1bb6d5c4c27f88f62e42537769c6b033d22eef872deffc97,2019-02,Lancashire Constabulary,Lancashire Constabulary,-3.041026,53.804754,On or near Supermarket,E01012743,Blackpool 015B,Violence and sexual offences,Status update unavailable,
5f80bf0b8d7d564808e8ae003a3e26b45524bc248c73b9268a38cc643ec257c0,2019-02,Lancashire Constabulary,Lancashire Constabulary,-3.038604,53.805090,On or near Chadfield Road,E01012743,Blackpool 015B,Violence and sexual offences,Unable to prosecute suspect,
fa3b1181c30775c20ab37024d36a1217e2bfc9ef33dbcd66e665fc93827f214b,2019-02,Lancashire Constabulary,Lancashire Constabulary,-3.042743,53.805414,On or near Mayor Avenue,E01012743,Blackpool 015B,Violence and sexual offences,Status update unavailable,
e69d392152225cd19114068727ede0b29679476d025693dc00afaa3f1facc512,2019-02,Lancashire Constabulary,Lancashire Constabulary,-3.042226,53.806623,On or near Levens Grove,E01012743,Blackpool 015B,Violence and sexual offences,Status update unavailable,
fdf10ea37f9e6830ceeada7ae89cc38c289be0fbd5dab323b649795a865cc8ef,2019-02,Lancashire Constabulary,Lancashire Constabulary,-3.045091,53.803973,On or near Central Drive,E01012743,Blackpool 015B,Violence and sexual offences,Unable to prosecute suspect,
bf7ea52c19919dbfad748de2f72ce566c3b7f6ea770eaed4162a74bcc3313f63,2019-02,Lancashire Constabulary,Lancashire Constabulary,-3.040526,53.802979,On or near Hudson Road,E01012743,Blackpool 015B,Violence and sexual offences,Unable to prosecute suspect,
3aac7cca6945aa42450d523c33423e86cb05e0bb0082e5bb04c03068645eec2b,2019-02,Lancashire Constabulary,Lancashire Constabulary,-3.042631,53.807635,On or near Grasmere Road,E01012743,Blackpool 015B,Violence and sexual offences,Action to be taken by another organisation,
24ef7aa0d7b612f7510f7219a76e2a1b744393a34941fd8d8ae8e35dc5356218,2019-02,Lancashire Constabulary,Lancashire Constabulary,-3.041486,53.806171,On or near Bela Grove,E01012743,Blackpool 015B,Violence and sexual offences,Unable to prosecute suspect,
,2019-02,Lancashire Constabulary,Lancashire Constabulary,-3.037716,53.802311,On or near Nuttall Road,E01012744,Blackpool 015C,Anti-social behaviour,,
,2019-02,Lancashire Constabulary,Lancashire Constabulary,-3.037716,53.802311,On or near Nuttall Road,E01012744,Blackpool 015C,Anti-social behaviour,,
,2019-02,Lancashire Constabulary,Lancashire Constabulary,-3.037716,53.802311,On or near Nuttall Road,E01012744,Blackpool 015C,Anti-social behaviour,,
bc203b5302d3d4c08b8e999b490ccc7a6f6642fe04f004efa4c1615d000457d4,2019-02,Lancashire Constabulary,Lancashire Constabulary,-3.038094,53.801625,On or near Threlfall Road,E01012744,Blackpool 015C,Burglary,Status update unavailable,
12e350d534ff66c454fc76dee86c3e701790de3442c3c3d864f9927d2a0d0e41,2019-02,Lancashire Constabulary,Lancashire Constabulary,-3.033057,53.801812,On or near Brun Grove,E01012744,Blackpool 015C,Criminal damage and arson,Unable to prosecute suspect,
47a826112ecd61631e3a6b572cbbb93ebb7d90defd955096cdbd7d6cd97aa7b4,2019-02,Lancashire Constabulary,Lancashire Constabulary,-3.038060,53.803935,On or near Finsbury Avenue,E01012744,Blackpool 015C,Criminal damage and arson,Status update unavailable,
b117c7130d977bee96d9e78b4db63811629b3c65877ff2212b58adf4016e580e,2019-02,Lancashire Constabulary,Lancashire Constabulary,-3.034890,53.802848,On or near Greenwood Avenue,E01012744,Blackpool 015C,Vehicle crime,Status update unavailable,
055190a84aa30e6842a71568ef8a285100a77e5c552f258871dda4d857783ad7,2019-02,Lancashire Constabulary,Lancashire Constabulary,-3.037716,53.802311,On or near Nuttall Road,E01012744,Blackpool 015C,Violence and sexual offences,Unable to prosecute suspect,
a565b2e2f090b359f9c4eec83871a4c73c44448b64b384355f6727fbedfaa91d,2019-02,Lancashire Constabulary,Lancashire Constabulary,-3.038060,53.803935,On or near Finsbury Avenue,E01012744,Blackpool 015C,Violence and sexual offences,Unable to prosecute suspect,
4ea11ece6450013d088b83c5a46a0480adeaa1d6208e175f8eac74eb3b3b7c13,2019-02,Lancashire Constabulary,Lancashire Constabulary,-3.038060,53.803935,On or near Finsbury Avenue,E01012744,Blackpool 015C,Violence and sexual offences,Status update unavailable,
ebfed67b6f351bcc2166e6194c25c45ee61e2defff4782db5ee4587e5ba9010f,2019-02,Lancashire Constabulary,Lancashire Constabulary,-3.038060,53.803935,On or near Finsbury Avenue,E01012744,Blackpool 015C,Violence and sexual offences,Formal action is not in the public interest,
ff35d14b63c899323f5e079278f0fd884ed0ab78ad60a0fdd4703c9b4203da68,2019-02,Lancashire Constabulary,Lancashire Constabulary,-3.033057,53.801812,On or near Brun Grove,E01012744,Blackpool 015C,Violence and sexual offences,Status update unavailable,
2f0da11460e4d571cf851c16f98f72c69a1c6969edd95e9014d42c4aa9ff4818,2019-02,Lancashire Constabulary,Lancashire Constabulary,-3.037716,53.802311,On or near Nuttall Road,E01012744,Blackpool 015C,Violence and sexual offences,Status update unavailable,
938ddfc99263fcabda8d0238dc52a1dcab2c760b50224dfcfab3e86255ff8010,2019-02,Lancashire Constabulary,Lancashire Constabulary,-3.037716,53.802311,On or near Nuttall Road,E01012744,Blackpool 015C,Violence and sexual offences,Status update unavailable,
db38085f6871547c3282128eb77f7fe8a17da4921fab29f28a2bb13b895f7c69,2019-02,Lancashire Constabulary,Lancashire Constabulary,-3.033491,53.801530,On or near Wood Park Road,E01012744,Blackpool 015C,Violence and sexual offences,Unable to prosecute suspect,
2258258e50c6e273f3003832bb14d3dbcf25f37f954b42c8ea0e5bad7c4a278a,2019-02,Lancashire Constabulary,Lancashire Constabulary,-3.037716,53.802311,On or near Nuttall Road,E01012744,Blackpool 015C,Violence and sexual offences,Unable to prosecute suspect,
f5b118aed0089a83ab776a344ccefaca80015ffb353858f8f90dff237a40fdf6,2019-02,Lancashire Constabulary,Lancashire Constabulary,-3.033491,53.801530,On or near Wood Park Road,E01012744,Blackpool 015C,Violence and sexual offences,Status update unavailable,
df8796beef80f2452cb00878a5053dbc8e761fc7026819250e038e49874e7f81,2019-02,Lancashire Constabulary,Lancashire Constabulary,-3.037716,53.802311,On or near Nuttall Road,E01012744,Blackpool 015C,Violence and sexual offences,Status update unavailable,
1305c5ec907f9b0388e917393509566f44dfd3af34b8d330aafaed029cdffabf,2019-02,Lancashire Constabulary,Lancashire Constabulary,-3.037104,53.803988,On or near Cunliffe Road,E01012744,Blackpool 015C,Violence and sexual offences,Unable to prosecute suspect,
6ff3a295f458171517e01179b6fe924a8918fbe75c86d48c6ba38ea2d0d9f243,2019-02,Lancashire Constabulary,Lancashire Constabulary,-3.033771,53.802435,On or near Dover Road,E01012744,Blackpool 015C,Violence and sexual offences,Unable to prosecute suspect,
a90370fa8c77f6e521f329620da721ad68447734713c565417b933e4906184dd,2019-02,Lancashire Constabulary,Lancashire Constabulary,-3.037716,53.802311,On or near Nuttall Road,E01012744,Blackpool 015C,Violence and sexual offences,Status update unavailable,
,2019-02,Lancashire Constabulary,Lancashire Constabulary,-3.043882,53.798716,On or near Gladstone Street,E01012745,Blackpool 015D,Anti-social behaviour,,
2803460c91b2f73b561e06e08de31bb5cbe1f43f0082482f18e16e1100d86fcc,2019-02,Lancashire Constabulary,Lancashire Constabulary,-3.040148,53.801176,On or near Harlech Avenue,E01012745,Blackpool 015D,Burglary,Status update unavailable,
b1c42af287ae18a9e9639a572f5f3bcd01fc8e46a90aff1b080d38a912c7aee4,2019-02,Lancashire Constabulary,Lancashire Constabulary,-3.041555,53.797910,On or near Exeter Street,E01012745,Blackpool 015D,Burglary,Status update unavailable,
f8dcde1a12703ed17d677d1784b5558a71685eb09e29dea0cf442afc01b86369,2019-02,Lancashire Constabulary,Lancashire Constabulary,-3.040887,53.797915,On or near Devon Street,E01012745,Blackpool 015D,Other theft,Status update unavailable,
5caed3c792f303d8efcd83371c5c3ca8098ff0aeef0cbc0ebcf0635216393916,2019-02,Lancashire Constabulary,Lancashire Constabulary,-3.046995,53.798743,On or near Supermarket,E01012745,Blackpool 015D,Other theft,Status update unavailable,
c1e6a0d2aa56447730482e1518b7759a6ac574291ed9f2ee32c88a92b9787d67,2019-02,Lancashire Constabulary,Lancashire Constabulary,-3.043882,53.798716,On or near Gladstone Street,E01012745,Blackpool 015D,Other theft,Status update unavailable,
257484c5ed0667d19884e0e9efd55d0d464435ea61fa3360af02b3e35ca9c399,2019-02,Lancashire Constabulary,Lancashire Constabulary,-3.046479,53.798739,On or near Parkinson Way,E01012745,Blackpool 015D,Shoplifting,Status update unavailable,
fa60e5076ac695b5bfe716e06ad1fadcd3f972e21f52cff8959e8ec77f49f6e1,2019-02,Lancashire Constabulary,Lancashire Constabulary,-3.046479,53.798739,On or near Parkinson Way,E01012745,Blackpool 015D,Vehicle crime,Status update unavailable,
b267bd21c1ee8719d066c4423792641d488e19b78bf34b30250a1dea91430e59,2019-02,Lancashire Constabulary,Lancashire Constabulary,-3.043485,53.802890,On or near Orkney Road,E01012745,Blackpool 015D,Violence and sexual offences,Status update unavailable,
7d007a1a672743591e69c8d3e6cff3d3aa07b61ea62ce17a5e56c5b7b05e12f9,2019-02,Lancashire Constabulary,Lancashire Constabulary,-3.042330,53.802855,On or near Shetland Road,E01012745,Blackpool 015D,Violence and sexual offences,Unable to prosecute suspect,
8cec762d77598a71e8776d6db9dc3e2c0f91caaf23ac13e6c8cc8d82103ac0ce,2019-02,Lancashire Constabulary,Lancashire Constabulary,-3.043882,53.798716,On or near Gladstone Street,E01012745,Blackpool 015D,Violence and sexual offences,Formal action is not in the public interest,
d8a31dc72b4d115b777fc42e5f756ee496be50f29b63caf15ac9e80feca0c555,2019-02,Lancashire Constabulary,Lancashire Constabulary,-3.042330,53.802855,On or near Shetland Road,E01012745,Blackpool 015D,Violence and sexual offences,Unable to prosecute suspect,
cdc50f15fce66a36b7a758ac58155b900888af7a92c4cb319d1214429169a632,2019-02,Lancashire Constabulary,Lancashire Constabulary,-3.041555,53.797910,On or near Exeter Street,E01012745,Blackpool 015D,Violence and sexual offences,Defendant found not guilty,
2223f99f4253000fad851567c321122d8609fbf9511387a7a37cecc85adf0d44,2019-02,Lancashire Constabulary,Lancashire Constabulary,-3.043882,53.798716,On or near Gladstone Street,E01012745,Blackpool 015D,Violence and sexual offences,Status update unavailable,
016c8f2e58728f01e38738cac0f927d5afba097d85a03083aabce41448a65b3a,2019-02,Lancashire Constabulary,Lancashire Constabulary,-3.043882,53.798716,On or near Gladstone Street,E01012745,Blackpool 015D,Violence and sexual offences,Unable to prosecute suspect,
fa721aa35ff62bf07b0d0537ba4dd9439ae6d44dd2af493e68b10fde2ef85f1d,2019-02,Lancashire Constabulary,Lancashire Constabulary,-3.041555,53.797910,On or near Exeter Street,E01012745,Blackpool 015D,Violence and sexual offences,Status update unavailable,
010fd3271511c1aa2a82763e5f73223c86e943f9471391e0c62629d7be85be27,2019-02,Lancashire Constabulary,Lancashire Constabulary,-3.043882,53.798716,On or near Gladstone Street,E01012745,Blackpool 015D,Violence and sexual offences,Awaiting court outcome,
c6848b3fc584a049bb47cfd2510257958baf69f75155f9bc45db8b21933791ae,2019-02,Lancashire Constabulary,Lancashire Constabulary,-3.041555,53.797910,On or near Exeter Street,E01012745,Blackpool 015D,Violence and sexual offences,Status update unavailable,
af93a6cd665d26de10494aacaa9001d8d9eddbb30ea7444c7c22cd859bde838e,2019-02,Lancashire Constabulary,Lancashire Constabulary,-3.038772,53.797754,On or near Newbury Avenue,E01012745,Blackpool 015D,Violence and sexual offences,Unable to prosecute suspect,
08cda311abccd4fce5f3562cf9812b444d480f0edc37876a0605b2fb1d77eb55,2019-02,Lancashire Constabulary,Lancashire Constabulary,-3.039029,53.798291,On or near Rugby Street,E01012745,Blackpool 015D,Violence and sexual offences,Status update unavailable,
7d10a5cc04d7283fb15755e0040cfe5cadd3018cfe16e233bfd158cb802a8c53,2019-02,Lancashire Constabulary,Lancashire Constabulary,-3.042330,53.802855,On or near Shetland Road,E01012745,Blackpool 015D,Violence and sexual offences,Unable to prosecute suspect,
6c4820ddeec085ebed51fefdb01716e7f3d03fe26e3117cc08e9715ca3e50419,2019-02,Lancashire Constabulary,Lancashire Constabulary,-3.038772,53.797754,On or near Newbury Avenue,E01012745,Blackpool 015D,Violence and sexual offences,Further investigation is not in the public interest,
29e3d5a57f834ebbe1150e1b4e058577d7b124d30b7b6fbd6893f0db228d0b4e,2019-02,Lancashire Constabulary,Lancashire Constabulary,-3.043882,53.798716,On or near Gladstone Street,E01012745,Blackpool 015D,Violence and sexual offences,Status update unavailable,
47b33f804de769cffb67f55b91040a28fbb3a7960781ed4c220f5243102915d3,2019-02,Lancashire Constabulary,Lancashire Constabulary,-3.039996,53.800557,On or near Hebden Avenue,E01012745,Blackpool 015D,Violence and sexual offences,Unable to prosecute suspect,
,2019-02,Lancashire Constabulary,Lancashire Constabulary,-3.041872,53.796631,On or near St Annes Road,E01012746,Blackpool 015E,Anti-social behaviour,,
,2019-02,Lancashire Constabulary,Lancashire Constabulary,-3.039690,53.794978,On or near Lynton Avenue,E01012746,Blackpool 015E,Anti-social behaviour,,
,2019-02,Lancashire Constabulary,Lancashire Constabulary,-3.041872,53.796631,On or near St Annes Road,E01012746,Blackpool 015E,Anti-social behaviour,,
ca92573cc41cfc85cf5039d5baccbe4204c25fdc900ab2f83eaa68879ca18ce0,2019-02,Lancashire Constabulary,Lancashire Constabulary,-3.041393,53.795673,On or near St Annes Road,E01012746,Blackpool 015E,Bicycle theft,Status update unavailable,
e4b416bba7ccd9a2ca54a9438dd6e77f07f4297096abad27b82cf199dab7c460,2019-02,Lancashire Constabulary,Lancashire Constabulary,-3.036990,53.799981,On or near Waterloo Road,E01012746,Blackpool 015E,Criminal damage and arson,Status update unavailable,
c4a4000c1c603f36c64cb49a941ee4e149743d17861bd8d9fb4c62fae9cee147,2019-02,Lancashire Constabulary,Lancashire Constabulary,-3.041872,53.796631,On or near St Annes Road,E01012746,Blackpool 015E,Criminal damage and arson,Status update unavailable,
f130ad5092065c99ef35fb0f3127344ca71e09c29d369d02125fdc24141e0d43,2019-02,Lancashire Constabulary,Lancashire Constabulary,-3.036545,53.798537,On or near Fernhurst Avenue,E01012746,Blackpool 015E,Other theft,Status update unavailable,
1a8b4db97e2bfb64f2a9e3a3d9e10a10980b218380bed64c07ec0ceb12d8cd38,2019-02,Lancashire Constabulary,Lancashire Constabulary,-3.033761,53.798346,On or near Tranmere Road,E01012746,Blackpool 015E,Other theft,Formal action is not in the public interest,
ce08c73b01c4d2290cdf1216364fdbad275db22bdf6d6bc8ffe66a8d7d50ab53,2019-02,Lancashire Constabulary,Lancashire Constabulary,-3.036638,53.797413,On or near Hemingway,E01012746,Blackpool 015E,Public order,Status update unavailable,
287d65d5028cb789b66273dc9ef492a86ee40ace343e86309716769ea19a022a,2019-02,Lancashire Constabulary,Lancashire Constabulary,-3.040354,53.796015,On or near Walverden Avenue,E01012746,Blackpool 015E,Violence and sexual offences,Status update unavailable,
19a7d42b8cd5a819ac1ff8cb161c4b2528bb3381f407795a92f13968f1ef5108,2019-02,Lancashire Constabulary,Lancashire Constabulary,-3.039377,53.797668,On or near Frederick Street,E01012746,Blackpool 015E,Violence and sexual offences,Status update unavailable,
c7050ca5a36df713ea0a2f8e8a849b64da0015dc896c363f78600db1ab280df9,2019-02,Lancashire Constabulary,Lancashire Constabulary,-3.041393,53.795673,On or near St Annes Road,E01012746,Blackpool 015E,Violence and sexual offences,Status update unavailable,
bc2e8571a5f291f88354d0ac9b8fcd04b3efbc1b84c7a5bf4912351b9c3d7393,2019-02,Lancashire Constabulary,Lancashire Constabulary,-3.041872,53.796631,On or near St Annes Road,E01012746,Blackpool 015E,Violence and sexual offences,Status update unavailable,
00b40fe676baf8361aa06e77709b135a0c57d6ab29ac3cde96c2c9e4bdeba6bb,2019-02,Lancashire Constabulary,Lancashire Constabulary,-3.033761,53.798346,On or near Tranmere Road,E01012746,Blackpool 015E,Violence and sexual offences,Unable to prosecute suspect,
d772f54d577998a50aa290438233246418e0db4546ed42a1a5b1ddfc612ea319,2019-02,Lancashire Constabulary,Lancashire Constabulary,-3.041872,53.796631,On or near St Annes Road,E01012746,Blackpool 015E,Violence and sexual offences,Action to be taken by another organisation,
9bdb3e3672f055e39243d6c089f6c3a385883c11670779f01ed32ad669f56456,2019-02,Lancashire Constabulary,Lancashire Constabulary,-3.041872,53.796631,On or near St Annes Road,E01012746,Blackpool 015E,Violence and sexual offences,Further investigation is not in the public interest,
bf37a0ce79f0ac89b749d0886ae55d9ffcdfd9ac5b9a32ff984fb2b69fda8a64,2019-02,Lancashire Constabulary,Lancashire Constabulary,-3.033761,53.798346,On or near Tranmere Road,E01012746,Blackpool 015E,Violence and sexual offences,Status update unavailable,
3b880ce128cb4ea81445c81cf9f2fb06cc9252ce4fe875003e3db20de59d47d0,2019-02,Lancashire Constabulary,Lancashire Constabulary,-3.039377,53.797668,On or near Frederick Street,E01012746,Blackpool 015E,Violence and sexual offences,Unable to prosecute suspect,
707528699f04078c075a584d57560a94bfc7d60ca2fd30f9345c47563b19f595,2019-02,Lancashire Constabulary,Lancashire Constabulary,-3.041872,53.796631,On or near St Annes Road,E01012746,Blackpool 015E,Violence and sexual offences,Action to be taken by another organisation,
347c39bd035b1f78b5682672277662056345d8ce9f1e7ae81cebb0ee905961b2,2019-02,Lancashire Constabulary,Lancashire Constabulary,-3.039377,53.797668,On or near Frederick Street,E01012746,Blackpool 015E,Violence and sexual offences,Status update unavailable,
65a16840668bc390840b41a3a056fcab3a0bb8da9bd3455c079c6ec91f0df67f,2019-02,Lancashire Constabulary,Lancashire Constabulary,-3.041872,53.796631,On or near St Annes Road,E01012746,Blackpool 015E,Violence and sexual offences,Status update unavailable,
07c7e27c6400858c4a42038b5895450d4fa134f7dcd6bd364b471e3037cf82dc,2019-02,Lancashire Constabulary,Lancashire Constabulary,-3.036851,53.796818,On or near Marton Drive,E01012746,Blackpool 015E,Other crime,Unable to prosecute suspect,
,2019-02,Lancashire Constabulary,Lancashire Constabulary,-3.017561,53.803347,On or near Ryldon Place,E01012685,Blackpool 016A,Anti-social behaviour,,
,2019-02,Lancashire Constabulary,Lancashire Constabulary,-3.025466,53.798713,On or near Supermarket,E01012685,Blackpool 016A,Anti-social behaviour,,
,2019-02,Lancashire Constabulary,Lancashire Constabulary,-3.025391,53.797519,On or near Vicarage Lane,E01012685,Blackpool 016A,Anti-social behaviour,,
,2019-02,Lancashire Constabulary,Lancashire Constabulary,-3.016469,53.798997,On or near Supermarket,E01012685,Blackpool 016A,Anti-social behaviour,,
,2019-02,Lancashire Constabulary,Lancashire Constabulary,-3.016179,53.798325,On or near Petrol Station,E01012685,Blackpool 016A,Anti-social behaviour,,
,2019-02,Lancashire Constabulary,Lancashire Constabulary,-3.016469,53.798997,On or near Supermarket,E01012685,Blackpool 016A,Anti-social behaviour,,
,2019-02,Lancashire Constabulary,Lancashire Constabulary,-3.016469,53.798997,On or near Supermarket,E01012685,Blackpool 016A,Anti-social behaviour,,
,2019-02,Lancashire Constabulary,Lancashire Constabulary,-3.016469,53.798997,On or near Supermarket,E01012685,Blackpool 016A,Anti-social behaviour,,
,2019-02,Lancashire Constabulary,Lancashire Constabulary,-3.016469,53.798997,On or near Supermarket,E01012685,Blackpool 016A,Anti-social behaviour,,
,2019-02,Lancashire Constabulary,Lancashire Constabulary,-3.016469,53.798997,On or near Supermarket,E01012685,Blackpool 016A,Anti-social behaviour,,
,2019-02,Lancashire Constabulary,Lancashire Constabulary,-3.016469,53.798997,On or near Supermarket,E01012685,Blackpool 016A,Anti-social behaviour,,
,2019-02,Lancashire Constabulary,Lancashire Constabulary,-3.025466,53.798713,On or near Supermarket,E01012685,Blackpool 016A,Anti-social behaviour,,
01b56a91625847ae9a3b7651b028acec79d092b9109b7de4ef922a97bdd2fc0c,2019-02,Lancashire Constabulary,Lancashire Constabulary,-3.016469,53.798997,On or near Supermarket,E01012685,Blackpool 016A,Bicycle theft,Status update unavailable,
c182fed733f6b944dff513cb1ae6eca7dcad643a13c93a9687e980835683a3be,2019-02,Lancashire Constabulary,Lancashire Constabulary,-3.025466,53.798713,On or near Supermarket,E01012685,Blackpool 016A,Burglary,Status update unavailable,
2949110c5b7f37d16b2e47192d24f11ae1e9f21ee50c30f8baee013ea921fbe2,2019-02,Lancashire Constabulary,Lancashire Constabulary,-3.018664,53.803122,On or near Rosedale Avenue,E01012685,Blackpool 016A,Burglary,Status update unavailable,
8d3fe726d601c70c7a49193b18ee4b384abda866af8aee59bf2c6d1240fd93d4,2019-02,Lancashire Constabulary,Lancashire Constabulary,-3.021745,53.803662,On or near Joyce Avenue,E01012685,Blackpool 016A,Criminal damage and arson,Status update unavailable,
99b2d58232b1473a65166a43484accd8c326ff0c5eea8383121df8c37c2a229d,2019-02,Lancashire Constabulary,Lancashire Constabulary,-3.018664,53.803122,On or near Rosedale Avenue,E01012685,Blackpool 016A,Criminal damage and arson,Status update unavailable,
aefec9c730deaad73d8ef288d0c8ab213a70d4d26bb5595f44e4998f4bf71a75,2019-02,Lancashire Constabulary,Lancashire Constabulary,-3.018182,53.800771,On or near June Avenue,E01012685,Blackpool 016A,Criminal damage and arson,Status update unavailable,
bac95c126701f8ac8ce292eb75f57ee2e2743d71d7993481abcb358b2b84cc0d,2019-02,Lancashire Constabulary,Lancashire Constabulary,-3.018664,53.803122,On or near Rosedale Avenue,E01012685,Blackpool 016A,Criminal damage and arson,Status update unavailable,
c17ea087f88e7635c6c3e1a5b1d8770e5d480c91a791d1a4b8c9f68e342b344d,2019-02,Lancashire Constabulary,Lancashire Constabulary,-3.016469,53.798997,On or near Supermarket,E01012685,Blackpool 016A,Possession of weapons,Status update unavailable,
253eefafdccaa1e08f27af67f46cdfbbd4dfaa3144aaef122ad842cd15615b75,2019-02,Lancashire Constabulary,Lancashire Constabulary,-3.025391,53.797519,On or near Vicarage Lane,E01012685,Blackpool 016A,Public order,Unable to prosecute suspect,
0e21b9ac6d759e122a897c998db6001103f272d1463d969144f4bd1e8d8af949,2019-02,Lancashire Constabulary,Lancashire Constabulary,-3.025466,53.798713,On or near Supermarket,E01012685,Blackpool 016A,Public order,Status update unavailable,
b88e0a551c673d131798f21954ea375895769bf0a39433f6c3aaddef078d5036,2019-02,Lancashire Constabulary,Lancashire Constabulary,-3.016469,53.798997,On or near Supermarket,E01012685,Blackpool 016A,Shoplifting,Status update unavailable,
a38e7a9e59328327b99d737b1c103955c22fb608f60fe4a1d098cad00c6f0f0b,2019-02,Lancashire Constabulary,Lancashire Constabulary,-3.025466,53.798713,On or near Supermarket,E01012685,Blackpool 016A,Shoplifting,Unable to prosecute suspect,
093cbf0caf47ec3d4b4ff2776bbb63aae2f74773ebba3d4e72eda0fcc05addc0,2019-02,Lancashire Constabulary,Lancashire Constabulary,-3.025466,53.798713,On or near Supermarket,E01012685,Blackpool 016A,Shoplifting,Status update unavailable,
f9d217c4fc1bba22812816166264f85383df6324d53faaa329c67a44c1119649,2019-02,Lancashire Constabulary,Lancashire Constabulary,-3.016469,53.798997,On or near Supermarket,E01012685,Blackpool 016A,Shoplifting,Status update unavailable,
916a37cb2716cf37271b40562a106bafc58e74b4ec30abd8ca6f4eb7699f9859,2019-02,Lancashire Constabulary,Lancashire Constabulary,-3.025466,53.798713,On or near Supermarket,E01012685,Blackpool 016A,Shoplifting,Status update unavailable,
b7892fd00640b8be505df9254b1e9a3a51dcac287860dcdf471d9a9d572e5966,2019-02,Lancashire Constabulary,Lancashire Constabulary,-3.016469,53.798997,On or near Supermarket,E01012685,Blackpool 016A,Shoplifting,Status update unavailable,
4de90ff490496d26c90f3fb08c0c80d4e83289ad44f4444f92f13ffbcf8908f6,2019-02,Lancashire Constabulary,Lancashire Constabulary,-3.025466,53.798713,On or near Supermarket,E01012685,Blackpool 016A,Shoplifting,Status update unavailable,
79c9f5c9ab92f7494b98319ee8983b53506f3c0661203083f11770d89e48a597,2019-02,Lancashire Constabulary,Lancashire Constabulary,-3.025466,53.798713,On or near Supermarket,E01012685,Blackpool 016A,Shoplifting,Status update unavailable,
2c25d60ca79f722f6ca3cbebccd8a5fe9a1cf768f8d3d95b9bbdbbc99c642d0b,2019-02,Lancashire Constabulary,Lancashire Constabulary,-3.016469,53.798997,On or near Supermarket,E01012685,Blackpool 016A,Shoplifting,Status update unavailable,
769a5fa6d85a8a08ddcf3b793daf325391c4dd2e43af71f5326a797c36d8c589,2019-02,Lancashire Constabulary,Lancashire Constabulary,-3.025466,53.798713,On or near Supermarket,E01012685,Blackpool 016A,Shoplifting,Status update unavailable,
80371ef21f70c586e295f0194014fbb53122a6b47dd34cbbdfbf9a2cae0a6815,2019-02,Lancashire Constabulary,Lancashire Constabulary,-3.025466,53.798713,On or near Supermarket,E01012685,Blackpool 016A,Shoplifting,Status update unavailable,
2dc0f46e7f05258b5488acc42cb5f3df3548db027964545f6bf4865af233834c,2019-02,Lancashire Constabulary,Lancashire Constabulary,-3.025466,53.798713,On or near Supermarket,E01012685,Blackpool 016A,Shoplifting,Status update unavailable,
eeb3efd3719fa22fce168ef07a4e44431c29b211d705ee47b9717225a18ff551,2019-02,Lancashire Constabulary,Lancashire Constabulary,-3.016469,53.798997,On or near Supermarket,E01012685,Blackpool 016A,Shoplifting,Awaiting court outcome,
38f46eb77678df00274e7f0fe2d69f2978536b6edc754a9975ad64fc708b4ea0,2019-02,Lancashire Constabulary,Lancashire Constabulary,-3.016469,53.798997,On or near Supermarket,E01012685,Blackpool 016A,Shoplifting,Status update unavailable,
031dddbf04e44973ee777806e6fea845deae7fdb6ccb924dbe547e2b746b0d88,2019-02,Lancashire Constabulary,Lancashire Constabulary,-3.025466,53.798713,On or near Supermarket,E01012685,Blackpool 016A,Shoplifting,Status update unavailable,
5cc207df3d7c6456c62979122a250923a989a7fc18bb411791d503f562310d7c,2019-02,Lancashire Constabulary,Lancashire Constabulary,-3.016469,53.798997,On or near Supermarket,E01012685,Blackpool 016A,Shoplifting,Offender given suspended prison sentence,
89a6c644ef5344d71225553b9de419502557cebd5165ec1a540c0118a81feeb1,2019-02,Lancashire Constabulary,Lancashire Constabulary,-3.025466,53.798713,On or near Supermarket,E01012685,Blackpool 016A,Shoplifting,Status update unavailable,
75a90560e92b0167055da2b85bc50dfdef964cd4df96c855c4c7d12d9d8a6364,2019-02,Lancashire Constabulary,Lancashire Constabulary,-3.025466,53.798713,On or near Supermarket,E01012685,Blackpool 016A,Shoplifting,Status update unavailable,
c366fbd5202f7c7c5c0ebd017f1f6d4d7b44b7bcae0e281b554a68f5e589cb32,2019-02,Lancashire Constabulary,Lancashire Constabulary,-3.016469,53.798997,On or near Supermarket,E01012685,Blackpool 016A,Shoplifting,Status update unavailable,
1aa081eb9287976abed685945e7e0a4b61101a4ef8169b4f91d59c263fc1e198,2019-02,Lancashire Constabulary,Lancashire Constabulary,-3.016469,53.798997,On or near Supermarket,E01012685,Blackpool 016A,Shoplifting,Status update unavailable,
0e093da1184e6612205809b64735f5f50cdd2b95331633ae612e9882f68348d3,2019-02,Lancashire Constabulary,Lancashire Constabulary,-3.025466,53.798713,On or near Supermarket,E01012685,Blackpool 016A,Shoplifting,Status update unavailable,
b2920d4685c2d11d29a6ae62d4dcb0e9b8ec5b068cc6fde4aa8e362002b0e5c5,2019-02,Lancashire Constabulary,Lancashire Constabulary,-3.016469,53.798997,On or near Supermarket,E01012685,Blackpool 016A,Shoplifting,Status update unavailable,
802efc6416d40bc11e340ab523c46a8a8355ecca2e11cf5803e7ddd05b5a243d,2019-02,Lancashire Constabulary,Lancashire Constabulary,-3.022346,53.797185,On or near Shortridge Road,E01012685,Blackpool 016A,Violence and sexual offences,Unable to prosecute suspect,
13761063b30d6475def314f16ca43a353dbc5d91c2a3b7023a1950e9bed6a804,2019-02,Lancashire Constabulary,Lancashire Constabulary,-3.016469,53.798997,On or near Supermarket,E01012685,Blackpool 016A,Violence and sexual offences,Unable to prosecute suspect,
d81df47268700b49cad4fa3dc8d7908369d1cbfc679f3929733f67f7fd938aa8,2019-02,Lancashire Constabulary,Lancashire Constabulary,-3.020787,53.803634,On or near Ailsa Avenue,E01012685,Blackpool 016A,Violence and sexual offences,Unable to prosecute suspect,
7611e79a4fe0848cd5b712bea3a1ca6bd95fda8153e123434af23fde79fd377a,2019-02,Lancashire Constabulary,Lancashire Constabulary,-3.017561,53.803347,On or near Ryldon Place,E01012685,Blackpool 016A,Violence and sexual offences,Unable to prosecute suspect,
1208d3bac9c93d3cb4363b8460e8fff0fa4ea45d14dbaa5eafdb8b0ce26c5b54,2019-02,Lancashire Constabulary,Lancashire Constabulary,-3.021004,53.800037,On or near Eskdale Close,E01012685,Blackpool 016A,Violence and sexual offences,Unable to prosecute suspect,
42d087c2720d331ad49b8a419ce03cde464103d446ab993909be3c78592b5580,2019-02,Lancashire Constabulary,Lancashire Constabulary,-3.019877,53.801143,On or near Senior Avenue,E01012685,Blackpool 016A,Violence and sexual offences,Unable to prosecute suspect,
752de27ca0606e7226084e0e93677eb540078cb619bbebbb895ed6439f3c9254,2019-02,Lancashire Constabulary,Lancashire Constabulary,-3.017561,53.803347,On or near Ryldon Place,E01012685,Blackpool 016A,Violence and sexual offences,Unable to prosecute suspect,
094b530e218c274b21bde269237ae55919aecf75eb19a49d7daa8aae17aaebcb,2019-02,Lancashire Constabulary,Lancashire Constabulary,-3.016469,53.798997,On or near Supermarket,E01012685,Blackpool 016A,Violence and sexual offences,Status update unavailable,
44884e6c724fe5826a37ba2a75da576ecfb3371730eb50845f2ea277655c3bca,2019-02,Lancashire Constabulary,Lancashire Constabulary,-3.016469,53.798997,On or near Supermarket,E01012685,Blackpool 016A,Violence and sexual offences,Status update unavailable,
8f7a019f00263c5891a729dae51e2f5e6ce4d515b55226d3d3275bfab7110b12,2019-02,Lancashire Constabulary,Lancashire Constabulary,-3.020787,53.803634,On or near Ailsa Avenue,E01012685,Blackpool 016A,Violence and sexual offences,Further investigation is not in the public interest,
c8331ed076020e93d842153c6555155c269fa1676ad905aef30d19f0eb3240cc,2019-02,Lancashire Constabulary,Lancashire Constabulary,-3.020787,53.803634,On or near Ailsa Avenue,E01012685,Blackpool 016A,Violence and sexual offences,Unable to prosecute suspect,
68710c049ac1b3cb0122363f00dd7a4f85c8c9b48b61c013a706910ec171c24a,2019-02,Lancashire Constabulary,Lancashire Constabulary,-3.025391,53.797519,On or near Vicarage Lane,E01012685,Blackpool 016A,Other crime,Unable to prosecute suspect,
,2019-02,Lancashire Constabulary,Lancashire Constabulary,-3.029875,53.801471,On or near Ryburn Avenue,E01012694,Blackpool 016B,Anti-social behaviour,,
,2019-02,Lancashire Constabulary,Lancashire Constabulary,-3.025488,53.802111,On or near Sedbergh Avenue,E01012694,Blackpool 016B,Anti-social behaviour,,
6f7fb620f674d35ac28b76575c5d39e92b6e533086e2d7d49e3f7abf87703b82,2019-02,Lancashire Constabulary,Lancashire Constabulary,-3.023463,53.803162,On or near Phillip Street,E01012694,Blackpool 016B,Criminal damage and arson,Status update unavailable,
d0f82067efc0597d58f52db2db002197bb5ed2b73d9979d2867316acb03f06a4,2019-02,Lancashire Constabulary,Lancashire Constabulary,-3.025488,53.803989,On or near Preston New Road,E01012694,Blackpool 016B,Drugs,Status update unavailable,
7e8f7e10fd534df2d2da239bf57eab844e20c1aec8570fa0b5beeaac6a8fea37,2019-02,Lancashire Constabulary,Lancashire Constabulary,-3.022755,53.803375,On or near Barclay Avenue,E01012694,Blackpool 016B,Public order,Status update unavailable,
c7717da2ba3144ff265e5d90e840ec3b10f802d64a42aca3913687c1e13b5e9f,2019-02,Lancashire Constabulary,Lancashire Constabulary,-3.022845,53.801441,On or near George Avenue,E01012694,Blackpool 016B,Shoplifting,Status update unavailable,
82a938eba335517674b110b26222d766b166e269e39072e9e2368028f45762bc,2019-02,Lancashire Constabulary,Lancashire Constabulary,-3.026989,53.802044,On or near Rosary Avenue,E01012694,Blackpool 016B,Violence and sexual offences,Defendant found not guilty,
e9e07737ffd461a8814910a0e75a72c083301ccc4c92e87fbae50ca4b746d841,2019-02,Lancashire Constabulary,Lancashire Constabulary,-3.023463,53.803162,On or near Phillip Street,E01012694,Blackpool 016B,Violence and sexual offences,Unable to prosecute suspect,
471747143f78d08af8eb3a42ca0ec88ca33717969b27db28f94795c7adba2a09,2019-02,Lancashire Constabulary,Lancashire Constabulary,-3.023463,53.803162,On or near Phillip Street,E01012694,Blackpool 016B,Violence and sexual offences,Unable to prosecute suspect,
6a76c8f3a1eaf5c1f41b3bed7aa28d5f3cdf0231743ff15393ecaf11dc83c264,2019-02,Lancashire Constabulary,Lancashire Constabulary,-3.028931,53.801974,On or near Whittam Avenue,E01012694,Blackpool 016B,Violence and sexual offences,Unable to prosecute suspect,
0def63ab8e8ec6c56efa09a4d7ecad910929fc330dcc4a10d1f6b6165ae4ecb1,2019-02,Lancashire Constabulary,Lancashire Constabulary,-3.023463,53.803162,On or near Phillip Street,E01012694,Blackpool 016B,Violence and sexual offences,Status update unavailable,
59f0f74ebecb0ab35b1b10e40d3b0947ed79a2ab92976ffe344fe9bd38102b15,2019-02,Lancashire Constabulary,Lancashire Constabulary,-3.023463,53.803162,On or near Phillip Street,E01012694,Blackpool 016B,Violence and sexual offences,Unable to prosecute suspect,
4a3d86ab79513cc945814a5d319966c9b76d9881102c4e3b98069aaeb941200b,2019-02,Lancashire Constabulary,Lancashire Constabulary,-3.026989,53.802044,On or near Rosary Avenue,E01012694,Blackpool 016B,Violence and sexual offences,Status update unavailable,
8eb7104b3da9f5cb926b10ea91fcb432c125374c7663ecb0bc4279736d77c1b0,2019-02,Lancashire Constabulary,Lancashire Constabulary,-3.022755,53.803375,On or near Barclay Avenue,E01012694,Blackpool 016B,Violence and sexual offences,Offender given conditional discharge,
c59a9fcb30ad78d0b5bd4e2e122bc375a49b7cebe22770835947cf82be966d99,2019-02,Lancashire Constabulary,Lancashire Constabulary,-3.028931,53.801974,On or near Whittam Avenue,E01012694,Blackpool 016B,Violence and sexual offences,Status update unavailable,
,2019-02,Lancashire Constabulary,Lancashire Constabulary,-3.029889,53.798945,On or near Crossland Road,E01012696,Blackpool 016C,Anti-social behaviour,,
,2019-02,Lancashire Constabulary,Lancashire Constabulary,-3.029889,53.798945,On or near Crossland Road,E01012696,Blackpool 016C,Anti-social behaviour,,
dc9fc1f55017bca0f4663e67c279cde9343782e01e17a177e2ae78a1a1bdb698,2019-02,Lancashire Constabulary,Lancashire Constabulary,-3.028291,53.796298,On or near Thursfield Avenue,E01012696,Blackpool 016C,Burglary,Status update unavailable,
6e69ed2347c672860391e47b7367b654f8e5e80b75f5783b6ab0721cfa5a58a3,2019-02,Lancashire Constabulary,Lancashire Constabulary,-3.029889,53.798945,On or near Crossland Road,E01012696,Blackpool 016C,Public order,Status update unavailable,
ecc4e42c4716968b5278266807f277d29daaaae691618aa0ebc511c270ae9895,2019-02,Lancashire Constabulary,Lancashire Constabulary,-3.029889,53.798945,On or near Crossland Road,E01012696,Blackpool 016C,Vehicle crime,Status update unavailable,
479b572df63df6bf7cb6a703b40369ab18f50f02a4b22d969de6010a5c6fb2bf,2019-02,Lancashire Constabulary,Lancashire Constabulary,-3.029889,53.798945,On or near Crossland Road,E01012696,Blackpool 016C,Vehicle crime,Status update unavailable,
dc9728c89f1763b3934a88eda0e86112d5266e1d41169eced03845b12b1d55e2,2019-02,Lancashire Constabulary,Lancashire Constabulary,-3.027929,53.797650,On or near Terance Road,E01012696,Blackpool 016C,Violence and sexual offences,Unable to prosecute suspect,
c6814d9b8634abe7a06ad1fae9cb184dc1b629e5fee5ec05db8cad8e7b9575bf,2019-02,Lancashire Constabulary,Lancashire Constabulary,-3.027611,53.795810,On or near Stretton Avenue,E01012696,Blackpool 016C,Violence and sexual offences,Further investigation is not in the public interest,
ecf1b17012add0a992044340e7856fbcfe8d3f4610be9607a0fe0c6a67fec811,2019-02,Lancashire Constabulary,Lancashire Constabulary,-3.029889,53.798945,On or near Crossland Road,E01012696,Blackpool 016C,Violence and sexual offences,Awaiting court outcome,
17ff1bce112585f6d077c179426aa78fbc3de63682d4a4a3a61d72ae63fbd850,2019-02,Lancashire Constabulary,Lancashire Constabulary,-3.027611,53.795810,On or near Stretton Avenue,E01012696,Blackpool 016C,Violence and sexual offences,Unable to prosecute suspect,
6b5e7e169ca345f04e779b61c5ec261b89c8c0823ebab050ddc91e27a35ad08d,2019-02,Lancashire Constabulary,Lancashire Constabulary,-3.026981,53.797370,On or near Fairway Road,E01012696,Blackpool 016C,Violence and sexual offences,Formal action is not in the public interest,
55d9767424e7f3ed4b79cd70e170fa0b59358e2e029e655ee56785499a3af30d,2019-02,Lancashire Constabulary,Lancashire Constabulary,-3.026469,53.800008,On or near Colwyn Avenue,E01012696,Blackpool 016C,Violence and sexual offences,Status update unavailable,
0782ed4d235ff3cda427dcc1cff88b65bbe469e1f6a04aff94f6c06fdc9d7252,2019-02,Lancashire Constabulary,Lancashire Constabulary,-3.028724,53.795387,On or near Townley Avenue,E01012696,Blackpool 016C,Violence and sexual offences,Status update unavailable,
dd91b0d5b1f23b150a70d253144598bd5ac56728588e5bf29c58b2c88e0bcbc6,2019-02,Lancashire Constabulary,Lancashire Constabulary,-3.025865,53.800768,On or near Meadway,E01012696,Blackpool 016C,Violence and sexual offences,Unable to prosecute suspect,
,2019-02,Lancashire Constabulary,Lancashire Constabulary,-3.022252,53.795190,On or near Scott Mews,E01012697,Blackpool 016D,Anti-social behaviour,,
,2019-02,Lancashire Constabulary,Lancashire Constabulary,-3.018721,53.793567,On or near Roundhay,E01012697,Blackpool 016D,Anti-social behaviour,,
,2019-02,Lancashire Constabulary,Lancashire Constabulary,-3.028329,53.794132,On or near Hathaway,E01012697,Blackpool 016D,Anti-social behaviour,,
,2019-02,Lancashire Constabulary,Lancashire Constabulary,-3.023982,53.796398,On or near Lowesway,E01012697,Blackpool 016D,Anti-social behaviour,,
630409efc7b315a82659df9de27a2e409bf6b95529e740d39959e090072ae100,2019-02,Lancashire Constabulary,Lancashire Constabulary,-3.026140,53.795256,On or near Macauley Avenue,E01012697,Blackpool 016D,Criminal damage and arson,Status update unavailable,
523f56d054551dfc22fd0f5491697a70ba8a9073aa8d1dee9fa3bab1328dbb19,2019-02,Lancashire Constabulary,Lancashire Constabulary,-3.028329,53.794132,On or near Hathaway,E01012697,Blackpool 016D,Violence and sexual offences,Status update unavailable,
,2019-02,Lancashire Constabulary,Lancashire Constabulary,-3.033817,53.793833,On or near Sowerby Avenue,E01012698,Blackpool 016E,Anti-social behaviour,,
,2019-02,Lancashire Constabulary,Lancashire Constabulary,-3.033817,53.793833,On or near Sowerby Avenue,E01012698,Blackpool 016E,Anti-social behaviour,,
,2019-02,Lancashire Constabulary,Lancashire Constabulary,-3.031699,53.795352,On or near Millington Avenue,E01012698,Blackpool 016E,Anti-social behaviour,,
,2019-02,Lancashire Constabulary,Lancashire Constabulary,-3.031699,53.795352,On or near Millington Avenue,E01012698,Blackpool 016E,Anti-social behaviour,,
,2019-02,Lancashire Constabulary,Lancashire Constabulary,-3.030697,53.795343,On or near Bean Avenue,E01012698,Blackpool 016E,Anti-social behaviour,,
,2019-02,Lancashire Constabulary,Lancashire Constabulary,-3.030264,53.796893,On or near Hawes Side Lane,E01012698,Blackpool 016E,Anti-social behaviour,,
,2019-02,Lancashire Constabulary,Lancashire Constabulary,-3.035297,53.794737,On or near Loftos Avenue,E01012698,Blackpool 016E,Anti-social behaviour,,
1a17b5789772ee19cef3f37f22b0be0a72acc6a2fc9ba7bc542f71f9e0652418,2019-02,Lancashire Constabulary,Lancashire Constabulary,-3.030784,53.795783,On or near Howe Avenue,E01012698,Blackpool 016E,Burglary,Status update unavailable,
010a82ad906e76860dd7c18116d70649693bad63a0175af80788f8489fad0771,2019-02,Lancashire Constabulary,Lancashire Constabulary,-3.030264,53.796893,On or near Hawes Side Lane,E01012698,Blackpool 016E,Burglary,Investigation complete; no suspect identified,
20bf1182e09d610abadaa78c79c39d432dfbfc7ec19728f75f675a8938cfd2e2,2019-02,Lancashire Constabulary,Lancashire Constabulary,-3.030784,53.795783,On or near Howe Avenue,E01012698,Blackpool 016E,Burglary,Status update unavailable,
896d6289d5522e3970a7efcb9a7e40d99ac7ad849f1d4b10924b1a90e698055c,2019-02,Lancashire Constabulary,Lancashire Constabulary,-3.031699,53.795352,On or near Millington Avenue,E01012698,Blackpool 016E,Criminal damage and arson,Status update unavailable,
f5d14d32d5ffa07e697a86e150372df782881051168038b1d414417b2aa5fad9,2019-02,Lancashire Constabulary,Lancashire Constabulary,-3.030697,53.795343,On or near Bean Avenue,E01012698,Blackpool 016E,Drugs,Status update unavailable,
7ffc104d0be73f524f0bcc948e71a0b52caef9c777e547265faa40200d164722,2019-02,Lancashire Constabulary,Lancashire Constabulary,-3.030264,53.796893,On or near Hawes Side Lane,E01012698,Blackpool 016E,Other theft,Status update unavailable,
a7b247e9ffb30b948bdbae37db4bdea143e30244eb31f40c991e3d04d8d8fb91,2019-02,Lancashire Constabulary,Lancashire Constabulary,-3.030697,53.795343,On or near Bean Avenue,E01012698,Blackpool 016E,Other theft,Unable to prosecute suspect,
93a57495331d9c0f830ca9d977870875d91b6f7964972019d2aa6907c839b6c4,2019-02,Lancashire Constabulary,Lancashire Constabulary,-3.034977,53.794066,On or near Watson Road,E01012698,Blackpool 016E,Violence and sexual offences,Status update unavailable,
c0e0c3784dd98123810062e4dea48174dc0bb17923f3bc131c94cdfe97597651,2019-02,Lancashire Constabulary,Lancashire Constabulary,-3.033604,53.795012,On or near Quayle Avenue,E01012698,Blackpool 016E,Violence and sexual offences,Unable to prosecute suspect,
694dcfd2e4bd5ee11ae29b9eb525ea9ff199cbfaacb66aaef0653d10e6068da8,2019-02,Lancashire Constabulary,Lancashire Constabulary,-3.031801,53.793949,On or near Dewhurst Avenue,E01012698,Blackpool 016E,Violence and sexual offences,Unable to prosecute suspect,
8fbc266bce329d5b6e031aa18e6f53fdd53daec72120282a7bfa9ca1831a5e98,2019-02,Lancashire Constabulary,Lancashire Constabulary,-3.031699,53.795352,On or near Millington Avenue,E01012698,Blackpool 016E,Other crime,Status update unavailable,
,2019-02,Lancashire Constabulary,Lancashire Constabulary,-3.053613,53.785346,On or near Ventnor Road,E01012726,Blackpool 017A,Anti-social behaviour,,
,2019-02,Lancashire Constabulary,Lancashire Constabulary,-3.057167,53.781198,On or near New South Promenade,E01012726,Blackpool 017A,Anti-social behaviour,,
fb141d959bf8f9de6062c909872e73fffcea8f2e22a7bd30cf36f3c18e9a0d25,2019-02,Lancashire Constabulary,Lancashire Constabulary,-3.051552,53.784241,On or near Supermarket,E01012726,Blackpool 017A,Burglary,Unable to prosecute suspect,
16e2297e3eea3220fa30480de4186552aafc552afc94de8289516b3a2ef4c411,2019-02,Lancashire Constabulary,Lancashire Constabulary,-3.051552,53.784241,On or near Supermarket,E01012726,Blackpool 017A,Burglary,Status update unavailable,
b3fa49039641bc4823bc6641986da6eac650f53c33629ca91b6dce89cf76349e,2019-02,Lancashire Constabulary,Lancashire Constabulary,-3.057874,53.783978,On or near Harrowside West,E01012726,Blackpool 017A,Burglary,Status update unavailable,
c03635e1760c73fa63319bf5bd519434d21523b26adefa603cf41cbb3c857157,2019-02,Lancashire Constabulary,Lancashire Constabulary,-3.050229,53.782311,On or near Harrington Avenue,E01012726,Blackpool 017A,Burglary,Awaiting court outcome,
00a0523a49d1d25b287c4d28e771d2a25b204d01890b225b55cb06e61e4c6103,2019-02,Lancashire Constabulary,Lancashire Constabulary,-3.057874,53.783978,On or near Harrowside West,E01012726,Blackpool 017A,Burglary,Status update unavailable,
e044304af87ae3633d5a537630c85ad6a3c4e08a7e5818b797240909a39fbdbb,2019-02,Lancashire Constabulary,Lancashire Constabulary,-3.057167,53.781198,On or near New South Promenade,E01012726,Blackpool 017A,Criminal damage and arson,Status update unavailable,
102ef234e4e57dd7d6cb34cb71524c89d3e9a835af688087c866de7ecc688a60,2019-02,Lancashire Constabulary,Lancashire Constabulary,-3.052145,53.786698,On or near Eastbourne Road,E01012726,Blackpool 017A,Violence and sexual offences,Unable to prosecute suspect,
dff86fbadfcb4c77af607f5600c456bc596fc605c65f5b6afe4ef4f8a698c5fc,2019-02,Lancashire Constabulary,Lancashire Constabulary,-3.049462,53.785625,On or near Bournemouth Road,E01012726,Blackpool 017A,Violence and sexual offences,Status update unavailable,
7dff5000790d5072154edc99891b94f5face0ea21fa1e520437467b961a30649,2019-02,Lancashire Constabulary,Lancashire Constabulary,-3.057167,53.781198,On or near New South Promenade,E01012726,Blackpool 017A,Violence and sexual offences,Offender fined,
76fdbedafa3ed42205b2237edd55b9fa7b2bde30b220f2d4319ac079eca75a36,2019-02,Lancashire Constabulary,Lancashire Constabulary,-3.048730,53.783663,On or near Sports/Recreation Area,E01012726,Blackpool 017A,Violence and sexual offences,Further investigation is not in the public interest,
d10ba2ec6c6852e617e2853c2c892f8e9231a23c864ca0b45eb97d809a5dbbd5,2019-02,Lancashire Constabulary,Lancashire Constabulary,-3.052145,53.786698,On or near Eastbourne Road,E01012726,Blackpool 017A,Violence and sexual offences,Awaiting court outcome,
,2019-02,Lancashire Constabulary,Lancashire Constabulary,-3.044705,53.785379,On or near Laurier Avenue,E01012728,Blackpool 017B,Anti-social behaviour,,
,2019-02,Lancashire Constabulary,Lancashire Constabulary,-3.045782,53.784165,On or near Mayfield Avenue,E01012728,Blackpool 017B,Anti-social behaviour,,
,2019-02,Lancashire Constabulary,Lancashire Constabulary,-3.044933,53.786033,On or near Green Avenue,E01012728,Blackpool 017B,Anti-social behaviour,,
,2019-02,Lancashire Constabulary,Lancashire Constabulary,-3.044705,53.785379,On or near Laurier Avenue,E01012728,Blackpool 017B,Anti-social behaviour,,
,2019-02,Lancashire Constabulary,Lancashire Constabulary,-3.045631,53.785407,On or near Supermarket,E01012728,Blackpool 017B,Anti-social behaviour,,
,2019-02,Lancashire Constabulary,Lancashire Constabulary,-3.044015,53.786329,On or near Lodore Road,E01012728,Blackpool 017B,Anti-social behaviour,,
0b7a77f3315ac312ba5d36e86f0cd4d63218c3f1ace573b043a6df8c0d5a79a0,2019-02,Lancashire Constabulary,Lancashire Constabulary,-3.049738,53.786360,On or near Boscombe Road,E01012728,Blackpool 017B,Burglary,Status update unavailable,
2954aaf5eaeca218c5767c5690b767b872deea8d8793e2b5ba5d042ee5073517,2019-02,Lancashire Constabulary,Lancashire Constabulary,-3.049738,53.786360,On or near Boscombe Road,E01012728,Blackpool 017B,Burglary,Status update unavailable,
501152d52c3142b2167ee4437b4152c8e5884e8bfbc9c2263efef3d9d9cdf0e2,2019-02,Lancashire Constabulary,Lancashire Constabulary,-3.044306,53.787055,On or near Lodore Road,E01012728,Blackpool 017B,Burglary,Status update unavailable,
619d0c3556ac77108c7d2bc7e2c8d6d2f3a877ee8ddee4c36019a6639698351d,2019-02,Lancashire Constabulary,Lancashire Constabulary,-3.044861,53.784326,On or near Orchard Avenue,E01012728,Blackpool 017B,Criminal damage and arson,Status update unavailable,
dde9ca808a605e78ece35ee203ea80c73ecc5e70a6270b255b8213793e0e45f0,2019-02,Lancashire Constabulary,Lancashire Constabulary,-3.045782,53.784165,On or near Mayfield Avenue,E01012728,Blackpool 017B,Criminal damage and arson,Unable to prosecute suspect,
8152a8f7a672d207733abe01dd41f96b0b4b955525f9e7682e20bca11f7f4502,2019-02,Lancashire Constabulary,Lancashire Constabulary,-3.042645,53.785577,On or near Boome Street,E01012728,Blackpool 017B,Public order,Defendant sent to Crown Court,
ca05a88c91b4b2fb19a7c72252fa3d79b9322acd2c3e34c1a92d59d82f92dec8,2019-02,Lancashire Constabulary,Lancashire Constabulary,-3.046801,53.786044,On or near St George'S Road,E01012728,Blackpool 017B,Public order,Status update unavailable,
dbb6b1a74eacb84089508878a69fd9264b74a12a7390b10ea7aedfc8dcd7c3b1,2019-02,Lancashire Constabulary,Lancashire Constabulary,-3.042997,53.785053,On or near Abbeyville,E01012728,Blackpool 017B,Violence and sexual offences,Status update unavailable,
62a6c0496d9a00242e6e5b688f873cd241e07bad0fbe4043a210c633dd70ef23,2019-02,Lancashire Constabulary,Lancashire Constabulary,-3.044306,53.787055,On or near Lodore Road,E01012728,Blackpool 017B,Violence and sexual offences,Unable to prosecute suspect,
0b866da74d808dc8fcd8f6ff06c8acd9558245b5666fc2efa6d32a0d4cb11d96,2019-02,Lancashire Constabulary,Lancashire Constabulary,-3.044705,53.785379,On or near Laurier Avenue,E01012728,Blackpool 017B,Violence and sexual offences,Status update unavailable,
4a52e402b12d079e0bebd5cad6cef7f513570a21b7645d3aa37accb7203a16f3,2019-02,Lancashire Constabulary,Lancashire Constabulary,-3.044015,53.786329,On or near Lodore Road,E01012728,Blackpool 017B,Violence and sexual offences,Status update unavailable,
d27e9addf4af3c9e35fb663eb3890231d11cd157cce1a3d40d41870918a9411f,2019-02,Lancashire Constabulary,Lancashire Constabulary,-3.045782,53.784165,On or near Mayfield Avenue,E01012728,Blackpool 017B,Violence and sexual offences,Status update unavailable,
873dab9dcfb0be4b4aefea81144ed2b02012969bf268901b1862d7574e31dee1,2019-02,Lancashire Constabulary,Lancashire Constabulary,-3.046801,53.786044,On or near St George'S Road,E01012728,Blackpool 017B,Other crime,Unable to prosecute suspect,
,2019-02,Lancashire Constabulary,Lancashire Constabulary,-3.057611,53.785572,On or near New South Promenade,E01012752,Blackpool 017C,Anti-social behaviour,,
,2019-02,Lancashire Constabulary,Lancashire Constabulary,-3.057611,53.785572,On or near New South Promenade,E01012752,Blackpool 017C,Anti-social behaviour,,
,2019-02,Lancashire Constabulary,Lancashire Constabulary,-3.057330,53.794320,On or near Theme/Adventure Park,E01012752,Blackpool 017C,Anti-social behaviour,,
,2019-02,Lancashire Constabulary,Lancashire Constabulary,-3.050885,53.789118,On or near Kenilworth Gardens,E01012752,Blackpool 017C,Anti-social behaviour,,
,2019-02,Lancashire Constabulary,Lancashire Constabulary,-3.057330,53.794320,On or near Theme/Adventure Park,E01012752,Blackpool 017C,Anti-social behaviour,,
,2019-02,Lancashire Constabulary,Lancashire Constabulary,-3.055130,53.784695,On or near Tudor Place,E01012752,Blackpool 017C,Anti-social behaviour,,
c9fdfee2ec0c79430ddf4db26199653056b422c1e02cded89eb34291b2b17b05,2019-02,Lancashire Constabulary,Lancashire Constabulary,-3.053740,53.787368,On or near Ventnor Road,E01012752,Blackpool 017C,Burglary,Status update unavailable,
a7784eb701816e0e9253e3419bc5f576cd1d1309b25626f7c582fbbe1351d16f,2019-02,Lancashire Constabulary,Lancashire Constabulary,-3.053740,53.787368,On or near Ventnor Road,E01012752,Blackpool 017C,Burglary,Status update unavailable,
496efde79e93da69749e1bb07569bc8f09de0c0973b50ef9e2fde967b827f0a0,2019-02,Lancashire Constabulary,Lancashire Constabulary,-3.057330,53.794320,On or near Theme/Adventure Park,E01012752,Blackpool 017C,Burglary,Status update unavailable,
938671274df77b1177a4bc724e4114feacdd9377567985e82f6bf4a64b53e29b,2019-02,Lancashire Constabulary,Lancashire Constabulary,-3.050898,53.788435,On or near Burlington Road,E01012752,Blackpool 017C,Burglary,Status update unavailable,
f7ec5139ce7ea8f8494e2ee6eb1dd1c8012ecd1b6cc358532cd9bb3497c34e66,2019-02,Lancashire Constabulary,Lancashire Constabulary,-3.055130,53.784695,On or near Tudor Place,E01012752,Blackpool 017C,Criminal damage and arson,Unable to prosecute suspect,
2f2ec795a9ef9f4e0711484ddbdb498cb508a6cd9f34aba28ce8745de3731414,2019-02,Lancashire Constabulary,Lancashire Constabulary,-3.056653,53.787333,On or near Burlington Road West,E01012752,Blackpool 017C,Other theft,Unable to prosecute suspect,
8b05d86568cd9a2ff5753aaeb3bdf08c037196c792a4d8689ce08e44a8ff36cc,2019-02,Lancashire Constabulary,Lancashire Constabulary,-3.055130,53.784695,On or near Tudor Place,E01012752,Blackpool 017C,Other theft,Unable to prosecute suspect,
40a9d1f3109f64d0086d4cbb146161a03ed660a456c4000c25e576267c55bded,2019-02,Lancashire Constabulary,Lancashire Constabulary,-3.054105,53.793450,On or near Parking Area,E01012752,Blackpool 017C,Public order,Status update unavailable,
d2f92e32a01483c930e574d7e790658e2e1fb388530bbf5b99dbe59d1004694d,2019-02,Lancashire Constabulary,Lancashire Constabulary,-3.055130,53.784695,On or near Tudor Place,E01012752,Blackpool 017C,Public order,Formal action is not in the public interest,
9c62afc82d2b0806da999131df1ade1b8ef500ebc6251492844c79c59cc0f5b4,2019-02,Lancashire Constabulary,Lancashire Constabulary,-3.050785,53.786971,On or near Horncliffe Road,E01012752,Blackpool 017C,Public order,Status update unavailable,
986dc9e1c5ccd1f44c8edb66ed4233c096b42704a89acf1afef99f521420e617,2019-02,Lancashire Constabulary,Lancashire Constabulary,-3.054201,53.786402,On or near Carlyle Avenue,E01012752,Blackpool 017C,Theft from the person,Status update unavailable,
70d7c5088a3bc0d64b97ad935a1d272af16df624bd44dc142f0f037cc2a3a221,2019-02,Lancashire Constabulary,Lancashire Constabulary,-3.050898,53.788435,On or near Burlington Road,E01012752,Blackpool 017C,Vehicle crime,Status update unavailable,
49d768ece8f2fefc171e2a17e70bee60c312f85c86142c02233810991448fa38,2019-02,Lancashire Constabulary,Lancashire Constabulary,-3.055183,53.786222,On or near Napier Avenue,E01012752,Blackpool 017C,Vehicle crime,Status update unavailable,
09785d38e967f72e890775f306980b724d661ee34f3d94310fce24e4a1a74a30,2019-02,Lancashire Constabulary,Lancashire Constabulary,-3.055880,53.785569,On or near Wimbourne Place,E01012752,Blackpool 017C,Vehicle crime,Status update unavailable,
faa39e2d937357d009d64080c2416db3e5b1b9ea8ca33bc6d0f9c4b4be96c2f5,2019-02,Lancashire Constabulary,Lancashire Constabulary,-3.057611,53.785572,On or near New South Promenade,E01012752,Blackpool 017C,Violence and sexual offences,Unable to prosecute suspect,
425bc792fbcd2433230b641c93c9b69b71c902a3d952e0757324355705031678,2019-02,Lancashire Constabulary,Lancashire Constabulary,-3.057461,53.792890,On or near Parking Area,E01012752,Blackpool 017C,Violence and sexual offences,Status update unavailable,
ef5bcb2b6f072eea70d616e773e77fc95b8629619a03231bafe3bf9cb7e5ce34,2019-02,Lancashire Constabulary,Lancashire Constabulary,-3.057330,53.794320,On or near Theme/Adventure Park,E01012752,Blackpool 017C,Violence and sexual offences,Unable to prosecute suspect,
7846408b9ac89a62c51b100c6a4169c438d3a32e8a11e68390cd5d89e6d27851,2019-02,Lancashire Constabulary,Lancashire Constabulary,-3.050785,53.786971,On or near Horncliffe Road,E01012752,Blackpool 017C,Violence and sexual offences,Investigation complete; no suspect identified,
da0701c63484ce08a98d43e5f54f96d149c039cd6ae6d74c91aeca789ededc2b,2019-02,Lancashire Constabulary,Lancashire Constabulary,-3.050879,53.787689,On or near Rosebery Avenue,E01012752,Blackpool 017C,Violence and sexual offences,Status update unavailable,
47de39f4c4a2201a11060fe063708ccb0a73b56be704fa379c88025d47a27d7c,2019-02,Lancashire Constabulary,Lancashire Constabulary,-3.050785,53.786971,On or near Horncliffe Road,E01012752,Blackpool 017C,Violence and sexual offences,Status update unavailable,
f03f7da00908b773a38f2c6ad6fddb86c0b7644b62f6b5054a7c97aa4680ef49,2019-02,Lancashire Constabulary,Lancashire Constabulary,-3.056653,53.787333,On or near Burlington Road West,E01012752,Blackpool 017C,Violence and sexual offences,Awaiting court outcome,
,2019-02,Lancashire Constabulary,Lancashire Constabulary,-3.048376,53.794453,On or near Hampton Road,E01012753,Blackpool 017D,Anti-social behaviour,,
,2019-02,Lancashire Constabulary,Lancashire Constabulary,-3.045293,53.793158,On or near Thirlmere Road,E01012753,Blackpool 017D,Anti-social behaviour,,
bbec5756130524273a3e7f08a1b62a8e1a6a732d2bea866504e51b356034490c,2019-02,Lancashire Constabulary,Lancashire Constabulary,-3.047698,53.792805,On or near Coniston Road,E01012753,Blackpool 017D,Burglary,Status update unavailable,
4333923cb9ce46416ef869846a97f645bdf28b906b4e69a52b0f838c09c7c31f,2019-02,Lancashire Constabulary,Lancashire Constabulary,-3.045164,53.791631,On or near Worsley Avenue,E01012753,Blackpool 017D,Criminal damage and arson,Status update unavailable,
825d24e6c22f09730001e732b4238483e66561f74a065ea18d1bf0c572d96351,2019-02,Lancashire Constabulary,Lancashire Constabulary,-3.042807,53.792074,On or near Bamton Avenue,E01012753,Blackpool 017D,Other theft,Unable to prosecute suspect,
ab2d3c76adb5974e3a6a69933b1e5a7e4073af3546aac26e16eb340d389208b6,2019-02,Lancashire Constabulary,Lancashire Constabulary,-3.042807,53.792074,On or near Bamton Avenue,E01012753,Blackpool 017D,Other theft,Unable to prosecute suspect,
025df8e24d56e9ff19cefaa8ce1de178ef88f2f1d8620e80ea5ef48a7f9b45d0,2019-02,Lancashire Constabulary,Lancashire Constabulary,-3.048376,53.794453,On or near Hampton Road,E01012753,Blackpool 017D,Public order,Status update unavailable,
e1fe4555f4aaa6040a3d589a07bc453ee57a3a68649834c5687211aad25058fb,2019-02,Lancashire Constabulary,Lancashire Constabulary,-3.047482,53.793894,On or near Windermere Road,E01012753,Blackpool 017D,Vehicle crime,Status update unavailable,
af91b08ca39f729b8a72ebbf902ae416915d64a47a51b70c40258c7a6f28ecf4,2019-02,Lancashire Constabulary,Lancashire Constabulary,-3.043511,53.791709,On or near Fenber Avenue,E01012753,Blackpool 017D,Vehicle crime,Status update unavailable,
,2019-02,Lancashire Constabulary,Lancashire Constabulary,-3.051486,53.790704,On or near The Crescent,E01012754,Blackpool 017E,Anti-social behaviour,,
,2019-02,Lancashire Constabulary,Lancashire Constabulary,-3.049891,53.793702,On or near Mersey Road,E01012754,Blackpool 017E,Anti-social behaviour,,
,2019-02,Lancashire Constabulary,Lancashire Constabulary,-3.051486,53.790704,On or near The Crescent,E01012754,Blackpool 017E,Anti-social behaviour,,
,2019-02,Lancashire Constabulary,Lancashire Constabulary,-3.051557,53.794173,On or near Brighton Avenue,E01012754,Blackpool 017E,Anti-social behaviour,,
,2019-02,Lancashire Constabulary,Lancashire Constabulary,-3.053185,53.794294,On or near Osbourne Road,E01012754,Blackpool 017E,Anti-social behaviour,,
603dc5a573a6e54b1996b3fd9581b846371b8a59565f18f5807299fb82b81572,2019-02,Lancashire Constabulary,Lancashire Constabulary,-3.050855,53.789775,On or near Woodstock Gardens,E01012754,Blackpool 017E,Burglary,Status update unavailable,
0c2534ffd1ac052bd2c727e29a40c12ea39432288cd8aaeefb1819d31e66ec37,2019-02,Lancashire Constabulary,Lancashire Constabulary,-3.051557,53.794173,On or near Brighton Avenue,E01012754,Blackpool 017E,Other theft,Unable to prosecute suspect,
a7d6e52f9fdfe3ed8ab599cdce2d9ef515b42aa1a071c49c4351b954e87d129a,2019-02,Lancashire Constabulary,Lancashire Constabulary,-3.051557,53.794173,On or near Brighton Avenue,E01012754,Blackpool 017E,Other theft,Status update unavailable,
e10fd6538edd7394f13f1696eb80ffc81b8475d3641cd0ea043fc700000bcc5e,2019-02,Lancashire Constabulary,Lancashire Constabulary,-3.053185,53.794294,On or near Osbourne Road,E01012754,Blackpool 017E,Public order,Formal action is not in the public interest,
805d473c58239cbf3e47ade9e9ed443efe97c6cc8c0c289f8c78942f1d44b7fa,2019-02,Lancashire Constabulary,Lancashire Constabulary,-3.049891,53.793702,On or near Mersey Road,E01012754,Blackpool 017E,Public order,Status update unavailable,
d5cc252be07f9f0f938ef38b5845960ffb937981ff38182e19491090934122ac,2019-02,Lancashire Constabulary,Lancashire Constabulary,-3.052329,53.794067,On or near Windsor Avenue,E01012754,Blackpool 017E,Theft from the person,Status update unavailable,
6f75e6b3f27425341b2e138c84d6f341214d46dfa25cf8cad4112e00b23c6e26,2019-02,Lancashire Constabulary,Lancashire Constabulary,-3.051557,53.794173,On or near Brighton Avenue,E01012754,Blackpool 017E,Violence and sexual offences,Status update unavailable,
6656af6ca3f2d150b03b162df2cbe6fbaac7ee46efe5046671a0cc6c76fd5d5e,2019-02,Lancashire Constabulary,Lancashire Constabulary,-3.053185,53.794294,On or near Osbourne Road,E01012754,Blackpool 017E,Violence and sexual offences,Status update unavailable,
,2019-02,Lancashire Constabulary,Lancashire Constabulary,-3.048703,53.791115,On or near Lytham Road,E01012755,Blackpool 017F,Anti-social behaviour,,
,2019-02,Lancashire Constabulary,Lancashire Constabulary,-3.042923,53.788190,On or near St Luke'S Road,E01012755,Blackpool 017F,Anti-social behaviour,,
,2019-02,Lancashire Constabulary,Lancashire Constabulary,-3.048703,53.791115,On or near Lytham Road,E01012755,Blackpool 017F,Anti-social behaviour,,
c791bd82942fe088f6c6429a06e0e00687fc8444bb5fc2019b5ea745c1703d2e,2019-02,Lancashire Constabulary,Lancashire Constabulary,-3.042961,53.790347,On or near Fourth Avenue,E01012755,Blackpool 017F,Criminal damage and arson,Unable to prosecute suspect,
ab69bd41814fc5e381202db6d186f53595a531cfd248189f85e82ef815e8439e,2019-02,Lancashire Constabulary,Lancashire Constabulary,-3.048703,53.791115,On or near Lytham Road,E01012755,Blackpool 017F,Criminal damage and arson,Status update unavailable,
bcb192ff057d9489d308b86573f19b82a8405263eaf735be0930e524a7fd098b,2019-02,Lancashire Constabulary,Lancashire Constabulary,-3.048703,53.791115,On or near Lytham Road,E01012755,Blackpool 017F,Other theft,Status update unavailable,
d871b9d15af4400d8b1c42ccd22ec416287d10cfaea3f3d45cc69927b0fb4c05,2019-02,Lancashire Constabulary,Lancashire Constabulary,-3.041593,53.791501,On or near Beverley Grove,E01012755,Blackpool 017F,Public order,Status update unavailable,
942b1192b037f1f382e12f13e2801b87ee7067bfe4d41fef12d688205d54853a,2019-02,Lancashire Constabulary,Lancashire Constabulary,-3.040641,53.791671,On or near Stamford Avenue,E01012755,Blackpool 017F,Vehicle crime,Status update unavailable,
291c36387e5ad64fdf64247fc8c67e1c1c7884f1fb67fed65691a40dea3b6676,2019-02,Lancashire Constabulary,Lancashire Constabulary,-3.046630,53.787718,On or near St James Road,E01012755,Blackpool 017F,Violence and sexual offences,Status update unavailable,
336896e7a1da7620b32e3fca5d518d24c759651a793ecc17e3489c324408a19d,2019-02,Lancashire Constabulary,Lancashire Constabulary,-3.048703,53.791115,On or near Lytham Road,E01012755,Blackpool 017F,Violence and sexual offences,Unable to prosecute suspect,
ab64ae67e4da62f9f5ef3cac60c96eb7a33235fea1a3737bd28e9231b7e5f087,2019-02,Lancashire Constabulary,Lancashire Constabulary,-3.037151,53.791746,On or near Ayrton Avenue,E01012701,Blackpool 018A,Criminal damage and arson,Status update unavailable,
ffd92835a544c62841427ac040798d0c781794bba340494744ed4353059102f5,2019-02,Lancashire Constabulary,Lancashire Constabulary,-3.034287,53.789452,On or near Keasden Avenue,E01012701,Blackpool 018A,Other theft,Status update unavailable,
c9fb4b27c0974a4249ebecc0f3c1358eb5b9270bb3c74dc49d9e6b144f76f3a0,2019-02,Lancashire Constabulary,Lancashire Constabulary,-3.031418,53.792550,On or near Hawes Side Lane,E01012701,Blackpool 018A,Public order,Unable to prosecute suspect,
c7a151c0627c5b5ad962933636bb049469c42ac5e5e20dbfb2d68a0740a9b40a,2019-02,Lancashire Constabulary,Lancashire Constabulary,-3.032519,53.789161,On or near Acre Gate,E01012701,Blackpool 018A,Violence and sexual offences,Status update unavailable,
5f2ab6541fa1d512feb319133a61fdcdc509a5415c0eb549c902913c2f546e6d,2019-02,Lancashire Constabulary,Lancashire Constabulary,-3.032488,53.787319,On or near Margate Avenue,E01012701,Blackpool 018A,Violence and sexual offences,Status update unavailable,
351b40ad37dabcd9c81d64004e5202f291e79349cbf8ef0c257d773821048b69,2019-02,Lancashire Constabulary,Lancashire Constabulary,-3.031418,53.792550,On or near Hawes Side Lane,E01012701,Blackpool 018A,Violence and sexual offences,Status update unavailable,
,2019-02,Lancashire Constabulary,Lancashire Constabulary,-3.026149,53.788793,On or near Lowstead Place,E01012729,Blackpool 018B,Anti-social behaviour,,
,2019-02,Lancashire Constabulary,Lancashire Constabulary,-3.029138,53.790583,On or near Burgess Avenue,E01012729,Blackpool 018B,Anti-social behaviour,,
ca4d6811723703c906ad5051931228080968163c87aeab90812e9f7d992bb2e5,2019-02,Lancashire Constabulary,Lancashire Constabulary,-3.024702,53.789830,On or near Wharfedale,E01012729,Blackpool 018B,Criminal damage and arson,Status update unavailable,
bc9065e44090a24607b44207d63716c73a3fdd8564732e252f8d5879f47fc7e0,2019-02,Lancashire Constabulary,Lancashire Constabulary,-3.021748,53.789442,On or near Moss Way,E01012729,Blackpool 018B,Criminal damage and arson,Status update unavailable,
866bcbac1813720f6ba68659e309798f52b36627b5d54f992b962fdd15efeb7a,2019-02,Lancashire Constabulary,Lancashire Constabulary,-3.030236,53.789549,On or near Johnsville Avenue,E01012729,Blackpool 018B,Criminal damage and arson,Unable to prosecute suspect,
c64e75cb92ed1a8380695d2945a3bffc0748962a434decef3b3a465b01d3f0fb,2019-02,Lancashire Constabulary,Lancashire Constabulary,-3.024656,53.789157,On or near Bakers Court,E01012729,Blackpool 018B,Other theft,Unable to prosecute suspect,
,2019-02,Lancashire Constabulary,Lancashire Constabulary,-3.015454,53.788390,On or near Dunbar Close,E01012730,Blackpool 018C,Anti-social behaviour,,
e7bef9aefe18f1174195d6d4965cd3f140f2f37c475605b7275a311ea1b67fd2,2019-02,Lancashire Constabulary,Lancashire Constabulary,-3.016044,53.787711,On or near Lochinch Close,E01012730,Blackpool 018C,Burglary,Unable to prosecute suspect,
03ec3c30f82052637f977e0f4157a6b21111a055b172fafacafbad23ea0c8f1b,2019-02,Lancashire Constabulary,Lancashire Constabulary,-3.013851,53.786777,On or near Florence Street,E01012730,Blackpool 018C,Burglary,Status update unavailable,
3c63bf360cc65437ec6d91b0b616f77fa5726d7fbc7b9d01f3996c78ce3aa54b,2019-02,Lancashire Constabulary,Lancashire Constabulary,-3.022216,53.783731,On or near Sovereign Gate,E01012730,Blackpool 018C,Public order,Status update unavailable,
2370637871fe4d03c0ce3933b0f6feb8b7ba0338ac6b2370c1786e8105753a49,2019-02,Lancashire Constabulary,Lancashire Constabulary,-3.015454,53.788390,On or near Dunbar Close,E01012730,Blackpool 018C,Violence and sexual offences,Status update unavailable,
,2019-02,Lancashire Constabulary,Lancashire Constabulary,-3.029003,53.783825,On or near Lindale Gardens,E01012731,Blackpool 018D,Anti-social behaviour,,
1e079fabdfe062be3a1857c3d56d6c2937aa6fa6a1a8c754ccc75046b379518e,2019-02,Lancashire Constabulary,Lancashire Constabulary,-3.029003,53.783825,On or near Lindale Gardens,E01012731,Blackpool 018D,Burglary,Status update unavailable,
596ae5d058fda11f58d8d3270b6f825df55a0679c928a963f4e52edc08b8857e,2019-02,Lancashire Constabulary,Lancashire Constabulary,-3.029003,53.783825,On or near Lindale Gardens,E01012731,Blackpool 018D,Burglary,Status update unavailable,
10a183513f27145939297f20db4c3467d01b3a6bbbd228ce4ce5a3ac8b778956,2019-02,Lancashire Constabulary,Lancashire Constabulary,-3.026427,53.785250,On or near Collyhurst Avenue,E01012731,Blackpool 018D,Possession of weapons,Status update unavailable,
fa6303e8e301e41e5b1d5eb4ba9d371f3816eda6bf99bf91e651e887d674c90a,2019-02,Lancashire Constabulary,Lancashire Constabulary,-3.026226,53.781989,On or near Squires Gate Lane,E01012731,Blackpool 018D,Public order,Further investigation is not in the public interest,
6375cac193e46badc5778859b7fc1c702ea24394ee3f3416b381f8ed24a0b869,2019-02,Lancashire Constabulary,Lancashire Constabulary,-3.026140,53.784668,On or near Willowbank Avenue,E01012731,Blackpool 018D,Public order,Status update unavailable,
a99530fd946b81ccb78142261946f79a9ead48f83b0f397565ca4c7f6297a9dd,2019-02,Lancashire Constabulary,Lancashire Constabulary,-3.020220,53.777123,On or near Sports/Recreation Area,E01012731,Blackpool 018D,Public order,Status update unavailable,
2a55a5d1374a8be76ca1cefa1ae4b2987b4c5594dfd5d8f394c3b85d9b4e04e0,2019-02,Lancashire Constabulary,Lancashire Constabulary,-3.024248,53.784262,On or near Thornhill Close,E01012731,Blackpool 018D,Vehicle crime,Status update unavailable,
c3319b16db12acc530b137ea050c2d1c03bbfbb618bc2d8f8480aabae4ba61b4,2019-02,Lancashire Constabulary,Lancashire Constabulary,-3.025098,53.783041,On or near Myerscough Avenue,E01012731,Blackpool 018D,Violence and sexual offences,Status update unavailable,
e678fd0742c774ab90a1c272a11a84b39994e42da1917cc23f3a5a31457b47f3,2019-02,Lancashire Constabulary,Lancashire Constabulary,-3.027151,53.786277,On or near Regal Avenue,E01012731,Blackpool 018D,Violence and sexual offences,Unable to prosecute suspect,
2c71b5dabd58138a38fe8c93d36674d8dc41b63cb0512fc5c530403a6956db8a,2019-02,Lancashire Constabulary,Lancashire Constabulary,-3.026140,53.784668,On or near Willowbank Avenue,E01012731,Blackpool 018D,Violence and sexual offences,Formal action is not in the public interest,
db0458ddf3c18e63becac20bef699b364310d3003fa1310086863703958bcb8f,2019-02,Lancashire Constabulary,Lancashire Constabulary,-3.016979,53.778652,On or near Marton Fold,E01012731,Blackpool 018D,Violence and sexual offences,Status update unavailable,
3ce9678f99e93d072e8e2eb8ec602942aaed8f7ac3ac620d58626dedec9df3e6,2019-02,Lancashire Constabulary,Lancashire Constabulary,-3.024248,53.784262,On or near Thornhill Close,E01012731,Blackpool 018D,Violence and sexual offences,Unable to prosecute suspect,
,2019-02,Lancashire Constabulary,Lancashire Constabulary,-3.007652,53.787135,On or near Progress Way,E01012732,Blackpool 018E,Anti-social behaviour,,
,2019-02,Lancashire Constabulary,Lancashire Constabulary,-3.023765,53.788742,On or near Parking Area,E01012732,Blackpool 018E,Anti-social behaviour,,
,2019-02,Lancashire Constabulary,Lancashire Constabulary,-3.023109,53.787992,On or near Milldyke Close,E01012732,Blackpool 018E,Anti-social behaviour,,
269b7389ad005777392dc15ebcdad53b6dafb6cad1b67c6097887555e248aadf,2019-02,Lancashire Constabulary,Lancashire Constabulary,-3.023765,53.788742,On or near Parking Area,E01012732,Blackpool 018E,Criminal damage and arson,Status update unavailable,
e8ad9f4bd9a488ad7acb30e39aba0bcf2f80693854b04aecc45d519d1f3dc941,2019-02,Lancashire Constabulary,Lancashire Constabulary,-3.017908,53.791335,On or near Carterville Close,E01012732,Blackpool 018E,Criminal damage and arson,Unable to prosecute suspect,
d1d9ffea03a3a845237d0802991fa29131a86f10b7942e4c5879df9eb5616f4c,2019-02,Lancashire Constabulary,Lancashire Constabulary,-3.023765,53.788742,On or near Parking Area,E01012732,Blackpool 018E,Violence and sexual offences,Unable to prosecute suspect,
,2019-02,Lancashire Constabulary,Lancashire Constabulary,-3.029295,53.786456,On or near Kingsmede,E01012699,Blackpool 019A,Anti-social behaviour,,
2f2260e58a88aacab120af43ca7620f40b81f2f49dbecd878885873206315351,2019-02,Lancashire Constabulary,Lancashire Constabulary,-3.032155,53.783609,On or near Ivy Avenue,E01012699,Blackpool 019A,Drugs,Status update unavailable,
0852fc7132d8ee4f1ab01642e5f029a5ff427457181fbec760bc41a4cf0251a1,2019-02,Lancashire Constabulary,Lancashire Constabulary,-3.030404,53.782159,On or near Longridge Avenue,E01012699,Blackpool 019A,Other theft,Status update unavailable,
9d98e8a8f328513fbde624c42403ca0a20cbb2d43e657c544e399feb5447675f,2019-02,Lancashire Constabulary,Lancashire Constabulary,-3.031197,53.781083,On or near Squires Gate Lane,E01012699,Blackpool 019A,Public order,Unable to prosecute suspect,
b6734e9848b94fcc4be348bbb1ef602f64feab95839cfbc168aa734561f1fc52,2019-02,Lancashire Constabulary,Lancashire Constabulary,-3.031197,53.781083,On or near Squires Gate Lane,E01012699,Blackpool 019A,Shoplifting,Local resolution,
4f043e798461c20a61d0963ab23b25caf996f64f520fd4966129e89608325790,2019-02,Lancashire Constabulary,Lancashire Constabulary,-3.031197,53.781083,On or near Squires Gate Lane,E01012699,Blackpool 019A,Shoplifting,Status update unavailable,
20032971b47e90d3a05420b9e38412e0e3e1b7bb76ea1db57898c8dcab1992f7,2019-02,Lancashire Constabulary,Lancashire Constabulary,-3.031197,53.781083,On or near Squires Gate Lane,E01012699,Blackpool 019A,Shoplifting,Status update unavailable,
028ed86129202385fadc538d539bf9b466a36e934fe62b895b9e3b3f68179535,2019-02,Lancashire Constabulary,Lancashire Constabulary,-3.029295,53.786456,On or near Kingsmede,E01012699,Blackpool 019A,Violence and sexual offences,Unable to prosecute suspect,
1c955c16a74fd0e4d18334ed80c0c2c8170cf6caeffcc0d9b6f5ff061ebc80bd,2019-02,Lancashire Constabulary,Lancashire Constabulary,-3.032409,53.784075,On or near Stadium Avenue,E01012699,Blackpool 019A,Violence and sexual offences,Further investigation is not in the public interest,
bd35d4f3df2b5c123e6ac47681dbbcb84b4d7949761dc5001ceaf20129005485,2019-02,Lancashire Constabulary,Lancashire Constabulary,-3.032308,53.781810,On or near Balham Avenue,E01012699,Blackpool 019A,Violence and sexual offences,Unable to prosecute suspect,
d87571ea4ebc9e72d7e0eaecd76d14fac28ab3d2f76cf0345040375a248023a3,2019-02,Lancashire Constabulary,Lancashire Constabulary,-3.029295,53.786456,On or near Kingsmede,E01012699,Blackpool 019A,Violence and sexual offences,Status update unavailable,
88231bb81bc40b9626f9f27fc7787bc7b472eb243ab23c8184f7cf7259afd12e,2019-02,Lancashire Constabulary,Lancashire Constabulary,-3.029295,53.786456,On or near Kingsmede,E01012699,Blackpool 019A,Violence and sexual offences,Status update unavailable,
,2019-02,Lancashire Constabulary,Lancashire Constabulary,-3.041257,53.786506,On or near Dayton Place,E01012700,Blackpool 019B,Anti-social behaviour,,
,2019-02,Lancashire Constabulary,Lancashire Constabulary,-3.038333,53.784886,On or near Primrose Avenue,E01012700,Blackpool 019B,Anti-social behaviour,,
,2019-02,Lancashire Constabulary,Lancashire Constabulary,-3.038333,53.784886,On or near Primrose Avenue,E01012700,Blackpool 019B,Anti-social behaviour,,
,2019-02,Lancashire Constabulary,Lancashire Constabulary,-3.041015,53.782868,On or near Abbey Road,E01012700,Blackpool 019B,Anti-social behaviour,,
7d1c2f1dc44e25f8f60b449aaf60da26aaf7a73e2ee840b9c1f8429285a70257,2019-02,Lancashire Constabulary,Lancashire Constabulary,-3.038638,53.784353,On or near Belvere Avenue,E01012700,Blackpool 019B,Burglary,Status update unavailable,
cfc86c04807ae71cfb8a8970f8c24b4804a8b85d7491cb325ad1de5297c626ff,2019-02,Lancashire Constabulary,Lancashire Constabulary,-3.037785,53.782347,On or near Sawley Avenue,E01012700,Blackpool 019B,Violence and sexual offences,Unable to prosecute suspect,
0e13a3b7b3949399acdc6af926833cb0fec4f39a60afd622bd7db44734f6ee1b,2019-02,Lancashire Constabulary,Lancashire Constabulary,-3.040047,53.783631,On or near Gildabrook Road,E01012700,Blackpool 019B,Violence and sexual offences,Further investigation is not in the public interest,
71d6898da293c1e171aa33c380183bae4ba095e8ccb6cf45f37630101ffa3ba5,2019-02,Lancashire Constabulary,Lancashire Constabulary,-3.038824,53.781431,On or near Dalton Avenue,E01012700,Blackpool 019B,Violence and sexual offences,Action to be taken by another organisation,
,2019-02,Lancashire Constabulary,Lancashire Constabulary,-3.033333,53.785235,On or near Clayton Crescent,E01012702,Blackpool 019C,Anti-social behaviour,,
,2019-02,Lancashire Constabulary,Lancashire Constabulary,-3.038501,53.785532,On or near Farnell Place,E01012702,Blackpool 019C,Anti-social behaviour,,
,2019-02,Lancashire Constabulary,Lancashire Constabulary,-3.038501,53.785532,On or near Farnell Place,E01012702,Blackpool 019C,Anti-social behaviour,,
,2019-02,Lancashire Constabulary,Lancashire Constabulary,-3.039992,53.786921,On or near Thursby Avenue,E01012702,Blackpool 019C,Anti-social behaviour,,
9cc8ebf494ee8f3a1939f61d8e74852d1024a559a9e4d0c17d4ece32f6e94f40,2019-02,Lancashire Constabulary,Lancashire Constabulary,-3.036892,53.786759,On or near St Annes Road,E01012702,Blackpool 019C,Criminal damage and arson,Status update unavailable,
a3d8d26dcf05ab1ce31d8bdbe435e78344d9b21a8db4a0aafddb86f27d705206,2019-02,Lancashire Constabulary,Lancashire Constabulary,-3.031487,53.786087,On or near Nesswood Avenue,E01012702,Blackpool 019C,Other theft,Unable to prosecute suspect,
ce8e1c444a75354b3d0a2690a33823c0ca9498fc4fb75492bc5e12402559960c,2019-02,Lancashire Constabulary,Lancashire Constabulary,-3.031487,53.786087,On or near Nesswood Avenue,E01012702,Blackpool 019C,Other theft,Status update unavailable,
386fb8d01ca1b0db4edae97d68c0bbce7e993e69784d44c12ef91008132ad1ca,2019-02,Lancashire Constabulary,Lancashire Constabulary,-3.031487,53.786087,On or near Nesswood Avenue,E01012702,Blackpool 019C,Other theft,Status update unavailable,
b8ddf80e9f2a77f986f0ddd08960c0836c7616d0d76dfa8fea6886ee5d5f7682,2019-02,Lancashire Constabulary,Lancashire Constabulary,-3.031487,53.786087,On or near Nesswood Avenue,E01012702,Blackpool 019C,Other theft,Status update unavailable,
ee5fcb5fc8529fb2387c60d0bc5242ce85bf7116f8c9b63f0e0f29b6b7e60db9,2019-02,Lancashire Constabulary,Lancashire Constabulary,-3.031487,53.786087,On or near Nesswood Avenue,E01012702,Blackpool 019C,Theft from the person,Status update unavailable,
47ec0c62277125ae015e611a1e15340c6074735566c85ae29914b764e830f544,2019-02,Lancashire Constabulary,Lancashire Constabulary,-3.037961,53.788880,On or near St Annes Road,E01012702,Blackpool 019C,Violence and sexual offences,Unable to prosecute suspect,
a3bbc020c8df2952ab5fb9624383095f14a7848f9284892e7196b5addf9eaae2,2019-02,Lancashire Constabulary,Lancashire Constabulary,-3.031487,53.786087,On or near Nesswood Avenue,E01012702,Blackpool 019C,Violence and sexual offences,Unable to prosecute suspect,
c972c241feaaae1a170c85b470a96173c927f4a07024418215755def8123245e,2019-02,Lancashire Constabulary,Lancashire Constabulary,-3.041694,53.780857,On or near Priory Gate,E01012725,Blackpool 019D,Other theft,Status update unavailable,
,2019-02,Lancashire Constabulary,Lancashire Constabulary,-3.054829,53.777552,On or near Starr Gate,E01012727,Blackpool 019E,Anti-social behaviour,,
,2019-02,Lancashire Constabulary,Lancashire Constabulary,-3.055972,53.778926,On or near Freemantle Avenue,E01012727,Blackpool 019E,Anti-social behaviour,,
,2019-02,Lancashire Constabulary,Lancashire Constabulary,-3.052091,53.781540,On or near Alderley Avenue,E01012727,Blackpool 019E,Anti-social behaviour,,
,2019-02,Lancashire Constabulary,Lancashire Constabulary,-3.054829,53.777552,On or near Starr Gate,E01012727,Blackpool 019E,Anti-social behaviour,,
,2019-02,Lancashire Constabulary,Lancashire Constabulary,-3.048524,53.781490,On or near Stony Hill Avenue,E01012727,Blackpool 019E,Anti-social behaviour,,
ea48fc011dff97fe91b4d12525a3e37e0e4715664b9411667a465a2304b190f5,2019-02,Lancashire Constabulary,Lancashire Constabulary,-3.048524,53.781490,On or near Stony Hill Avenue,E01012727,Blackpool 019E,Burglary,Status update unavailable,
9a9a0199108d4370501c258a44b68f80c279125e6b6c87b5233ee0d6e70a7c9b,2019-02,Lancashire Constabulary,Lancashire Constabulary,-3.048675,53.780248,On or near Albany Avenue,E01012727,Blackpool 019E,Criminal damage and arson,Unable to prosecute suspect,
585f2003af6d89fa60462d091f6bb77aec060440cecf3f24bde55c1cf712dc9d,2019-02,Lancashire Constabulary,Lancashire Constabulary,-3.052091,53.781540,On or near Alderley Avenue,E01012727,Blackpool 019E,Violence and sexual offences,Unable to prosecute suspect,
ab90ee9ba1ec716f501cd2c199c341103726b1079997c4c360a80ad62e38986b,2019-02,Lancashire Constabulary,Lancashire Constabulary,-2.414105,53.614199,On or near Bromley Cross Road,E01004806,Bolton 002D,Violence and sexual offences,Status update unavailable,
2afaf42ce412469f62a994b9f3f372f2101f8739cf5bd11b288a5117a89a963c,2019-02,Lancashire Constabulary,Lancashire Constabulary,-2.396327,53.618861,On or near Bradshaw Road,E01004789,Bolton 006D,Vehicle crime,Status update unavailable,
2d811074ddb87c86081a26e34a5f1047ffeba2b152c8226dc35bd5fe39d0ef71,2019-02,Lancashire Constabulary,Lancashire Constabulary,-2.478142,53.593314,On or near Gisburn Avenue,E01004841,Bolton 012B,Drugs,Status update unavailable,
0801e9042336e9dba864e0f733a652fe2042550cd39ef86fe54d0faa8afa81a2,2019-02,Lancashire Constabulary,Lancashire Constabulary,-2.401741,53.579267,On or near Hind Street,E01004931,Bolton 017E,Violence and sexual offences,Status update unavailable,
60bf9190be7b878f800201eca608d955d62c3d00d673f662b7a33b73fcaaee2a,2019-02,Lancashire Constabulary,Lancashire Constabulary,-2.612268,51.413584,On or near Colemead,E01014594,Bristol 048A,Violence and sexual offences,Status update unavailable,
,2019-02,Lancashire Constabulary,Lancashire Constabulary,-2.195684,53.813815,On or near Acre Street,E01024859,Burnley 001A,Anti-social behaviour,,
,2019-02,Lancashire Constabulary,Lancashire Constabulary,-2.203554,53.811142,On or near Cross Street,E01024859,Burnley 001A,Anti-social behaviour,,
03a11de6f13ef1b834d81b4add35056488d3063679f87cfd2dee730f391bdd93,2019-02,Lancashire Constabulary,Lancashire Constabulary,-2.201853,53.811082,On or near Queen Street,E01024859,Burnley 001A,Vehicle crime,Status update unavailable,
01b1748e78788c406eebfe4c2b40e5051be51c101b39983d1a33aaf0c1bb1045,2019-02,Lancashire Constabulary,Lancashire Constabulary,-2.206396,53.811667,On or near Supermarket,E01024859,Burnley 001A,Vehicle crime,Status update unavailable,
6f290b55112d4b573ecac14af279a48b4f14f98922df21d3ca3b5cfed5650edd,2019-02,Lancashire Constabulary,Lancashire Constabulary,-2.201476,53.811774,On or near Duke Street,E01024859,Burnley 001A,Violence and sexual offences,Unable to prosecute suspect,
71463df39b0e52a74b7d3d92148a0ad3688be16ba06dfaeefb3c26995a3262d1,2019-02,Lancashire Constabulary,Lancashire Constabulary,-2.195684,53.813815,On or near Acre Street,E01024859,Burnley 001A,Violence and sexual offences,Status update unavailable,
f9e695eb675dc423570c08dce2196e7062db6d3d52b4ae554ad47987de8a2642,2019-02,Lancashire Constabulary,Lancashire Constabulary,-2.206396,53.811667,On or near Supermarket,E01024859,Burnley 001A,Violence and sexual offences,Unable to prosecute suspect,
cbc6a164818a56549afa820082b2e09642be8ad892097affc8fbfe5a096e7c45,2019-02,Lancashire Constabulary,Lancashire Constabulary,-2.204617,53.811167,On or near Townley Street,E01024859,Burnley 001A,Other crime,Unable to prosecute suspect,
,2019-02,Lancashire Constabulary,Lancashire Constabulary,-2.212914,53.812114,On or near Standen Hall Drive,E01024861,Burnley 001B,Anti-social behaviour,,
,2019-02,Lancashire Constabulary,Lancashire Constabulary,-2.216590,53.812314,On or near Hillingdon Road,E01024861,Burnley 001B,Anti-social behaviour,,
,2019-02,Lancashire Constabulary,Lancashire Constabulary,-2.215239,53.812442,On or near Malham Road,E01024861,Burnley 001B,Anti-social behaviour,,
eb66c69e360ecfef4ccafa71a83d98ec8a87e4e664441e792e58e9465cf41a2c,2019-02,Lancashire Constabulary,Lancashire Constabulary,-2.215239,53.812442,On or near Malham Road,E01024861,Burnley 001B,Burglary,Status update unavailable,
4d1ec6f503c5e794b4cd2164efb66d8ec2950be7bce7b21e28e2732f9c2000d9,2019-02,Lancashire Constabulary,Lancashire Constabulary,-2.214135,53.813280,On or near Grassington Drive,E01024861,Burnley 001B,Public order,Further investigation is not in the public interest,
7e58945d64440239a93283cce75cfb8c8e86cf855383fe56243ddd858885bace,2019-02,Lancashire Constabulary,Lancashire Constabulary,-2.219029,53.814071,On or near Little Toms Lane,E01024861,Burnley 001B,Violence and sexual offences,Unable to prosecute suspect,
8d65acfb6014fe1e5c42f4fe686bc6fb24bf46e7e540aa6112ced3afca87b1a4,2019-02,Lancashire Constabulary,Lancashire Constabulary,-2.216508,53.814067,On or near Clockhouse Grove,E01024861,Burnley 001B,Violence and sexual offences,Unable to prosecute suspect,
,2019-02,Lancashire Constabulary,Lancashire Constabulary,-2.213843,53.806818,On or near Balderstone Close,E01024862,Burnley 001C,Anti-social behaviour,,
,2019-02,Lancashire Constabulary,Lancashire Constabulary,-2.210347,53.812056,On or near Standen Hall Close,E01024862,Burnley 001C,Anti-social behaviour,,
256a003d51a976c3fe5b6492423e6b679cccb5f1b9e51878609534191aba7f0e,2019-02,Lancashire Constabulary,Lancashire Constabulary,-2.207992,53.811934,On or near Cuerdale Street,E01024862,Burnley 001C,Public order,Further investigation is not in the public interest,
c971096a5a3bf0ec3f6e271fd605e10a7ddf948dcad0c792327382d46793af1d,2019-02,Lancashire Constabulary,Lancashire Constabulary,-2.209206,53.811752,On or near Saxifield Street,E01024862,Burnley 001C,Violence and sexual offences,Offender given a caution,
ccacd413403b11ab51b3b5bd7ae774321d44a377a77a040444daf06e0a626fc0,2019-02,Lancashire Constabulary,Lancashire Constabulary,-2.209673,53.810870,On or near Netherwood Street,E01024862,Burnley 001C,Violence and sexual offences,Status update unavailable,
88b7f7b77236db0da3c7b0b01320f3a9c05a52321ea7b8094720dfaa6c64c8b5,2019-02,Lancashire Constabulary,Lancashire Constabulary,-2.209460,53.810916,On or near Gilbert Street,E01024862,Burnley 001C,Violence and sexual offences,Status update unavailable,
c3a8209f639f4247980e09e3ea8a317ca53d859d50f5e8624ee320e60dcff275,2019-02,Lancashire Constabulary,Lancashire Constabulary,-2.208264,53.811574,On or near Gorple Street,E01024862,Burnley 001C,Violence and sexual offences,Unable to prosecute suspect,
e696cf5d0a0d4a719d6a6546b7e9b8049cabfa4ae374ba67b4e92ca8d7e647cd,2019-02,Lancashire Constabulary,Lancashire Constabulary,-2.207992,53.811934,On or near Cuerdale Street,E01024862,Burnley 001C,Violence and sexual offences,Awaiting court outcome,
,2019-02,Lancashire Constabulary,Lancashire Constabulary,-2.226410,53.811190,On or near Conway Grove,E01024891,Burnley 001D,Anti-social behaviour,,
,2019-02,Lancashire Constabulary,Lancashire Constabulary,-2.227340,53.811935,On or near Thames Avenue,E01024891,Burnley 001D,Anti-social behaviour,,
,2019-02,Lancashire Constabulary,Lancashire Constabulary,-2.232751,53.812733,On or near Highfield Avenue,E01024891,Burnley 001D,Anti-social behaviour,,
,2019-02,Lancashire Constabulary,Lancashire Constabulary,-2.223141,53.810415,On or near Sedburgh Street,E01024891,Burnley 001D,Anti-social behaviour,,
,2019-02,Lancashire Constabulary,Lancashire Constabulary,-2.223141,53.810415,On or near Sedburgh Street,E01024891,Burnley 001D,Anti-social behaviour,,
,2019-02,Lancashire Constabulary,Lancashire Constabulary,-2.223141,53.810415,On or near Sedburgh Street,E01024891,Burnley 001D,Anti-social behaviour,,
ce1b2a6b913622dabfb0985ac8c49918e3f1962d5e3ddc66c8199e6b47375ccd,2019-02,Lancashire Constabulary,Lancashire Constabulary,-2.225305,53.811939,On or near Brent Street,E01024891,Burnley 001D,Possession of weapons,Awaiting court outcome,
6b98602a21f74b5eeb782e5e2b17d8b26013a60c42c98b335d772b59033e8c21,2019-02,Lancashire Constabulary,Lancashire Constabulary,-2.225305,53.811939,On or near Brent Street,E01024891,Burnley 001D,Violence and sexual offences,Unable to prosecute suspect,
3fa4bc400dc71c42309f9ab6ded0eef332e0b393232f3cf91af2ba91a7965ce7,2019-02,Lancashire Constabulary,Lancashire Constabulary,-2.225305,53.811939,On or near Brent Street,E01024891,Burnley 001D,Violence and sexual offences,Unable to prosecute suspect,
afb39513671f11f2f30d3881660080cde2649b41a8c8a19278423f3ae6f6935c,2019-02,Lancashire Constabulary,Lancashire Constabulary,-2.232751,53.812733,On or near Highfield Avenue,E01024891,Burnley 001D,Violence and sexual offences,Status update unavailable,
781f40f7970b655deb8e809cd467cda41e2dfcbe76b5b7a735cec7f3a53bc895,2019-02,Lancashire Constabulary,Lancashire Constabulary,-2.225305,53.811939,On or near Brent Street,E01024891,Burnley 001D,Violence and sexual offences,Status update unavailable,
a6d9621a5cd442f9ff387594030477137ffc2cb554bf0d0077fd84f1414b2230,2019-02,Lancashire Constabulary,Lancashire Constabulary,-2.227340,53.811935,On or near Thames Avenue,E01024891,Burnley 001D,Violence and sexual offences,Local resolution,
,2019-02,Lancashire Constabulary,Lancashire Constabulary,-2.223326,53.802397,On or near Petrol Station,E01024892,Burnley 001E,Anti-social behaviour,,
,2019-02,Lancashire Constabulary,Lancashire Constabulary,-2.223326,53.802397,On or near Petrol Station,E01024892,Burnley 001E,Anti-social behaviour,,
,2019-02,Lancashire Constabulary,Lancashire Constabulary,-2.218303,53.808752,On or near Sutton Avenue,E01024892,Burnley 001E,Anti-social behaviour,,
,2019-02,Lancashire Constabulary,Lancashire Constabulary,-2.224795,53.807428,On or near Matlock Grove,E01024892,Burnley 001E,Anti-social behaviour,,
c3370215ba3f148783bd04d402b0a6420d4eee439d902694ebcb7563b5353ee9,2019-02,Lancashire Constabulary,Lancashire Constabulary,-2.224208,53.808318,On or near Briercliffe Road,E01024892,Burnley 001E,Drugs,Status update unavailable,
d07da57266a3307d15fcbdfbd1632ab212c30aa4c7debc5cd8f49e82a99bf6bc,2019-02,Lancashire Constabulary,Lancashire Constabulary,-2.224208,53.808318,On or near Briercliffe Road,E01024892,Burnley 001E,Public order,Local resolution,
52c8e76d0e3fa82f3247a23a5b9b9ccaf06c09727213c5a199c53b6b9149fe12,2019-02,Lancashire Constabulary,Lancashire Constabulary,-2.223326,53.802397,On or near Petrol Station,E01024892,Burnley 001E,Shoplifting,Status update unavailable,
f9acfc8c4c766bec701a594fe7d37cfe4a7ab6139ebcfadc97ce1c071a84ec75,2019-02,Lancashire Constabulary,Lancashire Constabulary,-2.224208,53.808318,On or near Briercliffe Road,E01024892,Burnley 001E,Violence and sexual offences,Unable to prosecute suspect,
7eb9d518931d6b07c7c5dd0d81b4237bb0223ee3560649c2290b658cccdb38c3,2019-02,Lancashire Constabulary,Lancashire Constabulary,-2.223230,53.804393,On or near Eastern Avenue,E01024892,Burnley 001E,Violence and sexual offences,Status update unavailable,
f46ccf61bb09d31a989d3bf4ef153d8e595b42538f9bac77b0a00a4abd8ad30b,2019-02,Lancashire Constabulary,Lancashire Constabulary,-2.223326,53.802397,On or near Petrol Station,E01024892,Burnley 001E,Violence and sexual offences,Unable to prosecute suspect,
86c9dff2d7f51196c9374766513c7bc79c4777b56f8bbfaf84651dc81df0bbf2,2019-02,Lancashire Constabulary,Lancashire Constabulary,-2.223326,53.802397,On or near Petrol Station,E01024892,Burnley 001E,Violence and sexual offences,Status update unavailable,
1a9bbd1a87dda4d9a266b351b6897ba2a90a63c248449e068454da84dc0d6bab,2019-02,Lancashire Constabulary,Lancashire Constabulary,-2.223230,53.804393,On or near Eastern Avenue,E01024892,Burnley 001E,Violence and sexual offences,Unable to prosecute suspect,
d58ce93631db351f960216b1ebb3864443454bb13407d636ea9e84fd3c8fe286,2019-02,Lancashire Constabulary,Lancashire Constabulary,-2.224208,53.808318,On or near Briercliffe Road,E01024892,Burnley 001E,Violence and sexual offences,Awaiting court outcome,
77f7f03759aac2e62b17b9466b232bf6bc4d463d4b798bb593ad0f575211ed97,2019-02,Lancashire Constabulary,Lancashire Constabulary,-2.224208,53.808318,On or near Briercliffe Road,E01024892,Burnley 001E,Other crime,Local resolution,
435f36a9996a6e7c497c8ab52c004c6cf562e85874527709944cf1b7903a6202,2019-02,Lancashire Constabulary,Lancashire Constabulary,-2.219325,53.815446,On or near Sunningdale Gardens,E01024894,Burnley 001F,Violence and sexual offences,Offender given a caution,
,2019-02,Lancashire Constabulary,Lancashire Constabulary,-2.228231,53.805345,On or near Towneley Street,E01024893,Burnley 002A,Anti-social behaviour,,
,2019-02,Lancashire Constabulary,Lancashire Constabulary,-2.228231,53.805345,On or near Towneley Street,E01024893,Burnley 002A,Anti-social behaviour,,
ee3903659554cde8aac2c2b9eb2d83677a010215154eaa1da232c5636f246e96,2019-02,Lancashire Constabulary,Lancashire Constabulary,-2.229759,53.804362,On or near Supermarket,E01024893,Burnley 002A,Burglary,Status update unavailable,
1259f34f1e10dbbd07df16609941d827da46876b773f5a6528cda6caca81667e,2019-02,Lancashire Constabulary,Lancashire Constabulary,-2.224796,53.801927,On or near Sports/Recreation Area,E01024893,Burnley 002A,Burglary,Status update unavailable,
ee85587a9951528f856922cdf80715571876d735168d23642230f033155e53ff,2019-02,Lancashire Constabulary,Lancashire Constabulary,-2.228894,53.804382,On or near Haydock Street,E01024893,Burnley 002A,Public order,Unable to prosecute suspect,
ac12df3dd8668e7ea7f8ae4e2e57c13c3a8c7bb5264ca8dbd6ffb53471d4f1a0,2019-02,Lancashire Constabulary,Lancashire Constabulary,-2.227742,53.801939,On or near Oban Street,E01024893,Burnley 002A,Violence and sexual offences,Further investigation is not in the public interest,
75e5603d274be3920e113a789adc97fef960617ff1c8654a745cdd59d9efdb21,2019-02,Lancashire Constabulary,Lancashire Constabulary,-2.222098,53.800000,On or near Bancroft Road,E01024893,Burnley 002A,Violence and sexual offences,Status update unavailable,
a26af6d720174b78fe01e7b64d5cb764829e8775ffc3a4b354bdcaff909b062a,2019-02,Lancashire Constabulary,Lancashire Constabulary,-2.227888,53.800923,On or near West Street,E01024893,Burnley 002A,Violence and sexual offences,Unable to prosecute suspect,
439b00fb82239ae718cd43ef2c0731a21e252732d789ce59895dcec81ef28a86,2019-02,Lancashire Constabulary,Lancashire Constabulary,-2.227742,53.801939,On or near Oban Street,E01024893,Burnley 002A,Violence and sexual offences,Further investigation is not in the public interest,
a293c3cccb1a630ffed2666fd9c226057a729b612978bb8785ac611dafd090d5,2019-02,Lancashire Constabulary,Lancashire Constabulary,-2.227542,53.801517,On or near Ferndale Street,E01024893,Burnley 002A,Violence and sexual offences,Status update unavailable,
a2c78c15cb93f96848da618173ac17d4d9e536364559a0aa7c96bcaddef9d082,2019-02,Lancashire Constabulary,Lancashire Constabulary,-2.227542,53.801517,On or near Ferndale Street,E01024893,Burnley 002A,Violence and sexual offences,Unable to prosecute suspect,
95a12e117113cdfebdc1d0717950e952641b46fd79b4b7174868c7445a01668c,2019-02,Lancashire Constabulary,Lancashire Constabulary,-2.227542,53.801517,On or near Ferndale Street,E01024893,Burnley 002A,Other crime,Status update unavailable,
01addea384dddf81ab91c7d00831fc335ba217ce2c7376d7b5e219743fac9cc5,2019-02,Lancashire Constabulary,Lancashire Constabulary,-2.227542,53.801517,On or near Ferndale Street,E01024893,Burnley 002A,Other crime,Status update unavailable,
9712711e03ea6f7445da84a1ad70c5cd1bb390d304ae9da60a0ad6607f915299,2019-02,Lancashire Constabulary,Lancashire Constabulary,-2.244776,53.809537,On or near Garswood Close,E01024896,Burnley 002B,Burglary,Status update unavailable,
5f09465caf1d48d50e07220a362e5103ae5e643138baeb6163bc8cb8488b0211,2019-02,Lancashire Constabulary,Lancashire Constabulary,-2.247476,53.811562,On or near Healdwood Drive,E01024896,Burnley 002B,Burglary,Status update unavailable,
7dbf8c15fed62b49b87da9ab9089f9465d712bffb829b5227a96ff6cbe6a0691,2019-02,Lancashire Constabulary,Lancashire Constabulary,-2.240568,53.809248,On or near Blacker Street,E01024896,Burnley 002B,Vehicle crime,Unable to prosecute suspect,
5f72ace15b7b195697a2b9c5324c5b0b3fd8da9f90ccdbb0b411b142e281c7d9,2019-02,Lancashire Constabulary,Lancashire Constabulary,-2.248295,53.808819,On or near Lower Manor Lane,E01024896,Burnley 002B,Violence and sexual offences,Further investigation is not in the public interest,
,2019-02,Lancashire Constabulary,Lancashire Constabulary,-2.230283,53.811345,On or near Bentham Avenue,E01024897,Burnley 002C,Anti-social behaviour,,
,2019-02,Lancashire Constabulary,Lancashire Constabulary,-2.238845,53.810789,On or near Windermere Avenue,E01024897,Burnley 002C,Anti-social behaviour,,
0af81fd0a1050b330b93e990a376dceff926a79e016805d9fb8d83de45ea8a2f,2019-02,Lancashire Constabulary,Lancashire Constabulary,-2.227395,53.810874,On or near Casterton Avenue,E01024897,Burnley 002C,Other theft,Status update unavailable,
a1597d39a9231b16464f4f89bd062b0972cf24902ceb95c6e09909049ee91e06,2019-02,Lancashire Constabulary,Lancashire Constabulary,-2.227395,53.810874,On or near Casterton Avenue,E01024897,Burnley 002C,Other theft,Status update unavailable,
69caa34e3b8e47eba13315a42b6902a7aecc5236894cfa02704c3e16d7f3460c,2019-02,Lancashire Constabulary,Lancashire Constabulary,-2.236062,53.810030,On or near Prairie Crescent,E01024897,Burnley 002C,Public order,Awaiting court outcome,
128a9ae82a823c89c1005bfd4b39a1a8816f5480a0ae75b099790aa9a3c2b591,2019-02,Lancashire Constabulary,Lancashire Constabulary,-2.231491,53.809994,On or near Ebor Street,E01024897,Burnley 002C,Public order,Status update unavailable,
d5e71cb81a37c339aafd9c7c431ae6f4e05a2d0cf2c5118b9c35c5579cdb0866,2019-02,Lancashire Constabulary,Lancashire Constabulary,-2.237328,53.811070,On or near Shap Grove,E01024897,Burnley 002C,Robbery,Status update unavailable,
c7ef4198a7935d063d4e3f6252c3aeb99026e9f4c60cd1cc546649c2ef3781ba,2019-02,Lancashire Constabulary,Lancashire Constabulary,-2.225184,53.809117,On or near Killington Street,E01024897,Burnley 002C,Shoplifting,Status update unavailable,
09f786e5ba6e421315abd76bb09b504e17f01fcb659afce74c5f0e63898da3ea,2019-02,Lancashire Constabulary,Lancashire Constabulary,-2.238845,53.810789,On or near Windermere Avenue,E01024897,Burnley 002C,Violence and sexual offences,Unable to prosecute suspect,
211f17c2881c2079b442beb38353e9b6ffd82213af05af906e426d819a31b3bb,2019-02,Lancashire Constabulary,Lancashire Constabulary,-2.227395,53.810874,On or near Casterton Avenue,E01024897,Burnley 002C,Violence and sexual offences,Status update unavailable,
7945f350e8696052a868049acfd714cc0ec8065c7d6bb40a9c96ac6538285947,2019-02,Lancashire Constabulary,Lancashire Constabulary,-2.225184,53.809117,On or near Killington Street,E01024897,Burnley 002C,Violence and sexual offences,Action to be taken by another organisation,
df05df98e3a38ce520b215d1ab221880e663fc4cee3375ccda93f07ce2242e9c,2019-02,Lancashire Constabulary,Lancashire Constabulary,-2.233247,53.811690,On or near Highfield Avenue,E01024897,Burnley 002C,Violence and sexual offences,Status update unavailable,
3e4e0ae2e96a66e75b92f25e011bfed601978e00bbb5223c16fad5c1cfb609e4,2019-02,Lancashire Constabulary,Lancashire Constabulary,-2.227395,53.810874,On or near Casterton Avenue,E01024897,Burnley 002C,Violence and sexual offences,Unable to prosecute suspect,
b87b58604ba0e0661296e659d6de2d361b0260e6041ad7faf968bce9f7d29f08,2019-02,Lancashire Constabulary,Lancashire Constabulary,-2.235543,53.809465,On or near Keswick Road,E01024897,Burnley 002C,Violence and sexual offences,Status update unavailable,
,2019-02,Lancashire Constabulary,Lancashire Constabulary,-2.229662,53.806115,On or near Towneley Street,E01024898,Burnley 002D,Anti-social behaviour,,
,2019-02,Lancashire Constabulary,Lancashire Constabulary,-2.227737,53.806595,On or near Boundary Street,E01024898,Burnley 002D,Anti-social behaviour,,
,2019-02,Lancashire Constabulary,Lancashire Constabulary,-2.234274,53.808083,On or near Rosebery Street,E01024898,Burnley 002D,Anti-social behaviour,,
,2019-02,Lancashire Constabulary,Lancashire Constabulary,-2.235708,53.809096,On or near Paulhan Street,E01024898,Burnley 002D,Anti-social behaviour,,
6cb0fcb8bc47a1636fdd16b62b64078f293b1b9559142f5424550631103781ff,2019-02,Lancashire Constabulary,Lancashire Constabulary,-2.228815,53.806701,On or near St Cuthbert Street,E01024898,Burnley 002D,Burglary,Status update unavailable,
c11abf0b6dc40ed3e863104783491e36f2223f32c69e50b779f749317efb7c4e,2019-02,Lancashire Constabulary,Lancashire Constabulary,-2.235021,53.805835,On or near Murray Street,E01024898,Burnley 002D,Burglary,Status update unavailable,
fddb9fadee1d6f6dfae17dff69ea75feebc7ebb420aeda41d23b6b1b8ae52d64,2019-02,Lancashire Constabulary,Lancashire Constabulary,-2.234274,53.808083,On or near Rosebery Street,E01024898,Burnley 002D,Burglary,Status update unavailable,
312f6191fe219c11275bd4c293f3dc1ba8e793126bb1d6123def8993db12338e,2019-02,Lancashire Constabulary,Lancashire Constabulary,-2.232927,53.806037,On or near Martin Street,E01024898,Burnley 002D,Burglary,Status update unavailable,
a689289711c7720fb2b2f636b02aeb67850c92169612e66642f133149c32492d,2019-02,Lancashire Constabulary,Lancashire Constabulary,-2.229662,53.806115,On or near Towneley Street,E01024898,Burnley 002D,Burglary,Status update unavailable,
dbffa1b5732ddec9a3da9f531f6b18ad76d4b0e45dff19b46a7fb24a9c664a41,2019-02,Lancashire Constabulary,Lancashire Constabulary,-2.234135,53.807634,On or near Colne Road,E01024898,Burnley 002D,Burglary,Status update unavailable,
d190a6ab017871221e4fd1b9ea89faa64b075834b18b848a317348f2940404f1,2019-02,Lancashire Constabulary,Lancashire Constabulary,-2.227737,53.806595,On or near Boundary Street,E01024898,Burnley 002D,Public order,Status update unavailable,
16f0d3bd784e2dfedda7bdfb16d83647cb6cc3dde4a5fbf551f9714e1599dd3a,2019-02,Lancashire Constabulary,Lancashire Constabulary,-2.227737,53.806595,On or near Boundary Street,E01024898,Burnley 002D,Shoplifting,Status update unavailable,
0915a373391db1cbf8b14a8ca98af0bb874b6e0548eb1f00910495920c8cf457,2019-02,Lancashire Constabulary,Lancashire Constabulary,-2.227737,53.806595,On or near Boundary Street,E01024898,Burnley 002D,Shoplifting,Status update unavailable,
5b37d401b0c0cf93c1fc4544bac1556d5f0d368c3b6c6f8006560753a28d5265,2019-02,Lancashire Constabulary,Lancashire Constabulary,-2.231259,53.806427,On or near Sharp Street,E01024898,Burnley 002D,Vehicle crime,Status update unavailable,
3ddf21485fa5ceba7096b09c4f0082e4573a5c8a158cfd50afd5f4dbb51d727d,2019-02,Lancashire Constabulary,Lancashire Constabulary,-2.227737,53.806595,On or near Boundary Street,E01024898,Burnley 002D,Violence and sexual offences,Status update unavailable,
b11ebfcece4ad6563647ca010925a2540b9d48ee13907b82c3972a64d8c532e0,2019-02,Lancashire Constabulary,Lancashire Constabulary,-2.229662,53.806115,On or near Towneley Street,E01024898,Burnley 002D,Violence and sexual offences,Unable to prosecute suspect,
05c12c5115c65eac8ead9954361840a8743787ad722a2d616f1993fdf1bef8a9,2019-02,Lancashire Constabulary,Lancashire Constabulary,-2.229533,53.807365,On or near Hawes Terrace,E01024898,Burnley 002D,Violence and sexual offences,Unable to prosecute suspect,
9e0e3dfa561b493f3d22581584d4791bd9d8a11a11c0b35481bcc448323f90c2,2019-02,Lancashire Constabulary,Lancashire Constabulary,-2.229533,53.807365,On or near Hawes Terrace,E01024898,Burnley 002D,Violence and sexual offences,Local resolution,
9399fac6e64ff10be3dafd8c5e530567081f5b4721060db6ddf01d0ad081b3af,2019-02,Lancashire Constabulary,Lancashire Constabulary,-2.232290,53.806155,On or near Rawson Street,E01024898,Burnley 002D,Violence and sexual offences,Status update unavailable,
a3e2124a2d68394d3e45f8224fd9b1aefddafd0581c21cd07be4830daacdf3cf,2019-02,Lancashire Constabulary,Lancashire Constabulary,-2.229533,53.807365,On or near Hawes Terrace,E01024898,Burnley 002D,Violence and sexual offences,Local resolution,
10eb17707488d507ca13e232246122653dd7774fe9a5ebfbaf8b8a8a0a239f4f,2019-02,Lancashire Constabulary,Lancashire Constabulary,-2.228934,53.806224,On or near Wynotham Street,E01024898,Burnley 002D,Violence and sexual offences,Status update unavailable,
593bf7ab20e2fcde16081c51cd2928aecbf33a45316c4545132d71548083bdf5,2019-02,Lancashire Constabulary,Lancashire Constabulary,-2.228815,53.806701,On or near St Cuthbert Street,E01024898,Burnley 002D,Violence and sexual offences,Unable to prosecute suspect,
7f9ddf3df1ebc48409d31f71e26700f1fb5815a5dbde2acf40feca87d78586c5,2019-02,Lancashire Constabulary,Lancashire Constabulary,-2.232927,53.806037,On or near Martin Street,E01024898,Burnley 002D,Violence and sexual offences,Status update unavailable,
7087c7e4a40cfa0ba5657a3f49f4c9e0ab24c710d6294ea984b0169e465d31af,2019-02,Lancashire Constabulary,Lancashire Constabulary,-2.235024,53.809116,On or near Ivan Street,E01024898,Burnley 002D,Violence and sexual offences,Court case unable to proceed,
1d1b68053224a4038f1e782b2cf0cfdcd5ecb10d032a2e8f2990ca0c224374d4,2019-02,Lancashire Constabulary,Lancashire Constabulary,-2.229662,53.806115,On or near Towneley Street,E01024898,Burnley 002D,Violence and sexual offences,Unable to prosecute suspect,
e9b46c493e602de4b75590f4d0a90055d201faaa96510b83aaa70c04a7c18b6c,2019-02,Lancashire Constabulary,Lancashire Constabulary,-2.231259,53.806427,On or near Sharp Street,E01024898,Burnley 002D,Other crime,Unable to prosecute suspect,
,2019-02,Lancashire Constabulary,Lancashire Constabulary,-2.230513,53.803426,On or near Acre Street,E01024856,Burnley 003A,Anti-social behaviour,,
,2019-02,Lancashire Constabulary,Lancashire Constabulary,-2.234903,53.800991,On or near Bar Street,E01024856,Burnley 003A,Anti-social behaviour,,
,2019-02,Lancashire Constabulary,Lancashire Constabulary,-2.229223,53.800786,On or near Vincit Street,E01024856,Burnley 003A,Anti-social behaviour,,
d199fea91c6860e7d963a5555bc8f2069c6c78194c24bebb904adb8736fd59b1,2019-02,Lancashire Constabulary,Lancashire Constabulary,-2.233722,53.801586,On or near Shackleton Street,E01024856,Burnley 003A,Burglary,Status update unavailable,
7b59461ca683883270421db9279b584c5aa68bfff9c81a93083bd8511a4474b6,2019-02,Lancashire Constabulary,Lancashire Constabulary,-2.233722,53.801586,On or near Shackleton Street,E01024856,Burnley 003A,Burglary,Status update unavailable,
db192052b643f3e77bc69d7e2fa16af8d69e1ed4a001e891623f7e2278ee6b80,2019-02,Lancashire Constabulary,Lancashire Constabulary,-2.230513,53.803426,On or near Acre Street,E01024856,Burnley 003A,Criminal damage and arson,Status update unavailable,
fc28a52337ea7b7e70a234527e6c8d9e9d48237fc8b31772a164c0fc230b34be,2019-02,Lancashire Constabulary,Lancashire Constabulary,-2.233722,53.801586,On or near Shackleton Street,E01024856,Burnley 003A,Public order,Status update unavailable,
e404c254492a44f0b9b13021936b98b2fa9e9f1f856c7c194435558d8acd098a,2019-02,Lancashire Constabulary,Lancashire Constabulary,-2.232141,53.801194,On or near Cleaver Street,E01024856,Burnley 003A,Vehicle crime,Status update unavailable,
3472a13428e0c51c8e06e15a7cccbd076a5ec675ec3969a5f1656a4ebbc9d282,2019-02,Lancashire Constabulary,Lancashire Constabulary,-2.231347,53.800377,On or near Brow View,E01024856,Burnley 003A,Vehicle crime,Status update unavailable,
b4d45fed92a908f3ba8bce59a094197e7b9825200bd1dda72d058c935667d843,2019-02,Lancashire Constabulary,Lancashire Constabulary,-2.230972,53.801349,On or near Colbran Street,E01024856,Burnley 003A,Violence and sexual offences,Further investigation is not in the public interest,
3a5f5f9dca996c43800fea42a34e8993202b8a4a4b77ccf493b90c1e4e471581,2019-02,Lancashire Constabulary,Lancashire Constabulary,-2.230513,53.803426,On or near Acre Street,E01024856,Burnley 003A,Violence and sexual offences,Status update unavailable,
b63a1d880e886082cca8c0f1d5819060b17f5f06d151e9a0d21b414682dce368,2019-02,Lancashire Constabulary,Lancashire Constabulary,-2.242652,53.802090,On or near Whalley Street,E01024875,Burnley 003B,Drugs,Status update unavailable,
3c8c747a899de59e19ea1ba0f92732134a3abfd2f515e6e2c548023c0f630318,2019-02,Lancashire Constabulary,Lancashire Constabulary,-2.241787,53.804716,On or near Birkbeck Way,E01024875,Burnley 003B,Other theft,Unable to prosecute suspect,
b57ffba19c73c0fa44e6c4b8ba24258cf9ae9ac71fcee3107b5fcfaf0fbd6d20,2019-02,Lancashire Constabulary,Lancashire Constabulary,-2.241787,53.804716,On or near Birkbeck Way,E01024875,Burnley 003B,Violence and sexual offences,Investigation complete; no suspect identified,
13ea6a85399e8d9f9b4f2d3483353d50bdbd095da73c66de221b75beffec724b,2019-02,Lancashire Constabulary,Lancashire Constabulary,-2.241896,53.805174,On or near Stanthorpe Walk,E01024875,Burnley 003B,Violence and sexual offences,Further investigation is not in the public interest,
8a799d523f3221947b9ddea81d07ce2249f9ec2410d59f32d913e77a1d2910ac,2019-02,Lancashire Constabulary,Lancashire Constabulary,-2.242154,53.802540,On or near Spencer Street,E01024875,Burnley 003B,Violence and sexual offences,Unable to prosecute suspect,
4fa2ce32f2852b978682a77c7ccd5819562885c41591a4773ccde3db4e35c94d,2019-02,Lancashire Constabulary,Lancashire Constabulary,-2.242154,53.802540,On or near Spencer Street,E01024875,Burnley 003B,Violence and sexual offences,Unable to prosecute suspect,
56e9c4db44081c36ca0254bb9c86df5fdbba1bd53047e238ef65b47b1a0d5e50,2019-02,Lancashire Constabulary,Lancashire Constabulary,-2.239625,53.801044,On or near Nicholl Street,E01024875,Burnley 003B,Violence and sexual offences,Defendant found not guilty,
b235c37dfc501229f98eeb0d90462cb9b39e59908d65c837063e6906ca33462a,2019-02,Lancashire Constabulary,Lancashire Constabulary,-2.242154,53.802540,On or near Spencer Street,E01024875,Burnley 003B,Violence and sexual offences,Unable to prosecute suspect,
,2019-02,Lancashire Constabulary,Lancashire Constabulary,-2.237390,53.800438,On or near Birley Place,E01024876,Burnley 003C,Anti-social behaviour,,
,2019-02,Lancashire Constabulary,Lancashire Constabulary,-2.238229,53.801218,On or near Colville Street,E01024876,Burnley 003C,Anti-social behaviour,,
764c57ede34eeee76d6267be5cf6b64f6e3c4c73e73b4dcce57efcbfb6f41f19,2019-02,Lancashire Constabulary,Lancashire Constabulary,-2.240345,53.799434,On or near Trout Street,E01024876,Burnley 003C,Criminal damage and arson,Status update unavailable,
39912e677d704ec74e532156f32a1a35e0c59e851680931b0fe64df1a1d8b8c2,2019-02,Lancashire Constabulary,Lancashire Constabulary,-2.238229,53.801218,On or near Colville Street,E01024876,Burnley 003C,Criminal damage and arson,Status update unavailable,
39115ba385122ab0ab7bced7436e3ee2b1fec610beb078737521e1b9814920ac,2019-02,Lancashire Constabulary,Lancashire Constabulary,-2.240729,53.800359,On or near Old Hall Street,E01024876,Burnley 003C,Other theft,Status update unavailable,
047bc2b70d5e57e40146678c1eedb5614944be236a03f34f890415477d15115a,2019-02,Lancashire Constabulary,Lancashire Constabulary,-2.237024,53.802856,On or near Bramble Street,E01024876,Burnley 003C,Public order,Status update unavailable,
04a0d719739c85796be3cb7391172b6296e39a4387c86f0e23c37c8acba1184c,2019-02,Lancashire Constabulary,Lancashire Constabulary,-2.238403,53.799690,On or near Allen Street,E01024876,Burnley 003C,Public order,Further investigation is not in the public interest,
2934c731cf69dda6af85730add63ab93a157fc58256f38d9ad2b4ce0447a964b,2019-02,Lancashire Constabulary,Lancashire Constabulary,-2.238110,53.798962,On or near Colne Road,E01024876,Burnley 003C,Vehicle crime,Status update unavailable,
3905b9f11995a85e6b6a6f0924d1bf549a2a4794dc349097eec7ca1138b58b8c,2019-02,Lancashire Constabulary,Lancashire Constabulary,-2.240320,53.800369,On or near Ardwick Street,E01024876,Burnley 003C,Violence and sexual offences,Unable to prosecute suspect,
285bd3a3d23ee3f2dd5d5b45add8b7b5ce38bc743682197edf992833b004ec22,2019-02,Lancashire Constabulary,Lancashire Constabulary,-2.238403,53.799690,On or near Allen Street,E01024876,Burnley 003C,Violence and sexual offences,Unable to prosecute suspect,
03ae510bd4822535688b26ef520983e848b127a0bdf68c587773e0bb1545aef3,2019-02,Lancashire Constabulary,Lancashire Constabulary,-2.237844,53.800149,On or near Barrett Street,E01024876,Burnley 003C,Violence and sexual offences,Status update unavailable,
52657059ab09b8ae36addd5feca3401b04d70d991756ed219ac280c81d4c1194,2019-02,Lancashire Constabulary,Lancashire Constabulary,-2.238403,53.799690,On or near Allen Street,E01024876,Burnley 003C,Violence and sexual offences,Local resolution,
,2019-02,Lancashire Constabulary,Lancashire Constabulary,-2.240834,53.789465,On or near Hall Street,E01024877,Burnley 003D,Anti-social behaviour,,
,2019-02,Lancashire Constabulary,Lancashire Constabulary,-2.245907,53.789985,On or near Nightclub,E01024877,Burnley 003D,Anti-social behaviour,,
,2019-02,Lancashire Constabulary,Lancashire Constabulary,-2.240712,53.786679,On or near Centenary Way,E01024877,Burnley 003D,Anti-social behaviour,,
,2019-02,Lancashire Constabulary,Lancashire Constabulary,-2.240834,53.789465,On or near Hall Street,E01024877,Burnley 003D,Anti-social behaviour,,
,2019-02,Lancashire Constabulary,Lancashire Constabulary,-2.241433,53.787999,On or near Red Lion Street,E01024877,Burnley 003D,Anti-social behaviour,,
,2019-02,Lancashire Constabulary,Lancashire Constabulary,-2.240834,53.789465,On or near Hall Street,E01024877,Burnley 003D,Anti-social behaviour,,
,2019-02,Lancashire Constabulary,Lancashire Constabulary,-2.240712,53.786679,On or near Centenary Way,E01024877,Burnley 003D,Anti-social behaviour,,
,2019-02,Lancashire Constabulary,Lancashire Constabulary,-2.245809,53.788844,On or near Hammerton Street,E01024877,Burnley 003D,Anti-social behaviour,,
,2019-02,Lancashire Constabulary,Lancashire Constabulary,-2.245352,53.788584,On or near Victoria Street,E01024877,Burnley 003D,Anti-social behaviour,,
,2019-02,Lancashire Constabulary,Lancashire Constabulary,-2.240712,53.786679,On or near Centenary Way,E01024877,Burnley 003D,Anti-social behaviour,,
,2019-02,Lancashire Constabulary,Lancashire Constabulary,-2.246475,53.788519,On or near Holden Street,E01024877,Burnley 003D,Anti-social behaviour,,
,2019-02,Lancashire Constabulary,Lancashire Constabulary,-2.240834,53.789465,On or near Hall Street,E01024877,Burnley 003D,Anti-social behaviour,,
,2019-02,Lancashire Constabulary,Lancashire Constabulary,-2.243916,53.792147,On or near Bankhouse Street,E01024877,Burnley 003D,Anti-social behaviour,,
,2019-02,Lancashire Constabulary,Lancashire Constabulary,-2.240712,53.786679,On or near Centenary Way,E01024877,Burnley 003D,Anti-social behaviour,,
,2019-02,Lancashire Constabulary,Lancashire Constabulary,-2.240834,53.789465,On or near Hall Street,E01024877,Burnley 003D,Anti-social behaviour,,
,2019-02,Lancashire Constabulary,Lancashire Constabulary,-2.240834,53.789465,On or near Hall Street,E01024877,Burnley 003D,Anti-social behaviour,,
,2019-02,Lancashire Constabulary,Lancashire Constabulary,-2.240834,53.789465,On or near Hall Street,E01024877,Burnley 003D,Anti-social behaviour,,
,2019-02,Lancashire Constabulary,Lancashire Constabulary,-2.241433,53.787999,On or near Red Lion Street,E01024877,Burnley 003D,Anti-social behaviour,,
,2019-02,Lancashire Constabulary,Lancashire Constabulary,-2.244840,53.789304,On or near Paradise Street,E01024877,Burnley 003D,Anti-social behaviour,,
,2019-02,Lancashire Constabulary,Lancashire Constabulary,-2.240194,53.789080,On or near Shopping Area,E01024877,Burnley 003D,Anti-social behaviour,,
,2019-02,Lancashire Constabulary,Lancashire Constabulary,-2.244840,53.789304,On or near Paradise Street,E01024877,Burnley 003D,Anti-social behaviour,,
,2019-02,Lancashire Constabulary,Lancashire Constabulary,-2.240194,53.789080,On or near Shopping Area,E01024877,Burnley 003D,Anti-social behaviour,,
,2019-02,Lancashire Constabulary,Lancashire Constabulary,-2.242846,53.788221,On or near Dugdale Street,E01024877,Burnley 003D,Anti-social behaviour,,
,2019-02,Lancashire Constabulary,Lancashire Constabulary,-2.243638,53.788732,On or near Bull Street,E01024877,Burnley 003D,Anti-social behaviour,,
,2019-02,Lancashire Constabulary,Lancashire Constabulary,-2.240712,53.786679,On or near Centenary Way,E01024877,Burnley 003D,Anti-social behaviour,,
,2019-02,Lancashire Constabulary,Lancashire Constabulary,-2.244840,53.789304,On or near Paradise Street,E01024877,Burnley 003D,Anti-social behaviour,,
,2019-02,Lancashire Constabulary,Lancashire Constabulary,-2.243638,53.788732,On or near Bull Street,E01024877,Burnley 003D,Anti-social behaviour,,
,2019-02,Lancashire Constabulary,Lancashire Constabulary,-2.243867,53.789064,On or near St James'S Lane,E01024877,Burnley 003D,Anti-social behaviour,,
,2019-02,Lancashire Constabulary,Lancashire Constabulary,-2.240085,53.788496,On or near Croft Street,E01024877,Burnley 003D,Anti-social behaviour,,
,2019-02,Lancashire Constabulary,Lancashire Constabulary,-2.240712,53.786679,On or near Centenary Way,E01024877,Burnley 003D,Anti-social behaviour,,
,2019-02,Lancashire Constabulary,Lancashire Constabulary,-2.246475,53.788519,On or near Holden Street,E01024877,Burnley 003D,Anti-social behaviour,,
,2019-02,Lancashire Constabulary,Lancashire Constabulary,-2.243194,53.790656,On or near Bankfield,E01024877,Burnley 003D,Anti-social behaviour,,
,2019-02,Lancashire Constabulary,Lancashire Constabulary,-2.245104,53.790203,On or near Shopping Area,E01024877,Burnley 003D,Anti-social behaviour,,
,2019-02,Lancashire Constabulary,Lancashire Constabulary,-2.240712,53.786679,On or near Centenary Way,E01024877,Burnley 003D,Anti-social behaviour,,
,2019-02,Lancashire Constabulary,Lancashire Constabulary,-2.240712,53.786679,On or near Centenary Way,E01024877,Burnley 003D,Anti-social behaviour,,
,2019-02,Lancashire Constabulary,Lancashire Constabulary,-2.239348,53.789702,On or near Keirby Walk,E01024877,Burnley 003D,Anti-social behaviour,,
,2019-02,Lancashire Constabulary,Lancashire Constabulary,-2.245170,53.796314,On or near Burns Street,E01024877,Burnley 003D,Anti-social behaviour,,
,2019-02,Lancashire Constabulary,Lancashire Constabulary,-2.247004,53.795888,On or near Belgrave Street,E01024877,Burnley 003D,Anti-social behaviour,,
,2019-02,Lancashire Constabulary,Lancashire Constabulary,-2.240834,53.789465,On or near Hall Street,E01024877,Burnley 003D,Anti-social behaviour,,
,2019-02,Lancashire Constabulary,Lancashire Constabulary,-2.240712,53.786679,On or near Centenary Way,E01024877,Burnley 003D,Anti-social behaviour,,
,2019-02,Lancashire Constabulary,Lancashire Constabulary,-2.245809,53.788844,On or near Hammerton Street,E01024877,Burnley 003D,Anti-social behaviour,,
,2019-02,Lancashire Constabulary,Lancashire Constabulary,-2.240712,53.786679,On or near Centenary Way,E01024877,Burnley 003D,Anti-social behaviour,,
,2019-02,Lancashire Constabulary,Lancashire Constabulary,-2.240194,53.789080,On or near Shopping Area,E01024877,Burnley 003D,Anti-social behaviour,,
,2019-02,Lancashire Constabulary,Lancashire Constabulary,-2.240834,53.789465,On or near Hall Street,E01024877,Burnley 003D,Anti-social behaviour,,
,2019-02,Lancashire Constabulary,Lancashire Constabulary,-2.241433,53.787999,On or near Red Lion Street,E01024877,Burnley 003D,Anti-social behaviour,,
,2019-02,Lancashire Constabulary,Lancashire Constabulary,-2.245170,53.796314,On or near Burns Street,E01024877,Burnley 003D,Anti-social behaviour,,
,2019-02,Lancashire Constabulary,Lancashire Constabulary,-2.240194,53.789080,On or near Shopping Area,E01024877,Burnley 003D,Anti-social behaviour,,
,2019-02,Lancashire Constabulary,Lancashire Constabulary,-2.244072,53.787742,On or near Manchester Road,E01024877,Burnley 003D,Anti-social behaviour,,
,2019-02,Lancashire Constabulary,Lancashire Constabulary,-2.240834,53.789465,On or near Hall Street,E01024877,Burnley 003D,Anti-social behaviour,,
,2019-02,Lancashire Constabulary,Lancashire Constabulary,-2.246475,53.788519,On or near Holden Street,E01024877,Burnley 003D,Anti-social behaviour,,
,2019-02,Lancashire Constabulary,Lancashire Constabulary,-2.240834,53.789465,On or near Hall Street,E01024877,Burnley 003D,Anti-social behaviour,,
,2019-02,Lancashire Constabulary,Lancashire Constabulary,-2.246892,53.789714,On or near St James'S Street,E01024877,Burnley 003D,Anti-social behaviour,,
,2019-02,Lancashire Constabulary,Lancashire Constabulary,-2.245170,53.796314,On or near Burns Street,E01024877,Burnley 003D,Anti-social behaviour,,
,2019-02,Lancashire Constabulary,Lancashire Constabulary,-2.240194,53.789080,On or near Shopping Area,E01024877,Burnley 003D,Anti-social behaviour,,
,2019-02,Lancashire Constabulary,Lancashire Constabulary,-2.245170,53.796314,On or near Burns Street,E01024877,Burnley 003D,Anti-social behaviour,,
,2019-02,Lancashire Constabulary,Lancashire Constabulary,-2.240834,53.789465,On or near Hall Street,E01024877,Burnley 003D,Anti-social behaviour,,
,2019-02,Lancashire Constabulary,Lancashire Constabulary,-2.240834,53.789465,On or near Hall Street,E01024877,Burnley 003D,Anti-social behaviour,,
,2019-02,Lancashire Constabulary,Lancashire Constabulary,-2.241433,53.787999,On or near Red Lion Street,E01024877,Burnley 003D,Anti-social behaviour,,
,2019-02,Lancashire Constabulary,Lancashire Constabulary,-2.244720,53.792172,On or near Active Way,E01024877,Burnley 003D,Anti-social behaviour,,
5156547f93706909fbd293567d05771bba78bef668dab7eb39f6826d429a6f1a,2019-02,Lancashire Constabulary,Lancashire Constabulary,-2.245170,53.796314,On or near Burns Street,E01024877,Burnley 003D,Burglary,Status update unavailable,
2a107e374163e12bdee504bfe09fa1b4a3b4e18c6896fd31fbb94dc6d1ad7190,2019-02,Lancashire Constabulary,Lancashire Constabulary,-2.245809,53.788844,On or near Hammerton Street,E01024877,Burnley 003D,Burglary,Status update unavailable,
4e26c8c5e4096dbe503c77e5f150071da0c38c3ad590f2c9a49e2f428bb9ea17,2019-02,Lancashire Constabulary,Lancashire Constabulary,-2.246475,53.788519,On or near Holden Street,E01024877,Burnley 003D,Burglary,Status update unavailable,
9c433ab3c4968ec8e9e652b94ab3110c367c36e170bf19bcb860ac67bfd683f3,2019-02,Lancashire Constabulary,Lancashire Constabulary,-2.246475,53.788519,On or near Holden Street,E01024877,Burnley 003D,Burglary,Status update unavailable,
a6e715565ef5622676e84f472f01cdda735516be73feb6a1e8b13761a1d4f9b0,2019-02,Lancashire Constabulary,Lancashire Constabulary,-2.242932,53.787385,On or near Thomas Street,E01024877,Burnley 003D,Burglary,Status update unavailable,
95268f9476cfaf422e361f0db190500620f05aaa97dc8839a6934be766e6ff2a,2019-02,Lancashire Constabulary,Lancashire Constabulary,-2.246475,53.788519,On or near Holden Street,E01024877,Burnley 003D,Burglary,Awaiting court outcome,
1506343d2734e70990eab04b602a4d7d0e169c6a0fb4480589b9311b12197970,2019-02,Lancashire Constabulary,Lancashire Constabulary,-2.241433,53.787999,On or near Red Lion Street,E01024877,Burnley 003D,Criminal damage and arson,Status update unavailable,
5e9536a30097d375b10f39b37d0598d345a55bc4d0cef56190cce6bbccd9e122,2019-02,Lancashire Constabulary,Lancashire Constabulary,-2.240712,53.786679,On or near Centenary Way,E01024877,Burnley 003D,Criminal damage and arson,Status update unavailable,
aa19175d8b9fc972803edd67438e75de87b27e95b1c4a83d416e85b43ba7bde2,2019-02,Lancashire Constabulary,Lancashire Constabulary,-2.245352,53.788584,On or near Victoria Street,E01024877,Burnley 003D,Criminal damage and arson,Unable to prosecute suspect,
efe47291e072d176c6b4ec1b21094ef24a9b6d694057d72aaeaf679b24272853,2019-02,Lancashire Constabulary,Lancashire Constabulary,-2.240834,53.789465,On or near Hall Street,E01024877,Burnley 003D,Criminal damage and arson,Status update unavailable,
e7b5a924723ad5df156d97225eac2b35607e23467597d7c103bced274858a20e,2019-02,Lancashire Constabulary,Lancashire Constabulary,-2.240712,53.786679,On or near Centenary Way,E01024877,Burnley 003D,Criminal damage and arson,Status update unavailable,
354e9e5d51776adbce1dea0bb41190fc36dc6a6a12d95eac9ca8b43cbd2f089f,2019-02,Lancashire Constabulary,Lancashire Constabulary,-2.240712,53.786679,On or near Centenary Way,E01024877,Burnley 003D,Drugs,Awaiting court outcome,
86ba7f41657a3bfc2dc48c538aaf7ce73296658a17e8af062ff35afc34f19d33,2019-02,Lancashire Constabulary,Lancashire Constabulary,-2.240835,53.797599,On or near Devonshire Road,E01024877,Burnley 003D,Drugs,Status update unavailable,
4b410751b5da405adeac09330a3621462344b47962af83e3a55e58ac48b93c00,2019-02,Lancashire Constabulary,Lancashire Constabulary,-2.241625,53.789814,On or near Parking Area,E01024877,Burnley 003D,Other theft,Awaiting court outcome,
39fd782a67b0f22848b0707cf4b5a7f8fc0ae12e6fe26cb2a56e96906d137796,2019-02,Lancashire Constabulary,Lancashire Constabulary,-2.240712,53.786679,On or near Centenary Way,E01024877,Burnley 003D,Other theft,Status update unavailable,
ae0b7ff4221cfc56abf657bffebb3692118b744e5749ba75ea0aa8b3a5f54014,2019-02,Lancashire Constabulary,Lancashire Constabulary,-2.243194,53.790656,On or near Bankfield,E01024877,Burnley 003D,Other theft,Status update unavailable,
8230d1bc72cfb69c39755428c07e159d2c7b796805ab5709dbf528072c77204c,2019-02,Lancashire Constabulary,Lancashire Constabulary,-2.240712,53.786679,On or near Centenary Way,E01024877,Burnley 003D,Other theft,Status update unavailable,
d894023383df61b1b5f42323017ac835157c6320082277149a8e5667f0c89c4c,2019-02,Lancashire Constabulary,Lancashire Constabulary,-2.248854,53.795561,On or near Princess Way,E01024877,Burnley 003D,Other theft,Status update unavailable,
8112263e54d3c3e6bde8844cd971f3fd6e24c905a644ac28e3a8adfc073c9564,2019-02,Lancashire Constabulary,Lancashire Constabulary,-2.240712,53.786679,On or near Centenary Way,E01024877,Burnley 003D,Other theft,Status update unavailable,
6c847f9eff050b53b9b728f497c7f2e46356c5a0988d4c9cc92ea1eb36f78d42,2019-02,Lancashire Constabulary,Lancashire Constabulary,-2.243867,53.789064,On or near St James'S Lane,E01024877,Burnley 003D,Other theft,Status update unavailable,
dbcc407e6392695f617e490a1e1a9aa73a8f8122dae2e9c6f04b0ee314360f36,2019-02,Lancashire Constabulary,Lancashire Constabulary,-2.240712,53.786679,On or near Centenary Way,E01024877,Burnley 003D,Other theft,Status update unavailable,
13a5fff62a726dd9119e0f9c53288191d6e7b663ef6450ecfd28a32e612cbcf5,2019-02,Lancashire Constabulary,Lancashire Constabulary,-2.242964,53.787771,On or near Nicholas Street,E01024877,Burnley 003D,Other theft,Status update unavailable,
1153846e46abb1d29fbd821a07388e2128c1a8b128c826dee053129e2684ecf6,2019-02,Lancashire Constabulary,Lancashire Constabulary,-2.245170,53.796314,On or near Burns Street,E01024877,Burnley 003D,Other theft,Status update unavailable,
d36d17e86fb3023611ee7c2a4fa4ab7d593ba46c734a0b6c0eb296cf50ae7a1b,2019-02,Lancashire Constabulary,Lancashire Constabulary,-2.240712,53.786679,On or near Centenary Way,E01024877,Burnley 003D,Other theft,Status update unavailable,
487063a8de60c540281ae318bb129f5d94e963c85900a2fee7c11aa4fc384a02,2019-02,Lancashire Constabulary,Lancashire Constabulary,-2.248854,53.795561,On or near Princess Way,E01024877,Burnley 003D,Other theft,Status update unavailable,
446c69d313365bec1e420facb1abeb475392d6248cdd84282fecedcfa521c9b9,2019-02,Lancashire Constabulary,Lancashire Constabulary,-2.240712,53.786679,On or near Centenary Way,E01024877,Burnley 003D,Other theft,Status update unavailable,
ce68a0416bb94d459254047c26db51d3cbc4894b08211cab4fdb44d8b97ec5c6,2019-02,Lancashire Constabulary,Lancashire Constabulary,-2.244840,53.789304,On or near Paradise Street,E01024877,Burnley 003D,Public order,Court case unable to proceed,
3c0fd60d4389023836c279bda893395623be0b6d453ffe03f83c8b8e15a9390e,2019-02,Lancashire Constabulary,Lancashire Constabulary,-2.243867,53.789064,On or near St James'S Lane,E01024877,Burnley 003D,Public order,Unable to prosecute suspect,
7c1f35967942fff40819f26deb21d7ef4f8c876604b2bb11689048e931ca9bb2,2019-02,Lancashire Constabulary,Lancashire Constabulary,-2.246892,53.789714,On or near St James'S Street,E01024877,Burnley 003D,Public order,Offender fined,
ed6055b899f929ccbb1144809f46f67449b52771ef9b287e04f7b5f2af92b5d8,2019-02,Lancashire Constabulary,Lancashire Constabulary,-2.244474,53.796855,On or near Throstle Close,E01024877,Burnley 003D,Public order,Awaiting court outcome,
401be97b3d3ea9fb786723b9c4f02c4a9ecf16d014ca5716b40fca664d784996,2019-02,Lancashire Constabulary,Lancashire Constabulary,-2.241838,53.797741,On or near Granville Street,E01024877,Burnley 003D,Public order,Offender sent to prison,
6901f5bae6b61519f08bb29147013d36cbbc949ae21eeddb9f02e3ffa1a0e0cd,2019-02,Lancashire Constabulary,Lancashire Constabulary,-2.244382,53.788748,On or near St James'S Row,E01024877,Burnley 003D,Public order,Status update unavailable,
bdaf0c7a86cb4b5eb3c2a8a4ba8a23f7e441e02f5f377a83d453981706a88dce,2019-02,Lancashire Constabulary,Lancashire Constabulary,-2.240085,53.788496,On or near Croft Street,E01024877,Burnley 003D,Public order,Formal action is not in the public interest,
4c13091292519197c0e3946a3b894226b496fc1243024be80c331089ed98dc02,2019-02,Lancashire Constabulary,Lancashire Constabulary,-2.243638,53.788732,On or near Bull Street,E01024877,Burnley 003D,Public order,Status update unavailable,
fe21835b8ed9e7afdadef20e1aa3c38213c30e7a69a783e4fe36ab3313bf3f0a,2019-02,Lancashire Constabulary,Lancashire Constabulary,-2.244316,53.787903,On or near Yorke Street,E01024877,Burnley 003D,Public order,Status update unavailable,
db3dcf9cad5dba59ec0c937be8f24043645f933886effeb4239dbf0f01970af0,2019-02,Lancashire Constabulary,Lancashire Constabulary,-2.242932,53.787385,On or near Thomas Street,E01024877,Burnley 003D,Public order,Status update unavailable,
b45399feed3585bb8910aa0e2f85d95cfd26abc868af322fe2f79802fc6e7e05,2019-02,Lancashire Constabulary,Lancashire Constabulary,-2.240834,53.789465,On or near Hall Street,E01024877,Burnley 003D,Public order,Formal action is not in the public interest,
27d154b39d32d316d442e381e21b4195925855245113a703f56441c0e4c8191d,2019-02,Lancashire Constabulary,Lancashire Constabulary,-2.240834,53.789465,On or near Hall Street,E01024877,Burnley 003D,Public order,Local resolution,
6ebd69e54b7b5b56f40da882b7e41f80022d21c94844e97199322457be8de74b,2019-02,Lancashire Constabulary,Lancashire Constabulary,-2.242821,53.797155,On or near Monk Hall Street,E01024877,Burnley 003D,Public order,Unable to prosecute suspect,
3ff6aa3205fd3fa8f23919f135a79aa4b731e7dfeb17bdef9a81a5bd9dd1019e,2019-02,Lancashire Constabulary,Lancashire Constabulary,-2.240712,53.786679,On or near Centenary Way,E01024877,Burnley 003D,Public order,Status update unavailable,
eafa107da11e25074bcb92afac2c7b2c0d8120f6b6126345a8cf00286040e84f,2019-02,Lancashire Constabulary,Lancashire Constabulary,-2.247004,53.795888,On or near Belgrave Street,E01024877,Burnley 003D,Public order,Unable to prosecute suspect,
0651b7ea18fa67b99ec046520337743a606d179366a4fae8f7a15e35f1a55918,2019-02,Lancashire Constabulary,Lancashire Constabulary,-2.240712,53.786679,On or near Centenary Way,E01024877,Burnley 003D,Public order,Status update unavailable,
593a1b09471280e524accae04b43d3249231a40403abe183d6978fec86806a1c,2019-02,Lancashire Constabulary,Lancashire Constabulary,-2.240834,53.789465,On or near Hall Street,E01024877,Burnley 003D,Public order,Status update unavailable,
476193ed63809c1525827611604780dba8eba95967d43f0c53ce309791868bf7,2019-02,Lancashire Constabulary,Lancashire Constabulary,-2.245104,53.790203,On or near Shopping Area,E01024877,Burnley 003D,Public order,Status update unavailable,
da8491c6fb7aa19a49eca2548ab627ba451c7a7d22eb589eba4ec68efca0e084,2019-02,Lancashire Constabulary,Lancashire Constabulary,-2.243380,53.791429,On or near Standish Street,E01024877,Burnley 003D,Shoplifting,Offender otherwise dealt with,
05903d34ecf2ed7615a47a2df30521dbb553e9c82a60b5b1addd452063a2c639,2019-02,Lancashire Constabulary,Lancashire Constabulary,-2.240712,53.786679,On or near Centenary Way,E01024877,Burnley 003D,Shoplifting,Status update unavailable,
d3e117faa321e91ef2d4e136ac51b3f6d50a98472f95fcfb56f36a07367eb690,2019-02,Lancashire Constabulary,Lancashire Constabulary,-2.245104,53.790203,On or near Shopping Area,E01024877,Burnley 003D,Shoplifting,Awaiting court outcome,
ba4f6b5bfb683ca47f648180afe82e93a060113bcdef5b0caedb8211d93a4d5a,2019-02,Lancashire Constabulary,Lancashire Constabulary,-2.241625,53.789814,On or near Parking Area,E01024877,Burnley 003D,Shoplifting,Unable to prosecute suspect,
7a075a067502c2bc1c6a6469714e4426c223119095111253f55e112b04f41710,2019-02,Lancashire Constabulary,Lancashire Constabulary,-2.245170,53.796314,On or near Burns Street,E01024877,Burnley 003D,Shoplifting,Offender given community sentence,
a50755a175af82f76b1c1e6cf718552243a757d93ae8d838027b27aca52d87ee,2019-02,Lancashire Constabulary,Lancashire Constabulary,-2.242846,53.788221,On or near Dugdale Street,E01024877,Burnley 003D,Shoplifting,Status update unavailable,
634192be21fd65874b40d585d3043bacf855a388b3fb2a10c07ff984b8394513,2019-02,Lancashire Constabulary,Lancashire Constabulary,-2.240712,53.786679,On or near Centenary Way,E01024877,Burnley 003D,Shoplifting,Unable to prosecute suspect,
b204ca4eb1ce92a8e062992e4dcb4d0ead6cb6a3e0c66d6ee24875d83c06bd43,2019-02,Lancashire Constabulary,Lancashire Constabulary,-2.245104,53.790203,On or near Shopping Area,E01024877,Burnley 003D,Shoplifting,Status update unavailable,
8b53a89d55849cf837de6fc1fc82816392aa724a7f63dc0087f35adb82ac02f9,2019-02,Lancashire Constabulary,Lancashire Constabulary,-2.241625,53.789814,On or near Parking Area,E01024877,Burnley 003D,Shoplifting,Offender ordered to pay compensation,
ff10b39b5e11769f46c95d5cc36cac09384c44c5cf6da00db45b5fcdeabc72ec,2019-02,Lancashire Constabulary,Lancashire Constabulary,-2.245104,53.790203,On or near Shopping Area,E01024877,Burnley 003D,Shoplifting,Offender sent to prison,
5d92d7086b50bf32a5dc4e5e9b8a710186c04e25cb90624e128b5b742a6b522d,2019-02,Lancashire Constabulary,Lancashire Constabulary,-2.245104,53.790203,On or near Shopping Area,E01024877,Burnley 003D,Shoplifting,Status update unavailable,
3f0e39269f2c27b47096cbdf08a9ce8c41ef98fb40ff192c3b12170cec679477,2019-02,Lancashire Constabulary,Lancashire Constabulary,-2.241625,53.789814,On or near Parking Area,E01024877,Burnley 003D,Shoplifting,Offender ordered to pay compensation,
7ab3d2e6e7921b567531664262a5b235ed032d47287f503b1b39df8bebca7016,2019-02,Lancashire Constabulary,Lancashire Constabulary,-2.241625,53.789814,On or near Parking Area,E01024877,Burnley 003D,Shoplifting,Local resolution,
c4bafd16373fa19abd10c775cc360a79a5d2e7e0439ba738767290174fd830e8,2019-02,Lancashire Constabulary,Lancashire Constabulary,-2.241625,53.789814,On or near Parking Area,E01024877,Burnley 003D,Shoplifting,Offender given community sentence,
1129973da8d2858cd2471763b1c4831ecfa3bad4173d7e54cff25e25cf8b719b,2019-02,Lancashire Constabulary,Lancashire Constabulary,-2.240712,53.786679,On or near Centenary Way,E01024877,Burnley 003D,Shoplifting,Awaiting court outcome,
d80f4c7e910497964b3bfc384eda2e398001f3a182b624000ab5ea3ed5a67aee,2019-02,Lancashire Constabulary,Lancashire Constabulary,-2.241625,53.789814,On or near Parking Area,E01024877,Burnley 003D,Shoplifting,Awaiting court outcome,
aca30abb1f23a01dd883e65db4447ef3f5c3cfebd275cbbe05aebc9003af8c5a,2019-02,Lancashire Constabulary,Lancashire Constabulary,-2.245104,53.790203,On or near Shopping Area,E01024877,Burnley 003D,Shoplifting,Offender sent to prison,
eccb179c6174a0519546ed284d846db9817d1d3ad9063706c7a34a917ae8f96e,2019-02,Lancashire Constabulary,Lancashire Constabulary,-2.245104,53.790203,On or near Shopping Area,E01024877,Burnley 003D,Shoplifting,Awaiting court outcome,
ad64f32c76c58e3539b5564ad23ff8af95a21bfa60d48b54e6f7b8c954b3e108,2019-02,Lancashire Constabulary,Lancashire Constabulary,-2.245104,53.790203,On or near Shopping Area,E01024877,Burnley 003D,Shoplifting,Unable to prosecute suspect,
864f8694dac5c7ac44fcc40e384e90886dadb4a75dc41b6215476eb9489fd763,2019-02,Lancashire Constabulary,Lancashire Constabulary,-2.240712,53.786679,On or near Centenary Way,E01024877,Burnley 003D,Shoplifting,Unable to prosecute suspect,
de613fd687da78ab8e56378677cb59796b950c01d84d476358e1ca3c7e7f3124,2019-02,Lancashire Constabulary,Lancashire Constabulary,-2.241625,53.789814,On or near Parking Area,E01024877,Burnley 003D,Shoplifting,Local resolution,
cf56ab11c0fc80b35f0a26f79b3f2d7a441ba75cda84eab03e293ea75281d39c,2019-02,Lancashire Constabulary,Lancashire Constabulary,-2.240712,53.786679,On or near Centenary Way,E01024877,Burnley 003D,Shoplifting,Status update unavailable,
ecca6e6e1e289ad0e2628ce073741fac71a74e547e75b5c5a760c77b2a9923fd,2019-02,Lancashire Constabulary,Lancashire Constabulary,-2.241625,53.789814,On or near Parking Area,E01024877,Burnley 003D,Shoplifting,Status update unavailable,
8d5b1113a22e1edaf09a23d82dc3dd9c3cb2677bfb9c201651433b165fb4240a,2019-02,Lancashire Constabulary,Lancashire Constabulary,-2.245104,53.790203,On or near Shopping Area,E01024877,Burnley 003D,Shoplifting,Action to be taken by another organisation,
77db52cf38e0789c8cfbf3e06d61901b1b5f6a1cd7b5e087243f5cf6101b7569,2019-02,Lancashire Constabulary,Lancashire Constabulary,-2.239348,53.789702,On or near Keirby Walk,E01024877,Burnley 003D,Shoplifting,Unable to prosecute suspect,
9e3509f1c3e21fd17cb8f2739ee0fedd68c3e130b4629045af6a50eda8788b24,2019-02,Lancashire Constabulary,Lancashire Constabulary,-2.239348,53.789702,On or near Keirby Walk,E01024877,Burnley 003D,Shoplifting,Status update unavailable,
66403b6537d8cf09fd2aedf9abc521b08d69648cebc78075935f52ea0102372e,2019-02,Lancashire Constabulary,Lancashire Constabulary,-2.245104,53.790203,On or near Shopping Area,E01024877,Burnley 003D,Shoplifting,Status update unavailable,
c0f71a4f4a35c8d44ed8a3c0ef550d5c86fb5e071d046b9c7533742b4b19fb1a,2019-02,Lancashire Constabulary,Lancashire Constabulary,-2.245104,53.790203,On or near Shopping Area,E01024877,Burnley 003D,Shoplifting,Status update unavailable,
c68d3dd87d4075511bdf4f9de3f92136d5fd4e17bcf1af8ae2a90dfa161551d8,2019-02,Lancashire Constabulary,Lancashire Constabulary,-2.245104,53.790203,On or near Shopping Area,E01024877,Burnley 003D,Shoplifting,Local resolution,
ea440b030f7bb14088b72a1198c5c6296d51b6dfbc96b266e5c0d66139cd3f30,2019-02,Lancashire Constabulary,Lancashire Constabulary,-2.245170,53.796314,On or near Burns Street,E01024877,Burnley 003D,Shoplifting,Unable to prosecute suspect,
ca52d51e620d334952157aa23c5ecfdf97a6e6de3aa8bb483c7d8daa24ea0fc2,2019-02,Lancashire Constabulary,Lancashire Constabulary,-2.245104,53.790203,On or near Shopping Area,E01024877,Burnley 003D,Shoplifting,Awaiting court outcome,
9640e127e69043eb3f7a3f2cff48c7a5846bcab3ae4aa42351f70895675cc6a6,2019-02,Lancashire Constabulary,Lancashire Constabulary,-2.243638,53.788732,On or near Bull Street,E01024877,Burnley 003D,Theft from the person,Status update unavailable,
b1160f2efce5bed5a7a5fd744c59c61a6cf47f77ae6fbd3437624b8c3c7f5685,2019-02,Lancashire Constabulary,Lancashire Constabulary,-2.245104,53.790203,On or near Shopping Area,E01024877,Burnley 003D,Theft from the person,Status update unavailable,
406825f1aec2bd0480258f733f2dd1e728fe7a54142f3810ed4952d9c69b9d02,2019-02,Lancashire Constabulary,Lancashire Constabulary,-2.245104,53.790203,On or near Shopping Area,E01024877,Burnley 003D,Theft from the person,Status update unavailable,
6b9c0e26933d81cb1ac2dfb263df52b0e6041d65a3b0a20b960681368ad1e5cf,2019-02,Lancashire Constabulary,Lancashire Constabulary,-2.245264,53.789160,On or near Nightclub,E01024877,Burnley 003D,Vehicle crime,Offender given community sentence,
6bd287e0b18a914ab7676a9391eb41d1b9dbe2d3ffdb155717f3028179f6a04c,2019-02,Lancashire Constabulary,Lancashire Constabulary,-2.243867,53.789064,On or near St James'S Lane,E01024877,Burnley 003D,Violence and sexual offences,Status update unavailable,
e247ce5b8e6a3ac75645c62d185404edba2fd135ce52ee5fa000854ebedf83ad,2019-02,Lancashire Constabulary,Lancashire Constabulary,-2.244072,53.787742,On or near Manchester Road,E01024877,Burnley 003D,Violence and sexual offences,Unable to prosecute suspect,
b2c7778cdb05a02af7ca96c472928f2550a499dee6578a46c07d0a93512d338d,2019-02,Lancashire Constabulary,Lancashire Constabulary,-2.247004,53.795888,On or near Belgrave Street,E01024877,Burnley 003D,Violence and sexual offences,Status update unavailable,
620e87f89a053f8b655d249cc0afe35449dc6e0d51b61582c2fdefc698c909fa,2019-02,Lancashire Constabulary,Lancashire Constabulary,-2.244720,53.792172,On or near Active Way,E01024877,Burnley 003D,Violence and sexual offences,Unable to prosecute suspect,
afda73061c88ef7b29c49a5b5f4d6b8533ac485191f10acbc86f6cdfbb465c6f,2019-02,Lancashire Constabulary,Lancashire Constabulary,-2.244720,53.792172,On or near Active Way,E01024877,Burnley 003D,Violence and sexual offences,Status update unavailable,
e1507e2bb4a2f909cdf1f6546be9a58fc368354c39a88989aa4d649ca0d63f22,2019-02,Lancashire Constabulary,Lancashire Constabulary,-2.241838,53.797741,On or near Granville Street,E01024877,Burnley 003D,Violence and sexual offences,Unable to prosecute suspect,
4a6cc2cebb319d73e03833c889a926f84edaeca66ecb742c25d6239673b43dd4,2019-02,Lancashire Constabulary,Lancashire Constabulary,-2.244720,53.792172,On or near Active Way,E01024877,Burnley 003D,Violence and sexual offences,Unable to prosecute suspect,
5e949d072d9785591f091bb48cb3bab1be98dd55edf66466a1d76415739f2a00,2019-02,Lancashire Constabulary,Lancashire Constabulary,-2.242802,53.796427,On or near Cronkshaw Street,E01024877,Burnley 003D,Violence and sexual offences,Status update unavailable,
d65441169e4248c9f56da71fd64d5bbe86cad5196408ec10e326ef39ad339493,2019-02,Lancashire Constabulary,Lancashire Constabulary,-2.241120,53.796979,On or near Stafford Street,E01024877,Burnley 003D,Violence and sexual offences,Status update unavailable,
970b5f300a9e6b32eb658eabd2b1c8635b0181a2215ed27bc24fc39c43420c7f,2019-02,Lancashire Constabulary,Lancashire Constabulary,-2.244720,53.792172,On or near Active Way,E01024877,Burnley 003D,Violence and sexual offences,Status update unavailable,
c964eebc6b154c8dd3931e5e3bec376174c4a3a9aa9ad78f2a7b145d500200f5,2019-02,Lancashire Constabulary,Lancashire Constabulary,-2.244316,53.787903,On or near Yorke Street,E01024877,Burnley 003D,Violence and sexual offences,Further investigation is not in the public interest,
15b13d0efceeddb97f49aa99166334fa7504f88ebd871663b5131e141be70565,2019-02,Lancashire Constabulary,Lancashire Constabulary,-2.241838,53.797741,On or near Granville Street,E01024877,Burnley 003D,Violence and sexual offences,Status update unavailable,
1778d7ecacb094475218ac35bb80a16ac2ddd17ba8ef053a905b603cf0518376,2019-02,Lancashire Constabulary,Lancashire Constabulary,-2.247004,53.795888,On or near Belgrave Street,E01024877,Burnley 003D,Violence and sexual offences,Status update unavailable,
93298547dd48a10e0bc0f648a2dd237d71abc3ab10c6b74818d55c1342b16f36,2019-02,Lancashire Constabulary,Lancashire Constabulary,-2.243684,53.791536,On or near Parking Area,E01024877,Burnley 003D,Violence and sexual offences,Status update unavailable,
2ec8101650f915358fe7583d17bb71d08f0845144eeb46e40511e50c261ab59d,2019-02,Lancashire Constabulary,Lancashire Constabulary,-2.244840,53.789304,On or near Paradise Street,E01024877,Burnley 003D,Violence and sexual offences,Status update unavailable,
d8e01c87f69540109d6eeeb46868a8bb58d290e0f47df87f5d410c2b053c284a,2019-02,Lancashire Constabulary,Lancashire Constabulary,-2.244840,53.789304,On or near Paradise Street,E01024877,Burnley 003D,Violence and sexual offences,Unable to prosecute suspect,
bc452a8f79547c90e74e5a14ae5c8adc56e818be44b9b66af4f52c93cd33baf5,2019-02,Lancashire Constabulary,Lancashire Constabulary,-2.243867,53.789064,On or near St James'S Lane,E01024877,Burnley 003D,Violence and sexual offences,Unable to prosecute suspect,
8da20c35007cbe400e10261c2d1a77291d0976c1b89fc44e3da16264c0cb63bd,2019-02,Lancashire Constabulary,Lancashire Constabulary,-2.245264,53.789160,On or near Nightclub,E01024877,Burnley 003D,Violence and sexual offences,Status update unavailable,
236f19e4a8ef6e61ac9b7d8cdb14c1b8bf1e9ab5939a3ddc94410df3779d370e,2019-02,Lancashire Constabulary,Lancashire Constabulary,-2.240834,53.789465,On or near Hall Street,E01024877,Burnley 003D,Violence and sexual offences,Status update unavailable,
39870e1effc28fd4ead2410070d803a3efecbd9fbf1e09ba3da17af1d8a7d06b,2019-02,Lancashire Constabulary,Lancashire Constabulary,-2.240712,53.786679,On or near Centenary Way,E01024877,Burnley 003D,Violence and sexual offences,Local resolution,
9432b2df9167b9f9eb37593e0bc5dacc8e8c1160bea749ab0625faa5a39820cf,2019-02,Lancashire Constabulary,Lancashire Constabulary,-2.247004,53.795888,On or near Belgrave Street,E01024877,Burnley 003D,Violence and sexual offences,Status update unavailable,
9716b767683eb3bd8a47cd3de735a3b5f5fabd1789503ab2ecd67d19fa2b18fb,2019-02,Lancashire Constabulary,Lancashire Constabulary,-2.245264,53.789160,On or near Nightclub,E01024877,Burnley 003D,Violence and sexual offences,Status update unavailable,
89e1c127f71bbc44c10515a6bb743e21c947978f2af3af92c2e75d3166114497,2019-02,Lancashire Constabulary,Lancashire Constabulary,-2.240834,53.789465,On or near Hall Street,E01024877,Burnley 003D,Violence and sexual offences,Status update unavailable,
2ab55a78738bd82956a6444dac0e8076689c0234d685a42f2765c147ccdc35ed,2019-02,Lancashire Constabulary,Lancashire Constabulary,-2.239348,53.789702,On or near Keirby Walk,E01024877,Burnley 003D,Violence and sexual offences,Status update unavailable,
094287d0189e0fc3b10f92bb3046c4882292acac61bf40a84ede394e59c4515d,2019-02,Lancashire Constabulary,Lancashire Constabulary,-2.239348,53.789702,On or near Keirby Walk,E01024877,Burnley 003D,Violence and sexual offences,Status update unavailable,
5ddcf14522f0a4922164ef2384a81e2ab796ed66c941ae668aca82cfb826e565,2019-02,Lancashire Constabulary,Lancashire Constabulary,-2.244720,53.792172,On or near Active Way,E01024877,Burnley 003D,Violence and sexual offences,Unable to prosecute suspect,
db673ec7b69e08f8b0a1659ad9e56f5a29f146114623d41d52639093260c14e1,2019-02,Lancashire Constabulary,Lancashire Constabulary,-2.243638,53.788732,On or near Bull Street,E01024877,Burnley 003D,Violence and sexual offences,Status update unavailable,
4d6b5820b5ab87475b21011bbab8a0bb24c84e72dd7bd3c3f4c4d5d690e6f509,2019-02,Lancashire Constabulary,Lancashire Constabulary,-2.244072,53.787742,On or near Manchester Road,E01024877,Burnley 003D,Violence and sexual offences,Status update unavailable,
d95ed15a6912bca06009482a0207e8c0934f71ca95e8fda969ecdd0a7f16f196,2019-02,Lancashire Constabulary,Lancashire Constabulary,-2.243077,53.796741,On or near Dane Street,E01024877,Burnley 003D,Violence and sexual offences,Status update unavailable,
9fc38f89a3a5a73e57341c79d56fba4aaddf48e084bc2fdbe5e41e9ba64ef8d5,2019-02,Lancashire Constabulary,Lancashire Constabulary,-2.240194,53.789080,On or near Shopping Area,E01024877,Burnley 003D,Violence and sexual offences,Status update unavailable,
0d9edc85882059607394d93ff7e5ad3c85a6cb3d03af09c3c904ba4b169ceb19,2019-02,Lancashire Constabulary,Lancashire Constabulary,-2.245264,53.789160,On or near Nightclub,E01024877,Burnley 003D,Violence and sexual offences,Status update unavailable,
f5fc656136bb42ecc10b0cedd47c178fc32882f3b3a804ea57270588c641a110,2019-02,Lancashire Constabulary,Lancashire Constabulary,-2.244474,53.796855,On or near Throstle Close,E01024877,Burnley 003D,Violence and sexual offences,Status update unavailable,
61e49a98884d59ff4b7e5c005f0e89e853b64ef0bf8911dc345b8f92ca7da07f,2019-02,Lancashire Constabulary,Lancashire Constabulary,-2.247495,53.796705,On or near Burleigh Street,E01024877,Burnley 003D,Violence and sexual offences,Unable to prosecute suspect,
a2bc57d8432dbc3f5f17b97eaaec1aec9d5420fd38fa3f4948397fb642c6a7a6,2019-02,Lancashire Constabulary,Lancashire Constabulary,-2.240834,53.789465,On or near Hall Street,E01024877,Burnley 003D,Violence and sexual offences,Status update unavailable,
0fe49d46733a2d58345114a155650affa0db8018fed4c3285bad9945773d3326,2019-02,Lancashire Constabulary,Lancashire Constabulary,-2.244316,53.787903,On or near Yorke Street,E01024877,Burnley 003D,Other crime,Further investigation is not in the public interest,
2c100f451c8dfa4c41e2423aded2f313e1a94f10d289a0c1b8457ddc79c7e2f1,2019-02,Lancashire Constabulary,Lancashire Constabulary,-2.245170,53.796314,On or near Burns Street,E01024877,Burnley 003D,Other crime,Offender given a caution,
,2019-02,Lancashire Constabulary,Lancashire Constabulary,-2.242690,53.800751,On or near Parking Area,E01024878,Burnley 003E,Anti-social behaviour,,
,2019-02,Lancashire Constabulary,Lancashire Constabulary,-2.249607,53.797078,On or near Hubie Street,E01024878,Burnley 003E,Anti-social behaviour,,
,2019-02,Lancashire Constabulary,Lancashire Constabulary,-2.239411,53.803400,On or near Francis Street,E01024878,Burnley 003E,Anti-social behaviour,,
3e9fcd4745621db6929ef2cc6dd4c1d1961b2f999f2aa144e9e58ca0dd6f9ca7,2019-02,Lancashire Constabulary,Lancashire Constabulary,-2.249241,53.796800,On or near Castle Street,E01024878,Burnley 003E,Other theft,Status update unavailable,
7b36ad04e833597d32b17aad6882d7f69ab763ab664e44ac95979e103176dabf,2019-02,Lancashire Constabulary,Lancashire Constabulary,-2.239411,53.803400,On or near Francis Street,E01024878,Burnley 003E,Violence and sexual offences,Status update unavailable,
9272ae9e0d6398159e9bb2ef7403e1ac72b21984c375336ae9d79a47210de9e3,2019-02,Lancashire Constabulary,Lancashire Constabulary,-2.249607,53.797078,On or near Hubie Street,E01024878,Burnley 003E,Violence and sexual offences,Status update unavailable,
85cfeee8bc848a69998f457af1286d7f04bcc2d27a8f8a4171b99b5276402d42,2019-02,Lancashire Constabulary,Lancashire Constabulary,-2.239411,53.803400,On or near Francis Street,E01024878,Burnley 003E,Violence and sexual offences,Status update unavailable,
,2019-02,Lancashire Constabulary,Lancashire Constabulary,-2.234863,53.804802,On or near Waterbarn Street,E01024895,Burnley 003F,Anti-social behaviour,,
,2019-02,Lancashire Constabulary,Lancashire Constabulary,-2.234863,53.804802,On or near Waterbarn Street,E01024895,Burnley 003F,Anti-social behaviour,,
,2019-02,Lancashire Constabulary,Lancashire Constabulary,-2.236096,53.805312,On or near Cardinal Street,E01024895,Burnley 003F,Anti-social behaviour,,
,2019-02,Lancashire Constabulary,Lancashire Constabulary,-2.234397,53.802762,On or near St Andrew'S Street,E01024895,Burnley 003F,Anti-social behaviour,,
,2019-02,Lancashire Constabulary,Lancashire Constabulary,-2.232920,53.804823,On or near Furness Street,E01024895,Burnley 003F,Anti-social behaviour,,
,2019-02,Lancashire Constabulary,Lancashire Constabulary,-2.238628,53.807338,On or near Darwin Street,E01024895,Burnley 003F,Anti-social behaviour,,
,2019-02,Lancashire Constabulary,Lancashire Constabulary,-2.231382,53.804098,On or near Green Street,E01024895,Burnley 003F,Anti-social behaviour,,
,2019-02,Lancashire Constabulary,Lancashire Constabulary,-2.231382,53.804098,On or near Green Street,E01024895,Burnley 003F,Anti-social behaviour,,
,2019-02,Lancashire Constabulary,Lancashire Constabulary,-2.233047,53.803107,On or near Edmund Street,E01024895,Burnley 003F,Anti-social behaviour,,
c02f9fa5f63a7b08a3b0973ca06d7a0c5fcddf1fe42dc82511d8d33f055da4df,2019-02,Lancashire Constabulary,Lancashire Constabulary,-2.233047,53.803107,On or near Edmund Street,E01024895,Burnley 003F,Burglary,Status update unavailable,
18c368d140079f41e50ac644561b763a9bd3b34209f584ab1ab3b40e0d349b63,2019-02,Lancashire Constabulary,Lancashire Constabulary,-2.231382,53.804098,On or near Green Street,E01024895,Burnley 003F,Burglary,Status update unavailable,
fe132c5360bad573ea33af9b188f309c98d2e8a7994312b3e724eedc612f30b9,2019-02,Lancashire Constabulary,Lancashire Constabulary,-2.231382,53.804098,On or near Green Street,E01024895,Burnley 003F,Criminal damage and arson,Status update unavailable,
2ce2c11feac1dfb8eb25895b1d41379118466e75d333d55ae5a9fb7715746768,2019-02,Lancashire Constabulary,Lancashire Constabulary,-2.232227,53.803000,On or near Briercliffe Road,E01024895,Burnley 003F,Criminal damage and arson,Status update unavailable,
70ecf3063269dc8a408efbf5d1b69961f2160d197f825f14b6a10ee7cf894c5d,2019-02,Lancashire Constabulary,Lancashire Constabulary,-2.232920,53.804823,On or near Furness Street,E01024895,Burnley 003F,Drugs,Status update unavailable,
0c588547a0ba303fda92b52b32fee586fbdb1ecb62649ecc6f9b6b9a230706b3,2019-02,Lancashire Constabulary,Lancashire Constabulary,-2.235588,53.804108,On or near Newman Street,E01024895,Burnley 003F,Other theft,Status update unavailable,
917cc9387982c9236f78387737104b1bd52c059a30cd1eee848c61b47ff2c917,2019-02,Lancashire Constabulary,Lancashire Constabulary,-2.235577,53.804773,On or near Redvers Street,E01024895,Burnley 003F,Other theft,Status update unavailable,
66b25ff8fcd680a7630ec7e4056920388e2518780763f8b31eea8d23fb745bc6,2019-02,Lancashire Constabulary,Lancashire Constabulary,-2.235577,53.804773,On or near Redvers Street,E01024895,Burnley 003F,Other theft,Status update unavailable,
5405ff8a836aaca5ff3c424a5766e35f9c611c844f75ed31b42642fbae95ed5d,2019-02,Lancashire Constabulary,Lancashire Constabulary,-2.235588,53.804108,On or near Newman Street,E01024895,Burnley 003F,Other theft,Status update unavailable,
2a1824ac2bf013c8703d36176faaf32a6f7bf674c677d7bf71e93d35b31b7bf6,2019-02,Lancashire Constabulary,Lancashire Constabulary,-2.231382,53.804098,On or near Green Street,E01024895,Burnley 003F,Public order,Unable to prosecute suspect,
a600e29194b2a7fce959a489659267601d77eea016f3426d0e99b14cc5a740f4,2019-02,Lancashire Constabulary,Lancashire Constabulary,-2.236096,53.805312,On or near Cardinal Street,E01024895,Burnley 003F,Public order,Status update unavailable,
6e334fc8e9c62d85c6c1b8b42993cdb103bf91d874322838b20455cba2c9c1f6,2019-02,Lancashire Constabulary,Lancashire Constabulary,-2.234397,53.802762,On or near St Andrew'S Street,E01024895,Burnley 003F,Shoplifting,Status update unavailable,
719a8f6d3e4dcd3730b4314bd716d3723773616657145fb0000b0b131fda8d32,2019-02,Lancashire Constabulary,Lancashire Constabulary,-2.238628,53.807338,On or near Darwin Street,E01024895,Burnley 003F,Violence and sexual offences,Status update unavailable,
d5e99ef2bb33264168f717720e9d83964be73909e0b6e417aa4a9366e4419317,2019-02,Lancashire Constabulary,Lancashire Constabulary,-2.238628,53.807338,On or near Darwin Street,E01024895,Burnley 003F,Violence and sexual offences,Awaiting court outcome,
3ef6d4b7de62253aff80116980bfb7793a5cf016f1dc1694869f1225cec39059,2019-02,Lancashire Constabulary,Lancashire Constabulary,-2.234397,53.802762,On or near St Andrew'S Street,E01024895,Burnley 003F,Violence and sexual offences,Status update unavailable,
53a1f8fceb57f3a1f33481f92380543987f90f087144628e37753890b143ec2f,2019-02,Lancashire Constabulary,Lancashire Constabulary,-2.238628,53.807338,On or near Darwin Street,E01024895,Burnley 003F,Violence and sexual offences,Awaiting court outcome,
f2fb1460f70ca641e5a8fa1f5a88406a31031cec6bda86d5810c1ea33b937cb5,2019-02,Lancashire Constabulary,Lancashire Constabulary,-2.234397,53.802762,On or near St Andrew'S Street,E01024895,Burnley 003F,Violence and sexual offences,Status update unavailable,
ccc3df196e6fb367c196f3b75d10a818b60a2111f7610b714a4f36ba4f68a6e6,2019-02,Lancashire Constabulary,Lancashire Constabulary,-2.236920,53.805957,On or near Godiva Street,E01024895,Burnley 003F,Violence and sexual offences,Status update unavailable,
13c201f921514a354f33729204a8700448971ac24b643e19a3ca3d1a2b1f476a,2019-02,Lancashire Constabulary,Lancashire Constabulary,-2.236920,53.805957,On or near Godiva Street,E01024895,Burnley 003F,Other crime,Status update unavailable,
3e05bbdf1b9a2a1407264af065ac000eb360b8225a7f317704566588dd98c428,2019-02,Lancashire Constabulary,Lancashire Constabulary,-2.236920,53.805957,On or near Godiva Street,E01024895,Burnley 003F,Other crime,Status update unavailable,
ca9c86896aaa5357fb5621bbb49c4d27c770de4f7ecf5a13e1d8b9c7d4652b5b,2019-02,Lancashire Constabulary,Lancashire Constabulary,-2.314679,53.803666,On or near Wasdale Close,E01024883,Burnley 004A,Violence and sexual offences,Further investigation is not in the public interest,
d39dbcb745dd3dfeec34685f1b487e40ac610660198ac71fc9e955dbf7006231,2019-02,Lancashire Constabulary,Lancashire Constabulary,-2.316058,53.803339,On or near Moor Lane,E01024883,Burnley 004A,Violence and sexual offences,Unable to prosecute suspect,
a07db0b9312170e4653584366bf82499629428fc2b77d93081526119eb6d75d3,2019-02,Lancashire Constabulary,Lancashire Constabulary,-2.314879,53.806110,On or near Grasmere Avenue,E01024883,Burnley 004A,Violence and sexual offences,Unable to prosecute suspect,
256d27ffe9cdc289bfe712bf907fe66a1f86d674fc3dae029274196707c8e7c8,2019-02,Lancashire Constabulary,Lancashire Constabulary,-2.313685,53.806832,On or near Coniston Avenue,E01024883,Burnley 004A,Violence and sexual offences,Action to be taken by another organisation,
7730d71c9d866a5ee326b8c510e173b8f07d24164436ea0b3e1c244a2fbcfd6c,2019-02,Lancashire Constabulary,Lancashire Constabulary,-2.299220,53.794960,On or near Masefield Avenue,E01024884,Burnley 004B,Burglary,Unable to prosecute suspect,
f15fa44683485c055c35809e912b434f1e6d0d81818a987a0807aba713cc0bc9,2019-02,Lancashire Constabulary,Lancashire Constabulary,-2.297266,53.793329,On or near Avalon Close,E01024884,Burnley 004B,Burglary,Status update unavailable,
8c194759276daad566268b5220f591b2420214d78404831e2b16e989f8a5a2d9,2019-02,Lancashire Constabulary,Lancashire Constabulary,-2.296992,53.793258,On or near Printers Fold,E01024884,Burnley 004B,Burglary,Status update unavailable,
f6bace56dd2a4782a0dfaf228ed805cb11c6f9bb667969f080be270dc603045d,2019-02,Lancashire Constabulary,Lancashire Constabulary,-2.307660,53.798983,On or near Fountain Close,E01024884,Burnley 004B,Other theft,Unable to prosecute suspect,
5770895963b17d971dbbb97f59c42431ba9e3822c12dee1c0b08c2dcdfd1d920,2019-02,Lancashire Constabulary,Lancashire Constabulary,-2.305969,53.796157,On or near Herbert Street,E01024884,Burnley 004B,Violence and sexual offences,Further investigation is not in the public interest,
9bed0056849b58361d062375f03d17219f29d58a9794e4ee9db277fbd5ec1dcf,2019-02,Lancashire Constabulary,Lancashire Constabulary,-2.301566,53.796051,On or near Tennyson Avenue,E01024884,Burnley 004B,Violence and sexual offences,Status update unavailable,
1e48aa0b210c90ebd81bda2859ee16eca984c70777cc7ab224622452faa340f5,2019-02,Lancashire Constabulary,Lancashire Constabulary,-2.303469,53.794734,On or near Whitegate Close,E01024884,Burnley 004B,Violence and sexual offences,Status update unavailable,
1c18136432ab46a5e8c1f94c9075306e503d00226de801d4d22a206bfaa8851e,2019-02,Lancashire Constabulary,Lancashire Constabulary,-2.301566,53.796051,On or near Tennyson Avenue,E01024884,Burnley 004B,Violence and sexual offences,Court case unable to proceed,
9b950dab9278a3f532609ba8f831eb706fa561db8f3f7a3f17438ee138898899,2019-02,Lancashire Constabulary,Lancashire Constabulary,-2.301566,53.796051,On or near Tennyson Avenue,E01024884,Burnley 004B,Violence and sexual offences,Status update unavailable,
719d876548052c789494bbaa1c40bc8382232231454982d94c57501b91206ef2,2019-02,Lancashire Constabulary,Lancashire Constabulary,-2.301566,53.796051,On or near Tennyson Avenue,E01024884,Burnley 004B,Violence and sexual offences,Further investigation is not in the public interest,
,2019-02,Lancashire Constabulary,Lancashire Constabulary,-2.311430,53.797617,On or near Hope Street,E01024885,Burnley 004C,Anti-social behaviour,,
,2019-02,Lancashire Constabulary,Lancashire Constabulary,-2.310463,53.802356,On or near Partridge Hill,E01024885,Burnley 004C,Anti-social behaviour,,
,2019-02,Lancashire Constabulary,Lancashire Constabulary,-2.313679,53.802015,On or near Ightenhill Street,E01024885,Burnley 004C,Anti-social behaviour,,
,2019-02,Lancashire Constabulary,Lancashire Constabulary,-2.311857,53.799925,On or near Waddington Street,E01024885,Burnley 004C,Anti-social behaviour,,
,2019-02,Lancashire Constabulary,Lancashire Constabulary,-2.311430,53.797617,On or near Hope Street,E01024885,Burnley 004C,Anti-social behaviour,,
,2019-02,Lancashire Constabulary,Lancashire Constabulary,-2.309985,53.801359,On or near Wyre Street,E01024885,Burnley 004C,Anti-social behaviour,,
,2019-02,Lancashire Constabulary,Lancashire Constabulary,-2.311430,53.797617,On or near Hope Street,E01024885,Burnley 004C,Anti-social behaviour,,
,2019-02,Lancashire Constabulary,Lancashire Constabulary,-2.311857,53.799925,On or near Waddington Street,E01024885,Burnley 004C,Anti-social behaviour,,
,2019-02,Lancashire Constabulary,Lancashire Constabulary,-2.310284,53.798626,On or near Hapton Street,E01024885,Burnley 004C,Anti-social behaviour,,
,2019-02,Lancashire Constabulary,Lancashire Constabulary,-2.309368,53.797927,On or near Pendle Street,E01024885,Burnley 004C,Anti-social behaviour,,
29599012456f12907cac168d5d19f5515b98aa7769911c907794a07dc9873c35,2019-02,Lancashire Constabulary,Lancashire Constabulary,-2.315344,53.799305,On or near Carrwood Green,E01024885,Burnley 004C,Burglary,Status update unavailable,
d16f3b1f03245ed1487f80d21236e9d5f2dbf19f3c1470f154ea4b9fefac83df,2019-02,Lancashire Constabulary,Lancashire Constabulary,-2.310055,53.798456,On or near Wesley Street,E01024885,Burnley 004C,Burglary,Status update unavailable,
9b1e9a1707428035224cf180ba2642641cca0eba04fd86da0b7579986269d0e2,2019-02,Lancashire Constabulary,Lancashire Constabulary,-2.311013,53.798678,On or near Back Altham Street,E01024885,Burnley 004C,Burglary,Status update unavailable,
868327d4515c8708dcf126af9ecd9addd27e13b0259f07aa7efaaa06f7d879bb,2019-02,Lancashire Constabulary,Lancashire Constabulary,-2.313768,53.801619,On or near Eccleshill Street,E01024885,Burnley 004C,Burglary,Status update unavailable,
f8d331d4527ea4cdd010d009452de1761002f40eee1ff9a1a5a9fd6075017241,2019-02,Lancashire Constabulary,Lancashire Constabulary,-2.310284,53.798626,On or near Hapton Street,E01024885,Burnley 004C,Burglary,Status update unavailable,
f5e01c03833f3e28048860db258ebe31b3b848afa28acd2b8acbad5fab12368f,2019-02,Lancashire Constabulary,Lancashire Constabulary,-2.310284,53.798626,On or near Hapton Street,E01024885,Burnley 004C,Burglary,Status update unavailable,
924d13ffbc15f62aac3129554709784cd7cf0a026b9b3b18594af44162ccc14a,2019-02,Lancashire Constabulary,Lancashire Constabulary,-2.315344,53.799305,On or near Carrwood Green,E01024885,Burnley 004C,Burglary,Status update unavailable,
3a6b9f5fb945aa50be8a5609116f7d47175572f63092342966db0462a0400380,2019-02,Lancashire Constabulary,Lancashire Constabulary,-2.313768,53.801619,On or near Eccleshill Street,E01024885,Burnley 004C,Burglary,Status update unavailable,
4f7a9762a1cc31e994ff6e6c9b5e9de79821750d615c9f549740a2c2d932160e,2019-02,Lancashire Constabulary,Lancashire Constabulary,-2.315344,53.799305,On or near Carrwood Green,E01024885,Burnley 004C,Burglary,Status update unavailable,
1c1d5ff3cb14ef7385fc6a09ed787a43c2404805c8ddd8667bb2467ad0a50436,2019-02,Lancashire Constabulary,Lancashire Constabulary,-2.314982,53.801544,On or near Mill Street,E01024885,Burnley 004C,Criminal damage and arson,Status update unavailable,
2be516c1f59bde7743d7788ee417ffcb9d8fb570dfa265fbd5d78bdb68831d52,2019-02,Lancashire Constabulary,Lancashire Constabulary,-2.311430,53.797617,On or near Hope Street,E01024885,Burnley 004C,Public order,Status update unavailable,
bad9d3a9e85dc87a539168f04b285de41d4531f64bdbd3dcaedba53facf4e553,2019-02,Lancashire Constabulary,Lancashire Constabulary,-2.309149,53.799132,On or near Spa Street,E01024885,Burnley 004C,Shoplifting,Status update unavailable,
17c5ef52fd1bb07b8f8fecce2c5de7db2cc5908c549398e66e2201c66d30fd1c,2019-02,Lancashire Constabulary,Lancashire Constabulary,-2.315344,53.799305,On or near Carrwood Green,E01024885,Burnley 004C,Vehicle crime,Status update unavailable,
f11ef8cdf6a1c5fb1cf0ecd68654be07235ed38eb21ac0bdcfe9e59ae8fb7237,2019-02,Lancashire Constabulary,Lancashire Constabulary,-2.316173,53.800480,On or near Weir Close,E01024885,Burnley 004C,Violence and sexual offences,Formal action is not in the public interest,
7a32f69a11ce4e8bbcbfff7522e703539ba1bebdec28d7275f36e8ce8211c8ea,2019-02,Lancashire Constabulary,Lancashire Constabulary,-2.310055,53.798456,On or near Wesley Street,E01024885,Burnley 004C,Violence and sexual offences,Unable to prosecute suspect,
36247c067facd45992e402f37c771492bb532f2657d5a05e0797c4d48b49d30e,2019-02,Lancashire Constabulary,Lancashire Constabulary,-2.316184,53.799959,On or near Park View,E01024885,Burnley 004C,Violence and sexual offences,Unable to prosecute suspect,
bd86c44d376928d4a57e83bb48776166ff4d8dd1574d3fa6f87599f52005bcd8,2019-02,Lancashire Constabulary,Lancashire Constabulary,-2.310463,53.802356,On or near Partridge Hill,E01024885,Burnley 004C,Violence and sexual offences,Status update unavailable,
64bc1f5f2284d10387303484258d6c92c0b8f67df0c9e6b5d063b17717890568,2019-02,Lancashire Constabulary,Lancashire Constabulary,-2.316173,53.800480,On or near Weir Close,E01024885,Burnley 004C,Violence and sexual offences,Formal action is not in the public interest,
7458402a11ae01c04dd96466ff4837a728da2f37ee9f88d38703d635413120a5,2019-02,Lancashire Constabulary,Lancashire Constabulary,-2.309039,53.794576,On or near Wytham Street,E01024885,Burnley 004C,Violence and sexual offences,Status update unavailable,
2ddbe679dc1ccd401eca5b028fbb36f1a217d50267743d00576bd7c15c25bbfc,2019-02,Lancashire Constabulary,Lancashire Constabulary,-2.312375,53.800113,On or near Tattersall Street,E01024885,Burnley 004C,Violence and sexual offences,Unable to prosecute suspect,
351df3f982f63e6d6ba601be86c458b237639f5e2d7cf8f02e8dfcfca8917008,2019-02,Lancashire Constabulary,Lancashire Constabulary,-2.309236,53.802664,On or near Lawrence Street,E01024885,Burnley 004C,Violence and sexual offences,Further investigation is not in the public interest,
f00320a7ba4b3c6f94ef442e9e12c691015b66342e1f9a690143df26af1a6644,2019-02,Lancashire Constabulary,Lancashire Constabulary,-2.308718,53.794181,On or near Abingdon Road,E01024885,Burnley 004C,Violence and sexual offences,Unable to prosecute suspect,
,2019-02,Lancashire Constabulary,Lancashire Constabulary,-2.306048,53.794503,On or near Burns Street,E01024886,Burnley 004D,Anti-social behaviour,,
,2019-02,Lancashire Constabulary,Lancashire Constabulary,-2.307585,53.797060,On or near Villiers Street,E01024886,Burnley 004D,Anti-social behaviour,,
,2019-02,Lancashire Constabulary,Lancashire Constabulary,-2.307883,53.796242,On or near Russell Terrace,E01024886,Burnley 004D,Anti-social behaviour,,
,2019-02,Lancashire Constabulary,Lancashire Constabulary,-2.308835,53.795700,On or near Hathaway Fold,E01024886,Burnley 004D,Anti-social behaviour,,
,2019-02,Lancashire Constabulary,Lancashire Constabulary,-2.306048,53.794503,On or near Burns Street,E01024886,Burnley 004D,Anti-social behaviour,,
4cf3851ad35dd62403dbf1069071b8b091c284b50e893594fcc30f9090aaf10c,2019-02,Lancashire Constabulary,Lancashire Constabulary,-2.309892,53.796973,On or near Stockbridge Road,E01024886,Burnley 004D,Other theft,Status update unavailable,
313c19abc2f0aa422a32efb58317e42bed81f4b38a68b9e9068c319bf4d80bb2,2019-02,Lancashire Constabulary,Lancashire Constabulary,-2.307585,53.797060,On or near Villiers Street,E01024886,Burnley 004D,Violence and sexual offences,Unable to prosecute suspect,
d8aa32ef28d61289995d8f8fd730ab39c39a06502b7f6c1cd08e38db39225357,2019-02,Lancashire Constabulary,Lancashire Constabulary,-2.308835,53.795700,On or near Hathaway Fold,E01024886,Burnley 004D,Violence and sexual offences,Unable to prosecute suspect,
d3ea6bb3fc96682745098cbadcf1373a39ed81c761d2d94cce72b29459825dac,2019-02,Lancashire Constabulary,Lancashire Constabulary,-2.306048,53.794503,On or near Burns Street,E01024886,Burnley 004D,Violence and sexual offences,Unable to prosecute suspect,
3d789aa47364774ac4a83dc3d676f44c1520d5bf529cd2f19aa0f82d75879bf2,2019-02,Lancashire Constabulary,Lancashire Constabulary,-2.309892,53.796973,On or near Stockbridge Road,E01024886,Burnley 004D,Violence and sexual offences,Status update unavailable,
7e07448ed9790d9cf4a334ed491c7252677b6c6052bd69a49c5283ca6dc627b0,2019-02,Lancashire Constabulary,Lancashire Constabulary,-2.308753,53.794900,On or near Brook Street,E01024886,Burnley 004D,Violence and sexual offences,Unable to prosecute suspect,
6cb5f34bddfdcc85fa10510967e3bbf51d143743cba4ef76db1cfe700a9fcb85,2019-02,Lancashire Constabulary,Lancashire Constabulary,-2.307585,53.797060,On or near Villiers Street,E01024886,Burnley 004D,Violence and sexual offences,Status update unavailable,
4c3cf01357f09d0df824dd6358b04ddba43ae872e812a30ef8e4c5e1b0bdf592,2019-02,Lancashire Constabulary,Lancashire Constabulary,-2.306048,53.794503,On or near Burns Street,E01024886,Burnley 004D,Other crime,Awaiting court outcome,
,2019-02,Lancashire Constabulary,Lancashire Constabulary,-2.319531,53.800777,On or near Queen Street,E01024889,Burnley 004E,Anti-social behaviour,,
,2019-02,Lancashire Constabulary,Lancashire Constabulary,-2.327558,53.796252,On or near Meadway,E01024889,Burnley 004E,Anti-social behaviour,,
,2019-02,Lancashire Constabulary,Lancashire Constabulary,-2.327558,53.796252,On or near Meadway,E01024889,Burnley 004E,Anti-social behaviour,,
94963938f859e264d4bb7734118e58cbd04203627810b99141878e804422d225,2019-02,Lancashire Constabulary,Lancashire Constabulary,-2.319087,53.802306,On or near Spring Gardens Terrace,E01024889,Burnley 004E,Burglary,Local resolution,
ec7661bb3dfca39b81195bd087dc38e2225353d9ffae1ca1ea86a4921397acc5,2019-02,Lancashire Constabulary,Lancashire Constabulary,-2.315960,53.802386,On or near Gawthorpe Street,E01024889,Burnley 004E,Burglary,Status update unavailable,
abf592664658f32b503e702f266baab0d01f27c411c3e8c60e69a1a8e960a5ff,2019-02,Lancashire Constabulary,Lancashire Constabulary,-2.317620,53.803020,On or near East Street,E01024889,Burnley 004E,Burglary,Status update unavailable,
39032dc090a65a88659f6d311cc0b66441c0017a4c28aa90f1f0612c7c615599,2019-02,Lancashire Constabulary,Lancashire Constabulary,-2.319047,53.801003,On or near King Street,E01024889,Burnley 004E,Burglary,Status update unavailable,
fbf5eb5f9008f09b4b2a1f915151cbe8ca991d098cdbe788816c89170d8a7583,2019-02,Lancashire Constabulary,Lancashire Constabulary,-2.318229,53.801293,On or near Back Albert Street,E01024889,Burnley 004E,Burglary,Status update unavailable,
3a6beaded93b1fb77889d0ca2655323c115757623cd2d6f91d145352900aa2c1,2019-02,Lancashire Constabulary,Lancashire Constabulary,-2.319047,53.801003,On or near King Street,E01024889,Burnley 004E,Burglary,Status update unavailable,
6399e20c7d7f4ed2f5520b0686b5549af6012d5318f720349b380fa9f81da6b2,2019-02,Lancashire Constabulary,Lancashire Constabulary,-2.318229,53.801293,On or near Back Albert Street,E01024889,Burnley 004E,Burglary,Status update unavailable,
e4392e3d366dfbde1cbdcaf735238e92c48ce039e66efc9e268bcf589158aca1,2019-02,Lancashire Constabulary,Lancashire Constabulary,-2.318671,53.803458,On or near Acrefield,E01024889,Burnley 004E,Burglary,Status update unavailable,
b85136498e0072657e97652f162c5f158560cc89b21a40182f1f7fa64e017bf3,2019-02,Lancashire Constabulary,Lancashire Constabulary,-2.319087,53.802306,On or near Spring Gardens Terrace,E01024889,Burnley 004E,Burglary,Status update unavailable,
380eca7d3f586c074b31584c80d23fe6df9f679de5b92eeefb2d2ed5ada3f61c,2019-02,Lancashire Constabulary,Lancashire Constabulary,-2.316150,53.801505,On or near Calder Street,E01024889,Burnley 004E,Burglary,Status update unavailable,
a1970633111e1489f23ee9e6a8b05c347ead27b8686f4b39beb0cea51404c072,2019-02,Lancashire Constabulary,Lancashire Constabulary,-2.316945,53.802159,On or near Havelock Street,E01024889,Burnley 004E,Shoplifting,Status update unavailable,
c042727f9da8ed6f91aeae185db6c5cc079bb9ca9cc9baa075bdaefc7d35979f,2019-02,Lancashire Constabulary,Lancashire Constabulary,-2.319531,53.800777,On or near Queen Street,E01024889,Burnley 004E,Violence and sexual offences,Unable to prosecute suspect,
bfcede91ed7460aec9b856cd5fe936b8421143c02c1e0c802bd03d5bc14ce37c,2019-02,Lancashire Constabulary,Lancashire Constabulary,-2.323923,53.799408,On or near Arboury Street,E01024889,Burnley 004E,Other crime,Action to be taken by another organisation,
,2019-02,Lancashire Constabulary,Lancashire Constabulary,-2.314449,53.793294,On or near St John'S Road,E01024890,Burnley 004F,Anti-social behaviour,,
,2019-02,Lancashire Constabulary,Lancashire Constabulary,-2.309541,53.792579,On or near Norfolk Avenue,E01024890,Burnley 004F,Anti-social behaviour,,
,2019-02,Lancashire Constabulary,Lancashire Constabulary,-2.309541,53.792579,On or near Norfolk Avenue,E01024890,Burnley 004F,Anti-social behaviour,,
,2019-02,Lancashire Constabulary,Lancashire Constabulary,-2.306894,53.793862,On or near Beech Street,E01024890,Burnley 004F,Anti-social behaviour,,
,2019-02,Lancashire Constabulary,Lancashire Constabulary,-2.314449,53.793294,On or near St John'S Road,E01024890,Burnley 004F,Anti-social behaviour,,
e0da078c4d0490326939c0d7861c43347f43d9544bc32e1bf187807a0b4d52f8,2019-02,Lancashire Constabulary,Lancashire Constabulary,-2.314449,53.793294,On or near St John'S Road,E01024890,Burnley 004F,Burglary,Status update unavailable,
817edd6339f92beeaa06eedb1da0a76bc156565cb041603de093dbf50f71d90b,2019-02,Lancashire Constabulary,Lancashire Constabulary,-2.316387,53.796651,On or near Elizabeth Street,E01024890,Burnley 004F,Burglary,Status update unavailable,
6d177d556028c8a28658c816912e951cdeb9f3096961289732daca4671bb1355,2019-02,Lancashire Constabulary,Lancashire Constabulary,-2.316387,53.796651,On or near Elizabeth Street,E01024890,Burnley 004F,Burglary,Status update unavailable,
1a770fc7ec332eaa37b31bfe2005f63182377adde352137ee8869d3d4d3047d7,2019-02,Lancashire Constabulary,Lancashire Constabulary,-2.312555,53.795744,On or near Oat Street,E01024890,Burnley 004F,Other theft,Status update unavailable,
dcbfd81e5eee30dfdd38223db7eb84d59651566d51055b4f4a2a87666a7ee0fb,2019-02,Lancashire Constabulary,Lancashire Constabulary,-2.307889,53.792997,On or near Bedford Place,E01024890,Burnley 004F,Public order,Status update unavailable,
cf7938e7f27f1acd9491448cb35d8e9a854b04f3c445c1384c402f8f733ea1ef,2019-02,Lancashire Constabulary,Lancashire Constabulary,-2.316387,53.796651,On or near Elizabeth Street,E01024890,Burnley 004F,Public order,Unable to prosecute suspect,
05663b306a54c1dafa5eb4305242e6168e370d01195550b38e162050258dc010,2019-02,Lancashire Constabulary,Lancashire Constabulary,-2.315020,53.796556,On or near Green Street,E01024890,Burnley 004F,Vehicle crime,Status update unavailable,
aeb14bfe9af3679474a6592f125423085c8db080a21f834451cc9a1b5eb86d73,2019-02,Lancashire Constabulary,Lancashire Constabulary,-2.315229,53.796115,On or near Cotton Street,E01024890,Burnley 004F,Violence and sexual offences,Unable to prosecute suspect,
2c489c2378af4553084af483177eb379fb505c851f4d2c418dbbe54ba75091d5,2019-02,Lancashire Constabulary,Lancashire Constabulary,-2.312264,53.795385,On or near Wheat Street,E01024890,Burnley 004F,Violence and sexual offences,Status update unavailable,
cf5ca03c41d0c9828c5d734f0564dadbb74492ea29cc229cd6191758b7390376,2019-02,Lancashire Constabulary,Lancashire Constabulary,-2.315229,53.796115,On or near Cotton Street,E01024890,Burnley 004F,Violence and sexual offences,Unable to prosecute suspect,
5c240a97debcb39c16f3e56bd8bbe3f321c9dccdd6f151e7e09718d94694ea8a,2019-02,Lancashire Constabulary,Lancashire Constabulary,-2.316387,53.796651,On or near Elizabeth Street,E01024890,Burnley 004F,Violence and sexual offences,Status update unavailable,
,2019-02,Lancashire Constabulary,Lancashire Constabulary,-2.296801,53.794166,On or near Cowley Crescent,E01024879,Burnley 005A,Anti-social behaviour,,
,2019-02,Lancashire Constabulary,Lancashire Constabulary,-2.284762,53.796263,On or near Anglesey Avenue,E01024879,Burnley 005A,Anti-social behaviour,,
,2019-02,Lancashire Constabulary,Lancashire Constabulary,-2.296031,53.794708,On or near Scott Street,E01024879,Burnley 005A,Anti-social behaviour,,
,2019-02,Lancashire Constabulary,Lancashire Constabulary,-2.296031,53.794708,On or near Scott Street,E01024879,Burnley 005A,Anti-social behaviour,,
e83b7f5a7705718487c3283138fd901d21329103cb6354fdede52c0fe1a31b7b,2019-02,Lancashire Constabulary,Lancashire Constabulary,-2.284762,53.796263,On or near Anglesey Avenue,E01024879,Burnley 005A,Burglary,Status update unavailable,
a2436c0f0e9864c0d183e5502faa9e35a14e4cd06d367ad7dc2c7fe1d2fa4c54,2019-02,Lancashire Constabulary,Lancashire Constabulary,-2.294885,53.795816,On or near Byron Street,E01024879,Burnley 005A,Criminal damage and arson,Status update unavailable,
670353de00ff5725e06fed3f62cab9314a219bc1d3054e7ddc98a3fa4d520e49,2019-02,Lancashire Constabulary,Lancashire Constabulary,-2.294885,53.795816,On or near Byron Street,E01024879,Burnley 005A,Other theft,Status update unavailable,
c37a6d2b587eef92fe9fe4e9b62bd6b51db51a966be284f62d8f3e32e99a372a,2019-02,Lancashire Constabulary,Lancashire Constabulary,-2.286356,53.796349,On or near Glamorgan Grove,E01024879,Burnley 005A,Public order,Unable to prosecute suspect,
342c42ec232fb3c64797d1c0f04159959cd2f22a8885fe15c8988aa7ea36d192,2019-02,Lancashire Constabulary,Lancashire Constabulary,-2.276748,53.791985,On or near Sycamore Avenue,E01024880,Burnley 005B,Burglary,Status update unavailable,
73fdba4cd8e9236962579077ae3ed8890f6b66fca6dbe909e4b09f7ca4a1ed06,2019-02,Lancashire Constabulary,Lancashire Constabulary,-2.273687,53.795111,On or near Woodbine Gardens,E01024880,Burnley 005B,Burglary,Status update unavailable,
2168d96b719807d92222bc1c1d84bc404e53f590fc87599648d993c222c59870,2019-02,Lancashire Constabulary,Lancashire Constabulary,-2.273687,53.795111,On or near Woodbine Gardens,E01024880,Burnley 005B,Other theft,Status update unavailable,
783b99f60f4a2b5ca5c381cff43ea514aa91e7a8cf8d892930a924b70bab188a,2019-02,Lancashire Constabulary,Lancashire Constabulary,-2.279235,53.796123,On or near Palace Gardens,E01024880,Burnley 005B,Shoplifting,Local resolution,
f716bf98d37b59f50c4cffd49a4c31565d1c10c9ab81a5aa8d45ade73607a13a,2019-02,Lancashire Constabulary,Lancashire Constabulary,-2.276748,53.791985,On or near Sycamore Avenue,E01024880,Burnley 005B,Vehicle crime,Status update unavailable,
49de3cb0460b602c3200c35c6bd16fec7d3623bdf2ba73d3b597b92f7d086c57,2019-02,Lancashire Constabulary,Lancashire Constabulary,-2.272979,53.795913,On or near Watt Street,E01024880,Burnley 005B,Violence and sexual offences,Investigation complete; no suspect identified,
9383068cc59ffcffa76e330bf80922d533e23bd8ebadf01ead32268c009699c9,2019-02,Lancashire Constabulary,Lancashire Constabulary,-2.284169,53.796156,On or near Cardigan Avenue,E01024880,Burnley 005B,Other crime,Status update unavailable,
,2019-02,Lancashire Constabulary,Lancashire Constabulary,-2.283520,53.798980,On or near Lingmoor Drive,E01024912,Burnley 005C,Anti-social behaviour,,
e2c88bb144330b4d893199c08312ef1b05c6f9b570b6594d64cb04e80845a888,2019-02,Lancashire Constabulary,Lancashire Constabulary,-2.300716,53.806632,On or near Grove Lane,E01024912,Burnley 005C,Possession of weapons,Formal action is not in the public interest,
da6fc7bc3e24c2323287c37f5361d2abf935ab11e4477670c4bdb1e0e26a6713,2019-02,Lancashire Constabulary,Lancashire Constabulary,-2.300716,53.806632,On or near Grove Lane,E01024912,Burnley 005C,Public order,Status update unavailable,
1a8b21cab3dfb55032937fdeea2c9efd4476ab413ff9550f502caf5740b0115d,2019-02,Lancashire Constabulary,Lancashire Constabulary,-2.300716,53.806632,On or near Grove Lane,E01024912,Burnley 005C,Violence and sexual offences,Status update unavailable,
087bb9d6f348568e13c978fb14265e38dfc4e65f8c75a80b9643dbde081fd370,2019-02,Lancashire Constabulary,Lancashire Constabulary,-2.285164,53.797412,On or near Padiham Road,E01024912,Burnley 005C,Other crime,Offender given community sentence,
,2019-02,Lancashire Constabulary,Lancashire Constabulary,-2.258878,53.798712,On or near Longton Road,E01024913,Burnley 005D,Anti-social behaviour,,
,2019-02,Lancashire Constabulary,Lancashire Constabulary,-2.258878,53.798712,On or near Longton Road,E01024913,Burnley 005D,Anti-social behaviour,,
721fb5f3f8b7f3b9d7513f7783b61759bbaa727328cd08a34311f1dedf7f5471,2019-02,Lancashire Constabulary,Lancashire Constabulary,-2.261761,53.800998,On or near Foxcroft,E01024913,Burnley 005D,Violence and sexual offences,Unable to prosecute suspect,
1e874fe0c3fb5ae0f9a99f10377b6ab44da80f0719e9c2d28823241d423fb4d3,2019-02,Lancashire Constabulary,Lancashire Constabulary,-2.260052,53.799492,On or near The Spinney,E01024913,Burnley 005D,Other crime,Formal action is not in the public interest,
c2ca9d1e17b0f05246ff3dfb67c22fb043a1fd6486a54443a649aeb870640acb,2019-02,Lancashire Constabulary,Lancashire Constabulary,-2.260052,53.799492,On or near The Spinney,E01024913,Burnley 005D,Other crime,Formal action is not in the public interest,
,2019-02,Lancashire Constabulary,Lancashire Constabulary,-2.271285,53.801606,On or near Fairbairn Avenue,E01024914,Burnley 005E,Anti-social behaviour,,
b66b3170a348c1a3b0539f6ee1c7f2504efb3aadeb4b286a12a34d4512ccea85,2019-02,Lancashire Constabulary,Lancashire Constabulary,-2.274235,53.802345,On or near Skiddaw Close,E01024914,Burnley 005E,Burglary,Status update unavailable,
,2019-02,Lancashire Constabulary,Lancashire Constabulary,-2.267313,53.792950,On or near Mitchell Street,E01024881,Burnley 006A,Anti-social behaviour,,
,2019-02,Lancashire Constabulary,Lancashire Constabulary,-2.267313,53.792950,On or near Mitchell Street,E01024881,Burnley 006A,Anti-social behaviour,,
78e64da458c88b6ffa1b74994061ddd2656d3c09d6a82d69cb9010341362206b,2019-02,Lancashire Constabulary,Lancashire Constabulary,-2.271034,53.795603,On or near Brassey Street,E01024881,Burnley 006A,Burglary,Defendant sent to Crown Court,
e142334e4adb62dc02f17f3fb5ff06efc3d8aeb64f1d65c90242289b42c8470c,2019-02,Lancashire Constabulary,Lancashire Constabulary,-2.268899,53.791796,On or near Harley Street,E01024881,Burnley 006A,Burglary,Status update unavailable,
403a54896d2528c16608f2cc64085111e89bdbae71ad92f588e2a1107bf3170d,2019-02,Lancashire Constabulary,Lancashire Constabulary,-2.272894,53.794529,On or near Beatrice Avenue,E01024881,Burnley 006A,Burglary,Status update unavailable,
b172757fd6d8db5e8a6597a40bf5e0d1c671c30b430c29455090b28aa5139f3d,2019-02,Lancashire Constabulary,Lancashire Constabulary,-2.268384,53.791950,On or near Ainslie Street,E01024881,Burnley 006A,Other theft,Status update unavailable,
9c9f6195d3b42517ce70550aa378a8a95f421c83716a23babf008e94900d619c,2019-02,Lancashire Constabulary,Lancashire Constabulary,-2.268067,53.792257,On or near Windsor Street,E01024881,Burnley 006A,Other theft,Status update unavailable,
1f8ef0b50ddf1d39fdc2674f8ea8089108342e7bcd14475641cb0ec6c59a9bb3,2019-02,Lancashire Constabulary,Lancashire Constabulary,-2.266765,53.795109,On or near Ighten Road,E01024881,Burnley 006A,Public order,Status update unavailable,
f39e0b819a80dd5a5d54fd33c012b529250fed6e6b9b20a046e0a5d6586d7bd5,2019-02,Lancashire Constabulary,Lancashire Constabulary,-2.267313,53.792950,On or near Mitchell Street,E01024881,Burnley 006A,Theft from the person,Unable to prosecute suspect,
d8e839fa883a905ecf81e6601a8123bbcf021af55f46d9ac93eee45ca89acb77,2019-02,Lancashire Constabulary,Lancashire Constabulary,-2.273784,53.793601,On or near Montgomery Grove,E01024881,Burnley 006A,Vehicle crime,Status update unavailable,
85020881207be39e56840b8e72e726f5d16d37af1211d0c683e2320c2882663d,2019-02,Lancashire Constabulary,Lancashire Constabulary,-2.270650,53.795019,On or near Brunel Street,E01024881,Burnley 006A,Vehicle crime,Status update unavailable,
c084190240a179a0eab4f120c5ed57b5ac4089acd8e34b3bd81a8581a46215e1,2019-02,Lancashire Constabulary,Lancashire Constabulary,-2.266596,53.792395,On or near Claremont Street,E01024881,Burnley 006A,Violence and sexual offences,Further investigation is not in the public interest,
caa2600154ad6c0ec1921032483a2d7450c75208fe40a5d6ca47bd777c7a248f,2019-02,Lancashire Constabulary,Lancashire Constabulary,-2.267313,53.792950,On or near Mitchell Street,E01024881,Burnley 006A,Violence and sexual offences,Status update unavailable,
47941b2de1030705a01448f779d0f71290df62c9f762b97c99a18f2f2916ebd5,2019-02,Lancashire Constabulary,Lancashire Constabulary,-2.269950,53.794652,On or near Romford Street,E01024881,Burnley 006A,Violence and sexual offences,Formal action is not in the public interest,
f5d572ce8c134d78b638cbf1f408fc5e5c30bbb37e6ccc575f98ca6c30e8ab4d,2019-02,Lancashire Constabulary,Lancashire Constabulary,-2.272361,53.794278,On or near Olivant Street,E01024881,Burnley 006A,Violence and sexual offences,Status update unavailable,
ae4923f5997ac5aed44925a95260ea50d6ba074ea6d179477d4b753ac4a28acd,2019-02,Lancashire Constabulary,Lancashire Constabulary,-2.269870,53.794095,On or near Rendel Street,E01024881,Burnley 006A,Violence and sexual offences,Further investigation is not in the public interest,
58743e1c5b61918209394b7dcb765268d38cd0d29486951676cbdfb018279f25,2019-02,Lancashire Constabulary,Lancashire Constabulary,-2.268899,53.791796,On or near Harley Street,E01024881,Burnley 006A,Violence and sexual offences,Status update unavailable,
f7e749a376c68f31134bd7703109d166d9d5bd16cd7bd203b0456cec44790225,2019-02,Lancashire Constabulary,Lancashire Constabulary,-2.266765,53.795109,On or near Ighten Road,E01024881,Burnley 006A,Violence and sexual offences,Further investigation is not in the public interest,
d71813f723d82832e85b28ce6118377e8938ddca967f88a2c9d654ca47d7385d,2019-02,Lancashire Constabulary,Lancashire Constabulary,-2.268899,53.791796,On or near Harley Street,E01024881,Burnley 006A,Violence and sexual offences,Status update unavailable,
9539bb3df27448473073e441ccdfcb282236e399d7cbca18100b3eb6cfc3e65a,2019-02,Lancashire Constabulary,Lancashire Constabulary,-2.266596,53.792395,On or near Claremont Street,E01024881,Burnley 006A,Other crime,Local resolution,
,2019-02,Lancashire Constabulary,Lancashire Constabulary,-2.276515,53.791177,On or near Sports/Recreation Area,E01024882,Burnley 006B,Anti-social behaviour,,
,2019-02,Lancashire Constabulary,Lancashire Constabulary,-2.273827,53.790985,On or near Sycamore Close,E01024882,Burnley 006B,Anti-social behaviour,,
,2019-02,Lancashire Constabulary,Lancashire Constabulary,-2.270520,53.791334,On or near Woodbine Road,E01024882,Burnley 006B,Anti-social behaviour,,
,2019-02,Lancashire Constabulary,Lancashire Constabulary,-2.271400,53.793561,On or near Palace Street,E01024882,Burnley 006B,Anti-social behaviour,,
,2019-02,Lancashire Constabulary,Lancashire Constabulary,-2.271400,53.793561,On or near Palace Street,E01024882,Burnley 006B,Anti-social behaviour,,
,2019-02,Lancashire Constabulary,Lancashire Constabulary,-2.270115,53.792090,On or near Coultate Street,E01024882,Burnley 006B,Anti-social behaviour,,
,2019-02,Lancashire Constabulary,Lancashire Constabulary,-2.275596,53.792204,On or near Tedder Avenue,E01024882,Burnley 006B,Anti-social behaviour,,
,2019-02,Lancashire Constabulary,Lancashire Constabulary,-2.271400,53.793561,On or near Palace Street,E01024882,Burnley 006B,Anti-social behaviour,,
b7d8cf9982cd1234361f70d4066108cc1ae8674a4466fd6e98ab20718ccf898e,2019-02,Lancashire Constabulary,Lancashire Constabulary,-2.270115,53.792090,On or near Coultate Street,E01024882,Burnley 006B,Burglary,Status update unavailable,
1f1c78d57bbd056cc6fe323101217f5bc50761b6d6f37c8ee87eb094b8d309da,2019-02,Lancashire Constabulary,Lancashire Constabulary,-2.269602,53.792487,On or near Kime Street,E01024882,Burnley 006B,Burglary,Status update unavailable,
e9a2589e27e68abd1cbe05c56656606a5e31fcf4aedbc6587173e7b361b2e057,2019-02,Lancashire Constabulary,Lancashire Constabulary,-2.269602,53.792487,On or near Kime Street,E01024882,Burnley 006B,Criminal damage and arson,Awaiting court outcome,
20529e4aa85366d2aec5e31920a58c270a36f19198e6b30b625d5a330966cc7e,2019-02,Lancashire Constabulary,Lancashire Constabulary,-2.269602,53.792487,On or near Kime Street,E01024882,Burnley 006B,Criminal damage and arson,Status update unavailable,
43d9328e9570bb2af2d34ede1c5f39cc58cad3cbb109d4f7ccd25fb045787a09,2019-02,Lancashire Constabulary,Lancashire Constabulary,-2.270520,53.791334,On or near Woodbine Road,E01024882,Burnley 006B,Criminal damage and arson,Status update unavailable,
09c947883de197b2a9691adb15fb5b326d875233f274b923398b8deca3e47f91,2019-02,Lancashire Constabulary,Lancashire Constabulary,-2.270520,53.791334,On or near Woodbine Road,E01024882,Burnley 006B,Public order,Status update unavailable,
9648c3d29da5f92be3e707c1670d926e456096ad9426b45db467f8b353067a23,2019-02,Lancashire Constabulary,Lancashire Constabulary,-2.272061,53.792544,On or near Lionel Street,E01024882,Burnley 006B,Vehicle crime,Status update unavailable,
7024719e91c8fad8de40d8f475bfd49e2d78037bef6768c16971ac710daed791,2019-02,Lancashire Constabulary,Lancashire Constabulary,-2.270708,53.792224,On or near Oak Street,E01024882,Burnley 006B,Violence and sexual offences,Unable to prosecute suspect,
e8ee945019d54f31a55f8c5da204e8c1f19463d273b5957026830dc2faa4358f,2019-02,Lancashire Constabulary,Lancashire Constabulary,-2.271007,53.791513,On or near Lubbock Street,E01024882,Burnley 006B,Violence and sexual offences,Unable to prosecute suspect,
a44bc02903255f07ad17fe4e6c5bec235575aab6ddcd843dba31fd0ed2c92b48,2019-02,Lancashire Constabulary,Lancashire Constabulary,-2.265970,53.791884,On or near Plover Street,E01024882,Burnley 006B,Violence and sexual offences,Status update unavailable,
3ef5f3646a87ada7057d3609027735ffcb76814a523967fe5ac19db02a9e141c,2019-02,Lancashire Constabulary,Lancashire Constabulary,-2.271412,53.790712,On or near Wren Street,E01024882,Burnley 006B,Violence and sexual offences,Status update unavailable,
daaecd86b23a866f35c747b4c3470b475f191c4ebf31c3359adff83da02e3724,2019-02,Lancashire Constabulary,Lancashire Constabulary,-2.270708,53.792224,On or near Oak Street,E01024882,Burnley 006B,Violence and sexual offences,Status update unavailable,
87e67bea0e6ee463d072e4902f9896e45800b490199f33dd5f69f93d6cdef905,2019-02,Lancashire Constabulary,Lancashire Constabulary,-2.270115,53.792090,On or near Coultate Street,E01024882,Burnley 006B,Violence and sexual offences,Status update unavailable,
c7b4fe96aa688b9aea0884c3405ac1101f8c996efbbf67eeb92e927889a392a8,2019-02,Lancashire Constabulary,Lancashire Constabulary,-2.270256,53.790301,On or near Gannow Lane,E01024882,Burnley 006B,Violence and sexual offences,Status update unavailable,
,2019-02,Lancashire Constabulary,Lancashire Constabulary,-2.282543,53.789186,On or near Dorset Street,E01024902,Burnley 006C,Anti-social behaviour,,
,2019-02,Lancashire Constabulary,Lancashire Constabulary,-2.282543,53.789186,On or near Dorset Street,E01024902,Burnley 006C,Anti-social behaviour,,
,2019-02,Lancashire Constabulary,Lancashire Constabulary,-2.281467,53.791642,On or near Lockyer Avenue,E01024902,Burnley 006C,Anti-social behaviour,,
,2019-02,Lancashire Constabulary,Lancashire Constabulary,-2.279322,53.788645,On or near Sunderland Street,E01024902,Burnley 006C,Anti-social behaviour,,
,2019-02,Lancashire Constabulary,Lancashire Constabulary,-2.282543,53.789186,On or near Dorset Street,E01024902,Burnley 006C,Anti-social behaviour,,
1c13ebb2a20fb3da6964822bd5c894ba16c6cd2281f24bcd6cd7877b55406d65,2019-02,Lancashire Constabulary,Lancashire Constabulary,-2.281769,53.786958,On or near Woodsley Street,E01024902,Burnley 006C,Bicycle theft,Status update unavailable,
9a5fef7692fdb670db6511c5a80876bf1322f3018872825c8c8a53634951b9e3,2019-02,Lancashire Constabulary,Lancashire Constabulary,-2.282844,53.788789,On or near Irwell Street,E01024902,Burnley 006C,Burglary,Status update unavailable,
c344fefa58f166eb8a60ac979dbbef3ee60267b3ff90846cc45823f15b010c84,2019-02,Lancashire Constabulary,Lancashire Constabulary,-2.280087,53.789578,On or near Harling Street,E01024902,Burnley 006C,Violence and sexual offences,Unable to prosecute suspect,
,2019-02,Lancashire Constabulary,Lancashire Constabulary,-2.263921,53.791861,On or near Monmouth Street,E01024911,Burnley 006D,Anti-social behaviour,,
,2019-02,Lancashire Constabulary,Lancashire Constabulary,-2.263661,53.791592,On or near Shale Street,E01024911,Burnley 006D,Anti-social behaviour,,
262cb7a974bab38c14d0e275696f89ae821ff0f64c6bf110b1b208fde5341f86,2019-02,Lancashire Constabulary,Lancashire Constabulary,-2.262920,53.791989,On or near Bivel Street,E01024911,Burnley 006D,Criminal damage and arson,Status update unavailable,
19369ffa827e7f2e23865a1765b87cc3dc90bef46f72902d0cd7057fb9fd02bb,2019-02,Lancashire Constabulary,Lancashire Constabulary,-2.265981,53.791228,On or near Pendle Way,E01024911,Burnley 006D,Public order,Status update unavailable,
4cac3d6ecc76cab44b1f5282f321f45ab116b6fcfdd63004ad3226a0acb5f13d,2019-02,Lancashire Constabulary,Lancashire Constabulary,-2.259933,53.792643,On or near Allerton Drive,E01024911,Burnley 006D,Vehicle crime,Investigation complete; no suspect identified,
ad802046116d19ff620926f06ca66d2e6b02e2ada114cda24c13e378f9030aed,2019-02,Lancashire Constabulary,Lancashire Constabulary,-2.264449,53.791348,On or near Redruth Street,E01024911,Burnley 006D,Violence and sexual offences,Unable to prosecute suspect,
90cf26e2965ed3159440dfa1f7f9d21a140097ea64cfc465fa3da92ac1fff990,2019-02,Lancashire Constabulary,Lancashire Constabulary,-2.264175,53.791250,On or near Bread Street,E01024911,Burnley 006D,Violence and sexual offences,Unable to prosecute suspect,
0ae63983b5be9e792f93b7259bfa495c0c7d7458ece692c7a95fa20037022b46,2019-02,Lancashire Constabulary,Lancashire Constabulary,-2.264449,53.791348,On or near Redruth Street,E01024911,Burnley 006D,Violence and sexual offences,Unable to prosecute suspect,
312605083b0c7ba013ec9cf271411d97bda802d6b0f0ea1c966d1a1bb86dfa2e,2019-02,Lancashire Constabulary,Lancashire Constabulary,-2.263203,53.793589,On or near Greengate Close,E01024911,Burnley 006D,Violence and sexual offences,Formal action is not in the public interest,
2a473c557ccff94e76abb77fbf19b0801dbed3f1ba0ef1877c4510452549511c,2019-02,Lancashire Constabulary,Lancashire Constabulary,-2.264175,53.791250,On or near Bread Street,E01024911,Burnley 006D,Violence and sexual offences,Unable to prosecute suspect,
60555509b85550f1b431d7572dab93a9dd420dadcb9c3ada560c261b12cfc75f,2019-02,Lancashire Constabulary,Lancashire Constabulary,-2.264449,53.791348,On or near Redruth Street,E01024911,Burnley 006D,Violence and sexual offences,Unable to prosecute suspect,
b854bc61c936fbc2b6b6940ef1e070d9bb33113cd37ac74a04c44c38d7b061d9,2019-02,Lancashire Constabulary,Lancashire Constabulary,-2.259613,53.797237,On or near Beachley Square,E01024911,Burnley 006D,Violence and sexual offences,Unable to prosecute suspect,
,2019-02,Lancashire Constabulary,Lancashire Constabulary,-2.232868,53.787171,On or near Todmorden Road,E01024855,Burnley 007A,Anti-social behaviour,,
,2019-02,Lancashire Constabulary,Lancashire Constabulary,-2.234383,53.786674,On or near Lower Tentre,E01024855,Burnley 007A,Anti-social behaviour,,
,2019-02,Lancashire Constabulary,Lancashire Constabulary,-2.232868,53.787171,On or near Todmorden Road,E01024855,Burnley 007A,Anti-social behaviour,,
,2019-02,Lancashire Constabulary,Lancashire Constabulary,-2.230435,53.786358,On or near Admiral Street,E01024855,Burnley 007A,Anti-social behaviour,,
,2019-02,Lancashire Constabulary,Lancashire Constabulary,-2.232868,53.787171,On or near Todmorden Road,E01024855,Burnley 007A,Anti-social behaviour,,
,2019-02,Lancashire Constabulary,Lancashire Constabulary,-2.232868,53.787171,On or near Todmorden Road,E01024855,Burnley 007A,Anti-social behaviour,,
,2019-02,Lancashire Constabulary,Lancashire Constabulary,-2.230206,53.788983,On or near Sports/Recreation Area,E01024855,Burnley 007A,Anti-social behaviour,,
,2019-02,Lancashire Constabulary,Lancashire Constabulary,-2.232868,53.787171,On or near Todmorden Road,E01024855,Burnley 007A,Anti-social behaviour,,
,2019-02,Lancashire Constabulary,Lancashire Constabulary,-2.232868,53.787171,On or near Todmorden Road,E01024855,Burnley 007A,Anti-social behaviour,,
,2019-02,Lancashire Constabulary,Lancashire Constabulary,-2.232868,53.787171,On or near Todmorden Road,E01024855,Burnley 007A,Anti-social behaviour,,
,2019-02,Lancashire Constabulary,Lancashire Constabulary,-2.232868,53.787171,On or near Todmorden Road,E01024855,Burnley 007A,Anti-social behaviour,,
,2019-02,Lancashire Constabulary,Lancashire Constabulary,-2.232591,53.792007,On or near Belvedere Road,E01024855,Burnley 007A,Anti-social behaviour,,
,2019-02,Lancashire Constabulary,Lancashire Constabulary,-2.229299,53.786819,On or near Holmsley Street,E01024855,Burnley 007A,Anti-social behaviour,,
213d228739a149c6ce462a7e599a93c187b22c9b06885b097b4e6c7353d7e984,2019-02,Lancashire Constabulary,Lancashire Constabulary,-2.230425,53.787437,On or near Holly Street,E01024855,Burnley 007A,Burglary,Status update unavailable,
5d0fb9d694d556ef9440bb26def86226586803f6016899610c6ab2d208021212,2019-02,Lancashire Constabulary,Lancashire Constabulary,-2.229299,53.786819,On or near Holmsley Street,E01024855,Burnley 007A,Drugs,Offender fined,
403088dcf2526b5e559d6702edfeab5cdb9070b97a9fea294f952394051bec56,2019-02,Lancashire Constabulary,Lancashire Constabulary,-2.231510,53.785898,On or near Linden Street,E01024855,Burnley 007A,Drugs,Awaiting court outcome,
4e44456cd3994a240457f690bdd6d377561f8e6a5321ae9fbcef531d0f734d27,2019-02,Lancashire Constabulary,Lancashire Constabulary,-2.232868,53.787171,On or near Todmorden Road,E01024855,Burnley 007A,Other theft,Status update unavailable,
12fa38dcedac5cd0308c46c471134d7e4d90c2379ec0f44ca611c4aa51ee4241,2019-02,Lancashire Constabulary,Lancashire Constabulary,-2.231510,53.785898,On or near Linden Street,E01024855,Burnley 007A,Other theft,Status update unavailable,
7dee6c27002301e5bf21120823a825b7e6b1e310866f1afb8b8ca30c33ca76b1,2019-02,Lancashire Constabulary,Lancashire Constabulary,-2.232868,53.787171,On or near Todmorden Road,E01024855,Burnley 007A,Public order,Status update unavailable,
f30118cebc52d0205a4f6f8186e040cf3a8942436bf59591e51396c6bb2333f1,2019-02,Lancashire Constabulary,Lancashire Constabulary,-2.230206,53.788983,On or near Sports/Recreation Area,E01024855,Burnley 007A,Public order,Status update unavailable,
dbcad91992451626342d9c91b997198392fad5ceee48ad1fcc952a90f918cd02,2019-02,Lancashire Constabulary,Lancashire Constabulary,-2.232868,53.787171,On or near Todmorden Road,E01024855,Burnley 007A,Public order,Status update unavailable,
a0982f934e01448bb410cf305b4c807816ce2ad9d127158b157f595879267970,2019-02,Lancashire Constabulary,Lancashire Constabulary,-2.231510,53.785898,On or near Linden Street,E01024855,Burnley 007A,Public order,Status update unavailable,
798f1b10e037a2584907735fe17636e0c9999dee53bbe35d959a2c5a35b43837,2019-02,Lancashire Constabulary,Lancashire Constabulary,-2.231510,53.785898,On or near Linden Street,E01024855,Burnley 007A,Public order,Status update unavailable,
ca01346380b14f6bd5dd1595a0502eb7c12b80643a309c378d3fd8a79c5066c0,2019-02,Lancashire Constabulary,Lancashire Constabulary,-2.230903,53.786016,On or near Linby Street,E01024855,Burnley 007A,Public order,Unable to prosecute suspect,
a4a321a14bf0d15c89cd2d679b96f11765a948c5827fe184104e05f749bd093f,2019-02,Lancashire Constabulary,Lancashire Constabulary,-2.231364,53.787012,On or near Eastham Street,E01024855,Burnley 007A,Vehicle crime,Status update unavailable,
1851a84bdc1b6b1b3feb6a3494519a499d4f84db9b2413928c6862eabefa4f27,2019-02,Lancashire Constabulary,Lancashire Constabulary,-2.229859,53.786566,On or near Hinton Street,E01024855,Burnley 007A,Vehicle crime,Awaiting court outcome,
7928b899ef5f57362a3e55f8e087b483066c74f9e707a3abfa5a15eba2e15c2b,2019-02,Lancashire Constabulary,Lancashire Constabulary,-2.234383,53.786674,On or near Lower Tentre,E01024855,Burnley 007A,Violence and sexual offences,Status update unavailable,
60ec7c6be8ec07d25cc619d5ee98376fe6420a8e9d68e9e8bb81060d794f243d,2019-02,Lancashire Constabulary,Lancashire Constabulary,-2.231364,53.787012,On or near Eastham Street,E01024855,Burnley 007A,Violence and sexual offences,Unable to prosecute suspect,
b8a0aeac78710a9e328bb6552724870732064b4b6757d11270731a71e30d8490,2019-02,Lancashire Constabulary,Lancashire Constabulary,-2.232868,53.787171,On or near Todmorden Road,E01024855,Burnley 007A,Violence and sexual offences,Unable to prosecute suspect,
31f11ec461c631c9a28e545112dd001d2bbb48d525542735ebc8cf028531e38a,2019-02,Lancashire Constabulary,Lancashire Constabulary,-2.231510,53.785898,On or near Linden Street,E01024855,Burnley 007A,Violence and sexual offences,Unable to prosecute suspect,
a0b81e90f1742eb11678f9ee57b24cd1d6c74d27cab0d62e8eba46bfdabb3a19,2019-02,Lancashire Constabulary,Lancashire Constabulary,-2.228817,53.787583,On or near Prescott Street,E01024855,Burnley 007A,Violence and sexual offences,Status update unavailable,
52863d8994db5807980cf5d6fa706b6f292c1bd78238fa625f19ad805a128029,2019-02,Lancashire Constabulary,Lancashire Constabulary,-2.229299,53.786819,On or near Holmsley Street,E01024855,Burnley 007A,Violence and sexual offences,Status update unavailable,
2e645df66ad1d043e5a3bed0ba3c689998f8652f02f1c4739fa4eaac7afe9ee1,2019-02,Lancashire Constabulary,Lancashire Constabulary,-2.233497,53.788491,On or near Anne Street,E01024855,Burnley 007A,Violence and sexual offences,Status update unavailable,
6a5da14487e41c651fd62b4e9a01452ddc4dddf71fbde499541635e6514b9ba6,2019-02,Lancashire Constabulary,Lancashire Constabulary,-2.231510,53.785898,On or near Linden Street,E01024855,Burnley 007A,Violence and sexual offences,Offender given a caution,
6471c1cb80c21c423cacad6f1922ebcc663d6f70fece30a1990e24a320fa1f7c,2019-02,Lancashire Constabulary,Lancashire Constabulary,-2.232591,53.792007,On or near Belvedere Road,E01024855,Burnley 007A,Violence and sexual offences,Status update unavailable,
c0dfb95d0b5d5befa06fdc4bb9b97c61ce5b3f89233512a51ee69224b6891a99,2019-02,Lancashire Constabulary,Lancashire Constabulary,-2.228850,53.788033,On or near Brunshaw Road,E01024855,Burnley 007A,Violence and sexual offences,Unable to prosecute suspect,
,2019-02,Lancashire Constabulary,Lancashire Constabulary,-2.236175,53.797699,On or near Sports/Recreation Area,E01024857,Burnley 007B,Anti-social behaviour,,
,2019-02,Lancashire Constabulary,Lancashire Constabulary,-2.234418,53.801252,On or near Ribblesdale Street,E01024857,Burnley 007B,Anti-social behaviour,,
,2019-02,Lancashire Constabulary,Lancashire Constabulary,-2.235580,53.799920,On or near Pheasantford Green,E01024857,Burnley 007B,Anti-social behaviour,,
,2019-02,Lancashire Constabulary,Lancashire Constabulary,-2.235580,53.799920,On or near Pheasantford Green,E01024857,Burnley 007B,Anti-social behaviour,,
,2019-02,Lancashire Constabulary,Lancashire Constabulary,-2.234418,53.801252,On or near Ribblesdale Street,E01024857,Burnley 007B,Anti-social behaviour,,
,2019-02,Lancashire Constabulary,Lancashire Constabulary,-2.231089,53.797780,On or near Queen Victoria Road,E01024857,Burnley 007B,Anti-social behaviour,,
,2019-02,Lancashire Constabulary,Lancashire Constabulary,-2.235650,53.801493,On or near Briercliffe Road,E01024857,Burnley 007B,Anti-social behaviour,,
,2019-02,Lancashire Constabulary,Lancashire Constabulary,-2.235650,53.801493,On or near Briercliffe Road,E01024857,Burnley 007B,Anti-social behaviour,,
,2019-02,Lancashire Constabulary,Lancashire Constabulary,-2.225981,53.793521,On or near Aspen Drive,E01024857,Burnley 007B,Anti-social behaviour,,
a498cc235d9a8033d9e57b6c980d1bdf68bd1d9c6fae213c5cf8e9a48573209b,2019-02,Lancashire Constabulary,Lancashire Constabulary,-2.225664,53.793881,On or near Maple Bank,E01024857,Burnley 007B,Burglary,Status update unavailable,
e4aa6b26333e08e22175b8bd8a8c366075d4cb2ddef93608dd59ee296585a03c,2019-02,Lancashire Constabulary,Lancashire Constabulary,-2.230460,53.790942,On or near Holcombe Drive,E01024857,Burnley 007B,Other theft,Status update unavailable,
39324d3ff9eb116c50642e5bb6ff09bc647e849700646e1fcc7fa9e351b4b043,2019-02,Lancashire Constabulary,Lancashire Constabulary,-2.235580,53.799920,On or near Pheasantford Green,E01024857,Burnley 007B,Other theft,Status update unavailable,
48c754ecbae3d4a4d18e376f5b5be18bede11d7607339d6bc287664266001124,2019-02,Lancashire Constabulary,Lancashire Constabulary,-2.235580,53.799920,On or near Pheasantford Green,E01024857,Burnley 007B,Public order,Status update unavailable,
59e8c7321d01d11ff48c71bebe8142fe2d8adba201f7e7e0d119f1ea4de55566,2019-02,Lancashire Constabulary,Lancashire Constabulary,-2.234431,53.797972,On or near Sports/Recreation Area,E01024857,Burnley 007B,Theft from the person,Status update unavailable,
df00f319073d804547fd70210384040cd6d9aa65e48b74ecdb7c3c8283e303e5,2019-02,Lancashire Constabulary,Lancashire Constabulary,-2.225981,53.793521,On or near Aspen Drive,E01024857,Burnley 007B,Violence and sexual offences,Local resolution,
687e4a1d9170bca59927b6bc61245e6f3a77e00b3092791d5f297acdc9928363,2019-02,Lancashire Constabulary,Lancashire Constabulary,-2.225664,53.793881,On or near Maple Bank,E01024857,Burnley 007B,Violence and sexual offences,Unable to prosecute suspect,
4e1ddad18eb851e1c3a4da1a0600e3979172cadb3ebc30c023d325642bbe7f42,2019-02,Lancashire Constabulary,Lancashire Constabulary,-2.225341,53.793073,On or near Rowan Grove,E01024857,Burnley 007B,Violence and sexual offences,Unable to prosecute suspect,
23df37345a7a164e6bbeeb2f3dc6eb725447d3901392fb8c42ea702ef5335406,2019-02,Lancashire Constabulary,Lancashire Constabulary,-2.225341,53.793073,On or near Rowan Grove,E01024857,Burnley 007B,Violence and sexual offences,Offender given a caution,
,2019-02,Lancashire Constabulary,Lancashire Constabulary,-2.234716,53.789316,On or near Blakey Street,E01024858,Burnley 007C,Anti-social behaviour,,
,2019-02,Lancashire Constabulary,Lancashire Constabulary,-2.236398,53.788746,On or near Turf Street,E01024858,Burnley 007C,Anti-social behaviour,,
,2019-02,Lancashire Constabulary,Lancashire Constabulary,-2.234061,53.791600,On or near Hobart Street,E01024858,Burnley 007C,Anti-social behaviour,,
,2019-02,Lancashire Constabulary,Lancashire Constabulary,-2.234061,53.791600,On or near Hobart Street,E01024858,Burnley 007C,Anti-social behaviour,,
,2019-02,Lancashire Constabulary,Lancashire Constabulary,-2.235845,53.787660,On or near Ash Street,E01024858,Burnley 007C,Anti-social behaviour,,
,2019-02,Lancashire Constabulary,Lancashire Constabulary,-2.235094,53.786286,On or near Hull Street,E01024858,Burnley 007C,Anti-social behaviour,,
,2019-02,Lancashire Constabulary,Lancashire Constabulary,-2.237975,53.791278,On or near Adlington Street,E01024858,Burnley 007C,Anti-social behaviour,,
,2019-02,Lancashire Constabulary,Lancashire Constabulary,-2.237975,53.791278,On or near Adlington Street,E01024858,Burnley 007C,Anti-social behaviour,,
,2019-02,Lancashire Constabulary,Lancashire Constabulary,-2.233238,53.793714,On or near Felix Street,E01024858,Burnley 007C,Anti-social behaviour,,
,2019-02,Lancashire Constabulary,Lancashire Constabulary,-2.236050,53.789025,On or near Yorkshire Street,E01024858,Burnley 007C,Anti-social behaviour,,
,2019-02,Lancashire Constabulary,Lancashire Constabulary,-2.236398,53.788746,On or near Turf Street,E01024858,Burnley 007C,Anti-social behaviour,,
,2019-02,Lancashire Constabulary,Lancashire Constabulary,-2.236940,53.790713,On or near Parking Area,E01024858,Burnley 007C,Anti-social behaviour,,
,2019-02,Lancashire Constabulary,Lancashire Constabulary,-2.234834,53.791383,On or near Sandhurst Street,E01024858,Burnley 007C,Anti-social behaviour,,
,2019-02,Lancashire Constabulary,Lancashire Constabulary,-2.237975,53.791278,On or near Adlington Street,E01024858,Burnley 007C,Anti-social behaviour,,
,2019-02,Lancashire Constabulary,Lancashire Constabulary,-2.234177,53.790548,On or near Ridge Road,E01024858,Burnley 007C,Anti-social behaviour,,
,2019-02,Lancashire Constabulary,Lancashire Constabulary,-2.233439,53.791754,On or near Leyland Road,E01024858,Burnley 007C,Anti-social behaviour,,
,2019-02,Lancashire Constabulary,Lancashire Constabulary,-2.237975,53.791278,On or near Adlington Street,E01024858,Burnley 007C,Anti-social behaviour,,
c16df8ff086559c0e654770e9703b395c550a29e45eccce1ef85eb5eb29dc44c,2019-02,Lancashire Constabulary,Lancashire Constabulary,-2.235874,53.787327,On or near Pine Street,E01024858,Burnley 007C,Burglary,Awaiting court outcome,
7a86287d9769ccda3df79e638059ead8f9be5bab4afef0d9a42509447363b2ab,2019-02,Lancashire Constabulary,Lancashire Constabulary,-2.233439,53.791754,On or near Leyland Road,E01024858,Burnley 007C,Criminal damage and arson,Status update unavailable,
e77a149a8a94247811edbade03587a17f79472964aceab0d1f835d27d29f162b,2019-02,Lancashire Constabulary,Lancashire Constabulary,-2.236398,53.788746,On or near Turf Street,E01024858,Burnley 007C,Criminal damage and arson,Status update unavailable,
9002e497871d3bc3930dfd0e12472b9dc3550783b1c35163dddcff5b71cae2f9,2019-02,Lancashire Constabulary,Lancashire Constabulary,-2.234617,53.790655,On or near Albert Street,E01024858,Burnley 007C,Criminal damage and arson,Status update unavailable,
36a4611a9603e8c4e0119023afb3a96ddcb82029aa8fb94f8c25f103a105fb07,2019-02,Lancashire Constabulary,Lancashire Constabulary,-2.236398,53.788746,On or near Turf Street,E01024858,Burnley 007C,Criminal damage and arson,Local resolution,
d50c11d5f8faf61e74f587e55ac890094707360cfedc8334bd9e26cd03b800fe,2019-02,Lancashire Constabulary,Lancashire Constabulary,-2.236479,53.792404,On or near Forest Street,E01024858,Burnley 007C,Other theft,Status update unavailable,
19d3dcf20f7325abd8934b12b03d59884a6f707e21ee8b3a29193b938e0ae5ed,2019-02,Lancashire Constabulary,Lancashire Constabulary,-2.236398,53.788746,On or near Turf Street,E01024858,Burnley 007C,Other theft,Status update unavailable,
72bf18783554643b181dc16f8027f4ece42c393213d6f4a7c94c987cff7e0e20,2019-02,Lancashire Constabulary,Lancashire Constabulary,-2.236940,53.790713,On or near Parking Area,E01024858,Burnley 007C,Other theft,Status update unavailable,
5f37d3498469e7cba656701cf0314bd75a2e0da5b113934ca2580f08cd031f3b,2019-02,Lancashire Constabulary,Lancashire Constabulary,-2.235874,53.787327,On or near Pine Street,E01024858,Burnley 007C,Other theft,Unable to prosecute suspect,
71cef1e980b5564108535f3b23547e52e584c2a7bd3bbf3b9d95345d2c2a6bab,2019-02,Lancashire Constabulary,Lancashire Constabulary,-2.233484,53.786055,On or near Holmes Street,E01024858,Burnley 007C,Other theft,Status update unavailable,
9fd4ab45bac713a2ecd516380adb2f2887b11f0275e131cea784d33f1cbfa941,2019-02,Lancashire Constabulary,Lancashire Constabulary,-2.238815,53.792040,On or near Church Street,E01024858,Burnley 007C,Possession of weapons,Court case unable to proceed,
f6de1eebf05433041e4388c0026cc2bd1b8f2745bde7f03efd93c2c090b8ffb3,2019-02,Lancashire Constabulary,Lancashire Constabulary,-2.235571,53.792963,On or near Talbot Street,E01024858,Burnley 007C,Public order,Status update unavailable,
792fc6265724cc51208f7e380af9e1e9a4f7d8ed608234cf96934204b5eff61b,2019-02,Lancashire Constabulary,Lancashire Constabulary,-2.233238,53.793714,On or near Felix Street,E01024858,Burnley 007C,Public order,Status update unavailable,
202546f0ef5a63e101dd6370d856e2c500d7c500b3aacb153908699fa49f39bf,2019-02,Lancashire Constabulary,Lancashire Constabulary,-2.235874,53.787327,On or near Pine Street,E01024858,Burnley 007C,Public order,Unable to prosecute suspect,
7193d0d0430c3aa33dc45500a924645fe4fee923491c080b35baba4f89076a0f,2019-02,Lancashire Constabulary,Lancashire Constabulary,-2.232446,53.793185,On or near Doris Street,E01024858,Burnley 007C,Public order,Local resolution,
d9768b4d6c27d81195b1728b8e9ce9d2db2abbed0298457da46da0bf1b960c52,2019-02,Lancashire Constabulary,Lancashire Constabulary,-2.234617,53.790655,On or near Albert Street,E01024858,Burnley 007C,Shoplifting,Status update unavailable,
b958a49da35c5c0661747a72aef1f77c8ecc069ca5a06f13d8bb6857919a200f,2019-02,Lancashire Constabulary,Lancashire Constabulary,-2.233484,53.786055,On or near Holmes Street,E01024858,Burnley 007C,Shoplifting,Status update unavailable,
e519b4dc7e6d6c1983acd04009c6b96fd75a4fefa50477b959d4bfa635408c4c,2019-02,Lancashire Constabulary,Lancashire Constabulary,-2.233484,53.786055,On or near Holmes Street,E01024858,Burnley 007C,Shoplifting,Status update unavailable,
ac0635ff2f84484ef34044ad9a9c160779f0b487bb012e39ae8d6cbd2f990280,2019-02,Lancashire Constabulary,Lancashire Constabulary,-2.235845,53.787660,On or near Ash Street,E01024858,Burnley 007C,Violence and sexual offences,Local resolution,
2c38b046e56b1a6e2b0a0d6fd86073da3371e2b1733471c65b3041d6040c9740,2019-02,Lancashire Constabulary,Lancashire Constabulary,-2.234488,53.792040,On or near Hunslet Street,E01024858,Burnley 007C,Violence and sexual offences,Unable to prosecute suspect,
b825bd5503fd01e5e53801bec1101dba5a4592b6558e7341761e38608371c96d,2019-02,Lancashire Constabulary,Lancashire Constabulary,-2.233439,53.791754,On or near Leyland Road,E01024858,Burnley 007C,Violence and sexual offences,Status update unavailable,
80662fd5f867f63388c1783e5ff3a151f7d9e32b3e6a5c1ea4126d64d721ebf8,2019-02,Lancashire Constabulary,Lancashire Constabulary,-2.235874,53.787327,On or near Pine Street,E01024858,Burnley 007C,Violence and sexual offences,Unable to prosecute suspect,
79996d8fc331a71ef1fe2383c2725909698a6f420856616d2898342f5bdd5b3e,2019-02,Lancashire Constabulary,Lancashire Constabulary,-2.236050,53.789025,On or near Yorkshire Street,E01024858,Burnley 007C,Violence and sexual offences,Status update unavailable,
56e8cda669cd436520f0c97ddcb48bd1b06fab9fa845a4d7c85465de08fb506f,2019-02,Lancashire Constabulary,Lancashire Constabulary,-2.236398,53.788746,On or near Turf Street,E01024858,Burnley 007C,Violence and sexual offences,Unable to prosecute suspect,
2d395e0857d60056fe58927fd9ef9515c5f278d751ba77a5a0804d2990bb0263,2019-02,Lancashire Constabulary,Lancashire Constabulary,-2.237975,53.791278,On or near Adlington Street,E01024858,Burnley 007C,Violence and sexual offences,Status update unavailable,
4bbb9177a777dfcae760ed96edd3903611aa6559cae31ec1d01ab2b4f6bbd907,2019-02,Lancashire Constabulary,Lancashire Constabulary,-2.236050,53.789025,On or near Yorkshire Street,E01024858,Burnley 007C,Violence and sexual offences,Status update unavailable,
669688cbb92c8676b5226fcbd9279dbab1c6cc2ac865d8943c2451638c0f3367,2019-02,Lancashire Constabulary,Lancashire Constabulary,-2.235874,53.787327,On or near Pine Street,E01024858,Burnley 007C,Violence and sexual offences,Further investigation is not in the public interest,
63c1d0ecaeb91f112061a691343701728cfb227cfeef6956b98e9f0e5e05f782,2019-02,Lancashire Constabulary,Lancashire Constabulary,-2.236398,53.788746,On or near Turf Street,E01024858,Burnley 007C,Violence and sexual offences,Status update unavailable,
07dbd911b26e13b63488aecbb0a5ae54c27a9866672d8f7f3a88d3963bcbeb76,2019-02,Lancashire Constabulary,Lancashire Constabulary,-2.237975,53.791278,On or near Adlington Street,E01024858,Burnley 007C,Violence and sexual offences,Status update unavailable,
fe1c924861c3149b63d80278f0e5cfafc6817786209e938704581411ba2ca043,2019-02,Lancashire Constabulary,Lancashire Constabulary,-2.233238,53.793714,On or near Felix Street,E01024858,Burnley 007C,Violence and sexual offences,Status update unavailable,
55d2dce9ef62eafb801583983328c52861f579219892a31744f979ce1523926d,2019-02,Lancashire Constabulary,Lancashire Constabulary,-2.236940,53.790713,On or near Parking Area,E01024858,Burnley 007C,Violence and sexual offences,Further investigation is not in the public interest,
6a8e2310481caa0d3e970bf2d549deb3bf23f6227d3665a0e6d531612eb7e475,2019-02,Lancashire Constabulary,Lancashire Constabulary,-2.234716,53.789316,On or near Blakey Street,E01024858,Burnley 007C,Violence and sexual offences,Status update unavailable,
75b0faf16fe52251fc1d4d8dba0d089dfa1297de8e4d708fff98c736f918ec34,2019-02,Lancashire Constabulary,Lancashire Constabulary,-2.235082,53.786969,On or near Oxford Road,E01024858,Burnley 007C,Violence and sexual offences,Status update unavailable,
efecd0c63d3edd42d13ed51fa40f7c96d15fbe294895daa2ead446de6ed167f5,2019-02,Lancashire Constabulary,Lancashire Constabulary,-2.236398,53.788746,On or near Turf Street,E01024858,Burnley 007C,Violence and sexual offences,Local resolution,
0b449fc61e18daf55d6d58ac0dd396a3d7f9d7e7dda4c7e3e131b2182655af28,2019-02,Lancashire Constabulary,Lancashire Constabulary,-2.224904,53.788013,On or near Stroyan Street,E01024864,Burnley 007D,Public order,Status update unavailable,
f19a86ef8cd2daf373bb90f3e62fbd32dd9860c1773a20f58ff6bbc981be8bfa,2019-02,Lancashire Constabulary,Lancashire Constabulary,-2.225214,53.786431,On or near Olympia Street,E01024864,Burnley 007D,Vehicle crime,Status update unavailable,
f90bef7569afe99279317fe7c9bc69f994259ec4cf8c965940426974737d3402,2019-02,Lancashire Constabulary,Lancashire Constabulary,-2.225613,53.787302,On or near Lyndhurst Road,E01024864,Burnley 007D,Violence and sexual offences,Offender sent to prison,
91f8dc8679251497ead7cfc97c424431e9e58f82215102871b616969a8919b62,2019-02,Lancashire Constabulary,Lancashire Constabulary,-2.225214,53.786431,On or near Olympia Street,E01024864,Burnley 007D,Violence and sexual offences,Status update unavailable,
,2019-02,Lancashire Constabulary,Lancashire Constabulary,-2.218706,53.787135,On or near Roughlee Grove,E01024863,Burnley 008A,Anti-social behaviour,,
,2019-02,Lancashire Constabulary,Lancashire Constabulary,-2.219151,53.785103,On or near Ribchester Avenue,E01024863,Burnley 008A,Anti-social behaviour,,
,2019-02,Lancashire Constabulary,Lancashire Constabulary,-2.217710,53.788161,On or near Waddington Avenue,E01024863,Burnley 008A,Anti-social behaviour,,
c398ab20c814d78da09100284e7098a4b2a053094464597be0c4358864d7900e,2019-02,Lancashire Constabulary,Lancashire Constabulary,-2.220954,53.787374,On or near Wycoller Avenue,E01024863,Burnley 008A,Burglary,Status update unavailable,
0a2fdd84d3591a10c6686c1383ed83a8b3fd46af1d31db037ac556c7b00c3edd,2019-02,Lancashire Constabulary,Lancashire Constabulary,-2.213522,53.788358,On or near Extwistle Square,E01024863,Burnley 008A,Other theft,Status update unavailable,
7899d152f62cb23c1a2a34ac00efbb0182f378082603ed49d48feb5d8a3b8f48,2019-02,Lancashire Constabulary,Lancashire Constabulary,-2.221561,53.784469,On or near Darnley Street,E01024863,Burnley 008A,Vehicle crime,Status update unavailable,
8b220408642aa725a17f2cdbbbadf5f6cd26ff5d39c0021d553c83a41a83a8d7,2019-02,Lancashire Constabulary,Lancashire Constabulary,-2.219151,53.785103,On or near Ribchester Avenue,E01024863,Burnley 008A,Vehicle crime,Status update unavailable,
50942d01b8b2e62135d186d5df0763b7bb6bde1c4f20a473e565d42090e312a8,2019-02,Lancashire Constabulary,Lancashire Constabulary,-2.221561,53.784469,On or near Darnley Street,E01024863,Burnley 008A,Violence and sexual offences,Unable to prosecute suspect,
72aa0118f932d45fa346d04b5c0e90f50be8c3e65366b836737e2f0f1e43deaa,2019-02,Lancashire Constabulary,Lancashire Constabulary,-2.217576,53.785708,On or near Paythorne Avenue,E01024863,Burnley 008A,Violence and sexual offences,Status update unavailable,
,2019-02,Lancashire Constabulary,Lancashire Constabulary,-2.227601,53.790057,On or near Browsholme Avenue,E01024865,Burnley 008B,Anti-social behaviour,,
,2019-02,Lancashire Constabulary,Lancashire Constabulary,-2.223720,53.790811,On or near Deerstone Avenue,E01024865,Burnley 008B,Anti-social behaviour,,
d049f2f1cda7d1a6973b5dc5c0132cc313f2d5328e4c8769a9143bf0c78b36c0,2019-02,Lancashire Constabulary,Lancashire Constabulary,-2.222021,53.791048,On or near Edgeworth Grove,E01024865,Burnley 008B,Burglary,Unable to prosecute suspect,
842949de23ef2595fe7b09135f06c940e1b15d250bcb7be549fe8fa8eb566414,2019-02,Lancashire Constabulary,Lancashire Constabulary,-2.224511,53.791259,On or near Brownhill Avenue,E01024865,Burnley 008B,Criminal damage and arson,Status update unavailable,
072aa5f76bb3255070171af2c47b5572ac67617e5b4b07e9f4f3737b11837aa2,2019-02,Lancashire Constabulary,Lancashire Constabulary,-2.227078,53.788782,On or near Brandwood Grove,E01024865,Burnley 008B,Other theft,Status update unavailable,
63dbf510ca796959f6cb770d7b2e561fd6225150a33012b4fda2845d7de91c0e,2019-02,Lancashire Constabulary,Lancashire Constabulary,-2.225153,53.789271,On or near Barley Grove,E01024865,Burnley 008B,Violence and sexual offences,Local resolution,
372a31bc7c492265230e9e4235477cb2b75fc34f15feafd875e23fbc95848d15,2019-02,Lancashire Constabulary,Lancashire Constabulary,-2.222021,53.791048,On or near Edgeworth Grove,E01024865,Burnley 008B,Violence and sexual offences,Further investigation is not in the public interest,
e5a0d2c066b3fa7b745d6b57e92e74a2f9a9845b2b42068256fae37b1a8e8947,2019-02,Lancashire Constabulary,Lancashire Constabulary,-2.222021,53.791048,On or near Edgeworth Grove,E01024865,Burnley 008B,Violence and sexual offences,Unable to prosecute suspect,
505831658018f761472aaf2b79c108c63bb2f99c491d376d04cb7bf63b09984d,2019-02,Lancashire Constabulary,Lancashire Constabulary,-2.222021,53.791048,On or near Edgeworth Grove,E01024865,Burnley 008B,Violence and sexual offences,Unable to prosecute suspect,
,2019-02,Lancashire Constabulary,Lancashire Constabulary,-2.223211,53.783747,On or near Mary Towneley Fold,E01024866,Burnley 008C,Anti-social behaviour,,
,2019-02,Lancashire Constabulary,Lancashire Constabulary,-2.216369,53.787085,On or near Gisburn Grove,E01024866,Burnley 008C,Anti-social behaviour,,
bd44821f934a434919c9687d74b5e7304da4a256ad6a919c09a17e152c2b9560,2019-02,Lancashire Constabulary,Lancashire Constabulary,-2.222759,53.781348,On or near Sports/Recreation Area,E01024866,Burnley 008C,Burglary,Status update unavailable,
0aeaf302ab4f16f22eaaf4fbab388e1d9947a0be0f7b65279fea2d826a720e8d,2019-02,Lancashire Constabulary,Lancashire Constabulary,-2.214305,53.787260,On or near Pleasington Grove,E01024866,Burnley 008C,Burglary,Status update unavailable,
64219025468567c25812f3b90f2b45b17e5c8544bc3c10c469130f5885b86e9c,2019-02,Lancashire Constabulary,Lancashire Constabulary,-2.223211,53.783747,On or near Mary Towneley Fold,E01024866,Burnley 008C,Burglary,Status update unavailable,
77b161bd0c5ed3e5486165e57c69a100ab7101862b49b1727f601dc28aaa691e,2019-02,Lancashire Constabulary,Lancashire Constabulary,-2.214437,53.786226,On or near Stoneyhurst Avenue,E01024866,Burnley 008C,Other theft,Status update unavailable,
bed5f6f8d9fc3e97572739430626a1c4f3d26c98e3f1a96b445ff7c2bb039179,2019-02,Lancashire Constabulary,Lancashire Constabulary,-2.214305,53.787260,On or near Pleasington Grove,E01024866,Burnley 008C,Other theft,Status update unavailable,
cd78df35e51d270e306bfddaf58dae369ce53b1b224e89c2999c20ac18627395,2019-02,Lancashire Constabulary,Lancashire Constabulary,-2.222669,53.784566,On or near Elliott Street,E01024866,Burnley 008C,Violence and sexual offences,Unable to prosecute suspect,
3c37468cf5094e526061c925fec0bb5fda78644d13c69420631b090f98741cec,2019-02,Lancashire Constabulary,Lancashire Constabulary,-2.212673,53.785573,On or near Sheddon Grove,E01024866,Burnley 008C,Violence and sexual offences,Formal action is not in the public interest,
02a2eb51918a12a251c1c5b8ad9f0ae976249f42bbfefe6463502f526f9e39a1,2019-02,Lancashire Constabulary,Lancashire Constabulary,-2.222759,53.781348,On or near Sports/Recreation Area,E01024866,Burnley 008C,Violence and sexual offences,Status update unavailable,
ce8786a5d2d3473855fa456d529c26cfa191a2faf4736aa73130f85c606fc37c,2019-02,Lancashire Constabulary,Lancashire Constabulary,-2.222759,53.781348,On or near Sports/Recreation Area,E01024866,Burnley 008C,Violence and sexual offences,Status update unavailable,
8f9ed3c5467aacc409bd8c6429f8fa323f40f1189b54dce2fedda08fcd611feb,2019-02,Lancashire Constabulary,Lancashire Constabulary,-2.222759,53.781348,On or near Sports/Recreation Area,E01024866,Burnley 008C,Violence and sexual offences,Status update unavailable,
c04742040ffe5d8bcfaa2cf037c1051336838793e799c417ac945860b462ef44,2019-02,Lancashire Constabulary,Lancashire Constabulary,-2.222759,53.781348,On or near Sports/Recreation Area,E01024866,Burnley 008C,Violence and sexual offences,Status update unavailable,
676fc165c4c03872b0069261082d55b78feaca7574774eacbcbcaf24a38f2893,2019-02,Lancashire Constabulary,Lancashire Constabulary,-2.212558,53.786867,On or near Chiltern Avenue,E01024866,Burnley 008C,Violence and sexual offences,Status update unavailable,
d961328ffb5728c34ebdd308795dfe1b3ddb24b6956e86ef21547ac1d167b96c,2019-02,Lancashire Constabulary,Lancashire Constabulary,-2.222759,53.781348,On or near Sports/Recreation Area,E01024866,Burnley 008C,Violence and sexual offences,Unable to prosecute suspect,
7ba685903cddf3eaa55336f8a35c28014c52ac989440a6e70499951846f9c57c,2019-02,Lancashire Constabulary,Lancashire Constabulary,-2.200648,53.787886,On or near Duncan Close,E01024867,Burnley 008D,Other theft,Status update unavailable,
f7ab2f8c72768b53d8eea166d5dd6c17cb7f45d389c816ce857f64d2ed3fcd30,2019-02,Lancashire Constabulary,Lancashire Constabulary,-2.202559,53.790597,On or near Smithyfield Avenue,E01024867,Burnley 008D,Violence and sexual offences,Status update unavailable,
16d1f41dc0cb767dace3ddcb71966489210a7dab00457f7877080a30ab9f9060,2019-02,Lancashire Constabulary,Lancashire Constabulary,-2.202559,53.790597,On or near Smithyfield Avenue,E01024867,Burnley 008D,Violence and sexual offences,Status update unavailable,
,2019-02,Lancashire Constabulary,Lancashire Constabulary,-2.204599,53.813719,On or near Sandiway Drive,E01024860,Burnley 009A,Anti-social behaviour,,
42c7eddb0d7f3273d62a946d9b4297bcbe046c58f2514b7fcc6f6fc49613048d,2019-02,Lancashire Constabulary,Lancashire Constabulary,-2.200731,53.811470,On or near Thursden Avenue,E01024860,Burnley 009A,Burglary,Status update unavailable,
44d260b7d44d4b69e6434a8e53bfef6125c9b91ca541186b8ef7f3c352921f80,2019-02,Lancashire Constabulary,Lancashire Constabulary,-2.200731,53.811470,On or near Thursden Avenue,E01024860,Burnley 009A,Burglary,Status update unavailable,
1030cff61ab401e17ea6dcd21b9119ed6b3b4cb9fbca01107a0dd2c65e75843c,2019-02,Lancashire Constabulary,Lancashire Constabulary,-2.200731,53.811470,On or near Thursden Avenue,E01024860,Burnley 009A,Burglary,Status update unavailable,
f811cf0f83746552cbb856e69dd90e333d25c66dfedb56c92e1ec60912452c32,2019-02,Lancashire Constabulary,Lancashire Constabulary,-2.148021,53.816796,On or near Back Lane,E01024860,Burnley 009A,Criminal damage and arson,Status update unavailable,
6db175852fcbb2db0dc4dd84f78ee125ed6e254c11c56bc3484f173bb117bdb1,2019-02,Lancashire Constabulary,Lancashire Constabulary,-2.202765,53.814397,On or near Tiverton Drive,E01024860,Burnley 009A,Violence and sexual offences,Local resolution,
35f3ccaae1158176adcd26365617b84050f94816b488a02a403b3c85f784827e,2019-02,Lancashire Constabulary,Lancashire Constabulary,-2.189688,53.787427,On or near Wallstreams Lane,E01024868,Burnley 009B,Burglary,Status update unavailable,
5ef55b8e5e1a28b9ce0de9a917b53d63af4df81c714fc0193773f0c2669bf054,2019-02,Lancashire Constabulary,Lancashire Constabulary,-2.191076,53.789088,On or near Heap Street,E01024868,Burnley 009B,Violence and sexual offences,Status update unavailable,
f721a79ee0b21999840748fa9d38d3cb90b585f66032a9a7b585c2559add4191,2019-02,Lancashire Constabulary,Lancashire Constabulary,-2.206322,53.787346,On or near Daisy Bank Crescent,E01024869,Burnley 009C,Burglary,Status update unavailable,
435616e07b69ccb0d931073f4c99da9519298fa069531f643eaccfd9e71f2bd5,2019-02,Lancashire Constabulary,Lancashire Constabulary,-2.205706,53.785459,On or near Ullswater Road,E01024869,Burnley 009C,Burglary,Status update unavailable,
,2019-02,Lancashire Constabulary,Lancashire Constabulary,-2.201333,53.766098,On or near Mount Lane,E01024870,Burnley 009D,Anti-social behaviour,,
5b8ecfd1f4d83782b3fb7d91f1d00f3e3f0f0433dde9d591fea91491f512462b,2019-02,Lancashire Constabulary,Lancashire Constabulary,-2.155906,53.735399,On or near Park/Open Space,E01024870,Burnley 009D,Burglary,Status update unavailable,
0f22351c6fdedb37fdc9c45ddeb80c451c3a4a145a78a808ad57d3396738898e,2019-02,Lancashire Constabulary,Lancashire Constabulary,-2.193361,53.770928,On or near Red Lees Road,E01024870,Burnley 009D,Public order,Status update unavailable,
56576060a63ad04029f956436281bb586e4d858980c711bb9552f636e08b8703,2019-02,Lancashire Constabulary,Lancashire Constabulary,-2.196744,53.757863,On or near Grange Road,E01024870,Burnley 009D,Violence and sexual offences,Unable to prosecute suspect,
,2019-02,Lancashire Constabulary,Lancashire Constabulary,-2.265008,53.783671,On or near Lanark Street,E01024872,Burnley 010A,Anti-social behaviour,,
,2019-02,Lancashire Constabulary,Lancashire Constabulary,-2.265008,53.783671,On or near Lanark Street,E01024872,Burnley 010A,Anti-social behaviour,,
,2019-02,Lancashire Constabulary,Lancashire Constabulary,-2.266027,53.784010,On or near Harold Street,E01024872,Burnley 010A,Anti-social behaviour,,
,2019-02,Lancashire Constabulary,Lancashire Constabulary,-2.263428,53.781104,On or near Selkirk Street,E01024872,Burnley 010A,Anti-social behaviour,,
,2019-02,Lancashire Constabulary,Lancashire Constabulary,-2.268736,53.778171,On or near The Oval,E01024872,Burnley 010A,Anti-social behaviour,,
,2019-02,Lancashire Constabulary,Lancashire Constabulary,-2.263339,53.779046,On or near Cog Lane,E01024872,Burnley 010A,Anti-social behaviour,,
,2019-02,Lancashire Constabulary,Lancashire Constabulary,-2.264039,53.781714,On or near Greenock Street,E01024872,Burnley 010A,Anti-social behaviour,,
,2019-02,Lancashire Constabulary,Lancashire Constabulary,-2.262147,53.780046,On or near Coal Clough Lane,E01024872,Burnley 010A,Anti-social behaviour,,
,2019-02,Lancashire Constabulary,Lancashire Constabulary,-2.268736,53.778171,On or near The Oval,E01024872,Burnley 010A,Anti-social behaviour,,
,2019-02,Lancashire Constabulary,Lancashire Constabulary,-2.268736,53.778171,On or near The Oval,E01024872,Burnley 010A,Anti-social behaviour,,
d4af0090a33def98669c0092216b6fad47e069ebaf7f30dd0129dfa604ff4316,2019-02,Lancashire Constabulary,Lancashire Constabulary,-2.266027,53.784010,On or near Harold Street,E01024872,Burnley 010A,Burglary,Status update unavailable,
05bac147e17b8ecc95ef5673b8c17d46bb5df4ced1816809bf5d1567b698c7fc,2019-02,Lancashire Constabulary,Lancashire Constabulary,-2.261094,53.779168,On or near Bute Street,E01024872,Burnley 010A,Burglary,Status update unavailable,
38aae5a6b0f41557dd255c9e10a4224104cef6ba22797c519b537a3e14539fe6,2019-02,Lancashire Constabulary,Lancashire Constabulary,-2.261094,53.779168,On or near Bute Street,E01024872,Burnley 010A,Burglary,Status update unavailable,
b8648948291eb0edc54753f0ffa71afd5d9a88ca8200c57cbecf62b2a56ef908,2019-02,Lancashire Constabulary,Lancashire Constabulary,-2.261094,53.779168,On or near Bute Street,E01024872,Burnley 010A,Burglary,Status update unavailable,
c50383625a2924c314625cbeaca94c4fd2293694984fc924b4e4f9f8dc96065a,2019-02,Lancashire Constabulary,Lancashire Constabulary,-2.261094,53.779168,On or near Bute Street,E01024872,Burnley 010A,Burglary,Status update unavailable,
f55e2746d28a1aca36d259c046abfa38eec86e6922857f0c72d0c773987a6c2e,2019-02,Lancashire Constabulary,Lancashire Constabulary,-2.261094,53.779168,On or near Bute Street,E01024872,Burnley 010A,Burglary,Status update unavailable,
2ba43655c9167a7e48e8db86875fb1f3760bcf0b9c073934738056dac2bb3068,2019-02,Lancashire Constabulary,Lancashire Constabulary,-2.264039,53.781714,On or near Greenock Street,E01024872,Burnley 010A,Criminal damage and arson,Local resolution,
a73a8e82b5c5e047bf2600c0f8a6ed34706964d1242e72532c514ee22ab65d97,2019-02,Lancashire Constabulary,Lancashire Constabulary,-2.263339,53.779046,On or near Cog Lane,E01024872,Burnley 010A,Other theft,Status update unavailable,
b36fccb2e6123ba8b6b1b7d3a8b7d6ff7e48b946186d1dc36021bee47c924a6b,2019-02,Lancashire Constabulary,Lancashire Constabulary,-2.264039,53.781714,On or near Greenock Street,E01024872,Burnley 010A,Public order,Unable to prosecute suspect,
f369284f0c623baa3e7eeecd42abd713fb5a7c53e0c22f713c4c84d606b0648a,2019-02,Lancashire Constabulary,Lancashire Constabulary,-2.268736,53.778171,On or near The Oval,E01024872,Burnley 010A,Vehicle crime,Status update unavailable,
9fff46b1cd43ad7ae6c9f0ae635b0dd4884e8f05ed4d146c2e32a3e329648a14,2019-02,Lancashire Constabulary,Lancashire Constabulary,-2.265015,53.777712,On or near Dalton Street,E01024872,Burnley 010A,Violence and sexual offences,Unable to prosecute suspect,
17663d028ebb68c6a545fcc087dbcf4271b084c66ff414367e7383b55f0c4d67,2019-02,Lancashire Constabulary,Lancashire Constabulary,-2.264039,53.781714,On or near Greenock Street,E01024872,Burnley 010A,Violence and sexual offences,Status update unavailable,
31085ef5fffa9e7823955fbd6a7bda239dc96ef633d6ce06eec939df4525347a,2019-02,Lancashire Constabulary,Lancashire Constabulary,-2.262147,53.780046,On or near Coal Clough Lane,E01024872,Burnley 010A,Violence and sexual offences,Status update unavailable,
67a2d0c3a43e22860002f12a2c5ec2ad82d5b51a39a0540f350f12e8cb40c916,2019-02,Lancashire Constabulary,Lancashire Constabulary,-2.264039,53.781714,On or near Greenock Street,E01024872,Burnley 010A,Other crime,Status update unavailable,
,2019-02,Lancashire Constabulary,Lancashire Constabulary,-2.276354,53.785119,On or near Milbrook Close,E01024899,Burnley 010B,Anti-social behaviour,,
,2019-02,Lancashire Constabulary,Lancashire Constabulary,-2.271354,53.784043,On or near Woodpecker Hill,E01024899,Burnley 010B,Anti-social behaviour,,
,2019-02,Lancashire Constabulary,Lancashire Constabulary,-2.277543,53.783544,On or near Padgate Place,E01024899,Burnley 010B,Anti-social behaviour,,
,2019-02,Lancashire Constabulary,Lancashire Constabulary,-2.276786,53.783905,On or near Mere Court,E01024899,Burnley 010B,Anti-social behaviour,,
,2019-02,Lancashire Constabulary,Lancashire Constabulary,-2.277543,53.783544,On or near Padgate Place,E01024899,Burnley 010B,Anti-social behaviour,,
,2019-02,Lancashire Constabulary,Lancashire Constabulary,-2.281832,53.784963,On or near Drew Street,E01024899,Burnley 010B,Anti-social behaviour,,
af6a6fa6243aeaec9d1897ca1985179d826d78ba112bda318290ad3ae669b878,2019-02,Lancashire Constabulary,Lancashire Constabulary,-2.281832,53.784963,On or near Drew Street,E01024899,Burnley 010B,Burglary,Awaiting court outcome,
0d1840a400d8dc691e5d041e600d7087af8ff3190bb95fe68a7349dfc02f2cc8,2019-02,Lancashire Constabulary,Lancashire Constabulary,-2.276354,53.785119,On or near Milbrook Close,E01024899,Burnley 010B,Criminal damage and arson,Status update unavailable,
9b1b40276a2fb1513a3a25f39d7e3ed0b5d665a6ab271e28ef41fe5c3ac06a4a,2019-02,Lancashire Constabulary,Lancashire Constabulary,-2.276354,53.785119,On or near Milbrook Close,E01024899,Burnley 010B,Other theft,Status update unavailable,
0e8f9209801088dc223c98d454a7b88537ee6b5b79e567fd0f9984996b91e765,2019-02,Lancashire Constabulary,Lancashire Constabulary,-2.271354,53.784043,On or near Woodpecker Hill,E01024899,Burnley 010B,Violence and sexual offences,Further investigation is not in the public interest,
ea4be583a32b6c81b9b4e47aba7bb60843ca9a5fd29435472c2ad9a6f9d255da,2019-02,Lancashire Constabulary,Lancashire Constabulary,-2.277543,53.783544,On or near Padgate Place,E01024899,Burnley 010B,Violence and sexual offences,Status update unavailable,
889a630a89418f06a3ed32079d66e8c262a4d6cda4f68f5493721110265b90d4,2019-02,Lancashire Constabulary,Lancashire Constabulary,-2.281156,53.783769,On or near Narvik Avenue,E01024899,Burnley 010B,Violence and sexual offences,Status update unavailable,
ab4efed7aeebe21280cfd591f48c5181459eef270e002a493eea2202b4fd77b9,2019-02,Lancashire Constabulary,Lancashire Constabulary,-2.283076,53.787189,On or near Ronald Street,E01024899,Burnley 010B,Violence and sexual offences,Unable to prosecute suspect,
4245605b23b7d023047481f123e016b346956a2206bd717c1823c2b62e51f148,2019-02,Lancashire Constabulary,Lancashire Constabulary,-2.281350,53.783238,On or near Holmestrand Avenue,E01024899,Burnley 010B,Violence and sexual offences,Status update unavailable,
43f3a29bd8fbb86414d6cee066268a518baf7c988c025f5d4d3f01a6ddd0946f,2019-02,Lancashire Constabulary,Lancashire Constabulary,-2.276786,53.783905,On or near Mere Court,E01024899,Burnley 010B,Violence and sexual offences,Further investigation is not in the public interest,
c9955d54efa1d107dec11d2735b33c8b2cb9dd6632a4f2d3c082e559b207eb39,2019-02,Lancashire Constabulary,Lancashire Constabulary,-2.277543,53.783544,On or near Padgate Place,E01024899,Burnley 010B,Violence and sexual offences,Status update unavailable,
07b839cee45369c8dd4cb8476df5ea30ffb6c8577eef7babf702c4b09efb083c,2019-02,Lancashire Constabulary,Lancashire Constabulary,-2.277543,53.783544,On or near Padgate Place,E01024899,Burnley 010B,Violence and sexual offences,Status update unavailable,
9a615d89891c6d3a8c563ba8dab3e1967ad74430791e1d6a4fca0642c989312d,2019-02,Lancashire Constabulary,Lancashire Constabulary,-2.277543,53.783544,On or near Padgate Place,E01024899,Burnley 010B,Other crime,Status update unavailable,
,2019-02,Lancashire Constabulary,Lancashire Constabulary,-2.270428,53.783973,On or near Lawrence Avenue,E01024900,Burnley 010C,Anti-social behaviour,,
,2019-02,Lancashire Constabulary,Lancashire Constabulary,-2.271939,53.783008,On or near Barclay Avenue,E01024900,Burnley 010C,Anti-social behaviour,,
,2019-02,Lancashire Constabulary,Lancashire Constabulary,-2.269658,53.782303,On or near Florence Avenue,E01024900,Burnley 010C,Anti-social behaviour,,
,2019-02,Lancashire Constabulary,Lancashire Constabulary,-2.275073,53.781869,On or near Valley Street,E01024900,Burnley 010C,Anti-social behaviour,,
,2019-02,Lancashire Constabulary,Lancashire Constabulary,-2.275073,53.781869,On or near Valley Street,E01024900,Burnley 010C,Anti-social behaviour,,
718d2323e98d3eb0d33109f7f4d3b81a8376f7d56297de3043020e18db1b6b9a,2019-02,Lancashire Constabulary,Lancashire Constabulary,-2.269572,53.780758,On or near Genoa Street,E01024900,Burnley 010C,Bicycle theft,Status update unavailable,
5cefaa76a9b01c8d701e5a04d3a0485c15cfc05aea6f5811d32367a3845f792a,2019-02,Lancashire Constabulary,Lancashire Constabulary,-2.269572,53.780758,On or near Genoa Street,E01024900,Burnley 010C,Bicycle theft,Status update unavailable,
e2f1e7a6e8bc461229c95650e35cd4668e516dde0008a0142db02e5d42982aaf,2019-02,Lancashire Constabulary,Lancashire Constabulary,-2.267583,53.785328,On or near Stoop Street,E01024900,Burnley 010C,Burglary,Status update unavailable,
fb9a90953d90e6580a39cd9f66dce4f939415a9479af49d64758c6c9047a21f7,2019-02,Lancashire Constabulary,Lancashire Constabulary,-2.269572,53.780758,On or near Genoa Street,E01024900,Burnley 010C,Burglary,Status update unavailable,
25d1a63f44795019b65b21f0500eac55b4bbbda989e618636270cba39d512168,2019-02,Lancashire Constabulary,Lancashire Constabulary,-2.275073,53.781869,On or near Valley Street,E01024900,Burnley 010C,Burglary,Status update unavailable,
82912162d4f49a2c45cef1b7e04819457c8da346584d5d92a3b72c5fdc4380cb,2019-02,Lancashire Constabulary,Lancashire Constabulary,-2.275073,53.781869,On or near Valley Street,E01024900,Burnley 010C,Burglary,Status update unavailable,
d1eff248e0e2195e6fb4e36e10108eea5191c9dc2c22562d77a1be298542dfa3,2019-02,Lancashire Constabulary,Lancashire Constabulary,-2.272473,53.781138,On or near Rome Avenue,E01024900,Burnley 010C,Burglary,Status update unavailable,
4ee3967eae2476508ec0991e973004d07255912316d343e3c428398e3def923a,2019-02,Lancashire Constabulary,Lancashire Constabulary,-2.269563,53.786366,On or near Moorhouse Street,E01024900,Burnley 010C,Burglary,Status update unavailable,
daabf8fe41771520c325a5e21e4a5222d953da1e7f9f2bab58e0446d26874f95,2019-02,Lancashire Constabulary,Lancashire Constabulary,-2.266243,53.782284,On or near Myrtle Avenue,E01024900,Burnley 010C,Criminal damage and arson,Status update unavailable,
3169c234810835dd41dd6d00ee1dd534e3cc738dc9fe499cd6cb044a4a28f7e1,2019-02,Lancashire Constabulary,Lancashire Constabulary,-2.275073,53.781869,On or near Valley Street,E01024900,Burnley 010C,Other theft,Status update unavailable,
b4438fe36f517ae0965608df3ea5ed21313e8af9c5b25567857e88067047cea1,2019-02,Lancashire Constabulary,Lancashire Constabulary,-2.275073,53.781869,On or near Valley Street,E01024900,Burnley 010C,Other theft,Unable to prosecute suspect,
9aa3997a244113d66e7d0ffd57294fdad862ebf1058ef2227c900edfd1560804,2019-02,Lancashire Constabulary,Lancashire Constabulary,-2.275073,53.781869,On or near Valley Street,E01024900,Burnley 010C,Public order,Local resolution,
80a022589503e474cb9fb796ab3ac606fd9b98a1470578eb5bd7f250f38f2699,2019-02,Lancashire Constabulary,Lancashire Constabulary,-2.268474,53.782306,On or near Cornel Grove,E01024900,Burnley 010C,Public order,Awaiting court outcome,
34131e03d8b2e888558e5ae9b87a3eede4e8f68dfa6a9f631644bcd93759481e,2019-02,Lancashire Constabulary,Lancashire Constabulary,-2.268474,53.782306,On or near Cornel Grove,E01024900,Burnley 010C,Public order,Further investigation is not in the public interest,
b71a9d23a05ef3341d96de27d50131a8f44c9b7fa50a61bf7241e61a32f99a35,2019-02,Lancashire Constabulary,Lancashire Constabulary,-2.269572,53.780758,On or near Genoa Street,E01024900,Burnley 010C,Violence and sexual offences,Local resolution,
deb6c9aeb579d6f2f3062234d26a54affe5e278dadccfa7e3837511a2bc56585,2019-02,Lancashire Constabulary,Lancashire Constabulary,-2.266239,53.779228,On or near Coal Clough Lane,E01024900,Burnley 010C,Violence and sexual offences,Unable to prosecute suspect,
2b1fee914941e60b2a582d8cdcc7bb774cea53322969e87d9f549e75a43b72b4,2019-02,Lancashire Constabulary,Lancashire Constabulary,-2.271939,53.783008,On or near Barclay Avenue,E01024900,Burnley 010C,Violence and sexual offences,Defendant found not guilty,
08907619d3e114a9ce0ebc818e2ae4b9f7048da2dafee500f81938e1c5968ce4,2019-02,Lancashire Constabulary,Lancashire Constabulary,-2.269563,53.786366,On or near Moorhouse Street,E01024900,Burnley 010C,Violence and sexual offences,Unable to prosecute suspect,
09c1b3206d2deaf4867d878598e823bd25a3d305fe3ca40fbff4e3d7e23e9417,2019-02,Lancashire Constabulary,Lancashire Constabulary,-2.269572,53.780758,On or near Genoa Street,E01024900,Burnley 010C,Violence and sexual offences,Unable to prosecute suspect,
e820e50572fb04f2880440489f59e1da86ca68e876bab7bfc2fe56d10e8eebd5,2019-02,Lancashire Constabulary,Lancashire Constabulary,-2.269572,53.780758,On or near Genoa Street,E01024900,Burnley 010C,Violence and sexual offences,Local resolution,
28e07bbfd56455203fbf3d3b04ab76d3e52222403d85c155a97806538c6d0ca8,2019-02,Lancashire Constabulary,Lancashire Constabulary,-2.267583,53.785328,On or near Stoop Street,E01024900,Burnley 010C,Violence and sexual offences,Unable to prosecute suspect,
de9dee2a8a200b646e12647a160a46db1369888be198ba676cbd8d4ef0b63080,2019-02,Lancashire Constabulary,Lancashire Constabulary,-2.266243,53.782284,On or near Myrtle Avenue,E01024900,Burnley 010C,Violence and sexual offences,Formal action is not in the public interest,
,2019-02,Lancashire Constabulary,Lancashire Constabulary,-2.258776,53.784709,On or near Prince Street,E01024907,Burnley 010D,Anti-social behaviour,,
,2019-02,Lancashire Constabulary,Lancashire Constabulary,-2.259195,53.783747,On or near Nairne Street,E01024907,Burnley 010D,Anti-social behaviour,,
,2019-02,Lancashire Constabulary,Lancashire Constabulary,-2.258776,53.784709,On or near Prince Street,E01024907,Burnley 010D,Anti-social behaviour,,
,2019-02,Lancashire Constabulary,Lancashire Constabulary,-2.256428,53.785316,On or near Queensberry Road,E01024907,Burnley 010D,Anti-social behaviour,,
,2019-02,Lancashire Constabulary,Lancashire Constabulary,-2.259195,53.783747,On or near Nairne Street,E01024907,Burnley 010D,Anti-social behaviour,,
153662c830166c3a33859d2162bc418ea2b4ecff4f546e19d566c7cbc4a3ac7a,2019-02,Lancashire Constabulary,Lancashire Constabulary,-2.258771,53.786246,On or near Whitehaven Street,E01024907,Burnley 010D,Bicycle theft,Status update unavailable,
e5ec21b2a9df877e7aaf406d8b9addbfa75c56ccc15c5068bb7a8682ff84d485,2019-02,Lancashire Constabulary,Lancashire Constabulary,-2.259944,53.786936,On or near Hudson Street,E01024907,Burnley 010D,Burglary,Status update unavailable,
af60a466a5a7c708e2fd54fdf44af3aa0040191faa09ca7c4633f74e82ca6070,2019-02,Lancashire Constabulary,Lancashire Constabulary,-2.255815,53.784383,On or near Pritchard Street,E01024907,Burnley 010D,Burglary,Status update unavailable,
d26a2651e8f3fbe90cc0db95138c53e4e9b5a0552b99d0d9b82285a0fe06e455,2019-02,Lancashire Constabulary,Lancashire Constabulary,-2.255815,53.784383,On or near Pritchard Street,E01024907,Burnley 010D,Burglary,Status update unavailable,
e8bd15941e0970052f3e77136a9bd4e2f194409b77ebf01d86de1ca15bf81895,2019-02,Lancashire Constabulary,Lancashire Constabulary,-2.259944,53.786936,On or near Hudson Street,E01024907,Burnley 010D,Burglary,Status update unavailable,
52829fb9c4c07e6a7c516261b6b255c1b77abfe6571c70ae5102c1668a3439ed,2019-02,Lancashire Constabulary,Lancashire Constabulary,-2.259944,53.786936,On or near Hudson Street,E01024907,Burnley 010D,Burglary,Status update unavailable,
c3087ae7b27133cc816fae274bab1786a2dac3feeded6d56191f418b7cb387a9,2019-02,Lancashire Constabulary,Lancashire Constabulary,-2.257727,53.789358,On or near Duckett Street,E01024907,Burnley 010D,Burglary,Status update unavailable,
0f861177342299b0071ecf9f2a2613f4f3372fed05f15d3197caff92fd6e04b2,2019-02,Lancashire Constabulary,Lancashire Constabulary,-2.257369,53.785359,On or near Alwin Street,E01024907,Burnley 010D,Burglary,Status update unavailable,
f0aee450723650b4c0775d74508c7e62db47f53d65d81842a7bbe0833a2b3230,2019-02,Lancashire Constabulary,Lancashire Constabulary,-2.259818,53.788788,On or near Accrington Road,E01024907,Burnley 010D,Drugs,Status update unavailable,
641034bc23d3f976d78d845e098c87a7febb2d55cec5ad0bb558b02880c2ffe7,2019-02,Lancashire Constabulary,Lancashire Constabulary,-2.258776,53.784709,On or near Prince Street,E01024907,Burnley 010D,Other theft,Status update unavailable,
246263f3337647769098e79404b704d45b4ae5fd0e6c5b7428e754bef26d020a,2019-02,Lancashire Constabulary,Lancashire Constabulary,-2.259195,53.783747,On or near Nairne Street,E01024907,Burnley 010D,Robbery,Status update unavailable,
01288d9be057ac4e58094ca5df11755ab2bee92ee6e0abb5d095e42a5c56a0da,2019-02,Lancashire Constabulary,Lancashire Constabulary,-2.259944,53.786936,On or near Hudson Street,E01024907,Burnley 010D,Robbery,Unable to prosecute suspect,
a9acf927dfcd5e448c888af3c550914c115eac308c6b1cb7ebf57cf0f127d4a8,2019-02,Lancashire Constabulary,Lancashire Constabulary,-2.257271,53.789162,On or near Dean Street,E01024907,Burnley 010D,Theft from the person,Status update unavailable,
dc64cf6e033a1744784e95d309ccd57efc7410491cae0edddc28a99a68e1f99e,2019-02,Lancashire Constabulary,Lancashire Constabulary,-2.259818,53.788788,On or near Accrington Road,E01024907,Burnley 010D,Vehicle crime,Status update unavailable,
c312e635aaccc42b5a54192870535783608b1322906b88cae77cf3dbbc1b9231,2019-02,Lancashire Constabulary,Lancashire Constabulary,-2.257369,53.785359,On or near Alwin Street,E01024907,Burnley 010D,Vehicle crime,Status update unavailable,
dbd79369e596604b18ccc3dd25e0843cb9e0088d174789b45220abe7ddb2d22d,2019-02,Lancashire Constabulary,Lancashire Constabulary,-2.259944,53.786936,On or near Hudson Street,E01024907,Burnley 010D,Violence and sexual offences,Unable to prosecute suspect,
614ed32f291587f5e5646863fce88a1bff0abb92991037c433e8c90c23001401,2019-02,Lancashire Constabulary,Lancashire Constabulary,-2.258324,53.785223,On or near Coal Clough Lane,E01024907,Burnley 010D,Violence and sexual offences,Status update unavailable,
469dc001ec193de6ca584f979fb3713d7ed0f09eb4f5e3a17aa59623a4777eb1,2019-02,Lancashire Constabulary,Lancashire Constabulary,-2.258776,53.784709,On or near Prince Street,E01024907,Burnley 010D,Violence and sexual offences,Unable to prosecute suspect,
4e9ad87924fa2f8e27c7255a90425795b48a894156649f73dfe726bebd744d4f,2019-02,Lancashire Constabulary,Lancashire Constabulary,-2.259195,53.783747,On or near Nairne Street,E01024907,Burnley 010D,Violence and sexual offences,Further investigation is not in the public interest,
9b5176eb5c0beddeaf29dcb56d1b33af6fcc46996de38913ab82748443800900,2019-02,Lancashire Constabulary,Lancashire Constabulary,-2.257636,53.784379,On or near Beverley Street,E01024907,Burnley 010D,Violence and sexual offences,Unable to prosecute suspect,
8d75494b0356306d9c9889c9405ed49857029c3ed20e8fe146ce53d85a231a99,2019-02,Lancashire Constabulary,Lancashire Constabulary,-2.259818,53.788788,On or near Accrington Road,E01024907,Burnley 010D,Violence and sexual offences,Status update unavailable,
d50e956ac3589f0b8732f89465178aaa845721b7b100b128988242e373cd17a1,2019-02,Lancashire Constabulary,Lancashire Constabulary,-2.258324,53.785223,On or near Coal Clough Lane,E01024907,Burnley 010D,Violence and sexual offences,Awaiting court outcome,
275b952f45c40727731492e5e6051525c259852b53975a465524ecb00f348213,2019-02,Lancashire Constabulary,Lancashire Constabulary,-2.258324,53.785223,On or near Coal Clough Lane,E01024907,Burnley 010D,Violence and sexual offences,Unable to prosecute suspect,
,2019-02,Lancashire Constabulary,Lancashire Constabulary,-2.262036,53.786671,On or near Howard Street,E01024908,Burnley 010E,Anti-social behaviour,,
,2019-02,Lancashire Constabulary,Lancashire Constabulary,-2.261781,53.787049,On or near Athol Street North,E01024908,Burnley 010E,Anti-social behaviour,,
,2019-02,Lancashire Constabulary,Lancashire Constabulary,-2.260911,53.786295,On or near Colin Street,E01024908,Burnley 010E,Anti-social behaviour,,
,2019-02,Lancashire Constabulary,Lancashire Constabulary,-2.259678,53.785732,On or near Swindon Street,E01024908,Burnley 010E,Anti-social behaviour,,
,2019-02,Lancashire Constabulary,Lancashire Constabulary,-2.264276,53.788059,On or near Palm Street,E01024908,Burnley 010E,Anti-social behaviour,,
,2019-02,Lancashire Constabulary,Lancashire Constabulary,-2.266230,53.787335,On or near Cambridge Street,E01024908,Burnley 010E,Anti-social behaviour,,
,2019-02,Lancashire Constabulary,Lancashire Constabulary,-2.260557,53.785586,On or near Nairne Street,E01024908,Burnley 010E,Anti-social behaviour,,
,2019-02,Lancashire Constabulary,Lancashire Constabulary,-2.260557,53.785586,On or near Nairne Street,E01024908,Burnley 010E,Anti-social behaviour,,
,2019-02,Lancashire Constabulary,Lancashire Constabulary,-2.262036,53.786671,On or near Howard Street,E01024908,Burnley 010E,Anti-social behaviour,,
5e885657b3c984095dfe5759a73b860f0ec2ed29c3b08265e70fb0a0abdf4f16,2019-02,Lancashire Constabulary,Lancashire Constabulary,-2.259552,53.784977,On or near Ulster Street,E01024908,Burnley 010E,Burglary,Status update unavailable,
22ae454228a3a67407b572b24eb0625015a570ab2db3b676f9739a100f9d7975,2019-02,Lancashire Constabulary,Lancashire Constabulary,-2.259260,53.786766,On or near Buck Street,E01024908,Burnley 010E,Burglary,Status update unavailable,
db387b4e9a844da414f2170f3315f795d34fb5c82cfdacd43f95351a924f7042,2019-02,Lancashire Constabulary,Lancashire Constabulary,-2.262342,53.786948,On or near Elmwood Street,E01024908,Burnley 010E,Burglary,Status update unavailable,
4c09ef64ed3e2aeaaf5a8b3ac24ae56721caed135c4e982ec3de302c20725d71,2019-02,Lancashire Constabulary,Lancashire Constabulary,-2.260567,53.787096,On or near Westmorland Street,E01024908,Burnley 010E,Burglary,Status update unavailable,
3f521abd8b5ccfe738b0c7eafe0f68612d77d4009bb964d0a36a5fca66e59baf,2019-02,Lancashire Constabulary,Lancashire Constabulary,-2.262539,53.784539,On or near Harold Street,E01024908,Burnley 010E,Criminal damage and arson,Status update unavailable,
7920d9d8a56d0ebb61e7f0d9a152d1b1212e13d3e4fee15cde0964d36be98995,2019-02,Lancashire Constabulary,Lancashire Constabulary,-2.264276,53.788059,On or near Palm Street,E01024908,Burnley 010E,Criminal damage and arson,Status update unavailable,
99ba847a41bc8fff34a8b3d0a8b5429187efe0aeacdb1b530c7de24f7d492b7d,2019-02,Lancashire Constabulary,Lancashire Constabulary,-2.262036,53.786671,On or near Howard Street,E01024908,Burnley 010E,Public order,Formal action is not in the public interest,
202c81f1eb4d3898d52efde991e1104006b1d6af4f90a7fff4c913a2c1667888,2019-02,Lancashire Constabulary,Lancashire Constabulary,-2.267195,53.786327,On or near Cog Lane,E01024908,Burnley 010E,Shoplifting,Status update unavailable,
05eb95d5dd0883da6d75947306906c1a7b1abf87c19d47d3924751a6b5c4664d,2019-02,Lancashire Constabulary,Lancashire Constabulary,-2.266009,53.788441,On or near Fielden Street,E01024908,Burnley 010E,Violence and sexual offences,Unable to prosecute suspect,
29171a4b6fa9561aee1663e0295bb28583a6f5bce24ba83bc814e60c3ab97b48,2019-02,Lancashire Constabulary,Lancashire Constabulary,-2.260567,53.787096,On or near Westmorland Street,E01024908,Burnley 010E,Violence and sexual offences,Unable to prosecute suspect,
dfd98528ff172ef0ed993494380af9461f66be7fc27abd4652f45b13a1d442d1,2019-02,Lancashire Constabulary,Lancashire Constabulary,-2.260567,53.787096,On or near Westmorland Street,E01024908,Burnley 010E,Violence and sexual offences,Formal action is not in the public interest,
6a2f8b0df88e6354c277beb314cfbc3c8a9526bca76cf3b82814314bfedbd8a9,2019-02,Lancashire Constabulary,Lancashire Constabulary,-2.260911,53.786295,On or near Colin Street,E01024908,Burnley 010E,Violence and sexual offences,Unable to prosecute suspect,
1723ba04439f79591eb539f897228bbe21718211c517be5fec1a07ae93147412,2019-02,Lancashire Constabulary,Lancashire Constabulary,-2.262539,53.784539,On or near Harold Street,E01024908,Burnley 010E,Violence and sexual offences,Unable to prosecute suspect,
47ed3237f487a47d3259eaf7bb00b5b223cdd7507ede09ef0e02916c9b057de2,2019-02,Lancashire Constabulary,Lancashire Constabulary,-2.259260,53.786766,On or near Buck Street,E01024908,Burnley 010E,Violence and sexual offences,Status update unavailable,
c407b5db42b4484504c1408984a96737a717455e8914254fa019306897aaea40,2019-02,Lancashire Constabulary,Lancashire Constabulary,-2.262539,53.784539,On or near Harold Street,E01024908,Burnley 010E,Violence and sexual offences,Unable to prosecute suspect,
26e60f2149f2c6a73bcc75e24370c4ade4653b781d8f65a974d7c055cac76c1a,2019-02,Lancashire Constabulary,Lancashire Constabulary,-2.261781,53.787049,On or near Athol Street North,E01024908,Burnley 010E,Violence and sexual offences,Awaiting court outcome,
f683dff0b973062283a795b6ccb86a374200c0251f26657f9813716048aa1050,2019-02,Lancashire Constabulary,Lancashire Constabulary,-2.262342,53.786948,On or near Elmwood Street,E01024908,Burnley 010E,Violence and sexual offences,Status update unavailable,
5119bef24644d031cf2f87e972d3d2fcbce0bef286741d31a3a715ccf718cc21,2019-02,Lancashire Constabulary,Lancashire Constabulary,-2.259260,53.786766,On or near Buck Street,E01024908,Burnley 010E,Violence and sexual offences,Unable to prosecute suspect,
b78b20512973a85c032f31c92165fa495ffe01c0a546cc14119121afe4f71f04,2019-02,Lancashire Constabulary,Lancashire Constabulary,-2.264516,53.787510,On or near Clough Street,E01024908,Burnley 010E,Violence and sexual offences,Status update unavailable,
51db1f209ff6058a071f966bd5f6186fba4c603c46342eed9e4b5e6dc0d2bba2,2019-02,Lancashire Constabulary,Lancashire Constabulary,-2.260567,53.787096,On or near Westmorland Street,E01024908,Burnley 010E,Violence and sexual offences,Unable to prosecute suspect,
,2019-02,Lancashire Constabulary,Lancashire Constabulary,-2.256455,53.789765,On or near Cranmer Street,E01024909,Burnley 010F,Anti-social behaviour,,
,2019-02,Lancashire Constabulary,Lancashire Constabulary,-2.255663,53.786900,On or near Bailey Street,E01024909,Burnley 010F,Anti-social behaviour,,
,2019-02,Lancashire Constabulary,Lancashire Constabulary,-2.249041,53.786078,On or near Escar Street,E01024909,Burnley 010F,Anti-social behaviour,,
,2019-02,Lancashire Constabulary,Lancashire Constabulary,-2.252661,53.792371,On or near Clifton Square,E01024909,Burnley 010F,Anti-social behaviour,,
,2019-02,Lancashire Constabulary,Lancashire Constabulary,-2.254894,53.790272,On or near Belle Vue Place,E01024909,Burnley 010F,Anti-social behaviour,,
,2019-02,Lancashire Constabulary,Lancashire Constabulary,-2.252661,53.792371,On or near Clifton Square,E01024909,Burnley 010F,Anti-social behaviour,,
,2019-02,Lancashire Constabulary,Lancashire Constabulary,-2.252661,53.792371,On or near Clifton Square,E01024909,Burnley 010F,Anti-social behaviour,,
,2019-02,Lancashire Constabulary,Lancashire Constabulary,-2.252661,53.792371,On or near Clifton Square,E01024909,Burnley 010F,Anti-social behaviour,,
,2019-02,Lancashire Constabulary,Lancashire Constabulary,-2.256455,53.789765,On or near Cranmer Street,E01024909,Burnley 010F,Anti-social behaviour,,
,2019-02,Lancashire Constabulary,Lancashire Constabulary,-2.252116,53.785101,On or near Carlton Road,E01024909,Burnley 010F,Anti-social behaviour,,
,2019-02,Lancashire Constabulary,Lancashire Constabulary,-2.254894,53.790272,On or near Belle Vue Place,E01024909,Burnley 010F,Anti-social behaviour,,
,2019-02,Lancashire Constabulary,Lancashire Constabulary,-2.253529,53.792962,On or near Back Willow Street,E01024909,Burnley 010F,Anti-social behaviour,,
,2019-02,Lancashire Constabulary,Lancashire Constabulary,-2.249173,53.790464,On or near Supermarket,E01024909,Burnley 010F,Anti-social behaviour,,
,2019-02,Lancashire Constabulary,Lancashire Constabulary,-2.254894,53.790272,On or near Belle Vue Place,E01024909,Burnley 010F,Anti-social behaviour,,
,2019-02,Lancashire Constabulary,Lancashire Constabulary,-2.252451,53.792866,On or near Gill Street,E01024909,Burnley 010F,Anti-social behaviour,,
,2019-02,Lancashire Constabulary,Lancashire Constabulary,-2.249173,53.790464,On or near Supermarket,E01024909,Burnley 010F,Anti-social behaviour,,
,2019-02,Lancashire Constabulary,Lancashire Constabulary,-2.249041,53.786078,On or near Escar Street,E01024909,Burnley 010F,Anti-social behaviour,,
347ac9e49d88b5fe85fc753ea0360d851857d1d0158811ef66ae3401100e8602,2019-02,Lancashire Constabulary,Lancashire Constabulary,-2.249173,53.790464,On or near Supermarket,E01024909,Burnley 010F,Burglary,Status update unavailable,
5e45f835c62d4f49786a74d0ee3273cc6355ba7bafd71950ea5eb3bc6e927f39,2019-02,Lancashire Constabulary,Lancashire Constabulary,-2.251678,53.788050,On or near Trafalgar Street,E01024909,Burnley 010F,Criminal damage and arson,Action to be taken by another organisation,
bf68691a01aae941a62cc0b688a33221ac81fe670ccf8bf46ec32944db1da417,2019-02,Lancashire Constabulary,Lancashire Constabulary,-2.252542,53.790349,On or near Hopwood Street,E01024909,Burnley 010F,Criminal damage and arson,Status update unavailable,
3522776660edf9d66a478ea8d208f8c8fd48dd8b0f7b605717177720ac776634,2019-02,Lancashire Constabulary,Lancashire Constabulary,-2.255663,53.786900,On or near Bailey Street,E01024909,Burnley 010F,Criminal damage and arson,Unable to prosecute suspect,
5bf7263180e1f85b2a1cdf1cf88eb972ef1b80a1e7f0349d33d29c95f8bf1acf,2019-02,Lancashire Constabulary,Lancashire Constabulary,-2.255663,53.786900,On or near Bailey Street,E01024909,Burnley 010F,Criminal damage and arson,Status update unavailable,
8125c560e0e53ad471fb7a92a6057f236728e993f3dc776cb91326e96221898c,2019-02,Lancashire Constabulary,Lancashire Constabulary,-2.249173,53.790464,On or near Supermarket,E01024909,Burnley 010F,Criminal damage and arson,Status update unavailable,
05aa973fd77255a0faa63b2b2d979a86e714c7696148922b54babfa96c675cfa,2019-02,Lancashire Constabulary,Lancashire Constabulary,-2.254894,53.790272,On or near Belle Vue Place,E01024909,Burnley 010F,Drugs,Formal action is not in the public interest,
b30b033dec210a072c3cbbdc16fb609eb4a0ee1832f4e24b66ed225ba7394318,2019-02,Lancashire Constabulary,Lancashire Constabulary,-2.251678,53.788050,On or near Trafalgar Street,E01024909,Burnley 010F,Other theft,Status update unavailable,
1cb64a12e52cf16c042267df145e819a5244bf79f68e57b4141c9f7fb8a71e56,2019-02,Lancashire Constabulary,Lancashire Constabulary,-2.251415,53.784572,On or near Manchester Road,E01024909,Burnley 010F,Other theft,Status update unavailable,
b600de8e879611b47d622adf0361bda95df4501f61ab2ca1d3fefc94a1eaa903,2019-02,Lancashire Constabulary,Lancashire Constabulary,-2.255663,53.786900,On or near Bailey Street,E01024909,Burnley 010F,Other theft,Status update unavailable,
d1e99883ffe9b1080e39ede3c1afdb7551f91186f0b4e2ad649d6947136a3129,2019-02,Lancashire Constabulary,Lancashire Constabulary,-2.246234,53.786183,On or near Manchester Road,E01024909,Burnley 010F,Other theft,Status update unavailable,
d154a24efb267301be3511f1300ae4342de774d233b8b0dbd6297b672633a8bc,2019-02,Lancashire Constabulary,Lancashire Constabulary,-2.246234,53.786183,On or near Manchester Road,E01024909,Burnley 010F,Other theft,Unable to prosecute suspect,
de4e92a410c734a2f2f3be4491352d0450029746c783993baf4a74ccb0b1308b,2019-02,Lancashire Constabulary,Lancashire Constabulary,-2.251678,53.788050,On or near Trafalgar Street,E01024909,Burnley 010F,Other theft,Status update unavailable,
e76dca101c39f6a65f168af6d80eb14da6659d811127e0d2752023ef9ae336b7,2019-02,Lancashire Constabulary,Lancashire Constabulary,-2.251031,53.783917,On or near Healey Mount,E01024909,Burnley 010F,Public order,Status update unavailable,
b6f03a871dc4d102723995e49fede033987a48a06589f4c6326d6cfe08b63dcd,2019-02,Lancashire Constabulary,Lancashire Constabulary,-2.256455,53.789765,On or near Cranmer Street,E01024909,Burnley 010F,Public order,Unable to prosecute suspect,
b8ba40a163c2a595e289c555fa0ac940fde8e1ea5d4dbc0fa4e662c0565ea592,2019-02,Lancashire Constabulary,Lancashire Constabulary,-2.250690,53.787791,On or near Petrol Station,E01024909,Burnley 010F,Shoplifting,Offender sent to prison,
48c1dd0cb461b8528205d2cd8fcdd26a3c148a9a07ec70f2af02823c7300ed35,2019-02,Lancashire Constabulary,Lancashire Constabulary,-2.250690,53.787791,On or near Petrol Station,E01024909,Burnley 010F,Shoplifting,Status update unavailable,
b9402f429f7ab3fb41e98b1928807a3fdd4b7d60a283ee24972a9446a4b25d06,2019-02,Lancashire Constabulary,Lancashire Constabulary,-2.249173,53.790464,On or near Supermarket,E01024909,Burnley 010F,Shoplifting,Status update unavailable,
3cddb0e59c5fd0431fad292dbb32c966bb50e1c2c77934900bc4f0ca9d60bd81,2019-02,Lancashire Constabulary,Lancashire Constabulary,-2.251389,53.790477,On or near Shopping Area,E01024909,Burnley 010F,Vehicle crime,Status update unavailable,
1a144de61d98402c866f494c296a57a7bf6303e2ca4bf9c78aef1f18fa4b5bbe,2019-02,Lancashire Constabulary,Lancashire Constabulary,-2.252661,53.792371,On or near Clifton Square,E01024909,Burnley 010F,Vehicle crime,Status update unavailable,
1460966d117dfe385e5d4f5b9c4a9b5de357c369be0a67471765431ccd8b1f29,2019-02,Lancashire Constabulary,Lancashire Constabulary,-2.256455,53.789765,On or near Cranmer Street,E01024909,Burnley 010F,Violence and sexual offences,Unable to prosecute suspect,
38fddc2e12c0bf5bc4917090e2ac563b0ca7e67e67abbd0c4887c5e6daf06d5a,2019-02,Lancashire Constabulary,Lancashire Constabulary,-2.249173,53.790464,On or near Supermarket,E01024909,Burnley 010F,Violence and sexual offences,Further investigation is not in the public interest,
a951bbe78b2671b3ccd737fba20f115162da227e344b8364d6e9d3ca06a819e7,2019-02,Lancashire Constabulary,Lancashire Constabulary,-2.252542,53.790349,On or near Hopwood Street,E01024909,Burnley 010F,Violence and sexual offences,Offender given a caution,
ec7a4e164ac89b45a02bdab0b92153a196ddb24e335a4e9af557de68924e71aa,2019-02,Lancashire Constabulary,Lancashire Constabulary,-2.250690,53.787791,On or near Petrol Station,E01024909,Burnley 010F,Violence and sexual offences,Status update unavailable,
50db3f12ce2ce98c897895bc067e32c669d360db3b383ebfef7fd352edd17d6b,2019-02,Lancashire Constabulary,Lancashire Constabulary,-2.252116,53.785101,On or near Carlton Road,E01024909,Burnley 010F,Violence and sexual offences,Unable to prosecute suspect,
b801fbd2c694aac380fcb4c12261cc6ed03833e1c18f717556288f16af425f9e,2019-02,Lancashire Constabulary,Lancashire Constabulary,-2.257798,53.791039,On or near Junction Street,E01024909,Burnley 010F,Violence and sexual offences,Status update unavailable,
0176919aa0a0c972ca746a9fc56db12f83ea7f0aa810dace999684519d712408,2019-02,Lancashire Constabulary,Lancashire Constabulary,-2.252661,53.792371,On or near Clifton Square,E01024909,Burnley 010F,Violence and sexual offences,Status update unavailable,
bee7e6a5de3402678c6541e82894a2465d30c35ef83b7fdc946fe2115e26ac52,2019-02,Lancashire Constabulary,Lancashire Constabulary,-2.257798,53.791039,On or near Junction Street,E01024909,Burnley 010F,Violence and sexual offences,Status update unavailable,
564222791f89197e9786bdeb1eda393d5398a866348aa026f77ccb6a93c023ba,2019-02,Lancashire Constabulary,Lancashire Constabulary,-2.252116,53.785101,On or near Carlton Road,E01024909,Burnley 010F,Violence and sexual offences,Unable to prosecute suspect,
3428130e96d0b5a72ede0b3a47df3084151c5b8c9e19a77471a4e87dd1b3ad95,2019-02,Lancashire Constabulary,Lancashire Constabulary,-2.246234,53.786183,On or near Manchester Road,E01024909,Burnley 010F,Violence and sexual offences,Status update unavailable,
0d8a696a73e3bc4055d0466fd6f23ac9d70b455c4a12def2e208ce1e4f68b7d8,2019-02,Lancashire Constabulary,Lancashire Constabulary,-2.257798,53.791039,On or near Junction Street,E01024909,Burnley 010F,Violence and sexual offences,Status update unavailable,
dd3770d1132c736b7ca787ea3b8dd3439c6a5f891aa8b08d05592194215926a4,2019-02,Lancashire Constabulary,Lancashire Constabulary,-2.252116,53.785101,On or near Carlton Road,E01024909,Burnley 010F,Violence and sexual offences,Status update unavailable,
bc999ee7635b1028aa7be758960c52e4ee52b53c9ed40899a89c058a02eed324,2019-02,Lancashire Constabulary,Lancashire Constabulary,-2.253529,53.792962,On or near Back Willow Street,E01024909,Burnley 010F,Violence and sexual offences,Status update unavailable,
7186a4efb0a9df34f03b8d9863688261923dc3e1cf7bc0379e6864696c883d25,2019-02,Lancashire Constabulary,Lancashire Constabulary,-2.251415,53.784572,On or near Manchester Road,E01024909,Burnley 010F,Violence and sexual offences,Unable to prosecute suspect,
3746592e9d228be1b304a3e24253f6e761ff60d4134f35616d90e180709263c6,2019-02,Lancashire Constabulary,Lancashire Constabulary,-2.249041,53.786078,On or near Escar Street,E01024909,Burnley 010F,Violence and sexual offences,Status update unavailable,
8d9866c6f9442c123d7a103e8dcde771ce0b15404cf5607762f27107a573868d,2019-02,Lancashire Constabulary,Lancashire Constabulary,-2.249041,53.786078,On or near Escar Street,E01024909,Burnley 010F,Violence and sexual offences,Status update unavailable,
d270167f7b694033ed650408e03c999bb36fbfea6435d71b73ee035c53750a77,2019-02,Lancashire Constabulary,Lancashire Constabulary,-2.252761,53.786394,On or near Baker Street,E01024909,Burnley 010F,Violence and sexual offences,Investigation complete; no suspect identified,
16685b3a44bccb3192b239b684836886f21863bacb3237106c2b7a91a557b0f4,2019-02,Lancashire Constabulary,Lancashire Constabulary,-2.252542,53.790349,On or near Hopwood Street,E01024909,Burnley 010F,Other crime,Status update unavailable,
,2019-02,Lancashire Constabulary,Lancashire Constabulary,-2.281572,53.780209,On or near Billington Road,E01024874,Burnley 011A,Anti-social behaviour,,
958ef2f6529ac480a17f30d80cee2b903a2a7af00781b66ce9f5208760908342,2019-02,Lancashire Constabulary,Lancashire Constabulary,-2.273196,53.780246,On or near Farrington Road,E01024874,Burnley 011A,Burglary,Status update unavailable,
f02890afdf94fb483e2349b7828fa6e162e4c07cbbb6853ced95bbdc5cd4fe81,2019-02,Lancashire Constabulary,Lancashire Constabulary,-2.255859,53.771629,On or near Green Close,E01024874,Burnley 011A,Burglary,Awaiting court outcome,
e73a4ee15dc87e8cdf7994e0f5aabeee11795bb4674d8fda5f34b6edd146cee3,2019-02,Lancashire Constabulary,Lancashire Constabulary,-2.260045,53.771413,On or near Buttercross Close,E01024874,Burnley 011A,Burglary,Awaiting court outcome,
83541a827c1d5b767f51291c3fb33ac198f3eb5d1b9887512816aead0d1b7075,2019-02,Lancashire Constabulary,Lancashire Constabulary,-2.258198,53.754870,On or near Limey Lane,E01024874,Burnley 011A,Drugs,Awaiting court outcome,
6388e47ceaa8d3715195a5e307eb3a80fc096ea6237226b4a36ca27d246a5074,2019-02,Lancashire Constabulary,Lancashire Constabulary,-2.273196,53.780246,On or near Farrington Road,E01024874,Burnley 011A,Drugs,Awaiting court outcome,
4ef95e17cf7205a45e65ae4193ac104638f62a2999409ad917c16e8d03297c12,2019-02,Lancashire Constabulary,Lancashire Constabulary,-2.273196,53.780246,On or near Farrington Road,E01024874,Burnley 011A,Other theft,Unable to prosecute suspect,
101d8fcaa730ee9bcac7bcca16f78495a1fee4282af543eb638bddc81c3aabc4,2019-02,Lancashire Constabulary,Lancashire Constabulary,-2.278869,53.745602,On or near Oak Street,E01024874,Burnley 011A,Violence and sexual offences,Unable to prosecute suspect,
,2019-02,Lancashire Constabulary,Lancashire Constabulary,-2.306405,53.791446,On or near Rossall Close,E01024887,Burnley 011B,Anti-social behaviour,,
,2019-02,Lancashire Constabulary,Lancashire Constabulary,-2.311045,53.790697,On or near Malvern Avenue,E01024887,Burnley 011B,Anti-social behaviour,,
,2019-02,Lancashire Constabulary,Lancashire Constabulary,-2.311045,53.790697,On or near Malvern Avenue,E01024887,Burnley 011B,Anti-social behaviour,,
,2019-02,Lancashire Constabulary,Lancashire Constabulary,-2.309004,53.791817,On or near Oxford Close,E01024887,Burnley 011B,Anti-social behaviour,,
,2019-02,Lancashire Constabulary,Lancashire Constabulary,-2.309004,53.791817,On or near Oxford Close,E01024887,Burnley 011B,Anti-social behaviour,,
,2019-02,Lancashire Constabulary,Lancashire Constabulary,-2.311045,53.790697,On or near Malvern Avenue,E01024887,Burnley 011B,Anti-social behaviour,,
,2019-02,Lancashire Constabulary,Lancashire Constabulary,-2.311045,53.790697,On or near Malvern Avenue,E01024887,Burnley 011B,Anti-social behaviour,,
,2019-02,Lancashire Constabulary,Lancashire Constabulary,-2.309004,53.791817,On or near Oxford Close,E01024887,Burnley 011B,Anti-social behaviour,,
,2019-02,Lancashire Constabulary,Lancashire Constabulary,-2.309004,53.791817,On or near Oxford Close,E01024887,Burnley 011B,Anti-social behaviour,,
,2019-02,Lancashire Constabulary,Lancashire Constabulary,-2.309004,53.791817,On or near Oxford Close,E01024887,Burnley 011B,Anti-social behaviour,,
,2019-02,Lancashire Constabulary,Lancashire Constabulary,-2.311045,53.790697,On or near Malvern Avenue,E01024887,Burnley 011B,Anti-social behaviour,,
,2019-02,Lancashire Constabulary,Lancashire Constabulary,-2.311045,53.790697,On or near Malvern Avenue,E01024887,Burnley 011B,Anti-social behaviour,,
5e2d1f667c07626dbdba6777e7341349b35ab015f92e6384925db98d3b93192f,2019-02,Lancashire Constabulary,Lancashire Constabulary,-2.309004,53.791817,On or near Oxford Close,E01024887,Burnley 011B,Criminal damage and arson,Further investigation is not in the public interest,
932c65fed0de6429c9b52dac04eaca94a0bd29ea93d9d7e7818ffc3fdf45169d,2019-02,Lancashire Constabulary,Lancashire Constabulary,-2.311045,53.790697,On or near Malvern Avenue,E01024887,Burnley 011B,Criminal damage and arson,Status update unavailable,
0855bf1b856a19108f379185c4c54f14d992984637be03488b3ad91d0590d0f3,2019-02,Lancashire Constabulary,Lancashire Constabulary,-2.305150,53.790002,On or near Balliol Close,E01024887,Burnley 011B,Other theft,Offender given a caution,
fe0ab007560d224e7314ce0f423350527dba071214661d92a15246c7c8564017,2019-02,Lancashire Constabulary,Lancashire Constabulary,-2.309004,53.791817,On or near Oxford Close,E01024887,Burnley 011B,Public order,Status update unavailable,
4d48db2b5337fc3521262e7cc23c756763f3475a7b99bd1b45e8424493e01eaf,2019-02,Lancashire Constabulary,Lancashire Constabulary,-2.305150,53.790002,On or near Balliol Close,E01024887,Burnley 011B,Vehicle crime,Status update unavailable,
81b545d7ee5e409ec866348fc4a0396e254b36db37934cab7f10b5929a20ef78,2019-02,Lancashire Constabulary,Lancashire Constabulary,-2.311045,53.790697,On or near Malvern Avenue,E01024887,Burnley 011B,Violence and sexual offences,Unable to prosecute suspect,
1cbf632846aebf8b54620c178fb44eddc030eb60cb0d240081c76c3f2b1fdfb9,2019-02,Lancashire Constabulary,Lancashire Constabulary,-2.315771,53.783395,On or near Back Church Street,E01024887,Burnley 011B,Violence and sexual offences,Status update unavailable,
ae1102e6e1e9bdc4ebf102bb069319e3f82f991794d59e586396f9bf79718a6d,2019-02,Lancashire Constabulary,Lancashire Constabulary,-2.298021,53.782146,On or near Boran Court,E01024888,Burnley 011C,Burglary,Status update unavailable,
d8ebfe3caefb05c8ffe73a715632e3bea648e37cee107975099cdec3b57c1196,2019-02,Lancashire Constabulary,Lancashire Constabulary,-2.316284,53.780985,On or near Shawbrook Close,E01024888,Burnley 011C,Criminal damage and arson,Status update unavailable,
a89cebec2dbe2d21b69e2f86b019bcbf030aa139ba8201eafdc250efae4ee477,2019-02,Lancashire Constabulary,Lancashire Constabulary,-2.316284,53.780985,On or near Shawbrook Close,E01024888,Burnley 011C,Criminal damage and arson,Status update unavailable,
223ea6fd1a0216059442bdd89e2f99c6e00e1dc070759c46a70fa37f04d2c936,2019-02,Lancashire Constabulary,Lancashire Constabulary,-2.316867,53.779743,On or near St Margaret'S Gardens,E01024888,Burnley 011C,Other theft,Status update unavailable,
88ccbecdc51c3294c09c26455c88fb507c40a08ecff77e53ea08b16ad3fd44e6,2019-02,Lancashire Constabulary,Lancashire Constabulary,-2.296538,53.782761,On or near Kestrel Court,E01024888,Burnley 011C,Other theft,Status update unavailable,
dfdde64c219d0c39241b7e57368d76cf0674159316fbfc7f70fe36ea7e892942,2019-02,Lancashire Constabulary,Lancashire Constabulary,-2.316648,53.774863,On or near Hameldon Close,E01024888,Burnley 011C,Other theft,Status update unavailable,
a14307684b14e2e0c37d874a2923659e40e06012f9b7b16c0d8c390bd8db36e5,2019-02,Lancashire Constabulary,Lancashire Constabulary,-2.312549,53.772474,On or near Hameldon Road,E01024888,Burnley 011C,Other theft,Status update unavailable,
4cc816f01a3968cd171419eba016772a3462cc0c73e0b4282b76ad904caba963,2019-02,Lancashire Constabulary,Lancashire Constabulary,-2.316284,53.780985,On or near Shawbrook Close,E01024888,Burnley 011C,Public order,Status update unavailable,
9f1e721d3b6304726f7ae5d68dc6c96b3103178047801dd36596131e46a32bcd,2019-02,Lancashire Constabulary,Lancashire Constabulary,-2.316284,53.780985,On or near Shawbrook Close,E01024888,Burnley 011C,Public order,Unable to prosecute suspect,
ef38c939633db8d107cb0c4b398f2a333d028a5437694ad68f19aa1e5212eb30,2019-02,Lancashire Constabulary,Lancashire Constabulary,-2.314193,53.783399,On or near East Street,E01024888,Burnley 011C,Vehicle crime,Status update unavailable,
bc2d8cb4b897c439e6db95326dd456bb8ce1a8a42551831e2793db3b10633d82,2019-02,Lancashire Constabulary,Lancashire Constabulary,-2.314633,53.783335,On or near Water Street,E01024888,Burnley 011C,Vehicle crime,Status update unavailable,
b61a5ea788a60e76d9d3ea6dc836813d7056518a35159bcd13d858e8685bb7ad,2019-02,Lancashire Constabulary,Lancashire Constabulary,-2.318211,53.782831,On or near Wood Street,E01024888,Burnley 011C,Vehicle crime,Status update unavailable,
01958f5ac6f4ee0ce3955a183b6dcab9909cc792192f179017795a35d7df110c,2019-02,Lancashire Constabulary,Lancashire Constabulary,-2.318566,53.783612,On or near Hampden Street,E01024888,Burnley 011C,Vehicle crime,Status update unavailable,
3203586791f41652e7197aea171d1c150b1661e2265bec719876e01b31e42d86,2019-02,Lancashire Constabulary,Lancashire Constabulary,-2.317542,53.782734,On or near Castle Street,E01024888,Burnley 011C,Violence and sexual offences,Unable to prosecute suspect,
85d64ad7ceba6b8d4a3703afd86f6ca7761f9c34d395074233db28154dae34a7,2019-02,Lancashire Constabulary,Lancashire Constabulary,-2.316648,53.774863,On or near Hameldon Close,E01024888,Burnley 011C,Violence and sexual offences,Status update unavailable,
22212601add84932bfe42dc31233d43ad7d0549a06b5618f77d30e9f3a2e3240,2019-02,Lancashire Constabulary,Lancashire Constabulary,-2.316145,53.780599,On or near Kirkside View,E01024888,Burnley 011C,Violence and sexual offences,Local resolution,
0f34c344bc933cf70710996279faf9c600213af214a1b6d498c466a0a8700d2e,2019-02,Lancashire Constabulary,Lancashire Constabulary,-2.316145,53.780599,On or near Kirkside View,E01024888,Burnley 011C,Violence and sexual offences,Local resolution,
,2019-02,Lancashire Constabulary,Lancashire Constabulary,-2.293987,53.791279,On or near Lowerfields,E01024901,Burnley 011D,Anti-social behaviour,,
,2019-02,Lancashire Constabulary,Lancashire Constabulary,-2.294758,53.790720,On or near Fox Street,E01024901,Burnley 011D,Anti-social behaviour,,
76d16f0ff723ba19210d8b3d18f8bc3d649f11d2a11abfdcab511308f7fad55e,2019-02,Lancashire Constabulary,Lancashire Constabulary,-2.298993,53.790790,On or near Printers Fold,E01024901,Burnley 011D,Burglary,Status update unavailable,
cab5a1ea604351b4313c3e26b8d27b7f517586a7e1694f42f9e9252590d2b30b,2019-02,Lancashire Constabulary,Lancashire Constabulary,-2.291135,53.789273,On or near Greenbrook Road,E01024901,Burnley 011D,Burglary,Status update unavailable,
8becec44ed258241e36b60793860f5e9cfdbcda9b5043be7adbbc81a608734b4,2019-02,Lancashire Constabulary,Lancashire Constabulary,-2.299080,53.792318,On or near Printers Fold,E01024901,Burnley 011D,Burglary,Status update unavailable,
ca19444327e01d683fc97e6deb0b6f38f5d1087a2a23ffdf9aacb75c3840fec6,2019-02,Lancashire Constabulary,Lancashire Constabulary,-2.299080,53.792318,On or near Printers Fold,E01024901,Burnley 011D,Burglary,Status update unavailable,
5d6bcb7b04fae43be68586426193f2903e16d1b07f91a35c34354674867ff860,2019-02,Lancashire Constabulary,Lancashire Constabulary,-2.289670,53.790364,On or near Holyoake Street,E01024901,Burnley 011D,Burglary,Offender given suspended prison sentence,
e40e7aab3122ad2e9817f285f908bb26e2235ec82330c1d02f248ec99e2657b6,2019-02,Lancashire Constabulary,Lancashire Constabulary,-2.301215,53.791603,On or near High Close,E01024901,Burnley 011D,Burglary,Status update unavailable,
7467a24f46badc5cb610e41c560462bbe6fcd0c8483cfd562eea5d84b8bab657,2019-02,Lancashire Constabulary,Lancashire Constabulary,-2.296244,53.792721,On or near Scott Street,E01024901,Burnley 011D,Other theft,Status update unavailable,
5764c00179fab44722cc185469dfbc35eec10ffdb379062185d81b56d09a0b88,2019-02,Lancashire Constabulary,Lancashire Constabulary,-2.291135,53.789273,On or near Greenbrook Road,E01024901,Burnley 011D,Vehicle crime,Status update unavailable,
600598f4b2280ab34eb3b63773f9e709881e1866bcb01a7c737a3460f61ab271,2019-02,Lancashire Constabulary,Lancashire Constabulary,-2.285404,53.792495,On or near Clayton Fold,E01024901,Burnley 011D,Violence and sexual offences,Unable to prosecute suspect,
f241a914134d15ecebce8284f841e66f22b1cd083a093ab81335729f24791182,2019-02,Lancashire Constabulary,Lancashire Constabulary,-2.285404,53.792495,On or near Clayton Fold,E01024901,Burnley 011D,Violence and sexual offences,Unable to prosecute suspect,
,2019-02,Lancashire Constabulary,Lancashire Constabulary,-2.234138,53.780922,On or near Sussex Street,E01024904,Burnley 014A,Anti-social behaviour,,
b0a669baac61c4a75e1355492239d166f4394d81a075fcd1c6631e9260e9c706,2019-02,Lancashire Constabulary,Lancashire Constabulary,-2.233145,53.777059,On or near Foxglove Close,E01024904,Burnley 014A,Burglary,Status update unavailable,
e45eaedd693fe043b966ed2e0a004124ebea067c816e622c8bce21b6de24c798,2019-02,Lancashire Constabulary,Lancashire Constabulary,-2.219091,53.776421,On or near Sports/Recreation Area,E01024904,Burnley 014A,Burglary,Status update unavailable,
32b5e1660d494c86a2bce7e52a37b94344fa4a3348b32dde9ed001481a48d26b,2019-02,Lancashire Constabulary,Lancashire Constabulary,-2.219360,53.775638,On or near The Avenue,E01024904,Burnley 014A,Other theft,Status update unavailable,
6309352d503c2daf5ffa9074d7a7da47f2fdc00c70bd5c41e8003d90bfedfa25,2019-02,Lancashire Constabulary,Lancashire Constabulary,-2.219360,53.775638,On or near The Avenue,E01024904,Burnley 014A,Other theft,Status update unavailable,
99a6db0b77e66f5f6b09109b8b00b2d0d6da7bf1d818822a6a78fbe46dc4dfab,2019-02,Lancashire Constabulary,Lancashire Constabulary,-2.219360,53.775638,On or near The Avenue,E01024904,Burnley 014A,Public order,Unable to prosecute suspect,
5649b3123fe956997ce639c45e26439696d85dea96652e10078c5f744ae57c42,2019-02,Lancashire Constabulary,Lancashire Constabulary,-2.236836,53.780288,On or near Ballam Street,E01024904,Burnley 014A,Theft from the person,Unable to prosecute suspect,
427ff10e6b37e389b5362ec41c7db3d30de5f41a84e3ed09582fd275cf46e5a7,2019-02,Lancashire Constabulary,Lancashire Constabulary,-2.232206,53.782750,On or near St Stephen'S Street,E01024904,Burnley 014A,Vehicle crime,Status update unavailable,
909600f0599fcabcd0870e80c03f1d538e596916e35d8c965cb71fbbce7d1a20,2019-02,Lancashire Constabulary,Lancashire Constabulary,-2.235648,53.776812,On or near Hollin Hill,E01024904,Burnley 014A,Violence and sexual offences,Further investigation is not in the public interest,
ff11b91c0a31b44378a7109a35884e8084343d57f53bd8f1fe1d3c4b2292397c,2019-02,Lancashire Constabulary,Lancashire Constabulary,-2.236834,53.779910,On or near Somerset Street,E01024904,Burnley 014A,Violence and sexual offences,Unable to prosecute suspect,
5f2167b71e9ba708a624f9a8b5468f5df451020facfa3341cae67e8276f8aa84,2019-02,Lancashire Constabulary,Lancashire Constabulary,-2.232206,53.782750,On or near St Stephen'S Street,E01024904,Burnley 014A,Violence and sexual offences,Unable to prosecute suspect,
4e03860c527b384c0e5c863a1d4a0ca6ff43798292d4a9067497177571714f24,2019-02,Lancashire Constabulary,Lancashire Constabulary,-2.236834,53.779910,On or near Somerset Street,E01024904,Burnley 014A,Violence and sexual offences,Unable to prosecute suspect,
,2019-02,Lancashire Constabulary,Lancashire Constabulary,-2.240234,53.782672,On or near Rumley Road,E01024906,Burnley 014B,Anti-social behaviour,,
,2019-02,Lancashire Constabulary,Lancashire Constabulary,-2.238817,53.784355,On or near Hornby Street,E01024906,Burnley 014B,Anti-social behaviour,,
,2019-02,Lancashire Constabulary,Lancashire Constabulary,-2.243376,53.785523,On or near Exmouth Street,E01024906,Burnley 014B,Anti-social behaviour,,
,2019-02,Lancashire Constabulary,Lancashire Constabulary,-2.238032,53.782451,On or near Dall Street,E01024906,Burnley 014B,Anti-social behaviour,,
,2019-02,Lancashire Constabulary,Lancashire Constabulary,-2.235928,53.783561,On or near Crowther Street,E01024906,Burnley 014B,Anti-social behaviour,,
,2019-02,Lancashire Constabulary,Lancashire Constabulary,-2.236742,53.782508,On or near Parkinson Street,E01024906,Burnley 014B,Anti-social behaviour,,
,2019-02,Lancashire Constabulary,Lancashire Constabulary,-2.235928,53.783561,On or near Crowther Street,E01024906,Burnley 014B,Anti-social behaviour,,
,2019-02,Lancashire Constabulary,Lancashire Constabulary,-2.238817,53.784355,On or near Hornby Street,E01024906,Burnley 014B,Anti-social behaviour,,
470758a5d1b63886d61990108dc9ffadaed05e73496bf60d3c0d4851534a3684,2019-02,Lancashire Constabulary,Lancashire Constabulary,-2.235928,53.783561,On or near Crowther Street,E01024906,Burnley 014B,Burglary,Status update unavailable,
22224ee3141afca6acb91acac73c917a4ca4eadca912911ff38c31603832f0af,2019-02,Lancashire Constabulary,Lancashire Constabulary,-2.238817,53.784355,On or near Hornby Street,E01024906,Burnley 014B,Burglary,Status update unavailable,
6f08a2b4cf1f3b672c3b87321f71835c02c8d508bb3819d0dd0382df687a4c22,2019-02,Lancashire Constabulary,Lancashire Constabulary,-2.245295,53.784064,On or near Healey Row,E01024906,Burnley 014B,Burglary,Status update unavailable,
81467d19b8e353a564696c8f03dddeaa4c72350e9cfc05429a73356481b20c0c,2019-02,Lancashire Constabulary,Lancashire Constabulary,-2.237621,53.785050,On or near Plumbe Street,E01024906,Burnley 014B,Burglary,Status update unavailable,
62d302eea9ef77bb13c0a9830d739a9b6bc1b6b0065a12b7b34aeb23abdd766d,2019-02,Lancashire Constabulary,Lancashire Constabulary,-2.235928,53.783561,On or near Crowther Street,E01024906,Burnley 014B,Burglary,Status update unavailable,
8e94e95adf64aa3729a79e8fcdaae2c6fae150106594d01a96b45f44070a2e0a,2019-02,Lancashire Constabulary,Lancashire Constabulary,-2.233272,53.783377,On or near Oxford Road,E01024906,Burnley 014B,Criminal damage and arson,Further investigation is not in the public interest,
496ca73fc710879c1b49596a54893c82a071cdb5db6145e5fae2b35709219f12,2019-02,Lancashire Constabulary,Lancashire Constabulary,-2.235928,53.783561,On or near Crowther Street,E01024906,Burnley 014B,Criminal damage and arson,Status update unavailable,
94873051492ac3a3e5a7e55db0a0a3fc5fd25672e509762ab2f0ff4695ca662b,2019-02,Lancashire Constabulary,Lancashire Constabulary,-2.244226,53.785522,On or near Parking Area,E01024906,Burnley 014B,Criminal damage and arson,Status update unavailable,
edcf1d37a8187a6779e94e6382ecba80f795e194b86e49be3bf4b77fb1b8ac9e,2019-02,Lancashire Constabulary,Lancashire Constabulary,-2.233272,53.783377,On or near Oxford Road,E01024906,Burnley 014B,Other theft,Status update unavailable,
13378ec5706d61597344f424d59f8ed80962ddcc05f1c2840fcbb8de8e687369,2019-02,Lancashire Constabulary,Lancashire Constabulary,-2.238817,53.784355,On or near Hornby Street,E01024906,Burnley 014B,Public order,Further investigation is not in the public interest,
bed75587634734c3c91b971846c635e070f6d122d00055c0ecd41d95b920b166,2019-02,Lancashire Constabulary,Lancashire Constabulary,-2.238817,53.784355,On or near Hornby Street,E01024906,Burnley 014B,Public order,Unable to prosecute suspect,
6ee3d2564c2bcd920d7963b620f0610492bb2fd1049a6a58ce3a925ab13b9f67,2019-02,Lancashire Constabulary,Lancashire Constabulary,-2.237594,53.782956,On or near Reed Street,E01024906,Burnley 014B,Robbery,Status update unavailable,
c8140479f48d0685af03c938af39c925b3b42355e852311cf94672dd745b87f8,2019-02,Lancashire Constabulary,Lancashire Constabulary,-2.237973,53.785507,On or near Lutner Street,E01024906,Burnley 014B,Vehicle crime,Status update unavailable,
7b2ae86b06be764139d00cb349f76d6b2ab53b10bef3589a378bfeadc1b6d958,2019-02,Lancashire Constabulary,Lancashire Constabulary,-2.233272,53.783377,On or near Oxford Road,E01024906,Burnley 014B,Violence and sexual offences,Unable to prosecute suspect,
dc81c3dae13af716a7a212e9c108faf4dfea3027b01e550fdc13c8797ce0faaf,2019-02,Lancashire Constabulary,Lancashire Constabulary,-2.238817,53.784355,On or near Hornby Street,E01024906,Burnley 014B,Violence and sexual offences,Unable to prosecute suspect,
897e5c780c08cba232005336305b0bf22e23864f4f643bd3a83d6cd990d88b59,2019-02,Lancashire Constabulary,Lancashire Constabulary,-2.235928,53.783561,On or near Crowther Street,E01024906,Burnley 014B,Violence and sexual offences,Unable to prosecute suspect,
78183a923d235787e24934a2b2750c590ef7fc66d0d7bb51a6882905b11bee3a,2019-02,Lancashire Constabulary,Lancashire Constabulary,-2.239151,53.781856,On or near Emily Street,E01024906,Burnley 014B,Violence and sexual offences,Status update unavailable,
444856557dc2edd02adf578620fe2c93576483da785704475c339cf256d8d1b0,2019-02,Lancashire Constabulary,Lancashire Constabulary,-2.237621,53.785050,On or near Plumbe Street,E01024906,Burnley 014B,Violence and sexual offences,Offender given community sentence,
9d6865c007cb6c2af9eafe4f2e93ce417a152e9637877dc5909d20cd9d8321db,2019-02,Lancashire Constabulary,Lancashire Constabulary,-2.240234,53.782672,On or near Rumley Road,E01024906,Burnley 014B,Violence and sexual offences,Local resolution,
3cc509d5d52e05e83fcf743cc23ce0b6a1b184f077fc30702593c51d8f29a456,2019-02,Lancashire Constabulary,Lancashire Constabulary,-2.238032,53.782451,On or near Dall Street,E01024906,Burnley 014B,Violence and sexual offences,Unable to prosecute suspect,
31fc8e75e28af2a79ef667081950eddd73edf9af8925b34503787bc6627bad90,2019-02,Lancashire Constabulary,Lancashire Constabulary,-2.238817,53.784355,On or near Hornby Street,E01024906,Burnley 014B,Violence and sexual offences,Status update unavailable,
e3bcc31abc607cbdba6b822bcbead49f71479d6396c83e5ae04465f2599fd383,2019-02,Lancashire Constabulary,Lancashire Constabulary,-2.232760,53.781437,On or near Hampden Street,E01024906,Burnley 014B,Violence and sexual offences,Further investigation is not in the public interest,
ebc723ea728ec378e51f7c5e5cc4bce557c074ae37ef6744540338471496cbc9,2019-02,Lancashire Constabulary,Lancashire Constabulary,-2.236742,53.782508,On or near Parkinson Street,E01024906,Burnley 014B,Violence and sexual offences,Unable to prosecute suspect,
268cff0ca523261fde4d16531a12922ee9b832b0caeddb1bf629bf465db1c3cd,2019-02,Lancashire Constabulary,Lancashire Constabulary,-2.235928,53.783561,On or near Crowther Street,E01024906,Burnley 014B,Violence and sexual offences,Unable to prosecute suspect,
a2160d795e5b94f26fa6bb909dbcc69ea288c1550212a9445049989dadd87c1c,2019-02,Lancashire Constabulary,Lancashire Constabulary,-2.233272,53.783377,On or near Oxford Road,E01024906,Burnley 014B,Violence and sexual offences,Status update unavailable,
9b91a82b5813407ee7767f58506a1ed7cddffb4ca4a6f7bcf47f2554019acfe1,2019-02,Lancashire Constabulary,Lancashire Constabulary,-2.236088,53.784900,On or near Kay Gardens,E01024906,Burnley 014B,Violence and sexual offences,Further investigation is not in the public interest,
6f5e4ae3600d39810b41fb5ff7f69b56eeb7289dd597e1c1a69100806f03bb6a,2019-02,Lancashire Constabulary,Lancashire Constabulary,-2.236088,53.784900,On or near Kay Gardens,E01024906,Burnley 014B,Violence and sexual offences,Unable to prosecute suspect,
dbc97ee36af9103b9b57fb25cf704c5ebbb5c994563736ec21de730149b70e73,2019-02,Lancashire Constabulary,Lancashire Constabulary,-2.235928,53.783561,On or near Crowther Street,E01024906,Burnley 014B,Violence and sexual offences,Unable to prosecute suspect,
719e4daa462bd3c47b66cc73e3dc0160722da9be49a250dde2a5f12dede4174a,2019-02,Lancashire Constabulary,Lancashire Constabulary,-2.238817,53.784355,On or near Hornby Street,E01024906,Burnley 014B,Violence and sexual offences,Unable to prosecute suspect,
db613e8f502357efb22c44adc8d0880a77398ddd17c0bbac8dc3031570cd3b94,2019-02,Lancashire Constabulary,Lancashire Constabulary,-2.235761,53.783552,On or near Springfield Road,E01024906,Burnley 014B,Other crime,Unable to prosecute suspect,
,2019-02,Lancashire Constabulary,Lancashire Constabulary,-2.244803,53.782932,On or near Healey Wood Road,E01024910,Burnley 014C,Anti-social behaviour,,
,2019-02,Lancashire Constabulary,Lancashire Constabulary,-2.246709,53.781939,On or near Berry Street,E01024910,Burnley 014C,Anti-social behaviour,,
1a560ab312c24a06ee52d55a56daf485f525c3cc266543a3b618bae128dbb909,2019-02,Lancashire Constabulary,Lancashire Constabulary,-2.244803,53.782932,On or near Healey Wood Road,E01024910,Burnley 014C,Burglary,Status update unavailable,
73307768cd9a72ec22382bb37e8d31c1acb7e0650e8935ad651607d66413a08e,2019-02,Lancashire Constabulary,Lancashire Constabulary,-2.245921,53.782085,On or near Laithe Street,E01024910,Burnley 014C,Criminal damage and arson,Status update unavailable,
bc1657680c628cb262f949d9a11ad7a675789c2e5e2424b16863a685906ed1ae,2019-02,Lancashire Constabulary,Lancashire Constabulary,-2.246147,53.781833,On or near Reservoir Street,E01024910,Burnley 014C,Criminal damage and arson,Status update unavailable,
5fd214d147d890a9bb19a71eb9386c336263baf7f27883ddbff1527862ab3ea8,2019-02,Lancashire Constabulary,Lancashire Constabulary,-2.244803,53.782932,On or near Healey Wood Road,E01024910,Burnley 014C,Criminal damage and arson,Status update unavailable,
970d79417b75b2e8734500e2f31b6d57ddf7a8b52acd3b786df3cea2cc93f0d8,2019-02,Lancashire Constabulary,Lancashire Constabulary,-2.253664,53.785053,On or near Montague Road,E01024910,Burnley 014C,Criminal damage and arson,Unable to prosecute suspect,
1596e78d4c5602cf2c6421938708e2d96393c05e0ec8c35e7e6619726b2894a3,2019-02,Lancashire Constabulary,Lancashire Constabulary,-2.245921,53.782085,On or near Laithe Street,E01024910,Burnley 014C,Other theft,Status update unavailable,
7aabdb8ade22a4f162e5e97b6bd79ea18587854c64c5d8a30eb9c3829847638c,2019-02,Lancashire Constabulary,Lancashire Constabulary,-2.245921,53.782085,On or near Laithe Street,E01024910,Burnley 014C,Other theft,Status update unavailable,
c43800e10d660892ed1f7fad891869cc3fab098fd27f68a239d2708540263769,2019-02,Lancashire Constabulary,Lancashire Constabulary,-2.244803,53.782932,On or near Healey Wood Road,E01024910,Burnley 014C,Public order,Unable to prosecute suspect,
851a3b4ae51dce51d79e3d2fe95d53d343d3eafedea05a8280e3f25f7fce063b,2019-02,Lancashire Constabulary,Lancashire Constabulary,-2.255844,53.784140,On or near St Matthew Street,E01024910,Burnley 014C,Vehicle crime,Status update unavailable,
306b8033482621c97e23d71e816fe476509c170d4333d5cc810dbef36575b300,2019-02,Lancashire Constabulary,Lancashire Constabulary,-2.251399,53.781903,On or near Lansdowne Close,E01024910,Burnley 014C,Vehicle crime,Status update unavailable,
a5e4f40519e1dfcb140f4dfe4ab967f2337b30d54b12ddc2a3e8050a0af93bf3,2019-02,Lancashire Constabulary,Lancashire Constabulary,-2.245921,53.782085,On or near Laithe Street,E01024910,Burnley 014C,Violence and sexual offences,Further investigation is not in the public interest,
f27762cee59a6c797259ac0908ebdc76db4d3d830b7d6e9f8114b6815ce6959e,2019-02,Lancashire Constabulary,Lancashire Constabulary,-2.246568,53.781149,On or near Evans Street,E01024910,Burnley 014C,Violence and sexual offences,Status update unavailable,
,2019-02,Lancashire Constabulary,Lancashire Constabulary,-2.255014,53.782533,On or near Scott Park Road,E01024871,Burnley 014D,Anti-social behaviour,,
,2019-02,Lancashire Constabulary,Lancashire Constabulary,-2.255785,53.777040,On or near Marton Drive,E01024871,Burnley 014D,Anti-social behaviour,,
,2019-02,Lancashire Constabulary,Lancashire Constabulary,-2.256201,53.782935,On or near Scott Park Road,E01024871,Burnley 014D,Anti-social behaviour,,
,2019-02,Lancashire Constabulary,Lancashire Constabulary,-2.254918,53.779190,On or near Carr Road,E01024871,Burnley 014D,Anti-social behaviour,,
f7b7b06e525980bfd159be961ebe7e61b5de5ace5ca1fcb4d366c9a7b71995b8,2019-02,Lancashire Constabulary,Lancashire Constabulary,-2.254918,53.779190,On or near Carr Road,E01024871,Burnley 014D,Burglary,Status update unavailable,
734011acd56df2e856ea011191c9fede723052e7c5300f5b5b0f838cddfe8fcd,2019-02,Lancashire Constabulary,Lancashire Constabulary,-2.255532,53.772807,On or near Arnold Close,E01024871,Burnley 014D,Burglary,Awaiting court outcome,
ae8f3c9b68fb9ac9eb7bdb32901278ebac7255bd00087b4e0426176ff8b1f625,2019-02,Lancashire Constabulary,Lancashire Constabulary,-2.258878,53.779083,On or near Pasture Close,E01024871,Burnley 014D,Burglary,Status update unavailable,
c28d9675a066adc72bdb713c297e575139206f17b61e4de6065c9e69a5a22fb8,2019-02,Lancashire Constabulary,Lancashire Constabulary,-2.256654,53.777640,On or near Calderbrook Avenue,E01024871,Burnley 014D,Vehicle crime,Status update unavailable,
7249bfec71a1d0a5598179ef7c4cf40ac98dee583fb968fde69e0e52bc96c204,2019-02,Lancashire Constabulary,Lancashire Constabulary,-2.261079,53.781621,On or near Airdrie Crescent,E01024871,Burnley 014D,Vehicle crime,Offender ordered to pay compensation,
edd2100256cfc7c6e632c39936bf5643b655a18db9a16b15473cc86c03368c71,2019-02,Lancashire Constabulary,Lancashire Constabulary,-2.259242,53.781428,On or near Fern Road,E01024871,Burnley 014D,Vehicle crime,Status update unavailable,
d0be013d11961f9f742ab03cab1ff6da5313247b094b1569123db135087531d8,2019-02,Lancashire Constabulary,Lancashire Constabulary,-2.254918,53.779190,On or near Carr Road,E01024871,Burnley 014D,Violence and sexual offences,Unable to prosecute suspect,
a83105d34a3bbf6386c18fe5980781518ce8f2d7556ab4079016ec5e1d8cf955,2019-02,Lancashire Constabulary,Lancashire Constabulary,-2.256201,53.782935,On or near Scott Park Road,E01024871,Burnley 014D,Violence and sexual offences,Status update unavailable,
51ff4207ebf6195730eac63807cc219a74190bd01ac0945692b6810c8f5f2219,2019-02,Lancashire Constabulary,Lancashire Constabulary,-2.255014,53.782533,On or near Scott Park Road,E01024871,Burnley 014D,Violence and sexual offences,Unable to prosecute suspect,
681b24d93c703b74d1c00a97433462906e88c5e3e9a2e2c93a7f19f8b90ae246,2019-02,Lancashire Constabulary,Lancashire Constabulary,-2.251878,53.773309,On or near Approach Way,E01024871,Burnley 014D,Violence and sexual offences,Status update unavailable,
da0274858004f131eb57745634f71e5755602ff3f66d70bedb985466353291ea,2019-02,Lancashire Constabulary,Lancashire Constabulary,-2.258446,53.772927,On or near Vandyck Avenue,E01024871,Burnley 014D,Violence and sexual offences,Unable to prosecute suspect,
9e9a5bdb0b76454c645184ac1b2a79de826f3271eafc31546dc455f0d822e6e1,2019-02,Lancashire Constabulary,Lancashire Constabulary,-2.256624,53.775160,On or near Parkland View,E01024871,Burnley 014D,Violence and sexual offences,Status update unavailable,
77ffc6f553e0c1c06f4b56af5a5ae2266da8bc0e7673baee43557432e312ab4e,2019-02,Lancashire Constabulary,Lancashire Constabulary,-2.258878,53.779083,On or near Pasture Close,E01024871,Burnley 014D,Violence and sexual offences,Status update unavailable,
d48f74567774fdbaff7ed7b724058def29a97f7d081295a57756eedc54f72f12,2019-02,Lancashire Constabulary,Lancashire Constabulary,-2.258293,53.777628,On or near Kelbrook Drive,E01024873,Burnley 014E,Criminal damage and arson,Unable to prosecute suspect,
4027d3ea955ede9aa6cb898ff66888e4b46f8950aafebb81a6fb1ad8ff6f336d,2019-02,Lancashire Constabulary,Lancashire Constabulary,-2.258502,53.774634,On or near Newby Close,E01024873,Burnley 014E,Public order,Status update unavailable,
196202aa3f9233055225b4ecbf9340eea3d96c3ea2e87ec68db613d068bc75d8,2019-02,Lancashire Constabulary,Lancashire Constabulary,-2.258293,53.777628,On or near Kelbrook Drive,E01024873,Burnley 014E,Public order,Unable to prosecute suspect,
d474c1a3b2bb294f384033f77ec983bd31981779f702dec18dc2d0f5b8cc2b75,2019-02,Lancashire Constabulary,Lancashire Constabulary,-2.260217,53.777147,On or near Raygill Avenue,E01024873,Burnley 014E,Vehicle crime,Status update unavailable,
becc29d6986b4513ca1c6be1d1a46e36151d9843303ae4ad19cad27d5662ff1e,2019-02,Lancashire Constabulary,Lancashire Constabulary,-2.260148,53.775790,On or near Linton Drive,E01024873,Burnley 014E,Violence and sexual offences,Local resolution,
597be15daf5f8663a7ed01e023b7c88a9c9a6d5945e9b0130fa795cead8592b0,2019-02,Lancashire Constabulary,Lancashire Constabulary,-2.258293,53.777628,On or near Kelbrook Drive,E01024873,Burnley 014E,Violence and sexual offences,Awaiting court outcome,
df0b3bb9d2da4f57e45d27db520e70a4fb986a5dd9e9b4da9d27c86abbdc0930,2019-02,Lancashire Constabulary,Lancashire Constabulary,-2.258293,53.777628,On or near Kelbrook Drive,E01024873,Burnley 014E,Violence and sexual offences,Offender given community sentence,
787eae6e6a7e569157b356b92429277a4fd7a9433c2d2c5c82c609fbfe9a66e6,2019-02,Lancashire Constabulary,Lancashire Constabulary,-2.258293,53.777628,On or near Kelbrook Drive,E01024873,Burnley 014E,Violence and sexual offences,Status update unavailable,
c6d69d169d82d1b8280186940f46afccce07dc9c34f007c03b7db4a0d5dd2342,2019-02,Lancashire Constabulary,Lancashire Constabulary,-2.258293,53.777628,On or near Kelbrook Drive,E01024873,Burnley 014E,Violence and sexual offences,Unable to prosecute suspect,
,2019-02,Lancashire Constabulary,Lancashire Constabulary,-2.245681,53.774688,On or near Woodplumpton Road,E01024903,Burnley 014F,Anti-social behaviour,,
536bfb55c230469819ac74ca92c52f077a909faaf74897e80ddd5bf1fa0ac1f6,2019-02,Lancashire Constabulary,Lancashire Constabulary,-2.246408,53.774597,On or near Glen View Road,E01024903,Burnley 014F,Criminal damage and arson,Status update unavailable,
1cb688bbf0dd1b798f5bb4260c35d1232255dbe249ff76d4e9ec7a56c0f315f1,2019-02,Lancashire Constabulary,Lancashire Constabulary,-2.249313,53.775669,On or near Creswick Avenue,E01024903,Burnley 014F,Violence and sexual offences,Awaiting court outcome,
cf6002443c4a12275ef7786bc6167b1e1610bcaaee216ebe434496febf476264,2019-02,Lancashire Constabulary,Lancashire Constabulary,-2.245681,53.774688,On or near Woodplumpton Road,E01024903,Burnley 014F,Violence and sexual offences,Further investigation is not in the public interest,
,2019-02,Lancashire Constabulary,Lancashire Constabulary,-2.250579,53.779334,On or near Shaftesbury Avenue,E01024905,Burnley 014G,Anti-social behaviour,,
,2019-02,Lancashire Constabulary,Lancashire Constabulary,-2.250579,53.779334,On or near Shaftesbury Avenue,E01024905,Burnley 014G,Anti-social behaviour,,
,2019-02,Lancashire Constabulary,Lancashire Constabulary,-2.250579,53.779334,On or near Shaftesbury Avenue,E01024905,Burnley 014G,Anti-social behaviour,,
,2019-02,Lancashire Constabulary,Lancashire Constabulary,-2.250579,53.779334,On or near Shaftesbury Avenue,E01024905,Burnley 014G,Anti-social behaviour,,
,2019-02,Lancashire Constabulary,Lancashire Constabulary,-2.250579,53.779334,On or near Shaftesbury Avenue,E01024905,Burnley 014G,Anti-social behaviour,,
,2019-02,Lancashire Constabulary,Lancashire Constabulary,-2.250579,53.779334,On or near Shaftesbury Avenue,E01024905,Burnley 014G,Anti-social behaviour,,
,2019-02,Lancashire Constabulary,Lancashire Constabulary,-2.250579,53.779334,On or near Shaftesbury Avenue,E01024905,Burnley 014G,Anti-social behaviour,,
,2019-02,Lancashire Constabulary,Lancashire Constabulary,-2.250579,53.779334,On or near Shaftesbury Avenue,E01024905,Burnley 014G,Anti-social behaviour,,
390879909064163580c5e7e351c9995a0775b1425c7349be4ba27a8edf12cf36,2019-02,Lancashire Constabulary,Lancashire Constabulary,-2.255443,53.775719,On or near Parkland View,E01024905,Burnley 014G,Burglary,Awaiting court outcome,
fe6478bd0163769903db8ef62b49212804868e9ae63ff16010675ac1e0c25161,2019-02,Lancashire Constabulary,Lancashire Constabulary,-2.250143,53.780045,On or near Rosehill Road,E01024905,Burnley 014G,Burglary,Status update unavailable,
ac05dd8f1ebc5ec53d1768f44d765283bbdbb5d552e5000d27dd35557c9a7ed9,2019-02,Lancashire Constabulary,Lancashire Constabulary,-2.250579,53.779334,On or near Shaftesbury Avenue,E01024905,Burnley 014G,Public order,Formal action is not in the public interest,
da9d52ac5049fab6921c3d3800cd1ea162cfe8d96426b5bd23e8e6fb17940ab1,2019-02,Lancashire Constabulary,Lancashire Constabulary,-2.250143,53.780045,On or near Rosehill Road,E01024905,Burnley 014G,Violence and sexual offences,Status update unavailable,
b19284f090a5a3ab133e03f25eac86f327cbf46da6bd8cafe589fdf0ce402b0e,2019-02,Lancashire Constabulary,Lancashire Constabulary,-2.252880,53.778394,On or near Rosewood Avenue,E01024905,Burnley 014G,Violence and sexual offences,Status update unavailable,
667d887721026c3561d9adabaa6b306c94ae793bf9065de7cda01a07c6c2a080,2019-02,Lancashire Constabulary,Lancashire Constabulary,-2.305228,53.648052,On or near Cheshire Court,E01005015,Bury 001B,Violence and sexual offences,Unable to prosecute suspect,
ec5e4c464c818d1b55f12cb7e3043b30b73dc176665742f35347242598a4d212,2019-02,Lancashire Constabulary,Lancashire Constabulary,-1.889634,53.723721,On or near Newstead Place,E01011000,Calderdale 010D,Violence and sexual offences,Status update unavailable,
afb76fbac29b7746b629a3c768a79135f2fc715a30a59e406ec5d92f3920fed7,2019-02,Lancashire Constabulary,Lancashire Constabulary,-2.080302,53.717210,On or near Chapel Street,E01010884,Calderdale 022A,Violence and sexual offences,Unable to prosecute suspect,
df08852c140c6c23a5d3e6a8cb01bdeeadad2051f9a831acbc7f6c662dd097ba,2019-02,Lancashire Constabulary,Lancashire Constabulary,-2.900993,53.280573,On or near Victoria Road,E01018519,Cheshire West and Chester 007A,Drugs,Status update unavailable,
7759b931bf8c9c7c4a6c596e4c259963050577c98a764db1773b7bcc6a79406b,2019-02,Lancashire Constabulary,Lancashire Constabulary,-0.766411,50.845056,On or near Baxendale Road,E01031483,Chichester 008B,Violence and sexual offences,Status update unavailable,
,2019-02,Lancashire Constabulary,Lancashire Constabulary,-2.645199,53.713297,On or near Petrol Station,E01024951,Chorley 001A,Anti-social behaviour,,
,2019-02,Lancashire Constabulary,Lancashire Constabulary,-2.645199,53.713297,On or near Petrol Station,E01024951,Chorley 001A,Anti-social behaviour,,
,2019-02,Lancashire Constabulary,Lancashire Constabulary,-2.639960,53.716516,On or near Brow Hey,E01024951,Chorley 001A,Anti-social behaviour,,
,2019-02,Lancashire Constabulary,Lancashire Constabulary,-2.645199,53.713297,On or near Petrol Station,E01024951,Chorley 001A,Anti-social behaviour,,
c24c932ffb0bd65c43c3718b2cf1973396269e98679bba6a6a2fd706e9b00c50,2019-02,Lancashire Constabulary,Lancashire Constabulary,-2.639960,53.716516,On or near Brow Hey,E01024951,Chorley 001A,Criminal damage and arson,Status update unavailable,
7d661e5f8d2ad62f261684cc86b7860d8ed70da6448a162e7b0262a207e3acf1,2019-02,Lancashire Constabulary,Lancashire Constabulary,-2.645199,53.713297,On or near Petrol Station,E01024951,Chorley 001A,Other theft,Status update unavailable,
621e7017d58e3f1335d2ff3248d707b1fa5f1b0a6570919668a95c979830116b,2019-02,Lancashire Constabulary,Lancashire Constabulary,-2.645199,53.713297,On or near Petrol Station,E01024951,Chorley 001A,Other theft,Status update unavailable,
c5cd6788215f671d1e3649a123a7ff90ed437013a084ec7a47e8992bc5ae6159,2019-02,Lancashire Constabulary,Lancashire Constabulary,-2.643807,53.714473,On or near Daisy Meadow,E01024951,Chorley 001A,Violence and sexual offences,Status update unavailable,
7a2a4d7d0919400bcd930c1221a5d621254fccb852a0decc0a6fabbdbd92946c,2019-02,Lancashire Constabulary,Lancashire Constabulary,-2.645199,53.713297,On or near Petrol Station,E01024951,Chorley 001A,Violence and sexual offences,Further investigation is not in the public interest,
180f72abfb4f7dc848370767debe3b920c8bb46d3e8cf98f201ecfa601265329,2019-02,Lancashire Constabulary,Lancashire Constabulary,-2.643807,53.714473,On or near Daisy Meadow,E01024951,Chorley 001A,Violence and sexual offences,Status update unavailable,
a2754635d580f9b175273e4101c9fd346242c0bbc01c3dc908c22f2f33111151,2019-02,Lancashire Constabulary,Lancashire Constabulary,-2.645199,53.713297,On or near Petrol Station,E01024951,Chorley 001A,Other crime,Status update unavailable,
,2019-02,Lancashire Constabulary,Lancashire Constabulary,-2.647289,53.715227,On or near Ambledene,E01024952,Chorley 001B,Anti-social behaviour,,
a7e9779d24b130a0d37aee3643eb58361ab8b865552e159b1102049c93287e22,2019-02,Lancashire Constabulary,Lancashire Constabulary,-2.646870,53.713584,On or near Mallards Walk,E01024952,Chorley 001B,Drugs,Status update unavailable,
54c80c1a5ca72df53dca6d243d14067acee83b143ac33c0ceff75dad27ed3d85,2019-02,Lancashire Constabulary,Lancashire Constabulary,-2.643041,53.706972,On or near Petrol Station,E01024952,Chorley 001B,Other theft,Status update unavailable,
4119a5ad4d5852c47161efc687ae94b89631cf659b473db931e6e4a7388d290a,2019-02,Lancashire Constabulary,Lancashire Constabulary,-2.646870,53.713584,On or near Mallards Walk,E01024952,Chorley 001B,Other theft,Status update unavailable,
89b68d1bf4d9da36c1e8ec09cf65d3d169b06d5ecf3bf98580b4e3d6f04c4f71,2019-02,Lancashire Constabulary,Lancashire Constabulary,-2.643041,53.706972,On or near Petrol Station,E01024952,Chorley 001B,Public order,Unable to prosecute suspect,
bdd15fa79627c128a18084371c8942880de83f11f6c937bbea503668589552df,2019-02,Lancashire Constabulary,Lancashire Constabulary,-2.643041,53.706972,On or near Petrol Station,E01024952,Chorley 001B,Public order,Status update unavailable,
e554827f8eaae2afbf2a5de63f0506ed69c2a9b24d7825851fe7f9deaa031736,2019-02,Lancashire Constabulary,Lancashire Constabulary,-2.643041,53.706972,On or near Petrol Station,E01024952,Chorley 001B,Shoplifting,Status update unavailable,
e0e9cd79232399cfb81919a0b059a5aeb2d80f3f7bcfe6d9a7ff14bc8b54dc9b,2019-02,Lancashire Constabulary,Lancashire Constabulary,-2.643041,53.706972,On or near Petrol Station,E01024952,Chorley 001B,Shoplifting,Status update unavailable,
b9c88f637d2d20b968f2a791479739abdba50d1b9836cb60d460c5632c2a32b2,2019-02,Lancashire Constabulary,Lancashire Constabulary,-2.643041,53.706972,On or near Petrol Station,E01024952,Chorley 001B,Shoplifting,Status update unavailable,
434f38d949f115db21256afc5a71ac6d02cd444a3fba6820ef0e09c0027ed72e,2019-02,Lancashire Constabulary,Lancashire Constabulary,-2.643041,53.706972,On or near Petrol Station,E01024952,Chorley 001B,Violence and sexual offences,Status update unavailable,
,2019-02,Lancashire Constabulary,Lancashire Constabulary,-2.634419,53.710829,On or near Seven Acres,E01024953,Chorley 001C,Anti-social behaviour,,
666852ea513f56a6b7cb0390aa43d81f3f09ac17ce13680728afe55b6aed6495,2019-02,Lancashire Constabulary,Lancashire Constabulary,-2.636796,53.715751,On or near Woodfield,E01024953,Chorley 001C,Other theft,Status update unavailable,
43cb8884abbfe66c071ae8a23c2e7f712d3afb0081466ee935cd12c667be94f6,2019-02,Lancashire Constabulary,Lancashire Constabulary,-2.632803,53.715178,On or near Carr Barn Brow,E01024953,Chorley 001C,Public order,Local resolution,
6740ad97ff178fc0acaaae2c3799970504f24ba148cb33d96a6453f6a1606202,2019-02,Lancashire Constabulary,Lancashire Constabulary,-2.634419,53.710829,On or near Seven Acres,E01024953,Chorley 001C,Violence and sexual offences,Unable to prosecute suspect,
64f9e601786cedd785d18c0690587a04671c4b17be829d261034af63705cf389,2019-02,Lancashire Constabulary,Lancashire Constabulary,-2.632803,53.715178,On or near Carr Barn Brow,E01024953,Chorley 001C,Violence and sexual offences,Unable to prosecute suspect,
e3aa1ce2bb80f97a4c83fc3456a38bf173b5d8fd11b3f53a5e4d3bfe54194363,2019-02,Lancashire Constabulary,Lancashire Constabulary,-2.634419,53.710829,On or near Seven Acres,E01024953,Chorley 001C,Violence and sexual offences,Status update unavailable,
6ee3d3331e9bc90d659e8398e5738823dcf89d6093764738177d02803c46700a,2019-02,Lancashire Constabulary,Lancashire Constabulary,-2.632771,53.714064,On or near Three Nooks,E01024953,Chorley 001C,Violence and sexual offences,Status update unavailable,
bcf281925826c94652867cda65237467fd6c207e4697db6d8fb8c0a5ef9b4abc,2019-02,Lancashire Constabulary,Lancashire Constabulary,-2.632771,53.714064,On or near Three Nooks,E01024953,Chorley 001C,Violence and sexual offences,Unable to prosecute suspect,
e79b6194dc2fea24d6318f5fe798f15726c97b0afbcddacdd344074835b04585,2019-02,Lancashire Constabulary,Lancashire Constabulary,-2.632771,53.714064,On or near Three Nooks,E01024953,Chorley 001C,Violence and sexual offences,Status update unavailable,
9bce47f2f667f47fb53af34d40ee5e6e73ef4efed9077d34f922fc34b77c2dd4,2019-02,Lancashire Constabulary,Lancashire Constabulary,-2.633669,53.712361,On or near Long Acre,E01024953,Chorley 001C,Violence and sexual offences,Unable to prosecute suspect,
2bdc5ed7ab4d2b331a2029718c4b3739cf5060ad6c5303bbf35704ca8faad5a3,2019-02,Lancashire Constabulary,Lancashire Constabulary,-2.633669,53.712361,On or near Long Acre,E01024953,Chorley 001C,Violence and sexual offences,Unable to prosecute suspect,
14383ec2865af3e801db54bb9eac740eb22eb3ccb288a235d6ae912340b1f24c,2019-02,Lancashire Constabulary,Lancashire Constabulary,-2.632771,53.714064,On or near Three Nooks,E01024953,Chorley 001C,Violence and sexual offences,Unable to prosecute suspect,
2143c17b261220208d0fd4a6d2b6f5388e8fe2239e26ab570a5f2d43b2692871,2019-02,Lancashire Constabulary,Lancashire Constabulary,-2.634419,53.710829,On or near Seven Acres,E01024953,Chorley 001C,Violence and sexual offences,Awaiting court outcome,
,2019-02,Lancashire Constabulary,Lancashire Constabulary,-2.637874,53.711898,On or near Hospital,E01024954,Chorley 001D,Anti-social behaviour,,
097c5dbf698b716c53bc196007a36efdf027db733376ddbe033748510be8f3c2,2019-02,Lancashire Constabulary,Lancashire Constabulary,-2.631916,53.706554,On or near M61,E01024954,Chorley 001D,Burglary,Status update unavailable,
855f8a8769e33fe0c8c175e8ce86d9fa66cf5857172476bcd4867ecdf9e3d7d8,2019-02,Lancashire Constabulary,Lancashire Constabulary,-2.633554,53.707732,On or near Carr Field,E01024954,Chorley 001D,Criminal damage and arson,Status update unavailable,
d0be6f72503e22f846a9d4ea34c3644fd8a68bd725f5a2aa0d63fcab793017a1,2019-02,Lancashire Constabulary,Lancashire Constabulary,-2.634558,53.706001,On or near Barleyfield,E01024954,Chorley 001D,Other theft,Status update unavailable,
20acd28b24082c62c65391f5d40c8f87eff882e05474dda6de3ff7d041d927ad,2019-02,Lancashire Constabulary,Lancashire Constabulary,-2.638442,53.710367,On or near Homestead,E01024954,Chorley 001D,Public order,Unable to prosecute suspect,
4ee04bdf2e578071d21c390fa751d7b24de9fb2988d1da2468785619073e8558,2019-02,Lancashire Constabulary,Lancashire Constabulary,-2.637874,53.711898,On or near Hospital,E01024954,Chorley 001D,Public order,Status update unavailable,
16e93f90a2b70e27fb22ed494c9a7d4adfb5bf86fb9bf6a22e5c4ecaaacba45c,2019-02,Lancashire Constabulary,Lancashire Constabulary,-2.641462,53.713694,On or near Clayton Brook Road,E01024954,Chorley 001D,Public order,Unable to prosecute suspect,
09537f6b056f25c86a81a965a0ba36f2804335c9af5bab92b9499cf4125c554c,2019-02,Lancashire Constabulary,Lancashire Constabulary,-2.637874,53.711898,On or near Hospital,E01024954,Chorley 001D,Public order,Status update unavailable,
5993d1e2975901d7a5cba295c2fa10059e3069567d997416c740d4c4f12f387b,2019-02,Lancashire Constabulary,Lancashire Constabulary,-2.641370,53.711627,On or near Well Orchard,E01024954,Chorley 001D,Vehicle crime,Status update unavailable,
ccfbd65e5f76b01a7d5c87258459ce82291ccaa5e8913b62fceeea98d7dae144,2019-02,Lancashire Constabulary,Lancashire Constabulary,-2.633554,53.707732,On or near Carr Field,E01024954,Chorley 001D,Violence and sexual offences,Investigation complete; no suspect identified,
aea7fc728378841a1b88972a1f0517f10fb4931ac109f42d98023caf1cea9c11,2019-02,Lancashire Constabulary,Lancashire Constabulary,-2.641370,53.711627,On or near Well Orchard,E01024954,Chorley 001D,Violence and sexual offences,Unable to prosecute suspect,
c976073e4d8f792522c139b775a1a182d4f32c84ce9b88f95e85c7c64ab48fb0,2019-02,Lancashire Constabulary,Lancashire Constabulary,-2.633554,53.707732,On or near Carr Field,E01024954,Chorley 001D,Violence and sexual offences,Unable to prosecute suspect,
d1948031d5e7c6c90eb29506fc8b2736fe8ee7f5ab55dbe1fa37c9159f264c69,2019-02,Lancashire Constabulary,Lancashire Constabulary,-2.638442,53.710367,On or near Homestead,E01024954,Chorley 001D,Violence and sexual offences,Status update unavailable,
076edf1978b3ef990ccbd5c6155849e3e2af69b757961d88709ea24f59bc62c8,2019-02,Lancashire Constabulary,Lancashire Constabulary,-2.635937,53.710030,On or near Reedfield,E01024954,Chorley 001D,Violence and sexual offences,Status update unavailable,
159497097938eb3be4975c25980040cc3e5d17fd704fa6eff6b5e1590e4bf51d,2019-02,Lancashire Constabulary,Lancashire Constabulary,-2.634558,53.706001,On or near Barleyfield,E01024954,Chorley 001D,Violence and sexual offences,Status update unavailable,
28a9ec00435507b2dd5b088a02217847ab72d0e6d1b3cd5ed0e4951acd07bb3f,2019-02,Lancashire Constabulary,Lancashire Constabulary,-2.631916,53.706554,On or near M61,E01024954,Chorley 001D,Other crime,Awaiting court outcome,
,2019-02,Lancashire Constabulary,Lancashire Constabulary,-2.616835,53.729841,On or near Back Bourne'S Row,E01024921,Chorley 002A,Anti-social behaviour,,
,2019-02,Lancashire Constabulary,Lancashire Constabulary,-2.572320,53.706611,On or near Chorley Road,E01024921,Chorley 002A,Anti-social behaviour,,
,2019-02,Lancashire Constabulary,Lancashire Constabulary,-2.620218,53.703308,On or near Holt Lane,E01024921,Chorley 002A,Anti-social behaviour,,
,2019-02,Lancashire Constabulary,Lancashire Constabulary,-2.562920,53.700382,On or near Bury Lane,E01024921,Chorley 002A,Anti-social behaviour,,
,2019-02,Lancashire Constabulary,Lancashire Constabulary,-2.586434,53.730200,On or near Hoghton Lane,E01024921,Chorley 002A,Anti-social behaviour,,
f224c432420e0665a266379373d41b46f30cf1dc84d29fbf819d76b9cf5d8d2f,2019-02,Lancashire Constabulary,Lancashire Constabulary,-2.608703,53.712544,On or near Brindle Heights,E01024921,Chorley 002A,Burglary,Status update unavailable,
d1dab54ea267a3fe757507bedbb52bad6bb3274aa65df230d95c9cd974b6afe4,2019-02,Lancashire Constabulary,Lancashire Constabulary,-2.587681,53.734841,On or near Blackburn Old Road,E01024921,Chorley 002A,Other theft,Status update unavailable,
9ca27b03b972b7392dadc91449194dc0694598b375b5d645de7ee7e0523d95ad,2019-02,Lancashire Constabulary,Lancashire Constabulary,-2.562920,53.700382,On or near Bury Lane,E01024921,Chorley 002A,Public order,Status update unavailable,
183331406d4479448bc6b49a296916bd3371eeec1a0aaf7495e2d164866d1a4e,2019-02,Lancashire Constabulary,Lancashire Constabulary,-2.586434,53.730200,On or near Hoghton Lane,E01024921,Chorley 002A,Violence and sexual offences,Unable to prosecute suspect,
04430b70def9abe1fe00683247d7d6ad593720b65c720c851e072c1ad9019434,2019-02,Lancashire Constabulary,Lancashire Constabulary,-2.573477,53.722614,On or near Bolton Road,E01024921,Chorley 002A,Violence and sexual offences,Status update unavailable,
1d079e39e19b183a6ce0264fee0904f027ab6c8f6eb9264a7f9921b26de49444,2019-02,Lancashire Constabulary,Lancashire Constabulary,-2.572320,53.706611,On or near Chorley Road,E01024921,Chorley 002A,Violence and sexual offences,Unable to prosecute suspect,
019ed92c38485de4cd23ab7f9e647abe4d117c44030bf59833b2907ee671b66d,2019-02,Lancashire Constabulary,Lancashire Constabulary,-2.554444,53.710084,On or near Stanworth Brow,E01024921,Chorley 002A,Violence and sexual offences,Status update unavailable,
bc1058cfd6071df9b16bdc79cb99a7bb9265bd4114022ac8ed9bd946a408b154,2019-02,Lancashire Constabulary,Lancashire Constabulary,-2.554444,53.710084,On or near Stanworth Brow,E01024921,Chorley 002A,Violence and sexual offences,Status update unavailable,
904d5afbd5d7024fa52911d9c36c38b43c90ec7d8f40243b2e70a62d9177f925,2019-02,Lancashire Constabulary,Lancashire Constabulary,-2.572320,53.706611,On or near Chorley Road,E01024921,Chorley 002A,Violence and sexual offences,Status update unavailable,
12422f7ee15e390fafdf3fd3f838368b80bc3dc9690d46c7d218ba6fc2dd03ee,2019-02,Lancashire Constabulary,Lancashire Constabulary,-2.619269,53.730493,On or near Bournesfield,E01024921,Chorley 002A,Violence and sexual offences,Unable to prosecute suspect,
46f48cfe20cbbb1f479724326594b57a479560c129d5cf241ac4a2ceaab7eb55,2019-02,Lancashire Constabulary,Lancashire Constabulary,-2.557484,53.694763,On or near Bloomfield Road,E01024978,Chorley 002B,Burglary,Status update unavailable,
2473b1413c36f5875c796715854deb5544c313cc348072ab4de087d2e92b2b63,2019-02,Lancashire Constabulary,Lancashire Constabulary,-2.557431,53.693082,On or near Mount Pleasant,E01024978,Chorley 002B,Public order,Status update unavailable,
25aeb9347d4df40a7a5f100b2f4bc864ab3121e8e3fa29b3de2fdb6c19e04b78,2019-02,Lancashire Constabulary,Lancashire Constabulary,-2.546480,53.698778,On or near Lilac Grove,E01024978,Chorley 002B,Vehicle crime,Unable to prosecute suspect,
647e0a98aaeeb839e557f3540456811980203c8e7f92b5f4e23eff83a88bf77c,2019-02,Lancashire Constabulary,Lancashire Constabulary,-2.557431,53.693082,On or near Mount Pleasant,E01024978,Chorley 002B,Violence and sexual offences,Unable to prosecute suspect,
d22f607f72a6395aa6a1b04b033b02979c824dedf1b84a82a11ee7a025e595d7,2019-02,Lancashire Constabulary,Lancashire Constabulary,-2.557431,53.693082,On or near Mount Pleasant,E01024978,Chorley 002B,Violence and sexual offences,Unable to prosecute suspect,
,2019-02,Lancashire Constabulary,Lancashire Constabulary,-2.606799,53.685535,On or near Kenyon Lane,E01024979,Chorley 002C,Anti-social behaviour,,
,2019-02,Lancashire Constabulary,Lancashire Constabulary,-2.606746,53.686066,On or near Bridge Street,E01024979,Chorley 002C,Anti-social behaviour,,
,2019-02,Lancashire Constabulary,Lancashire Constabulary,-2.570761,53.679879,On or near Park/Open Space,E01024979,Chorley 002C,Anti-social behaviour,,
09ca62e91e796bf21e65bc06cb29eb2eb4e30efefce7f1a159840a03856f2c59,2019-02,Lancashire Constabulary,Lancashire Constabulary,-2.576517,53.701162,On or near Park/Open Space,E01024979,Chorley 002C,Vehicle crime,Status update unavailable,
501b4a5b317634af61c1f61b5961ca9c831b078996a3981bd92eeae092f96501,2019-02,Lancashire Constabulary,Lancashire Constabulary,-2.605503,53.685955,On or near Meadow Street,E01024979,Chorley 002C,Violence and sexual offences,Unable to prosecute suspect,
,2019-02,Lancashire Constabulary,Lancashire Constabulary,-2.568078,53.687460,On or near Larch Drive,E01024980,Chorley 002D,Anti-social behaviour,,
,2019-02,Lancashire Constabulary,Lancashire Constabulary,-2.567611,53.687705,On or near The Square,E01024980,Chorley 002D,Anti-social behaviour,,
,2019-02,Lancashire Constabulary,Lancashire Constabulary,-2.568947,53.689055,On or near Urban View,E01024980,Chorley 002D,Anti-social behaviour,,
f90b6b24047f852d059941caa7612de529879fd4497186e290daf86b5f702555,2019-02,Lancashire Constabulary,Lancashire Constabulary,-2.567536,53.688882,On or near Queensway,E01024980,Chorley 002D,Public order,Unable to prosecute suspect,
95fdf79426d62efb97ba32d882bf17aea8364950855a681f2302c25dc04304de,2019-02,Lancashire Constabulary,Lancashire Constabulary,-2.567536,53.688882,On or near Queensway,E01024980,Chorley 002D,Public order,Status update unavailable,
24f35abc168c71c50eeebca566604061100549364b3cd24ac7529573c8777f9d,2019-02,Lancashire Constabulary,Lancashire Constabulary,-2.567611,53.687705,On or near The Square,E01024980,Chorley 002D,Violence and sexual offences,Status update unavailable,
b3238e029c7c6186872558c8fb7650abeb0ff3450b5590a2831c58cdc3ef52c0,2019-02,Lancashire Constabulary,Lancashire Constabulary,-2.567611,53.687705,On or near The Square,E01024980,Chorley 002D,Violence and sexual offences,Status update unavailable,
18d4a68f6ae677d7107978c914af0c48ab1c2c66729e65c48fc0f97665bc9c6e,2019-02,Lancashire Constabulary,Lancashire Constabulary,-2.567611,53.687705,On or near The Square,E01024980,Chorley 002D,Violence and sexual offences,Status update unavailable,
ed6cfeed341952359453718fea1e9bfb4af2450f3dc751f2aab1fe0cd410bf57,2019-02,Lancashire Constabulary,Lancashire Constabulary,-2.568947,53.689055,On or near Urban View,E01024980,Chorley 002D,Violence and sexual offences,Defendant found not guilty,
a5bb9c47efdce1817188d2c6b9059ca8e705cc7a0854478eecb2f030dbc11c9a,2019-02,Lancashire Constabulary,Lancashire Constabulary,-2.640966,53.698012,On or near Carlton Avenue,E01024946,Chorley 003A,Burglary,Status update unavailable,
19c2b065a82a51f9fb6a6d44fa7db74e0182abd975a6a0c71784328430c58a59,2019-02,Lancashire Constabulary,Lancashire Constabulary,-2.633588,53.699885,On or near Osborne Drive,E01024947,Chorley 003B,Criminal damage and arson,Status update unavailable,
082978b8dfd24cb499c40aa21712d8c6005a287d217929d0e122fb802e97687e,2019-02,Lancashire Constabulary,Lancashire Constabulary,-2.634474,53.699395,On or near Elder Close,E01024947,Chorley 003B,Other theft,Status update unavailable,
6ea90df64775a5ec9370f18f2fc386c8b49016cd0d6676a53b390e5671959d21,2019-02,Lancashire Constabulary,Lancashire Constabulary,-2.639727,53.704176,On or near Preston Road,E01024947,Chorley 003B,Violence and sexual offences,Unable to prosecute suspect,
b5368fe35ee85cc1f044f2c6370ab64a78ef4ad29dbc38cb87bfad4c04bc952b,2019-02,Lancashire Constabulary,Lancashire Constabulary,-2.636439,53.703151,On or near Ash Field,E01024947,Chorley 003B,Violence and sexual offences,Status update unavailable,
7da73bb0447703de78e922d4535afb54e47ab810331a1446bb69b60406c7412c,2019-02,Lancashire Constabulary,Lancashire Constabulary,-2.639727,53.704176,On or near Preston Road,E01024947,Chorley 003B,Violence and sexual offences,Unable to prosecute suspect,
,2019-02,Lancashire Constabulary,Lancashire Constabulary,-2.643733,53.705656,On or near Clayton Green Road,E01024955,Chorley 003C,Anti-social behaviour,,
,2019-02,Lancashire Constabulary,Lancashire Constabulary,-2.641182,53.708231,On or near Wood Beech Gardens,E01024955,Chorley 003C,Anti-social behaviour,,
61ec785cfebf4da30b4eb1b0f7915c005779c587fcaf8aafe39595750315d566,2019-02,Lancashire Constabulary,Lancashire Constabulary,-2.647524,53.703891,On or near Clayton Villa Fold,E01024955,Chorley 003C,Burglary,Status update unavailable,
45b86c87499741be0c1562e570d6f47a17811216e1d00a843b1c2917f41aa200,2019-02,Lancashire Constabulary,Lancashire Constabulary,-2.641182,53.708231,On or near Wood Beech Gardens,E01024955,Chorley 003C,Burglary,Status update unavailable,
ab6c4c94d1c460d1a65adb4513459279fbebdcd8ef6c66273fdc2039e7ac87c9,2019-02,Lancashire Constabulary,Lancashire Constabulary,-2.643893,53.706176,On or near Woodale Road,E01024955,Chorley 003C,Burglary,Status update unavailable,
686fd779ad60d3c20193d9d6a9416794f6632a5db990c126673f665fea17174e,2019-02,Lancashire Constabulary,Lancashire Constabulary,-2.641182,53.708231,On or near Wood Beech Gardens,E01024955,Chorley 003C,Criminal damage and arson,Unable to prosecute suspect,
07a37f136c9c6639cd3d608922aef24a3261f621784d2de760c4bf615674eb45,2019-02,Lancashire Constabulary,Lancashire Constabulary,-2.646622,53.705343,On or near Cam Wood Fold,E01024955,Chorley 003C,Other theft,Status update unavailable,
38ad0cce46040db15fec2c628238415e3e6318330fb2d35f5104280bf46f474a,2019-02,Lancashire Constabulary,Lancashire Constabulary,-2.641182,53.708231,On or near Wood Beech Gardens,E01024955,Chorley 003C,Other theft,Status update unavailable,
7ff0d3c2b0b1e93706df7b55c810213fe5c930844ebaaf9464e549d29dd33f54,2019-02,Lancashire Constabulary,Lancashire Constabulary,-2.646622,53.705343,On or near Cam Wood Fold,E01024955,Chorley 003C,Vehicle crime,Status update unavailable,
8953dbb133bd13845fcefc37ad18df4aec55774f39f297ff1244bcfcc108bff9,2019-02,Lancashire Constabulary,Lancashire Constabulary,-2.641182,53.708231,On or near Wood Beech Gardens,E01024955,Chorley 003C,Violence and sexual offences,Unable to prosecute suspect,
658baa10b7f70978099a5c4664731a7395707e2bc0e335459c1a5ddf9f0d9d99,2019-02,Lancashire Constabulary,Lancashire Constabulary,-2.644278,53.704628,On or near Black Croft,E01024955,Chorley 003C,Violence and sexual offences,Awaiting court outcome,
432f334e794a36d905dea4e9090823e7e3ac3054bea675626a219a42378075ac,2019-02,Lancashire Constabulary,Lancashire Constabulary,-2.641182,53.708231,On or near Wood Beech Gardens,E01024955,Chorley 003C,Violence and sexual offences,Offender given a caution,
bcc9a2a4f8540f7f0a20647635103fad55d36bc057adf9157787a6da6c997355,2019-02,Lancashire Constabulary,Lancashire Constabulary,-2.644278,53.704628,On or near Black Croft,E01024955,Chorley 003C,Violence and sexual offences,Unable to prosecute suspect,
b7459659ba8e1c53aafafd6be4cd7abbc13832923f2abd0d41d0645f8f4fa76e,2019-02,Lancashire Constabulary,Lancashire Constabulary,-2.643193,53.699996,On or near Oak Croft,E01024955,Chorley 003C,Violence and sexual offences,Status update unavailable,
54c38c634f413924bfcf04ce66d097b562894e35aa2bab982db9639a05452e3b,2019-02,Lancashire Constabulary,Lancashire Constabulary,-2.649040,53.702005,On or near Glenmore,E01024955,Chorley 003C,Violence and sexual offences,Unable to prosecute suspect,
693a650da8037702bf421e29fdf08bdbe4f79f16397b8ae2a72203ecb48c7127,2019-02,Lancashire Constabulary,Lancashire Constabulary,-2.641182,53.708231,On or near Wood Beech Gardens,E01024955,Chorley 003C,Violence and sexual offences,Offender given a caution,
7a24ea49f8a662d425599760a0bba7bd72ee5554f5ccde4557a052e6c60b07cb,2019-02,Lancashire Constabulary,Lancashire Constabulary,-2.641182,53.708231,On or near Wood Beech Gardens,E01024955,Chorley 003C,Violence and sexual offences,Offender given a caution,
2c9fd26ee5ea9428e127f9f755cd0187049a9bb6c1068920f3c72603039ff2cc,2019-02,Lancashire Constabulary,Lancashire Constabulary,-2.641182,53.708231,On or near Wood Beech Gardens,E01024955,Chorley 003C,Violence and sexual offences,Further investigation is not in the public interest,
0b7a51445ce11dde6963a265cd944dedc2574d302e444f744f2df3fe54ba3256,2019-02,Lancashire Constabulary,Lancashire Constabulary,-2.643893,53.706176,On or near Woodale Road,E01024955,Chorley 003C,Violence and sexual offences,Awaiting court outcome,
,2019-02,Lancashire Constabulary,Lancashire Constabulary,-2.667645,53.697489,On or near Newby Drive,E01024956,Chorley 003D,Anti-social behaviour,,
,2019-02,Lancashire Constabulary,Lancashire Constabulary,-2.660084,53.696300,On or near Spring Meadow,E01024956,Chorley 003D,Anti-social behaviour,,
210ce95104f0d7d1f835601bd03d86585631c9784beb3c28e1a32fe7698daa88,2019-02,Lancashire Constabulary,Lancashire Constabulary,-2.662897,53.698963,On or near Petunia Close,E01024956,Chorley 003D,Burglary,Status update unavailable,
2c619267f5fd0975d9a65aa915c2a89a4b9328d6684ce56b1512c793a6d5c0be,2019-02,Lancashire Constabulary,Lancashire Constabulary,-2.667645,53.697489,On or near Newby Drive,E01024956,Chorley 003D,Criminal damage and arson,Status update unavailable,
,2019-02,Lancashire Constabulary,Lancashire Constabulary,-2.671137,53.704660,On or near Willow Crescent,E01024957,Chorley 003E,Anti-social behaviour,,
,2019-02,Lancashire Constabulary,Lancashire Constabulary,-2.673086,53.699607,On or near Wigan Road,E01024957,Chorley 003E,Anti-social behaviour,,
d8b9747acbbc6f35c18de3dbb001d477fb57a1e437497fbf4784330920ab133b,2019-02,Lancashire Constabulary,Lancashire Constabulary,-2.662874,53.709066,On or near Park/Open Space,E01024957,Chorley 003E,Drugs,Offender given a caution,
a288e411f5c637b2f368e7040a75b14db56b5c8622c79f821854d44fca10ba5a,2019-02,Lancashire Constabulary,Lancashire Constabulary,-2.669129,53.705076,On or near Birch Avenue,E01024957,Chorley 003E,Public order,Unable to prosecute suspect,
530a63772d0d317eed96220f2f9e7dc5856bcf889758797ddf40d9da9d2050f5,2019-02,Lancashire Constabulary,Lancashire Constabulary,-2.672072,53.696799,On or near Halton Avenue,E01024957,Chorley 003E,Violence and sexual offences,Status update unavailable,
ab86c0a35a8fd0df83c2d24a6fa3e481165cda5fad64b7b80fce4bfa145a52e4,2019-02,Lancashire Constabulary,Lancashire Constabulary,-2.669595,53.697209,On or near Levens Drive,E01024957,Chorley 003E,Violence and sexual offences,Unable to prosecute suspect,
11c79487d9cbc1a184a47804a41766493d4c0a7889a72a2ad1f242b991e25920,2019-02,Lancashire Constabulary,Lancashire Constabulary,-2.669595,53.697209,On or near Levens Drive,E01024957,Chorley 003E,Violence and sexual offences,Status update unavailable,
928f08d0727b94e82deab9e6df02ddc416fe7f51fef33834279af20764f40153,2019-02,Lancashire Constabulary,Lancashire Constabulary,-2.669595,53.697209,On or near Levens Drive,E01024957,Chorley 003E,Violence and sexual offences,Unable to prosecute suspect,
9f4bd8c3189248e62ebe907bc1f4cab376e0f8cae48ee7c75a9267f37f2852a1,2019-02,Lancashire Constabulary,Lancashire Constabulary,-2.669595,53.697209,On or near Levens Drive,E01024957,Chorley 003E,Violence and sexual offences,Status update unavailable,
1a6dd5e3b57fbf55ac48f65f3ab0bd4e8bed2c50a1695de06651c81c1887b4b7,2019-02,Lancashire Constabulary,Lancashire Constabulary,-2.668742,53.712242,On or near M6,E01024957,Chorley 003E,Violence and sexual offences,Status update unavailable,
,2019-02,Lancashire Constabulary,Lancashire Constabulary,-2.670334,53.693250,On or near Mendip Road,E01024958,Chorley 003F,Anti-social behaviour,,
,2019-02,Lancashire Constabulary,Lancashire Constabulary,-2.670580,53.695334,On or near Ashurst Road,E01024958,Chorley 003F,Anti-social behaviour,,
,2019-02,Lancashire Constabulary,Lancashire Constabulary,-2.670334,53.693250,On or near Mendip Road,E01024958,Chorley 003F,Anti-social behaviour,,
,2019-02,Lancashire Constabulary,Lancashire Constabulary,-2.670334,53.693250,On or near Mendip Road,E01024958,Chorley 003F,Anti-social behaviour,,
,2019-02,Lancashire Constabulary,Lancashire Constabulary,-2.670334,53.693250,On or near Mendip Road,E01024958,Chorley 003F,Anti-social behaviour,,
a39855c9e50a62fd4ae4871037ca72f18057b956ead9643c6e612d0f540a67ad,2019-02,Lancashire Constabulary,Lancashire Constabulary,-2.670334,53.693250,On or near Mendip Road,E01024958,Chorley 003F,Burglary,Status update unavailable,
61139a87646e91373c36c378031cd144d5038bd64fe58ee4025c43584499b6c8,2019-02,Lancashire Constabulary,Lancashire Constabulary,-2.671464,53.694780,On or near Pendle Road,E01024958,Chorley 003F,Violence and sexual offences,Status update unavailable,
d67bd5124a923bf301fba14ef5b42f3ad046006ea54b29374f59e7ae88464397,2019-02,Lancashire Constabulary,Lancashire Constabulary,-2.670334,53.693250,On or near Mendip Road,E01024958,Chorley 003F,Violence and sexual offences,Status update unavailable,
49697c32efb51366d93fa8d086f9a798e68e49035cb928cfa1e542d818e5c391,2019-02,Lancashire Constabulary,Lancashire Constabulary,-2.668600,53.695623,On or near Kellet Avenue,E01024958,Chorley 003F,Violence and sexual offences,Unable to prosecute suspect,
73121623e7f5ac4dc84ce363c6fbcb05b2d8a5768d910f7d4b8dedaad32a0912,2019-02,Lancashire Constabulary,Lancashire Constabulary,-2.672662,53.693884,On or near Chiltern Meadow,E01024958,Chorley 003F,Violence and sexual offences,Status update unavailable,
,2019-02,Lancashire Constabulary,Lancashire Constabulary,-2.634038,53.692530,On or near Smith Street,E01024948,Chorley 004A,Anti-social behaviour,,
,2019-02,Lancashire Constabulary,Lancashire Constabulary,-2.639481,53.693949,On or near Woodside Avenue,E01024948,Chorley 004A,Anti-social behaviour,,
,2019-02,Lancashire Constabulary,Lancashire Constabulary,-2.631744,53.695077,On or near St Helen'S Road,E01024948,Chorley 004A,Anti-social behaviour,,
,2019-02,Lancashire Constabulary,Lancashire Constabulary,-2.638207,53.695870,On or near Copperfield Vale,E01024948,Chorley 004A,Anti-social behaviour,,
87ceb3d319847a272ac42a59db4f10ffcab05c2b9a2d8fd687fcd3e58d9625fd,2019-02,Lancashire Constabulary,Lancashire Constabulary,-2.639481,53.693949,On or near Woodside Avenue,E01024948,Chorley 004A,Criminal damage and arson,Status update unavailable,
ce706bbe8be264d4923dbace6c68c27e2d0577bf38bf28df089ff81152c5c423,2019-02,Lancashire Constabulary,Lancashire Constabulary,-2.634038,53.692530,On or near Smith Street,E01024948,Chorley 004A,Shoplifting,Status update unavailable,
5027a8c116bb788dd5197aee88f1b63f9470efb40f785ae873c1938b76f223aa,2019-02,Lancashire Constabulary,Lancashire Constabulary,-2.639319,53.696260,On or near Bankside,E01024948,Chorley 004A,Violence and sexual offences,Formal action is not in the public interest,
ca5351fb8d05259c46eea7a156d5bba0408cfac05a11c40cfa5a1ff0806fd321,2019-02,Lancashire Constabulary,Lancashire Constabulary,-2.642242,53.696289,On or near Beech Gardens,E01024948,Chorley 004A,Violence and sexual offences,Status update unavailable,
1cd7abb7460f47ce28d94277f24ced5744266fb9045e616fb9678608be649ead,2019-02,Lancashire Constabulary,Lancashire Constabulary,-2.642242,53.696289,On or near Beech Gardens,E01024948,Chorley 004A,Violence and sexual offences,Unable to prosecute suspect,
456a103a99d01164f410f440cce08a929b2070b5ad9b959981ec681d9b7e928c,2019-02,Lancashire Constabulary,Lancashire Constabulary,-2.631744,53.695077,On or near St Helen'S Road,E01024948,Chorley 004A,Other crime,Status update unavailable,
,2019-02,Lancashire Constabulary,Lancashire Constabulary,-2.636980,53.687823,On or near Church Hill,E01024949,Chorley 004B,Anti-social behaviour,,
,2019-02,Lancashire Constabulary,Lancashire Constabulary,-2.637294,53.688513,On or near Paradise Close,E01024949,Chorley 004B,Anti-social behaviour,,
,2019-02,Lancashire Constabulary,Lancashire Constabulary,-2.636021,53.688475,On or near Union Street,E01024949,Chorley 004B,Anti-social behaviour,,
,2019-02,Lancashire Constabulary,Lancashire Constabulary,-2.638358,53.691824,On or near Carr Brook Close,E01024949,Chorley 004B,Anti-social behaviour,,
ae7ab3476fde70f06d3d8476d546a88b93cef1d5efbe97611274035b7c8a683d,2019-02,Lancashire Constabulary,Lancashire Constabulary,-2.637294,53.688513,On or near Paradise Close,E01024949,Chorley 004B,Burglary,Status update unavailable,
5892bed22e83cdf2029128e874988002d02aed6f7881f428938b4c79d9b24e91,2019-02,Lancashire Constabulary,Lancashire Constabulary,-2.652939,53.680861,On or near Ayreshire Close,E01024949,Chorley 004B,Burglary,Status update unavailable,
5512778ce043a0958ac7d7d0a0767b500592688ab22b0e2f26ec6414ed5600a8,2019-02,Lancashire Constabulary,Lancashire Constabulary,-2.652939,53.680861,On or near Ayreshire Close,E01024949,Chorley 004B,Vehicle crime,Status update unavailable,
4b585576ea394a3bf43b7588caa88a0aed78c76785a30e0f7f10bd42f5103996,2019-02,Lancashire Constabulary,Lancashire Constabulary,-2.637294,53.688513,On or near Paradise Close,E01024949,Chorley 004B,Vehicle crime,Investigation complete; no suspect identified,
57a13d100b237fbbfe60bcdf354f420efaf7d8c602195b42aea2a93a61e5a809,2019-02,Lancashire Constabulary,Lancashire Constabulary,-2.637294,53.688513,On or near Paradise Close,E01024949,Chorley 004B,Vehicle crime,Status update unavailable,
5e1cfd5f8db16ce70ecc03dd6c0f12639015fcbb4fed20f54aa5cd051be58d17,2019-02,Lancashire Constabulary,Lancashire Constabulary,-2.654422,53.681824,On or near Sutherland Place,E01024949,Chorley 004B,Violence and sexual offences,Further investigation is not in the public interest,
3ec8b7376ca7b0abdf08e3d4d1e29393cc51bae7fc6d2703a7f57904bb8fd317,2019-02,Lancashire Constabulary,Lancashire Constabulary,-2.638358,53.691824,On or near Carr Brook Close,E01024949,Chorley 004B,Violence and sexual offences,Status update unavailable,
664764157880771c62eb8e76c7494ca68d7354345553adf4aee23a59dca59406,2019-02,Lancashire Constabulary,Lancashire Constabulary,-2.636352,53.693363,On or near Mill Lane,E01024949,Chorley 004B,Violence and sexual offences,Unable to prosecute suspect,
d37bb9069814aad3aafae77f5e6c73ff050019c59e78bade3d16e3e23eca1b05,2019-02,Lancashire Constabulary,Lancashire Constabulary,-2.636352,53.693363,On or near Mill Lane,E01024949,Chorley 004B,Violence and sexual offences,Status update unavailable,
b6720b26ccb37a3cf0d37b9d9e51551b99ee3e4930f3c2da2c12cff90542076d,2019-02,Lancashire Constabulary,Lancashire Constabulary,-2.635078,53.680184,On or near Farm House Close,E01024950,Chorley 004C,Burglary,Status update unavailable,
50f3effb02a4833a6dddb66818b925e1c9929601e7120fa903da863fd03d37d2,2019-02,Lancashire Constabulary,Lancashire Constabulary,-2.635078,53.680184,On or near Farm House Close,E01024950,Chorley 004C,Burglary,Status update unavailable,
c5a113d4c6bb4f1896fcb6828c7a7ad74194f759ea6f63d162d0d93b0b98e1ab,2019-02,Lancashire Constabulary,Lancashire Constabulary,-2.635540,53.676631,On or near Petrol Station,E01024950,Chorley 004C,Other theft,Status update unavailable,
9cd30561e43f27e8c9f99aec708c544ef51fb162c7d342ce700c75ad0c8ce47b,2019-02,Lancashire Constabulary,Lancashire Constabulary,-2.637827,53.675720,On or near Foxglove Drive,E01024950,Chorley 004C,Vehicle crime,Status update unavailable,
265280fe61e37cdad10ff8e2849b60ecebdee96a2b8a3d995a5f3394fa5e3d52,2019-02,Lancashire Constabulary,Lancashire Constabulary,-2.638377,53.686090,On or near Grasmere Grove,E01024950,Chorley 004C,Violence and sexual offences,Further investigation is not in the public interest,
,2019-02,Lancashire Constabulary,Lancashire Constabulary,-2.631401,53.678289,On or near Orchard Drive,E01024977,Chorley 004D,Anti-social behaviour,,
,2019-02,Lancashire Constabulary,Lancashire Constabulary,-2.614548,53.684291,On or near Copthurst Lane,E01024977,Chorley 004D,Anti-social behaviour,,
cfe81d2ffe26a57e782efe547bdd0431ed5e3ee9f2c1c2e94164e4670c51077e,2019-02,Lancashire Constabulary,Lancashire Constabulary,-2.632716,53.679100,On or near Catley Close,E01024977,Chorley 004D,Burglary,Status update unavailable,
7572436453a51e4c893d00a5e3c1c28c8f51b125ec56f84d0a25abab4937773e,2019-02,Lancashire Constabulary,Lancashire Constabulary,-2.595508,53.672981,On or near Tithe Barn Lane,E01024977,Chorley 004D,Burglary,Status update unavailable,
c7cebb3172febad9cca699b0c7881d669cb944cd83a7fa51295be03060edb804,2019-02,Lancashire Constabulary,Lancashire Constabulary,-2.632182,53.676847,On or near Springside Gardens,E01024977,Chorley 004D,Burglary,Status update unavailable,
30541aff549bee605eac534c41440071726ec83c01e5f9b43ae3fd9be5db4911,2019-02,Lancashire Constabulary,Lancashire Constabulary,-2.600991,53.666833,On or near Osprey Close,E01024977,Chorley 004D,Other theft,Status update unavailable,
b41df04aa43069c448d1ac09c52aee013b7e77bea584666a61953fd17d3bfcfa,2019-02,Lancashire Constabulary,Lancashire Constabulary,-2.606699,53.683855,On or near Ryefield,E01024977,Chorley 004D,Violence and sexual offences,Unable to prosecute suspect,
,2019-02,Lancashire Constabulary,Lancashire Constabulary,-2.679217,53.673965,On or near Shawbrook Close,E01024967,Chorley 005A,Anti-social behaviour,,
,2019-02,Lancashire Constabulary,Lancashire Constabulary,-2.679217,53.673965,On or near Shawbrook Close,E01024967,Chorley 005A,Anti-social behaviour,,
6056dc94075347bb026f2fb655ca1116530cfebf8c24fbf4c9e97f4519e46221,2019-02,Lancashire Constabulary,Lancashire Constabulary,-2.702191,53.675513,On or near Tithe Barn Lane,E01024967,Chorley 005A,Violence and sexual offences,Status update unavailable,
,2019-02,Lancashire Constabulary,Lancashire Constabulary,-2.676830,53.664828,On or near Brookside,E01024968,Chorley 005B,Anti-social behaviour,,
,2019-02,Lancashire Constabulary,Lancashire Constabulary,-2.673174,53.667150,On or near Old School Lane,E01024968,Chorley 005B,Anti-social behaviour,,
,2019-02,Lancashire Constabulary,Lancashire Constabulary,-2.673810,53.674768,On or near Hunstanton Close,E01024968,Chorley 005B,Anti-social behaviour,,
658610c70e6258a5b8f2c0649064a4bb77f213f6e2f24fd672d63bb432cbaf64,2019-02,Lancashire Constabulary,Lancashire Constabulary,-2.671392,53.674081,On or near Troon Close,E01024968,Chorley 005B,Violence and sexual offences,Status update unavailable,
cebd6761fdd96597027ca27962357efc6452922e9f6c65cd40d8f76693942098,2019-02,Lancashire Constabulary,Lancashire Constabulary,-2.671392,53.674081,On or near Troon Close,E01024968,Chorley 005B,Violence and sexual offences,Unable to prosecute suspect,
87abe02a1389ec7edf9a93d7bca8420d09315b31f8cdc57cfb5285ea2d20876c,2019-02,Lancashire Constabulary,Lancashire Constabulary,-2.671392,53.674081,On or near Troon Close,E01024968,Chorley 005B,Violence and sexual offences,Unable to prosecute suspect,
9bfb740ac3de2af7ab07ef6e160ce45351c115483c8df96825c40cd465a9a32b,2019-02,Lancashire Constabulary,Lancashire Constabulary,-2.674245,53.673579,On or near Carnoustie Drive,E01024968,Chorley 005B,Violence and sexual offences,Unable to prosecute suspect,
,2019-02,Lancashire Constabulary,Lancashire Constabulary,-2.680526,53.667872,On or near Greenside,E01024969,Chorley 005C,Anti-social behaviour,,
,2019-02,Lancashire Constabulary,Lancashire Constabulary,-2.671282,53.661408,On or near Balshaw House Gardens,E01024970,Chorley 005D,Anti-social behaviour,,
,2019-02,Lancashire Constabulary,Lancashire Constabulary,-2.671282,53.661408,On or near Balshaw House Gardens,E01024970,Chorley 005D,Anti-social behaviour,,
7386a4e17afb54687467cea378809c88ff89575ecb56301ecc1ec8efbc81a185,2019-02,Lancashire Constabulary,Lancashire Constabulary,-2.666606,53.658567,On or near Bredon Avenue,E01024970,Chorley 005D,Vehicle crime,Status update unavailable,
ffc6c441843b63260ce6f00f553b1513cc82038851925cad843e9d2e6ec9fd84,2019-02,Lancashire Constabulary,Lancashire Constabulary,-2.668048,53.659808,On or near Chiltern Avenue,E01024970,Chorley 005D,Violence and sexual offences,Unable to prosecute suspect,
8ddc68f7ee2b61a8720e5e28c95e14016664a9171cbc06e586fd1e0eff62047b,2019-02,Lancashire Constabulary,Lancashire Constabulary,-2.668214,53.660724,On or near Balshaw Lane,E01024970,Chorley 005D,Violence and sexual offences,Status update unavailable,
,2019-02,Lancashire Constabulary,Lancashire Constabulary,-2.673587,53.662662,On or near Park Avenue,E01024971,Chorley 005E,Anti-social behaviour,,
b9de5c549d37ea76ac52e1004729e4a57c166c7d5347d502adf439bf564f9e5d,2019-02,Lancashire Constabulary,Lancashire Constabulary,-2.674886,53.657774,On or near Hillside Close,E01024971,Chorley 005E,Violence and sexual offences,Further investigation is not in the public interest,
a467b1c50b1e687b5647b7ba00b22fcddcd8f59593dbc6bf1f3a08e78fd65cb7,2019-02,Lancashire Constabulary,Lancashire Constabulary,-2.667566,53.661869,On or near Talbot Drive,E01024972,Chorley 005F,Vehicle crime,Status update unavailable,
cd423f73e11c966a2733581985c9424a3d7aaf21a432f7c3680cd53b84060ff0,2019-02,Lancashire Constabulary,Lancashire Constabulary,-2.664995,53.661955,On or near Queensway,E01024972,Chorley 005F,Violence and sexual offences,Unable to prosecute suspect,
,2019-02,Lancashire Constabulary,Lancashire Constabulary,-2.622527,53.663711,On or near Sycamore Road,E01024929,Chorley 006A,Anti-social behaviour,,
,2019-02,Lancashire Constabulary,Lancashire Constabulary,-2.622527,53.663711,On or near Sycamore Road,E01024929,Chorley 006A,Anti-social behaviour,,
797faaaa8e3c34020f6301686d10bf24d587eb02fa6b336e6863bce5d4e2e796,2019-02,Lancashire Constabulary,Lancashire Constabulary,-2.619399,53.664033,On or near Northgate Drive,E01024929,Chorley 006A,Violence and sexual offences,Status update unavailable,
2a3fe8833a70cc8a3d6aaf2f3f199ce3c184fa6eb934607807c4c3b1f715c56e,2019-02,Lancashire Constabulary,Lancashire Constabulary,-2.623030,53.664976,On or near Poppy Avenue,E01024929,Chorley 006A,Violence and sexual offences,Further investigation is not in the public interest,
5b87cfe1b8a7ebc4901cb22829e20e44d6f4e07040e6e9a97c19f53ed78353c1,2019-02,Lancashire Constabulary,Lancashire Constabulary,-2.620339,53.662069,On or near Willow Road,E01024929,Chorley 006A,Violence and sexual offences,Unable to prosecute suspect,
a941e7e321b008c635528a689cd8b43bb99201bfdb4a85ada9cd7679bbd11630,2019-02,Lancashire Constabulary,Lancashire Constabulary,-2.619399,53.664033,On or near Northgate Drive,E01024929,Chorley 006A,Violence and sexual offences,Unable to prosecute suspect,
cc414c8873dc9a04e4954f4334c746f7f7e298a181f5509778248a62edb4d5a8,2019-02,Lancashire Constabulary,Lancashire Constabulary,-2.619399,53.664033,On or near Northgate Drive,E01024929,Chorley 006A,Violence and sexual offences,Status update unavailable,
9329b060dd791fa4bf9f8c78e761e40b729ed735cb64bd31c7ecf518f9c7b254,2019-02,Lancashire Constabulary,Lancashire Constabulary,-2.623030,53.664976,On or near Poppy Avenue,E01024929,Chorley 006A,Violence and sexual offences,Status update unavailable,
d6d907138871d983c2343c90c42efb5ebac38c3e2769da10255a78b589326f9b,2019-02,Lancashire Constabulary,Lancashire Constabulary,-2.624469,53.663009,On or near Wordsworth Terrace,E01024929,Chorley 006A,Violence and sexual offences,Formal action is not in the public interest,
,2019-02,Lancashire Constabulary,Lancashire Constabulary,-2.620472,53.658761,On or near Carr Street,E01024930,Chorley 006B,Anti-social behaviour,,
,2019-02,Lancashire Constabulary,Lancashire Constabulary,-2.625690,53.659605,On or near Railway Road,E01024930,Chorley 006B,Anti-social behaviour,,
,2019-02,Lancashire Constabulary,Lancashire Constabulary,-2.623549,53.661207,On or near Harper'S Lane,E01024930,Chorley 006B,Anti-social behaviour,,
,2019-02,Lancashire Constabulary,Lancashire Constabulary,-2.620274,53.659714,On or near St Peter'S Street,E01024930,Chorley 006B,Anti-social behaviour,,
,2019-02,Lancashire Constabulary,Lancashire Constabulary,-2.622353,53.659110,On or near Corporation Street,E01024930,Chorley 006B,Anti-social behaviour,,
fc8da5c9de270d811ef9dcb70a8e2f90e98ec62156cf800beab7940898866884,2019-02,Lancashire Constabulary,Lancashire Constabulary,-2.618038,53.662054,On or near Mason Street,E01024930,Chorley 006B,Other theft,Status update unavailable,
fe0f283792799dcc73148b317703916caf1c22473bb9e894de9b87d94680729f,2019-02,Lancashire Constabulary,Lancashire Constabulary,-2.622384,53.660171,On or near Sports/Recreation Area,E01024930,Chorley 006B,Violence and sexual offences,Unable to prosecute suspect,
d3726048a8ca4d5c1515601108177049df5438b11da860f9fd4a0028367630b6,2019-02,Lancashire Constabulary,Lancashire Constabulary,-2.620274,53.659714,On or near St Peter'S Street,E01024930,Chorley 006B,Violence and sexual offences,Offender given a caution,
cacce06416ac4fadd6f32f6b73e6a037f584f53f08732cb148f1323cf0f9997d,2019-02,Lancashire Constabulary,Lancashire Constabulary,-2.620091,53.660668,On or near Granville Road,E01024930,Chorley 006B,Violence and sexual offences,Status update unavailable,
,2019-02,Lancashire Constabulary,Lancashire Constabulary,-2.631848,53.655501,On or near Parking Area,E01024931,Chorley 006C,Anti-social behaviour,,
,2019-02,Lancashire Constabulary,Lancashire Constabulary,-2.629759,53.659539,On or near Congress Street,E01024931,Chorley 006C,Anti-social behaviour,,
,2019-02,Lancashire Constabulary,Lancashire Constabulary,-2.630856,53.658014,On or near Parker Street,E01024931,Chorley 006C,Anti-social behaviour,,
,2019-02,Lancashire Constabulary,Lancashire Constabulary,-2.630970,53.655515,On or near Hollinshead Street,E01024931,Chorley 006C,Anti-social behaviour,,
,2019-02,Lancashire Constabulary,Lancashire Constabulary,-2.631848,53.655501,On or near Parking Area,E01024931,Chorley 006C,Anti-social behaviour,,
,2019-02,Lancashire Constabulary,Lancashire Constabulary,-2.631848,53.655501,On or near Parking Area,E01024931,Chorley 006C,Anti-social behaviour,,
,2019-02,Lancashire Constabulary,Lancashire Constabulary,-2.625546,53.657089,On or near Briercliffe Road,E01024931,Chorley 006C,Anti-social behaviour,,
,2019-02,Lancashire Constabulary,Lancashire Constabulary,-2.631823,53.656922,On or near Park Street,E01024931,Chorley 006C,Anti-social behaviour,,
179c3f37736e7458ff0bf067f03749cc15e65914d57d7ef181cdfd04db0c582e,2019-02,Lancashire Constabulary,Lancashire Constabulary,-2.627865,53.658318,On or near Supermarket,E01024931,Chorley 006C,Bicycle theft,Status update unavailable,
ea3cbd075510012f5faba2202b804c58765d5acc10f98ffbf3042d136720773c,2019-02,Lancashire Constabulary,Lancashire Constabulary,-2.630970,53.655515,On or near Hollinshead Street,E01024931,Chorley 006C,Criminal damage and arson,Status update unavailable,
8ae56f9fd3dab86a868211bf238257207c3d4ad6950ce22dc484df67f6d686be,2019-02,Lancashire Constabulary,Lancashire Constabulary,-2.631848,53.655501,On or near Parking Area,E01024931,Chorley 006C,Criminal damage and arson,Status update unavailable,
a2f134002a823cc1b0269c8fe7eccc129bb7ae2213b8a11b9ccb046ea8c7f837,2019-02,Lancashire Constabulary,Lancashire Constabulary,-2.623096,53.657165,On or near Russell Square West,E01024931,Chorley 006C,Criminal damage and arson,Status update unavailable,
4ca7a4c10d31144dacc135b52852018ccdcae608b5ac027a7e531ab896879d08,2019-02,Lancashire Constabulary,Lancashire Constabulary,-2.627865,53.658318,On or near Supermarket,E01024931,Chorley 006C,Other theft,Status update unavailable,
379b2a625c4436c0096d8eaefc2f910b220cc478da09f46ebe6ef06f3bce16d9,2019-02,Lancashire Constabulary,Lancashire Constabulary,-2.630105,53.657353,On or near Water Street,E01024931,Chorley 006C,Other theft,Status update unavailable,
ba08e8e7c12c923e243e5fc34366b342b1211bfb85702ad40d529d5f6fcd99a1,2019-02,Lancashire Constabulary,Lancashire Constabulary,-2.627865,53.658318,On or near Supermarket,E01024931,Chorley 006C,Vehicle crime,Status update unavailable,
4af8d44a9e18f0402ef7fbb6e27016dac3768f0ff497dfce013168b103828f26,2019-02,Lancashire Constabulary,Lancashire Constabulary,-2.624264,53.656314,On or near Stump Lane,E01024931,Chorley 006C,Violence and sexual offences,Unable to prosecute suspect,
8bf46e60f6ecc364389a4c2ab92e0f353e1c59cbf1328957571e38e7f5c22cdd,2019-02,Lancashire Constabulary,Lancashire Constabulary,-2.624579,53.656151,On or near Stratford Road,E01024931,Chorley 006C,Violence and sexual offences,Status update unavailable,
040f54a7d28465e5b37790eca4d8d1ba79190cdb66fbb57453a94ea0c44084b1,2019-02,Lancashire Constabulary,Lancashire Constabulary,-2.627865,53.658318,On or near Supermarket,E01024931,Chorley 006C,Violence and sexual offences,Investigation complete; no suspect identified,
e9daeaa589704a5d9e083707742294a3199220f45370b3d74d86e64e8f63e1ea,2019-02,Lancashire Constabulary,Lancashire Constabulary,-2.631848,53.655501,On or near Parking Area,E01024931,Chorley 006C,Violence and sexual offences,Status update unavailable,
2682901b122b9f3788b3664ad60100277ff8488c1e05def5d7022167806afa38,2019-02,Lancashire Constabulary,Lancashire Constabulary,-2.625546,53.657089,On or near Briercliffe Road,E01024931,Chorley 006C,Violence and sexual offences,Unable to prosecute suspect,
24020a79d5b8b6a1664f7c4d06a3d3469e3b397dfd7af31fd6ed91e234bfea03,2019-02,Lancashire Constabulary,Lancashire Constabulary,-2.624756,53.657893,On or near Brock Road,E01024931,Chorley 006C,Violence and sexual offences,Status update unavailable,
,2019-02,Lancashire Constabulary,Lancashire Constabulary,-2.609424,53.665990,On or near Heapey Road,E01024932,Chorley 006D,Anti-social behaviour,,
93a8aa2cb9348c06876652dd049b42ba5ecabe70fc6204130230324edf06a549,2019-02,Lancashire Constabulary,Lancashire Constabulary,-2.615782,53.666083,On or near Blackburn Brow,E01024932,Chorley 006D,Violence and sexual offences,Unable to prosecute suspect,
,2019-02,Lancashire Constabulary,Lancashire Constabulary,-2.630524,53.663103,On or near The Crescent,E01024933,Chorley 006E,Anti-social behaviour,,
,2019-02,Lancashire Constabulary,Lancashire Constabulary,-2.628459,53.661649,On or near North Street,E01024933,Chorley 006E,Anti-social behaviour,,
,2019-02,Lancashire Constabulary,Lancashire Constabulary,-2.630538,53.662016,On or near Petrol Station,E01024933,Chorley 006E,Anti-social behaviour,,
8e468d5f775b19474706ef3369663b52da4729d09377cac49a1733d706f6d2ce,2019-02,Lancashire Constabulary,Lancashire Constabulary,-2.630524,53.663103,On or near The Crescent,E01024933,Chorley 006E,Burglary,Status update unavailable,
6f24186aa7d4e607fcdc94223941d42ee129b9ed37ed3cb7e86d1d7536200bff,2019-02,Lancashire Constabulary,Lancashire Constabulary,-2.628188,53.667844,On or near Pine Grove,E01024933,Chorley 006E,Criminal damage and arson,Unable to prosecute suspect,
d56a22dae55bb8da969afee4b0c917088b567cfb2ebc412c69fc018bd064e9f7,2019-02,Lancashire Constabulary,Lancashire Constabulary,-2.628188,53.667844,On or near Pine Grove,E01024933,Chorley 006E,Criminal damage and arson,Unable to prosecute suspect,
f9b4ba09971b07fb716cace39276f85018ee540a30e1f5aea76fcd8614d01650,2019-02,Lancashire Constabulary,Lancashire Constabulary,-2.632534,53.672045,On or near Preston Road,E01024933,Chorley 006E,Criminal damage and arson,Status update unavailable,
52f7bd4bdf970dd31c770cc5bcac1621c833dec9206a03213faff0e6a12da811,2019-02,Lancashire Constabulary,Lancashire Constabulary,-2.632534,53.672045,On or near Preston Road,E01024933,Chorley 006E,Drugs,Further investigation is not in the public interest,
bd4df609d90b573289facd9156329d37ac7f1cf94c6a61ef2d7a6886244f7c14,2019-02,Lancashire Constabulary,Lancashire Constabulary,-2.628188,53.667844,On or near Pine Grove,E01024933,Chorley 006E,Other theft,Status update unavailable,
75139a9b95196cb45fdc7066c6902b187e5f369fe28f99aebe5f39d6c4d3bf63,2019-02,Lancashire Constabulary,Lancashire Constabulary,-2.630538,53.662016,On or near Petrol Station,E01024933,Chorley 006E,Other theft,Status update unavailable,
f03ecd0e93f6777c58f107eaf96540883486eb497140c46a67d2b78f5b61a626,2019-02,Lancashire Constabulary,Lancashire Constabulary,-2.630524,53.663103,On or near The Crescent,E01024933,Chorley 006E,Other theft,Unable to prosecute suspect,
e7d48765517ba4cbbb7719e1abaf34ea074120889074e689d97b1bb34b29a767,2019-02,Lancashire Constabulary,Lancashire Constabulary,-2.628459,53.661649,On or near North Street,E01024933,Chorley 006E,Shoplifting,Status update unavailable,
44b30b844eedaaba503ed40c06b0ecf50830e53c36c147cc92a47afe4acff3ad,2019-02,Lancashire Constabulary,Lancashire Constabulary,-2.628459,53.661649,On or near North Street,E01024933,Chorley 006E,Shoplifting,Offender given community sentence,
8b6522121649dcdde0402ef3a353c1ef2ccbdb2732b764d588824f3a83c79e76,2019-02,Lancashire Constabulary,Lancashire Constabulary,-2.628459,53.661649,On or near North Street,E01024933,Chorley 006E,Shoplifting,Status update unavailable,
c9c8ed675d77ae0d30725cffa10066865cc58b192fbd8aaa1a8f5062955173bb,2019-02,Lancashire Constabulary,Lancashire Constabulary,-2.628188,53.667844,On or near Pine Grove,E01024933,Chorley 006E,Violence and sexual offences,Unable to prosecute suspect,
7d5e778458890a779bdec21bc683300432a929ac799e3cb447c18bf359a4e0d8,2019-02,Lancashire Constabulary,Lancashire Constabulary,-2.631504,53.663871,On or near Lancaster Court,E01024933,Chorley 006E,Violence and sexual offences,Status update unavailable,
97cac6bdf4936d804bf0f5d8aec220c92a565956a8f0070b55377b7d5ef8ed7d,2019-02,Lancashire Constabulary,Lancashire Constabulary,-2.625866,53.662301,On or near Garfield Terrace,E01024933,Chorley 006E,Violence and sexual offences,Unable to prosecute suspect,
92205c939c351da48f8f95ac19373b376773ae7eacb285cc9fa6050ea6e312c0,2019-02,Lancashire Constabulary,Lancashire Constabulary,-2.626248,53.661571,On or near Morrison Street,E01024933,Chorley 006E,Violence and sexual offences,Further investigation is not in the public interest,
1a94147781e51a74dfe31f2072a48c933b0b17b60878cdcff055027d4d78b0d8,2019-02,Lancashire Constabulary,Lancashire Constabulary,-2.626248,53.661571,On or near Morrison Street,E01024933,Chorley 006E,Violence and sexual offences,Further investigation is not in the public interest,
5fbdc31b6a8de4e788be8218d476ecbf8708f6b2f0525eb6ed4e553d7d790716,2019-02,Lancashire Constabulary,Lancashire Constabulary,-2.626248,53.661571,On or near Morrison Street,E01024933,Chorley 006E,Violence and sexual offences,Further investigation is not in the public interest,
49b3f77c44408a058a2c12c08893fc5eab1a28f8a47432e495a63724d106f651,2019-02,Lancashire Constabulary,Lancashire Constabulary,-2.626248,53.661571,On or near Morrison Street,E01024933,Chorley 006E,Violence and sexual offences,Unable to prosecute suspect,
0bb1499f6d597b40483b026c7f9d6f2504cf5f7b09f9fa681e3b7b9dce214b8b,2019-02,Lancashire Constabulary,Lancashire Constabulary,-2.630524,53.663103,On or near The Crescent,E01024933,Chorley 006E,Violence and sexual offences,Further investigation is not in the public interest,
33e41aaaba6a03c5e4c2d60e9242ee3c69a0b4403611e330d4755772d2a84cf7,2019-02,Lancashire Constabulary,Lancashire Constabulary,-2.630524,53.663103,On or near The Crescent,E01024933,Chorley 006E,Violence and sexual offences,Status update unavailable,
,2019-02,Lancashire Constabulary,Lancashire Constabulary,-2.636029,53.657861,On or near Sports/Recreation Area,E01024937,Chorley 006F,Anti-social behaviour,,
9ddf785733c7614ceeefd3965f790bd747c295a904e542e94b2cd867b5fd9683,2019-02,Lancashire Constabulary,Lancashire Constabulary,-2.630828,53.659183,On or near Park Road,E01024937,Chorley 006F,Bicycle theft,Status update unavailable,
27ca65f6407d5d4fb840fd0caa7153cca5b31728ac4533500ea6cf2554568e3f,2019-02,Lancashire Constabulary,Lancashire Constabulary,-2.632529,53.661628,On or near Chorley Hall Road,E01024937,Chorley 006F,Criminal damage and arson,Offender given a caution,
abe0bf67d7242142564276f9115fdf336d76e07ee4418fdd910965579e15a6e2,2019-02,Lancashire Constabulary,Lancashire Constabulary,-2.632422,53.667579,On or near Preston Road,E01024937,Chorley 006F,Drugs,Status update unavailable,
f108219dad50258b574f286cf2f1cf038baac6feae832b6b3832dbec5f679aca,2019-02,Lancashire Constabulary,Lancashire Constabulary,-2.635766,53.665538,On or near Hospital,E01024937,Chorley 006F,Other theft,Status update unavailable,
13e6fa414fcfffdbd17ed27578dfdb18682e3a8d578e4ee3cef698ea03f6c1e7,2019-02,Lancashire Constabulary,Lancashire Constabulary,-2.635766,53.665538,On or near Hospital,E01024937,Chorley 006F,Other theft,Status update unavailable,
cea3200c5e2cde303ac03e056cd978e60c27ae118d41612f188acbb416f7db37,2019-02,Lancashire Constabulary,Lancashire Constabulary,-2.635766,53.665538,On or near Hospital,E01024937,Chorley 006F,Violence and sexual offences,Status update unavailable,
121532c033995d55f74f1ec30699fef2874de7c9e1b0b113e308a903b0500bbc,2019-02,Lancashire Constabulary,Lancashire Constabulary,-2.635766,53.665538,On or near Hospital,E01024937,Chorley 006F,Violence and sexual offences,Awaiting court outcome,
,2019-02,Lancashire Constabulary,Lancashire Constabulary,-2.780875,53.623746,On or near Sandy Lane,E01024964,Chorley 007A,Anti-social behaviour,,
6611512f91b7de2d7eb26153994d1de6eb7851fe2500b4e7a1c89d0cd297a2b0,2019-02,Lancashire Constabulary,Lancashire Constabulary,-2.770334,53.627761,On or near The Willows,E01024964,Chorley 007A,Robbery,Status update unavailable,
5add09c80c55d98cc7c978b5b1eb393c37c7e84ab9a001e9d61ac1807a81cdca,2019-02,Lancashire Constabulary,Lancashire Constabulary,-2.784826,53.681013,On or near Marl Cop,E01024974,Chorley 007B,Criminal damage and arson,Unable to prosecute suspect,
,2019-02,Lancashire Constabulary,Lancashire Constabulary,-2.775930,53.668182,On or near Jubilee Way,E01024975,Chorley 007C,Anti-social behaviour,,
6f428779298f9e497e27395b135023c07e959766ec46da16bb92303b6d80e7c0,2019-02,Lancashire Constabulary,Lancashire Constabulary,-2.756382,53.679551,On or near Prison,E01024975,Chorley 007C,Violence and sexual offences,Unable to prosecute suspect,
9ef0ac2831b8bd8b9f6db945770d8c1a69fd977e231f8e3aa235273f9fa4c440,2019-02,Lancashire Constabulary,Lancashire Constabulary,-2.752184,53.678490,On or near Prison,E01024975,Chorley 007C,Violence and sexual offences,Unable to prosecute suspect,
fde70fc8a2cd29c50725921baa5f2ff0faf9203c9f76b516d6cd092aa0aa69ec,2019-02,Lancashire Constabulary,Lancashire Constabulary,-2.756382,53.679551,On or near Prison,E01024975,Chorley 007C,Violence and sexual offences,Status update unavailable,
0b8c830bb0de9be86adbb52f04b364e4457a51bab82d0d517aeecc1c3237579d,2019-02,Lancashire Constabulary,Lancashire Constabulary,-2.756382,53.679551,On or near Prison,E01024975,Chorley 007C,Violence and sexual offences,Status update unavailable,
6f495d9760d44f1b1e5903478add96a5a0e66952127de27f658f7ab12fdf4d1c,2019-02,Lancashire Constabulary,Lancashire Constabulary,-2.756382,53.679551,On or near Prison,E01024975,Chorley 007C,Violence and sexual offences,Unable to prosecute suspect,
1dcd04c9ddcabb6af6aae041a0c1f184325250edeb1383daaa914e4206ad4eca,2019-02,Lancashire Constabulary,Lancashire Constabulary,-2.752184,53.678490,On or near Prison,E01024975,Chorley 007C,Violence and sexual offences,Unable to prosecute suspect,
bcd464ae82482bbddf23951497d1a0ce02dcdcc5432fd1fe9a81a5ccafe6f022,2019-02,Lancashire Constabulary,Lancashire Constabulary,-2.752184,53.678490,On or near Prison,E01024975,Chorley 007C,Violence and sexual offences,Unable to prosecute suspect,
27cbd773043ddaa1b9257205b80973d7dde0868e0e8e11411544cb4eb511673d,2019-02,Lancashire Constabulary,Lancashire Constabulary,-2.756382,53.679551,On or near Prison,E01024975,Chorley 007C,Violence and sexual offences,Unable to prosecute suspect,
936947db942e935653acd5c1ae367548c0c7667d334926c11447810d6ebcbf61,2019-02,Lancashire Constabulary,Lancashire Constabulary,-2.756382,53.679551,On or near Prison,E01024975,Chorley 007C,Other crime,Awaiting court outcome,
,2019-02,Lancashire Constabulary,Lancashire Constabulary,-2.773923,53.666882,On or near Peartree Road,E01024976,Chorley 007D,Anti-social behaviour,,
,2019-02,Lancashire Constabulary,Lancashire Constabulary,-2.773923,53.666882,On or near Peartree Road,E01024976,Chorley 007D,Anti-social behaviour,,
,2019-02,Lancashire Constabulary,Lancashire Constabulary,-2.778136,53.665525,On or near Lonsdale Drive,E01024976,Chorley 007D,Anti-social behaviour,,
,2019-02,Lancashire Constabulary,Lancashire Constabulary,-2.773923,53.666882,On or near Peartree Road,E01024976,Chorley 007D,Anti-social behaviour,,
,2019-02,Lancashire Constabulary,Lancashire Constabulary,-2.778556,53.660407,On or near Carvers Brow,E01024976,Chorley 007D,Anti-social behaviour,,
,2019-02,Lancashire Constabulary,Lancashire Constabulary,-2.773923,53.666882,On or near Peartree Road,E01024976,Chorley 007D,Anti-social behaviour,,
,2019-02,Lancashire Constabulary,Lancashire Constabulary,-2.773923,53.666882,On or near Peartree Road,E01024976,Chorley 007D,Anti-social behaviour,,
,2019-02,Lancashire Constabulary,Lancashire Constabulary,-2.776762,53.666531,On or near Supermarket,E01024976,Chorley 007D,Anti-social behaviour,,
,2019-02,Lancashire Constabulary,Lancashire Constabulary,-2.776762,53.666531,On or near Supermarket,E01024976,Chorley 007D,Anti-social behaviour,,
f534db78ef1e83ea25bf1579cd99dcd2b3d2c9f9303109db6bc7cf84074796f6,2019-02,Lancashire Constabulary,Lancashire Constabulary,-2.774417,53.663293,On or near Sports/Recreation Area,E01024976,Chorley 007D,Criminal damage and arson,Status update unavailable,
789afdb087cc99f0a54003d0ccde5a8d5c662cfff0b71b35587fde1bdb97ead9,2019-02,Lancashire Constabulary,Lancashire Constabulary,-2.774417,53.663293,On or near Sports/Recreation Area,E01024976,Chorley 007D,Violence and sexual offences,Status update unavailable,
e6f703e664ff2b057e0006044d4009088b4b7f9fd8709a76bde242fb174f01bc,2019-02,Lancashire Constabulary,Lancashire Constabulary,-2.773923,53.666882,On or near Peartree Road,E01024976,Chorley 007D,Violence and sexual offences,Unable to prosecute suspect,
4dddb55cc3414119ba65ca1d7ec7677c9dd15b13c90fb8fc62257fd68ea2bebb,2019-02,Lancashire Constabulary,Lancashire Constabulary,-2.773923,53.666882,On or near Peartree Road,E01024976,Chorley 007D,Violence and sexual offences,Status update unavailable,
90135e7b077e946d66f0c5e0fadd519dfb8759726796b5fda7a0a062270c706b,2019-02,Lancashire Constabulary,Lancashire Constabulary,-2.774546,53.661206,On or near Parking Area,E01024976,Chorley 007D,Other crime,Further investigation is not in the public interest,
,2019-02,Lancashire Constabulary,Lancashire Constabulary,-2.673350,53.678168,On or near Park/Open Space,E01024919,Chorley 008A,Anti-social behaviour,,
,2019-02,Lancashire Constabulary,Lancashire Constabulary,-2.660258,53.680326,On or near Coopers Place,E01024919,Chorley 008A,Anti-social behaviour,,
,2019-02,Lancashire Constabulary,Lancashire Constabulary,-2.645832,53.664622,On or near Great Meadow,E01024919,Chorley 008A,Anti-social behaviour,,
,2019-02,Lancashire Constabulary,Lancashire Constabulary,-2.655246,53.679311,On or near Bridgewater Drive,E01024919,Chorley 008A,Anti-social behaviour,,
,2019-02,Lancashire Constabulary,Lancashire Constabulary,-2.653836,53.677189,On or near Spennymoor Close,E01024919,Chorley 008A,Anti-social behaviour,,
58932b81a276c1b28d99adb1d9ba48c356d9305736d8464d38e2b04e660411df,2019-02,Lancashire Constabulary,Lancashire Constabulary,-2.661993,53.675104,On or near Park/Open Space,E01024919,Chorley 008A,Other theft,Status update unavailable,
802d10fcc21bf52a129b019f12f951619ff71ebd9d4c43f2d0ec5ef4652427ed,2019-02,Lancashire Constabulary,Lancashire Constabulary,-2.655567,53.677530,On or near Bishopton Crescent,E01024919,Chorley 008A,Public order,Status update unavailable,
40874fe3c78181c7f0762a99337064b0813218bdc10c33ee0414b63f53cdd25e,2019-02,Lancashire Constabulary,Lancashire Constabulary,-2.660148,53.677181,On or near Sharrock Street,E01024919,Chorley 008A,Vehicle crime,Status update unavailable,
716aa5f15366d6bf5283ae69b9a69dd01e744b9c48872d2fba54725f2412f8c8,2019-02,Lancashire Constabulary,Lancashire Constabulary,-2.665865,53.679693,On or near Oakbridge Drive,E01024919,Chorley 008A,Violence and sexual offences,Further investigation is not in the public interest,
1173d8ca90e4b65af15d7e3d21b87e8c2facf36c00b8de98a80b1c8deb0dde2c,2019-02,Lancashire Constabulary,Lancashire Constabulary,-2.646694,53.663610,On or near Clough Acre,E01024919,Chorley 008A,Violence and sexual offences,Unable to prosecute suspect,
d7ffb5ffdd7ac47c96f07b5d1382adda7fd15e1aa739c699ad091dc048a8fa71,2019-02,Lancashire Constabulary,Lancashire Constabulary,-2.643894,53.665558,On or near Buckshaw Hall Close,E01024919,Chorley 008A,Violence and sexual offences,Unable to prosecute suspect,
9dfb10d67e74bbe9fca880e24275cecded99e5b9da25d178147a0e1d1c5a66d4,2019-02,Lancashire Constabulary,Lancashire Constabulary,-2.645832,53.664622,On or near Great Meadow,E01024919,Chorley 008A,Violence and sexual offences,Further investigation is not in the public interest,
9c30ccbebf87d684a2c87203a32319bcec3d169da9ec51238fb0ed863b685e0e,2019-02,Lancashire Constabulary,Lancashire Constabulary,-2.665865,53.679693,On or near Oakbridge Drive,E01024919,Chorley 008A,Violence and sexual offences,Unable to prosecute suspect,
df4fc9e46375ab96e4f1a64ea6b323fe6d74d8612f98f5d014e03a17356ff534,2019-02,Lancashire Constabulary,Lancashire Constabulary,-2.645832,53.664622,On or near Great Meadow,E01024919,Chorley 008A,Other crime,Further investigation is not in the public interest,
e67473cace0b99dea5000fccd42f6d28b75ea60505868912ca78193e83ffb0ba,2019-02,Lancashire Constabulary,Lancashire Constabulary,-2.645832,53.664622,On or near Great Meadow,E01024919,Chorley 008A,Other crime,Further investigation is not in the public interest,
,2019-02,Lancashire Constabulary,Lancashire Constabulary,-2.652338,53.661602,On or near Threlfall,E01024920,Chorley 008B,Anti-social behaviour,,
,2019-02,Lancashire Constabulary,Lancashire Constabulary,-2.639413,53.661501,On or near Woodfall,E01024920,Chorley 008B,Anti-social behaviour,,
,2019-02,Lancashire Constabulary,Lancashire Constabulary,-2.639413,53.661501,On or near Woodfall,E01024920,Chorley 008B,Anti-social behaviour,,
,2019-02,Lancashire Constabulary,Lancashire Constabulary,-2.644387,53.662176,On or near Harewood,E01024920,Chorley 008B,Anti-social behaviour,,
,2019-02,Lancashire Constabulary,Lancashire Constabulary,-2.639413,53.661501,On or near Woodfall,E01024920,Chorley 008B,Anti-social behaviour,,
79c83887efde102b13ebddf3ab24c658318195f6eb745000c43b43ffb4e26b3f,2019-02,Lancashire Constabulary,Lancashire Constabulary,-2.645173,53.663106,On or near Browns Hey,E01024920,Chorley 008B,Criminal damage and arson,Status update unavailable,
539d4d0c9d8ec8190b94a90b887a3ed34f489b793dd348ed656ca0c8847e1335,2019-02,Lancashire Constabulary,Lancashire Constabulary,-2.640437,53.665172,On or near Long Croft Meadow,E01024920,Chorley 008B,Public order,Unable to prosecute suspect,
c151b7455bfe1eb204ba0bb9e757909baeb6c4bb018ae102d5a7c61ef1d4ff02,2019-02,Lancashire Constabulary,Lancashire Constabulary,-2.646765,53.661309,On or near Pedestrian Subway,E01024920,Chorley 008B,Public order,Unable to prosecute suspect,
a825ebb4cb85811dd22315c9a820b89662a1569ad67e5a019e84df7ace4dce7f,2019-02,Lancashire Constabulary,Lancashire Constabulary,-2.646765,53.661309,On or near Pedestrian Subway,E01024920,Chorley 008B,Public order,Unable to prosecute suspect,
0ad05e02c4c82444b1b5d64b24ca1342e8de7a0b6a8ede17e9d02aac37bcda45,2019-02,Lancashire Constabulary,Lancashire Constabulary,-2.652929,53.659658,On or near Long Copse,E01024920,Chorley 008B,Violence and sexual offences,Unable to prosecute suspect,
1a32bee67c796ab693f2c7d1b05f99cb5b542ac874b37792fa7b91eaee613cfe,2019-02,Lancashire Constabulary,Lancashire Constabulary,-2.645173,53.663106,On or near Browns Hey,E01024920,Chorley 008B,Violence and sexual offences,Status update unavailable,
5ed2353d3d87f13d41f94017fe0c4d0c4c4e0927624800a39ebfcf844b172158,2019-02,Lancashire Constabulary,Lancashire Constabulary,-2.652929,53.659658,On or near Long Copse,E01024920,Chorley 008B,Violence and sexual offences,Unable to prosecute suspect,
420136df275d6a78f5d214c9d69f89bca248e8f628f2d6f6e50dfe2924438dd5,2019-02,Lancashire Constabulary,Lancashire Constabulary,-2.652929,53.659658,On or near Long Copse,E01024920,Chorley 008B,Violence and sexual offences,Unable to prosecute suspect,
add823c69553e2eb88cd7cb8efe53e5da0751387c681e8674df98b621626dc2c,2019-02,Lancashire Constabulary,Lancashire Constabulary,-2.656786,53.657632,On or near Southport Road,E01024920,Chorley 008B,Violence and sexual offences,Unable to prosecute suspect,
46efaec0726b9890136e4522e032159d9604f22626f38430ba1c8cded6190d73,2019-02,Lancashire Constabulary,Lancashire Constabulary,-2.646765,53.661309,On or near Pedestrian Subway,E01024920,Chorley 008B,Violence and sexual offences,Unable to prosecute suspect,
47ba4f0fdd548996900a38abf786bdee359cd373240f7d36d724276e0db90045,2019-02,Lancashire Constabulary,Lancashire Constabulary,-2.645191,53.661335,On or near Hall Gate,E01024920,Chorley 008B,Violence and sexual offences,Unable to prosecute suspect,
b01e130aa3210e3de9ca9bfc16b4e8009707fe45b3810353000d15bdd90b6ab8,2019-02,Lancashire Constabulary,Lancashire Constabulary,-2.638575,53.664157,On or near Edgefield,E01024920,Chorley 008B,Violence and sexual offences,Unable to prosecute suspect,
eaab4323ffb47874d6b189c1b88624ac0cad2fc0987c8aa6b86d218375e8dad4,2019-02,Lancashire Constabulary,Lancashire Constabulary,-2.638253,53.652834,On or near Shaftesbury Place,E01024934,Chorley 008C,Violence and sexual offences,Awaiting court outcome,
,2019-02,Lancashire Constabulary,Lancashire Constabulary,-2.649914,53.651602,On or near Hornchurch Drive,E01024935,Chorley 008D,Anti-social behaviour,,
,2019-02,Lancashire Constabulary,Lancashire Constabulary,-2.649914,53.651602,On or near Hornchurch Drive,E01024935,Chorley 008D,Anti-social behaviour,,
,2019-02,Lancashire Constabulary,Lancashire Constabulary,-2.657275,53.655994,On or near Foxhole Road,E01024935,Chorley 008D,Anti-social behaviour,,
7461cd3dbe46141468255104991a6d491509e542f3905a424ec11f3b36b8e0b6,2019-02,Lancashire Constabulary,Lancashire Constabulary,-2.651406,53.649212,On or near Woodford Copse,E01024935,Chorley 008D,Burglary,Status update unavailable,
6b760f873792274c0e400d6acfcd33f337398a8e45989d82b53b9e9e14e0ba62,2019-02,Lancashire Constabulary,Lancashire Constabulary,-2.649914,53.651602,On or near Hornchurch Drive,E01024935,Chorley 008D,Criminal damage and arson,Status update unavailable,
b0f553a7ef75c2d4ca1e1951790f0b0065120811a4e49cb83ff463a89625c486,2019-02,Lancashire Constabulary,Lancashire Constabulary,-2.658868,53.656254,On or near Supermarket,E01024935,Chorley 008D,Other theft,Status update unavailable,
9ad10fc562de3667df90748ec48e1c1b911c498272334e124c102cca2dd43949,2019-02,Lancashire Constabulary,Lancashire Constabulary,-2.658868,53.656254,On or near Supermarket,E01024935,Chorley 008D,Shoplifting,Status update unavailable,
3da6e6b84ca2884dad108c7f018f14763146e8d852824d25974e9c521c5af992,2019-02,Lancashire Constabulary,Lancashire Constabulary,-2.658868,53.656254,On or near Supermarket,E01024935,Chorley 008D,Shoplifting,Status update unavailable,
e34e7664d4a2e1339eb4f50b72fa977d989315bb399eb497550fc702894708a2,2019-02,Lancashire Constabulary,Lancashire Constabulary,-2.644958,53.649059,On or near Collingwood Road,E01024935,Chorley 008D,Vehicle crime,Status update unavailable,
1041b21bbc028f2181f115da925db89da2e05fc66cadd4751bc2cb901855a1f2,2019-02,Lancashire Constabulary,Lancashire Constabulary,-2.649701,53.649518,On or near Yeadon Grove,E01024935,Chorley 008D,Vehicle crime,Status update unavailable,
,2019-02,Lancashire Constabulary,Lancashire Constabulary,-2.625351,53.655158,On or near Primrose Street,E01024925,Chorley 009A,Anti-social behaviour,,
,2019-02,Lancashire Constabulary,Lancashire Constabulary,-2.622972,53.653840,On or near Delamere Place,E01024925,Chorley 009A,Anti-social behaviour,,
,2019-02,Lancashire Constabulary,Lancashire Constabulary,-2.622960,53.652015,On or near Sherbourne Street,E01024925,Chorley 009A,Anti-social behaviour,,
,2019-02,Lancashire Constabulary,Lancashire Constabulary,-2.625351,53.655158,On or near Primrose Street,E01024925,Chorley 009A,Anti-social behaviour,,
,2019-02,Lancashire Constabulary,Lancashire Constabulary,-2.620599,53.653007,On or near Fielden Street,E01024925,Chorley 009A,Anti-social behaviour,,
,2019-02,Lancashire Constabulary,Lancashire Constabulary,-2.620599,53.653007,On or near Fielden Street,E01024925,Chorley 009A,Anti-social behaviour,,
,2019-02,Lancashire Constabulary,Lancashire Constabulary,-2.625351,53.655158,On or near Primrose Street,E01024925,Chorley 009A,Anti-social behaviour,,
1bbc90cf9b3d3b806adff0cbfe3aac4faf55d842024aa25e46bb1b87c8c78528,2019-02,Lancashire Constabulary,Lancashire Constabulary,-2.622960,53.652015,On or near Sherbourne Street,E01024925,Chorley 009A,Burglary,Unable to prosecute suspect,
46fc4767a3ce9f4424f9f3bfd9a414db6fa7f914ce985a4237c17279193454e6,2019-02,Lancashire Constabulary,Lancashire Constabulary,-2.621267,53.653166,On or near Progress Street,E01024925,Chorley 009A,Burglary,Status update unavailable,
c7113e019ba0f0ad369a283f58347a46884626f551a0ec4da8f154a378cb6d07,2019-02,Lancashire Constabulary,Lancashire Constabulary,-2.619797,53.656068,On or near Aniline Street,E01024925,Chorley 009A,Criminal damage and arson,Investigation complete; no suspect identified,
18a795b206e02bc31b5796f445b558b8b378a872eca31910a06aae508aa29e4d,2019-02,Lancashire Constabulary,Lancashire Constabulary,-2.623295,53.649083,On or near Eldon Street,E01024925,Chorley 009A,Criminal damage and arson,Status update unavailable,
cda6986220ee4344d90f36140bbc17afbcd902277e2b7c901875cbb63604bde1,2019-02,Lancashire Constabulary,Lancashire Constabulary,-2.622496,53.654445,On or near Brown Street,E01024925,Chorley 009A,Other theft,Status update unavailable,
97b9ceffe23af6337137cbc9d5d4c595244780f7d7a4fdfb0464615b040f048e,2019-02,Lancashire Constabulary,Lancashire Constabulary,-2.624495,53.655603,On or near Stratford Road,E01024925,Chorley 009A,Public order,Status update unavailable,
9effcd0c881445face9b02361c5c5c26c87aa68cb93335eb6d6e543941c63d20,2019-02,Lancashire Constabulary,Lancashire Constabulary,-2.619797,53.656068,On or near Aniline Street,E01024925,Chorley 009A,Public order,Status update unavailable,
c6e577c52272476bc564b46e3c8646953b5a12780baed47e1e59b9e6048315db,2019-02,Lancashire Constabulary,Lancashire Constabulary,-2.619797,53.656068,On or near Aniline Street,E01024925,Chorley 009A,Public order,Status update unavailable,
0e006121c46c7d205b06acb6665d2ac386a30d3eec9f60cfdd3ba237ddbccc51,2019-02,Lancashire Constabulary,Lancashire Constabulary,-2.619797,53.656068,On or near Aniline Street,E01024925,Chorley 009A,Vehicle crime,Status update unavailable,
621fbb396d24f5d488a51a6e64848bda1bf13545903edb698beb330bb36aa16e,2019-02,Lancashire Constabulary,Lancashire Constabulary,-2.619797,53.656068,On or near Aniline Street,E01024925,Chorley 009A,Vehicle crime,Status update unavailable,
49a59349ce68b24606a221eb0018c24238e845546005e869577cdb13e63abec5,2019-02,Lancashire Constabulary,Lancashire Constabulary,-2.622960,53.652015,On or near Sherbourne Street,E01024925,Chorley 009A,Violence and sexual offences,Action to be taken by another organisation,
13b8ad2b9240a5cad281288c116cd67b9cd1093bdf3c641aab821c0836b07f9d,2019-02,Lancashire Constabulary,Lancashire Constabulary,-2.625621,53.651903,On or near Edward Street,E01024925,Chorley 009A,Violence and sexual offences,Unable to prosecute suspect,
4e17604e7132714c73b079dad1de2973b232e20dd9a13593ccaab8286247c9e6,2019-02,Lancashire Constabulary,Lancashire Constabulary,-2.622960,53.652015,On or near Sherbourne Street,E01024925,Chorley 009A,Violence and sexual offences,Action to be taken by another organisation,
c0c8d96083fccc04d69882d3fa8d8a10219735d2437448a14dcd0bea8f326c38,2019-02,Lancashire Constabulary,Lancashire Constabulary,-2.622960,53.652015,On or near Sherbourne Street,E01024925,Chorley 009A,Violence and sexual offences,Awaiting court outcome,
749d1850f3fb1f61d31b66e70dc3bfc0b9e6f44f362527db06f44a40d6db1874,2019-02,Lancashire Constabulary,Lancashire Constabulary,-2.622960,53.652015,On or near Sherbourne Street,E01024925,Chorley 009A,Violence and sexual offences,Awaiting court outcome,
13b1f72e6bff6a6bf9f178692b4cb72cccfad2780023fec9c51497e4abdf0791,2019-02,Lancashire Constabulary,Lancashire Constabulary,-2.620599,53.653007,On or near Fielden Street,E01024925,Chorley 009A,Violence and sexual offences,Awaiting court outcome,
dd72cf9d227ef8bfccca5230dda5f12f4b3abec25f33b59402f35239d1bbd6a9,2019-02,Lancashire Constabulary,Lancashire Constabulary,-2.622703,53.648970,On or near Buckingham Street,E01024925,Chorley 009A,Violence and sexual offences,Unable to prosecute suspect,
ef2125d4fd532fbad9915cc5671d5d09265498b079386e97b31d6521ba1954ac,2019-02,Lancashire Constabulary,Lancashire Constabulary,-2.620668,53.652549,On or near Seymour Street,E01024925,Chorley 009A,Violence and sexual offences,Status update unavailable,
959b494bd1ee5a9af58f925991f33c5576d6bd79cd59d771538d84a1b9547dcf,2019-02,Lancashire Constabulary,Lancashire Constabulary,-2.622960,53.652015,On or near Sherbourne Street,E01024925,Chorley 009A,Violence and sexual offences,Status update unavailable,
86af096741ba79202c281b9e1a3bc34f1d49b0ae8ad600ff35a5dbed368f5ea1,2019-02,Lancashire Constabulary,Lancashire Constabulary,-2.622960,53.652015,On or near Sherbourne Street,E01024925,Chorley 009A,Violence and sexual offences,Status update unavailable,
6f9e2d6ff9faa9fe07716ed88b3ef77a828931700e8b165e37df708f5d2a79c0,2019-02,Lancashire Constabulary,Lancashire Constabulary,-2.620813,53.652099,On or near Stephenson Street,E01024925,Chorley 009A,Violence and sexual offences,Further investigation is not in the public interest,
044d90dffb3edae860798bac17845f261d04a9cc2bb61e7f3b3e184b1f8421e7,2019-02,Lancashire Constabulary,Lancashire Constabulary,-2.621267,53.653166,On or near Progress Street,E01024925,Chorley 009A,Violence and sexual offences,Unable to prosecute suspect,
b7aa4c3d1966b833c90957b384f8519dbaea49660cbdb0f8fb8c1675abe09111,2019-02,Lancashire Constabulary,Lancashire Constabulary,-2.625621,53.651903,On or near Edward Street,E01024925,Chorley 009A,Violence and sexual offences,Unable to prosecute suspect,
af1741d48c9a2c901b535f5ebbda9d285e8165befb05fe1cf5bc5dedf9450a06,2019-02,Lancashire Constabulary,Lancashire Constabulary,-2.622960,53.652015,On or near Sherbourne Street,E01024925,Chorley 009A,Violence and sexual offences,Awaiting court outcome,
,2019-02,Lancashire Constabulary,Lancashire Constabulary,-2.619422,53.653211,On or near Temperance Street,E01024926,Chorley 009B,Anti-social behaviour,,
,2019-02,Lancashire Constabulary,Lancashire Constabulary,-2.619422,53.653211,On or near Temperance Street,E01024926,Chorley 009B,Anti-social behaviour,,
,2019-02,Lancashire Constabulary,Lancashire Constabulary,-2.616120,53.647790,On or near Fell View,E01024926,Chorley 009B,Anti-social behaviour,,
,2019-02,Lancashire Constabulary,Lancashire Constabulary,-2.615759,53.654183,On or near Colyton Road East,E01024926,Chorley 009B,Anti-social behaviour,,
,2019-02,Lancashire Constabulary,Lancashire Constabulary,-2.614439,53.652841,On or near The Moorings,E01024926,Chorley 009B,Anti-social behaviour,,
,2019-02,Lancashire Constabulary,Lancashire Constabulary,-2.616120,53.647790,On or near Fell View,E01024926,Chorley 009B,Anti-social behaviour,,
,2019-02,Lancashire Constabulary,Lancashire Constabulary,-2.616120,53.647790,On or near Fell View,E01024926,Chorley 009B,Anti-social behaviour,,
2abdd44480d446672a97a8fa2ec31c1ed381e8390a38a825497fcdf0f29a5e45,2019-02,Lancashire Constabulary,Lancashire Constabulary,-2.615891,53.652861,On or near Chatham Place,E01024926,Chorley 009B,Criminal damage and arson,Status update unavailable,
a6ad5ed98963807d7a0dfc199339f2e0afe6a5658a6a7a3f25cea33b430be7f0,2019-02,Lancashire Constabulary,Lancashire Constabulary,-2.614439,53.652841,On or near The Moorings,E01024926,Chorley 009B,Criminal damage and arson,Status update unavailable,
c8e711e72344336bf1c44e1f018cb6dc8c7ebd7cb56edbe8e2b375632493bed2,2019-02,Lancashire Constabulary,Lancashire Constabulary,-2.616120,53.647790,On or near Fell View,E01024926,Chorley 009B,Other theft,Unable to prosecute suspect,
0e78f7f379748e0b9e36cfec8e509b917050d3f6c8031e2c1f4caeddf7865b35,2019-02,Lancashire Constabulary,Lancashire Constabulary,-2.620676,53.654140,On or near Wright Street,E01024926,Chorley 009B,Other theft,Status update unavailable,
5187c5185965135f936e88752c94c2992135308ca5c9a07d59b2bc5a42cacb42,2019-02,Lancashire Constabulary,Lancashire Constabulary,-2.609370,53.652804,On or near M61,E01024926,Chorley 009B,Other theft,Unable to prosecute suspect,
9fb6062160a2751834e10a095ac60b990bdb2cce6a98348962c2cc7c056a563e,2019-02,Lancashire Constabulary,Lancashire Constabulary,-2.614439,53.652841,On or near The Moorings,E01024926,Chorley 009B,Vehicle crime,Unable to prosecute suspect,
07fe265de2b9ff9accc4b789fd167f6e2eed7364ce1fb58ef4ab2503e91778b6,2019-02,Lancashire Constabulary,Lancashire Constabulary,-2.614088,53.653661,On or near Canal Walk,E01024926,Chorley 009B,Vehicle crime,Status update unavailable,
eb72ceca8cb1503653d223e1fa52fe488501d28681961515f02d7580691d4158,2019-02,Lancashire Constabulary,Lancashire Constabulary,-2.620316,53.652263,On or near Lawson Street,E01024926,Chorley 009B,Vehicle crime,Status update unavailable,
9ad94decdfba36fc91ae9893ddc1108f0c6b0d29e940ec70855d934688127985,2019-02,Lancashire Constabulary,Lancashire Constabulary,-2.619399,53.653724,On or near Gaskell Street,E01024926,Chorley 009B,Violence and sexual offences,Unable to prosecute suspect,
401fec5255f0531e1896912bc7f3876f77ae64f321a413c0e88c79e70d5a7f12,2019-02,Lancashire Constabulary,Lancashire Constabulary,-2.620676,53.654140,On or near Wright Street,E01024926,Chorley 009B,Violence and sexual offences,Unable to prosecute suspect,
ea6bbe43dd9fbbe5e27b33d854fb3d1f2b840375235965e3a589d9343e7f7673,2019-02,Lancashire Constabulary,Lancashire Constabulary,-2.619399,53.653724,On or near Gaskell Street,E01024926,Chorley 009B,Violence and sexual offences,Unable to prosecute suspect,
c4e3295ba295e61e3fa38a65d99a96586aef1094898e9a577cc2bc677d6c9e31,2019-02,Lancashire Constabulary,Lancashire Constabulary,-2.620676,53.654140,On or near Wright Street,E01024926,Chorley 009B,Violence and sexual offences,Further investigation is not in the public interest,
8ed1c431bbd1c7ebdeb56958530316afac22aa5e0c5b65aa1e7f2f352b0cc240,2019-02,Lancashire Constabulary,Lancashire Constabulary,-2.619350,53.652457,On or near Brighton Street,E01024926,Chorley 009B,Violence and sexual offences,Offender given community sentence,
6b153039dab0b7d9e720b75463b05ed513642c9e980e5fbcb3de4005ef22f135,2019-02,Lancashire Constabulary,Lancashire Constabulary,-2.619422,53.653211,On or near Temperance Street,E01024926,Chorley 009B,Violence and sexual offences,Status update unavailable,
18b63dd22c43ebcdfa7475b7ecad7059d212845549eb090b4ab3658d9a1a6b97,2019-02,Lancashire Constabulary,Lancashire Constabulary,-2.619422,53.653211,On or near Temperance Street,E01024926,Chorley 009B,Violence and sexual offences,Unable to prosecute suspect,
24beb2d14749525e7f02e7ebbc80f375922ba885e58615b068942e1a1b54eb11,2019-02,Lancashire Constabulary,Lancashire Constabulary,-2.619422,53.653211,On or near Temperance Street,E01024926,Chorley 009B,Violence and sexual offences,Unable to prosecute suspect,
f660ac23d9bc7a47068beb559ce04d8b9016e515e254cef6ca3afd038af96bfb,2019-02,Lancashire Constabulary,Lancashire Constabulary,-2.619422,53.653211,On or near Temperance Street,E01024926,Chorley 009B,Violence and sexual offences,Status update unavailable,
b27bde306faed2694dd0ab5a7c623022bf0e16f3569d502a51cdd53fd52ed4c6,2019-02,Lancashire Constabulary,Lancashire Constabulary,-2.619399,53.653724,On or near Gaskell Street,E01024926,Chorley 009B,Violence and sexual offences,Unable to prosecute suspect,
de4ff214e22a6727b3f7a06e6b66e847e15323bf9d7abcece688310d9943559c,2019-02,Lancashire Constabulary,Lancashire Constabulary,-2.615475,53.653366,On or near Portsmouth Drive,E01024926,Chorley 009B,Violence and sexual offences,Unable to prosecute suspect,
debacb0ddc6649ae9d26b6d1447260092014416320dd6248f51a8577d8066f4b,2019-02,Lancashire Constabulary,Lancashire Constabulary,-2.619422,53.653211,On or near Temperance Street,E01024926,Chorley 009B,Violence and sexual offences,Status update unavailable,
96f890371431e8080af1e9b4da2c9b8a3cfc37c59e4e767a46b3d4d18569b9a1,2019-02,Lancashire Constabulary,Lancashire Constabulary,-2.614252,53.648348,On or near Cowling Brow,E01024927,Chorley 009C,Burglary,Status update unavailable,
ca007ef8070f0acc37f77410ff7d1250fba702b0dacaca534f2b02b4efb9211c,2019-02,Lancashire Constabulary,Lancashire Constabulary,-2.614252,53.648348,On or near Cowling Brow,E01024927,Chorley 009C,Criminal damage and arson,Status update unavailable,
694d7a1c7a0a06ba2d695f2f7221abae254de27b3f55264084d0b8bffe213c34,2019-02,Lancashire Constabulary,Lancashire Constabulary,-2.617301,53.646796,On or near Yarrow Road,E01024927,Chorley 009C,Other theft,Status update unavailable,
69f87629d9fa894393fbddb24264b7e79ab9dc7819bd41105f6c487341837b98,2019-02,Lancashire Constabulary,Lancashire Constabulary,-2.616508,53.648445,On or near Limbrick Road,E01024927,Chorley 009C,Vehicle crime,Status update unavailable,
b16e41384c2ae4bfa3f879796c2ee7e5aa6901bcd8b1d0794f6790aab2890e3b,2019-02,Lancashire Constabulary,Lancashire Constabulary,-2.617265,53.650562,On or near Owens Street,E01024927,Chorley 009C,Violence and sexual offences,Status update unavailable,
10a1d464c8e4063f9df4abfe9c91b2ed5f1f4d367e88a36cfbb899193c4a765a,2019-02,Lancashire Constabulary,Lancashire Constabulary,-2.620200,53.649549,On or near Clarendon Street,E01024927,Chorley 009C,Violence and sexual offences,Status update unavailable,
cb54a78bfc88d332a8a94f6908cd6f6792a82faab5a9f1e9a5bc3970a0fb361e,2019-02,Lancashire Constabulary,Lancashire Constabulary,-2.620200,53.649549,On or near Clarendon Street,E01024927,Chorley 009C,Violence and sexual offences,Unable to prosecute suspect,
b2eb0a3da8f1645186775e0918661bb7a0e3966aa919417a3a6e332763d469ef,2019-02,Lancashire Constabulary,Lancashire Constabulary,-2.619112,53.651712,On or near Southport Terrace,E01024927,Chorley 009C,Violence and sexual offences,Unable to prosecute suspect,
eab3fb4f7a2e502d1b311e865f21654ad7b57c23694610848ed28af628bcc1c0,2019-02,Lancashire Constabulary,Lancashire Constabulary,-2.620200,53.649549,On or near Clarendon Street,E01024927,Chorley 009C,Violence and sexual offences,Unable to prosecute suspect,
dbb9cc35634915ce8373de432ecaf360719cdb3767dddd3918aba878b7da7eb6,2019-02,Lancashire Constabulary,Lancashire Constabulary,-2.619112,53.651712,On or near Southport Terrace,E01024927,Chorley 009C,Violence and sexual offences,Unable to prosecute suspect,
e9f61f77cf213cc00d186264c17151e806a440e6bf0f540015bb7eebf6be5194,2019-02,Lancashire Constabulary,Lancashire Constabulary,-2.617786,53.648923,On or near Saint James'S Place,E01024927,Chorley 009C,Violence and sexual offences,Unable to prosecute suspect,
5179dd288cc96aeaed70e0ccf77e84c865c9ecdd34dfd13770e12d2b66ccf149,2019-02,Lancashire Constabulary,Lancashire Constabulary,-2.620200,53.649549,On or near Clarendon Street,E01024927,Chorley 009C,Violence and sexual offences,Status update unavailable,
55ea7e2037465b869163d90601e345c9130fd91a08d2ba5b53c10e3b42933b89,2019-02,Lancashire Constabulary,Lancashire Constabulary,-2.619112,53.651712,On or near Southport Terrace,E01024927,Chorley 009C,Violence and sexual offences,Action to be taken by another organisation,
7824708a4a580865a45581bff47f1c24a068a03c629f69c69a518679df326aa3,2019-02,Lancashire Constabulary,Lancashire Constabulary,-2.619112,53.651712,On or near Southport Terrace,E01024927,Chorley 009C,Violence and sexual offences,Unable to prosecute suspect,
8fab2169270f8c966699f7597e6983546e9178ee0c52567cd49998effcafc503,2019-02,Lancashire Constabulary,Lancashire Constabulary,-2.617265,53.650562,On or near Owens Street,E01024927,Chorley 009C,Violence and sexual offences,Unable to prosecute suspect,
4d6a7fa0a79452dbbcc204dc35422b2891eabf571aae2bbe4445acacd95103ee,2019-02,Lancashire Constabulary,Lancashire Constabulary,-2.619112,53.651712,On or near Southport Terrace,E01024927,Chorley 009C,Violence and sexual offences,Unable to prosecute suspect,
ff6b84b16bcadb5c6335a9578440adfa44ae52fcc0bb0fb91ada9db079fb5f2b,2019-02,Lancashire Constabulary,Lancashire Constabulary,-2.619112,53.651712,On or near Southport Terrace,E01024927,Chorley 009C,Violence and sexual offences,Unable to prosecute suspect,
1237ff826616ac4d26b6ba0e2208803ef0b61136923ca66d87c629d53adc333e,2019-02,Lancashire Constabulary,Lancashire Constabulary,-2.617545,53.651064,On or near Eaves Lane,E01024927,Chorley 009C,Violence and sexual offences,Status update unavailable,
5e75d28e1b20693942f362915d2bd3b3180c6308d9cbc82a4a5b2f34e13f97d7,2019-02,Lancashire Constabulary,Lancashire Constabulary,-2.619112,53.651712,On or near Southport Terrace,E01024927,Chorley 009C,Violence and sexual offences,Status update unavailable,
ca82c56dfd576c030ed44718492ab7ff917dd73756f23a594142fbc179f4c620,2019-02,Lancashire Constabulary,Lancashire Constabulary,-2.617265,53.650562,On or near Owens Street,E01024927,Chorley 009C,Violence and sexual offences,Unable to prosecute suspect,
,2019-02,Lancashire Constabulary,Lancashire Constabulary,-2.615496,53.657914,On or near Montcliffe Road,E01024928,Chorley 009D,Anti-social behaviour,,
,2019-02,Lancashire Constabulary,Lancashire Constabulary,-2.618704,53.658959,On or near Talbot Street,E01024928,Chorley 009D,Anti-social behaviour,,
d9a0fa10f55244c2b8200dfdad88c51f00a5a8bba3ecef2df8a55d1ed4bd590e,2019-02,Lancashire Constabulary,Lancashire Constabulary,-2.618704,53.658959,On or near Talbot Street,E01024928,Chorley 009D,Other theft,Status update unavailable,
664f667ea97569ebb74fa5f0574362b794a83d9613acd552a72f26a6ff9da2aa,2019-02,Lancashire Constabulary,Lancashire Constabulary,-2.617770,53.657166,On or near Pennine Road,E01024928,Chorley 009D,Vehicle crime,Status update unavailable,
f373c538d95f120db8f5efc8e88cef49a3b378f714a004361d5c465117114a55,2019-02,Lancashire Constabulary,Lancashire Constabulary,-2.619216,53.658794,On or near Geoffrey Street,E01024928,Chorley 009D,Violence and sexual offences,Unable to prosecute suspect,
,2019-02,Lancashire Constabulary,Lancashire Constabulary,-2.634439,53.647695,On or near Lupton Street,E01024936,Chorley 010A,Anti-social behaviour,,
,2019-02,Lancashire Constabulary,Lancashire Constabulary,-2.633615,53.653263,On or near Theatre/Concert Hall,E01024936,Chorley 010A,Anti-social behaviour,,
,2019-02,Lancashire Constabulary,Lancashire Constabulary,-2.633127,53.651000,On or near Peel Street,E01024936,Chorley 010A,Anti-social behaviour,,
,2019-02,Lancashire Constabulary,Lancashire Constabulary,-2.634216,53.652999,On or near Peter Street,E01024936,Chorley 010A,Anti-social behaviour,,
,2019-02,Lancashire Constabulary,Lancashire Constabulary,-2.634273,53.648729,On or near Gillibrand Walks,E01024936,Chorley 010A,Anti-social behaviour,,
,2019-02,Lancashire Constabulary,Lancashire Constabulary,-2.634273,53.648729,On or near Gillibrand Walks,E01024936,Chorley 010A,Anti-social behaviour,,
,2019-02,Lancashire Constabulary,Lancashire Constabulary,-2.634273,53.648729,On or near Gillibrand Walks,E01024936,Chorley 010A,Anti-social behaviour,,
,2019-02,Lancashire Constabulary,Lancashire Constabulary,-2.632687,53.651946,On or near West Street,E01024936,Chorley 010A,Anti-social behaviour,,
,2019-02,Lancashire Constabulary,Lancashire Constabulary,-2.632348,53.652532,On or near Market Street,E01024936,Chorley 010A,Anti-social behaviour,,
,2019-02,Lancashire Constabulary,Lancashire Constabulary,-2.633615,53.653263,On or near Theatre/Concert Hall,E01024936,Chorley 010A,Anti-social behaviour,,
,2019-02,Lancashire Constabulary,Lancashire Constabulary,-2.631931,53.650935,On or near Whalley Street,E01024936,Chorley 010A,Anti-social behaviour,,
2506c7f1132e2cdc3915fc3edb52f09b6ad8d379aa36489c27dc94e195b30a67,2019-02,Lancashire Constabulary,Lancashire Constabulary,-2.635549,53.649100,On or near Lorne Street,E01024936,Chorley 010A,Other theft,Unable to prosecute suspect,
13bd65062209567622fcaef11a6e02b08de5a1aeedcd2f5e8f59dc9e9cbc9a6e,2019-02,Lancashire Constabulary,Lancashire Constabulary,-2.635073,53.653642,On or near St Thomas'S Road,E01024936,Chorley 010A,Other theft,Unable to prosecute suspect,
91c8e3f6d8bf2a88b19742f63be8ff77f7c86814fc7c17d2a9108b74839406ad,2019-02,Lancashire Constabulary,Lancashire Constabulary,-2.635594,53.650043,On or near Hamilton Road,E01024936,Chorley 010A,Possession of weapons,Status update unavailable,
2dbaaa2deae0f4f3e799ca4a1bdfe2e03767ec46821469abbd73024272f9969d,2019-02,Lancashire Constabulary,Lancashire Constabulary,-2.635035,53.654118,On or near Crown Street,E01024936,Chorley 010A,Public order,Awaiting court outcome,
18e5182c47d76b86a0ee16fa20eccaefc41dd5e177654fd42d394080205cbcc0,2019-02,Lancashire Constabulary,Lancashire Constabulary,-2.633615,53.653263,On or near Theatre/Concert Hall,E01024936,Chorley 010A,Public order,Unable to prosecute suspect,
efff5e7e24515612f1f017d8687aff22b6b1c33fe1d1153d5b7b6dbb90401811,2019-02,Lancashire Constabulary,Lancashire Constabulary,-2.632153,53.651662,On or near Parson'S Brow,E01024936,Chorley 010A,Robbery,Awaiting court outcome,
b0fbd85a3c86cec62b25699927fbaa5e12da557ec1b6e57fe38118c64c0cc6cc,2019-02,Lancashire Constabulary,Lancashire Constabulary,-2.632153,53.651662,On or near Parson'S Brow,E01024936,Chorley 010A,Robbery,Unable to prosecute suspect,
27ea926d746187cc708ee4d6b7f03e9255b90d4d9b263e6a23a12511af1c6c84,2019-02,Lancashire Constabulary,Lancashire Constabulary,-2.634439,53.647695,On or near Lupton Street,E01024936,Chorley 010A,Vehicle crime,Status update unavailable,
d162dc6f12077bcdee52f0ca42bbad2e714e960f838a172ce405b87b5d6368e9,2019-02,Lancashire Constabulary,Lancashire Constabulary,-2.635594,53.650043,On or near Hamilton Road,E01024936,Chorley 010A,Violence and sexual offences,Awaiting court outcome,
80551a9fbb738370e0eba95b1a3e1adc405bb0ff6b40e0b42b874c13101d083b,2019-02,Lancashire Constabulary,Lancashire Constabulary,-2.635594,53.650043,On or near Hamilton Road,E01024936,Chorley 010A,Violence and sexual offences,Unable to prosecute suspect,
7adec798d3f37ab2fff08e3da8c1172eec524127fb181eabb8e956126b8cce27,2019-02,Lancashire Constabulary,Lancashire Constabulary,-2.635549,53.649100,On or near Lorne Street,E01024936,Chorley 010A,Violence and sexual offences,Unable to prosecute suspect,
5b18f2281b9772c817413e217589c77db77a28a47998135eee27fdef4f403f88,2019-02,Lancashire Constabulary,Lancashire Constabulary,-2.634273,53.648729,On or near Gillibrand Walks,E01024936,Chorley 010A,Violence and sexual offences,Unable to prosecute suspect,
,2019-02,Lancashire Constabulary,Lancashire Constabulary,-2.624147,53.644288,On or near Southdowns Road,E01024938,Chorley 010B,Anti-social behaviour,,
,2019-02,Lancashire Constabulary,Lancashire Constabulary,-2.621777,53.641559,On or near Fountains Close,E01024938,Chorley 010B,Anti-social behaviour,,
518df62d53a6ca3004054579d49f174a5b98f665b4cb7d51e6aeb8b8c9e6d2f1,2019-02,Lancashire Constabulary,Lancashire Constabulary,-2.621777,53.641559,On or near Fountains Close,E01024938,Chorley 010B,Vehicle crime,Status update unavailable,
0aae4b11cf87724831c1a70b2a0b6cbc2938c26318879688e831ac90ed38e7d3,2019-02,Lancashire Constabulary,Lancashire Constabulary,-2.632592,53.642572,On or near Ash Grove,E01024938,Chorley 010B,Violence and sexual offences,Unable to prosecute suspect,
414bfad93573428a8995205dc86ad2b86300dedc7427cc5fdac717a585210848,2019-02,Lancashire Constabulary,Lancashire Constabulary,-2.622603,53.643200,On or near St Alban'S Place,E01024938,Chorley 010B,Violence and sexual offences,Unable to prosecute suspect,
,2019-02,Lancashire Constabulary,Lancashire Constabulary,-2.619108,53.633852,On or near Duxbury Hall Road,E01024939,Chorley 010C,Anti-social behaviour,,
,2019-02,Lancashire Constabulary,Lancashire Constabulary,-2.628146,53.638560,On or near The Bowers,E01024939,Chorley 010C,Anti-social behaviour,,
,2019-02,Lancashire Constabulary,Lancashire Constabulary,-2.617008,53.639211,On or near Springwood Drive,E01024939,Chorley 010C,Anti-social behaviour,,
,2019-02,Lancashire Constabulary,Lancashire Constabulary,-2.617008,53.639211,On or near Springwood Drive,E01024939,Chorley 010C,Anti-social behaviour,,
a57ffa271c4ea4e6c7f575014b5560dba6233890f8a14410aa51efc28b92255a,2019-02,Lancashire Constabulary,Lancashire Constabulary,-2.619729,53.644239,On or near Yarrow Gate,E01024939,Chorley 010C,Violence and sexual offences,Status update unavailable,
10cb585a0e756148af0639a88e77a6e3e4e2601906710538b8a0695439ea1567,2019-02,Lancashire Constabulary,Lancashire Constabulary,-2.620855,53.645753,On or near Redwood Drive,E01024939,Chorley 010C,Violence and sexual offences,Awaiting court outcome,
0779a33e444fce9670f4a14edf2cfb55f87bbff1bc400bd985e8ba09554c0fe2,2019-02,Lancashire Constabulary,Lancashire Constabulary,-2.624045,53.639435,On or near Little Carr Lane,E01024939,Chorley 010C,Violence and sexual offences,Unable to prosecute suspect,
b6848675fb0a12c2ec000bd1dc0cce694f68ec93dea3d0324639d447994dd017,2019-02,Lancashire Constabulary,Lancashire Constabulary,-2.624045,53.639435,On or near Little Carr Lane,E01024939,Chorley 010C,Violence and sexual offences,Unable to prosecute suspect,
8d1d7a10235c4f83d83d82af06abe0698cfec27928bc7dfeaf8c9136e6eb5fd3,2019-02,Lancashire Constabulary,Lancashire Constabulary,-2.617008,53.639211,On or near Springwood Drive,E01024939,Chorley 010C,Other crime,Further investigation is not in the public interest,
,2019-02,Lancashire Constabulary,Lancashire Constabulary,-2.627798,53.651819,On or near Albert Street,E01024940,Chorley 010D,Anti-social behaviour,,
,2019-02,Lancashire Constabulary,Lancashire Constabulary,-2.628277,53.652437,On or near Chapel Street,E01024940,Chorley 010D,Anti-social behaviour,,
,2019-02,Lancashire Constabulary,Lancashire Constabulary,-2.628448,53.655852,On or near Arley Street,E01024940,Chorley 010D,Anti-social behaviour,,
,2019-02,Lancashire Constabulary,Lancashire Constabulary,-2.627798,53.651819,On or near Albert Street,E01024940,Chorley 010D,Anti-social behaviour,,
,2019-02,Lancashire Constabulary,Lancashire Constabulary,-2.625767,53.648495,On or near Supermarket,E01024940,Chorley 010D,Anti-social behaviour,,
,2019-02,Lancashire Constabulary,Lancashire Constabulary,-2.627798,53.651819,On or near Albert Street,E01024940,Chorley 010D,Anti-social behaviour,,
,2019-02,Lancashire Constabulary,Lancashire Constabulary,-2.629236,53.654913,On or near Byron Street,E01024940,Chorley 010D,Anti-social behaviour,,
,2019-02,Lancashire Constabulary,Lancashire Constabulary,-2.630069,53.647835,On or near Gin Bow,E01024940,Chorley 010D,Anti-social behaviour,,
,2019-02,Lancashire Constabulary,Lancashire Constabulary,-2.625897,53.647066,On or near Princess Street,E01024940,Chorley 010D,Anti-social behaviour,,
,2019-02,Lancashire Constabulary,Lancashire Constabulary,-2.629818,53.652339,On or near Church Street,E01024940,Chorley 010D,Anti-social behaviour,,
,2019-02,Lancashire Constabulary,Lancashire Constabulary,-2.629067,53.653736,On or near Supermarket,E01024940,Chorley 010D,Anti-social behaviour,,
,2019-02,Lancashire Constabulary,Lancashire Constabulary,-2.628448,53.655852,On or near Arley Street,E01024940,Chorley 010D,Anti-social behaviour,,
,2019-02,Lancashire Constabulary,Lancashire Constabulary,-2.631503,53.653696,On or near High Street,E01024940,Chorley 010D,Anti-social behaviour,,
,2019-02,Lancashire Constabulary,Lancashire Constabulary,-2.626046,53.645851,On or near Goulding Street,E01024940,Chorley 010D,Anti-social behaviour,,
,2019-02,Lancashire Constabulary,Lancashire Constabulary,-2.628448,53.655852,On or near Arley Street,E01024940,Chorley 010D,Anti-social behaviour,,
,2019-02,Lancashire Constabulary,Lancashire Constabulary,-2.629236,53.654913,On or near Byron Street,E01024940,Chorley 010D,Anti-social behaviour,,
,2019-02,Lancashire Constabulary,Lancashire Constabulary,-2.627798,53.651819,On or near Albert Street,E01024940,Chorley 010D,Anti-social behaviour,,
,2019-02,Lancashire Constabulary,Lancashire Constabulary,-2.628448,53.655852,On or near Arley Street,E01024940,Chorley 010D,Anti-social behaviour,,
,2019-02,Lancashire Constabulary,Lancashire Constabulary,-2.631503,53.653696,On or near High Street,E01024940,Chorley 010D,Anti-social behaviour,,
,2019-02,Lancashire Constabulary,Lancashire Constabulary,-2.627798,53.651819,On or near Albert Street,E01024940,Chorley 010D,Anti-social behaviour,,
,2019-02,Lancashire Constabulary,Lancashire Constabulary,-2.628277,53.652437,On or near Chapel Street,E01024940,Chorley 010D,Anti-social behaviour,,
,2019-02,Lancashire Constabulary,Lancashire Constabulary,-2.625767,53.648495,On or near Supermarket,E01024940,Chorley 010D,Anti-social behaviour,,
,2019-02,Lancashire Constabulary,Lancashire Constabulary,-2.631503,53.653696,On or near High Street,E01024940,Chorley 010D,Anti-social behaviour,,
,2019-02,Lancashire Constabulary,Lancashire Constabulary,-2.628560,53.650153,On or near George Street,E01024940,Chorley 010D,Anti-social behaviour,,
,2019-02,Lancashire Constabulary,Lancashire Constabulary,-2.625767,53.648495,On or near Supermarket,E01024940,Chorley 010D,Anti-social behaviour,,
,2019-02,Lancashire Constabulary,Lancashire Constabulary,-2.630980,53.652108,On or near St George'S Street,E01024940,Chorley 010D,Anti-social behaviour,,
,2019-02,Lancashire Constabulary,Lancashire Constabulary,-2.628560,53.650153,On or near George Street,E01024940,Chorley 010D,Anti-social behaviour,,
,2019-02,Lancashire Constabulary,Lancashire Constabulary,-2.628448,53.655852,On or near Arley Street,E01024940,Chorley 010D,Anti-social behaviour,,
,2019-02,Lancashire Constabulary,Lancashire Constabulary,-2.628277,53.652437,On or near Chapel Street,E01024940,Chorley 010D,Anti-social behaviour,,
,2019-02,Lancashire Constabulary,Lancashire Constabulary,-2.630554,53.655014,On or near Fellery Street,E01024940,Chorley 010D,Anti-social behaviour,,
,2019-02,Lancashire Constabulary,Lancashire Constabulary,-2.630554,53.655014,On or near Fellery Street,E01024940,Chorley 010D,Anti-social behaviour,,
,2019-02,Lancashire Constabulary,Lancashire Constabulary,-2.628448,53.655852,On or near Arley Street,E01024940,Chorley 010D,Anti-social behaviour,,
,2019-02,Lancashire Constabulary,Lancashire Constabulary,-2.629236,53.654913,On or near Byron Street,E01024940,Chorley 010D,Anti-social behaviour,,
,2019-02,Lancashire Constabulary,Lancashire Constabulary,-2.629818,53.652339,On or near Church Street,E01024940,Chorley 010D,Anti-social behaviour,,
,2019-02,Lancashire Constabulary,Lancashire Constabulary,-2.630402,53.653927,On or near New Market Street,E01024940,Chorley 010D,Anti-social behaviour,,
,2019-02,Lancashire Constabulary,Lancashire Constabulary,-2.629730,53.651495,On or near Halliwell Place,E01024940,Chorley 010D,Anti-social behaviour,,
,2019-02,Lancashire Constabulary,Lancashire Constabulary,-2.630402,53.653927,On or near New Market Street,E01024940,Chorley 010D,Anti-social behaviour,,
3fd8b7fb03eed8c4a2983561000f943cc0dd7739d599809e544668f6fde4d07b,2019-02,Lancashire Constabulary,Lancashire Constabulary,-2.628268,53.650837,On or near Salisbury Street,E01024940,Chorley 010D,Criminal damage and arson,Status update unavailable,
d58233bf4c03f0c960aba09aa0c9d6c012827ff988d779303416a737530ea467,2019-02,Lancashire Constabulary,Lancashire Constabulary,-2.629818,53.652339,On or near Church Street,E01024940,Chorley 010D,Criminal damage and arson,Awaiting court outcome,
f26ef0498f2336464219864e0cece8f6d9619c3c4d4c289406f5a76d569a1a03,2019-02,Lancashire Constabulary,Lancashire Constabulary,-2.628560,53.650153,On or near George Street,E01024940,Chorley 010D,Criminal damage and arson,Status update unavailable,
a07d46ddf9f461b6e0ded2750015b8e11fa37553683b6f58afd4685f25833289,2019-02,Lancashire Constabulary,Lancashire Constabulary,-2.630864,53.650446,On or near George Street,E01024940,Chorley 010D,Criminal damage and arson,Awaiting court outcome,
c762125886a5529669aa5ba5479210db296a25c6413c307fda43506bcfa2aa66,2019-02,Lancashire Constabulary,Lancashire Constabulary,-2.629818,53.652339,On or near Church Street,E01024940,Chorley 010D,Criminal damage and arson,Awaiting court outcome,
d471b7959f6ac20bc20969e0c8b0e966a4356d7a6f66a3b7932c647b1cbf70d9,2019-02,Lancashire Constabulary,Lancashire Constabulary,-2.630415,53.649774,On or near Albion Street,E01024940,Chorley 010D,Criminal damage and arson,Awaiting court outcome,
5f2f62f200a7b593d89c2949d787de66b9bbdfd0ce48b59758db444ccd03c22c,2019-02,Lancashire Constabulary,Lancashire Constabulary,-2.629818,53.652339,On or near Church Street,E01024940,Chorley 010D,Drugs,Status update unavailable,
4b72891f44ce7c05be7429cb5d772e9d4976ea9f40fde2d5875e482f9138547b,2019-02,Lancashire Constabulary,Lancashire Constabulary,-2.630069,53.647835,On or near Gin Bow,E01024940,Chorley 010D,Drugs,Status update unavailable,
c6b15a1b109798cc5670c8a136e1890ad355d556909dda1048341a87b34a3aa7,2019-02,Lancashire Constabulary,Lancashire Constabulary,-2.624465,53.646390,On or near South Avenue,E01024940,Chorley 010D,Other theft,Status update unavailable,
970e259ecfe2690d457ec4d48c4020d18160c7e29aa4fd3ef6cead85c974358f,2019-02,Lancashire Constabulary,Lancashire Constabulary,-2.625752,53.648495,On or near Petrol Station,E01024940,Chorley 010D,Other theft,Status update unavailable,
f7b95b6f9cd07918a2e1ea01e386754523964d000289d26cd43350a78878d5b3,2019-02,Lancashire Constabulary,Lancashire Constabulary,-2.625752,53.648495,On or near Petrol Station,E01024940,Chorley 010D,Other theft,Formal action is not in the public interest,
960b7dc36fc775e363ba71f43371f8af250a19c923af30585c33b3b265ce58a2,2019-02,Lancashire Constabulary,Lancashire Constabulary,-2.629236,53.654913,On or near Byron Street,E01024940,Chorley 010D,Other theft,Status update unavailable,
d902f1de9cef4f1db8fab043296fb5ff55bd2ae457547f377d6e824546fb5f73,2019-02,Lancashire Constabulary,Lancashire Constabulary,-2.628448,53.655852,On or near Arley Street,E01024940,Chorley 010D,Other theft,Status update unavailable,
63e34fb3adef909441115700aef5bbee065d34f809dd557fae2f8fd841a6d5bc,2019-02,Lancashire Constabulary,Lancashire Constabulary,-2.625752,53.648495,On or near Petrol Station,E01024940,Chorley 010D,Other theft,Status update unavailable,
e18549d32b4977a22154f44da04c85e62cfdd775bb227c26a771af3b306cc85f,2019-02,Lancashire Constabulary,Lancashire Constabulary,-2.625752,53.648495,On or near Petrol Station,E01024940,Chorley 010D,Other theft,Status update unavailable,
dfc088df228ce48395e0b41350802d910503bd27aa79034b5b0f47df5230f2f1,2019-02,Lancashire Constabulary,Lancashire Constabulary,-2.625752,53.648495,On or near Petrol Station,E01024940,Chorley 010D,Other theft,Status update unavailable,
5e8e40a608aa9d3d2e52165a9e9de8615bf3d1c2c5e15526fa3b8b5f4897748c,2019-02,Lancashire Constabulary,Lancashire Constabulary,-2.625752,53.648495,On or near Petrol Station,E01024940,Chorley 010D,Other theft,Status update unavailable,
af149d051b9ca498c806da8dbe5ffa78ac16fb257b878146ac8a21412f1b28f8,2019-02,Lancashire Constabulary,Lancashire Constabulary,-2.630402,53.653927,On or near New Market Street,E01024940,Chorley 010D,Other theft,Status update unavailable,
d2d848c4392371dbf23d3868ce7969a300990b8bd6bc04d1e84963d4e2bc0159,2019-02,Lancashire Constabulary,Lancashire Constabulary,-2.632036,53.651914,On or near Market Street,E01024940,Chorley 010D,Other theft,Status update unavailable,
54a181816d10fdf913916cc10a9e5a16c6001fe23bcd645c2c4c217c3cd333e8,2019-02,Lancashire Constabulary,Lancashire Constabulary,-2.625752,53.648495,On or near Petrol Station,E01024940,Chorley 010D,Other theft,Status update unavailable,
725185dd617fdcd7c001eae22ea50fa9b7fbab062f2f8d9d10541d9a1670978c,2019-02,Lancashire Constabulary,Lancashire Constabulary,-2.625752,53.648495,On or near Petrol Station,E01024940,Chorley 010D,Other theft,Status update unavailable,
fe7cd0ed8f938f5d29a516ea08ca3dc170dd055f86f5bca78d8b6687b5906d68,2019-02,Lancashire Constabulary,Lancashire Constabulary,-2.629067,53.653736,On or near Supermarket,E01024940,Chorley 010D,Other theft,Unable to prosecute suspect,
196a1eabef2ec395fc5250dbc890d43224452183cf6b7d54b95ce3d46827f76f,2019-02,Lancashire Constabulary,Lancashire Constabulary,-2.632036,53.651914,On or near Market Street,E01024940,Chorley 010D,Possession of weapons,Status update unavailable,
fab8f99c96c095fa585c72a3f8c9abd14e8b493c470145617200e302af34a696,2019-02,Lancashire Constabulary,Lancashire Constabulary,-2.628448,53.655852,On or near Arley Street,E01024940,Chorley 010D,Public order,Status update unavailable,
7cf11ce451336736ac83af83633f995401b18d5b6da05a36e42d820f19752cdd,2019-02,Lancashire Constabulary,Lancashire Constabulary,-2.625752,53.648495,On or near Petrol Station,E01024940,Chorley 010D,Public order,Status update unavailable,
78f51fb27266c8545d56ca49d0427a875c602f94650a58502074c0063563a9a4,2019-02,Lancashire Constabulary,Lancashire Constabulary,-2.629818,53.652339,On or near Church Street,E01024940,Chorley 010D,Public order,Unable to prosecute suspect,
f8a4f323f1650c4b0f2d98910796eb8b9d1991014ac1662ba474acd60c365c3d,2019-02,Lancashire Constabulary,Lancashire Constabulary,-2.624465,53.646390,On or near South Avenue,E01024940,Chorley 010D,Public order,Status update unavailable,
a478d12e8324229fcd3d0de733ba36517e04b5d08e87e4a1bbb7c4f4c85a0e06,2019-02,Lancashire Constabulary,Lancashire Constabulary,-2.627798,53.651819,On or near Albert Street,E01024940,Chorley 010D,Public order,Status update unavailable,
cc4df9a2f81f48c2541fe27398cebfbb813e8e770d342e13b6cead3f58a8e7c3,2019-02,Lancashire Constabulary,Lancashire Constabulary,-2.628448,53.655852,On or near Arley Street,E01024940,Chorley 010D,Public order,Unable to prosecute suspect,
890cba3b395ef327bf41386c12e2e8f5ed52c9f57a44067a6e5fb39cab6e9b75,2019-02,Lancashire Constabulary,Lancashire Constabulary,-2.632036,53.651914,On or near Market Street,E01024940,Chorley 010D,Public order,Status update unavailable,
36153236ccc92cb7b9208e9978b1820883c6463201af7467ab59ed4da77629cd,2019-02,Lancashire Constabulary,Lancashire Constabulary,-2.629067,53.653736,On or near Supermarket,E01024940,Chorley 010D,Shoplifting,Status update unavailable,
27969e460ca1bbab6cc144840cde29823c73e41e53951898ffc9b5ce5ae4f2ec,2019-02,Lancashire Constabulary,Lancashire Constabulary,-2.629067,53.653736,On or near Supermarket,E01024940,Chorley 010D,Shoplifting,Status update unavailable,
46cfc3f4c3f99afa5879db205a251fcb74bd3675165c079c9367652ebd6a3b56,2019-02,Lancashire Constabulary,Lancashire Constabulary,-2.630069,53.647835,On or near Gin Bow,E01024940,Chorley 010D,Shoplifting,Further investigation is not in the public interest,
8aa8552d20b6d004c809b94247a72f9903f4eedaaac482dccc0c6ec8bcc3478b,2019-02,Lancashire Constabulary,Lancashire Constabulary,-2.629067,53.653736,On or near Supermarket,E01024940,Chorley 010D,Shoplifting,Status update unavailable,
fa6d95c72d4d2feea2b119f6091931870c2240db7b35f0c99a979bcd77d234f2,2019-02,Lancashire Constabulary,Lancashire Constabulary,-2.630069,53.647835,On or near Gin Bow,E01024940,Chorley 010D,Shoplifting,Further investigation is not in the public interest,
10b78aff0923bb397d0eb56a1c31795dc95d7af931520aeceb2d0690de9f319a,2019-02,Lancashire Constabulary,Lancashire Constabulary,-2.629067,53.653736,On or near Supermarket,E01024940,Chorley 010D,Shoplifting,Status update unavailable,
24195b49278c4c4578765dd57a5086767c9ecc8e1f5c7ee6ece0ef31d54990e2,2019-02,Lancashire Constabulary,Lancashire Constabulary,-2.629067,53.653736,On or near Supermarket,E01024940,Chorley 010D,Shoplifting,Status update unavailable,
a514b1bd767b1fa131ade56bb300f607b1a985020e9d62e60db618fe3f52a60a,2019-02,Lancashire Constabulary,Lancashire Constabulary,-2.630069,53.647835,On or near Gin Bow,E01024940,Chorley 010D,Shoplifting,Status update unavailable,
76047a6891f9ddb7eb684619716f84873149a37acb3453b00ad5184263be80eb,2019-02,Lancashire Constabulary,Lancashire Constabulary,-2.630069,53.647835,On or near Gin Bow,E01024940,Chorley 010D,Shoplifting,Status update unavailable,
ac851dda75d8ebdbece6d5c426ddcb8f109083d9322d78cdf84f9809300c8e35,2019-02,Lancashire Constabulary,Lancashire Constabulary,-2.625752,53.648495,On or near Petrol Station,E01024940,Chorley 010D,Shoplifting,Status update unavailable,
3afc8066681250346ff15266028471248463701e1540c8f8b78108315af24c45,2019-02,Lancashire Constabulary,Lancashire Constabulary,-2.631503,53.653696,On or near High Street,E01024940,Chorley 010D,Theft from the person,Unable to prosecute suspect,
ce273af4943b7debce255d66cdcf223e99fd649493ca3cca1a95fd058713be1a,2019-02,Lancashire Constabulary,Lancashire Constabulary,-2.629067,53.653736,On or near Supermarket,E01024940,Chorley 010D,Theft from the person,Status update unavailable,
6c99d374364324bc84a9aa4c99a1dc0e657996ab290b37ecf49040f5de9f8462,2019-02,Lancashire Constabulary,Lancashire Constabulary,-2.625752,53.648495,On or near Petrol Station,E01024940,Chorley 010D,Theft from the person,Status update unavailable,
2d9131589a5f21e61c27a86dd1f5c7ce049d93d3b2b172db691000d417c8b619,2019-02,Lancashire Constabulary,Lancashire Constabulary,-2.627584,53.650625,On or near Clarence Street,E01024940,Chorley 010D,Vehicle crime,Status update unavailable,
64e16186a7a234942d2f4843b23df2a1b955b124a63fa8df9d1ed0884d233d1b,2019-02,Lancashire Constabulary,Lancashire Constabulary,-2.625350,53.646871,On or near Cheam Avenue,E01024940,Chorley 010D,Vehicle crime,Status update unavailable,
69c851a145baadcdd0533125f4b0733e9e89e9f81ee02786bb1684f86b734324,2019-02,Lancashire Constabulary,Lancashire Constabulary,-2.631083,53.646850,On or near Duke Street,E01024940,Chorley 010D,Vehicle crime,Status update unavailable,
fdd2c571d04e06d0ca8602bc3aa6f47e783870fa91e49028e91fbff8f6eed121,2019-02,Lancashire Constabulary,Lancashire Constabulary,-2.627584,53.650625,On or near Clarence Street,E01024940,Chorley 010D,Vehicle crime,Status update unavailable,
44c09328b551560255f43d403033a17fdbe197490c1e52df1a8f562e9c789baa,2019-02,Lancashire Constabulary,Lancashire Constabulary,-2.630069,53.647835,On or near Gin Bow,E01024940,Chorley 010D,Violence and sexual offences,Unable to prosecute suspect,
92c1539a95fdec990d094d3474dee86d161381577d663298f1987ef4a27bd3be,2019-02,Lancashire Constabulary,Lancashire Constabulary,-2.628478,53.648697,On or near Burlington Street,E01024940,Chorley 010D,Violence and sexual offences,Status update unavailable,
c042065ee8599d3e2bb16361fdf539b8c48c94f3b952a79871b2670fb9befdf1,2019-02,Lancashire Constabulary,Lancashire Constabulary,-2.627584,53.650625,On or near Clarence Street,E01024940,Chorley 010D,Violence and sexual offences,Unable to prosecute suspect,
1036f338d601373c5c244f86d22bd6e268ea1699edf65784b94335a9004a3030,2019-02,Lancashire Constabulary,Lancashire Constabulary,-2.625421,53.645540,On or near Grime Street,E01024940,Chorley 010D,Violence and sexual offences,Further investigation is not in the public interest,
cc2fe646b8844472895978f44e6524644c426549a852044629dc5f719b61116c,2019-02,Lancashire Constabulary,Lancashire Constabulary,-2.631503,53.653696,On or near High Street,E01024940,Chorley 010D,Violence and sexual offences,Defendant found not guilty,
07f7918c122cc119de109d2970683b079ace125f4b6eaf682789bc8a537e2ae0,2019-02,Lancashire Constabulary,Lancashire Constabulary,-2.632036,53.651914,On or near Market Street,E01024940,Chorley 010D,Violence and sexual offences,Unable to prosecute suspect,
7d2a4da410bad54c129af367e2212ee07a4a04bcb7900a32b26f58cda77e56c6,2019-02,Lancashire Constabulary,Lancashire Constabulary,-2.631503,53.653696,On or near High Street,E01024940,Chorley 010D,Violence and sexual offences,Awaiting court outcome,
d18b9e1d1b3b195b742841011d10318d182b033e9d6e48e68d4c725f0b09e2cd,2019-02,Lancashire Constabulary,Lancashire Constabulary,-2.621739,53.646143,On or near Maplewood Close,E01024940,Chorley 010D,Violence and sexual offences,Awaiting court outcome,
0350ae8d638cfabda2c1df5d93ff55d24d5bc58670d7070248e03d3d033bc173,2019-02,Lancashire Constabulary,Lancashire Constabulary,-2.630864,53.650446,On or near George Street,E01024940,Chorley 010D,Violence and sexual offences,Status update unavailable,
ce68e091f770ec69d4a619679a4420e19937b417f7ce09e9154b521a575a7d78,2019-02,Lancashire Constabulary,Lancashire Constabulary,-2.629818,53.652339,On or near Church Street,E01024940,Chorley 010D,Violence and sexual offences,Status update unavailable,
59345a6c4f46d912d3c7dc9d97e271c0b45bddc2d1813403c5699dffdeb5f4f1,2019-02,Lancashire Constabulary,Lancashire Constabulary,-2.630069,53.647835,On or near Gin Bow,E01024940,Chorley 010D,Violence and sexual offences,Status update unavailable,
2463a9ef3257206a74d36221c345587d04c0515b091bd4d29df8e89adc93d298,2019-02,Lancashire Constabulary,Lancashire Constabulary,-2.628268,53.650837,On or near Salisbury Street,E01024940,Chorley 010D,Violence and sexual offences,Status update unavailable,
932e93c00688a49404df2f8a207176f12922a73a067fc0d0fdafa70558e27392,2019-02,Lancashire Constabulary,Lancashire Constabulary,-2.630554,53.655014,On or near Fellery Street,E01024940,Chorley 010D,Violence and sexual offences,Further investigation is not in the public interest,
21a309cbbf8469040af06a6bf5dbbf658f491efe39646b57055d1e1b60052529,2019-02,Lancashire Constabulary,Lancashire Constabulary,-2.630554,53.655014,On or near Fellery Street,E01024940,Chorley 010D,Violence and sexual offences,Unable to prosecute suspect,
98a299cf53b0b6fc671fdd9d39ff420d1addfc2b82ef13dbfbf833926b8eb50c,2019-02,Lancashire Constabulary,Lancashire Constabulary,-2.630402,53.653927,On or near New Market Street,E01024940,Chorley 010D,Violence and sexual offences,Status update unavailable,
27020a84799a1ec09caae5e848190810777a251d4ff7304a8fe95dc74df1687d,2019-02,Lancashire Constabulary,Lancashire Constabulary,-2.629067,53.653736,On or near Supermarket,E01024940,Chorley 010D,Violence and sexual offences,Status update unavailable,
27beafc1aeeead80127f55cc1f1f81efc3c60c42cafb5285dbe4ec560e514fcc,2019-02,Lancashire Constabulary,Lancashire Constabulary,-2.627306,53.647193,On or near Bolton Street,E01024940,Chorley 010D,Violence and sexual offences,Unable to prosecute suspect,
4f36110bf5b60bc275324570197531ab89566d39a907bae3306da4f06c308480,2019-02,Lancashire Constabulary,Lancashire Constabulary,-2.627798,53.651819,On or near Albert Street,E01024940,Chorley 010D,Violence and sexual offences,Status update unavailable,
61f5b456ac15b625b1f5847b3e43c67ae59d5590806a4e76e1f38043b5272bfd,2019-02,Lancashire Constabulary,Lancashire Constabulary,-2.627798,53.651819,On or near Albert Street,E01024940,Chorley 010D,Violence and sexual offences,Local resolution,
46d529ff8031978aa2463e16b88e1b146858e394a3e0048ab103d5797b1a2ad6,2019-02,Lancashire Constabulary,Lancashire Constabulary,-2.625752,53.648495,On or near Petrol Station,E01024940,Chorley 010D,Violence and sexual offences,Status update unavailable,
2d81aac42c5e48ebf2ab2c96ea413cc0d6a3901f226246e146f8f5deef7e5bcc,2019-02,Lancashire Constabulary,Lancashire Constabulary,-2.631503,53.653696,On or near High Street,E01024940,Chorley 010D,Violence and sexual offences,Status update unavailable,
3c3f92e6f16b3c31147dcbc9dd6f1ceb8169fd7f7e3cb803323dacfdca355de5,2019-02,Lancashire Constabulary,Lancashire Constabulary,-2.621739,53.646143,On or near Maplewood Close,E01024940,Chorley 010D,Other crime,Awaiting court outcome,
,2019-02,Lancashire Constabulary,Lancashire Constabulary,-2.636315,53.642705,On or near Howard Road,E01024941,Chorley 010E,Anti-social behaviour,,
a007f5e51864069db441153835860195a707939c7e11c6a818354c97b7d6fc8d,2019-02,Lancashire Constabulary,Lancashire Constabulary,-2.635567,53.644246,On or near Cotswold Road,E01024941,Chorley 010E,Bicycle theft,Status update unavailable,
56341e663e19fb87613b39e49ab61eabd6ccd45eb0f372e99e0b64576e34c77f,2019-02,Lancashire Constabulary,Lancashire Constabulary,-2.635345,53.643573,On or near Gloucester Road,E01024941,Chorley 010E,Drugs,Awaiting court outcome,
bfb2bd929aa96b1dba7d06da8be14ae98d27489a4a7a621f84a68e78871fa631,2019-02,Lancashire Constabulary,Lancashire Constabulary,-2.636493,53.644484,On or near Catherine Street,E01024941,Chorley 010E,Other theft,Status update unavailable,
3d8c27b132fc978721b96a66895346999eca630a7ddf86ed91cf6ef661baaf0d,2019-02,Lancashire Constabulary,Lancashire Constabulary,-2.628671,53.646386,On or near Ashby Street,E01024941,Chorley 010E,Other theft,Status update unavailable,
857fb7dddccea15d041c15349d3770926a4ec734eb5668aeeabef27d20a85422,2019-02,Lancashire Constabulary,Lancashire Constabulary,-2.628926,53.647256,On or near Back Ashby Street,E01024941,Chorley 010E,Public order,Status update unavailable,
ada9ef1f32e702f82d367960df9ed9508ad1cff46ac0f8f75e17bddbc235b1da,2019-02,Lancashire Constabulary,Lancashire Constabulary,-2.634087,53.646420,On or near Richmond Court,E01024941,Chorley 010E,Vehicle crime,Status update unavailable,
72c33db61e58937b24b429ef6946a7c81ec9eae15282101a3245ccad8b1bf028,2019-02,Lancashire Constabulary,Lancashire Constabulary,-2.628926,53.647256,On or near Back Ashby Street,E01024941,Chorley 010E,Violence and sexual offences,Unable to prosecute suspect,
ba829fb342e27823c23bd79b4543bca151074218332397cde4f6355569edeb01,2019-02,Lancashire Constabulary,Lancashire Constabulary,-2.634087,53.646420,On or near Richmond Court,E01024941,Chorley 010E,Violence and sexual offences,Unable to prosecute suspect,
2262ebc12060e1dcc0d8a74d47c5839418eeb060e312ea56e07045767324bc3e,2019-02,Lancashire Constabulary,Lancashire Constabulary,-2.635345,53.643573,On or near Gloucester Road,E01024941,Chorley 010E,Violence and sexual offences,Status update unavailable,
3c00ee8cd10c371b55f6f1687177f6af8cc1ed88bec7d2fa7e237bb60ae9412e,2019-02,Lancashire Constabulary,Lancashire Constabulary,-2.635345,53.643573,On or near Gloucester Road,E01024941,Chorley 010E,Violence and sexual offences,Status update unavailable,
6058a283cba2e959bdb3491c629568d3a2232e6188c49a576a052a798c0fa5a6,2019-02,Lancashire Constabulary,Lancashire Constabulary,-2.709521,53.628892,On or near Wood Lane,E01024923,Chorley 011A,Burglary,Status update unavailable,
37c73ac957c0c69c184132281b8cfb5dd0f8bad97aefbac4ad00ad0ef6c4afdc,2019-02,Lancashire Constabulary,Lancashire Constabulary,-2.709521,53.628892,On or near Wood Lane,E01024923,Chorley 011A,Violence and sexual offences,Status update unavailable,
,2019-02,Lancashire Constabulary,Lancashire Constabulary,-2.658289,53.634650,On or near Sharratts Path,E01024924,Chorley 011B,Anti-social behaviour,,
,2019-02,Lancashire Constabulary,Lancashire Constabulary,-2.665116,53.634082,On or near Freeman'S Lane,E01024924,Chorley 011B,Anti-social behaviour,,
,2019-02,Lancashire Constabulary,Lancashire Constabulary,-2.665116,53.634082,On or near Freeman'S Lane,E01024924,Chorley 011B,Anti-social behaviour,,
,2019-02,Lancashire Constabulary,Lancashire Constabulary,-2.692594,53.631247,On or near Petrol Station,E01024924,Chorley 011B,Anti-social behaviour,,
4adf36b317898eaf5d9f86662645e6c25fda5b6477eb094ac83be8697b5b180f,2019-02,Lancashire Constabulary,Lancashire Constabulary,-2.692006,53.631385,On or near Motorway Service Area,E01024924,Chorley 011B,Other theft,Status update unavailable,
0bbf803da52629559f08a40db6a4b22889e982dc53ac801f6333c48b49dbe984,2019-02,Lancashire Constabulary,Lancashire Constabulary,-2.692006,53.631385,On or near Motorway Service Area,E01024924,Chorley 011B,Other theft,Status update unavailable,
2a99a28b69e349b7488f97e4231d48dbb4205902810463b0468c1566d6399267,2019-02,Lancashire Constabulary,Lancashire Constabulary,-2.692006,53.631385,On or near Motorway Service Area,E01024924,Chorley 011B,Other theft,Status update unavailable,
6a8b790a76c75fb7fe252d9483d8b36dc4607a8399bccfec0fa2a82dc1c0e5e7,2019-02,Lancashire Constabulary,Lancashire Constabulary,-2.692006,53.631385,On or near Motorway Service Area,E01024924,Chorley 011B,Public order,Status update unavailable,
830f8bc8e692cf006d51133322007219cd1af8218ae63c599399475b04c90aaa,2019-02,Lancashire Constabulary,Lancashire Constabulary,-2.692006,53.631385,On or near Motorway Service Area,E01024924,Chorley 011B,Shoplifting,Status update unavailable,
95a3ce5865007e4611e47ff84f3deea13ac9c96995431c8d257adaada0127e28,2019-02,Lancashire Constabulary,Lancashire Constabulary,-2.679985,53.624857,On or near The Foxwood,E01024924,Chorley 011B,Violence and sexual offences,Local resolution,
685893b4a279cac75e1d27c8acc303b6d54d981064193d1d18bf659dd67302d8,2019-02,Lancashire Constabulary,Lancashire Constabulary,-2.679985,53.624857,On or near The Foxwood,E01024924,Chorley 011B,Violence and sexual offences,Local resolution,
,2019-02,Lancashire Constabulary,Lancashire Constabulary,-2.733043,53.648534,On or near The Hawthorns,E01024963,Chorley 011C,Anti-social behaviour,,
,2019-02,Lancashire Constabulary,Lancashire Constabulary,-2.730429,53.647866,On or near Gillcroft,E01024963,Chorley 011C,Anti-social behaviour,,
,2019-02,Lancashire Constabulary,Lancashire Constabulary,-2.719720,53.647050,On or near Sports/Recreation Area,E01024963,Chorley 011C,Anti-social behaviour,,
,2019-02,Lancashire Constabulary,Lancashire Constabulary,-2.728216,53.647619,On or near Marsden Close,E01024963,Chorley 011C,Anti-social behaviour,,
df0697d9f1c1b551bec0fc0079b0b5a8ac4515477ed94049bd1e5e366fa4aacf,2019-02,Lancashire Constabulary,Lancashire Constabulary,-2.730429,53.647866,On or near Gillcroft,E01024963,Chorley 011C,Public order,Status update unavailable,
efd50cb9ef970732cbc7b5692c67b9c679d107d39dc4ac28a87c4b05e16781c0,2019-02,Lancashire Constabulary,Lancashire Constabulary,-2.730084,53.647158,On or near Boundary Close,E01024963,Chorley 011C,Violence and sexual offences,Unable to prosecute suspect,
,2019-02,Lancashire Constabulary,Lancashire Constabulary,-2.751615,53.632904,On or near Sports/Recreation Area,E01024965,Chorley 011D,Anti-social behaviour,,
4f58113b1a4a3c8129d8b295beed1d183eddacfe032e3c48938a075e5a16c23e,2019-02,Lancashire Constabulary,Lancashire Constabulary,-2.724808,53.662336,On or near Leyland Lane,E01024965,Chorley 011D,Vehicle crime,Status update unavailable,
9c82841286f45798a2b9335d77cad3039567992665b1267018a01a2bb86412ca,2019-02,Lancashire Constabulary,Lancashire Constabulary,-2.751763,53.639546,On or near Nook Lane,E01024965,Chorley 011D,Violence and sexual offences,Unable to prosecute suspect,
d87e494edce40ae4710ee17eb842350ccb06d89099af6e34a40c7208f824efc5,2019-02,Lancashire Constabulary,Lancashire Constabulary,-2.732212,53.645959,On or near Chaucer Close,E01024965,Chorley 011D,Other crime,Unable to prosecute suspect,
,2019-02,Lancashire Constabulary,Lancashire Constabulary,-2.721805,53.646912,On or near Sports/Recreation Area,E01024966,Chorley 011E,Anti-social behaviour,,
,2019-02,Lancashire Constabulary,Lancashire Constabulary,-2.721805,53.646912,On or near Sports/Recreation Area,E01024966,Chorley 011E,Anti-social behaviour,,
fa34abcb7f02d00b09a48c9e2619e23326e8001c2689336c9fd7e18d0f6a4ac7,2019-02,Lancashire Constabulary,Lancashire Constabulary,-2.724116,53.646709,On or near Drapers Avenue,E01024966,Chorley 011E,Public order,Status update unavailable,
40eff7208981ac98c8056a31f107416ebb4ffc02c85c8cba34c35225786b4bae,2019-02,Lancashire Constabulary,Lancashire Constabulary,-2.720253,53.641960,On or near Lord Street,E01024966,Chorley 011E,Shoplifting,Status update unavailable,
287e306c9c100e88d668901956511127d2ef38192c7b4739e20c8f00edc8a939,2019-02,Lancashire Constabulary,Lancashire Constabulary,-2.721850,53.645105,On or near Middlewood Close,E01024966,Chorley 011E,Violence and sexual offences,Status update unavailable,
91a9828578e83683a901bb9081cafd8d59fe92978424f665000b5f7c099203d6,2019-02,Lancashire Constabulary,Lancashire Constabulary,-2.723445,53.642857,On or near Ince Lane,E01024966,Chorley 011E,Violence and sexual offences,Status update unavailable,
,2019-02,Lancashire Constabulary,Lancashire Constabulary,-2.643223,53.641410,On or near Crook Street,E01024942,Chorley 012A,Anti-social behaviour,,
,2019-02,Lancashire Constabulary,Lancashire Constabulary,-2.634567,53.640099,On or near St Gregory'S Place,E01024942,Chorley 012A,Anti-social behaviour,,
,2019-02,Lancashire Constabulary,Lancashire Constabulary,-2.638741,53.643079,On or near Yates Street,E01024942,Chorley 012A,Anti-social behaviour,,
,2019-02,Lancashire Constabulary,Lancashire Constabulary,-2.641346,53.642301,On or near Scawfell Road,E01024942,Chorley 012A,Anti-social behaviour,,
4d271733222b9c7c019e10c9aed61ef6d3940afad5cb2b861a7196c0bbaaba3b,2019-02,Lancashire Constabulary,Lancashire Constabulary,-2.641345,53.640216,On or near Hodder Avenue,E01024942,Chorley 012A,Burglary,Status update unavailable,
801badc5926077e81df7b775cabacb829f267e56b3df141c3baedb80ead672d4,2019-02,Lancashire Constabulary,Lancashire Constabulary,-2.641346,53.642301,On or near Scawfell Road,E01024942,Chorley 012A,Burglary,Status update unavailable,
4c1cf327cb62a27665b70ce5b1dd4de4e455f2dcc6fd19ee286e442581197359,2019-02,Lancashire Constabulary,Lancashire Constabulary,-2.639374,53.641898,On or near Bamber Street,E01024942,Chorley 012A,Other theft,Status update unavailable,
06774e2e41c3071732ea3ee8dd374996e6637c6a9493f04b5556a77f54d229d6,2019-02,Lancashire Constabulary,Lancashire Constabulary,-2.634567,53.640099,On or near St Gregory'S Place,E01024942,Chorley 012A,Other theft,Status update unavailable,
52b8564af36d3629f168a79565205ea1ccf7ec9a990fd1b0227fd6e10411f445,2019-02,Lancashire Constabulary,Lancashire Constabulary,-2.638741,53.643079,On or near Yates Street,E01024942,Chorley 012A,Public order,Status update unavailable,
6f6f1f0b2ec86ac89d8107eb3a5f5171dbcf15b93e82fb41c3651a6e03c4615f,2019-02,Lancashire Constabulary,Lancashire Constabulary,-2.642039,53.641093,On or near Supermarket,E01024942,Chorley 012A,Shoplifting,Status update unavailable,
38b58448e6072f6e98c8f31ca0851696a2e5cf9ba8f9b2f239bb2e61a4c47c61,2019-02,Lancashire Constabulary,Lancashire Constabulary,-2.639422,53.643120,On or near Derwent Road,E01024942,Chorley 012A,Vehicle crime,Status update unavailable,
28e72acdc704412719a018c58d4a05926370b8c9103d2080bdf66bcc38109846,2019-02,Lancashire Constabulary,Lancashire Constabulary,-2.638741,53.643079,On or near Yates Street,E01024942,Chorley 012A,Vehicle crime,Awaiting court outcome,
03925e9efa61fabf9d8b8ed25d3aae8dcb7da733e539471b567bf4e4ab3d14e2,2019-02,Lancashire Constabulary,Lancashire Constabulary,-2.639422,53.643120,On or near Derwent Road,E01024942,Chorley 012A,Vehicle crime,Status update unavailable,
aa719ba23c43986e51a0887ba7f45336bd2347c792e728dcaa323d1d401b661b,2019-02,Lancashire Constabulary,Lancashire Constabulary,-2.637313,53.642709,On or near Claremont Road,E01024942,Chorley 012A,Vehicle crime,Status update unavailable,
6334082d67e7af4786d826ab17c8be998c15830ba0e8f4033340dd4f01224ec3,2019-02,Lancashire Constabulary,Lancashire Constabulary,-2.643132,53.642399,On or near Troutbeck Road,E01024942,Chorley 012A,Violence and sexual offences,Unable to prosecute suspect,
52434ac9ffc7502963bd7a64def113a9d6b4792bf62217c50b795a5174830e10,2019-02,Lancashire Constabulary,Lancashire Constabulary,-2.634567,53.640099,On or near St Gregory'S Place,E01024942,Chorley 012A,Violence and sexual offences,Unable to prosecute suspect,
d89d9e2779d3da29c0be2e4b29a131351c1032dc10ad310f82c56f2791aefdc8,2019-02,Lancashire Constabulary,Lancashire Constabulary,-2.642095,53.640796,On or near Moor Road,E01024942,Chorley 012A,Violence and sexual offences,Unable to prosecute suspect,
81bcc4fbb9b0f4f94480b4d3b50c74b253978ca30c13109a8be37c9523b244bd,2019-02,Lancashire Constabulary,Lancashire Constabulary,-2.634567,53.640099,On or near St Gregory'S Place,E01024942,Chorley 012A,Violence and sexual offences,Unable to prosecute suspect,
32628178a53c01ca87ca55cc16268e8dfab137dc83c0bfc403ac5b84edbbf41b,2019-02,Lancashire Constabulary,Lancashire Constabulary,-2.642095,53.640796,On or near Moor Road,E01024942,Chorley 012A,Violence and sexual offences,Unable to prosecute suspect,
324dde7df41ef93fdeab6b7e5024622607dcf7ff2574df340c681d532ca6b031,2019-02,Lancashire Constabulary,Lancashire Constabulary,-2.640548,53.641568,On or near Taylor Street,E01024942,Chorley 012A,Violence and sexual offences,Status update unavailable,
a278a071b5be39df6cb286b52c83f18101fc5c0672a426a192abec8c0c357390,2019-02,Lancashire Constabulary,Lancashire Constabulary,-2.638741,53.643079,On or near Yates Street,E01024942,Chorley 012A,Violence and sexual offences,Further investigation is not in the public interest,
0560cf38b69ece6cfd86129a877d175524fd9cdb93d040b757abc1a41c5bfc29,2019-02,Lancashire Constabulary,Lancashire Constabulary,-2.634567,53.640099,On or near St Gregory'S Place,E01024942,Chorley 012A,Violence and sexual offences,Unable to prosecute suspect,
8dd18c2fa364fae060a3b59d1892de7b7272f95a21d28327e824d0598e07239c,2019-02,Lancashire Constabulary,Lancashire Constabulary,-2.634567,53.640099,On or near St Gregory'S Place,E01024942,Chorley 012A,Violence and sexual offences,Further investigation is not in the public interest,
8ad3e1bde6cd6795aa378ea83e4171a9e72f9343fd7de61086d37f74e7674130,2019-02,Lancashire Constabulary,Lancashire Constabulary,-2.640548,53.641568,On or near Taylor Street,E01024942,Chorley 012A,Violence and sexual offences,Unable to prosecute suspect,
a136dc938872a45bd53280ba3941f6bc948b473c5f5f0668e33859c885fc36d7,2019-02,Lancashire Constabulary,Lancashire Constabulary,-2.643132,53.642399,On or near Troutbeck Road,E01024942,Chorley 012A,Violence and sexual offences,Unable to prosecute suspect,
,2019-02,Lancashire Constabulary,Lancashire Constabulary,-2.646450,53.640763,On or near Liptrott Road,E01024943,Chorley 012B,Anti-social behaviour,,
,2019-02,Lancashire Constabulary,Lancashire Constabulary,-2.650601,53.643132,On or near Wallets Wood Court,E01024943,Chorley 012B,Anti-social behaviour,,
,2019-02,Lancashire Constabulary,Lancashire Constabulary,-2.643890,53.643483,On or near Buttermere Avenue,E01024943,Chorley 012B,Anti-social behaviour,,
,2019-02,Lancashire Constabulary,Lancashire Constabulary,-2.648208,53.641967,On or near Kingsley Drive,E01024943,Chorley 012B,Anti-social behaviour,,
,2019-02,Lancashire Constabulary,Lancashire Constabulary,-2.646129,53.639561,On or near Green Street,E01024943,Chorley 012B,Anti-social behaviour,,
,2019-02,Lancashire Constabulary,Lancashire Constabulary,-2.648208,53.641967,On or near Kingsley Drive,E01024943,Chorley 012B,Anti-social behaviour,,
,2019-02,Lancashire Constabulary,Lancashire Constabulary,-2.654210,53.642770,On or near Woodchat Court,E01024943,Chorley 012B,Anti-social behaviour,,
,2019-02,Lancashire Constabulary,Lancashire Constabulary,-2.648208,53.641967,On or near Kingsley Drive,E01024943,Chorley 012B,Anti-social behaviour,,
ffd1fbef66ce64cce4b538237d070c941195e77237b8a58b8184590c24c8f866,2019-02,Lancashire Constabulary,Lancashire Constabulary,-2.651077,53.636756,On or near Coppull Road,E01024943,Chorley 012B,Criminal damage and arson,Status update unavailable,
38c99c430284b86c52a0e82d0ea3748a33362317a92d014365187af7c543353d,2019-02,Lancashire Constabulary,Lancashire Constabulary,-2.651077,53.636756,On or near Coppull Road,E01024943,Chorley 012B,Drugs,Awaiting court outcome,
92b1dd2e71708b8ef1c71583edeed16de8d086de87f4f3495bf8f99d17e524fd,2019-02,Lancashire Constabulary,Lancashire Constabulary,-2.647653,53.642249,On or near Lawnwood Avenue,E01024943,Chorley 012B,Other theft,Status update unavailable,
bc0598cafbe36986a911074e8ecebd3c51eaa52faa62a33685e92bb5662c4693,2019-02,Lancashire Constabulary,Lancashire Constabulary,-2.646697,53.642074,On or near Longfield Manor,E01024943,Chorley 012B,Vehicle crime,Status update unavailable,
d542007917760ff905702bfd7e4f6bbfa5424ece8f2cf982fe921ec22d7d629d,2019-02,Lancashire Constabulary,Lancashire Constabulary,-2.644740,53.639712,On or near Swords Cross Close,E01024943,Chorley 012B,Vehicle crime,Status update unavailable,
f1ccbfea5158e673937ed50d712eac6d2c933b4eab8dad2014ff4d81a950c556,2019-02,Lancashire Constabulary,Lancashire Constabulary,-2.647650,53.641107,On or near Harestone Avenue,E01024943,Chorley 012B,Violence and sexual offences,Awaiting court outcome,
1730adf854dede615bfca5a2cde9eb84980fcbcf6700d36d1dfdd141814ee517,2019-02,Lancashire Constabulary,Lancashire Constabulary,-2.647190,53.639708,On or near Brancker Street,E01024943,Chorley 012B,Violence and sexual offences,Unable to prosecute suspect,
e16812e27a047b38fa4f57d2c88b2974cc477ec86dee2a6362eed82d2024d9f3,2019-02,Lancashire Constabulary,Lancashire Constabulary,-2.643890,53.643483,On or near Buttermere Avenue,E01024943,Chorley 012B,Violence and sexual offences,Unable to prosecute suspect,
9ff8933d2c756e616456f7e4769d71cfe1d9c95824da3f0e9c705665a04bd563,2019-02,Lancashire Constabulary,Lancashire Constabulary,-2.647650,53.641107,On or near Harestone Avenue,E01024943,Chorley 012B,Violence and sexual offences,Awaiting court outcome,
c8e206d27d778d82d278f7ab0b314870cea13c89dfae90a54aee07963d5e02d3,2019-02,Lancashire Constabulary,Lancashire Constabulary,-2.650601,53.643132,On or near Wallets Wood Court,E01024943,Chorley 012B,Violence and sexual offences,Status update unavailable,
0ccdb298e172c1465d83fa8082fda0c75e1858ccf7584aa424715326f82ec9e0,2019-02,Lancashire Constabulary,Lancashire Constabulary,-2.650601,53.643132,On or near Wallets Wood Court,E01024943,Chorley 012B,Violence and sexual offences,Unable to prosecute suspect,
e62f4a640d180056c36138cef4669dbd74f86e4a26c9d0db112c438a291e4be7,2019-02,Lancashire Constabulary,Lancashire Constabulary,-2.646073,53.642779,On or near Lakeland Gardens,E01024943,Chorley 012B,Violence and sexual offences,Unable to prosecute suspect,
c821a786bd079c2180d3a685589d4d12eb7d0e54e286d0fc784f68ec2782691b,2019-02,Lancashire Constabulary,Lancashire Constabulary,-2.646450,53.640763,On or near Liptrott Road,E01024943,Chorley 012B,Violence and sexual offences,Unable to prosecute suspect,
cc45f17bab7a3a36d70d990c6c62dac7cc1e4ff9e960931b71dd4e12e55306de,2019-02,Lancashire Constabulary,Lancashire Constabulary,-2.650601,53.643132,On or near Wallets Wood Court,E01024943,Chorley 012B,Other crime,Awaiting court outcome,
,2019-02,Lancashire Constabulary,Lancashire Constabulary,-2.637533,53.637198,On or near The Oaks,E01024944,Chorley 012C,Anti-social behaviour,,
,2019-02,Lancashire Constabulary,Lancashire Constabulary,-2.636357,53.631425,On or near Burgh Lane South,E01024944,Chorley 012C,Anti-social behaviour,,
6679a57c7cfac87126c337c66b08afa2789c5c589b120a23d53675d1c8717287,2019-02,Lancashire Constabulary,Lancashire Constabulary,-2.636357,53.631425,On or near Burgh Lane South,E01024944,Chorley 012C,Vehicle crime,Status update unavailable,
37c30094f206e965a69d3f6e1d65114a7f6e8a1383298829b22a41ba48a1097d,2019-02,Lancashire Constabulary,Lancashire Constabulary,-2.636357,53.631425,On or near Burgh Lane South,E01024944,Chorley 012C,Violence and sexual offences,Unable to prosecute suspect,
c963ac5990440aae9e0f778ae2e105984e15f06cb9a98aab6d0710dd2170d08f,2019-02,Lancashire Constabulary,Lancashire Constabulary,-2.636146,53.637484,On or near Burgh Meadows,E01024944,Chorley 012C,Violence and sexual offences,Status update unavailable,
c6a519117a14a666428f33ebf2b3edb05adc02668bb097dcd84fc9d87825ffa8,2019-02,Lancashire Constabulary,Lancashire Constabulary,-2.636970,53.638980,On or near Cottage Fields,E01024944,Chorley 012C,Violence and sexual offences,Status update unavailable,
,2019-02,Lancashire Constabulary,Lancashire Constabulary,-2.644805,53.645958,On or near Old Wood Close,E01024945,Chorley 012D,Anti-social behaviour,,
,2019-02,Lancashire Constabulary,Lancashire Constabulary,-2.640168,53.645399,On or near Pembroke Place,E01024945,Chorley 012D,Anti-social behaviour,,
,2019-02,Lancashire Constabulary,Lancashire Constabulary,-2.650627,53.645801,On or near Dean Wood Close,E01024945,Chorley 012D,Anti-social behaviour,,
,2019-02,Lancashire Constabulary,Lancashire Constabulary,-2.651300,53.644341,On or near Keepers Wood Way,E01024945,Chorley 012D,Anti-social behaviour,,
fbdc94bc6d753b6402226879e95860889fbee7afe19f9836ec8449644f77c7cd,2019-02,Lancashire Constabulary,Lancashire Constabulary,-2.644805,53.645958,On or near Old Wood Close,E01024945,Chorley 012D,Public order,Unable to prosecute suspect,
1f8ff15bf3d85d5d90182535bbb13308180b8a8a482d4fdd40ef16490abf3126,2019-02,Lancashire Constabulary,Lancashire Constabulary,-2.641019,53.645691,On or near Collingwood Road,E01024945,Chorley 012D,Public order,Status update unavailable,
47c3f3d207968f2f49b94b4869ed41223a4af692a9cf816d8c717e8b95bb7299,2019-02,Lancashire Constabulary,Lancashire Constabulary,-2.635599,53.646358,On or near Coventry Street,E01024945,Chorley 012D,Vehicle crime,Status update unavailable,
7cf0d9247500700f516448a56dfa88cd31ca4098c8ac50e41b14744728330176,2019-02,Lancashire Constabulary,Lancashire Constabulary,-2.637409,53.645027,On or near Maud Street,E01024945,Chorley 012D,Vehicle crime,Status update unavailable,
377afba84e3b320a45114a808f4d1a60bb256ee0fa2c8613d19ecb4a3566f128,2019-02,Lancashire Constabulary,Lancashire Constabulary,-2.637051,53.645344,On or near Longworth Street,E01024945,Chorley 012D,Violence and sexual offences,Offender given community sentence,
6de017e6521832c931cda17169aba65897ce456d6df2aa02c49b0343f9969a4e,2019-02,Lancashire Constabulary,Lancashire Constabulary,-2.637449,53.643688,On or near Pall Mall,E01024945,Chorley 012D,Violence and sexual offences,Status update unavailable,
9c1f6483990e7dee89872f7de682c5f266238e4c1454f17e5cae32440d81f9f1,2019-02,Lancashire Constabulary,Lancashire Constabulary,-2.637449,53.643688,On or near Pall Mall,E01024945,Chorley 012D,Violence and sexual offences,Awaiting court outcome,
a9b2244534567c64c1d896f87500841a9aa0dba43fcd3e6ea3fb7da01f5b207b,2019-02,Lancashire Constabulary,Lancashire Constabulary,-2.651718,53.643953,On or near Bow Wood Close,E01024945,Chorley 012D,Violence and sexual offences,Formal action is not in the public interest,
db741f31e68cfb45d8e169cb16abcb867530416cd34007213844d74eedf054e9,2019-02,Lancashire Constabulary,Lancashire Constabulary,-2.651718,53.643953,On or near Bow Wood Close,E01024945,Chorley 012D,Violence and sexual offences,Unable to prosecute suspect,
08b19af4759a1e388f235ead8cb0181792d3f81247f6b89a67df7c839de18216,2019-02,Lancashire Constabulary,Lancashire Constabulary,-2.636713,53.647044,On or near Lichfield Road,E01024945,Chorley 012D,Violence and sexual offences,Status update unavailable,
096b6635e6b04b2b6d17b556f357dda917b35a4d8c00ebf48a5596e3926adee5,2019-02,Lancashire Constabulary,Lancashire Constabulary,-2.637729,53.647192,On or near Letchworth Walks,E01024945,Chorley 012D,Violence and sexual offences,Unable to prosecute suspect,
dafa44a06ed08489f0ceabc62978d8acfde81f4d2f074e076aed073ceb7964f0,2019-02,Lancashire Constabulary,Lancashire Constabulary,-2.637449,53.643688,On or near Pall Mall,E01024945,Chorley 012D,Violence and sexual offences,Awaiting court outcome,
9c13400f1efb54bc2ba437f1fe4d3a99f4748acfd96cc5b4dd8d0b90f72849b2,2019-02,Lancashire Constabulary,Lancashire Constabulary,-2.637941,53.644207,On or near Black Horse Street,E01024945,Chorley 012D,Other crime,Status update unavailable,
ce3354c474eea2c5747b1111a6b65487af9d073458b4883a44511fab75b9a31b,2019-02,Lancashire Constabulary,Lancashire Constabulary,-2.672197,53.620029,On or near Burwell Avenue,E01024922,Chorley 013A,Other theft,Status update unavailable,
21a62a4881e576dbcadf2d1501d309960b4413dde18b22cf38ffa2be62605871,2019-02,Lancashire Constabulary,Lancashire Constabulary,-2.673963,53.614186,On or near Preston Road,E01024922,Chorley 013A,Public order,Unable to prosecute suspect,
,2019-02,Lancashire Constabulary,Lancashire Constabulary,-2.662732,53.621915,On or near Cleveland Street,E01024959,Chorley 013B,Anti-social behaviour,,
,2019-02,Lancashire Constabulary,Lancashire Constabulary,-2.663166,53.621598,On or near Spendmore Lane,E01024959,Chorley 013B,Anti-social behaviour,,
,2019-02,Lancashire Constabulary,Lancashire Constabulary,-2.658832,53.619996,On or near Byron Crescent,E01024959,Chorley 013B,Anti-social behaviour,,
,2019-02,Lancashire Constabulary,Lancashire Constabulary,-2.654521,53.616936,On or near Church Fold,E01024959,Chorley 013B,Anti-social behaviour,,
,2019-02,Lancashire Constabulary,Lancashire Constabulary,-2.661955,53.622486,On or near Kimberley Street,E01024959,Chorley 013B,Anti-social behaviour,,
,2019-02,Lancashire Constabulary,Lancashire Constabulary,-2.654521,53.616936,On or near Church Fold,E01024959,Chorley 013B,Anti-social behaviour,,
,2019-02,Lancashire Constabulary,Lancashire Constabulary,-2.663935,53.623392,On or near Arcon Road,E01024959,Chorley 013B,Anti-social behaviour,,
,2019-02,Lancashire Constabulary,Lancashire Constabulary,-2.658494,53.618667,On or near Shelley Close,E01024959,Chorley 013B,Anti-social behaviour,,
,2019-02,Lancashire Constabulary,Lancashire Constabulary,-2.662645,53.623084,On or near Chapel Street,E01024959,Chorley 013B,Anti-social behaviour,,
a5d11f096785a09b9ce6cda87e47e7456cff574fe15be10042f036a0463d94d6,2019-02,Lancashire Constabulary,Lancashire Constabulary,-2.656054,53.620244,On or near Chapel Way,E01024959,Chorley 013B,Other theft,Unable to prosecute suspect,
79e5ffb3d23f7e89ff57bee243256c2417b3de70ab110e840ae78890dcbab389,2019-02,Lancashire Constabulary,Lancashire Constabulary,-2.663166,53.621598,On or near Spendmore Lane,E01024959,Chorley 013B,Public order,Awaiting court outcome,
0545ad94150221767909f1c9e6866a8bcbb43e72b20b7727f7625c1c93d56850,2019-02,Lancashire Constabulary,Lancashire Constabulary,-2.663166,53.621598,On or near Spendmore Lane,E01024959,Chorley 013B,Public order,Awaiting court outcome,
47e5c5edd1dc4a2acb9ca940912d6a88958266261c7e0a0a6d8692e46631f594,2019-02,Lancashire Constabulary,Lancashire Constabulary,-2.663166,53.621598,On or near Spendmore Lane,E01024959,Chorley 013B,Public order,Awaiting court outcome,
6caa36ef0adf6622bfc4f73c006b037de24f3980d695bfe631877fadb25bed96,2019-02,Lancashire Constabulary,Lancashire Constabulary,-2.658494,53.618667,On or near Shelley Close,E01024959,Chorley 013B,Public order,Status update unavailable,
ee97df66ed5358f0d6b948fbf29e3314314ed7fd7c569dfe2c54393e81489ed4,2019-02,Lancashire Constabulary,Lancashire Constabulary,-2.659827,53.621734,On or near South Road,E01024959,Chorley 013B,Violence and sexual offences,Unable to prosecute suspect,
4241b4b275b9f7d8036f2b23c76e4ce6f2278ad248c275b80d4da1249b483425,2019-02,Lancashire Constabulary,Lancashire Constabulary,-2.662645,53.623084,On or near Chapel Street,E01024959,Chorley 013B,Violence and sexual offences,Unable to prosecute suspect,
9e8d7d726ea4335f2a8ea33667a6e62fe66a73c7c30f00f9547fda9f96dc0939,2019-02,Lancashire Constabulary,Lancashire Constabulary,-2.658832,53.619996,On or near Byron Crescent,E01024959,Chorley 013B,Violence and sexual offences,Unable to prosecute suspect,
c713746601bfdbbe2faa9f159f3858286a704b5f3760ab68bdf05fc1002a6de1,2019-02,Lancashire Constabulary,Lancashire Constabulary,-2.656054,53.620244,On or near Chapel Way,E01024959,Chorley 013B,Violence and sexual offences,Status update unavailable,
63ded2d02c097b95ce306b89d2987e2f1f39e960825b6db9f8bbe74d5ea01231,2019-02,Lancashire Constabulary,Lancashire Constabulary,-2.658832,53.619996,On or near Byron Crescent,E01024959,Chorley 013B,Violence and sexual offences,Status update unavailable,
7b6137306f9d0191da9d7f819e2ad0ebff588ca4c95bb7a3a009e5544240dd3c,2019-02,Lancashire Constabulary,Lancashire Constabulary,-2.654521,53.616936,On or near Church Fold,E01024959,Chorley 013B,Violence and sexual offences,Unable to prosecute suspect,
,2019-02,Lancashire Constabulary,Lancashire Constabulary,-2.656251,53.627111,On or near B5251,E01024960,Chorley 013C,Anti-social behaviour,,
,2019-02,Lancashire Constabulary,Lancashire Constabulary,-2.663596,53.624913,On or near Mavis Drive,E01024960,Chorley 013C,Anti-social behaviour,,
,2019-02,Lancashire Constabulary,Lancashire Constabulary,-2.656251,53.627111,On or near B5251,E01024960,Chorley 013C,Anti-social behaviour,,
,2019-02,Lancashire Constabulary,Lancashire Constabulary,-2.656948,53.627179,On or near The Brambles,E01024960,Chorley 013C,Anti-social behaviour,,
,2019-02,Lancashire Constabulary,Lancashire Constabulary,-2.658005,53.624162,On or near Alder Grove,E01024960,Chorley 013C,Anti-social behaviour,,
86c9d6efaa7d2bbd750980131f7c98f553f7935a56a859d3e7f2679afa017f73,2019-02,Lancashire Constabulary,Lancashire Constabulary,-2.661120,53.625133,On or near Mill Lane,E01024960,Chorley 013C,Criminal damage and arson,Awaiting court outcome,
7b6ec7305f3250571aa7ef222354b9009eea0b94454503ca7f72f5fd5adf4280,2019-02,Lancashire Constabulary,Lancashire Constabulary,-2.658005,53.624162,On or near Alder Grove,E01024960,Chorley 013C,Public order,Status update unavailable,
cead859daf0aa4378f864c3efd5b75d062901db8e61941c14ae2d5e0412e8918,2019-02,Lancashire Constabulary,Lancashire Constabulary,-2.654355,53.627696,On or near Longworth Avenue,E01024960,Chorley 013C,Vehicle crime,Status update unavailable,
4208dfdf79864459024eedb994875585f8f806cd350e43d5c996fcf71fb48e0f,2019-02,Lancashire Constabulary,Lancashire Constabulary,-2.655276,53.628599,On or near Holt Avenue,E01024960,Chorley 013C,Violence and sexual offences,Further investigation is not in the public interest,
514bfeae12dacbd6b283503cb6e44a8c41f07598d9f52b79642096df2a768ecb,2019-02,Lancashire Constabulary,Lancashire Constabulary,-2.661668,53.626353,On or near Park/Open Space,E01024960,Chorley 013C,Violence and sexual offences,Unable to prosecute suspect,
43343af6a49380d51adeaa39a104e69348e47ac184a54e2a37ef7e43205ede46,2019-02,Lancashire Constabulary,Lancashire Constabulary,-2.655276,53.628599,On or near Holt Avenue,E01024960,Chorley 013C,Violence and sexual offences,Further investigation is not in the public interest,
d1731285232585d0563496c94b861c0567851569fe93257b6402a028e9925ed0,2019-02,Lancashire Constabulary,Lancashire Constabulary,-2.664766,53.624313,On or near Moss Lane,E01024960,Chorley 013C,Violence and sexual offences,Status update unavailable,
04f80bab039520ce4c2de84194ef7a77dbb64ccacb791ccacf7f4adef0539f5d,2019-02,Lancashire Constabulary,Lancashire Constabulary,-2.659750,53.627496,On or near Longfield Avenue,E01024960,Chorley 013C,Violence and sexual offences,Unable to prosecute suspect,
791bf441cf4a3f792d1d1f6f00aa3ef833ed9112378c41b5e8678d2c066a865b,2019-02,Lancashire Constabulary,Lancashire Constabulary,-2.658005,53.624162,On or near Alder Grove,E01024960,Chorley 013C,Violence and sexual offences,Status update unavailable,
aeabcda4027b8c6a8a26de6c05633bc8e8f09b6dabed9161391d80adc50872ed,2019-02,Lancashire Constabulary,Lancashire Constabulary,-2.659750,53.627496,On or near Longfield Avenue,E01024960,Chorley 013C,Other crime,Status update unavailable,
,2019-02,Lancashire Constabulary,Lancashire Constabulary,-2.661923,53.620464,On or near Ash Road,E01024961,Chorley 013D,Anti-social behaviour,,
,2019-02,Lancashire Constabulary,Lancashire Constabulary,-2.664479,53.621438,On or near Spendmore Lane,E01024961,Chorley 013D,Anti-social behaviour,,
,2019-02,Lancashire Constabulary,Lancashire Constabulary,-2.665783,53.621692,On or near John Street,E01024961,Chorley 013D,Anti-social behaviour,,
,2019-02,Lancashire Constabulary,Lancashire Constabulary,-2.665783,53.621692,On or near John Street,E01024961,Chorley 013D,Anti-social behaviour,,
38e890ea4053500b0ab297fc6279e48232623a756a14ead3167cfa4d3893caa9,2019-02,Lancashire Constabulary,Lancashire Constabulary,-2.665979,53.620702,On or near James Place,E01024961,Chorley 013D,Criminal damage and arson,Status update unavailable,
c48c41891bd6df166fb89612bead742fb20ec2d37ee7426ee35bf33ff38497ad,2019-02,Lancashire Constabulary,Lancashire Constabulary,-2.664479,53.621438,On or near Spendmore Lane,E01024961,Chorley 013D,Criminal damage and arson,Status update unavailable,
68b8a652d9ed29be82b3358ea7f32a8da46374903675bef66a02a3b409e7ba41,2019-02,Lancashire Constabulary,Lancashire Constabulary,-2.664232,53.618249,On or near Blainscough Road,E01024961,Chorley 013D,Other theft,Status update unavailable,
ffc124c201b99646a793e9d613a20a0dcbe9a6ced512dea9151dab50a6fd117e,2019-02,Lancashire Constabulary,Lancashire Constabulary,-2.664174,53.622285,On or near Bentham Street,E01024961,Chorley 013D,Other theft,Status update unavailable,
b1704910736c5a21c125fc5e642ee77f37f94652d287a0b7de75837132482487,2019-02,Lancashire Constabulary,Lancashire Constabulary,-2.664174,53.622285,On or near Bentham Street,E01024961,Chorley 013D,Other theft,Unable to prosecute suspect,
a859a73e4382231020d070f5f86075a39d17c86daf7af7b92f492aedb66bd828,2019-02,Lancashire Constabulary,Lancashire Constabulary,-2.664479,53.621438,On or near Spendmore Lane,E01024961,Chorley 013D,Public order,Status update unavailable,
afd4f25593813b5649f671c64785505ca8aa2b659eca29d436a298ea177086ee,2019-02,Lancashire Constabulary,Lancashire Constabulary,-2.664174,53.622285,On or near Bentham Street,E01024961,Chorley 013D,Violence and sexual offences,Awaiting court outcome,
c19530360c3274db92d0f7a252c9476807dc041c0db2ec87b92986ea526384e9,2019-02,Lancashire Constabulary,Lancashire Constabulary,-2.664174,53.622285,On or near Bentham Street,E01024961,Chorley 013D,Violence and sexual offences,Unable to prosecute suspect,
,2019-02,Lancashire Constabulary,Lancashire Constabulary,-2.658058,53.628521,On or near Clancut Lane,E01024962,Chorley 013E,Anti-social behaviour,,
1fe8d9f5dd2449333a7d93b34f3aaa896f4207ec6c45424823a091171bf8394b,2019-02,Lancashire Constabulary,Lancashire Constabulary,-2.652653,53.624182,On or near Chancery Close,E01024962,Chorley 013E,Vehicle crime,Status update unavailable,
352083a42a4d630b34e851a299863da558d87cbc97e8a455179b500df8a8a758,2019-02,Lancashire Constabulary,Lancashire Constabulary,-2.655804,53.626529,On or near The Chestnuts,E01024962,Chorley 013E,Vehicle crime,Status update unavailable,
454ee98ee7e90a10764fb1b9df36daf7e6c029cda280cffdada5feccd51d4371,2019-02,Lancashire Constabulary,Lancashire Constabulary,-2.650472,53.625938,On or near Sunny Brow,E01024962,Chorley 013E,Violence and sexual offences,Status update unavailable,
dc28227921f4fba386d338d28b9486582590a307ccbd06e6dfc7ed8c26d4eb4b,2019-02,Lancashire Constabulary,Lancashire Constabulary,-2.650472,53.625938,On or near Sunny Brow,E01024962,Chorley 013E,Violence and sexual offences,Status update unavailable,
,2019-02,Lancashire Constabulary,Lancashire Constabulary,-2.597422,53.616768,On or near Peel Street,E01024915,Chorley 014A,Anti-social behaviour,,
,2019-02,Lancashire Constabulary,Lancashire Constabulary,-2.603551,53.619379,On or near The Avenue,E01024915,Chorley 014A,Anti-social behaviour,,
,2019-02,Lancashire Constabulary,Lancashire Constabulary,-2.592548,53.615237,On or near Rothwell Road,E01024915,Chorley 014A,Anti-social behaviour,,
,2019-02,Lancashire Constabulary,Lancashire Constabulary,-2.600665,53.619466,On or near Chorley Road,E01024915,Chorley 014A,Anti-social behaviour,,
de36f9cb3cc7366c2ff2c125d80f286b7bd8eb3726717eddd912e0523ba1f12f,2019-02,Lancashire Constabulary,Lancashire Constabulary,-2.603551,53.619379,On or near The Avenue,E01024915,Chorley 014A,Criminal damage and arson,Status update unavailable,
882410c61078697e837f94a221987cca21bf9c37fbe89adf0e9609786638cf78,2019-02,Lancashire Constabulary,Lancashire Constabulary,-2.592548,53.615237,On or near Rothwell Road,E01024915,Chorley 014A,Other theft,Status update unavailable,
21847999b41b0df5ae37a01b05306c8349e3b677fcf3c204ccf07c5ee000d4be,2019-02,Lancashire Constabulary,Lancashire Constabulary,-2.603458,53.618130,On or near Chester Place,E01024915,Chorley 014A,Other theft,Status update unavailable,
af54a5df83837b82b1b1371ef35b91ac3743a12a581418392551772a75987a92,2019-02,Lancashire Constabulary,Lancashire Constabulary,-2.597657,53.617342,On or near Chorley Road,E01024915,Chorley 014A,Public order,Further investigation is not in the public interest,
946025313d2e2690e0d37180a54761ab8a10845d485b566329d8b91ac7952c40,2019-02,Lancashire Constabulary,Lancashire Constabulary,-2.598876,53.616949,On or near High Lea,E01024915,Chorley 014A,Vehicle crime,Status update unavailable,
fd8a9a91c7c79c287519afe9b12152016b44b6651d107488d9ef4a1f82a318b4,2019-02,Lancashire Constabulary,Lancashire Constabulary,-2.594606,53.615415,On or near Melling Close,E01024915,Chorley 014A,Violence and sexual offences,Unable to prosecute suspect,
92656ea9efcba12243168f1b62e5a9c1f9b2b91233a515df90415c6b4983243d,2019-02,Lancashire Constabulary,Lancashire Constabulary,-2.592548,53.615237,On or near Rothwell Road,E01024915,Chorley 014A,Violence and sexual offences,Unable to prosecute suspect,
517ce8f25f62b96f75f472099a4f3ca8b35b12eb98f332f947b472985bbb46f9,2019-02,Lancashire Constabulary,Lancashire Constabulary,-2.606946,53.619955,On or near Byre View,E01024915,Chorley 014A,Violence and sexual offences,Status update unavailable,
e5a156060ceeecc4907a9c663d83a50ac6fb574d1ac375ff1afcf4e287d7454c,2019-02,Lancashire Constabulary,Lancashire Constabulary,-2.598385,53.613239,On or near Abbey Grove,E01024915,Chorley 014A,Violence and sexual offences,Unable to prosecute suspect,
9155e5e11bed1018f1c676f5120a6bee32c4beccb6402a0e96b3b92f93ae6564,2019-02,Lancashire Constabulary,Lancashire Constabulary,-2.597016,53.614810,On or near Belmont Road,E01024915,Chorley 014A,Violence and sexual offences,Status update unavailable,
2c41f9b6237e1965979610c3d9277c682c0867eeac08944b8469fc05e8cf84ef,2019-02,Lancashire Constabulary,Lancashire Constabulary,-2.597016,53.614810,On or near Belmont Road,E01024915,Chorley 014A,Violence and sexual offences,Unable to prosecute suspect,
a11ee7b061011ca847f635d70b0b189231f92a7429c2420dd9adc89f872dd3c1,2019-02,Lancashire Constabulary,Lancashire Constabulary,-2.597657,53.617342,On or near Chorley Road,E01024915,Chorley 014A,Violence and sexual offences,Status update unavailable,
f3daec7b8d441c5a559ecec7feb843a4a693bae066d7a8030ad5fd49628b43a1,2019-02,Lancashire Constabulary,Lancashire Constabulary,-2.602712,53.619878,On or near York Place,E01024915,Chorley 014A,Violence and sexual offences,Local resolution,
9830c06e78a77d52b6582702ccc3bfa9019da0e033a82cac6286a5f0ee6b7fad,2019-02,Lancashire Constabulary,Lancashire Constabulary,-2.601800,53.620584,On or near Nightingale Street,E01024915,Chorley 014A,Other crime,Status update unavailable,
e32351b4176f608d6a4f4046580900c1fe1c0f5ec9fa8e7365b7474d068cf945,2019-02,Lancashire Constabulary,Lancashire Constabulary,-2.608477,53.617116,On or near Westhoughton Road,E01024916,Chorley 014B,Drugs,Status update unavailable,
a32e968b96040feabd8b90c55cac2ff9cf94967862777dff1784b1280688bdda,2019-02,Lancashire Constabulary,Lancashire Constabulary,-2.615593,53.609512,On or near Balmoral,E01024916,Chorley 014B,Vehicle crime,Status update unavailable,
7b73a9313b0695b0b7f259c78e613d1f0f89c22a313a36b00e08e3d14e00dd79,2019-02,Lancashire Constabulary,Lancashire Constabulary,-2.616038,53.610013,On or near Castle House Lane,E01024916,Chorley 014B,Vehicle crime,Further investigation is not in the public interest,
d1ae974da6ba60b0cc782caa7d419464cd265ea5721c03276a3c96f32bc30d86,2019-02,Lancashire Constabulary,Lancashire Constabulary,-2.598883,53.615322,On or near Granville Street,E01024916,Chorley 014B,Violence and sexual offences,Unable to prosecute suspect,
,2019-02,Lancashire Constabulary,Lancashire Constabulary,-2.605200,53.607830,On or near Outterside Street,E01024917,Chorley 014C,Anti-social behaviour,,
,2019-02,Lancashire Constabulary,Lancashire Constabulary,-2.605468,53.608584,On or near Harrison Road,E01024917,Chorley 014C,Anti-social behaviour,,
,2019-02,Lancashire Constabulary,Lancashire Constabulary,-2.600859,53.609685,On or near Huyton Road,E01024917,Chorley 014C,Anti-social behaviour,,
,2019-02,Lancashire Constabulary,Lancashire Constabulary,-2.605432,53.608161,On or near Atherton Street,E01024917,Chorley 014C,Anti-social behaviour,,
a1ac606304ecef9c36ff8da773f71809ba7eaeac0406598c9c23bb1ad2eabb37,2019-02,Lancashire Constabulary,Lancashire Constabulary,-2.603413,53.613906,On or near Grove Avenue,E01024917,Chorley 014C,Criminal damage and arson,Status update unavailable,
132e3550c6bb1ea8a9d16d293d4c1eb5bce1f36293b779a0b9e5bf94c741d2d8,2019-02,Lancashire Constabulary,Lancashire Constabulary,-2.604960,53.612164,On or near Supermarket,E01024917,Chorley 014C,Other theft,Status update unavailable,
20fa82e20fe6b48b560391591d35d262028788b1c88f56b1801a5c488a9818fb,2019-02,Lancashire Constabulary,Lancashire Constabulary,-2.604960,53.612164,On or near Supermarket,E01024917,Chorley 014C,Shoplifting,Status update unavailable,
633adcf25ee507257cfda4c1a9ed30d6c4734db00ac059f3ef5366b7ce379669,2019-02,Lancashire Constabulary,Lancashire Constabulary,-2.612797,53.610578,On or near Acresfield,E01024917,Chorley 014C,Violence and sexual offences,Unable to prosecute suspect,
fe5d1a10f0057bc87f7c6164783e995bbab80b7a30e687eba1b4601f699c2bc9,2019-02,Lancashire Constabulary,Lancashire Constabulary,-2.604960,53.612164,On or near Supermarket,E01024917,Chorley 014C,Violence and sexual offences,Unable to prosecute suspect,
35fb13c524c98159d4cd93e465de3df6dbce3dcac99a24fdb276b442b874544f,2019-02,Lancashire Constabulary,Lancashire Constabulary,-2.605432,53.608161,On or near Atherton Street,E01024917,Chorley 014C,Violence and sexual offences,Further investigation is not in the public interest,
b66da13175b1b8b3d44d5ebce5755a31fb8389cb9531d0933bc50661ad91bb86,2019-02,Lancashire Constabulary,Lancashire Constabulary,-2.613058,53.611880,On or near Sandy Lane,E01024917,Chorley 014C,Violence and sexual offences,Status update unavailable,
ed6a9d48a4e6ac7e1dedde6a9693a7fd0ae9c534d17d43df2f86dd8861d35f68,2019-02,Lancashire Constabulary,Lancashire Constabulary,-2.605468,53.608584,On or near Harrison Road,E01024917,Chorley 014C,Violence and sexual offences,Unable to prosecute suspect,
462bba0a09e98dabc575813004b1e047badbe0c702161dddd513e6845fbbb9a2,2019-02,Lancashire Constabulary,Lancashire Constabulary,-2.604960,53.612164,On or near Supermarket,E01024917,Chorley 014C,Violence and sexual offences,Status update unavailable,
,2019-02,Lancashire Constabulary,Lancashire Constabulary,-2.594472,53.619838,On or near Fielding Place,E01024918,Chorley 014D,Anti-social behaviour,,
,2019-02,Lancashire Constabulary,Lancashire Constabulary,-2.572131,53.600011,On or near Parking Area,E01024918,Chorley 014D,Anti-social behaviour,,
29435b3f33029193580a759476fc7ac8748d0944fd6b28cd971a3a7e1cf131b2,2019-02,Lancashire Constabulary,Lancashire Constabulary,-2.573549,53.597541,On or near Anderton Lane,E01024918,Chorley 014D,Other theft,Status update unavailable,
cc27f4897ca5236be74d6869e68f818ef8d67161893ee87cebc726d785989a29,2019-02,Lancashire Constabulary,Lancashire Constabulary,-2.573549,53.597541,On or near Anderton Lane,E01024918,Chorley 014D,Other theft,Status update unavailable,
e79a2bdf243ba12170d2b55ce0b7d9f8294ffb229952181970b4df19081b92dd,2019-02,Lancashire Constabulary,Lancashire Constabulary,-2.576784,53.611008,On or near Bolton Road,E01024918,Chorley 014D,Other theft,Status update unavailable,
ed23634ccf8d088e04730d07a3ac77da96c3c87e768b63f0c289bc4f3dbb4541,2019-02,Lancashire Constabulary,Lancashire Constabulary,-2.573549,53.597541,On or near Anderton Lane,E01024918,Chorley 014D,Other theft,Status update unavailable,
06e597287c89f38a180a22f3b6a3094cc8c7ce342671ccd01364a2a78949e307,2019-02,Lancashire Constabulary,Lancashire Constabulary,-2.573549,53.597541,On or near Anderton Lane,E01024918,Chorley 014D,Other theft,Status update unavailable,
a30663af18baf0ce91b573f95e72f8bb54998a999087ae677556152901c5f31c,2019-02,Lancashire Constabulary,Lancashire Constabulary,-2.572392,53.599192,On or near Petrol Station,E01024918,Chorley 014D,Other theft,Formal action is not in the public interest,
35dd0f06ec82891d5add810de278d0f16bb227fa1fb426d9a49ce133061b06ba,2019-02,Lancashire Constabulary,Lancashire Constabulary,-2.573549,53.597541,On or near Anderton Lane,E01024918,Chorley 014D,Shoplifting,Status update unavailable,
7fb21f1b648d956be83584453d81a215ead3e67d03b94629325a1f3af00b71b1,2019-02,Lancashire Constabulary,Lancashire Constabulary,-2.573549,53.597541,On or near Anderton Lane,E01024918,Chorley 014D,Vehicle crime,Status update unavailable,
40122a2d9369618b5ca6f4c5e796782f83e9a0fdb7cd58e678e78ba2d0bdca81,2019-02,Lancashire Constabulary,Lancashire Constabulary,-2.592721,53.620000,On or near Greenhalgh Lane,E01024918,Chorley 014D,Vehicle crime,Status update unavailable,
f2f8a774c0735c8258635e194b70f0449a67c601852b3b693d1c71e65f5c98c8,2019-02,Lancashire Constabulary,Lancashire Constabulary,-2.594472,53.619838,On or near Fielding Place,E01024918,Chorley 014D,Violence and sexual offences,Unable to prosecute suspect,
744f89a584ac6f99af1d62608b8b3b11e935725fd6ceec204d54ef36bc4e0415,2019-02,Lancashire Constabulary,Lancashire Constabulary,-2.594472,53.619838,On or near Fielding Place,E01024918,Chorley 014D,Violence and sexual offences,Status update unavailable,
20b6b1b2a3c68dce3e39bf4456f6fb7ce2635ce392a6b489aaa9927adb8b143f,2019-02,Lancashire Constabulary,Lancashire Constabulary,-2.595338,53.619034,On or near Princess Road,E01024918,Chorley 014D,Other crime,Status update unavailable,
,2019-02,Lancashire Constabulary,Lancashire Constabulary,-2.606647,53.643381,On or near Sports/Recreation Area,E01024973,Chorley 014E,Anti-social behaviour,,
,2019-02,Lancashire Constabulary,Lancashire Constabulary,-2.593035,53.620843,On or near Factory Lane,E01024973,Chorley 014E,Anti-social behaviour,,
,2019-02,Lancashire Constabulary,Lancashire Constabulary,-2.607671,53.627295,On or near The Green,E01024973,Chorley 014E,Anti-social behaviour,,
9fd20d583ee44faa846ed7ca8040999cb4b91bae6bc5ced6cabc48bdc1a47a3e,2019-02,Lancashire Constabulary,Lancashire Constabulary,-2.584579,53.624894,On or near New Road,E01024973,Chorley 014E,Burglary,Status update unavailable,
064745796a6516873d89aac772d2cabcd7d8360e565db9a5aee8cd395380c5b8,2019-02,Lancashire Constabulary,Lancashire Constabulary,-2.592702,53.629465,On or near Slack'S Lane,E01024973,Chorley 014E,Other theft,Status update unavailable,
a1d60c101feec98d495e18db77156adcf2541a21e6c5bc99f6cee2bd03d4fd6e,2019-02,Lancashire Constabulary,Lancashire Constabulary,-2.553610,53.610740,On or near Parking Area,E01024973,Chorley 014E,Vehicle crime,Status update unavailable,
60d1a29d86a6ca0f0d2a0eda1f6bab497360bb6883d8ab6dcd3f6ca3a01006ee,2019-02,Lancashire Constabulary,Lancashire Constabulary,-2.553610,53.610740,On or near Parking Area,E01024973,Chorley 014E,Violence and sexual offences,Further investigation is not in the public interest,
60e58282a5031fddf5a1c5966ac464a47875451d1051725680ef92fd51612c35,2019-02,Lancashire Constabulary,Lancashire Constabulary,-2.553610,53.610740,On or near Parking Area,E01024973,Chorley 014E,Other crime,Further investigation is not in the public interest,
8bfda84a4d11bab069202c9348b8b1337bc917854127a07911360dd47c964f0e,2019-02,Lancashire Constabulary,Lancashire Constabulary,-2.553610,53.610740,On or near Parking Area,E01024973,Chorley 014E,Other crime,Status update unavailable,
7923d80b5f7701b09e0fc1eaf31e1d04ef64e66b76f6fd3e8bff263b60fa1fd9,2019-02,Lancashire Constabulary,Lancashire Constabulary,-2.536806,54.121523,On or near Hillside Road,E01027558,Craven 001A,Violence and sexual offences,Status update unavailable,
,2019-02,Lancashire Constabulary,Lancashire Constabulary,-2.879064,53.838867,On or near Linden Fold,E01024993,Fylde 001A,Anti-social behaviour,,
,2019-02,Lancashire Constabulary,Lancashire Constabulary,-2.880134,53.836253,On or near Sycamore Close,E01024993,Fylde 001A,Anti-social behaviour,,
fb2e0d617e4de6eca1490b2d4f15c26c457568f8e7c446cae2d1e36c9564868e,2019-02,Lancashire Constabulary,Lancashire Constabulary,-2.881759,53.860078,On or near Cartford Close,E01024993,Fylde 001A,Other theft,Status update unavailable,
db0bd463d4999439abc677e2eeb7521f8507917d39a25a425d0b9065bae51255,2019-02,Lancashire Constabulary,Lancashire Constabulary,-2.878800,53.837152,On or near Leys Close,E01024993,Fylde 001A,Other theft,Status update unavailable,
f09e6fd2b5141a43862fbba1d76ad81a853e3fdddb723a33e11fb0adb44895c2,2019-02,Lancashire Constabulary,Lancashire Constabulary,-2.882030,53.856346,On or near Blackpool Old Road,E01024993,Fylde 001A,Violence and sexual offences,Local resolution,
25e85a4bc9afce8a705f49ad19be683b83292c7274e86406fc32d1af6d82135b,2019-02,Lancashire Constabulary,Lancashire Constabulary,-2.882030,53.856346,On or near Blackpool Old Road,E01024993,Fylde 001A,Violence and sexual offences,Local resolution,
538a78ead2545b607f96beb2f03c4c62aaa0df7ddb55b09ba9b3398ef12a4370,2019-02,Lancashire Constabulary,Lancashire Constabulary,-2.879877,53.856613,On or near The Orchard,E01024993,Fylde 001A,Violence and sexual offences,Status update unavailable,
042f7fbbcfdad1337c0dd4ca02fb650f52235f1059fa55a4783dc7b6fdf4f75d,2019-02,Lancashire Constabulary,Lancashire Constabulary,-2.886429,53.837887,On or near West View,E01024993,Fylde 001A,Violence and sexual offences,Status update unavailable,
ede1dcd15f744420444a7fc6d30fefe32cb11a3f0b7d797ee60628381130a434,2019-02,Lancashire Constabulary,Lancashire Constabulary,-2.879756,53.839240,On or near Ash Road,E01024993,Fylde 001A,Violence and sexual offences,Status update unavailable,
,2019-02,Lancashire Constabulary,Lancashire Constabulary,-2.941921,53.836898,On or near Station Road,E01025026,Fylde 001B,Anti-social behaviour,,
,2019-02,Lancashire Constabulary,Lancashire Constabulary,-2.947341,53.849448,On or near Honeypot Lane,E01025026,Fylde 001B,Anti-social behaviour,,
621752d9efc4496522e9a18563d61c819b4a636f8e4c67b227ccb9875fe60f24,2019-02,Lancashire Constabulary,Lancashire Constabulary,-2.978253,53.856984,On or near Petrol Station,E01025026,Fylde 001B,Burglary,Status update unavailable,
b9d43b3a52a7d5e3b28df0d21ce2df5b34b678aca2fd9330db4134b54c52b713,2019-02,Lancashire Constabulary,Lancashire Constabulary,-2.895413,53.815907,On or near Petrol Station,E01025026,Fylde 001B,Burglary,Status update unavailable,
30d672d7183718f7df731eec3b1daceea98d9fb102b57363c069304066f1f479,2019-02,Lancashire Constabulary,Lancashire Constabulary,-2.895413,53.815907,On or near Petrol Station,E01025026,Fylde 001B,Burglary,Status update unavailable,
20d3769e5b7154eba5c0cddb0fa52867a48fdb7e10b3e6db185da761cb26cf79,2019-02,Lancashire Constabulary,Lancashire Constabulary,-2.927959,53.851505,On or near Sports/Recreation Area,E01025026,Fylde 001B,Criminal damage and arson,Status update unavailable,
1ddc0b43b1d25bcbfd38b31d7e3c17d4dc2863edfa102d9d3f540803ca37085f,2019-02,Lancashire Constabulary,Lancashire Constabulary,-2.895413,53.815907,On or near Petrol Station,E01025026,Fylde 001B,Other theft,Status update unavailable,
cff1cb5bb3b0d7f6aeadfca98926cd615596df71edb47b4134b91bb578e1cbba,2019-02,Lancashire Constabulary,Lancashire Constabulary,-2.888814,53.806959,On or near A585,E01025026,Fylde 001B,Other theft,Status update unavailable,
0d63dbc021af6ccbf03cfccf447d13558aad2838654bd363788d7efb9a0105ce,2019-02,Lancashire Constabulary,Lancashire Constabulary,-2.895413,53.815907,On or near Petrol Station,E01025026,Fylde 001B,Other theft,Unable to prosecute suspect,
51cd3a1be76fb08950ad0c3bd8010c9dbb56e00230bf789831248400109e2791,2019-02,Lancashire Constabulary,Lancashire Constabulary,-2.895413,53.815907,On or near Petrol Station,E01025026,Fylde 001B,Other theft,Status update unavailable,
79d6f5725c2412ab6c9b0cab82355d22e0c9d1f902693471715646f84854db58,2019-02,Lancashire Constabulary,Lancashire Constabulary,-2.895413,53.815907,On or near Petrol Station,E01025026,Fylde 001B,Other theft,Status update unavailable,
9a377680dd61e831a3e808f22566a991dce27a20fb0a640b6213d7feabf4af3a,2019-02,Lancashire Constabulary,Lancashire Constabulary,-2.949756,53.848009,On or near Petrol Station,E01025026,Fylde 001B,Other theft,Status update unavailable,
290976dc0dbfeb11424eabe22d2045bf13f64340d5efd3e45d65aa511319daaa,2019-02,Lancashire Constabulary,Lancashire Constabulary,-2.947341,53.849448,On or near Honeypot Lane,E01025026,Fylde 001B,Other theft,Unable to prosecute suspect,
291e28378ff177906400d611370eac0d13ea0da51a8008d7269e921db879c21e,2019-02,Lancashire Constabulary,Lancashire Constabulary,-2.888814,53.806959,On or near A585,E01025026,Fylde 001B,Public order,Status update unavailable,
776a09a801a1ce0001c7d1f64942a9e6743f2badf743beb2c86a3afb46929876,2019-02,Lancashire Constabulary,Lancashire Constabulary,-2.888814,53.806959,On or near A585,E01025026,Fylde 001B,Public order,Further investigation is not in the public interest,
9743d9bc068d96ec8e5eade0b22d1fa4459516dc9c07aa04f979b427af9e6517,2019-02,Lancashire Constabulary,Lancashire Constabulary,-2.947341,53.849448,On or near Honeypot Lane,E01025026,Fylde 001B,Violence and sexual offences,Offender given community sentence,
7e37c171fcf4a60b1e1884f8a532b4c6485a90da5fbd311b7788314a8be5c211,2019-02,Lancashire Constabulary,Lancashire Constabulary,-2.941921,53.836898,On or near Station Road,E01025026,Fylde 001B,Violence and sexual offences,Status update unavailable,
0eb7cf41b39925c79bccc58ae0b60040ece76afb9697c695e5fa5d91df9ac04b,2019-02,Lancashire Constabulary,Lancashire Constabulary,-2.949522,53.849107,On or near Occupation Lane,E01025026,Fylde 001B,Violence and sexual offences,Unable to prosecute suspect,
e43b7a43c02922c2af727cd5e69c73623b196eb266491ac2ecc788f10b7c3165,2019-02,Lancashire Constabulary,Lancashire Constabulary,-2.888814,53.806959,On or near A585,E01025026,Fylde 001B,Other crime,Status update unavailable,
,2019-02,Lancashire Constabulary,Lancashire Constabulary,-2.923870,53.799719,On or near Weeton Road,E01025027,Fylde 001C,Anti-social behaviour,,
,2019-02,Lancashire Constabulary,Lancashire Constabulary,-2.937784,53.803395,On or near Knowsley Crescent,E01025027,Fylde 001C,Anti-social behaviour,,
,2019-02,Lancashire Constabulary,Lancashire Constabulary,-3.002868,53.824548,On or near Palatine Close,E01025027,Fylde 001C,Anti-social behaviour,,
,2019-02,Lancashire Constabulary,Lancashire Constabulary,-2.941196,53.821498,On or near Henderson Road,E01025027,Fylde 001C,Anti-social behaviour,,
76f757c9c525d05a9b5a4b5883f1e00db1ec847ad30ae12fd9c563df4ec8abeb,2019-02,Lancashire Constabulary,Lancashire Constabulary,-2.937784,53.803395,On or near Knowsley Crescent,E01025027,Fylde 001C,Violence and sexual offences,Status update unavailable,
499b931acea4b9d2b0e61df68d4e1c9df091008ce634fef77c732ecd3ec15e45,2019-02,Lancashire Constabulary,Lancashire Constabulary,-2.940105,53.822972,On or near Sutton Street,E01025027,Fylde 001C,Violence and sexual offences,Formal action is not in the public interest,
75549fa0ed3fb04f8d89123dba69827a9ab51459a98a95761e5478e825cdb1eb,2019-02,Lancashire Constabulary,Lancashire Constabulary,-3.002868,53.824548,On or near Palatine Close,E01025027,Fylde 001C,Violence and sexual offences,Unable to prosecute suspect,
3be86771b19984b7cbaee9db569da993de74b18f6673025247d99bea465d87f6,2019-02,Lancashire Constabulary,Lancashire Constabulary,-3.006941,53.824640,On or near Chaffinch Court,E01025027,Fylde 001C,Violence and sexual offences,Status update unavailable,
6612af65ed781e079ac377e1c103c168cc0942e6508dabe649b511c293f6212a,2019-02,Lancashire Constabulary,Lancashire Constabulary,-2.987048,53.818541,On or near Bleasdale Avenue,E01025028,Fylde 001D,Burglary,Unable to prosecute suspect,
78e352036f50a26684855f3a9c30496ce39eef4b815f39d4592cbd1a5376272f,2019-02,Lancashire Constabulary,Lancashire Constabulary,-2.987011,53.816321,On or near Bibby Drive,E01025028,Fylde 001D,Violence and sexual offences,Status update unavailable,
90cc32cc7cd46e7ac927e3eb32d1d3bd3abf0a8de7c9ef060c76da3733efe0b7,2019-02,Lancashire Constabulary,Lancashire Constabulary,-2.993450,53.816906,On or near Maclaren Close,E01025028,Fylde 001D,Violence and sexual offences,Unable to prosecute suspect,
a8689cae749a87d0748cc8403d90e0717118f1364695470336b248a6d84cf445,2019-02,Lancashire Constabulary,Lancashire Constabulary,-2.988767,53.818643,On or near Summerville Avenue,E01025028,Fylde 001D,Violence and sexual offences,Status update unavailable,
0c364d01e17969ae4ac7e0ee31bb0eefa79b0900bb90c5c0ab66619489476816,2019-02,Lancashire Constabulary,Lancashire Constabulary,-2.988767,53.818643,On or near Summerville Avenue,E01025028,Fylde 001D,Violence and sexual offences,Status update unavailable,
0929621b251699f9ebc185dafa07928ee56e6beca6c2c2ad002c15a7c4475a6e,2019-02,Lancashire Constabulary,Lancashire Constabulary,-2.987248,53.820570,On or near Windmill Close,E01025028,Fylde 001D,Other crime,Offender given a caution,
,2019-02,Lancashire Constabulary,Lancashire Constabulary,-2.990927,53.786555,On or near Cropper Close,E01025031,Fylde 001E,Anti-social behaviour,,
ebeb01cba713800f343ef8236cc51a59bfb7bac2b8f8e9c3504c694125fa4867,2019-02,Lancashire Constabulary,Lancashire Constabulary,-3.004050,53.790131,On or near Dickie'S Lane,E01025031,Fylde 001E,Burglary,Status update unavailable,
0fb37641b806548346c213cdc42bfd78a631144a37474365ba7c5b4e78a4f2e3,2019-02,Lancashire Constabulary,Lancashire Constabulary,-3.004050,53.790131,On or near Dickie'S Lane,E01025031,Fylde 001E,Other theft,Status update unavailable,
93f5727babad9b5586b1ffa3991b1527e9502b1d5760942841d68335e5c4fe0b,2019-02,Lancashire Constabulary,Lancashire Constabulary,-2.982742,53.792249,On or near Peel Hill,E01025031,Fylde 001E,Vehicle crime,Status update unavailable,
,2019-02,Lancashire Constabulary,Lancashire Constabulary,-2.897570,53.783237,On or near Blackpool Road,E01025007,Fylde 002A,Anti-social behaviour,,
,2019-02,Lancashire Constabulary,Lancashire Constabulary,-2.897570,53.783237,On or near Blackpool Road,E01025007,Fylde 002A,Anti-social behaviour,,
f31c840ee5e91470a9f0e40603f350dc38759290a219d9a0056e71c9f315d652,2019-02,Lancashire Constabulary,Lancashire Constabulary,-2.881732,53.782123,On or near Mayfield Avenue,E01025007,Fylde 002A,Burglary,Status update unavailable,
7c651383f0a66aa8d95d195b4aaa4f0b8a96479a00e530d9da4b33dab418399d,2019-02,Lancashire Constabulary,Lancashire Constabulary,-2.890380,53.784153,On or near Regency Close,E01025007,Fylde 002A,Other theft,Unable to prosecute suspect,
b441498e90ce1de7efd51269641363d20a4b3f5a688f77499f2a960656bf3fe6,2019-02,Lancashire Constabulary,Lancashire Constabulary,-2.881107,53.782694,On or near Mellor Road,E01025007,Fylde 002A,Vehicle crime,Status update unavailable,
6ea8dd59cd35dd7f6cdaa4666ff9f69d4384136b45f17f17c1392d65412d2e82,2019-02,Lancashire Constabulary,Lancashire Constabulary,-2.897570,53.783237,On or near Blackpool Road,E01025007,Fylde 002A,Vehicle crime,Status update unavailable,
7e48faef4af947643f918eb05c6fe21297ac1419d5d1929ac50120b27df1ef80,2019-02,Lancashire Constabulary,Lancashire Constabulary,-2.882306,53.782694,On or near North View,E01025007,Fylde 002A,Vehicle crime,Status update unavailable,
73f3519b91e287912eea8b1948813673c9ab19b178c7ba37b43d68144f14189d,2019-02,Lancashire Constabulary,Lancashire Constabulary,-2.897570,53.783237,On or near Blackpool Road,E01025007,Fylde 002A,Vehicle crime,Status update unavailable,
fa147dff34fc8123c8f0d7ac8432f8023fe6be3b42d8c5aa29c086a2cfbe2719,2019-02,Lancashire Constabulary,Lancashire Constabulary,-2.892569,53.782887,On or near Long Meadow,E01025007,Fylde 002A,Violence and sexual offences,Unable to prosecute suspect,
24fba6782f7bc2ff6c11f57daef32131d62f7d9f7e20bb4f2ddb4fc047ed75b0,2019-02,Lancashire Constabulary,Lancashire Constabulary,-2.863413,53.782085,On or near Hillside Avenue,E01025008,Fylde 002B,Vehicle crime,Status update unavailable,
71499df4282988984af6f3b4b7f38eaf6b39db145ff2b3d2584650517dff521e,2019-02,Lancashire Constabulary,Lancashire Constabulary,-2.863413,53.782085,On or near Hillside Avenue,E01025008,Fylde 002B,Vehicle crime,Status update unavailable,
,2019-02,Lancashire Constabulary,Lancashire Constabulary,-2.875989,53.782542,On or near Supermarket,E01025009,Fylde 002C,Anti-social behaviour,,
,2019-02,Lancashire Constabulary,Lancashire Constabulary,-2.871655,53.782871,On or near Supermarket,E01025009,Fylde 002C,Anti-social behaviour,,
,2019-02,Lancashire Constabulary,Lancashire Constabulary,-2.884929,53.785461,On or near Marquis Street,E01025009,Fylde 002C,Anti-social behaviour,,
,2019-02,Lancashire Constabulary,Lancashire Constabulary,-2.875989,53.782542,On or near Supermarket,E01025009,Fylde 002C,Anti-social behaviour,,
,2019-02,Lancashire Constabulary,Lancashire Constabulary,-2.883847,53.785262,On or near Dyer Street,E01025009,Fylde 002C,Anti-social behaviour,,
b084d89d328e1affb72707b9c0e05176a61119f607726dff0b1865f3717eef92,2019-02,Lancashire Constabulary,Lancashire Constabulary,-2.872852,53.782754,On or near Birley Street,E01025009,Fylde 002C,Burglary,Status update unavailable,
b16761cd6bf6754ad157c0355d51d1418adcb94141e84901bcd087353211af58,2019-02,Lancashire Constabulary,Lancashire Constabulary,-2.871655,53.782871,On or near Supermarket,E01025009,Fylde 002C,Burglary,Status update unavailable,
973330f22693d6963727bc17fa00c21e56c0356004a2559307d94fb902dc3542,2019-02,Lancashire Constabulary,Lancashire Constabulary,-2.875989,53.782542,On or near Supermarket,E01025009,Fylde 002C,Other theft,Status update unavailable,
f3f4033dc164f628ac5adb3518fb114c4ab4ce25d7cfac92ce94f0b90092737f,2019-02,Lancashire Constabulary,Lancashire Constabulary,-2.875989,53.782542,On or near Supermarket,E01025009,Fylde 002C,Other theft,Status update unavailable,
07eefd223dbbcb4b34f57073e816c049da0210f11886475258e7fd450939d0e5,2019-02,Lancashire Constabulary,Lancashire Constabulary,-2.871655,53.782871,On or near Supermarket,E01025009,Fylde 002C,Shoplifting,Status update unavailable,
f52f30de99d820d2c39d6253258c6d35f6236569268b9430b6b71f2b271f9d7e,2019-02,Lancashire Constabulary,Lancashire Constabulary,-2.875989,53.782542,On or near Supermarket,E01025009,Fylde 002C,Shoplifting,Status update unavailable,
c7416e724edbef02b29aa1239fcd972d20f8d930cfcf11b9b83900449685164d,2019-02,Lancashire Constabulary,Lancashire Constabulary,-2.871655,53.782871,On or near Supermarket,E01025009,Fylde 002C,Violence and sexual offences,Unable to prosecute suspect,
8d150025f2f33a2c3d7ead168550e0481b44f7af23622ab9064c9a1d02d11235,2019-02,Lancashire Constabulary,Lancashire Constabulary,-2.868880,53.782235,On or near Hill Croft,E01025009,Fylde 002C,Violence and sexual offences,Status update unavailable,
9395f677d738de8fade4f3610de49552ad4e34cc16a293957675874ed3c5f87e,2019-02,Lancashire Constabulary,Lancashire Constabulary,-2.871655,53.782871,On or near Supermarket,E01025009,Fylde 002C,Violence and sexual offences,Unable to prosecute suspect,
,2019-02,Lancashire Constabulary,Lancashire Constabulary,-2.868877,53.782109,On or near Preston Street,E01025011,Fylde 002D,Anti-social behaviour,,
,2019-02,Lancashire Constabulary,Lancashire Constabulary,-2.870566,53.781575,On or near Police Station,E01025011,Fylde 002D,Anti-social behaviour,,
,2019-02,Lancashire Constabulary,Lancashire Constabulary,-2.874729,53.781806,On or near Union Passage,E01025011,Fylde 002D,Anti-social behaviour,,
,2019-02,Lancashire Constabulary,Lancashire Constabulary,-2.874209,53.781585,On or near Marsden Street,E01025011,Fylde 002D,Anti-social behaviour,,
,2019-02,Lancashire Constabulary,Lancashire Constabulary,-2.870298,53.780355,On or near Freckleton Street,E01025011,Fylde 002D,Anti-social behaviour,,
,2019-02,Lancashire Constabulary,Lancashire Constabulary,-2.874729,53.781806,On or near Union Passage,E01025011,Fylde 002D,Anti-social behaviour,,
9779c0026a2d7ca412369efb7463c9f5377ee71d7c115caa64f69b09f987848a,2019-02,Lancashire Constabulary,Lancashire Constabulary,-2.878704,53.781013,On or near Swarbrick Street,E01025011,Fylde 002D,Criminal damage and arson,Offender given a caution,
23f6144e97cf3494dfaee1d258cd6897d7899416af73c3a75d7a290194cc38ed,2019-02,Lancashire Constabulary,Lancashire Constabulary,-2.874729,53.781806,On or near Union Passage,E01025011,Fylde 002D,Criminal damage and arson,Status update unavailable,
7549e924be90a34062873d5d84fdd0677e632c730f3bded199ad33cd5052e964,2019-02,Lancashire Constabulary,Lancashire Constabulary,-2.876331,53.781470,On or near Parking Area,E01025011,Fylde 002D,Other theft,Status update unavailable,
fff301bdf9556ff7bf5bf176ea54c1d5cd21760662173b95d988a08620e68b12,2019-02,Lancashire Constabulary,Lancashire Constabulary,-2.873768,53.780806,On or near Lime Avenue,E01025011,Fylde 002D,Public order,Status update unavailable,
fe4588b61be6c8ae44e6ab2eaeee564275464cd3ddf0dc87202220b9dc2ae8e6,2019-02,Lancashire Constabulary,Lancashire Constabulary,-2.868877,53.782109,On or near Preston Street,E01025011,Fylde 002D,Public order,Offender given penalty notice,
eccf52fe63edc11d1c72769eb6cab84bd92d30d93e9474cb81602ed758dddbef,2019-02,Lancashire Constabulary,Lancashire Constabulary,-2.876331,53.781470,On or near Parking Area,E01025011,Fylde 002D,Public order,Status update unavailable,
feac5b4d34febca92e707c8c204835c0dd9259e2d3de2be3d6dbf68a99e68ff4,2019-02,Lancashire Constabulary,Lancashire Constabulary,-2.873979,53.782216,On or near Poulton Street,E01025011,Fylde 002D,Shoplifting,Status update unavailable,
19ed904cd023e51ba3277c10e1e2654c8c52ea9938179f5ddf08838ef09b38f4,2019-02,Lancashire Constabulary,Lancashire Constabulary,-2.873979,53.782216,On or near Poulton Street,E01025011,Fylde 002D,Shoplifting,Status update unavailable,
60d38b94dff384b15b9d415eacac4e4c68a643b9c2bb0237b7f587a4f1f9d5de,2019-02,Lancashire Constabulary,Lancashire Constabulary,-2.873979,53.782216,On or near Poulton Street,E01025011,Fylde 002D,Shoplifting,Status update unavailable,
e2401600735d64a7814ce1117beec5574185ab2d28a5f2484a7b66d54444b468,2019-02,Lancashire Constabulary,Lancashire Constabulary,-2.875047,53.781758,On or near Clegg Street,E01025011,Fylde 002D,Vehicle crime,Status update unavailable,
a7c637aed158a6030ef668d065e0b6707b70eb68d692635ab44a26c6f330ce47,2019-02,Lancashire Constabulary,Lancashire Constabulary,-2.870566,53.781575,On or near Police Station,E01025011,Fylde 002D,Violence and sexual offences,Unable to prosecute suspect,
1c0cd1d3463c7e7bd775fdc86e29f24d5946e72b85dfd556c972d72f6e49a857,2019-02,Lancashire Constabulary,Lancashire Constabulary,-2.873768,53.780806,On or near Lime Avenue,E01025011,Fylde 002D,Violence and sexual offences,Unable to prosecute suspect,
944aa2f131906168a65ff5d60b733b90c28954cf5ec6591bfe8a375683abd10b,2019-02,Lancashire Constabulary,Lancashire Constabulary,-2.878704,53.781013,On or near Swarbrick Street,E01025011,Fylde 002D,Violence and sexual offences,Unable to prosecute suspect,
9bc691332dff9c7094abc44ecf34274fbbf0eb4a4a6500463e3b31f3d9d73043,2019-02,Lancashire Constabulary,Lancashire Constabulary,-2.868877,53.782109,On or near Preston Street,E01025011,Fylde 002D,Violence and sexual offences,Status update unavailable,
5162e69725eb92c0afd3819337435936bf47b5872b0c70e1b625214fb227a22d,2019-02,Lancashire Constabulary,Lancashire Constabulary,-2.878704,53.781013,On or near Swarbrick Street,E01025011,Fylde 002D,Violence and sexual offences,Unable to prosecute suspect,
f24d37ddf05b1feb67148babdef201ebb58d954c304fef7dfbe80869ea226fb7,2019-02,Lancashire Constabulary,Lancashire Constabulary,-2.873768,53.780806,On or near Lime Avenue,E01025011,Fylde 002D,Violence and sexual offences,Status update unavailable,
b2847d9e1a0bf90f59204543d1ba732c05e680509c05a58dd9e5479660b936f0,2019-02,Lancashire Constabulary,Lancashire Constabulary,-2.879735,53.780978,On or near Ward Street,E01025011,Fylde 002D,Violence and sexual offences,Status update unavailable,
c691e5891d3212560e505862280b04691affb269a7768cf5f03cfd795a0c9b39,2019-02,Lancashire Constabulary,Lancashire Constabulary,-2.878579,53.781571,On or near Moor Street,E01025011,Fylde 002D,Violence and sexual offences,Status update unavailable,
803a38be2616d213d78924f2a314e97c579d3c8a672b7158df5ee5cbee2e5e6a,2019-02,Lancashire Constabulary,Lancashire Constabulary,-2.875617,53.780685,On or near Cedar Crescent,E01025011,Fylde 002D,Other crime,Status update unavailable,
,2019-02,Lancashire Constabulary,Lancashire Constabulary,-2.883266,53.790111,On or near Wesham Park Drive,E01025012,Fylde 002E,Anti-social behaviour,,
,2019-02,Lancashire Constabulary,Lancashire Constabulary,-2.884352,53.792665,On or near Chapel Close,E01025012,Fylde 002E,Anti-social behaviour,,
,2019-02,Lancashire Constabulary,Lancashire Constabulary,-2.888420,53.792635,On or near Queens Place,E01025012,Fylde 002E,Anti-social behaviour,,
,2019-02,Lancashire Constabulary,Lancashire Constabulary,-2.888420,53.792635,On or near Queens Place,E01025012,Fylde 002E,Anti-social behaviour,,
,2019-02,Lancashire Constabulary,Lancashire Constabulary,-2.891045,53.791869,On or near Meadow Way,E01025012,Fylde 002E,Anti-social behaviour,,
,2019-02,Lancashire Constabulary,Lancashire Constabulary,-2.888339,53.798172,On or near Fleetwood Road,E01025012,Fylde 002E,Anti-social behaviour,,
,2019-02,Lancashire Constabulary,Lancashire Constabulary,-2.887341,53.791178,On or near West View,E01025012,Fylde 002E,Anti-social behaviour,,
79e1e85f78def990b3f0a3da93a51d09bbaed5dbf3134c3421aa11271adae622,2019-02,Lancashire Constabulary,Lancashire Constabulary,-2.884352,53.792665,On or near Chapel Close,E01025012,Fylde 002E,Criminal damage and arson,Status update unavailable,
710d8f245956fe46524e3b2630861f433f1e5a315d2e94a369e29f8526315131,2019-02,Lancashire Constabulary,Lancashire Constabulary,-2.888339,53.798172,On or near Fleetwood Road,E01025012,Fylde 002E,Shoplifting,Status update unavailable,
44fd42f555534dad29a9b40a3b1556248095c5c22ee8896cb549a08eeb4c0889,2019-02,Lancashire Constabulary,Lancashire Constabulary,-2.887341,53.791178,On or near West View,E01025012,Fylde 002E,Violence and sexual offences,Defendant found not guilty,
1d7c3525b835fb711d4f4b51e164fe2c9e72f392aab5c03bbe13283382b32afd,2019-02,Lancashire Constabulary,Lancashire Constabulary,-2.885407,53.790877,On or near Church Walk,E01025012,Fylde 002E,Violence and sexual offences,Unable to prosecute suspect,
b9ea662e075dc595778b692a48cd7cc2e1ac771017b31f8be675c6e5a6479f3a,2019-02,Lancashire Constabulary,Lancashire Constabulary,-2.887341,53.791178,On or near West View,E01025012,Fylde 002E,Violence and sexual offences,Unable to prosecute suspect,
51213838149fa95ed7dadc5a65c2d757cf1b1aae4d38f26446a2af2d4abda2d0,2019-02,Lancashire Constabulary,Lancashire Constabulary,-2.888420,53.792635,On or near Queens Place,E01025012,Fylde 002E,Violence and sexual offences,Status update unavailable,
,2019-02,Lancashire Constabulary,Lancashire Constabulary,-2.885058,53.789433,On or near Wyre Street,E01025013,Fylde 002F,Anti-social behaviour,,
,2019-02,Lancashire Constabulary,Lancashire Constabulary,-2.880415,53.790240,On or near Alexandra Road,E01025013,Fylde 002F,Anti-social behaviour,,
,2019-02,Lancashire Constabulary,Lancashire Constabulary,-2.883865,53.788282,On or near Station Road,E01025013,Fylde 002F,Anti-social behaviour,,
d92874a520abe4efc6928d4075d5615bd2ca60d295be0c2c5a87527af339cc22,2019-02,Lancashire Constabulary,Lancashire Constabulary,-2.886486,53.789476,On or near Supermarket,E01025013,Fylde 002F,Burglary,Status update unavailable,
d9726a53424e0f16bb0287ce03ab92e3a60801ea8a4efe08eae06f653c28ad91,2019-02,Lancashire Constabulary,Lancashire Constabulary,-2.883812,53.789379,On or near Hornbeam Close,E01025013,Fylde 002F,Violence and sexual offences,Unable to prosecute suspect,
537a04fa15e0b6fe20fa88ea427cc7e319b8943429c2217563058a7bedb3f38e,2019-02,Lancashire Constabulary,Lancashire Constabulary,-2.878953,53.787824,On or near Mowbreck Court,E01025013,Fylde 002F,Violence and sexual offences,Unable to prosecute suspect,
7ce6e1c4e1a74caa0236762518e8c5cf1dad24878c60d58b2ccccc0b046e568f,2019-02,Lancashire Constabulary,Lancashire Constabulary,-2.879287,53.787821,On or near Hillview Road,E01025013,Fylde 002F,Violence and sexual offences,Unable to prosecute suspect,
2ab80cd8f06c4b41d0044b3dafa4a5bfe0f2a1e7ab317068c0fab9f1a31df6e5,2019-02,Lancashire Constabulary,Lancashire Constabulary,-2.878208,53.787766,On or near Wesham Hall Road,E01025013,Fylde 002F,Violence and sexual offences,Status update unavailable,
595400001271e5cec62c2af9fc6ad0c40e91aa8e072c047bfaaf25d52b696cdd,2019-02,Lancashire Constabulary,Lancashire Constabulary,-2.887145,53.789076,On or near Catherine Street,E01025013,Fylde 002F,Other crime,Status update unavailable,
,2019-02,Lancashire Constabulary,Lancashire Constabulary,-2.919969,53.774798,On or near Mccall Close,E01025019,Fylde 002G,Anti-social behaviour,,
,2019-02,Lancashire Constabulary,Lancashire Constabulary,-2.910024,53.776644,On or near Willow Drive,E01025019,Fylde 002G,Anti-social behaviour,,
86a952be6af7feb339bc28a2ed628e990a6c070f7fc1df3e0331c92b2e39580f,2019-02,Lancashire Constabulary,Lancashire Constabulary,-2.898275,53.778593,On or near Willow Chase,E01025019,Fylde 002G,Other theft,Status update unavailable,
d1869a201c6a42b563c561281491691b3ff94f9223de7afda76144ab5ca66f62,2019-02,Lancashire Constabulary,Lancashire Constabulary,-2.912518,53.774100,On or near Westbourne Avenue,E01025019,Fylde 002G,Other theft,Local resolution,
21a0aee106a53480108d07e7ce155d79c042db1e4a82376c5260815fb2573111,2019-02,Lancashire Constabulary,Lancashire Constabulary,-2.910024,53.776644,On or near Willow Drive,E01025019,Fylde 002G,Public order,Awaiting court outcome,
b1dc87327a08f67b6a7bcd3378711a2b21043eaff7daf2b00b896711aedf8343,2019-02,Lancashire Constabulary,Lancashire Constabulary,-2.895002,53.778106,On or near Oak Tree Drive,E01025019,Fylde 002G,Public order,Status update unavailable,
,2019-02,Lancashire Constabulary,Lancashire Constabulary,-2.872528,53.772276,On or near The Mede,E01024998,Fylde 003A,Anti-social behaviour,,
,2019-02,Lancashire Constabulary,Lancashire Constabulary,-2.869099,53.769344,On or near Hastings Road,E01024998,Fylde 003A,Anti-social behaviour,,
,2019-02,Lancashire Constabulary,Lancashire Constabulary,-2.868213,53.760218,On or near Strike Lane,E01024998,Fylde 003A,Anti-social behaviour,,
,2019-02,Lancashire Constabulary,Lancashire Constabulary,-2.871443,53.768221,On or near Tudor Drive,E01024998,Fylde 003A,Anti-social behaviour,,
c729828ad2135a376d24d603f700d72fa5ef742f0990acaa1f578f7fed916572,2019-02,Lancashire Constabulary,Lancashire Constabulary,-2.835214,53.758349,On or near Parking Area,E01024998,Fylde 003A,Other theft,Status update unavailable,
b421caa2f555703c3b0c47f1b60bd716548a7b1f6bd76f39ec8f3f373365ef30,2019-02,Lancashire Constabulary,Lancashire Constabulary,-2.835214,53.758349,On or near Parking Area,E01024998,Fylde 003A,Public order,Status update unavailable,
ca94f914d3b904046d79395cb190a8af066fdc2a91919b27ac802b475835a6d0,2019-02,Lancashire Constabulary,Lancashire Constabulary,-2.868679,53.768826,On or near York Drive,E01024998,Fylde 003A,Violence and sexual offences,Status update unavailable,
b216ab5009b05adbc843778a47439b40fd7cae3723a03bc2aa60eec7ea3bd6e0,2019-02,Lancashire Constabulary,Lancashire Constabulary,-2.872528,53.772276,On or near The Mede,E01024998,Fylde 003A,Violence and sexual offences,Status update unavailable,
81534cedab07b7762b51a927ab671bef427a3be8ee3924e2b179a9813b8d00dc,2019-02,Lancashire Constabulary,Lancashire Constabulary,-2.860079,53.756349,On or near Green Acres,E01024998,Fylde 003A,Other crime,Status update unavailable,
,2019-02,Lancashire Constabulary,Lancashire Constabulary,-2.866882,53.781009,On or near Carrwood Drive,E01025010,Fylde 003B,Anti-social behaviour,,
bbb838ffaff6755c6b98773a25a89dc934f6faa748c42c983298a38febefd7ca,2019-02,Lancashire Constabulary,Lancashire Constabulary,-2.882952,53.780199,On or near Park Road,E01025010,Fylde 003B,Other theft,Unable to prosecute suspect,
3cc5aa84ef43a826c2c555ee7f7da669fa6b729d85ff92a0a1359623f878678b,2019-02,Lancashire Constabulary,Lancashire Constabulary,-2.868937,53.779115,On or near Queen'S Crescent,E01025010,Fylde 003B,Violence and sexual offences,Status update unavailable,
9fb09ae261a6aa449669f266544549b7ff0f961e7490cb1f4d9b56c3fbbc914e,2019-02,Lancashire Constabulary,Lancashire Constabulary,-2.868937,53.779115,On or near Queen'S Crescent,E01025010,Fylde 003B,Violence and sexual offences,Further investigation is not in the public interest,
396123ca5ef1f0a50895cd52b1443e4678c72e20359ce26817c9b63372487028,2019-02,Lancashire Constabulary,Lancashire Constabulary,-2.866882,53.781009,On or near Carrwood Drive,E01025010,Fylde 003B,Violence and sexual offences,Further investigation is not in the public interest,
a2800519c8262f66e10d4299dd1e7b3a7d4281437f98e28f2e69a3db2bb8e012,2019-02,Lancashire Constabulary,Lancashire Constabulary,-2.866882,53.781009,On or near Carrwood Drive,E01025010,Fylde 003B,Violence and sexual offences,Further investigation is not in the public interest,
e581ec0feb8c90dcd20419a8d196fc6c66491a6886860d5af48cb385a3ba8f7b,2019-02,Lancashire Constabulary,Lancashire Constabulary,-2.868937,53.779115,On or near Queen'S Crescent,E01025010,Fylde 003B,Violence and sexual offences,Further investigation is not in the public interest,
9cafbff8d663ebba54045d27bba0262b8ce095db172381bb79d503c53c3dd42a,2019-02,Lancashire Constabulary,Lancashire Constabulary,-2.878278,53.778787,On or near Royal Troon Court,E01025010,Fylde 003B,Violence and sexual offences,Awaiting court outcome,
bb3da0f4f47d157603c83342aaa9620234f5b1910b7643b287abeca4a6a625c2,2019-02,Lancashire Constabulary,Lancashire Constabulary,-2.868937,53.779115,On or near Queen'S Crescent,E01025010,Fylde 003B,Violence and sexual offences,Formal action is not in the public interest,
c90a81042d1061cecf1770ed7a35fca09884f4845fc7a48bb5e6929d2a99350d,2019-02,Lancashire Constabulary,Lancashire Constabulary,-2.873234,53.774860,On or near Prison,E01025010,Fylde 003B,Other crime,Offender sent to prison,
b1c929d2b082b2c3fee27eb9fa05b61b1f29ece2eb6bfea83c27b140e559389a,2019-02,Lancashire Constabulary,Lancashire Constabulary,-2.839314,53.771507,On or near Lowfield Close,E01025015,Fylde 003D,Violence and sexual offences,Unable to prosecute suspect,
0c66ba110c3beb52232e694d9ad45591b07d7ff919defc09a5dc6e303e7d23ee,2019-02,Lancashire Constabulary,Lancashire Constabulary,-3.023330,53.765879,On or near Dawson Road,E01025004,Fylde 004A,Drugs,Status update unavailable,
fa728105c80f2d891f3505ed8f3df06f46567b44c2a27b6354ad7169b670315a,2019-02,Lancashire Constabulary,Lancashire Constabulary,-3.019394,53.765607,On or near Blackpool Road North,E01025004,Fylde 004A,Other theft,Status update unavailable,
d57901f86bb0184f779f0c65a64934839a3bdb895d8ca480a5fbbb752955daa0,2019-02,Lancashire Constabulary,Lancashire Constabulary,-3.022959,53.769334,On or near Cottam Close,E01025004,Fylde 004A,Other theft,Status update unavailable,
,2019-02,Lancashire Constabulary,Lancashire Constabulary,-3.019132,53.767919,On or near Coniston Avenue,E01025006,Fylde 004B,Anti-social behaviour,,
ffaffe09faf18f8d7080faee425e2116256ed2a73203e100bff22292343203d4,2019-02,Lancashire Constabulary,Lancashire Constabulary,-3.018421,53.766757,On or near Windermere Square,E01025006,Fylde 004B,Violence and sexual offences,Status update unavailable,
48e2b863c0486cd005ee2b53ff9e7ef63235b2025b03786e738226b70b1e7420,2019-02,Lancashire Constabulary,Lancashire Constabulary,-3.028970,53.763233,On or near Grasmere Road,E01025023,Fylde 004C,Burglary,Status update unavailable,
35f159bbc185b356b6f24a5a2b2398523b802f649a732d4748aadccba7cab176,2019-02,Lancashire Constabulary,Lancashire Constabulary,-3.027221,53.766196,On or near Rodney Avenue,E01025023,Fylde 004C,Violence and sexual offences,Status update unavailable,
,2019-02,Lancashire Constabulary,Lancashire Constabulary,-3.033376,53.777127,On or near Sir Frank Whittle Way,E01025024,Fylde 004D,Anti-social behaviour,,
,2019-02,Lancashire Constabulary,Lancashire Constabulary,-3.033634,53.779570,On or near Petrol Station,E01025024,Fylde 004D,Anti-social behaviour,,
,2019-02,Lancashire Constabulary,Lancashire Constabulary,-3.035396,53.779033,On or near Supermarket,E01025024,Fylde 004D,Anti-social behaviour,,
,2019-02,Lancashire Constabulary,Lancashire Constabulary,-3.033325,53.780606,On or near St Annes Road,E01025024,Fylde 004D,Anti-social behaviour,,
,2019-02,Lancashire Constabulary,Lancashire Constabulary,-3.035396,53.779033,On or near Supermarket,E01025024,Fylde 004D,Anti-social behaviour,,
,2019-02,Lancashire Constabulary,Lancashire Constabulary,-3.032852,53.778642,On or near Amy Johnson Way,E01025024,Fylde 004D,Anti-social behaviour,,
,2019-02,Lancashire Constabulary,Lancashire Constabulary,-3.046584,53.776743,On or near Westgate Road,E01025024,Fylde 004D,Anti-social behaviour,,
58babac712fcc5216b0a4b9b368b8564cce6ecf6f60f6f91d16ce4190f7538bf,2019-02,Lancashire Constabulary,Lancashire Constabulary,-3.035396,53.779033,On or near Supermarket,E01025024,Fylde 004D,Bicycle theft,Status update unavailable,
ecdea73288c68d4935f8010871716a8743d65bca56bc7aa250796feac9f0c184,2019-02,Lancashire Constabulary,Lancashire Constabulary,-3.035396,53.779033,On or near Supermarket,E01025024,Fylde 004D,Bicycle theft,Status update unavailable,
a779b640a714404853da36c099d37e36c39375392540ba41fedf523233eba82e,2019-02,Lancashire Constabulary,Lancashire Constabulary,-3.051948,53.776417,On or near New Road,E01025024,Fylde 004D,Burglary,Status update unavailable,
9c2c48c2f7eb5d58a23638070295fc6fdb46972b081c4d84bfad327b95b9d2c5,2019-02,Lancashire Constabulary,Lancashire Constabulary,-3.032852,53.778642,On or near Amy Johnson Way,E01025024,Fylde 004D,Burglary,Status update unavailable,
ae14f45767eecf942be0d4c540ce8b0ea8f9117164bae8a2778b4130acd92c8e,2019-02,Lancashire Constabulary,Lancashire Constabulary,-3.051948,53.776417,On or near New Road,E01025024,Fylde 004D,Burglary,Status update unavailable,
de6854d8e19afa4821b80b9a532786c383dab0bb64c2ff56d14548d643a743c8,2019-02,Lancashire Constabulary,Lancashire Constabulary,-3.035396,53.779033,On or near Supermarket,E01025024,Fylde 004D,Other theft,Investigation complete; no suspect identified,
9167bfaa5d6c1659ab136ee99e2129cd0c601bc838c22880650a85256f1b3314,2019-02,Lancashire Constabulary,Lancashire Constabulary,-3.035396,53.779033,On or near Supermarket,E01025024,Fylde 004D,Other theft,Status update unavailable,
5193a4fbba33c742f800e96ce7dcce0e17c16bcbe008ef868539570b97f1538e,2019-02,Lancashire Constabulary,Lancashire Constabulary,-3.035396,53.779033,On or near Supermarket,E01025024,Fylde 004D,Other theft,Awaiting court outcome,
93ff11acd54d6a6f75b5c3ce42caab3f98c41d4d24d7af90f9f5ab0954797509,2019-02,Lancashire Constabulary,Lancashire Constabulary,-3.035396,53.779033,On or near Supermarket,E01025024,Fylde 004D,Other theft,Status update unavailable,
5c98882f8f72db9e024ea0c8301b88b6fe36c1729d6f1452c890f6ab16955159,2019-02,Lancashire Constabulary,Lancashire Constabulary,-3.046584,53.776743,On or near Westgate Road,E01025024,Fylde 004D,Other theft,Status update unavailable,
210f2771ad9e9317ada4cd79140c7bc1e72f7dd5159991975b9d49d09881b9cc,2019-02,Lancashire Constabulary,Lancashire Constabulary,-3.043403,53.778793,On or near Squires Gate Lane,E01025024,Fylde 004D,Public order,Status update unavailable,
ed4aeebb4130770a6238b97313d970102ad021847e454ae695f4a2dc59582059,2019-02,Lancashire Constabulary,Lancashire Constabulary,-3.032852,53.778642,On or near Amy Johnson Way,E01025024,Fylde 004D,Shoplifting,Status update unavailable,
f367bc4ab3d979dc2eb52e5ebeb7af713ce75e9688cb8819ccf7606a3f0dfe6f,2019-02,Lancashire Constabulary,Lancashire Constabulary,-3.035396,53.779033,On or near Supermarket,E01025024,Fylde 004D,Shoplifting,Status update unavailable,
6d588ce3379ddf3ecc152aa6b166f493aa7329b2ff71e956b43178bb6f736e19,2019-02,Lancashire Constabulary,Lancashire Constabulary,-3.032852,53.778642,On or near Amy Johnson Way,E01025024,Fylde 004D,Shoplifting,Status update unavailable,
edcec669b921648a5d6a380dea44f348d1be88d14e94f398f6fee51c5eb857eb,2019-02,Lancashire Constabulary,Lancashire Constabulary,-3.035396,53.779033,On or near Supermarket,E01025024,Fylde 004D,Shoplifting,Awaiting court outcome,
f3b10b1cd91a4e5736e8952c7d6025b855b7b250a8952112d233a398f1ad3371,2019-02,Lancashire Constabulary,Lancashire Constabulary,-3.035396,53.779033,On or near Supermarket,E01025024,Fylde 004D,Shoplifting,Status update unavailable,
127a9550255e68afd014ed801e9c5a43fd183a81fec73a4707e932b0fcee2820,2019-02,Lancashire Constabulary,Lancashire Constabulary,-3.032852,53.778642,On or near Amy Johnson Way,E01025024,Fylde 004D,Shoplifting,Status update unavailable,
df336a979126b2741ab6cdd866ab6a34185aad88df1f4b1deba825638ee92d88,2019-02,Lancashire Constabulary,Lancashire Constabulary,-3.032852,53.778642,On or near Amy Johnson Way,E01025024,Fylde 004D,Shoplifting,Status update unavailable,
52cd9d021c8f2b77aefca67e0fc8eaaa741fa455d8459882b78491508c8376e8,2019-02,Lancashire Constabulary,Lancashire Constabulary,-3.032852,53.778642,On or near Amy Johnson Way,E01025024,Fylde 004D,Shoplifting,Status update unavailable,
a58907ec5a66c76de2751b4fd24abd27657e2fd53256cc79ba2b5e2788fdb0b0,2019-02,Lancashire Constabulary,Lancashire Constabulary,-3.034464,53.764588,On or near Jervis Close,E01025024,Fylde 004D,Vehicle crime,Status update unavailable,
,2019-02,Lancashire Constabulary,Lancashire Constabulary,-3.035487,53.758683,On or near Press Road,E01025025,Fylde 004E,Anti-social behaviour,,
,2019-02,Lancashire Constabulary,Lancashire Constabulary,-3.029676,53.761124,On or near Keswick Road,E01025025,Fylde 004E,Anti-social behaviour,,
,2019-02,Lancashire Constabulary,Lancashire Constabulary,-3.036764,53.760029,On or near St David'S Grove,E01025025,Fylde 004E,Anti-social behaviour,,
013dde632455328e27a8762fe37e433fc890e7e87ec384d8c31af57f1d396179,2019-02,Lancashire Constabulary,Lancashire Constabulary,-3.036685,53.760533,On or near St David'S Road North,E01025025,Fylde 004E,Criminal damage and arson,Status update unavailable,
1a9135c32026e9a757f354d2d4c92dbc1a1fd77f5a2d8e6bd3ce1d9cebfcab74,2019-02,Lancashire Constabulary,Lancashire Constabulary,-3.035487,53.758683,On or near Press Road,E01025025,Fylde 004E,Other theft,Local resolution,
66e6b19f0e7505e0f1428b55760cb3562fbef810e9b9cbd83373884ac912cd59,2019-02,Lancashire Constabulary,Lancashire Constabulary,-3.027935,53.761265,On or near Rydal Road,E01025025,Fylde 004E,Violence and sexual offences,Status update unavailable,
09df1e7367dd0e57073cf2ba14f247e5b5dcc2bb7c1b8e7e7000f7adda0bad46,2019-02,Lancashire Constabulary,Lancashire Constabulary,-3.034384,53.760715,On or near Myerscough Avenue,E01025025,Fylde 004E,Violence and sexual offences,Offender given a caution,
5558fd84a0da7c90fa5c0d3226e2dc799dc01c01cb07eb9dd6779d717c22c8dc,2019-02,Lancashire Constabulary,Lancashire Constabulary,-3.034384,53.760715,On or near Myerscough Avenue,E01025025,Fylde 004E,Violence and sexual offences,Offender given a caution,
465ac0c4c7e4476ac429a4b8498025051f9cd8536fe704e58035a29818878c8d,2019-02,Lancashire Constabulary,Lancashire Constabulary,-3.029676,53.761124,On or near Keswick Road,E01025025,Fylde 004E,Violence and sexual offences,Unable to prosecute suspect,
f574f29626d5be473db83ff2750f217aa8fccb036b8559fddbbc1d8940324a1b,2019-02,Lancashire Constabulary,Lancashire Constabulary,-3.032823,53.759533,On or near Condor Grove,E01025025,Fylde 004E,Violence and sexual offences,Unable to prosecute suspect,
9061e0f320e4538261e9263a6b495dc7b5647fd3dccb9279b24617b026ee3638,2019-02,Lancashire Constabulary,Lancashire Constabulary,-3.027935,53.761265,On or near Rydal Road,E01025025,Fylde 004E,Violence and sexual offences,Unable to prosecute suspect,
824e01486f1e8b039a4ee7db596700ac847af864ea11d4e350224e0a2cb1d829,2019-02,Lancashire Constabulary,Lancashire Constabulary,-3.012551,53.774393,On or near Division Lane,E01025001,Fylde 005A,Burglary,Status update unavailable,
21d1e8c45863b2f4ffd3b8f205db4f22b9f3e95bb9bc919a38f96242c86e1be9,2019-02,Lancashire Constabulary,Lancashire Constabulary,-3.004558,53.759288,On or near Thornton Avenue,E01025001,Fylde 005A,Burglary,Status update unavailable,
acf8912d95bb5900046db2aac57fceeec54062218ba7b5c1ab6f61ce52393c24,2019-02,Lancashire Constabulary,Lancashire Constabulary,-3.005241,53.753583,On or near Otley Road,E01025001,Fylde 005A,Burglary,Status update unavailable,
1699689fcdc992218a011c368fc8cddf7a41bc6f9e077eee9ac2546a60f9c8fb,2019-02,Lancashire Constabulary,Lancashire Constabulary,-3.003468,53.755549,On or near Nateby Close,E01025001,Fylde 005A,Burglary,Status update unavailable,
bd0a7cc05bbfead6ac575a2ac48167f50d1b968811190d33086c79d2fa590771,2019-02,Lancashire Constabulary,Lancashire Constabulary,-3.007905,53.759691,On or near Elmhurst Road,E01025001,Fylde 005A,Other theft,Status update unavailable,
6cbc6e284cb4fd0f056cff52cd8e7327d4e78c61884e36b816c970db140fe607,2019-02,Lancashire Constabulary,Lancashire Constabulary,-3.000826,53.755436,On or near Grassington Road,E01025001,Fylde 005A,Violence and sexual offences,Unable to prosecute suspect,
ce25096eabff9124b69e07baf9c24ed7f38e8fb835a8a6a2c2917347fdc4cf88,2019-02,Lancashire Constabulary,Lancashire Constabulary,-3.000826,53.755436,On or near Grassington Road,E01025001,Fylde 005A,Violence and sexual offences,Unable to prosecute suspect,
6f3323bab79386116938948962bd32fa3f0d99da1a94ac74649543e759822761,2019-02,Lancashire Constabulary,Lancashire Constabulary,-3.013108,53.754038,On or near Petrol Station,E01025002,Fylde 005B,Other theft,Status update unavailable,
304f4812b832bcf4fdad4ab9b5bdfb200d607709771c6c0a569b554dfe4dbda7,2019-02,Lancashire Constabulary,Lancashire Constabulary,-3.009257,53.753451,On or near Stratford Road,E01025002,Fylde 005B,Robbery,Status update unavailable,
60fedf6f133264245a24bbed6f6defec5f2ae98cb9380851e96ad5cdf2523bf3,2019-02,Lancashire Constabulary,Lancashire Constabulary,-3.010690,53.755677,On or near Shepherd Road,E01025002,Fylde 005B,Violence and sexual offences,Unable to prosecute suspect,
727ff8a1e780867b65c89ab461444f6f42341e7adfcc3f82ca71cc230bced6f5,2019-02,Lancashire Constabulary,Lancashire Constabulary,-3.017258,53.754417,On or near Holmefield Road,E01025002,Fylde 005B,Violence and sexual offences,Unable to prosecute suspect,
fbfd627e0859def64af64992a5303a3a351151428b3c8302bef5e534761ee123,2019-02,Lancashire Constabulary,Lancashire Constabulary,-3.010392,53.754007,On or near Moorland Road,E01025002,Fylde 005B,Violence and sexual offences,Unable to prosecute suspect,
d8597e3c8e7108d87ab9d708e1011d5371cb295da1d32fb383454ea056ff07ed,2019-02,Lancashire Constabulary,Lancashire Constabulary,-3.015350,53.755835,On or near Wyre Street,E01025002,Fylde 005B,Other crime,Formal action is not in the public interest,
,2019-02,Lancashire Constabulary,Lancashire Constabulary,-3.011736,53.765717,On or near Mellings Wood,E01025005,Fylde 005C,Anti-social behaviour,,
eb4f1ce834cb2c2ef9343a4d883d496abdf1fa3a2bbc716d4478f9b4a4f08bcd,2019-02,Lancashire Constabulary,Lancashire Constabulary,-3.014800,53.765718,On or near Meadowcroft,E01025005,Fylde 005C,Criminal damage and arson,Status update unavailable,
c660986a306292e38383e508009c700edb8ad0b6663da0c02ec8cb646acbf8ab,2019-02,Lancashire Constabulary,Lancashire Constabulary,-3.011736,53.765717,On or near Mellings Wood,E01025005,Fylde 005C,Violence and sexual offences,Awaiting court outcome,
458eb266314c2362b4c9d84e44781558cf9b6f472506716a608a975978506e05,2019-02,Lancashire Constabulary,Lancashire Constabulary,-3.015755,53.759409,On or near St Anne'S Road East,E01025005,Fylde 005C,Violence and sexual offences,Status update unavailable,
a6fb289411d98de16229faf20805a2eece21d641209d1a884dd68193e9b880ad,2019-02,Lancashire Constabulary,Lancashire Constabulary,-3.016747,53.765297,On or near Supermarket,E01025005,Fylde 005C,Violence and sexual offences,Status update unavailable,
,2019-02,Lancashire Constabulary,Lancashire Constabulary,-2.993482,53.756576,On or near North Houses Lane,E01025016,Fylde 005D,Anti-social behaviour,,
9276fdecfc2569c99f3e8ba36e624f58863289f83370f7c8fdb161ebfa77a504,2019-02,Lancashire Constabulary,Lancashire Constabulary,-2.997332,53.755833,On or near Ulverston Crescent,E01025018,Fylde 005E,Other theft,Status update unavailable,
a96804986108ebf9b49abf8ca314c262a456913f52555e8ad5e7678142f6c31d,2019-02,Lancashire Constabulary,Lancashire Constabulary,-3.039423,53.757768,On or near St Hilda'S Road,E01024984,Fylde 006A,Burglary,Status update unavailable,
16fdb76e4c48766d73530af01e68b0d298e82036336846a064ac4af398b0117d,2019-02,Lancashire Constabulary,Lancashire Constabulary,-3.029600,53.756756,On or near Sandhurst Avenue,E01024985,Fylde 006B,Violence and sexual offences,Unable to prosecute suspect,
e6900e565bd9e8aee1c3433c84f676d969bc23a0f4f571e3ed7de49a7e9c25b2,2019-02,Lancashire Constabulary,Lancashire Constabulary,-3.029600,53.756756,On or near Sandhurst Avenue,E01024985,Fylde 006B,Violence and sexual offences,Status update unavailable,
5d56a4bcae9abab02c8cdaf4fa1364e7056bb4cbd90b2d3b9e996ed4c897bddb,2019-02,Lancashire Constabulary,Lancashire Constabulary,-3.032399,53.758323,On or near Ryeheys Road,E01024985,Fylde 006B,Violence and sexual offences,Status update unavailable,
,2019-02,Lancashire Constabulary,Lancashire Constabulary,-3.029958,53.753400,On or near Supermarket,E01024986,Fylde 006C,Anti-social behaviour,,
,2019-02,Lancashire Constabulary,Lancashire Constabulary,-3.025865,53.754730,On or near Parking Area,E01024986,Fylde 006C,Anti-social behaviour,,
,2019-02,Lancashire Constabulary,Lancashire Constabulary,-3.031637,53.752011,On or near St George'S Lane,E01024986,Fylde 006C,Anti-social behaviour,,
,2019-02,Lancashire Constabulary,Lancashire Constabulary,-3.025865,53.754730,On or near Parking Area,E01024986,Fylde 006C,Anti-social behaviour,,
,2019-02,Lancashire Constabulary,Lancashire Constabulary,-3.029958,53.753400,On or near Supermarket,E01024986,Fylde 006C,Anti-social behaviour,,
,2019-02,Lancashire Constabulary,Lancashire Constabulary,-3.029958,53.753400,On or near Supermarket,E01024986,Fylde 006C,Anti-social behaviour,,
,2019-02,Lancashire Constabulary,Lancashire Constabulary,-3.029958,53.753400,On or near Supermarket,E01024986,Fylde 006C,Anti-social behaviour,,
b612c6d9f02a0e9e1e7adf2da6bd4628ed9a483b0671a013ab115396e8ef8ba9,2019-02,Lancashire Constabulary,Lancashire Constabulary,-3.034331,53.751160,On or near Dove Street,E01024986,Fylde 006C,Bicycle theft,Status update unavailable,
bb4e8697913391d6ae9bd5b86059aacc75ceea72f7ab1fe1117967f24d006125,2019-02,Lancashire Constabulary,Lancashire Constabulary,-3.032324,53.750926,On or near St Anne'S Road West,E01024986,Fylde 006C,Burglary,Status update unavailable,
edd00f74d21817217551c269ec05d304a0405cb6bbb12bfd912fb1f360cc49f8,2019-02,Lancashire Constabulary,Lancashire Constabulary,-3.025865,53.754730,On or near Parking Area,E01024986,Fylde 006C,Other theft,Status update unavailable,
4b64631fc24e5f66c958ee0a9f7e9c6a461820544d4c99f56e15958c46cdd6b8,2019-02,Lancashire Constabulary,Lancashire Constabulary,-3.031259,53.752050,On or near Shopping Area,E01024986,Fylde 006C,Other theft,Status update unavailable,
982e75082bcee89d6361ce5aecf5816850a56013aa2d685b250cee08ffeffe85,2019-02,Lancashire Constabulary,Lancashire Constabulary,-3.031637,53.752011,On or near St George'S Lane,E01024986,Fylde 006C,Other theft,Status update unavailable,
d42901d2622ec374a62291f85a412963c9aa3b062a3429cd8651b8674650cd6f,2019-02,Lancashire Constabulary,Lancashire Constabulary,-3.031351,53.751447,On or near St Anne'S Road West,E01024986,Fylde 006C,Public order,Offender given a caution,
bef190a998c947b26ac898171cb746a1858b786a8cacc795ec1dfc3032dbde42,2019-02,Lancashire Constabulary,Lancashire Constabulary,-3.029958,53.753400,On or near Supermarket,E01024986,Fylde 006C,Shoplifting,Offender sent to prison,
e2fd5b7fe7a5d7b0720e5d4752eab053937784dd3970174ee89ce03e59b960d7,2019-02,Lancashire Constabulary,Lancashire Constabulary,-3.029717,53.752234,On or near St Andrew'S Road North,E01024986,Fylde 006C,Shoplifting,Status update unavailable,
16bf604742ab9653fe9ae01c6b5653f7c96a557aefe8564e730a1de970cd2527,2019-02,Lancashire Constabulary,Lancashire Constabulary,-3.031351,53.751447,On or near St Anne'S Road West,E01024986,Fylde 006C,Shoplifting,Status update unavailable,
3706dea467dab40ff5c24427a3ea49817212398a03647bab1e2dcb8b231047f9,2019-02,Lancashire Constabulary,Lancashire Constabulary,-3.034331,53.751160,On or near Dove Street,E01024986,Fylde 006C,Shoplifting,Status update unavailable,
c61ed1bdcc042b6768852bab1eb44bd87a867ce0b75f808db7470db5f459b5cb,2019-02,Lancashire Constabulary,Lancashire Constabulary,-3.029717,53.752234,On or near St Andrew'S Road North,E01024986,Fylde 006C,Shoplifting,Status update unavailable,
d304a9b9ecf5d9ef747322d4b936eb745de287a523f826f3f68751d6ea7e4252,2019-02,Lancashire Constabulary,Lancashire Constabulary,-3.031351,53.751447,On or near St Anne'S Road West,E01024986,Fylde 006C,Shoplifting,Status update unavailable,
5d6e86595972e442c9b11181b2a8f53ac5a7cfebec696fd8d55cbfb54a1b1a33,2019-02,Lancashire Constabulary,Lancashire Constabulary,-3.034331,53.751160,On or near Dove Street,E01024986,Fylde 006C,Shoplifting,Status update unavailable,
22665ff6c0709965bba43c3e782eb76bba929e61c59a467e8ce0a8ca4cab48e7,2019-02,Lancashire Constabulary,Lancashire Constabulary,-3.034331,53.751160,On or near Dove Street,E01024986,Fylde 006C,Shoplifting,Status update unavailable,
2d89130f2d0403f9cc3402d099af23d320dded96861e3fa4a28d57332a5e2c02,2019-02,Lancashire Constabulary,Lancashire Constabulary,-3.029717,53.752234,On or near St Andrew'S Road North,E01024986,Fylde 006C,Shoplifting,Offender sent to prison,
9944f64c02a19fd738b0cdcb3967d14fa19badcb3020a98c9cb77b853434c4e0,2019-02,Lancashire Constabulary,Lancashire Constabulary,-3.034331,53.751160,On or near Dove Street,E01024986,Fylde 006C,Shoplifting,Status update unavailable,
409c6e6186fd8888338f92595af39a4ce4c341b35eb944f94bf9bbe4eb1a29a9,2019-02,Lancashire Constabulary,Lancashire Constabulary,-3.034331,53.751160,On or near Dove Street,E01024986,Fylde 006C,Shoplifting,Status update unavailable,
79c0673f6d6c01a966ac0091d66e67607377a1698a934ff888370b76ab614938,2019-02,Lancashire Constabulary,Lancashire Constabulary,-3.029717,53.752234,On or near St Andrew'S Road North,E01024986,Fylde 006C,Shoplifting,Status update unavailable,
f8bb9354a957ea80c60ec51a258be674e1669706e78b1706fdf1a0b7c3ca646c,2019-02,Lancashire Constabulary,Lancashire Constabulary,-3.031259,53.752050,On or near Shopping Area,E01024986,Fylde 006C,Violence and sexual offences,Awaiting court outcome,
da2548f631a7eb830a76b7e0d25acd998ba42c7eed4691198619411fee8fbee7,2019-02,Lancashire Constabulary,Lancashire Constabulary,-3.036543,53.753532,On or near Clifton Drive North,E01024986,Fylde 006C,Violence and sexual offences,Status update unavailable,
7872538f804acaeb972dedbca94598621a39223bf395b41a9c7ed9c45192d917,2019-02,Lancashire Constabulary,Lancashire Constabulary,-3.029717,53.752234,On or near St Andrew'S Road North,E01024986,Fylde 006C,Violence and sexual offences,Unable to prosecute suspect,
b1ed335b7c2481bcb6c215a70db03323d8eb572454fd517eb5a584760b09fa4c,2019-02,Lancashire Constabulary,Lancashire Constabulary,-3.036543,53.753532,On or near Clifton Drive North,E01024986,Fylde 006C,Violence and sexual offences,Status update unavailable,
433a023351153645283cce4673d7d984eb1d82aa031bc993c68eabc0e8218340,2019-02,Lancashire Constabulary,Lancashire Constabulary,-3.027383,53.754798,On or near Glen Eldon Road,E01024986,Fylde 006C,Violence and sexual offences,Unable to prosecute suspect,
24ceefb9a1ed2b3a29dd7856d30e45b2828ab8dbaf726d664a38d7e15520a5c8,2019-02,Lancashire Constabulary,Lancashire Constabulary,-3.027383,53.754798,On or near Glen Eldon Road,E01024986,Fylde 006C,Violence and sexual offences,Unable to prosecute suspect,
73d2dae1517063c955ca651bf092dbf5c3cd454e13b68f82c4da677c9d352c79,2019-02,Lancashire Constabulary,Lancashire Constabulary,-3.031351,53.751447,On or near St Anne'S Road West,E01024986,Fylde 006C,Violence and sexual offences,Status update unavailable,
51d7a71ef9f704d6e224257eec2b26fceac801e96fed3f7845cf0f8f29d73f80,2019-02,Lancashire Constabulary,Lancashire Constabulary,-3.036543,53.753532,On or near Clifton Drive North,E01024986,Fylde 006C,Violence and sexual offences,Unable to prosecute suspect,
,2019-02,Lancashire Constabulary,Lancashire Constabulary,-3.024176,53.754528,On or near Sefton Road,E01024987,Fylde 006D,Anti-social behaviour,,
,2019-02,Lancashire Constabulary,Lancashire Constabulary,-3.031626,53.750321,On or near Shopping Area,E01024987,Fylde 006D,Anti-social behaviour,,
,2019-02,Lancashire Constabulary,Lancashire Constabulary,-3.023408,53.754131,On or near St Alban'S Road,E01024987,Fylde 006D,Anti-social behaviour,,
,2019-02,Lancashire Constabulary,Lancashire Constabulary,-3.031626,53.750321,On or near Shopping Area,E01024987,Fylde 006D,Anti-social behaviour,,
,2019-02,Lancashire Constabulary,Lancashire Constabulary,-3.027187,53.750503,On or near Park Road,E01024987,Fylde 006D,Anti-social behaviour,,
,2019-02,Lancashire Constabulary,Lancashire Constabulary,-3.029026,53.751889,On or near Back West Crescent,E01024987,Fylde 006D,Anti-social behaviour,,
,2019-02,Lancashire Constabulary,Lancashire Constabulary,-3.021216,53.755030,On or near Parking Area,E01024987,Fylde 006D,Anti-social behaviour,,
,2019-02,Lancashire Constabulary,Lancashire Constabulary,-3.020374,53.754705,On or near Trafalgar Street,E01024987,Fylde 006D,Anti-social behaviour,,
,2019-02,Lancashire Constabulary,Lancashire Constabulary,-3.025433,53.753817,On or near Don Street,E01024987,Fylde 006D,Anti-social behaviour,,
,2019-02,Lancashire Constabulary,Lancashire Constabulary,-3.029712,53.750805,On or near Wood Street,E01024987,Fylde 006D,Anti-social behaviour,,
258b8923ea169efb4995930c40c52613f422bd5d2ddeb2ca21258a653a6688c2,2019-02,Lancashire Constabulary,Lancashire Constabulary,-3.023408,53.754131,On or near St Alban'S Road,E01024987,Fylde 006D,Bicycle theft,Status update unavailable,
63a74cc7969a90956f61d1f868fe4675643331bffbed562c325175e3f1ac675a,2019-02,Lancashire Constabulary,Lancashire Constabulary,-3.023408,53.754131,On or near St Alban'S Road,E01024987,Fylde 006D,Bicycle theft,Status update unavailable,
1de55e4dae6114b23db69ebc3ccd17e8317ace4550f82a7184d65d1100550c9a,2019-02,Lancashire Constabulary,Lancashire Constabulary,-3.023408,53.754131,On or near St Alban'S Road,E01024987,Fylde 006D,Bicycle theft,Status update unavailable,
b6cccec6f5bb9ada9c0c44b9da5cc5690f7780bed3db3e1589c04a11b4f207bd,2019-02,Lancashire Constabulary,Lancashire Constabulary,-3.025433,53.753817,On or near Don Street,E01024987,Fylde 006D,Burglary,Unable to prosecute suspect,
e9c2962725cc20ec6516de2b313f66c70fd1fa3edfe87219d335c445ea9e9eea,2019-02,Lancashire Constabulary,Lancashire Constabulary,-3.027076,53.752769,On or near Back North Crescent,E01024987,Fylde 006D,Other theft,Status update unavailable,
f5c8a305929ceada72b8c61b0c503f6eaf0b101853e211b2e5ce317ef7094b3d,2019-02,Lancashire Constabulary,Lancashire Constabulary,-3.029712,53.750805,On or near Wood Street,E01024987,Fylde 006D,Other theft,Status update unavailable,
702fc4ce422e72037acb1b9adc78fd50772478cf0361bba436b6b49b34669c71,2019-02,Lancashire Constabulary,Lancashire Constabulary,-3.029026,53.751889,On or near Back West Crescent,E01024987,Fylde 006D,Public order,Further investigation is not in the public interest,
9e8f108b0f733db7ff415d1cd30a1e97b44d8dbce56fc358b2311cacc3147dd5,2019-02,Lancashire Constabulary,Lancashire Constabulary,-3.029026,53.751889,On or near Back West Crescent,E01024987,Fylde 006D,Public order,Status update unavailable,
f2e69b4e971ca0801c97c1109f66366b20cd188534bd1e2b25f0bc721179ef21,2019-02,Lancashire Constabulary,Lancashire Constabulary,-3.031626,53.750321,On or near Shopping Area,E01024987,Fylde 006D,Public order,Status update unavailable,
3c36584ba3aa4a383c7c340398ba1a11b1d05fd0f3989c233f2fae07c8bae5aa,2019-02,Lancashire Constabulary,Lancashire Constabulary,-3.029026,53.751889,On or near Back West Crescent,E01024987,Fylde 006D,Public order,Status update unavailable,
95101d9f0546b4cf1bc880a5d15f2b8230ebcbf603664206f5bb4cdc5739ef7d,2019-02,Lancashire Constabulary,Lancashire Constabulary,-3.029712,53.750805,On or near Wood Street,E01024987,Fylde 006D,Public order,Status update unavailable,
8dfc7c18b816a53c3cd1a7d78c220b5606e9b8a834d6045d4679a2dc50cb72eb,2019-02,Lancashire Constabulary,Lancashire Constabulary,-3.031626,53.750321,On or near Shopping Area,E01024987,Fylde 006D,Shoplifting,Status update unavailable,
28bd6fdbac096b32847fedbed8b15e08d377f8b92b98b8b941815276650b350f,2019-02,Lancashire Constabulary,Lancashire Constabulary,-3.029026,53.751889,On or near Back West Crescent,E01024987,Fylde 006D,Vehicle crime,Status update unavailable,
d620ea95f4b57292c7da1cc1e4f1f21e6159507799f6233297175a4240762e50,2019-02,Lancashire Constabulary,Lancashire Constabulary,-3.027187,53.750503,On or near Park Road,E01024987,Fylde 006D,Vehicle crime,Awaiting court outcome,
05effc6598af4608e8579925989ca368cd8b424eb479035e50355feca263bbdb,2019-02,Lancashire Constabulary,Lancashire Constabulary,-3.020374,53.754705,On or near Trafalgar Street,E01024987,Fylde 006D,Violence and sexual offences,Unable to prosecute suspect,
7283a46128891b1f1096a51931d883f58224ad16b7e7756d6c54f45f321af8a9,2019-02,Lancashire Constabulary,Lancashire Constabulary,-3.027076,53.752769,On or near Back North Crescent,E01024987,Fylde 006D,Violence and sexual offences,Unable to prosecute suspect,
3aa05cfe22efdbfc06aa4a883dd9abeaa96117e756e42fce18b395032914c013,2019-02,Lancashire Constabulary,Lancashire Constabulary,-3.020374,53.754705,On or near Trafalgar Street,E01024987,Fylde 006D,Violence and sexual offences,Unable to prosecute suspect,
fc96c64c4f5d7384ed105cee8a9ee0a0525cbfeb6b01eea459a1de66df544c39,2019-02,Lancashire Constabulary,Lancashire Constabulary,-3.028502,53.751561,On or near Parking Area,E01024987,Fylde 006D,Violence and sexual offences,Status update unavailable,
cefdf1a07c3ca501d4ce388cb1e6a062ed7ceb09b86cf4f27c87cfc743a2fe8a,2019-02,Lancashire Constabulary,Lancashire Constabulary,-3.027076,53.752769,On or near Back North Crescent,E01024987,Fylde 006D,Violence and sexual offences,Unable to prosecute suspect,
766c7fe0686731cc6e33970be8be3499da19cbfbb949b94715e68d2519fb0461,2019-02,Lancashire Constabulary,Lancashire Constabulary,-3.028502,53.751561,On or near Parking Area,E01024987,Fylde 006D,Violence and sexual offences,Status update unavailable,
eaf722e7181c82b4c441bc3016bd2725a5863f12286d772a2cf434325ec17892,2019-02,Lancashire Constabulary,Lancashire Constabulary,-3.029712,53.750805,On or near Wood Street,E01024987,Fylde 006D,Violence and sexual offences,Status update unavailable,
af1756dbe2abedb3ba50be3df59280587b7dc6a7d8ae52ce7d85ae853adbae2f,2019-02,Lancashire Constabulary,Lancashire Constabulary,-3.025433,53.753817,On or near Don Street,E01024987,Fylde 006D,Violence and sexual offences,Status update unavailable,
e1f7afd62600033ed6e13868289284ba18b07e52125a5b830d64095a6f4c9c28,2019-02,Lancashire Constabulary,Lancashire Constabulary,-3.029712,53.750805,On or near Wood Street,E01024987,Fylde 006D,Violence and sexual offences,Status update unavailable,
,2019-02,Lancashire Constabulary,Lancashire Constabulary,-3.031416,53.749163,On or near Astland Street,E01024988,Fylde 006E,Anti-social behaviour,,
,2019-02,Lancashire Constabulary,Lancashire Constabulary,-3.030189,53.747987,On or near East Bank Road,E01024988,Fylde 006E,Anti-social behaviour,,
,2019-02,Lancashire Constabulary,Lancashire Constabulary,-3.031416,53.749163,On or near Astland Street,E01024988,Fylde 006E,Anti-social behaviour,,
,2019-02,Lancashire Constabulary,Lancashire Constabulary,-3.026067,53.750566,On or near Dee Street,E01024988,Fylde 006E,Anti-social behaviour,,
1f73c45c4851e0bf337629aafd6c47ed545b369303c4c508ae2dba6905e32ee6,2019-02,Lancashire Constabulary,Lancashire Constabulary,-3.030189,53.747987,On or near East Bank Road,E01024988,Fylde 006E,Bicycle theft,Status update unavailable,
5e366711a0ba38fa93baf7d890c90ab83ae55be6967a6bafd54539b38e778ff3,2019-02,Lancashire Constabulary,Lancashire Constabulary,-3.033656,53.750231,On or near St Anne'S Road West,E01024988,Fylde 006E,Burglary,Status update unavailable,
5d0fdb8040564cd97dcab2764dbb7c46f5659e5f6739c0afeed0b0da548490dd,2019-02,Lancashire Constabulary,Lancashire Constabulary,-3.033656,53.750231,On or near St Anne'S Road West,E01024988,Fylde 006E,Burglary,Status update unavailable,
707fd11c78c08ec9f391b9cf192373b594b80c47ed430d71039757fbe376e551,2019-02,Lancashire Constabulary,Lancashire Constabulary,-3.023554,53.748287,On or near St Thomas' Road,E01024988,Fylde 006E,Burglary,Status update unavailable,
988cd597156d38789a5aa77e51663d11758a31a2fe694e846c4c0fef752ed8a6,2019-02,Lancashire Constabulary,Lancashire Constabulary,-3.033656,53.750231,On or near St Anne'S Road West,E01024988,Fylde 006E,Burglary,Status update unavailable,
7713f7f1ea8659feb8e3ae1395b44706a769286b32dbdf5983249df54180914d,2019-02,Lancashire Constabulary,Lancashire Constabulary,-3.025522,53.750625,On or near St Andrew'S Road South,E01024988,Fylde 006E,Public order,Status update unavailable,
8b1d2e60dc5922c8873ad4db79c7c853af3a017b1f0aad08a36b8571835bd116,2019-02,Lancashire Constabulary,Lancashire Constabulary,-3.025522,53.750625,On or near St Andrew'S Road South,E01024988,Fylde 006E,Violence and sexual offences,Status update unavailable,
ca335afb14fc28e34e5de5826ceeac0f603e7d0e3ff61e2d0ceab307fa9b183d,2019-02,Lancashire Constabulary,Lancashire Constabulary,-3.026067,53.750566,On or near Dee Street,E01024988,Fylde 006E,Violence and sexual offences,Unable to prosecute suspect,
ab2002f70847f40676818596a6fc939faa78c07782e8b2a214d4a1f7eb20b451,2019-02,Lancashire Constabulary,Lancashire Constabulary,-3.025522,53.750625,On or near St Andrew'S Road South,E01024988,Fylde 006E,Violence and sexual offences,Unable to prosecute suspect,
28d24007c8427e7fa6bb58213c8cfecdad8e78b08b5ff0a0a415af1e2ed2e8af,2019-02,Lancashire Constabulary,Lancashire Constabulary,-3.030189,53.747987,On or near East Bank Road,E01024988,Fylde 006E,Violence and sexual offences,Unable to prosecute suspect,
,2019-02,Lancashire Constabulary,Lancashire Constabulary,-3.024646,53.755765,On or near Irwell Street,E01024989,Fylde 006F,Anti-social behaviour,,
,2019-02,Lancashire Constabulary,Lancashire Constabulary,-3.018478,53.754712,On or near Alexandra Road,E01024989,Fylde 006F,Anti-social behaviour,,
,2019-02,Lancashire Constabulary,Lancashire Constabulary,-3.018478,53.754712,On or near Alexandra Road,E01024989,Fylde 006F,Anti-social behaviour,,
c5457a8214c2269ce423088cbb61a8963d00da4acf04bb96c4d976d606e795ed,2019-02,Lancashire Constabulary,Lancashire Constabulary,-3.019019,53.756370,On or near St Alban'S Road,E01024989,Fylde 006F,Bicycle theft,Status update unavailable,
a4fc3486ad5dab5b2855f7e1f82336841cc4519f94dc34662a40dc730f09c365,2019-02,Lancashire Constabulary,Lancashire Constabulary,-3.015805,53.757080,On or near Rossendale Road,E01024989,Fylde 006F,Burglary,Status update unavailable,
ce452749b5e8c8efa69acb9d5f30a5604b3c935b85d39f34b7332dfab0269424,2019-02,Lancashire Constabulary,Lancashire Constabulary,-3.022661,53.755207,On or near Carlton Road,E01024989,Fylde 006F,Burglary,Status update unavailable,
187057622c5dbb36efb8beabab8d21171f8ad185c56436e85643d192a8fa0900,2019-02,Lancashire Constabulary,Lancashire Constabulary,-3.023407,53.756575,On or near Headroomgate Road,E01024989,Fylde 006F,Other theft,Unable to prosecute suspect,
9b918d699c7c00c918d169ccc12274e77199605d86c12bdba0d68763b5a94953,2019-02,Lancashire Constabulary,Lancashire Constabulary,-3.020961,53.755760,On or near Kirkdale Avenue,E01024989,Fylde 006F,Public order,Unable to prosecute suspect,
4a99c65747c270689e1b1fd701d9b3d412b62b9229d6a1d968f8c36fa35fa8f0,2019-02,Lancashire Constabulary,Lancashire Constabulary,-3.020961,53.755760,On or near Kirkdale Avenue,E01024989,Fylde 006F,Shoplifting,Status update unavailable,
129fe607bfb83d7120e05bf83aec5f82ff6827c8ae8d6180372d25f07080e08a,2019-02,Lancashire Constabulary,Lancashire Constabulary,-3.020961,53.755760,On or near Kirkdale Avenue,E01024989,Fylde 006F,Violence and sexual offences,Unable to prosecute suspect,
2526c408510c18f1ca64bb2c98dd43ad07c0bc834352c9ae67908b1a887efcdb,2019-02,Lancashire Constabulary,Lancashire Constabulary,-3.020961,53.755760,On or near Kirkdale Avenue,E01024989,Fylde 006F,Violence and sexual offences,Unable to prosecute suspect,
e4138b10a0889798fb51b0e87e241c1f74052a2fb4780854ac9c94647904b96b,2019-02,Lancashire Constabulary,Lancashire Constabulary,-3.015805,53.757080,On or near Rossendale Road,E01024989,Fylde 006F,Violence and sexual offences,Further investigation is not in the public interest,
27bd55ad0f5ea8d1ef0028b5b6dda3623a9e3f3251005dd4113d31f666e48784,2019-02,Lancashire Constabulary,Lancashire Constabulary,-3.020961,53.755760,On or near Kirkdale Avenue,E01024989,Fylde 006F,Violence and sexual offences,Status update unavailable,
,2019-02,Lancashire Constabulary,Lancashire Constabulary,-3.022374,53.747749,On or near Victoria Road,E01024996,Fylde 006G,Anti-social behaviour,,
,2019-02,Lancashire Constabulary,Lancashire Constabulary,-3.023543,53.745312,On or near Derbe Road,E01024996,Fylde 006G,Anti-social behaviour,,
,2019-02,Lancashire Constabulary,Lancashire Constabulary,-3.022395,53.744899,On or near Alexandria Drive,E01024996,Fylde 006G,Anti-social behaviour,,
,2019-02,Lancashire Constabulary,Lancashire Constabulary,-3.022395,53.744899,On or near Alexandria Drive,E01024996,Fylde 006G,Anti-social behaviour,,
,2019-02,Lancashire Constabulary,Lancashire Constabulary,-3.019268,53.747892,On or near St Andrew'S Road South,E01024996,Fylde 006G,Anti-social behaviour,,
,2019-02,Lancashire Constabulary,Lancashire Constabulary,-3.022374,53.747749,On or near Victoria Road,E01024996,Fylde 006G,Anti-social behaviour,,
,2019-02,Lancashire Constabulary,Lancashire Constabulary,-3.023543,53.745312,On or near Derbe Road,E01024996,Fylde 006G,Anti-social behaviour,,
28272cda5795383eb975492b443118beb1d5080a724d216ddbc00435d617cd7d,2019-02,Lancashire Constabulary,Lancashire Constabulary,-3.021013,53.747311,On or near York Road,E01024996,Fylde 006G,Bicycle theft,Status update unavailable,
63598cb673dae26ff69a19a64c5661ba48c6756140fae1d342339e4417b738af,2019-02,Lancashire Constabulary,Lancashire Constabulary,-3.022374,53.747749,On or near Victoria Road,E01024996,Fylde 006G,Other theft,Unable to prosecute suspect,
4e649dadf54d1f624da66e78b9b366fd81da8cf2e43adbb15cf8e4f28e043715,2019-02,Lancashire Constabulary,Lancashire Constabulary,-3.024768,53.745814,On or near Fairhaven Road,E01024996,Fylde 006G,Robbery,Status update unavailable,
35d408c9718a7b9f6cbe9b5c91db63ce85c4353fafa561b5fdeeedb2709bcc18,2019-02,Lancashire Constabulary,Lancashire Constabulary,-3.024768,53.745814,On or near Fairhaven Road,E01024996,Fylde 006G,Theft from the person,Unable to prosecute suspect,
f9bd1f9c13463dec0acf1ec775d029b506cfe613809547c6e5cbfe33ac093d2a,2019-02,Lancashire Constabulary,Lancashire Constabulary,-3.024768,53.745814,On or near Fairhaven Road,E01024996,Fylde 006G,Violence and sexual offences,Unable to prosecute suspect,
78b8170af86aa6bb0753c3910594217bdf139b4904c9aae761ceb965b28ad991,2019-02,Lancashire Constabulary,Lancashire Constabulary,-3.022395,53.744899,On or near Alexandria Drive,E01024996,Fylde 006G,Violence and sexual offences,Status update unavailable,
dfdaad21b9a5dde632e58c12c2fe4c407cde9e43bec459c0b5dbe1d7d9d264f3,2019-02,Lancashire Constabulary,Lancashire Constabulary,-3.024768,53.745814,On or near Fairhaven Road,E01024996,Fylde 006G,Violence and sexual offences,Unable to prosecute suspect,
61703804daf74d4091e6fec774fe3bd9500df26e89d7cd2864a13e344012f8d2,2019-02,Lancashire Constabulary,Lancashire Constabulary,-3.022395,53.744899,On or near Alexandria Drive,E01024996,Fylde 006G,Violence and sexual offences,Status update unavailable,
0c8fffc09fc666ae283b90649ab54e47e986f351eb42d6d58d55f0668cab0dd1,2019-02,Lancashire Constabulary,Lancashire Constabulary,-3.022374,53.747749,On or near Victoria Road,E01024996,Fylde 006G,Violence and sexual offences,Status update unavailable,
9c4b152b891633b61bdab372dc823b34d46303487e99641243e3b0499adcbb9a,2019-02,Lancashire Constabulary,Lancashire Constabulary,-3.022395,53.744899,On or near Alexandria Drive,E01024996,Fylde 006G,Violence and sexual offences,Status update unavailable,
3831d71ea9cc874ba18bd7759726d6e13c9e1a32945f4682beba84aae982e300,2019-02,Lancashire Constabulary,Lancashire Constabulary,-3.024768,53.745814,On or near Fairhaven Road,E01024996,Fylde 006G,Violence and sexual offences,Unable to prosecute suspect,
,2019-02,Lancashire Constabulary,Lancashire Constabulary,-2.866174,53.752539,On or near Sports/Recreation Area,E01024997,Fylde 007A,Anti-social behaviour,,
9091597fb55808f575794102c27ff2007866b6cd360f531ececffe740f42c76b,2019-02,Lancashire Constabulary,Lancashire Constabulary,-2.858748,53.754309,On or near Rutland Avenue,E01024997,Fylde 007A,Burglary,Status update unavailable,
5edd15157ee43dd37756b1b6512d8eba27b4c17b85a81b02eda4c9a1f5131052,2019-02,Lancashire Constabulary,Lancashire Constabulary,-2.861211,53.754561,On or near Newton Close,E01024997,Fylde 007A,Burglary,Status update unavailable,
4186794c254f979825d77cc94f7261a3e8e42e9d69f5363a4e8e0bd75225ca0a,2019-02,Lancashire Constabulary,Lancashire Constabulary,-2.858748,53.754309,On or near Rutland Avenue,E01024997,Fylde 007A,Burglary,Status update unavailable,
edf109fa0ac94dee543417eecf7e71d279953e22b23afa87d612d36afed9b3de,2019-02,Lancashire Constabulary,Lancashire Constabulary,-2.864519,53.745810,On or near Naze Lane East,E01024997,Fylde 007A,Vehicle crime,Status update unavailable,
d6c86bf86e72c95500317969871761da636a86a0097546b554b429224ac684af,2019-02,Lancashire Constabulary,Lancashire Constabulary,-2.865777,53.754609,On or near Trinity Close,E01024997,Fylde 007A,Violence and sexual offences,Status update unavailable,
0cbb0b82ca49243d199fa2b670387cbf1e19214ea4f77ac7a4117e6997bbd16b,2019-02,Lancashire Constabulary,Lancashire Constabulary,-2.864519,53.745810,On or near Naze Lane East,E01024997,Fylde 007A,Violence and sexual offences,Status update unavailable,
02a66f287b2f3ae6ae11f0b51f5dd9d7c226fbd3b75187e7cd52a404b257fa72,2019-02,Lancashire Constabulary,Lancashire Constabulary,-2.864519,53.745810,On or near Naze Lane East,E01024997,Fylde 007A,Violence and sexual offences,Status update unavailable,
841d09bdeeeafb05888ae874d2ffab244bb32bfa1faa94afe909c44038f2060d,2019-02,Lancashire Constabulary,Lancashire Constabulary,-2.867535,53.753068,On or near Wyndene Grove,E01024997,Fylde 007A,Violence and sexual offences,Status update unavailable,
6e11f38d58eea86fb1d90bc9863a2c85168c5a8c015cd0adbfb031ca68d15f2c,2019-02,Lancashire Constabulary,Lancashire Constabulary,-2.869550,53.750052,On or near Kimberly Close,E01024999,Fylde 007B,Violence and sexual offences,Unable to prosecute suspect,
a26e3881ee7171a56f3aec451c92b3a722f9042206d514e8148513fe950b9f73,2019-02,Lancashire Constabulary,Lancashire Constabulary,-2.873426,53.751929,On or near Douglas Drive,E01024999,Fylde 007B,Violence and sexual offences,Further investigation is not in the public interest,
125bd211e7e0955d7b64c0a21801677789f1bb88f4f542d2dfedbd4566fd5d68,2019-02,Lancashire Constabulary,Lancashire Constabulary,-2.876548,53.749668,On or near Hodgson Avenue,E01024999,Fylde 007B,Violence and sexual offences,Status update unavailable,
09b03c8be63159f8fd788b09187bc1317aed26afcd6c14c88e91053922726eec,2019-02,Lancashire Constabulary,Lancashire Constabulary,-2.876548,53.749668,On or near Hodgson Avenue,E01024999,Fylde 007B,Violence and sexual offences,Further investigation is not in the public interest,
,2019-02,Lancashire Constabulary,Lancashire Constabulary,-2.880031,53.750874,On or near Church Close,E01025000,Fylde 007C,Anti-social behaviour,,
,2019-02,Lancashire Constabulary,Lancashire Constabulary,-2.880033,53.748771,On or near Rydal Avenue,E01025000,Fylde 007C,Anti-social behaviour,,
,2019-02,Lancashire Constabulary,Lancashire Constabulary,-2.880031,53.750874,On or near Church Close,E01025000,Fylde 007C,Anti-social behaviour,,
,2019-02,Lancashire Constabulary,Lancashire Constabulary,-2.880031,53.750874,On or near Church Close,E01025000,Fylde 007C,Anti-social behaviour,,
b8d3ab7cbc1a21ce12b4f8b5d1839fcd746ec15f30fecdd0b87cc8856e0fa290,2019-02,Lancashire Constabulary,Lancashire Constabulary,-2.869109,53.755142,On or near Mill View,E01025000,Fylde 007C,Vehicle crime,Status update unavailable,
0b342bc0927075446f17b0bb97e7b3bdf0c1bfbc2d56c7e386132cff7a9b2e6b,2019-02,Lancashire Constabulary,Lancashire Constabulary,-2.868702,53.754534,On or near Memory Close,E01025000,Fylde 007C,Vehicle crime,Status update unavailable,
eb53b7f40204d9fe418584553874c0b9f0810f578b7cc8904ff3631baa4e7aba,2019-02,Lancashire Constabulary,Lancashire Constabulary,-2.879262,53.748165,On or near Ash Drive,E01025000,Fylde 007C,Violence and sexual offences,Status update unavailable,
026840084947d14e2237dd69b8a58085bc8515fafaa76204b1d69c07391cf1c4,2019-02,Lancashire Constabulary,Lancashire Constabulary,-2.871692,53.753874,On or near Goe Lane,E01025000,Fylde 007C,Violence and sexual offences,Status update unavailable,
,2019-02,Lancashire Constabulary,Lancashire Constabulary,-2.892975,53.749834,On or near Highgate Lane,E01025029,Fylde 007D,Anti-social behaviour,,
,2019-02,Lancashire Constabulary,Lancashire Constabulary,-2.894523,53.750587,On or near The Orchard,E01025029,Fylde 007D,Anti-social behaviour,,
,2019-02,Lancashire Constabulary,Lancashire Constabulary,-2.903538,53.747391,On or near Florence Avenue,E01025029,Fylde 007D,Anti-social behaviour,,
4fcdf98fcebe3f54f8519e0ff71923584dd29aa1ea6929fdc9812dae4f8c4a47,2019-02,Lancashire Constabulary,Lancashire Constabulary,-2.894005,53.751193,On or near Church Gardens,E01025029,Fylde 007D,Burglary,Status update unavailable,
9172c488f3ef2ab2076c74d300169884081597e631ed6abdc68df9cb48898fa6,2019-02,Lancashire Constabulary,Lancashire Constabulary,-2.894523,53.750587,On or near The Orchard,E01025029,Fylde 007D,Burglary,Status update unavailable,
d592900ade73de47b0ac025335bc0517e8b036db7f01a92b764f731ea8ed4660,2019-02,Lancashire Constabulary,Lancashire Constabulary,-2.897922,53.752116,On or near Chatsworth Avenue,E01025029,Fylde 007D,Burglary,Status update unavailable,
a9d4c5d8cb5144cb518b384c0a71b871c1337d82c8c505ac5e8eb67709674ddd,2019-02,Lancashire Constabulary,Lancashire Constabulary,-2.894005,53.751193,On or near Church Gardens,E01025029,Fylde 007D,Criminal damage and arson,Status update unavailable,
3ad9ce2ddc15ba805d8c4906c71e1ce9e61c9099f271030550ad9b4c3ff2c8eb,2019-02,Lancashire Constabulary,Lancashire Constabulary,-2.894523,53.750587,On or near The Orchard,E01025029,Fylde 007D,Other theft,Status update unavailable,
991990bff4ce63da08b760a6c52d5f57ba73deacf77dfcbc7c1b665fcf672773,2019-02,Lancashire Constabulary,Lancashire Constabulary,-2.894523,53.750587,On or near The Orchard,E01025029,Fylde 007D,Other theft,Status update unavailable,
d69e66eacea2dbd666ace7d2dfa1cc4e8f77b16c1cb08a722085ac1009333261,2019-02,Lancashire Constabulary,Lancashire Constabulary,-2.894523,53.750587,On or near The Orchard,E01025029,Fylde 007D,Other theft,Status update unavailable,
40a6f65f4f49a9c6db249496d6b1a9e5c4bfb5499a75db31fab0bf2403c69c79,2019-02,Lancashire Constabulary,Lancashire Constabulary,-2.894523,53.750587,On or near The Orchard,E01025029,Fylde 007D,Other theft,Status update unavailable,
519d360175218024f61413ac9dc3d835f668e945a0a772932ec4873df1e0eea3,2019-02,Lancashire Constabulary,Lancashire Constabulary,-2.894523,53.750587,On or near The Orchard,E01025029,Fylde 007D,Other theft,Status update unavailable,
86e12a5a88c30c03ca749b602222aabc2852de5dcead1f9035e68378fd39e32f,2019-02,Lancashire Constabulary,Lancashire Constabulary,-2.894523,53.750587,On or near The Orchard,E01025029,Fylde 007D,Shoplifting,Status update unavailable,
ff2c3b6f157fd75fd4c5238090bf944e57817c8ea9d70921c3f4046cf12ab3c4,2019-02,Lancashire Constabulary,Lancashire Constabulary,-2.909919,53.759855,On or near Bryning Lane,E01025029,Fylde 007D,Violence and sexual offences,Status update unavailable,
,2019-02,Lancashire Constabulary,Lancashire Constabulary,-2.887525,53.749542,On or near Westfield Drive,E01025030,Fylde 007E,Anti-social behaviour,,
,2019-02,Lancashire Constabulary,Lancashire Constabulary,-2.891560,53.752470,On or near Clifton Avenue,E01025030,Fylde 007E,Anti-social behaviour,,
,2019-02,Lancashire Constabulary,Lancashire Constabulary,-2.892587,53.751554,On or near Supermarket,E01025030,Fylde 007E,Anti-social behaviour,,
,2019-02,Lancashire Constabulary,Lancashire Constabulary,-2.891560,53.752470,On or near Clifton Avenue,E01025030,Fylde 007E,Anti-social behaviour,,
,2019-02,Lancashire Constabulary,Lancashire Constabulary,-2.891381,53.754026,On or near Canberraway,E01025030,Fylde 007E,Anti-social behaviour,,
,2019-02,Lancashire Constabulary,Lancashire Constabulary,-2.885557,53.750429,On or near Post Lane,E01025030,Fylde 007E,Anti-social behaviour,,
,2019-02,Lancashire Constabulary,Lancashire Constabulary,-2.892587,53.751554,On or near Supermarket,E01025030,Fylde 007E,Anti-social behaviour,,
376395ded019657ea7a52c5de97a483d385c9e90b94db7a55e4856766b67b48b,2019-02,Lancashire Constabulary,Lancashire Constabulary,-2.885340,53.750943,On or near Peg Way,E01025030,Fylde 007E,Burglary,Status update unavailable,
33640093b74c403dd7ff89d78f317ffc1e1b970915388bbdbff5fe127130045c,2019-02,Lancashire Constabulary,Lancashire Constabulary,-2.889825,53.750038,On or near Elder Close,E01025030,Fylde 007E,Criminal damage and arson,Status update unavailable,
54b50188993f0d30b1fb235a01b581c0eb64bc574b0f750a01ebdc429d2631d8,2019-02,Lancashire Constabulary,Lancashire Constabulary,-2.892587,53.751554,On or near Supermarket,E01025030,Fylde 007E,Criminal damage and arson,Status update unavailable,
4cc706a5da1db82e7fc302d2ae52c6cfe1c75dc335907e31c463a76528a73dae,2019-02,Lancashire Constabulary,Lancashire Constabulary,-2.885557,53.750429,On or near Post Lane,E01025030,Fylde 007E,Other theft,Unable to prosecute suspect,
c7639ac17f541db75862d028f8973d98774032901b3fa4a953f0a53473aecd3c,2019-02,Lancashire Constabulary,Lancashire Constabulary,-2.889639,53.751989,On or near Butlers Meadow,E01025030,Fylde 007E,Other theft,Status update unavailable,
7089279c2c6c0f6b0cb1e9143328361b464c807544bba1444e6d264139e7c604,2019-02,Lancashire Constabulary,Lancashire Constabulary,-2.893411,53.753939,On or near Harbour Lane,E01025030,Fylde 007E,Theft from the person,Status update unavailable,
78720319a3fa931e4012b0039ae3f204c5d3304ff6043d794cfbcbec61b08573,2019-02,Lancashire Constabulary,Lancashire Constabulary,-2.886641,53.751481,On or near Ribble View Close,E01025030,Fylde 007E,Vehicle crime,Status update unavailable,
1e36b2e07608ddfb83efadf18a890ebb8904d54b179764d30d3eb19370adb499,2019-02,Lancashire Constabulary,Lancashire Constabulary,-2.892587,53.751554,On or near Supermarket,E01025030,Fylde 007E,Vehicle crime,Status update unavailable,
1a0060b26d8bcd691b3b6c7e0be147a8acb4f1421726a06aa2086fc2298a3726,2019-02,Lancashire Constabulary,Lancashire Constabulary,-2.892968,53.755218,On or near Hastings Avenue,E01025030,Fylde 007E,Violence and sexual offences,Status update unavailable,
1ef27cd645490a9065a8a5d865b4459e62fe853084fa7cfa505d5fb7e688b0cf,2019-02,Lancashire Constabulary,Lancashire Constabulary,-2.891560,53.752470,On or near Clifton Avenue,E01025030,Fylde 007E,Violence and sexual offences,Unable to prosecute suspect,
,2019-02,Lancashire Constabulary,Lancashire Constabulary,-2.985873,53.743219,On or near Oakwood Avenue,E01024981,Fylde 008A,Anti-social behaviour,,
a28d0d14ab08864b1bd127c6f7ae425d2a140990af571e317b54371e2ba5124c,2019-02,Lancashire Constabulary,Lancashire Constabulary,-2.981011,53.738225,On or near Melton Grove,E01024981,Fylde 008A,Violence and sexual offences,Further investigation is not in the public interest,
,2019-02,Lancashire Constabulary,Lancashire Constabulary,-2.988579,53.738352,On or near Clifton Drive,E01024982,Fylde 008B,Anti-social behaviour,,
6419bcc3b130417414ff035cea91d3fd1c9253fc6325730214155c76b529cea9,2019-02,Lancashire Constabulary,Lancashire Constabulary,-3.001218,53.748961,On or near Sports/Recreation Area,E01024982,Fylde 008B,Burglary,Status update unavailable,
3eac16ddfbc55016363c16f1df4ebbc3a402a30d9d8f0dd08411faed9c0a8d8a,2019-02,Lancashire Constabulary,Lancashire Constabulary,-2.987168,53.738956,On or near Stanley Road,E01024982,Fylde 008B,Violence and sexual offences,Further investigation is not in the public interest,
24d9c92fbd4aff7ef4a3bec8ba7ccf9cd7d1c12096e4dc04f6b95fdd22efc9b8,2019-02,Lancashire Constabulary,Lancashire Constabulary,-2.987168,53.738956,On or near Stanley Road,E01024982,Fylde 008B,Violence and sexual offences,Further investigation is not in the public interest,
,2019-02,Lancashire Constabulary,Lancashire Constabulary,-2.997675,53.747283,On or near Sports/Recreation Area,E01024983,Fylde 008C,Anti-social behaviour,,
,2019-02,Lancashire Constabulary,Lancashire Constabulary,-2.997224,53.745525,On or near Central Drive,E01024983,Fylde 008C,Anti-social behaviour,,
0249e223f7496f0256543c750173fdd787b8c829a4993ec1ce5ec92bae6b70d7,2019-02,Lancashire Constabulary,Lancashire Constabulary,-2.991989,53.742800,On or near Rossall Road,E01024983,Fylde 008C,Public order,Status update unavailable,
e901a7f74366e744ae387606d8eea188dad04a77ba694636c8b7b4e9d272ff82,2019-02,Lancashire Constabulary,Lancashire Constabulary,-2.997675,53.747283,On or near Sports/Recreation Area,E01024983,Fylde 008C,Public order,Status update unavailable,
66001903de312cfc9e5bb59f30c59d52ee1cecb59e1af57cfff6835a38f58e25,2019-02,Lancashire Constabulary,Lancashire Constabulary,-3.016635,53.746206,On or near Balmoral Road,E01024994,Fylde 008D,Burglary,Status update unavailable,
e93dbf5d7d86ffa6ac68d1ad2e059318c81709e601519a0196d009fae44d8a97,2019-02,Lancashire Constabulary,Lancashire Constabulary,-3.019919,53.744066,On or near Cartmell Road,E01024994,Fylde 008D,Violence and sexual offences,Status update unavailable,
fe8cdd72f838eec207a63e2073e8cd5f75299d55a617ec66348acf2eb495253a,2019-02,Lancashire Constabulary,Lancashire Constabulary,-2.999445,53.738154,On or near Park/Open Space,E01024995,Fylde 008E,Burglary,Status update unavailable,
c443be4c6c0fc5acfd571e786915888781c7c6b7826eac93ada27a48e90221c4,2019-02,Lancashire Constabulary,Lancashire Constabulary,-2.997582,53.741450,On or near Lake Road North,E01024995,Fylde 008E,Other theft,Status update unavailable,
9e6a85681f5e9557ff73800b9c89d15d240df92cf42cd17f6b180a93f04da641,2019-02,Lancashire Constabulary,Lancashire Constabulary,-2.998872,53.739570,On or near Lake Road,E01024995,Fylde 008E,Vehicle crime,Status update unavailable,
de170e5f3edbc33830752c6146f4a2976fa16d7713ea2a7a22b7948f3c33ac3c,2019-02,Lancashire Constabulary,Lancashire Constabulary,-2.994331,53.741189,On or near Princes Road,E01024995,Fylde 008E,Vehicle crime,Unable to prosecute suspect,
d89e29970b7d5ec3a2e281b3f6d0dc3c5801fe6539d34f4196c5e6fa347451e1,2019-02,Lancashire Constabulary,Lancashire Constabulary,-3.010239,53.740049,On or near Inner Promenade,E01024995,Fylde 008E,Violence and sexual offences,Court case unable to proceed,
5b22e07c00db0f36ca13cc08e806571d614a2267074a056cbae282c3ff70265d,2019-02,Lancashire Constabulary,Lancashire Constabulary,-2.998373,53.740284,On or near Lake Road,E01024995,Fylde 008E,Violence and sexual offences,Status update unavailable,
7c0844ff38fd92602f2b0881c867ae9c284268d2c6541d88607f274fdfac5115,2019-02,Lancashire Constabulary,Lancashire Constabulary,-3.001319,53.742380,On or near Channing Road,E01024995,Fylde 008E,Violence and sexual offences,Formal action is not in the public interest,
f25aeb5625db4d005b1dbfb7b930c0fc9a1898006f4fff679a0bff50871551a1,2019-02,Lancashire Constabulary,Lancashire Constabulary,-2.994331,53.741189,On or near Princes Road,E01024995,Fylde 008E,Violence and sexual offences,Status update unavailable,
74abd09ab89dfdf5b88c8b4ba6e29198aec4b0b37efd2553ce0be8ad27a0bcbf,2019-02,Lancashire Constabulary,Lancashire Constabulary,-3.010239,53.740049,On or near Inner Promenade,E01024995,Fylde 008E,Violence and sexual offences,Court case unable to proceed,
c10df123175ac941b736775febf99dde907f2433f65e010ad9ff14e27f1700c7,2019-02,Lancashire Constabulary,Lancashire Constabulary,-3.005360,53.752872,On or near Boston Road,E01025003,Fylde 008F,Burglary,Status update unavailable,
63b6f812c42ab4f2b68440cb3c0dc01a5f24261fb5c686a8bffe673798616745,2019-02,Lancashire Constabulary,Lancashire Constabulary,-3.020987,53.750583,On or near Leamington Road,E01025003,Fylde 008F,Public order,Unable to prosecute suspect,
1b3c2b0e768e11cdefd071c5d6993d303c6ddbc8374d73a381a9bf937c5c55e5,2019-02,Lancashire Constabulary,Lancashire Constabulary,-3.015481,53.752463,On or near St Thomas' Road,E01025003,Fylde 008F,Violence and sexual offences,Status update unavailable,
ab71aca17d2b803a7b02a999711c1ed694d942306cc14da8a154a3f5bc13c42b,2019-02,Lancashire Constabulary,Lancashire Constabulary,-3.024209,53.751490,On or near St David'S Road South,E01025003,Fylde 008F,Violence and sexual offences,Awaiting court outcome,
,2019-02,Lancashire Constabulary,Lancashire Constabulary,-3.000553,53.750342,On or near Clifton Gardens,E01025017,Fylde 008G,Anti-social behaviour,,
0c67d1d47e2830f494da419a79bd5a89a1392eccbbf668ed3d4c1effea10784f,2019-02,Lancashire Constabulary,Lancashire Constabulary,-2.997118,53.750020,On or near Fallowfield Road,E01025017,Fylde 008G,Violence and sexual offences,Unable to prosecute suspect,
,2019-02,Lancashire Constabulary,Lancashire Constabulary,-2.953983,53.737068,On or near St John'S Street,E01024990,Fylde 009A,Anti-social behaviour,,
,2019-02,Lancashire Constabulary,Lancashire Constabulary,-2.958243,53.743056,On or near Park View Road,E01024990,Fylde 009A,Anti-social behaviour,,
,2019-02,Lancashire Constabulary,Lancashire Constabulary,-2.958243,53.743056,On or near Park View Road,E01024990,Fylde 009A,Anti-social behaviour,,
,2019-02,Lancashire Constabulary,Lancashire Constabulary,-2.964115,53.737958,On or near Chapel Street,E01024990,Fylde 009A,Anti-social behaviour,,
6e9ecc0e50de3fe9f5d90a1bd7be62581c69077bf02c4edc7b7d193c51fb97f3,2019-02,Lancashire Constabulary,Lancashire Constabulary,-2.964876,53.738725,On or near Station Square,E01024990,Fylde 009A,Bicycle theft,Status update unavailable,
b2692db47a53006fcb92c561adc2f03cb3e9078a44090cc49b93959e9e2b40b6,2019-02,Lancashire Constabulary,Lancashire Constabulary,-2.954792,53.737969,On or near Wharf Street,E01024990,Fylde 009A,Burglary,Status update unavailable,
2bce96a371aa854b974d0a529f8c4b2d3555169f73e03db18e3e2e116fc19a44,2019-02,Lancashire Constabulary,Lancashire Constabulary,-2.957404,53.739522,On or near Park View Road,E01024990,Fylde 009A,Burglary,Status update unavailable,
8aaa8a58466e349db690b860f6427e915060fe255fdd0fd5ecaeb1a99d370027,2019-02,Lancashire Constabulary,Lancashire Constabulary,-2.954792,53.737969,On or near Wharf Street,E01024990,Fylde 009A,Burglary,Status update unavailable,
fa95f681bef3879e600bb471637d53bf40e6caef6eef16a8ba099d54c0aa5bb4,2019-02,Lancashire Constabulary,Lancashire Constabulary,-2.958243,53.743056,On or near Park View Road,E01024990,Fylde 009A,Burglary,Status update unavailable,
b840738ed3438dec806869714c7d2f9c4b3e294df96090db36852cd30f58acc9,2019-02,Lancashire Constabulary,Lancashire Constabulary,-2.957404,53.739522,On or near Park View Road,E01024990,Fylde 009A,Burglary,Status update unavailable,
fa1cd56bed3dbff9686d8340526162cf6b2802283bff7afa454cefc0e5446748,2019-02,Lancashire Constabulary,Lancashire Constabulary,-2.953983,53.737068,On or near St John'S Street,E01024990,Fylde 009A,Criminal damage and arson,Status update unavailable,
d78df3b0e567e0b2a49f2f664b5fa3684e11216e3d7792f37145a8488defa09a,2019-02,Lancashire Constabulary,Lancashire Constabulary,-2.958243,53.743056,On or near Park View Road,E01024990,Fylde 009A,Other theft,Status update unavailable,
9f111fced842c4220a7cdfa579c46b239aca00a967686f3523a7e12f1b798ce4,2019-02,Lancashire Constabulary,Lancashire Constabulary,-2.962276,53.736417,On or near Bath Road,E01024990,Fylde 009A,Shoplifting,Status update unavailable,
9a930d089641a19d393fed6e0e31c113e9caebbf21aa80901ab860cb79fad900,2019-02,Lancashire Constabulary,Lancashire Constabulary,-2.962276,53.736417,On or near Bath Road,E01024990,Fylde 009A,Shoplifting,Status update unavailable,
d6822178637ee00d49aa68557f9bbf2441f028c9bc0d22fffbe47476bc118aa3,2019-02,Lancashire Constabulary,Lancashire Constabulary,-2.956839,53.737342,On or near Station Road,E01024990,Fylde 009A,Vehicle crime,Status update unavailable,
5379a420947b0ea4663ed3c94f88c42e2a294d027b51c5c9a3847ce8af0b8315,2019-02,Lancashire Constabulary,Lancashire Constabulary,-2.964876,53.738725,On or near Station Square,E01024990,Fylde 009A,Violence and sexual offences,Offender given a caution,
1db3dbc8c0d4b64698b5db699afab4490f7105253c09896774a8564d4003e426,2019-02,Lancashire Constabulary,Lancashire Constabulary,-2.957004,53.737925,On or near Station Road,E01024990,Fylde 009A,Violence and sexual offences,Status update unavailable,
3f2c5c3b66d5dcad345ab989b7bb2bdffcab3f9ed6d23ebaecfd93e18be29dc0,2019-02,Lancashire Constabulary,Lancashire Constabulary,-2.951906,53.737732,On or near Warton Street,E01024990,Fylde 009A,Violence and sexual offences,Formal action is not in the public interest,
,2019-02,Lancashire Constabulary,Lancashire Constabulary,-2.964757,53.737503,On or near Hastings Place,E01024991,Fylde 009B,Anti-social behaviour,,
,2019-02,Lancashire Constabulary,Lancashire Constabulary,-2.965108,53.736296,On or near Henry Street,E01024991,Fylde 009B,Anti-social behaviour,,
,2019-02,Lancashire Constabulary,Lancashire Constabulary,-2.967198,53.738176,On or near East Cecil Street,E01024991,Fylde 009B,Anti-social behaviour,,
9251f2cf16461f23cbd69294c8b1ecf07e7c81928033b6c12b0fbd19175fec79,2019-02,Lancashire Constabulary,Lancashire Constabulary,-2.963119,53.736150,On or near Dicconson Terrace,E01024991,Fylde 009B,Other theft,Status update unavailable,
b01b8a0b6015d04ee2a8b5a92898bfc054822941f6380a31f81b34efaca2f2e3,2019-02,Lancashire Constabulary,Lancashire Constabulary,-2.964267,53.736608,On or near Green Street,E01024991,Fylde 009B,Violence and sexual offences,Status update unavailable,
287c63a0751125fb733310f265b44525725c56918e574f1cb3e55dd7615fffc9,2019-02,Lancashire Constabulary,Lancashire Constabulary,-2.967198,53.738176,On or near East Cecil Street,E01024991,Fylde 009B,Violence and sexual offences,Unable to prosecute suspect,
ba9e6f6941a73dd61878f417e5e35d17d624380218c69b7a35b8f39b961f6fb3,2019-02,Lancashire Constabulary,Lancashire Constabulary,-2.967198,53.738176,On or near East Cecil Street,E01024991,Fylde 009B,Violence and sexual offences,Status update unavailable,
626d05aa90dec9cb8d98de2ae931a5632793673646db2f7bffbd0568b22e30b7,2019-02,Lancashire Constabulary,Lancashire Constabulary,-2.962411,53.737693,On or near Pleasant Street,E01024991,Fylde 009B,Violence and sexual offences,Status update unavailable,
4ed8c2f998894e526d89583087091234e965bfca1ca3808749cc8ba98a6d21aa,2019-02,Lancashire Constabulary,Lancashire Constabulary,-2.967198,53.738176,On or near East Cecil Street,E01024991,Fylde 009B,Violence and sexual offences,Status update unavailable,
14ed6dbea41ba15f18b66ac0883ced7c55527f136a74003ebac08490fb21f5fa,2019-02,Lancashire Constabulary,Lancashire Constabulary,-2.979358,53.735614,On or near Fairlawn Road,E01024991,Fylde 009B,Violence and sexual offences,Status update unavailable,
f69154b4093a2be11ad366ce47ba1f6b3c0491ae13d8e22c0caf327732b27f4d,2019-02,Lancashire Constabulary,Lancashire Constabulary,-2.968917,53.740382,On or near South Park,E01024992,Fylde 009C,Other theft,Status update unavailable,
,2019-02,Lancashire Constabulary,Lancashire Constabulary,-2.937988,53.745868,On or near Boundary Road,E01025020,Fylde 009D,Anti-social behaviour,,
,2019-02,Lancashire Constabulary,Lancashire Constabulary,-2.945088,53.743988,On or near Saltcotes Road,E01025020,Fylde 009D,Anti-social behaviour,,
,2019-02,Lancashire Constabulary,Lancashire Constabulary,-2.937988,53.745868,On or near Boundary Road,E01025020,Fylde 009D,Anti-social behaviour,,
4ec3f67c47248ba91df3714da15782200ebd9db44a85a5c3b61963c9e4688c6c,2019-02,Lancashire Constabulary,Lancashire Constabulary,-2.946641,53.751022,On or near Saltcotes Road,E01025020,Fylde 009D,Burglary,Status update unavailable,
f4aa808f0907e1c1a043c72c907f2ffc58f5a99d644d2e84ccc080448fc0d0ff,2019-02,Lancashire Constabulary,Lancashire Constabulary,-2.942479,53.746687,On or near Howgill Way,E01025020,Fylde 009D,Criminal damage and arson,Status update unavailable,
a81bc079e220a80388475c779c49fdc92bcb5d357d5a082e7ae38c7250b76547,2019-02,Lancashire Constabulary,Lancashire Constabulary,-2.940233,53.744565,On or near Mornington Road,E01025020,Fylde 009D,Other theft,Status update unavailable,
aba33868c3bb16b3e29a3654797433890933984b02f7aa259887d40a4864c41f,2019-02,Lancashire Constabulary,Lancashire Constabulary,-2.940233,53.744565,On or near Mornington Road,E01025020,Fylde 009D,Other theft,Status update unavailable,
4925a31fa12c1787fe7bafdc25f2757a5f24cc132d67936936f1ba3e5410b735,2019-02,Lancashire Constabulary,Lancashire Constabulary,-2.945088,53.743988,On or near Saltcotes Road,E01025020,Fylde 009D,Public order,Status update unavailable,
,2019-02,Lancashire Constabulary,Lancashire Constabulary,-2.952052,53.739483,On or near Clifton Court,E01025021,Fylde 009E,Anti-social behaviour,,
,2019-02,Lancashire Constabulary,Lancashire Constabulary,-2.952052,53.739483,On or near Clifton Court,E01025021,Fylde 009E,Anti-social behaviour,,
,2019-02,Lancashire Constabulary,Lancashire Constabulary,-2.957181,53.740377,On or near Brookfield Terrace,E01025021,Fylde 009E,Anti-social behaviour,,
f54134e7730f2faf5c4ff9caf0f63cbb7c22bc840ad88df36618152e90af3778,2019-02,Lancashire Constabulary,Lancashire Constabulary,-2.955748,53.740020,On or near Brook Road,E01025021,Fylde 009E,Burglary,Status update unavailable,
e04322c9457e033ef2295971e0586079c868adac31ddb995304ad75eb614a68d,2019-02,Lancashire Constabulary,Lancashire Constabulary,-2.956084,53.740790,On or near Mythop Close,E01025021,Fylde 009E,Burglary,Status update unavailable,
37a5a21daec695e051013e9994c6c552db3924cc5f27726e80edf7362d154d95,2019-02,Lancashire Constabulary,Lancashire Constabulary,-2.955748,53.740020,On or near Brook Road,E01025021,Fylde 009E,Burglary,Status update unavailable,
68f0b9fa4b467f1389c89e5ad037dbfd0c07ad6e24cbdfb3343fcb871fb8067a,2019-02,Lancashire Constabulary,Lancashire Constabulary,-2.956398,53.741947,On or near South Holme,E01025021,Fylde 009E,Burglary,Status update unavailable,
6efec1676717de90ae8a72907b0d0bb5b4ec61336442d1e84d2267395acdf370,2019-02,Lancashire Constabulary,Lancashire Constabulary,-2.956979,53.744127,On or near Bellingham Road,E01025021,Fylde 009E,Burglary,Status update unavailable,
112cecc48a159e67b42336bfd1beb1502360af26b1ce811d547b0aac7386cf39,2019-02,Lancashire Constabulary,Lancashire Constabulary,-2.956084,53.740790,On or near Mythop Close,E01025021,Fylde 009E,Burglary,Status update unavailable,
38efdcfae962a5a109ec4b39fa716a1560afa8f64ef6bfc88abb96639f7f6dfc,2019-02,Lancashire Constabulary,Lancashire Constabulary,-2.956301,53.739683,On or near Badgers Walk West,E01025021,Fylde 009E,Shoplifting,Offender sent to prison,
417ee2629cec8c9705da661a83e6f5834eb9626854724210412714206b800421,2019-02,Lancashire Constabulary,Lancashire Constabulary,-2.951742,53.742569,On or near Mythop Road,E01025021,Fylde 009E,Violence and sexual offences,Unable to prosecute suspect,
db5e6d819ff5e6c221c33a2561c7b388e848afda6a0e3fa749f394fb6ffa1002,2019-02,Lancashire Constabulary,Lancashire Constabulary,-2.951742,53.742569,On or near Mythop Road,E01025021,Fylde 009E,Violence and sexual offences,Unable to prosecute suspect,
9a0876948036a1333a799187e3f6a5f094e7538deea1aed6cec33f36045726e0,2019-02,Lancashire Constabulary,Lancashire Constabulary,-2.956801,53.745000,On or near Norfolk Road,E01025021,Fylde 009E,Violence and sexual offences,Status update unavailable,
c63be174974ea01e6330438a7f5a01b2baa3c751051c0adf1006e6ebcb3b71ea,2019-02,Lancashire Constabulary,Lancashire Constabulary,-2.951742,53.742569,On or near Mythop Road,E01025021,Fylde 009E,Other crime,Unable to prosecute suspect,
,2019-02,Lancashire Constabulary,Lancashire Constabulary,-2.950822,53.738729,On or near Freckleton Street,E01025022,Fylde 009F,Anti-social behaviour,,
9b376506d8be0f04b16fbbc9c437fe80e0b343d01a1439380df55014007d29e2,2019-02,Lancashire Constabulary,Lancashire Constabulary,-2.947342,53.738361,On or near Hospital,E01025022,Fylde 009F,Burglary,Status update unavailable,
89ea3e033eff35fe99498125f172766b2f0b3ccbd52f985226841311ff56e208,2019-02,Lancashire Constabulary,Lancashire Constabulary,-2.945001,53.741490,On or near Preston Road,E01025022,Fylde 009F,Criminal damage and arson,Unable to prosecute suspect,
44c793dee12bc0d856a6769b943e19dbd1d40aa1df58c374d9ee513d4179b719,2019-02,Lancashire Constabulary,Lancashire Constabulary,-2.945001,53.741490,On or near Preston Road,E01025022,Fylde 009F,Other theft,Status update unavailable,
d2da6f451fef8c76a9052105d07580104b6d6fc695cd75602c6d132e1b0c4839,2019-02,Lancashire Constabulary,Lancashire Constabulary,-2.945001,53.741490,On or near Preston Road,E01025022,Fylde 009F,Public order,Status update unavailable,
a5108f57a6e58f945534578e3c74d14d3c84959a0ad601e9027665d16f3db44b,2019-02,Lancashire Constabulary,Lancashire Constabulary,-2.941599,53.739890,On or near Burnham Place,E01025022,Fylde 009F,Violence and sexual offences,Unable to prosecute suspect,
a4bec49219c06c0afd23ed9cd2b00df33ff7c84bb452e6c14e0dba4888cf7173,2019-02,Lancashire Constabulary,Lancashire Constabulary,-2.946588,53.738538,On or near Parking Area,E01025022,Fylde 009F,Violence and sexual offences,Status update unavailable,
9ffb6ef8c19e32371b9beb365f3a92bca0864402eb276da9390f4d1fbcb0d140,2019-02,Lancashire Constabulary,Lancashire Constabulary,-0.034373,51.551607,On or near Kingsmead Way,E01001786,Hackney 013A,Violence and sexual offences,Unable to prosecute suspect,
,2019-02,Lancashire Constabulary,Lancashire Constabulary,-2.405525,53.783359,On or near St Hubert'S Road,E01025060,Hyndburn 001A,Anti-social behaviour,,
,2019-02,Lancashire Constabulary,Lancashire Constabulary,-2.407607,53.782003,On or near Garden Street,E01025060,Hyndburn 001A,Anti-social behaviour,,
,2019-02,Lancashire Constabulary,Lancashire Constabulary,-2.404552,53.783173,On or near Orchard Street,E01025060,Hyndburn 001A,Anti-social behaviour,,
,2019-02,Lancashire Constabulary,Lancashire Constabulary,-2.403070,53.783682,On or near Prospect Street,E01025060,Hyndburn 001A,Anti-social behaviour,,
5db36825cab86290bd867e4bf5737355eaf081e060124779d483126cb3d5a6cb,2019-02,Lancashire Constabulary,Lancashire Constabulary,-2.404363,53.782392,On or near Railway Terrace,E01025060,Hyndburn 001A,Burglary,Status update unavailable,
ef12fde35c6e0b11bc7b953ac6ff0503e73bd8455b44cdc9c5638a2b4b02074b,2019-02,Lancashire Constabulary,Lancashire Constabulary,-2.405525,53.783359,On or near St Hubert'S Road,E01025060,Hyndburn 001A,Burglary,Status update unavailable,
e7f8932f4e504e314d94d1508699a177518abdbcc45c9589bf0044ac816550e7,2019-02,Lancashire Constabulary,Lancashire Constabulary,-2.406440,53.782160,On or near St John'S Street,E01025060,Hyndburn 001A,Other theft,Unable to prosecute suspect,
55e6059001a3219b08bbb5c87c615d0fe6e88156e6ee9672b09957eb8f36af91,2019-02,Lancashire Constabulary,Lancashire Constabulary,-2.407607,53.782003,On or near Garden Street,E01025060,Hyndburn 001A,Public order,Status update unavailable,
2db84fb0519131ff7ea6c9b37fccc2d03cf86f317ffb3921ea262e3685a57e90,2019-02,Lancashire Constabulary,Lancashire Constabulary,-2.407224,53.783191,On or near Noble Street,E01025060,Hyndburn 001A,Vehicle crime,Status update unavailable,
5e551e81750d4ccaf5b8f656e98ca4680efb72a2279a1b90f6b44e11d9ec0c10,2019-02,Lancashire Constabulary,Lancashire Constabulary,-2.407997,53.783135,On or near Heywood Street,E01025060,Hyndburn 001A,Violence and sexual offences,Unable to prosecute suspect,
c63a7e72c37d1ca5f1fd9d2a65dbdc4b52427e146e12e75e1a0dbbb028bbc698,2019-02,Lancashire Constabulary,Lancashire Constabulary,-2.407224,53.783191,On or near Noble Street,E01025060,Hyndburn 001A,Violence and sexual offences,Status update unavailable,
4ac2f1adba8af6d717a4ce90f4b49f0f20a03be0aa5681316087cfb267a26e8e,2019-02,Lancashire Constabulary,Lancashire Constabulary,-2.405525,53.783359,On or near St Hubert'S Road,E01025060,Hyndburn 001A,Violence and sexual offences,Unable to prosecute suspect,
178e92e4d2e7d5653b97527b4482ef80e8eb3d7b2abea77d8d9df3173da39bad,2019-02,Lancashire Constabulary,Lancashire Constabulary,-2.408840,53.780885,On or near Hope Street,E01025060,Hyndburn 001A,Violence and sexual offences,Status update unavailable,
114a55ee25a23d1ad68029e6826e52a143829532c80101172ed212ab3eb3bf9c,2019-02,Lancashire Constabulary,Lancashire Constabulary,-2.404552,53.783173,On or near Orchard Street,E01025060,Hyndburn 001A,Violence and sexual offences,Status update unavailable,
6a015daa4802ea13dc1d93d963c5838abf5f6d50162a0a11f4391dc984b29cef,2019-02,Lancashire Constabulary,Lancashire Constabulary,-2.408840,53.780885,On or near Hope Street,E01025060,Hyndburn 001A,Violence and sexual offences,Unable to prosecute suspect,
,2019-02,Lancashire Constabulary,Lancashire Constabulary,-2.389503,53.791959,On or near Harwood New Road,E01025061,Hyndburn 001B,Anti-social behaviour,,
75a0518a4f9d3e0829dc5978b25727635cf268bacea3fa52f2995963ba4f79de,2019-02,Lancashire Constabulary,Lancashire Constabulary,-2.392758,53.786223,On or near Heys Lane,E01025061,Hyndburn 001B,Burglary,Status update unavailable,
84b0f9dfe65b2e52ca143f807783649b790ed2b918a5cd1ae0ec3896b3970931,2019-02,Lancashire Constabulary,Lancashire Constabulary,-2.387052,53.789532,On or near Sawley Drive,E01025061,Hyndburn 001B,Burglary,Status update unavailable,
ec39c0dd460efe0aa8ced723c18059c3aec7dfec76cee74ccb8db7e38d0d2b56,2019-02,Lancashire Constabulary,Lancashire Constabulary,-2.384067,53.790170,On or near Kingsway,E01025061,Hyndburn 001B,Burglary,Status update unavailable,
da2c4af2faaef35e426bc05fbb10f7b2f5eeb72fb78549dfe9b8af2ee9d5c792,2019-02,Lancashire Constabulary,Lancashire Constabulary,-2.387052,53.789532,On or near Sawley Drive,E01025061,Hyndburn 001B,Burglary,Status update unavailable,
d48239b6d02172c2f62eef77b75edd184772bc50d8520d61dac9fa3c3848765c,2019-02,Lancashire Constabulary,Lancashire Constabulary,-2.392758,53.786223,On or near Heys Lane,E01025061,Hyndburn 001B,Burglary,Status update unavailable,
8b3b085e8225782fc0a88789c62fb2a54981f0d397ac19776520e6620a015513,2019-02,Lancashire Constabulary,Lancashire Constabulary,-2.392758,53.786223,On or near Heys Lane,E01025061,Hyndburn 001B,Other theft,Status update unavailable,
0658a03863ecd18f4fe504ee21c8c0e69262077a267e8cf501c201e6a4ca7b45,2019-02,Lancashire Constabulary,Lancashire Constabulary,-2.397692,53.786270,On or near Park Road,E01025061,Hyndburn 001B,Public order,Offender given penalty notice,
ee30f1cc15b52b78ecb0f921aeb8bb3a520068cbbb354b90fdf0102cc972588a,2019-02,Lancashire Constabulary,Lancashire Constabulary,-2.388329,53.794687,On or near Whalley Road,E01025061,Hyndburn 001B,Violence and sexual offences,Unable to prosecute suspect,
0cda5aceb83312118d47fd288f0554f1f21228af6dd77a43a1a5b54299bcf58e,2019-02,Lancashire Constabulary,Lancashire Constabulary,-2.399782,53.785859,On or near Princess Street,E01025061,Hyndburn 001B,Violence and sexual offences,Status update unavailable,
5a91020b056a411d0875a06b82852d8760ea5a7f9cd7b014cc96fab8d0ce309f,2019-02,Lancashire Constabulary,Lancashire Constabulary,-2.397692,53.786270,On or near Park Road,E01025061,Hyndburn 001B,Violence and sexual offences,Unable to prosecute suspect,
db5cb64ceff78c0a5a425104f86c9fdf016d2752f5f585015a8549b00610e218,2019-02,Lancashire Constabulary,Lancashire Constabulary,-2.392758,53.786223,On or near Heys Lane,E01025061,Hyndburn 001B,Other crime,Unable to prosecute suspect,
,2019-02,Lancashire Constabulary,Lancashire Constabulary,-2.411221,53.779115,On or near Lee Lane,E01025062,Hyndburn 001C,Anti-social behaviour,,
,2019-02,Lancashire Constabulary,Lancashire Constabulary,-2.400345,53.782846,On or near Union Court,E01025062,Hyndburn 001C,Anti-social behaviour,,
,2019-02,Lancashire Constabulary,Lancashire Constabulary,-2.407866,53.785238,On or near Town Hall Street,E01025062,Hyndburn 001C,Anti-social behaviour,,
,2019-02,Lancashire Constabulary,Lancashire Constabulary,-2.403772,53.785702,On or near Ward Street,E01025062,Hyndburn 001C,Anti-social behaviour,,
,2019-02,Lancashire Constabulary,Lancashire Constabulary,-2.411221,53.779115,On or near Lee Lane,E01025062,Hyndburn 001C,Anti-social behaviour,,
,2019-02,Lancashire Constabulary,Lancashire Constabulary,-2.407597,53.784116,On or near Hesketh Street,E01025062,Hyndburn 001C,Anti-social behaviour,,
,2019-02,Lancashire Constabulary,Lancashire Constabulary,-2.406303,53.783752,On or near Segar Street,E01025062,Hyndburn 001C,Anti-social behaviour,,
8860349f01992b91028a33e9c7963fa07724bd3d8adc11036e6f72658d2c337d,2019-02,Lancashire Constabulary,Lancashire Constabulary,-2.408055,53.785975,On or near Queen Street,E01025062,Hyndburn 001C,Bicycle theft,Status update unavailable,
ae79f60921f17cfd781af20fad33578e3efeb3fdf012a44d7d6766b68d5d9de1,2019-02,Lancashire Constabulary,Lancashire Constabulary,-2.407035,53.784082,On or near Walmsley Street,E01025062,Hyndburn 001C,Criminal damage and arson,Status update unavailable,
872b33e59cd7dfc9bb3425a400596f66da1e0fabba8a3e84016c7719d09d545c,2019-02,Lancashire Constabulary,Lancashire Constabulary,-2.398031,53.785271,On or near Lewis Street,E01025062,Hyndburn 001C,Public order,Status update unavailable,
18e69e85b1ff0c4d015a6935f2b31f3153c17a64da559a94bcd8a964807fcd31,2019-02,Lancashire Constabulary,Lancashire Constabulary,-2.407866,53.785238,On or near Town Hall Street,E01025062,Hyndburn 001C,Robbery,Awaiting court outcome,
159aa344a9cd90a64ac08d724df8d2da216b2ce829d0e8a63a82c6be35ee6139,2019-02,Lancashire Constabulary,Lancashire Constabulary,-2.407866,53.785238,On or near Town Hall Street,E01025062,Hyndburn 001C,Shoplifting,Status update unavailable,
783fd1d2e027e7de41ac72c1445b9c9234fee6ac1a65112b54dbd391b87225a5,2019-02,Lancashire Constabulary,Lancashire Constabulary,-2.407866,53.785238,On or near Town Hall Street,E01025062,Hyndburn 001C,Shoplifting,Status update unavailable,
635b71f4de6827eb90a8266599749f22cd57435c8699af4b9331abdeb5f7107e,2019-02,Lancashire Constabulary,Lancashire Constabulary,-2.403772,53.785702,On or near Ward Street,E01025062,Hyndburn 001C,Violence and sexual offences,Unable to prosecute suspect,
8a1547e0bc4dafd3caa41001eca6eebfc3f86eed2ef5dfc76010818a44481a54,2019-02,Lancashire Constabulary,Lancashire Constabulary,-2.406380,53.785414,On or near Loynd Street,E01025062,Hyndburn 001C,Violence and sexual offences,Formal action is not in the public interest,
aa77a845e7c2a69405d5cc12dfa7d2a479c8c37f9445a3a2c854d07ebef30c5e,2019-02,Lancashire Constabulary,Lancashire Constabulary,-2.402751,53.785220,On or near Mercer Street,E01025062,Hyndburn 001C,Violence and sexual offences,Status update unavailable,
984da95061e909f5eda2cafab3746330d9a9da16dd4e76c69e5cab7f8c9f41d6,2019-02,Lancashire Constabulary,Lancashire Constabulary,-2.403704,53.784884,On or near Grimshaw Street,E01025062,Hyndburn 001C,Violence and sexual offences,Unable to prosecute suspect,
34b08846b4738c666f56e3bc27f6e621baec8216553a3f978bab3797b7c7164b,2019-02,Lancashire Constabulary,Lancashire Constabulary,-2.406012,53.785029,On or near Westwell Street,E01025062,Hyndburn 001C,Violence and sexual offences,Status update unavailable,
c0e199f01b4a1b2770bd824cb00ac86c4cba9daadfa35d0ce2b2052ea0b3c3d9,2019-02,Lancashire Constabulary,Lancashire Constabulary,-2.408055,53.785975,On or near Queen Street,E01025062,Hyndburn 001C,Violence and sexual offences,Status update unavailable,
a744bf6e6db36915aeddbb052f7a988151130d7a43f5535dc868109b7c98d1d7,2019-02,Lancashire Constabulary,Lancashire Constabulary,-2.408055,53.785975,On or near Queen Street,E01025062,Hyndburn 001C,Violence and sexual offences,Status update unavailable,
498c5b44ccb6def25097f18e8447b547c5074a24b04114acef422027d6d95085,2019-02,Lancashire Constabulary,Lancashire Constabulary,-2.406012,53.785029,On or near Westwell Street,E01025062,Hyndburn 001C,Violence and sexual offences,Status update unavailable,
3b14bd53a92ba5b32c2152d62b8ca5a17e26c02e85fdcd336e40cbf07e4bf323,2019-02,Lancashire Constabulary,Lancashire Constabulary,-2.406012,53.785029,On or near Westwell Street,E01025062,Hyndburn 001C,Violence and sexual offences,Status update unavailable,
,2019-02,Lancashire Constabulary,Lancashire Constabulary,-2.413807,53.781362,On or near Burns Way,E01025063,Hyndburn 001D,Anti-social behaviour,,
,2019-02,Lancashire Constabulary,Lancashire Constabulary,-2.413807,53.781362,On or near Burns Way,E01025063,Hyndburn 001D,Anti-social behaviour,,
,2019-02,Lancashire Constabulary,Lancashire Constabulary,-2.415609,53.787036,On or near Edge End,E01025063,Hyndburn 001D,Anti-social behaviour,,
,2019-02,Lancashire Constabulary,Lancashire Constabulary,-2.410990,53.780311,On or near Dryden Grove,E01025063,Hyndburn 001D,Anti-social behaviour,,
4236f27c07822524248c132661da2a37e5c9a4819c1d6e5c416f5c6a5b7ea0c1,2019-02,Lancashire Constabulary,Lancashire Constabulary,-2.415642,53.782767,On or near Kipling Place,E01025063,Hyndburn 001D,Other theft,Status update unavailable,
d374797d537fb44339645e9488742196fcc2d7d0a4a76f9ebd9a842078281102,2019-02,Lancashire Constabulary,Lancashire Constabulary,-2.410121,53.779901,On or near Willow Street,E01025063,Hyndburn 001D,Violence and sexual offences,Unable to prosecute suspect,
377f1f644c9702d6b2fbc1f42e626ba084a2191d134901cf23262ceb16c282a9,2019-02,Lancashire Constabulary,Lancashire Constabulary,-2.410121,53.779901,On or near Willow Street,E01025063,Hyndburn 001D,Violence and sexual offences,Unable to prosecute suspect,
cf2fbfafdbc9a9244dcce57873c01830f7a7589aeece5d96112040913e7c87f4,2019-02,Lancashire Constabulary,Lancashire Constabulary,-2.415609,53.787036,On or near Edge End,E01025063,Hyndburn 001D,Violence and sexual offences,Unable to prosecute suspect,
a38d9121276847fed3b688bb4eaac45dcb10bccc9398e0a677c774050633302b,2019-02,Lancashire Constabulary,Lancashire Constabulary,-2.412015,53.781152,On or near Springfield Road,E01025063,Hyndburn 001D,Violence and sexual offences,Status update unavailable,
,2019-02,Lancashire Constabulary,Lancashire Constabulary,-2.409611,53.791497,On or near Cliffe Lane,E01025064,Hyndburn 001E,Anti-social behaviour,,
b42e7f76e61ef0954dc17b4c2a027158a0f2569fa6b5b2366cabdaf7b938d421,2019-02,Lancashire Constabulary,Lancashire Constabulary,-2.413923,53.791545,On or near Northcliffe,E01025064,Hyndburn 001E,Burglary,Status update unavailable,
a7169b2cb9ae76aa41eaf2eeb2cb212845ab4fb56085f0aee3cca464c7be5456,2019-02,Lancashire Constabulary,Lancashire Constabulary,-2.406784,53.789556,On or near Oak Street,E01025064,Hyndburn 001E,Drugs,Status update unavailable,
70b4df7d75e1ea9ff4cea2ea11c71930533b9194ff2a35b1bef189aee80bd99c,2019-02,Lancashire Constabulary,Lancashire Constabulary,-2.412207,53.786832,On or near Belmont Road,E01025064,Hyndburn 001E,Public order,Status update unavailable,
bfd7a31706e0ec5606f86a747fde6f6cc1cbf5ed826251cf902dd236d5c587cb,2019-02,Lancashire Constabulary,Lancashire Constabulary,-2.411797,53.789953,On or near Ash Lane,E01025064,Hyndburn 001E,Violence and sexual offences,Unable to prosecute suspect,
30419a72bc3fce0658109a504bada5d93ad141be31115776c0a7ae9f25b066a8,2019-02,Lancashire Constabulary,Lancashire Constabulary,-2.398952,53.791173,On or near Allsprings Close,E01025064,Hyndburn 001E,Violence and sexual offences,Status update unavailable,
60f577dd88f1ee9f5d0bf25a7f0d19768c7568e7bd8ae2f41b28a12ccca63297,2019-02,Lancashire Constabulary,Lancashire Constabulary,-2.414379,53.786978,On or near Fielding Lane,E01025064,Hyndburn 001E,Violence and sexual offences,Status update unavailable,
aecf01be0049ec5cc60b1681f6a1399df28c286f1be7378f9151206fc3a78ed9,2019-02,Lancashire Constabulary,Lancashire Constabulary,-2.414379,53.786978,On or near Fielding Lane,E01025064,Hyndburn 001E,Violence and sexual offences,Status update unavailable,
,2019-02,Lancashire Constabulary,Lancashire Constabulary,-2.407657,53.787234,On or near Parking Area,E01025065,Hyndburn 001F,Anti-social behaviour,,
01e4723152e9614652672ca0332dad47da5ce0c532154cbed3c3b6d249aa02b7,2019-02,Lancashire Constabulary,Lancashire Constabulary,-2.409175,53.785602,On or near Edward Street,E01025065,Hyndburn 001F,Criminal damage and arson,Unable to prosecute suspect,
14e82bb5d939fa67a129b245bac7a11fa199aff088198436b01b83fcdf5b7d88,2019-02,Lancashire Constabulary,Lancashire Constabulary,-2.411379,53.784390,On or near George Street,E01025065,Hyndburn 001F,Violence and sexual offences,Unable to prosecute suspect,
,2019-02,Lancashire Constabulary,Lancashire Constabulary,-2.392128,53.791834,On or near Harwood Lane,E01025066,Hyndburn 001G,Anti-social behaviour,,
,2019-02,Lancashire Constabulary,Lancashire Constabulary,-2.403492,53.786556,On or near Parking Area,E01025066,Hyndburn 001G,Anti-social behaviour,,
0370842565b0d01d59db7bdaf40065d27952986f159abe9d9817b68016363755,2019-02,Lancashire Constabulary,Lancashire Constabulary,-2.402189,53.788385,On or near Poplar Avenue,E01025066,Hyndburn 001G,Criminal damage and arson,Unable to prosecute suspect,
2743681c44b2e2df975943937d09e2fc5f69965ae8aef7142c0d9f697c7cc61d,2019-02,Lancashire Constabulary,Lancashire Constabulary,-2.403492,53.786556,On or near Parking Area,E01025066,Hyndburn 001G,Other theft,Status update unavailable,
0032ad967f446ef08f97bf6a785c149fb5162076b160be21720511b70fe65141,2019-02,Lancashire Constabulary,Lancashire Constabulary,-2.400177,53.787529,On or near Sports/Recreation Area,E01025066,Hyndburn 001G,Public order,Status update unavailable,
ba510b4c5460822fb1f35f0a1bf2178cb1c5d6b118c03083bdfbb53bb25d5284,2019-02,Lancashire Constabulary,Lancashire Constabulary,-2.400177,53.787529,On or near Sports/Recreation Area,E01025066,Hyndburn 001G,Shoplifting,Offender given a caution,
85a577b824560fe64615116f2a76f14e3ed62adeaf2696cebf19db6a7d7575f4,2019-02,Lancashire Constabulary,Lancashire Constabulary,-2.395428,53.790879,On or near Hesketh Court,E01025066,Hyndburn 001G,Vehicle crime,Status update unavailable,
9ece632ba7939555ff23f9bad8abd627211695d002055748c2599e59b00ccd3d,2019-02,Lancashire Constabulary,Lancashire Constabulary,-2.399041,53.789277,On or near Park Avenue,E01025066,Hyndburn 001G,Violence and sexual offences,Unable to prosecute suspect,
f11cee4519070ebbb140c6506d2e7788580af2c8fddac25d05fcd0c0f251727f,2019-02,Lancashire Constabulary,Lancashire Constabulary,-2.399041,53.789277,On or near Park Avenue,E01025066,Hyndburn 001G,Violence and sexual offences,Status update unavailable,
0820f5414019773135736c65c34e22fac3191855d5f6e24af3277a39b90ba4fa,2019-02,Lancashire Constabulary,Lancashire Constabulary,-2.400177,53.787529,On or near Sports/Recreation Area,E01025066,Hyndburn 001G,Violence and sexual offences,Status update unavailable,
02b0b43e7a27623137cd9443577f4fd95937d94b9e60e4884aa814127cb36ba3,2019-02,Lancashire Constabulary,Lancashire Constabulary,-2.395509,53.791401,On or near Mercer Drive,E01025066,Hyndburn 001G,Violence and sexual offences,Status update unavailable,
8a9235087fe2d995ab2c0e58ad6c20a4d596302ab795c55d4f976b818ed7997c,2019-02,Lancashire Constabulary,Lancashire Constabulary,-2.403492,53.786556,On or near Parking Area,E01025066,Hyndburn 001G,Violence and sexual offences,Unable to prosecute suspect,
db2aedee4e737db128b10eb3aade029108f68e4e3f063b23e7cc9c3cf260db1d,2019-02,Lancashire Constabulary,Lancashire Constabulary,-2.396728,53.790282,On or near Empire Street,E01025066,Hyndburn 001G,Violence and sexual offences,Status update unavailable,
808f58dabf1501f26ed5052e36d4aaaaac8df0c9fecb37e067abcc8698f2dddb,2019-02,Lancashire Constabulary,Lancashire Constabulary,-2.396220,53.791173,On or near Martholme Close,E01025066,Hyndburn 001G,Other crime,Status update unavailable,
,2019-02,Lancashire Constabulary,Lancashire Constabulary,-2.381519,53.777047,On or near Gloucester Avenue,E01025032,Hyndburn 002A,Anti-social behaviour,,
,2019-02,Lancashire Constabulary,Lancashire Constabulary,-2.382706,53.777322,On or near York Close,E01025032,Hyndburn 002A,Anti-social behaviour,,
,2019-02,Lancashire Constabulary,Lancashire Constabulary,-2.382201,53.778528,On or near Warwick Avenue,E01025032,Hyndburn 002A,Anti-social behaviour,,
,2019-02,Lancashire Constabulary,Lancashire Constabulary,-2.381979,53.772552,On or near King Street,E01025032,Hyndburn 002A,Anti-social behaviour,,
9e66ae4984f5c00d9720a86b362a9e82fc044d772a49618b2fd33ce12d77269d,2019-02,Lancashire Constabulary,Lancashire Constabulary,-2.380497,53.778102,On or near Cumberland Avenue,E01025032,Hyndburn 002A,Violence and sexual offences,Unable to prosecute suspect,
3438729b782f7ce54640c12220315de9e1b39d53fb56a7acb262a159ec6ec7ff,2019-02,Lancashire Constabulary,Lancashire Constabulary,-2.381664,53.772903,On or near Earl Street,E01025032,Hyndburn 002A,Violence and sexual offences,Further investigation is not in the public interest,
37648aa2421810f6cb9bcf88374e8f45ecdcb32326e7364793d77f94ebb3eddc,2019-02,Lancashire Constabulary,Lancashire Constabulary,-2.380408,53.776682,On or near Devonshire Drive,E01025032,Hyndburn 002A,Violence and sexual offences,Status update unavailable,
1d893b6209b15ef0115adbf39f487d492e79ae3c50d42969b3024e58ddc4490b,2019-02,Lancashire Constabulary,Lancashire Constabulary,-2.380408,53.776682,On or near Devonshire Drive,E01025032,Hyndburn 002A,Violence and sexual offences,Unable to prosecute suspect,
41fa829d613f1e8e5171a52dc59e87671e2add6b3306711881170ce1a961d7d9,2019-02,Lancashire Constabulary,Lancashire Constabulary,-2.380408,53.776682,On or near Devonshire Drive,E01025032,Hyndburn 002A,Violence and sexual offences,Unable to prosecute suspect,
41551254c5afd36511f4339680cf20a6dcb255afd586c14b54a84e4e7e0676e7,2019-02,Lancashire Constabulary,Lancashire Constabulary,-2.381664,53.772903,On or near Earl Street,E01025032,Hyndburn 002A,Violence and sexual offences,Status update unavailable,
,2019-02,Lancashire Constabulary,Lancashire Constabulary,-2.377761,53.774219,On or near Paynter Close,E01025033,Hyndburn 002B,Anti-social behaviour,,
59e95bcf5696650029d80633e17d7c2d1d7b7dfc64d411759369c36ba9cf96e3,2019-02,Lancashire Constabulary,Lancashire Constabulary,-2.352106,53.770935,On or near Enfield Road,E01025033,Hyndburn 002B,Burglary,Status update unavailable,
2586d87845b3c8bf227809d349c474ffb412812c8674dab29025e4b33daeb0e2,2019-02,Lancashire Constabulary,Lancashire Constabulary,-2.368719,53.776089,On or near Moorfield Drive,E01025033,Hyndburn 002B,Criminal damage and arson,Unable to prosecute suspect,
d4ef75846b0a137ce8c14ff0ffc65b79fc40fb3df7445e213ef5c9996b0c694d,2019-02,Lancashire Constabulary,Lancashire Constabulary,-2.376743,53.774024,On or near Burnley Road,E01025033,Hyndburn 002B,Other theft,Status update unavailable,
744b399aadf6b8494189219190bdf5ab9cf90872ecf6baf7dafbe81b168c1202,2019-02,Lancashire Constabulary,Lancashire Constabulary,-2.370893,53.766196,On or near Epping Avenue,E01025033,Hyndburn 002B,Other theft,Status update unavailable,
29d15e39410f8c668affdf7ab0d89e63f616afe4921099f6e5d363f7cb183123,2019-02,Lancashire Constabulary,Lancashire Constabulary,-2.343598,53.789970,On or near Shorten Brook Drive,E01025033,Hyndburn 002B,Other theft,Status update unavailable,
c8697040a6e83a384108a6e716d39b09616c5d7590e8da5dd0f341d049d4bb6b,2019-02,Lancashire Constabulary,Lancashire Constabulary,-2.345905,53.791743,On or near Mercury Rise,E01025033,Hyndburn 002B,Vehicle crime,Status update unavailable,
3c374fa68f6b78a88c0a4f606f7eb0b4521e1a82879e02ee9518b299ec6c5344,2019-02,Lancashire Constabulary,Lancashire Constabulary,-2.343598,53.789970,On or near Shorten Brook Drive,E01025033,Hyndburn 002B,Violence and sexual offences,Status update unavailable,
9446527faf740c6a72212b5b49273936fe5271da9275ab36320d179dc8066f81,2019-02,Lancashire Constabulary,Lancashire Constabulary,-2.378643,53.774369,On or near Moorside Drive,E01025033,Hyndburn 002B,Violence and sexual offences,Local resolution,
e8ba9b847a48b73bad9420cd545323effd4b86c101810546544ec511ce422c41,2019-02,Lancashire Constabulary,Lancashire Constabulary,-2.374309,53.776782,On or near Henfield Close,E01025033,Hyndburn 002B,Violence and sexual offences,Status update unavailable,
,2019-02,Lancashire Constabulary,Lancashire Constabulary,-2.373797,53.765270,On or near First Avenue,E01025034,Hyndburn 002C,Anti-social behaviour,,
,2019-02,Lancashire Constabulary,Lancashire Constabulary,-2.377464,53.768153,On or near Brisbane Street,E01025034,Hyndburn 002C,Anti-social behaviour,,
,2019-02,Lancashire Constabulary,Lancashire Constabulary,-2.373628,53.766709,On or near Hallam Street,E01025034,Hyndburn 002C,Anti-social behaviour,,
,2019-02,Lancashire Constabulary,Lancashire Constabulary,-2.376915,53.767831,On or near Whinfield Street,E01025034,Hyndburn 002C,Anti-social behaviour,,
,2019-02,Lancashire Constabulary,Lancashire Constabulary,-2.373029,53.765920,On or near Haworth Street,E01025034,Hyndburn 002C,Anti-social behaviour,,
,2019-02,Lancashire Constabulary,Lancashire Constabulary,-2.378299,53.764878,On or near Cranbourne Drive,E01025034,Hyndburn 002C,Anti-social behaviour,,
e6a428b7f7dd93d965deebedc662f1b48db6002a311af4ea023076f51e9c64c8,2019-02,Lancashire Constabulary,Lancashire Constabulary,-2.376622,53.767319,On or near Church Lane,E01025034,Hyndburn 002C,Burglary,Status update unavailable,
14069fccc6e5ab232cd1283095c934c649750b40744d6161086fd07eaf84f721,2019-02,Lancashire Constabulary,Lancashire Constabulary,-2.378577,53.768823,On or near Melbourne Street,E01025034,Hyndburn 002C,Burglary,Status update unavailable,
eac5afcbaa799b618271678c964022157d269d8a3bb17ec0da39e2b0a8e27ff9,2019-02,Lancashire Constabulary,Lancashire Constabulary,-2.376915,53.767831,On or near Whinfield Street,E01025034,Hyndburn 002C,Drugs,Awaiting court outcome,
8e17942d6d11bddbd97043cbb3c54ee9edf1dcbbd0a4a2a1ee56d4fdc4f3eda4,2019-02,Lancashire Constabulary,Lancashire Constabulary,-2.378577,53.768823,On or near Melbourne Street,E01025034,Hyndburn 002C,Other theft,Status update unavailable,
460c1b6a8549499d05d0d7189b9bd258c9e1aea29001d12f6ddf46bffcca9e2d,2019-02,Lancashire Constabulary,Lancashire Constabulary,-2.376622,53.767319,On or near Church Lane,E01025034,Hyndburn 002C,Other theft,Status update unavailable,
e214d0e3f0b5b14d3cf4753fc245d91eb472efb132a21d332c2c0f0abc7912d6,2019-02,Lancashire Constabulary,Lancashire Constabulary,-2.377854,53.769365,On or near Frank Street,E01025034,Hyndburn 002C,Other theft,Status update unavailable,
e3b05505d2718eb2ba758c223b13873feef4fd773090a7071191f140bb6eb947,2019-02,Lancashire Constabulary,Lancashire Constabulary,-2.378028,53.768492,On or near Adelaide Street,E01025034,Hyndburn 002C,Other theft,Status update unavailable,
bbfdaa787ca53a89e16a30efc51a82ce6bed51400b437cbe527947544d7ceefe,2019-02,Lancashire Constabulary,Lancashire Constabulary,-2.379371,53.760929,On or near Queens Road West,E01025034,Hyndburn 002C,Public order,Further investigation is not in the public interest,
c122fccd8fb68822c1fac23d0423dcdf5a59cfb06cd5ad877b12955003fdb77f,2019-02,Lancashire Constabulary,Lancashire Constabulary,-2.378299,53.764878,On or near Cranbourne Drive,E01025034,Hyndburn 002C,Public order,Unable to prosecute suspect,
eb5893349704413cc1c92d57f94b66355f254421b6955c91b81263bc56459c2f,2019-02,Lancashire Constabulary,Lancashire Constabulary,-2.378299,53.764878,On or near Cranbourne Drive,E01025034,Hyndburn 002C,Public order,Status update unavailable,
8085c5729a1c1549b59e1913d830e8dc0683f3d11601f499fa14a1e84a1bf09f,2019-02,Lancashire Constabulary,Lancashire Constabulary,-2.379371,53.760929,On or near Queens Road West,E01025034,Hyndburn 002C,Violence and sexual offences,Unable to prosecute suspect,
245c6210c7672e47d3249eff28231dd41c7620d07e1979b4044e0c3f1caa17dc,2019-02,Lancashire Constabulary,Lancashire Constabulary,-2.379111,53.769154,On or near Sydney Street,E01025034,Hyndburn 002C,Violence and sexual offences,Unable to prosecute suspect,
95d3252f4718bd443ad45fd52c89e3e2361370416649679f77209e587567f68f,2019-02,Lancashire Constabulary,Lancashire Constabulary,-2.379091,53.768516,On or near Atlas Street,E01025034,Hyndburn 002C,Violence and sexual offences,Unable to prosecute suspect,
a2d316366bce397792fce5c5b1c6a2bdac523a9af70cafebad7c3e0bd621721a,2019-02,Lancashire Constabulary,Lancashire Constabulary,-2.376724,53.768515,On or near Jubilee Street,E01025034,Hyndburn 002C,Violence and sexual offences,Status update unavailable,
b9571c279383947e664316b17f15d0b092ed797d68d8c901e41b87098bd3cbcd,2019-02,Lancashire Constabulary,Lancashire Constabulary,-2.380470,53.770031,On or near Clayton Street,E01025034,Hyndburn 002C,Violence and sexual offences,Status update unavailable,
e586f52f3d04e40c8c2ef937f16c3200d30d130a0b564ec6c518624bba62a893,2019-02,Lancashire Constabulary,Lancashire Constabulary,-2.377854,53.769365,On or near Frank Street,E01025034,Hyndburn 002C,Violence and sexual offences,Status update unavailable,
965f108039c52012ca6b05ca55572ed61d1fc115f64255b4926ddc5952c71fa5,2019-02,Lancashire Constabulary,Lancashire Constabulary,-2.378577,53.768823,On or near Melbourne Street,E01025034,Hyndburn 002C,Violence and sexual offences,Status update unavailable,
e47bee606f812a50a5c34dd9438e8235067e474b46202a304f7f5f1fe8cc3144,2019-02,Lancashire Constabulary,Lancashire Constabulary,-2.378292,53.767395,On or near Harrington Street,E01025034,Hyndburn 002C,Violence and sexual offences,Status update unavailable,
f55b78dfa2f4f990810df71c84de26ef548d9f0de3c2fbec536c79a047280de5,2019-02,Lancashire Constabulary,Lancashire Constabulary,-2.378299,53.764878,On or near Cranbourne Drive,E01025034,Hyndburn 002C,Violence and sexual offences,Status update unavailable,
,2019-02,Lancashire Constabulary,Lancashire Constabulary,-2.384806,53.786303,On or near Water Street,E01025048,Hyndburn 002D,Anti-social behaviour,,
dffd9ed6100d8c31325edc05a7e5ee8571e600a04bfdae4cc25b1267dde4f613,2019-02,Lancashire Constabulary,Lancashire Constabulary,-2.385463,53.780135,On or near The Coppice,E01025048,Hyndburn 002D,Other theft,Investigation complete; no suspect identified,
7f52da035b51bf7dbec60b64591b6aa631856adbf971ff090a42c41f0a491395,2019-02,Lancashire Constabulary,Lancashire Constabulary,-2.385463,53.780135,On or near The Coppice,E01025048,Hyndburn 002D,Public order,Status update unavailable,
d7ca1a3b34ccb5abacbcdc82e4ef3bdbb30b6f683dd5bbdce2903a7a0a2213cb,2019-02,Lancashire Constabulary,Lancashire Constabulary,-2.388398,53.780809,On or near Fernlea Drive,E01025048,Hyndburn 002D,Violence and sexual offences,Offender given a caution,
2676af23a979b28d658ed7b0b21ae4fc6dfbfcc7570e1b93f65ba563eec4fa76,2019-02,Lancashire Constabulary,Lancashire Constabulary,-2.391204,53.780611,On or near Riverside View,E01025048,Hyndburn 002D,Violence and sexual offences,Unable to prosecute suspect,
02569da07a6cec101d9ec1e92d60970095990a3814d0a4dc17c4a9731928d786,2019-02,Lancashire Constabulary,Lancashire Constabulary,-2.385463,53.780135,On or near The Coppice,E01025048,Hyndburn 002D,Violence and sexual offences,Unable to prosecute suspect,
bdeb4258207d49597c7ab99a38aa34d619edcfa422f6f75ce5ded04b4f376d68,2019-02,Lancashire Constabulary,Lancashire Constabulary,-2.385463,53.780135,On or near The Coppice,E01025048,Hyndburn 002D,Violence and sexual offences,Status update unavailable,
9d4d58c44e52e78173bd0342fec0b798d3587753446e47c21731c9315217d16d,2019-02,Lancashire Constabulary,Lancashire Constabulary,-2.385066,53.781575,On or near The Close,E01025048,Hyndburn 002D,Violence and sexual offences,Status update unavailable,
,2019-02,Lancashire Constabulary,Lancashire Constabulary,-2.384055,53.775520,On or near Mercer Street,E01025049,Hyndburn 002E,Anti-social behaviour,,
,2019-02,Lancashire Constabulary,Lancashire Constabulary,-2.384957,53.774627,On or near Barnes Square,E01025049,Hyndburn 002E,Anti-social behaviour,,
,2019-02,Lancashire Constabulary,Lancashire Constabulary,-2.386917,53.778216,On or near Sparth Road,E01025049,Hyndburn 002E,Anti-social behaviour,,
,2019-02,Lancashire Constabulary,Lancashire Constabulary,-2.386138,53.776017,On or near George Street,E01025049,Hyndburn 002E,Anti-social behaviour,,
,2019-02,Lancashire Constabulary,Lancashire Constabulary,-2.386138,53.776017,On or near George Street,E01025049,Hyndburn 002E,Anti-social behaviour,,
,2019-02,Lancashire Constabulary,Lancashire Constabulary,-2.385618,53.777151,On or near Sparth Avenue,E01025049,Hyndburn 002E,Anti-social behaviour,,
,2019-02,Lancashire Constabulary,Lancashire Constabulary,-2.384957,53.774627,On or near Barnes Square,E01025049,Hyndburn 002E,Anti-social behaviour,,
,2019-02,Lancashire Constabulary,Lancashire Constabulary,-2.384055,53.775520,On or near Mercer Street,E01025049,Hyndburn 002E,Anti-social behaviour,,
,2019-02,Lancashire Constabulary,Lancashire Constabulary,-2.384726,53.777594,On or near Jackson Street,E01025049,Hyndburn 002E,Anti-social behaviour,,
,2019-02,Lancashire Constabulary,Lancashire Constabulary,-2.384394,53.776139,On or near New Church Close,E01025049,Hyndburn 002E,Anti-social behaviour,,
,2019-02,Lancashire Constabulary,Lancashire Constabulary,-2.385193,53.775579,On or near Victor Street,E01025049,Hyndburn 002E,Anti-social behaviour,,
,2019-02,Lancashire Constabulary,Lancashire Constabulary,-2.386138,53.776017,On or near George Street,E01025049,Hyndburn 002E,Anti-social behaviour,,
37bcfcd8fb57cc2a95269af85a6b84fda36b1a28081f153aabce7c42b55aa2f3,2019-02,Lancashire Constabulary,Lancashire Constabulary,-2.390153,53.778592,On or near Cross Street,E01025049,Hyndburn 002E,Criminal damage and arson,Local resolution,
a45e37c1e03c76bafc95c02201ff9a193811ddf8a57313cf1c65aa795967277f,2019-02,Lancashire Constabulary,Lancashire Constabulary,-2.389672,53.777506,On or near Chapel Street,E01025049,Hyndburn 002E,Criminal damage and arson,Unable to prosecute suspect,
adb162107b22c9577cb4540f8bd768b3db7430262e224496c1a5c97792ddd7d6,2019-02,Lancashire Constabulary,Lancashire Constabulary,-2.384511,53.775581,On or near Arthur Street,E01025049,Hyndburn 002E,Criminal damage and arson,Status update unavailable,
490ff7ac0195bd89053f1f65f9ddc7a31d264c48bf7f602281e9f282e82ef098,2019-02,Lancashire Constabulary,Lancashire Constabulary,-2.386006,53.774840,On or near Pickup Street,E01025049,Hyndburn 002E,Drugs,Status update unavailable,
ec9ec06ece39ccb7facc906a141b55985976547c7d28aa7b1ba5e86771d1a29f,2019-02,Lancashire Constabulary,Lancashire Constabulary,-2.389672,53.777506,On or near Chapel Street,E01025049,Hyndburn 002E,Other theft,Formal action is not in the public interest,
797a1c67f3fb76ee4f2ad70c14796af7e4405be16c078aa24009b0d5c36b0eb5,2019-02,Lancashire Constabulary,Lancashire Constabulary,-2.384450,53.777217,On or near Scott Street,E01025049,Hyndburn 002E,Other theft,Status update unavailable,
0a7f30c119f102b2e7b630296316d2416febbcadae9e38737c35da0c284b518b,2019-02,Lancashire Constabulary,Lancashire Constabulary,-2.384055,53.775520,On or near Mercer Street,E01025049,Hyndburn 002E,Other theft,Unable to prosecute suspect,
9dbd7e8e0bfd7c1536cbf5a3fc575a5c1d7d0ab13d4ef7fc9aed2451e580539c,2019-02,Lancashire Constabulary,Lancashire Constabulary,-2.387655,53.777576,On or near Branch Road,E01025049,Hyndburn 002E,Vehicle crime,Status update unavailable,
ad7eaa8a166dfc368832b2f3aaa3e524555ebc12a7870fbdd706c30554662d44,2019-02,Lancashire Constabulary,Lancashire Constabulary,-2.387290,53.777496,On or near John Street,E01025049,Hyndburn 002E,Vehicle crime,Status update unavailable,
925787eea8f337ed3d528f0a99666f7c9d2d1c14f2a501d43cf614e4570c6f40,2019-02,Lancashire Constabulary,Lancashire Constabulary,-2.386138,53.776017,On or near George Street,E01025049,Hyndburn 002E,Violence and sexual offences,Offender sent to prison,
60b7ae39ee954afe966849d4e8caa4812bfa19cab071c7dceb2d32a57a23bfaf,2019-02,Lancashire Constabulary,Lancashire Constabulary,-2.385947,53.778327,On or near Ann Street,E01025049,Hyndburn 002E,Violence and sexual offences,Further investigation is not in the public interest,
8638eccda66e7ffb0ec0a5f12ef8386ccb4d63c748b9ff945a33ce8c03f3c2ed,2019-02,Lancashire Constabulary,Lancashire Constabulary,-2.384055,53.775520,On or near Mercer Street,E01025049,Hyndburn 002E,Violence and sexual offences,Unable to prosecute suspect,
40ec87a6fee0c2959f36816b6e4a57c21ac55c084215449e41d190bf5b8dbbf3,2019-02,Lancashire Constabulary,Lancashire Constabulary,-2.385193,53.775579,On or near Victor Street,E01025049,Hyndburn 002E,Violence and sexual offences,Status update unavailable,
ffa460edb8d6cfd1738744e5328d24d3ffc57901cce4fa344b5207e6a66807d9,2019-02,Lancashire Constabulary,Lancashire Constabulary,-2.384957,53.774627,On or near Barnes Square,E01025049,Hyndburn 002E,Violence and sexual offences,Status update unavailable,
28b3fcb16339fed04d6085a18957378d790e7b73262bd981c0b9df314898af6d,2019-02,Lancashire Constabulary,Lancashire Constabulary,-2.387874,53.776676,On or near Alma Street,E01025049,Hyndburn 002E,Violence and sexual offences,Status update unavailable,
7b1c8b829a8edfb5174c60c07f9ee454c3b3bd498b2da581c686ba6e251b3f93,2019-02,Lancashire Constabulary,Lancashire Constabulary,-2.384957,53.774627,On or near Barnes Square,E01025049,Hyndburn 002E,Violence and sexual offences,Status update unavailable,
,2019-02,Lancashire Constabulary,Lancashire Constabulary,-2.385396,53.769521,On or near Beech Street,E01025050,Hyndburn 002F,Anti-social behaviour,,
,2019-02,Lancashire Constabulary,Lancashire Constabulary,-2.387669,53.774160,On or near Church Street,E01025050,Hyndburn 002F,Anti-social behaviour,,
,2019-02,Lancashire Constabulary,Lancashire Constabulary,-2.391459,53.768917,On or near Conference/Exhibition Centre,E01025050,Hyndburn 002F,Anti-social behaviour,,
,2019-02,Lancashire Constabulary,Lancashire Constabulary,-2.384755,53.774116,On or near Church Alley,E01025050,Hyndburn 002F,Anti-social behaviour,,
d16f09b51a860c508130d334ae0b1c78ad75acb78b267119b682818b65eace95,2019-02,Lancashire Constabulary,Lancashire Constabulary,-2.400600,53.769749,On or near Hermitage Street,E01025050,Hyndburn 002F,Other theft,Status update unavailable,
fcf3e6f041a7d143a8fc167db3a918f252150928429734a9f400c3aaec601b76,2019-02,Lancashire Constabulary,Lancashire Constabulary,-2.387669,53.774160,On or near Church Street,E01025050,Hyndburn 002F,Other theft,Status update unavailable,
641cda79ab379ad599d7a0cea40b86a3eb7ba8baa6a36fa815c82f2347126e49,2019-02,Lancashire Constabulary,Lancashire Constabulary,-2.387538,53.769846,On or near Walmsley Court,E01025050,Hyndburn 002F,Violence and sexual offences,Status update unavailable,
,2019-02,Lancashire Constabulary,Lancashire Constabulary,-2.342774,53.774522,On or near Marshall Avenue,E01025053,Hyndburn 002G,Anti-social behaviour,,
,2019-02,Lancashire Constabulary,Lancashire Constabulary,-2.333044,53.768240,On or near Burnley Road,E01025053,Hyndburn 002G,Anti-social behaviour,,
8591fd1ce6087852a52aa70455ca4118793b57ccfad5e41aa9615f404e24b871,2019-02,Lancashire Constabulary,Lancashire Constabulary,-2.336166,53.767934,On or near Griffin Close,E01025053,Hyndburn 002G,Other theft,Status update unavailable,
c3e3bfd4cdf854c451303607ae6d84f0fb0adfeaf516406b2f979a4b15472996,2019-02,Lancashire Constabulary,Lancashire Constabulary,-2.336166,53.767934,On or near Griffin Close,E01025053,Hyndburn 002G,Other theft,Status update unavailable,
71ce13f78f9cb76e5b97446684db58860c9d4e60a411355a05c5aea14325ed59,2019-02,Lancashire Constabulary,Lancashire Constabulary,-2.339011,53.768843,On or near Eaves Close,E01025053,Hyndburn 002G,Public order,Unable to prosecute suspect,
c6c6b210e7150410b4dc4b8c4380ae6c4a9d88e2baa7e6fd8096778e66054290,2019-02,Lancashire Constabulary,Lancashire Constabulary,-2.346625,53.770421,On or near Honeysuckle Court,E01025053,Hyndburn 002G,Vehicle crime,Unable to prosecute suspect,
,2019-02,Lancashire Constabulary,Lancashire Constabulary,-2.418522,53.768690,On or near St Paul'S Road,E01025070,Hyndburn 003A,Anti-social behaviour,,
30d84ab29766bdf34d49526e64571fcfb73413c37ad7a651faba7d4740bb07e9,2019-02,Lancashire Constabulary,Lancashire Constabulary,-2.413585,53.771044,On or near Well Street,E01025070,Hyndburn 003A,Criminal damage and arson,Unable to prosecute suspect,
c280ff5396b8d7c13476d0a5005dbd79c277d1983b1890bf9caee917471a208d,2019-02,Lancashire Constabulary,Lancashire Constabulary,-2.418772,53.770955,On or near Stourton Street,E01025070,Hyndburn 003A,Possession of weapons,Further investigation is not in the public interest,
d18be69f4ad1702ccf9f286334d29a71097861cfe6b7bdc6d855f69e87153fa0,2019-02,Lancashire Constabulary,Lancashire Constabulary,-2.414727,53.771526,On or near Sands Road,E01025070,Hyndburn 003A,Public order,Formal action is not in the public interest,
2a8a311f8c2cf6267d7f407ea76a7d594d5af745b3752cf24c25af7f82780195,2019-02,Lancashire Constabulary,Lancashire Constabulary,-2.418522,53.768690,On or near St Paul'S Road,E01025070,Hyndburn 003A,Shoplifting,Status update unavailable,
525180436d0dee06fa6a1cae7963b22398de8de82aeab9b544618bca7adecb11,2019-02,Lancashire Constabulary,Lancashire Constabulary,-2.418522,53.768690,On or near St Paul'S Road,E01025070,Hyndburn 003A,Shoplifting,Status update unavailable,
8c1fd752e08b4c1b1debee5480b97de2e06093899569ebeb6d76358e7ad651a9,2019-02,Lancashire Constabulary,Lancashire Constabulary,-2.418522,53.768690,On or near St Paul'S Road,E01025070,Hyndburn 003A,Shoplifting,Status update unavailable,
c5adc7460d80759a9b9044e013bee285e0e78562f9b9e9a777c1063281225c86,2019-02,Lancashire Constabulary,Lancashire Constabulary,-2.418772,53.770955,On or near Stourton Street,E01025070,Hyndburn 003A,Violence and sexual offences,Unable to prosecute suspect,
053a4db15faa114cad68bf87c81ba315b6d9d1932edac9a309423e5c20ab2315,2019-02,Lancashire Constabulary,Lancashire Constabulary,-2.415918,53.772304,On or near Bridge Street,E01025070,Hyndburn 003A,Violence and sexual offences,Unable to prosecute suspect,
fed76ec7a2f77ce1c194ffbd119ab68b1d60839e48f01520400d49f663bc2f3e,2019-02,Lancashire Constabulary,Lancashire Constabulary,-2.414727,53.771526,On or near Sands Road,E01025070,Hyndburn 003A,Violence and sexual offences,Unable to prosecute suspect,
9c0e65f514169ccdf90c711412d9b2089dee6c41f3cecae7dafef6f75d9b7581,2019-02,Lancashire Constabulary,Lancashire Constabulary,-2.418772,53.770955,On or near Stourton Street,E01025070,Hyndburn 003A,Violence and sexual offences,Status update unavailable,
f421efbb5a1dcb050c73100f5e4a397dbe4260e0bcb4e556a6d6bd446a3f6fff,2019-02,Lancashire Constabulary,Lancashire Constabulary,-2.415537,53.770597,On or near Danvers Street,E01025070,Hyndburn 003A,Violence and sexual offences,Unable to prosecute suspect,
,2019-02,Lancashire Constabulary,Lancashire Constabulary,-2.412584,53.768046,On or near Victoria Street,E01025071,Hyndburn 003B,Anti-social behaviour,,
,2019-02,Lancashire Constabulary,Lancashire Constabulary,-2.413352,53.767495,On or near Company Street,E01025071,Hyndburn 003B,Anti-social behaviour,,
,2019-02,Lancashire Constabulary,Lancashire Constabulary,-2.413569,53.767917,On or near Hick'S Terrace,E01025071,Hyndburn 003B,Anti-social behaviour,,
,2019-02,Lancashire Constabulary,Lancashire Constabulary,-2.414781,53.767715,On or near Edward Street,E01025071,Hyndburn 003B,Anti-social behaviour,,
,2019-02,Lancashire Constabulary,Lancashire Constabulary,-2.413145,53.766507,On or near Princes Street,E01025071,Hyndburn 003B,Anti-social behaviour,,
,2019-02,Lancashire Constabulary,Lancashire Constabulary,-2.413145,53.766507,On or near Princes Street,E01025071,Hyndburn 003B,Anti-social behaviour,,
,2019-02,Lancashire Constabulary,Lancashire Constabulary,-2.411099,53.768231,On or near Wharf Street,E01025071,Hyndburn 003B,Anti-social behaviour,,
7d0b10b809c404722aee437b3af513dc76edc86b898bc7e4b2fc90025df0f619,2019-02,Lancashire Constabulary,Lancashire Constabulary,-2.411099,53.768231,On or near Wharf Street,E01025071,Hyndburn 003B,Burglary,Status update unavailable,
25dfaf0efd5c85132b7702e4b92dc2da4515d9e6c4c5ae03357c99c31378c962,2019-02,Lancashire Constabulary,Lancashire Constabulary,-2.411670,53.764508,On or near Poplar Close,E01025071,Hyndburn 003B,Burglary,Status update unavailable,
b1098c3032a23e399a419faf3d6a5fa13a978ce575d0adfe62a8d95f79032e77,2019-02,Lancashire Constabulary,Lancashire Constabulary,-2.413145,53.766507,On or near Princes Street,E01025071,Hyndburn 003B,Burglary,Status update unavailable,
cea59ce561e3cecfb2867819194ff33bb290f842d25f8c9e31b7e96d502d9d99,2019-02,Lancashire Constabulary,Lancashire Constabulary,-2.414271,53.766800,On or near Albert Street,E01025071,Hyndburn 003B,Burglary,Status update unavailable,
6d0af6eef7de6e2b492d3d9092305f9f7ce8c31616a6ec39c2355b4128d53a77,2019-02,Lancashire Constabulary,Lancashire Constabulary,-2.412851,53.767443,On or near Henry Street,E01025071,Hyndburn 003B,Burglary,Status update unavailable,
f3a3b2db059798ebf4f22a8b3d248a7343ae46697629092f3b989fb9547f0225,2019-02,Lancashire Constabulary,Lancashire Constabulary,-2.413569,53.767917,On or near Hick'S Terrace,E01025071,Hyndburn 003B,Public order,Status update unavailable,
ae54f26c2715112a005817105744138bcf1fad9ae57cabf8c639452e422a3d44,2019-02,Lancashire Constabulary,Lancashire Constabulary,-2.411099,53.768231,On or near Wharf Street,E01025071,Hyndburn 003B,Public order,Status update unavailable,
8d3cad383556be3afa5650a6af75ae51aa6014f29432514cc4b26a7ba84ea94f,2019-02,Lancashire Constabulary,Lancashire Constabulary,-2.406633,53.769253,On or near Park Road,E01025071,Hyndburn 003B,Vehicle crime,Status update unavailable,
0cc3c7ac59936ba7ed9b4b6b7badda225bb4791191edac493b1dd60930ad3803,2019-02,Lancashire Constabulary,Lancashire Constabulary,-2.411670,53.764508,On or near Poplar Close,E01025071,Hyndburn 003B,Violence and sexual offences,Unable to prosecute suspect,
c749d78192e49d24c1fa3982364aaff1bdf55efb7cd3584d3d5d0b54d6876fbf,2019-02,Lancashire Constabulary,Lancashire Constabulary,-2.412584,53.768046,On or near Victoria Street,E01025071,Hyndburn 003B,Violence and sexual offences,Status update unavailable,
4371d8389132f968dae6a350a3347f7635b1cc331ce20a699a3e9a8b6e66a3ce,2019-02,Lancashire Constabulary,Lancashire Constabulary,-2.413569,53.767917,On or near Hick'S Terrace,E01025071,Hyndburn 003B,Violence and sexual offences,Status update unavailable,
fc1809aad5f0865abffb426d7f126eed41c1ed85735d6f89d6ceb7ba00c10c9b,2019-02,Lancashire Constabulary,Lancashire Constabulary,-2.414781,53.767715,On or near Edward Street,E01025071,Hyndburn 003B,Violence and sexual offences,Status update unavailable,
6dc8c8eb02e04df8973c1f879484cff0119443c2741aedc9ef50aced7a10870b,2019-02,Lancashire Constabulary,Lancashire Constabulary,-2.412584,53.768046,On or near Victoria Street,E01025071,Hyndburn 003B,Violence and sexual offences,Status update unavailable,
9ee2da10b4716cd6c6c368ee864408344cea91959989ac0e9f9ed74dee86b593,2019-02,Lancashire Constabulary,Lancashire Constabulary,-2.412584,53.768046,On or near Victoria Street,E01025071,Hyndburn 003B,Violence and sexual offences,Status update unavailable,
bf6073e9fea87c7dd43f0c81c1ce2f2a8b22e07f8320c6cb293928f0d76f7677,2019-02,Lancashire Constabulary,Lancashire Constabulary,-2.412584,53.768046,On or near Victoria Street,E01025071,Hyndburn 003B,Violence and sexual offences,Status update unavailable,
5790c1e61b05a2063cfa1620839013cb7d92f29dbc6654c62a8e12592c3c6ab1,2019-02,Lancashire Constabulary,Lancashire Constabulary,-2.413569,53.767917,On or near Hick'S Terrace,E01025071,Hyndburn 003B,Violence and sexual offences,Status update unavailable,
,2019-02,Lancashire Constabulary,Lancashire Constabulary,-2.410875,53.770173,On or near Cecil Street,E01025072,Hyndburn 003C,Anti-social behaviour,,
0d59a6ba8bb5e71774d743b6b9738fe3501e9808c968c6e03425376139eb8447,2019-02,Lancashire Constabulary,Lancashire Constabulary,-2.413607,53.768716,On or near Parking Area,E01025072,Hyndburn 003C,Burglary,Status update unavailable,
49223888b68b15812be4f11e7890ba4ee5c7adfc013b0c8c245d7208b3fa605b,2019-02,Lancashire Constabulary,Lancashire Constabulary,-2.416834,53.769802,On or near Lord Street,E01025072,Hyndburn 003C,Burglary,Status update unavailable,
26ff8b28de1e13ee3d5d71f293191b809f402b1ffd1ef9ffde53bd7d056a2ebe,2019-02,Lancashire Constabulary,Lancashire Constabulary,-2.413607,53.768716,On or near Parking Area,E01025072,Hyndburn 003C,Burglary,Status update unavailable,
f809107672dce69762f489650e527c1d3dca9585a65b2af0b1bcbe34d3830467,2019-02,Lancashire Constabulary,Lancashire Constabulary,-2.409220,53.769981,On or near Talbot Street,E01025072,Hyndburn 003C,Criminal damage and arson,Status update unavailable,
a2f4ee6b7d494721c3fce4113ad48048f2c60ad910aefc80ec8dc042d80e2b3a,2019-02,Lancashire Constabulary,Lancashire Constabulary,-2.415961,53.768987,On or near Brook Street,E01025072,Hyndburn 003C,Vehicle crime,Status update unavailable,
87ce7ec8f3ef51fc3c96051bfbb27d27b9c4872dad496fbc1a3ee4f565a2daa1,2019-02,Lancashire Constabulary,Lancashire Constabulary,-2.409766,53.768415,On or near Chapel Street,E01025072,Hyndburn 003C,Violence and sexual offences,Unable to prosecute suspect,
f87f3bf6bb6a1dc36b4ac7c7973789b9999855d8e6756c45f057f158b6da0f40,2019-02,Lancashire Constabulary,Lancashire Constabulary,-2.409220,53.769981,On or near Talbot Street,E01025072,Hyndburn 003C,Violence and sexual offences,Unable to prosecute suspect,
b07597cc7761bebc4fc60b81310e5ada2042c30946cbc67abebd1f657400343f,2019-02,Lancashire Constabulary,Lancashire Constabulary,-2.409473,53.767994,On or near Fielding Street,E01025072,Hyndburn 003C,Violence and sexual offences,Status update unavailable,
8c5c74c7327f55260f82ca824aacfc0d6fd81ad7b60abaa9e8c054c2189ad77f,2019-02,Lancashire Constabulary,Lancashire Constabulary,-2.414949,53.769368,On or near Commercial Street,E01025072,Hyndburn 003C,Violence and sexual offences,Unable to prosecute suspect,
,2019-02,Lancashire Constabulary,Lancashire Constabulary,-2.416734,53.767384,On or near Mary Street,E01025073,Hyndburn 003D,Anti-social behaviour,,
193b9d1977e958556e2ca2668fb79bcefa6b2abe5cd36b81e64bacda312377c2,2019-02,Lancashire Constabulary,Lancashire Constabulary,-2.415183,53.766985,On or near Walmsley Street,E01025073,Hyndburn 003D,Burglary,Status update unavailable,
1f6a5341a7ff247d56986a56d006148b5b4c7394af9000e66666dad62ed5e888,2019-02,Lancashire Constabulary,Lancashire Constabulary,-2.417274,53.766681,On or near Knowles Street,E01025073,Hyndburn 003D,Violence and sexual offences,Unable to prosecute suspect,
4b9f96c364131d6aae385b8e838946ceba9ed2535896d24b790fa60d796aa0a7,2019-02,Lancashire Constabulary,Lancashire Constabulary,-2.417278,53.767158,On or near Haworth Street,E01025073,Hyndburn 003D,Violence and sexual offences,Status update unavailable,
,2019-02,Lancashire Constabulary,Lancashire Constabulary,-2.443414,53.755299,On or near A678,E01025074,Hyndburn 003E,Anti-social behaviour,,
,2019-02,Lancashire Constabulary,Lancashire Constabulary,-2.418714,53.768133,On or near St Peter Street,E01025074,Hyndburn 003E,Anti-social behaviour,,
b86618197a907db4a2e83c75ba824a328647026b1d41d4bf7c7b0d84e1ea5d8d,2019-02,Lancashire Constabulary,Lancashire Constabulary,-2.419213,53.768005,On or near Church Street,E01025074,Hyndburn 003E,Burglary,Status update unavailable,
93fa8dd64ded265fce5484af776db554da5b732a8f5d32de1976fcfe061de25a,2019-02,Lancashire Constabulary,Lancashire Constabulary,-2.445483,53.758814,On or near Parking Area,E01025074,Hyndburn 003E,Burglary,Status update unavailable,
d7abdbeada0a04275be1c9784a49f193d1d21f8ea81037258819b336e3a9d4c2,2019-02,Lancashire Constabulary,Lancashire Constabulary,-2.419213,53.768005,On or near Church Street,E01025074,Hyndburn 003E,Burglary,Status update unavailable,
dad6f047a36ca416e117a204dfc52fc197847bf279233c7fbf5271b1fb7b648c,2019-02,Lancashire Constabulary,Lancashire Constabulary,-2.445483,53.758814,On or near Parking Area,E01025074,Hyndburn 003E,Other theft,Status update unavailable,
a04d4774b36fc0148b7bf6551c07fd52727dcbc431c69545ca1fcfa0b038e3a7,2019-02,Lancashire Constabulary,Lancashire Constabulary,-2.445483,53.758814,On or near Parking Area,E01025074,Hyndburn 003E,Shoplifting,Investigation complete; no suspect identified,
f5dd9c693a149410c4cdd9788c65f87bdab251ae5f37ddd7184f7cb816defe16,2019-02,Lancashire Constabulary,Lancashire Constabulary,-2.445483,53.758814,On or near Parking Area,E01025074,Hyndburn 003E,Violence and sexual offences,Further investigation is not in the public interest,
49c03417c5dabb583cf07522736db6728fd8f14cd05943e9aef263dc9ee661a4,2019-02,Lancashire Constabulary,Lancashire Constabulary,-2.445483,53.758814,On or near Parking Area,E01025074,Hyndburn 003E,Violence and sexual offences,Status update unavailable,
,2019-02,Lancashire Constabulary,Lancashire Constabulary,-2.345404,53.765922,On or near Oakfield Avenue,E01025051,Hyndburn 004A,Anti-social behaviour,,
,2019-02,Lancashire Constabulary,Lancashire Constabulary,-2.349741,53.765702,On or near Newby Road,E01025051,Hyndburn 004A,Anti-social behaviour,,
f08e5948dc091312b320f74fc8f52ba75d065e2d445f58e6e8534d51bcd128a8,2019-02,Lancashire Constabulary,Lancashire Constabulary,-2.344254,53.766230,On or near Oakdene Avenue,E01025051,Hyndburn 004A,Burglary,Status update unavailable,
895919f63ed206f3082792c23701b3246838ee1258bae3f87371866c9bfb2152,2019-02,Lancashire Constabulary,Lancashire Constabulary,-2.346969,53.766169,On or near Oakhurst Avenue,E01025051,Hyndburn 004A,Burglary,Status update unavailable,
4534f5d420f4e3015af1b802d7c63c44a46d6bbccd96bf03a4758115c7613f79,2019-02,Lancashire Constabulary,Lancashire Constabulary,-2.346969,53.766169,On or near Oakhurst Avenue,E01025051,Hyndburn 004A,Other theft,Status update unavailable,
f5171f25af4ecdfc30c0909de6597c2884673fb0e935370578d3e07f88846880,2019-02,Lancashire Constabulary,Lancashire Constabulary,-2.349741,53.765702,On or near Newby Road,E01025051,Hyndburn 004A,Violence and sexual offences,Status update unavailable,
803f4c6abe1bdd019d93ade80dc55c7d95dc75dcb8f29de5f4f7e222de1d5d55,2019-02,Lancashire Constabulary,Lancashire Constabulary,-2.346463,53.765487,On or near Brown Birks Road,E01025051,Hyndburn 004A,Violence and sexual offences,Unable to prosecute suspect,
899e56c20a4b2fa3105f18b786ff525b9b84586febf07997a4c67c37671087b3,2019-02,Lancashire Constabulary,Lancashire Constabulary,-2.349741,53.765702,On or near Newby Road,E01025051,Hyndburn 004A,Violence and sexual offences,Status update unavailable,
775f860cafa96263d9601a8646db90d839aff228d21ec022dae6870b52cfcee2,2019-02,Lancashire Constabulary,Lancashire Constabulary,-2.344573,53.764441,On or near Burnley Road,E01025051,Hyndburn 004A,Violence and sexual offences,Status update unavailable,
2692f299dd1546a503e21aeeaa6a2b8772260282625f3eb3fe18bfc06185d9bf,2019-02,Lancashire Constabulary,Lancashire Constabulary,-2.349741,53.765702,On or near Newby Road,E01025051,Hyndburn 004A,Violence and sexual offences,Status update unavailable,
0f1320bd39f98ec4bcfeb47f01d8429849e25b3e8d97ea199e39aa4fe122be90,2019-02,Lancashire Constabulary,Lancashire Constabulary,-2.346463,53.765487,On or near Brown Birks Road,E01025051,Hyndburn 004A,Other crime,Status update unavailable,
d4c853f3f5fc46d732a27a6d616b659a2458014cece85114469eecbffa531425,2019-02,Lancashire Constabulary,Lancashire Constabulary,-2.356374,53.760793,On or near Hatfield Road,E01025052,Hyndburn 004B,Bicycle theft,Status update unavailable,
bf7a93f09d3deaaea55522aa0bc8617851ac24d89e03be770f3588d50ca5c635,2019-02,Lancashire Constabulary,Lancashire Constabulary,-2.352472,53.760292,On or near St David'S Wood,E01025052,Hyndburn 004B,Other theft,Status update unavailable,
aceb0efeaa4b0c8d37fd6e028cdd8f9642264ca3c0ac28e73014bc5fd16c804f,2019-02,Lancashire Constabulary,Lancashire Constabulary,-2.347305,53.762806,On or near Squirrels Close,E01025052,Hyndburn 004B,Other theft,Status update unavailable,
6ab86d14204bcd8f1859e53e2b3bf4cba0db6768ed648db9fb2e2f688ea23182,2019-02,Lancashire Constabulary,Lancashire Constabulary,-2.353642,53.760559,On or near Sawley Avenue,E01025052,Hyndburn 004B,Violence and sexual offences,Status update unavailable,
73edc8bca36a152c05183060d9ee694d7198a1925e8834fc2c642821620a536c,2019-02,Lancashire Constabulary,Lancashire Constabulary,-2.356343,53.758897,On or near Manor Street,E01025052,Hyndburn 004B,Violence and sexual offences,Awaiting court outcome,
2c0ae3b204960e926c8e78d0e6e404201bf5faceb3164d347fed0411693b24b3,2019-02,Lancashire Constabulary,Lancashire Constabulary,-2.356343,53.758897,On or near Manor Street,E01025052,Hyndburn 004B,Violence and sexual offences,Awaiting court outcome,
3945a8020401be6ef3b1b0409456465a4c3df40e31e1cbd7433e6369fdf40c2f,2019-02,Lancashire Constabulary,Lancashire Constabulary,-2.345701,53.763242,On or near Badgers Close,E01025052,Hyndburn 004B,Violence and sexual offences,Unable to prosecute suspect,
,2019-02,Lancashire Constabulary,Lancashire Constabulary,-2.366936,53.759584,On or near Hospital,E01025057,Hyndburn 004C,Anti-social behaviour,,
,2019-02,Lancashire Constabulary,Lancashire Constabulary,-2.362574,53.758572,On or near Pollard Street,E01025057,Hyndburn 004C,Anti-social behaviour,,
,2019-02,Lancashire Constabulary,Lancashire Constabulary,-2.366936,53.759584,On or near Hospital,E01025057,Hyndburn 004C,Anti-social behaviour,,
,2019-02,Lancashire Constabulary,Lancashire Constabulary,-2.366440,53.758273,On or near Ramsbottom Street,E01025057,Hyndburn 004C,Anti-social behaviour,,
,2019-02,Lancashire Constabulary,Lancashire Constabulary,-2.366936,53.759584,On or near Hospital,E01025057,Hyndburn 004C,Anti-social behaviour,,
9483eb05dbc5f055a41204fa8e1e47d6c7a43a13a0e5f1370a42cea6b36e7eb7,2019-02,Lancashire Constabulary,Lancashire Constabulary,-2.366936,53.759584,On or near Hospital,E01025057,Hyndburn 004C,Burglary,Status update unavailable,
73dfccf2f7ba7d1d4ba1caccb0b3d21b6c885c83171f3f085138f1ccb49cc170,2019-02,Lancashire Constabulary,Lancashire Constabulary,-2.363534,53.760844,On or near Winchester Avenue,E01025057,Hyndburn 004C,Criminal damage and arson,Status update unavailable,
dda30cd75ef47d0f6b65a48e1f36078600c7980a531bdc8ed2bba02c5de10410,2019-02,Lancashire Constabulary,Lancashire Constabulary,-2.364746,53.760651,On or near Marlborough Road,E01025057,Hyndburn 004C,Other theft,Status update unavailable,
4ec097a38a97242d8c70bab8d37c89a0c34682f8abac6c1f9f909d7fd277a7ec,2019-02,Lancashire Constabulary,Lancashire Constabulary,-2.362574,53.758572,On or near Pollard Street,E01025057,Hyndburn 004C,Other theft,Status update unavailable,
a0adaf753bacace181e4eecd80b763b9f054d2b0b488510ef9163646472cf975,2019-02,Lancashire Constabulary,Lancashire Constabulary,-2.362574,53.758572,On or near Pollard Street,E01025057,Hyndburn 004C,Public order,Unable to prosecute suspect,
72956b6036a7888d42c5657845e918fa7b95b9134024442238b798324ae6d0a0,2019-02,Lancashire Constabulary,Lancashire Constabulary,-2.364746,53.758898,On or near Aitken Street,E01025057,Hyndburn 004C,Vehicle crime,Status update unavailable,
fa67906bcce9bf7aeef6a76c10414a8139f4c931c57e0c48b40bf9bbf91cf586,2019-02,Lancashire Constabulary,Lancashire Constabulary,-2.366936,53.759584,On or near Hospital,E01025057,Hyndburn 004C,Violence and sexual offences,Local resolution,
036ee2c5d12f757380c8a5b77e34f6ca362e8a059908b5c0cc8cc8183eccf8ae,2019-02,Lancashire Constabulary,Lancashire Constabulary,-2.364746,53.758898,On or near Aitken Street,E01025057,Hyndburn 004C,Violence and sexual offences,Unable to prosecute suspect,
13d4ea533c63718c24c028fa2af0688715ca08810f45fcac2b6f02edfc5ab355,2019-02,Lancashire Constabulary,Lancashire Constabulary,-2.362574,53.758572,On or near Pollard Street,E01025057,Hyndburn 004C,Violence and sexual offences,Further investigation is not in the public interest,
06dcf3a7f8d8ab2e7b0c350bb3a061f4b48ed140d5ec765b9ac2bb9ade8046d8,2019-02,Lancashire Constabulary,Lancashire Constabulary,-2.361984,53.760471,On or near Eton Avenue,E01025057,Hyndburn 004C,Violence and sexual offences,Status update unavailable,
eabb38a93672b32a1f3cf9f03953eb730e14c351f3841d27d544ae874bdefdea,2019-02,Lancashire Constabulary,Lancashire Constabulary,-2.366936,53.759584,On or near Hospital,E01025057,Hyndburn 004C,Other crime,Status update unavailable,
,2019-02,Lancashire Constabulary,Lancashire Constabulary,-2.374283,53.763579,On or near Thornton Close,E01025058,Hyndburn 004D,Anti-social behaviour,,
,2019-02,Lancashire Constabulary,Lancashire Constabulary,-2.369172,53.758489,On or near Eccles Street,E01025058,Hyndburn 004D,Anti-social behaviour,,
29e20af259eaaead95ed88227ec103480836e9f11ca74f793bc52af04a339316,2019-02,Lancashire Constabulary,Lancashire Constabulary,-2.375124,53.764295,On or near Kingsway,E01025058,Hyndburn 004D,Burglary,Unable to prosecute suspect,
c7121dd23492edaa0513ba24319b5223fc728e70f0fa673a751bc6f7ddcc72d5,2019-02,Lancashire Constabulary,Lancashire Constabulary,-2.369172,53.758489,On or near Eccles Street,E01025058,Hyndburn 004D,Other theft,Status update unavailable,
98160528846905960a7aca9afc6246cbb8bd78a8f8fa75cb265f061b355fc64c,2019-02,Lancashire Constabulary,Lancashire Constabulary,-2.375124,53.764295,On or near Kingsway,E01025058,Hyndburn 004D,Violence and sexual offences,Unable to prosecute suspect,
3daf2fd3b44fc6615433b15f825b5aeb30b5aee57e02b87bba19ef4abafccc81,2019-02,Lancashire Constabulary,Lancashire Constabulary,-2.375095,53.764475,On or near Kingsway,E01025058,Hyndburn 004D,Violence and sexual offences,Status update unavailable,
51236ab613c23a3860eee0d7386843febc3a8e34a89d017d832502407e7ad502,2019-02,Lancashire Constabulary,Lancashire Constabulary,-2.375124,53.764295,On or near Kingsway,E01025058,Hyndburn 004D,Violence and sexual offences,Unable to prosecute suspect,
c25e04683ed3fdf545b8df49d8b29f2688aaddc00a14fec141df3931b0e43314,2019-02,Lancashire Constabulary,Lancashire Constabulary,-2.369172,53.758489,On or near Eccles Street,E01025058,Hyndburn 004D,Violence and sexual offences,Status update unavailable,
4c9b5ae5c68b4c2f1ef2078e45737683d86a0a14f0ac466811a1d5d4bc10b96b,2019-02,Lancashire Constabulary,Lancashire Constabulary,-2.376246,53.759213,On or near Gloucester Avenue,E01025058,Hyndburn 004D,Violence and sexual offences,Status update unavailable,
9fd2a7633f536399eba7f5dbdb8db13ef99856dd2162729c4efaae2fc833010d,2019-02,Lancashire Constabulary,Lancashire Constabulary,-2.375019,53.759361,On or near Worcester Avenue,E01025058,Hyndburn 004D,Violence and sexual offences,Status update unavailable,
b343d5d984e0c085de8be0d7b5eee4da2b2791991dd66b43f1d4c9d49cb1850f,2019-02,Lancashire Constabulary,Lancashire Constabulary,-2.369523,53.758803,On or near Westwood Street,E01025058,Hyndburn 004D,Other crime,Awaiting court outcome,
,2019-02,Lancashire Constabulary,Lancashire Constabulary,-2.369653,53.761508,On or near Whalley Road,E01025059,Hyndburn 004E,Anti-social behaviour,,
,2019-02,Lancashire Constabulary,Lancashire Constabulary,-2.369173,53.763837,On or near West Crescent,E01025059,Hyndburn 004E,Anti-social behaviour,,
,2019-02,Lancashire Constabulary,Lancashire Constabulary,-2.369173,53.763837,On or near West Crescent,E01025059,Hyndburn 004E,Anti-social behaviour,,
bf2bc4d6ffd143fbf5b65cfbe2ab2e80d181c8e438846dbd75b6c378cae7e462,2019-02,Lancashire Constabulary,Lancashire Constabulary,-2.369173,53.763837,On or near West Crescent,E01025059,Hyndburn 004E,Burglary,Status update unavailable,
4796ffc8546f53e9da11ff153d0392530c731f64cc6de6997857adce2735f704,2019-02,Lancashire Constabulary,Lancashire Constabulary,-2.369173,53.763837,On or near West Crescent,E01025059,Hyndburn 004E,Criminal damage and arson,Status update unavailable,
a45ca1a2f3648ad847cad24499d0b61f288c357600c92aff5213888d80656636,2019-02,Lancashire Constabulary,Lancashire Constabulary,-2.369653,53.761508,On or near Whalley Road,E01025059,Hyndburn 004E,Other theft,Status update unavailable,
c4f71eccfff621da6aa7a0abfbc5c49fa0fed0fe7108eb9892aef09e9b290831,2019-02,Lancashire Constabulary,Lancashire Constabulary,-2.370488,53.761523,On or near Orange Street,E01025059,Hyndburn 004E,Public order,Status update unavailable,
f08d86f936de4e50acdcfd03f2aad06e717e57df0ed2ff3a2f9ad81abc26fd08,2019-02,Lancashire Constabulary,Lancashire Constabulary,-2.363469,53.762003,On or near Ralph Street,E01025059,Hyndburn 004E,Vehicle crime,Status update unavailable,
dc2157c419f2061cb834f522fd5540fd0602d3b2311c4757fe10a19801be53c2,2019-02,Lancashire Constabulary,Lancashire Constabulary,-2.366291,53.762174,On or near Mather Avenue,E01025059,Hyndburn 004E,Vehicle crime,Status update unavailable,
004e792d52b1ba4a361d2f0d2d436e9cebf7978aa1353d0b102f526225138156,2019-02,Lancashire Constabulary,Lancashire Constabulary,-2.366632,53.761185,On or near Haywood Road,E01025059,Hyndburn 004E,Violence and sexual offences,Status update unavailable,
98c78ba1bd9cf3b42a539d8f00d63d6ccc4b1860ca61f9758059b0348500f892,2019-02,Lancashire Constabulary,Lancashire Constabulary,-2.366291,53.762174,On or near Mather Avenue,E01025059,Hyndburn 004E,Violence and sexual offences,Status update unavailable,
db758229fb2e60e1171f06f444a6f1c5c746535ebf6376a871364395003aa720,2019-02,Lancashire Constabulary,Lancashire Constabulary,-2.369173,53.763837,On or near West Crescent,E01025059,Hyndburn 004E,Violence and sexual offences,Unable to prosecute suspect,
,2019-02,Lancashire Constabulary,Lancashire Constabulary,-2.358122,53.757633,On or near Manor Street,E01025067,Hyndburn 004F,Anti-social behaviour,,
,2019-02,Lancashire Constabulary,Lancashire Constabulary,-2.364985,53.756732,On or near Railway View,E01025067,Hyndburn 004F,Anti-social behaviour,,
,2019-02,Lancashire Constabulary,Lancashire Constabulary,-2.360725,53.758668,On or near Annie Street,E01025067,Hyndburn 004F,Anti-social behaviour,,
,2019-02,Lancashire Constabulary,Lancashire Constabulary,-2.360725,53.758668,On or near Annie Street,E01025067,Hyndburn 004F,Anti-social behaviour,,
,2019-02,Lancashire Constabulary,Lancashire Constabulary,-2.357025,53.757061,On or near Sultan Street,E01025067,Hyndburn 004F,Anti-social behaviour,,
,2019-02,Lancashire Constabulary,Lancashire Constabulary,-2.364466,53.756311,On or near Derby Street,E01025067,Hyndburn 004F,Anti-social behaviour,,
,2019-02,Lancashire Constabulary,Lancashire Constabulary,-2.360911,53.757445,On or near Addison Street,E01025067,Hyndburn 004F,Anti-social behaviour,,
1a275f397d7eed50b0b588904918180350e99772e066c7cb956f7256ad948cda,2019-02,Lancashire Constabulary,Lancashire Constabulary,-2.358697,53.757479,On or near Petrol Station,E01025067,Hyndburn 004F,Burglary,Status update unavailable,
06934e6ca41c87325350b513219fa002ccf5202059374b4a0c9a64a7eb37095e,2019-02,Lancashire Constabulary,Lancashire Constabulary,-2.362543,53.756721,On or near Maudsley Street,E01025067,Hyndburn 004F,Burglary,Status update unavailable,
58930ea4eaab11bbd430057aad3f295d1f525fb3083b9b4a1d2cd9378b1bb5bb,2019-02,Lancashire Constabulary,Lancashire Constabulary,-2.361679,53.756751,On or near Arnold Street,E01025067,Hyndburn 004F,Burglary,Status update unavailable,
3366f6d7d97fffae722da719815ac0d87e196c5e876180dac48363465c06efd3,2019-02,Lancashire Constabulary,Lancashire Constabulary,-2.364985,53.756732,On or near Railway View,E01025067,Hyndburn 004F,Criminal damage and arson,Status update unavailable,
384cadf019523fba982cd8b6e950ab1f2f081bbd241799407b345996e92f6c00,2019-02,Lancashire Constabulary,Lancashire Constabulary,-2.364466,53.756311,On or near Derby Street,E01025067,Hyndburn 004F,Criminal damage and arson,Status update unavailable,
876667e497472477edc5509fdf80b7b56a0ad9a4426aa6d97a6ebfcefa1b1c5d,2019-02,Lancashire Constabulary,Lancashire Constabulary,-2.358697,53.757479,On or near Petrol Station,E01025067,Hyndburn 004F,Other theft,Further investigation is not in the public interest,
12ca235bc7fdbd1dee74c7a64a0d8aab2e6631fa206ad1e02bb5d20abee7c442,2019-02,Lancashire Constabulary,Lancashire Constabulary,-2.358697,53.757479,On or near Petrol Station,E01025067,Hyndburn 004F,Other theft,Status update unavailable,
5bc940c5d248572995367390978c11417bf8541b3643e2c69c87b752d81885c1,2019-02,Lancashire Constabulary,Lancashire Constabulary,-2.363164,53.754805,On or near Burnley Road,E01025067,Hyndburn 004F,Other theft,Status update unavailable,
8f1e9d7afee2ff13d6d30d1cc18d7adbbdde078d4d643012fac3983e31e92537,2019-02,Lancashire Constabulary,Lancashire Constabulary,-2.359015,53.759114,On or near Penny House Lane,E01025067,Hyndburn 004F,Public order,Unable to prosecute suspect,
63d33dfbb49b4c1e9cf32604f588ef728400ee60ddd8fe79d1e017c2cf1f088d,2019-02,Lancashire Constabulary,Lancashire Constabulary,-2.356999,53.757565,On or near Norfolk Street,E01025067,Hyndburn 004F,Public order,Status update unavailable,
db932b2d04a3c04d2a754c5aa5dd7f2fede9afb9d57f34bb8d623c5ad5de286f,2019-02,Lancashire Constabulary,Lancashire Constabulary,-2.360148,53.756881,On or near Burnley Road,E01025067,Hyndburn 004F,Robbery,Status update unavailable,
2f383ca852c42da3a2e506d2c7fa6ec5070450ff39a503a81378c1d392d3644a,2019-02,Lancashire Constabulary,Lancashire Constabulary,-2.360148,53.756881,On or near Burnley Road,E01025067,Hyndburn 004F,Robbery,Status update unavailable,
815872ba101d7d870a994b78c32d8e5fb109cfe1d91cdb764637eaf7a2b82434,2019-02,Lancashire Constabulary,Lancashire Constabulary,-2.360148,53.756881,On or near Burnley Road,E01025067,Hyndburn 004F,Vehicle crime,Status update unavailable,
674432ed1f39e0ad950b19cc7e778e83ba564efccf3e61e88d6e2e3c767a0545,2019-02,Lancashire Constabulary,Lancashire Constabulary,-2.360148,53.756881,On or near Burnley Road,E01025067,Hyndburn 004F,Vehicle crime,Status update unavailable,
f32108e3c3a7bac67ca1654b883f8f517bfb5220f8c0be81170382ef1637e5e1,2019-02,Lancashire Constabulary,Lancashire Constabulary,-2.358697,53.757479,On or near Petrol Station,E01025067,Hyndburn 004F,Violence and sexual offences,Offender given community sentence,
00e367facd588a583d841ba88d01d77ba05224c2888a3021f00531a887028c79,2019-02,Lancashire Constabulary,Lancashire Constabulary,-2.359068,53.756489,On or near Windsor Street,E01025067,Hyndburn 004F,Violence and sexual offences,Local resolution,
30631477e4ff4f7d48cb766d96d8489decd7eeb5c718b696899c8e72897e69d3,2019-02,Lancashire Constabulary,Lancashire Constabulary,-2.363923,53.756645,On or near Hood Street,E01025067,Hyndburn 004F,Violence and sexual offences,Awaiting court outcome,
fd52f3e2ba9877614e32ccebde5637ba9a83ebfaa7416f91a774bd7e40695fbf,2019-02,Lancashire Constabulary,Lancashire Constabulary,-2.360148,53.756881,On or near Burnley Road,E01025067,Hyndburn 004F,Violence and sexual offences,Unable to prosecute suspect,
db20c13663be37630d37b5372d7a4cd3bf740f1d3e1166e9ef1003aa48145e3e,2019-02,Lancashire Constabulary,Lancashire Constabulary,-2.359068,53.756489,On or near Windsor Street,E01025067,Hyndburn 004F,Violence and sexual offences,Further investigation is not in the public interest,
385860b5aa4f2dc1f071d9960c6725be8c67df682fcd88d7cd96b657cb79058d,2019-02,Lancashire Constabulary,Lancashire Constabulary,-2.356999,53.757565,On or near Norfolk Street,E01025067,Hyndburn 004F,Violence and sexual offences,Status update unavailable,
4410d48f2fc0c9cd7e8616ce5ca0323d3262330f306c9d4c393a6c6f2755d696,2019-02,Lancashire Constabulary,Lancashire Constabulary,-2.359860,53.758680,On or near William Street,E01025067,Hyndburn 004F,Violence and sexual offences,Unable to prosecute suspect,
8788d505829548ffa108271301a290c738d76436ac96cae92fa31938e9da3a92,2019-02,Lancashire Constabulary,Lancashire Constabulary,-2.359068,53.756489,On or near Windsor Street,E01025067,Hyndburn 004F,Violence and sexual offences,Local resolution,
5b04245f335d599422c3a0392e870e2f0c5553d6333c945ac9b41534cfa6a0b8,2019-02,Lancashire Constabulary,Lancashire Constabulary,-2.363334,53.756970,On or near Horne Street,E01025067,Hyndburn 004F,Violence and sexual offences,Status update unavailable,
58987dde3546b1cc70e79f7d5efd885a524f10cfd2a1d7fb688242cc24e9956e,2019-02,Lancashire Constabulary,Lancashire Constabulary,-2.357025,53.757061,On or near Sultan Street,E01025067,Hyndburn 004F,Violence and sexual offences,Unable to prosecute suspect,
bea8430686b622748ab1254b4359fab800f73fb0c17249c0574dc6e2e85f1aa9,2019-02,Lancashire Constabulary,Lancashire Constabulary,-2.357025,53.757061,On or near Sultan Street,E01025067,Hyndburn 004F,Violence and sexual offences,Status update unavailable,
8f45eee4082a1eeadf31c9d1dc7109aa127f729810b1020499c6527a1d9c1c58,2019-02,Lancashire Constabulary,Lancashire Constabulary,-2.362543,53.756721,On or near Maudsley Street,E01025067,Hyndburn 004F,Violence and sexual offences,Status update unavailable,
a46711747930f7788308753be83936497c5e8bfefd78e2918885e151f422f236,2019-02,Lancashire Constabulary,Lancashire Constabulary,-2.360725,53.758668,On or near Annie Street,E01025067,Hyndburn 004F,Violence and sexual offences,Status update unavailable,
ce2c4e4db7ed6d1c0d64b043efdec1ce47f74dcbbcc52e05f986513fe00daa91,2019-02,Lancashire Constabulary,Lancashire Constabulary,-2.360725,53.758668,On or near Annie Street,E01025067,Hyndburn 004F,Violence and sexual offences,Status update unavailable,
4d0a03eec81d19c90da8e6a13f397c6cdaf4e561360dfd9c0e7207cca7c19d60,2019-02,Lancashire Constabulary,Lancashire Constabulary,-2.358697,53.757479,On or near Petrol Station,E01025067,Hyndburn 004F,Violence and sexual offences,Status update unavailable,
aad1c1c419440ebc53f18f8d7b7ffd8717e911206502264e54e6e4c54819abbf,2019-02,Lancashire Constabulary,Lancashire Constabulary,-2.358697,53.757479,On or near Petrol Station,E01025067,Hyndburn 004F,Violence and sexual offences,Status update unavailable,
,2019-02,Lancashire Constabulary,Lancashire Constabulary,-2.361110,53.755872,On or near Back Burnley Road,E01025068,Hyndburn 004G,Anti-social behaviour,,
,2019-02,Lancashire Constabulary,Lancashire Constabulary,-2.359317,53.753684,On or near Park Street,E01025068,Hyndburn 004G,Anti-social behaviour,,
,2019-02,Lancashire Constabulary,Lancashire Constabulary,-2.359317,53.753684,On or near Park Street,E01025068,Hyndburn 004G,Anti-social behaviour,,
,2019-02,Lancashire Constabulary,Lancashire Constabulary,-2.361914,53.754134,On or near Eastgate,E01025068,Hyndburn 004G,Anti-social behaviour,,
,2019-02,Lancashire Constabulary,Lancashire Constabulary,-2.358149,53.755386,On or near Avenue Parade,E01025068,Hyndburn 004G,Anti-social behaviour,,
0a588571429b2ed3ef86ef46c4204d1251385dbe0c3803454027901d04e22f95,2019-02,Lancashire Constabulary,Lancashire Constabulary,-2.360756,53.751729,On or near Eastgate,E01025068,Hyndburn 004G,Burglary,Status update unavailable,
3fe83dcf663cc6279f5645695e381fe530b345fb67f39aef7e38e4843ce7b84c,2019-02,Lancashire Constabulary,Lancashire Constabulary,-2.360756,53.751729,On or near Eastgate,E01025068,Hyndburn 004G,Burglary,Status update unavailable,
47aa450e2d98b9c9a2dda5a48e2fceabe492827bafa38cd0b6ccbd7baeffd252,2019-02,Lancashire Constabulary,Lancashire Constabulary,-2.361110,53.755872,On or near Back Burnley Road,E01025068,Hyndburn 004G,Burglary,Status update unavailable,
ebe24580b9f2b3b903d0258d4804e6208dc75e4df4afa69f27d752429499bde9,2019-02,Lancashire Constabulary,Lancashire Constabulary,-2.360140,53.755964,On or near Sydney Street,E01025068,Hyndburn 004G,Burglary,Status update unavailable,
c4f080e3100810e7943f281fdba222c49ad4afa87ce1856d76bc4c797ac8a4b8,2019-02,Lancashire Constabulary,Lancashire Constabulary,-2.358500,53.752077,On or near Plantation Street,E01025068,Hyndburn 004G,Burglary,Status update unavailable,
1c0bf4cd989b05a73765f931eaaa30881873d671491bcd104b2f54994d4ad781,2019-02,Lancashire Constabulary,Lancashire Constabulary,-2.355557,53.757389,On or near Turkey Street,E01025068,Hyndburn 004G,Burglary,Status update unavailable,
04c41a09f8f9bfce156eada4954f6927bf3990a6952cfefb200f68167ba106b4,2019-02,Lancashire Constabulary,Lancashire Constabulary,-2.358149,53.755386,On or near Avenue Parade,E01025068,Hyndburn 004G,Burglary,Status update unavailable,
5118342f5aa75566aded0063d6049cababf2bf50a6e83de8403e36470c4a429d,2019-02,Lancashire Constabulary,Lancashire Constabulary,-2.361110,53.755872,On or near Back Burnley Road,E01025068,Hyndburn 004G,Burglary,Status update unavailable,
1f2c086c460ab1fe30d31104b0e6fac7666d2cad0416a12e630bb19cf1a2e5be,2019-02,Lancashire Constabulary,Lancashire Constabulary,-2.358149,53.755386,On or near Avenue Parade,E01025068,Hyndburn 004G,Criminal damage and arson,Status update unavailable,
f749466da4765bd98aa2291c0cea7a9623bd33418b2ac0cd2dd904f58413b32d,2019-02,Lancashire Constabulary,Lancashire Constabulary,-2.359973,53.752352,On or near Lee Street,E01025068,Hyndburn 004G,Criminal damage and arson,Status update unavailable,
697685782225637f54db76b31d3e85ad95b82afa515b31e75a9025dba9d11062,2019-02,Lancashire Constabulary,Lancashire Constabulary,-2.355557,53.757389,On or near Turkey Street,E01025068,Hyndburn 004G,Other theft,Status update unavailable,
c5ccfee27640d968bd42e98ecd0987fd29d94737febd523f72440355de8540f9,2019-02,Lancashire Constabulary,Lancashire Constabulary,-2.360140,53.755964,On or near Sydney Street,E01025068,Hyndburn 004G,Other theft,Status update unavailable,
3a7b195376d616b02c15c5c2cc01a2de3ceb9861ad96ea89f2f751c26aa7ddb1,2019-02,Lancashire Constabulary,Lancashire Constabulary,-2.362371,53.756101,On or near Bradshaw Street East,E01025068,Hyndburn 004G,Public order,Status update unavailable,
0afec23e9f0ce3e1b1ef374959a48ba1423bb4090bd3bb493ad35424e643eb60,2019-02,Lancashire Constabulary,Lancashire Constabulary,-2.359317,53.753684,On or near Park Street,E01025068,Hyndburn 004G,Shoplifting,Unable to prosecute suspect,
e8add836e39507aed04e179d567661e8bfde92838db540aeccf64a7c4a1291d0,2019-02,Lancashire Constabulary,Lancashire Constabulary,-2.360140,53.755964,On or near Sydney Street,E01025068,Hyndburn 004G,Violence and sexual offences,Status update unavailable,
7719e496e15c4f266bb5a0b7ffe17b4f49ffa83aa493f4028155093739c6b9df,2019-02,Lancashire Constabulary,Lancashire Constabulary,-2.360140,53.755964,On or near Sydney Street,E01025068,Hyndburn 004G,Violence and sexual offences,Status update unavailable,
202715e3ebc58ec9192580f37c62f6e008980197884babc76ead5538ceca91e4,2019-02,Lancashire Constabulary,Lancashire Constabulary,-2.355557,53.757389,On or near Turkey Street,E01025068,Hyndburn 004G,Violence and sexual offences,Status update unavailable,
976320a17ef39f5f3a62a421bed58d5df3906164324c41e5e64ec53e8cbe3ac8,2019-02,Lancashire Constabulary,Lancashire Constabulary,-2.361110,53.755872,On or near Back Burnley Road,E01025068,Hyndburn 004G,Violence and sexual offences,Status update unavailable,
26f127ea1291a1974e87dcb7c20bf2693d9e71e10d3021ee2f72671e9bbb30be,2019-02,Lancashire Constabulary,Lancashire Constabulary,-2.356188,53.754844,On or near Bold Street,E01025069,Hyndburn 004H,Criminal damage and arson,Status update unavailable,
0c549c6902cccf64407809d2495d3730d500d5ac19338da2bc1916af7734e2cb,2019-02,Lancashire Constabulary,Lancashire Constabulary,-2.354034,53.754904,On or near Spencer Street,E01025069,Hyndburn 004H,Other theft,Status update unavailable,
73e1ca89a85bab59a997b45859abce313e944da3976bb3eb9b2d7ecd84d276c9,2019-02,Lancashire Constabulary,Lancashire Constabulary,-2.355342,53.753507,On or near Bradford Street,E01025069,Hyndburn 004H,Other theft,Status update unavailable,
347095073e649c4fba3e781911a442d43a1064adc181bc7fdcea85c9e7efef9f,2019-02,Lancashire Constabulary,Lancashire Constabulary,-2.355302,53.754109,On or near Clarendon Street,E01025069,Hyndburn 004H,Other theft,Status update unavailable,
90ca7690b25233811bb1784dcaed1190d5b22ee0e20733d5c0c7614d225594bf,2019-02,Lancashire Constabulary,Lancashire Constabulary,-2.354558,53.754058,On or near Hodder Street,E01025069,Hyndburn 004H,Violence and sexual offences,Awaiting court outcome,
5d09493c322e5d1877b2eeb0031ea9023b940e8e5917f3482c482f3c0a0a2e4c,2019-02,Lancashire Constabulary,Lancashire Constabulary,-2.352275,53.754846,On or near Hodder Street,E01025069,Hyndburn 004H,Violence and sexual offences,Status update unavailable,
956dd1504ee0a3894b00b7e731d2815dff32bd77278268e1b4f671dc738f79f0,2019-02,Lancashire Constabulary,Lancashire Constabulary,-2.353165,53.756129,On or near Surrey Street,E01025069,Hyndburn 004H,Violence and sexual offences,Unable to prosecute suspect,
,2019-02,Lancashire Constabulary,Lancashire Constabulary,-2.382332,53.754565,On or near Emma Street,E01025044,Hyndburn 005A,Anti-social behaviour,,
,2019-02,Lancashire Constabulary,Lancashire Constabulary,-2.383867,53.759926,On or near Glynn Street,E01025044,Hyndburn 005A,Anti-social behaviour,,
,2019-02,Lancashire Constabulary,Lancashire Constabulary,-2.381806,53.756832,On or near Riding Barn Street,E01025044,Hyndburn 005A,Anti-social behaviour,,
9b13e8e4dbb01eab68c2cdde0f3900afcf9d5d24233f55cc12a2646e7b3b5fc5,2019-02,Lancashire Constabulary,Lancashire Constabulary,-2.389668,53.755764,On or near Lion Street,E01025044,Hyndburn 005A,Criminal damage and arson,Status update unavailable,
de04e203c9464222a0b41e75d3faa94d1dca703325e45ea0c853ad12414e60f6,2019-02,Lancashire Constabulary,Lancashire Constabulary,-2.384250,53.757031,On or near Jubilee Road,E01025044,Hyndburn 005A,Criminal damage and arson,Unable to prosecute suspect,
36d50500a44d83a969fa4550e034822607c78ebb16cd7db52792ddd316f86109,2019-02,Lancashire Constabulary,Lancashire Constabulary,-2.384250,53.757031,On or near Jubilee Road,E01025044,Hyndburn 005A,Criminal damage and arson,Status update unavailable,
21e3596c2f93fe6aea08ddc5b4f3cebb567f5c43d0399b742981d098ddc2966f,2019-02,Lancashire Constabulary,Lancashire Constabulary,-2.389607,53.762254,On or near Dunkenhalgh Way,E01025044,Hyndburn 005A,Public order,Status update unavailable,
89f9f608a40c9fa401fea2d9ee2fcac19e1368033ce82120ab4c4d81ff5388b8,2019-02,Lancashire Constabulary,Lancashire Constabulary,-2.382332,53.754565,On or near Emma Street,E01025044,Hyndburn 005A,Public order,Status update unavailable,
dd9bc4d2a5933555a0e6f0372172bf1d134da75bc9c8fde03a38972378e5b69e,2019-02,Lancashire Constabulary,Lancashire Constabulary,-2.381806,53.756832,On or near Riding Barn Street,E01025044,Hyndburn 005A,Vehicle crime,Status update unavailable,
31cdd1235c0a50d3a3bfae7491d81bd3dd2d9d686bfdee8b3af4e3787b8cdabc,2019-02,Lancashire Constabulary,Lancashire Constabulary,-2.384957,53.758026,On or near Manor Place,E01025044,Hyndburn 005A,Violence and sexual offences,Unable to prosecute suspect,
b685c1e7a21e35f52454669b7bfa5134a73c3958ecd688247d72e7a488fc3537,2019-02,Lancashire Constabulary,Lancashire Constabulary,-2.383867,53.759926,On or near Glynn Street,E01025044,Hyndburn 005A,Violence and sexual offences,Unable to prosecute suspect,
8b116c57a36b9d3bd6a7fa8eb451eaf79364bde96a67fe3b5a3479891d10880f,2019-02,Lancashire Constabulary,Lancashire Constabulary,-2.381535,53.753624,On or near Lina Street,E01025044,Hyndburn 005A,Violence and sexual offences,Status update unavailable,
fbbfe0999fbe0059906381dbe738252f98fe8731fc44917685a94dc7fbb4044c,2019-02,Lancashire Constabulary,Lancashire Constabulary,-2.389668,53.755764,On or near Lion Street,E01025044,Hyndburn 005A,Violence and sexual offences,Status update unavailable,
c9e1fe35dd61f368123144dcbaecb73c5f7a1c7f6c556609e4ddc2777ffb3f43,2019-02,Lancashire Constabulary,Lancashire Constabulary,-2.383024,53.757340,On or near Elmfield Street,E01025044,Hyndburn 005A,Violence and sexual offences,Status update unavailable,
,2019-02,Lancashire Constabulary,Lancashire Constabulary,-2.378608,53.758775,On or near Norfolk Grove,E01025045,Hyndburn 005B,Anti-social behaviour,,
e900afed6948fb22030527dca14926636717c67a6792338bf206f22ed6fd4d94,2019-02,Lancashire Constabulary,Lancashire Constabulary,-2.380885,53.758947,On or near Sussex Close,E01025045,Hyndburn 005B,Burglary,Status update unavailable,
de54e9df22ee49e964c5c88a386d4290819d1069b2425fbe8f50c564fd1c8c9d,2019-02,Lancashire Constabulary,Lancashire Constabulary,-2.380673,53.760682,On or near Queensway,E01025045,Hyndburn 005B,Criminal damage and arson,Status update unavailable,
4ae670b2862ade137e20fe7016b052dab73ced3020e80c38161e1dad354163c6,2019-02,Lancashire Constabulary,Lancashire Constabulary,-2.382164,53.757757,On or near Howarth Avenue,E01025045,Hyndburn 005B,Public order,Unable to prosecute suspect,
a2e193ea1486d06d9d2cd29e5c53d5beefded80944c64251720a9e25014ef926,2019-02,Lancashire Constabulary,Lancashire Constabulary,-2.382164,53.757757,On or near Howarth Avenue,E01025045,Hyndburn 005B,Vehicle crime,Status update unavailable,
e77b1b666614823ac4e3a53934bc3331c7befeb84edf021a8d8fea5fe97a2fc2,2019-02,Lancashire Constabulary,Lancashire Constabulary,-2.378608,53.758775,On or near Norfolk Grove,E01025045,Hyndburn 005B,Violence and sexual offences,Unable to prosecute suspect,
59a48e2fc7d425e6fb8faa5889599e8e7ddc81bcf35ddefca2a1ffeef5aeeca6,2019-02,Lancashire Constabulary,Lancashire Constabulary,-2.380963,53.759199,On or near Somerset Grove,E01025045,Hyndburn 005B,Violence and sexual offences,Unable to prosecute suspect,
fc822112ecf656e24f66b422c07ef333dbb33dc06877eb73f6c0684cd8e2796b,2019-02,Lancashire Constabulary,Lancashire Constabulary,-2.378608,53.758775,On or near Norfolk Grove,E01025045,Hyndburn 005B,Violence and sexual offences,Status update unavailable,
,2019-02,Lancashire Constabulary,Lancashire Constabulary,-2.391595,53.754203,On or near Duckworth Street,E01025046,Hyndburn 005C,Anti-social behaviour,,
,2019-02,Lancashire Constabulary,Lancashire Constabulary,-2.393441,53.756974,On or near Kershaw Street,E01025046,Hyndburn 005C,Anti-social behaviour,,
,2019-02,Lancashire Constabulary,Lancashire Constabulary,-2.389568,53.751477,On or near Knotwood Court,E01025046,Hyndburn 005C,Anti-social behaviour,,
,2019-02,Lancashire Constabulary,Lancashire Constabulary,-2.393441,53.756974,On or near Kershaw Street,E01025046,Hyndburn 005C,Anti-social behaviour,,
,2019-02,Lancashire Constabulary,Lancashire Constabulary,-2.391221,53.751553,On or near Market Street,E01025046,Hyndburn 005C,Anti-social behaviour,,
a2d135facc58b626047b0fea8f97bb951b71a7ea2ef5a96b91568e22e1304ce3,2019-02,Lancashire Constabulary,Lancashire Constabulary,-2.390393,53.753766,On or near Walmsley Close,E01025046,Hyndburn 005C,Drugs,Investigation complete; no suspect identified,
2df3577f96c45244b40cc8d82a776085e1ad1cbbbc9aacc8940e30c77e70eaf7,2019-02,Lancashire Constabulary,Lancashire Constabulary,-2.393346,53.756561,On or near Canal Street,E01025046,Hyndburn 005C,Public order,Status update unavailable,
3c2f412d81f767da9b6588c23634bd145ec3143d9830a9a4f56477fda95a3f33,2019-02,Lancashire Constabulary,Lancashire Constabulary,-2.390195,53.755313,On or near Princess Street,E01025046,Hyndburn 005C,Public order,Status update unavailable,
4d05647741384c9c3025ec3a15592d13a6e791de479242b55cdb8d04246347f2,2019-02,Lancashire Constabulary,Lancashire Constabulary,-2.395110,53.757085,On or near St James Close,E01025046,Hyndburn 005C,Public order,Status update unavailable,
0cc6b69e8100bd2bd8a4563240543c9d4fe68e96b0f424819fd14bfccbf72169,2019-02,Lancashire Constabulary,Lancashire Constabulary,-2.394477,53.757546,On or near St James Mews,E01025046,Hyndburn 005C,Violence and sexual offences,Unable to prosecute suspect,
d1caa40f350572838d7fed207b4e156a4de33d1bb646e44861ac3d15fae49e95,2019-02,Lancashire Constabulary,Lancashire Constabulary,-2.391766,53.756252,On or near Florence Street,E01025046,Hyndburn 005C,Violence and sexual offences,Unable to prosecute suspect,
4319d5061788eb32c56294c503ff2c01e97f87a78f4004537164645d0b927b9b,2019-02,Lancashire Constabulary,Lancashire Constabulary,-2.390638,53.755698,On or near York Street,E01025046,Hyndburn 005C,Violence and sexual offences,Unable to prosecute suspect,
d53fae878ac76dd6dd46cf9919c21b2f99ef1b3e09d93001d301150496c4373f,2019-02,Lancashire Constabulary,Lancashire Constabulary,-2.389568,53.751477,On or near Knotwood Court,E01025046,Hyndburn 005C,Violence and sexual offences,Unable to prosecute suspect,
c4be52ad34adf1f3bd7822dc26bdf231c7417c0a6f09ab7b01fc2dcdeca655e3,2019-02,Lancashire Constabulary,Lancashire Constabulary,-2.389568,53.751477,On or near Knotwood Court,E01025046,Hyndburn 005C,Violence and sexual offences,Status update unavailable,
89b134743263ea03de396428b57aca940e49624ce976d2c8a9eae4c77cf44b33,2019-02,Lancashire Constabulary,Lancashire Constabulary,-2.392090,53.756907,On or near John Street,E01025046,Hyndburn 005C,Violence and sexual offences,Further investigation is not in the public interest,
3b6ab2272bedffba221241a952c2964d3d71b1b8fc7e5017a16226cfee66ab6d,2019-02,Lancashire Constabulary,Lancashire Constabulary,-2.392090,53.756907,On or near John Street,E01025046,Hyndburn 005C,Violence and sexual offences,Further investigation is not in the public interest,
4fd5a3b22f7cd0ce3d866e2893fcf28f0f739a5d8bd533aeebfcb7514ec804f4,2019-02,Lancashire Constabulary,Lancashire Constabulary,-2.392090,53.756907,On or near John Street,E01025046,Hyndburn 005C,Violence and sexual offences,Further investigation is not in the public interest,
355c673942923748a9800a382c9a7bf148712e42e3e7a2eb6e438d31283fc9d9,2019-02,Lancashire Constabulary,Lancashire Constabulary,-2.389568,53.751477,On or near Knotwood Court,E01025046,Hyndburn 005C,Violence and sexual offences,Status update unavailable,
e53f92ccffae49e8c0d14cdbf2949ba52ad09884571173b8e8f1c22a833e271e,2019-02,Lancashire Constabulary,Lancashire Constabulary,-2.392090,53.756907,On or near John Street,E01025046,Hyndburn 005C,Violence and sexual offences,Unable to prosecute suspect,
5e20db8f79a115b1f41f7f0134f5329e9f2b4dae370cf31a61fd0c9c1998ea32,2019-02,Lancashire Constabulary,Lancashire Constabulary,-2.389683,53.754047,On or near Edward Street,E01025046,Hyndburn 005C,Violence and sexual offences,Unable to prosecute suspect,
663464be7af871358154dbb916568cdcb468465ccce16c00c7062d9711838757,2019-02,Lancashire Constabulary,Lancashire Constabulary,-2.389683,53.754047,On or near Edward Street,E01025046,Hyndburn 005C,Violence and sexual offences,Status update unavailable,
115c0bef95e06c1e2914793f6cb2785e6bf3dbf4a3b285978773f2032d59a543,2019-02,Lancashire Constabulary,Lancashire Constabulary,-2.392090,53.756907,On or near John Street,E01025046,Hyndburn 005C,Other crime,Further investigation is not in the public interest,
1dcdcae205c9865fd2599f4afebb77b70fc2945b4c575d9179da68ade230d55c,2019-02,Lancashire Constabulary,Lancashire Constabulary,-2.392090,53.756907,On or near John Street,E01025046,Hyndburn 005C,Other crime,Formal action is not in the public interest,
,2019-02,Lancashire Constabulary,Lancashire Constabulary,-2.415932,53.744539,On or near Nab Lane,E01025081,Hyndburn 005D,Anti-social behaviour,,
2829b413b7d920fdcbe97fead0cbadee0780731c05fc68628a5d760ddc03046b,2019-02,Lancashire Constabulary,Lancashire Constabulary,-2.410101,53.749899,On or near Spread Eagle Street,E01025081,Hyndburn 005D,Other theft,Status update unavailable,
197249b67b547aa36b2fe3de954954ddcfd780937d936b8cf78acc91bc520392,2019-02,Lancashire Constabulary,Lancashire Constabulary,-2.410101,53.749899,On or near Spread Eagle Street,E01025081,Hyndburn 005D,Vehicle crime,Status update unavailable,
1a7291c24129b0719595a62765c5bde786d73b999b113d45565a08109d710c3e,2019-02,Lancashire Constabulary,Lancashire Constabulary,-2.414336,53.745731,On or near Peel Bank Road,E01025081,Hyndburn 005D,Violence and sexual offences,Status update unavailable,
,2019-02,Lancashire Constabulary,Lancashire Constabulary,-2.374204,53.753063,On or near Blackburn Road,E01025041,Hyndburn 006A,Anti-social behaviour,,
,2019-02,Lancashire Constabulary,Lancashire Constabulary,-2.368456,53.753009,On or near Parking Area,E01025041,Hyndburn 006A,Anti-social behaviour,,
,2019-02,Lancashire Constabulary,Lancashire Constabulary,-2.376261,53.750720,On or near Claret Street,E01025041,Hyndburn 006A,Anti-social behaviour,,
,2019-02,Lancashire Constabulary,Lancashire Constabulary,-2.368456,53.753009,On or near Parking Area,E01025041,Hyndburn 006A,Anti-social behaviour,,
,2019-02,Lancashire Constabulary,Lancashire Constabulary,-2.376261,53.750720,On or near Claret Street,E01025041,Hyndburn 006A,Anti-social behaviour,,
,2019-02,Lancashire Constabulary,Lancashire Constabulary,-2.368456,53.753009,On or near Parking Area,E01025041,Hyndburn 006A,Anti-social behaviour,,
,2019-02,Lancashire Constabulary,Lancashire Constabulary,-2.368456,53.753009,On or near Parking Area,E01025041,Hyndburn 006A,Anti-social behaviour,,
,2019-02,Lancashire Constabulary,Lancashire Constabulary,-2.367521,53.757038,On or near Malt Street,E01025041,Hyndburn 006A,Anti-social behaviour,,
,2019-02,Lancashire Constabulary,Lancashire Constabulary,-2.371083,53.753369,On or near Fox Street,E01025041,Hyndburn 006A,Anti-social behaviour,,
,2019-02,Lancashire Constabulary,Lancashire Constabulary,-2.368418,53.755553,On or near Petrol Station,E01025041,Hyndburn 006A,Anti-social behaviour,,
,2019-02,Lancashire Constabulary,Lancashire Constabulary,-2.372596,53.756412,On or near Supermarket,E01025041,Hyndburn 006A,Anti-social behaviour,,
,2019-02,Lancashire Constabulary,Lancashire Constabulary,-2.368418,53.755553,On or near Petrol Station,E01025041,Hyndburn 006A,Anti-social behaviour,,
,2019-02,Lancashire Constabulary,Lancashire Constabulary,-2.367995,53.754071,On or near Parking Area,E01025041,Hyndburn 006A,Anti-social behaviour,,
,2019-02,Lancashire Constabulary,Lancashire Constabulary,-2.368456,53.753009,On or near Parking Area,E01025041,Hyndburn 006A,Anti-social behaviour,,
,2019-02,Lancashire Constabulary,Lancashire Constabulary,-2.368456,53.753009,On or near Parking Area,E01025041,Hyndburn 006A,Anti-social behaviour,,
,2019-02,Lancashire Constabulary,Lancashire Constabulary,-2.372596,53.756412,On or near Supermarket,E01025041,Hyndburn 006A,Anti-social behaviour,,
,2019-02,Lancashire Constabulary,Lancashire Constabulary,-2.374204,53.753063,On or near Blackburn Road,E01025041,Hyndburn 006A,Anti-social behaviour,,
,2019-02,Lancashire Constabulary,Lancashire Constabulary,-2.371606,53.750743,On or near Fountain Place,E01025041,Hyndburn 006A,Anti-social behaviour,,
,2019-02,Lancashire Constabulary,Lancashire Constabulary,-2.372052,53.753187,On or near Brunswick Terrace,E01025041,Hyndburn 006A,Anti-social behaviour,,
,2019-02,Lancashire Constabulary,Lancashire Constabulary,-2.372596,53.756412,On or near Supermarket,E01025041,Hyndburn 006A,Anti-social behaviour,,
,2019-02,Lancashire Constabulary,Lancashire Constabulary,-2.371117,53.750358,On or near Richmond Avenue,E01025041,Hyndburn 006A,Anti-social behaviour,,
,2019-02,Lancashire Constabulary,Lancashire Constabulary,-2.368456,53.753009,On or near Parking Area,E01025041,Hyndburn 006A,Anti-social behaviour,,
,2019-02,Lancashire Constabulary,Lancashire Constabulary,-2.368030,53.752884,On or near Eagle Street,E01025041,Hyndburn 006A,Anti-social behaviour,,
,2019-02,Lancashire Constabulary,Lancashire Constabulary,-2.368456,53.753009,On or near Parking Area,E01025041,Hyndburn 006A,Anti-social behaviour,,
,2019-02,Lancashire Constabulary,Lancashire Constabulary,-2.368418,53.755553,On or near Petrol Station,E01025041,Hyndburn 006A,Anti-social behaviour,,
,2019-02,Lancashire Constabulary,Lancashire Constabulary,-2.374006,53.752965,On or near Little Street,E01025041,Hyndburn 006A,Anti-social behaviour,,
,2019-02,Lancashire Constabulary,Lancashire Constabulary,-2.368442,53.756532,On or near Argyle Street,E01025041,Hyndburn 006A,Anti-social behaviour,,
056b7a78fe616f251c7a09300eef7916ba0f47cdc86eb8db93c69e75f9a3d8b5,2019-02,Lancashire Constabulary,Lancashire Constabulary,-2.367521,53.757038,On or near Malt Street,E01025041,Hyndburn 006A,Burglary,Status update unavailable,
64d8380611e62937e97472f67e2c7b88266c41588f6709fe6e00b817b5eeee83,2019-02,Lancashire Constabulary,Lancashire Constabulary,-2.367521,53.757038,On or near Malt Street,E01025041,Hyndburn 006A,Burglary,Status update unavailable,
33055c50c7d25d043d6e771838b5ff1a3f00e70b26a6945d06af479bec8af8b8,2019-02,Lancashire Constabulary,Lancashire Constabulary,-2.368418,53.755553,On or near Petrol Station,E01025041,Hyndburn 006A,Criminal damage and arson,Status update unavailable,
b0fefb14f9e52bd78256d39951b1dfa371491b5fad43063bb5f6224bd18dbb18,2019-02,Lancashire Constabulary,Lancashire Constabulary,-2.375733,53.752672,On or near Lang Street,E01025041,Hyndburn 006A,Criminal damage and arson,Status update unavailable,
42c5c0d2b00814930710b46c35a282813329205dcb7d9a6e6ec26abe06698399,2019-02,Lancashire Constabulary,Lancashire Constabulary,-2.367843,53.753946,On or near Edgar Street,E01025041,Hyndburn 006A,Other theft,Unable to prosecute suspect,
83ac944ee32e4035a5f1645388bbbed9885b198dfcf654116a24f6170ccfa676,2019-02,Lancashire Constabulary,Lancashire Constabulary,-2.372596,53.756412,On or near Supermarket,E01025041,Hyndburn 006A,Other theft,Unable to prosecute suspect,
ec49afb3cdd85e098718230bfef91090334fe64157b38a3a59abe3b8a9d8ff86,2019-02,Lancashire Constabulary,Lancashire Constabulary,-2.367521,53.757038,On or near Malt Street,E01025041,Hyndburn 006A,Other theft,Status update unavailable,
30ecebd424db584bd02b49acdf398499192609e317a7033e9ffc03502ab017ae,2019-02,Lancashire Constabulary,Lancashire Constabulary,-2.368418,53.755553,On or near Petrol Station,E01025041,Hyndburn 006A,Possession of weapons,Offender sent to prison,
0cf7522fcff6a95d9f50a17c6a145af1ecfc9932e3093b949850320a1f235430,2019-02,Lancashire Constabulary,Lancashire Constabulary,-2.368418,53.755553,On or near Petrol Station,E01025041,Hyndburn 006A,Possession of weapons,Status update unavailable,
b8aa4ee3ac9a2d9efd990d93999efb2ea4ba3be9ee6c6734c3cff2599a58ff44,2019-02,Lancashire Constabulary,Lancashire Constabulary,-2.368456,53.753009,On or near Parking Area,E01025041,Hyndburn 006A,Possession of weapons,Awaiting court outcome,
6a0dcdcbce19e8d07a9d8c0a97076f4aa38270ecf8a540911eb1d88cd65716a6,2019-02,Lancashire Constabulary,Lancashire Constabulary,-2.368418,53.755553,On or near Petrol Station,E01025041,Hyndburn 006A,Public order,Status update unavailable,
fa1959e6097f84348f14c2fc23caac297cbebd3432ea49a2251396bb9cb40d0d,2019-02,Lancashire Constabulary,Lancashire Constabulary,-2.368456,53.753009,On or near Parking Area,E01025041,Hyndburn 006A,Public order,Status update unavailable,
bbb018133762d70916da21c38d2c25a2494046f0fe53cf712ca7101e36261534,2019-02,Lancashire Constabulary,Lancashire Constabulary,-2.368456,53.753009,On or near Parking Area,E01025041,Hyndburn 006A,Public order,Offender given community sentence,
e42b43ae3d60f6744339bf3e1d1d8622912535a8e8886f400c09e5a2968bbac9,2019-02,Lancashire Constabulary,Lancashire Constabulary,-2.368418,53.755553,On or near Petrol Station,E01025041,Hyndburn 006A,Robbery,Status update unavailable,
4621a5195dc979dedb5b0c97e83858d3cb2dce518eaaad018a703b5ffb4bcc9c,2019-02,Lancashire Constabulary,Lancashire Constabulary,-2.368456,53.753009,On or near Parking Area,E01025041,Hyndburn 006A,Shoplifting,Further investigation is not in the public interest,
032d41ced641ddd882162a5ed1836b11eedae620a36c05f8d24d96418568bd2f,2019-02,Lancashire Constabulary,Lancashire Constabulary,-2.368456,53.753009,On or near Parking Area,E01025041,Hyndburn 006A,Shoplifting,Status update unavailable,
89ff828556d7b12b87ca774caf64dfb2f8b9b2325e35d2d02387adfc184b1c1b,2019-02,Lancashire Constabulary,Lancashire Constabulary,-2.368456,53.753009,On or near Parking Area,E01025041,Hyndburn 006A,Shoplifting,Offender given community sentence,
2523e6384a0b1efbdfe4afd6a3871b26cc802489dbfe083efdcc06b5bcc9044d,2019-02,Lancashire Constabulary,Lancashire Constabulary,-2.372596,53.756412,On or near Supermarket,E01025041,Hyndburn 006A,Shoplifting,Status update unavailable,
76b3dfb0452410d7aa73489339120c10e9d4a2d83024527084dcf9c99daf8ca8,2019-02,Lancashire Constabulary,Lancashire Constabulary,-2.372596,53.756412,On or near Supermarket,E01025041,Hyndburn 006A,Shoplifting,Offender otherwise dealt with,
f2aefe95568e63b3a14c65eb199ad9d0fbd1c925bb5a1d00488382304dde0e39,2019-02,Lancashire Constabulary,Lancashire Constabulary,-2.372596,53.756412,On or near Supermarket,E01025041,Hyndburn 006A,Shoplifting,Unable to prosecute suspect,
f61de97154edcf336ef04695ef8bab6ed0e82659be2fe7bbec630e93b9b9f1c8,2019-02,Lancashire Constabulary,Lancashire Constabulary,-2.372596,53.756412,On or near Supermarket,E01025041,Hyndburn 006A,Shoplifting,Status update unavailable,
3b0cfe9ca41652431c1573a28661903ec0164b5bb1ce2175bc316abb94f9f453,2019-02,Lancashire Constabulary,Lancashire Constabulary,-2.372596,53.756412,On or near Supermarket,E01025041,Hyndburn 006A,Shoplifting,Unable to prosecute suspect,
fe89812b8348ca0491a0819df3d833375a860ff96335661a04f47dfbdf6d141d,2019-02,Lancashire Constabulary,Lancashire Constabulary,-2.372596,53.756412,On or near Supermarket,E01025041,Hyndburn 006A,Shoplifting,Further investigation is not in the public interest,
86ea267a7de9140a0b98bf7cb32908c3120f4316dacbb7bc4c3e1d8a28e477de,2019-02,Lancashire Constabulary,Lancashire Constabulary,-2.372596,53.756412,On or near Supermarket,E01025041,Hyndburn 006A,Shoplifting,Status update unavailable,
b877a8d3bb9858fc8052d5e38e62390a2207120029b6f7ad1ebc3e7301d0793a,2019-02,Lancashire Constabulary,Lancashire Constabulary,-2.372596,53.756412,On or near Supermarket,E01025041,Hyndburn 006A,Shoplifting,Unable to prosecute suspect,
d757601328f12cda1d145ff032243056c78c5febc86f6d3a4d8afd07283e8b6b,2019-02,Lancashire Constabulary,Lancashire Constabulary,-2.368456,53.753009,On or near Parking Area,E01025041,Hyndburn 006A,Shoplifting,Local resolution,
4530c2222dd98c4be4f512b2eb9c766a6e255ad74e15d1e316bca6aa4fc20636,2019-02,Lancashire Constabulary,Lancashire Constabulary,-2.372596,53.756412,On or near Supermarket,E01025041,Hyndburn 006A,Shoplifting,Suspect charged as part of another case,
bf181ac27b9ffdc1030021b6dae83f0871dba41cafcb9ad3a2d8f7b6f885ec16,2019-02,Lancashire Constabulary,Lancashire Constabulary,-2.369996,53.753975,On or near Parking Area,E01025041,Hyndburn 006A,Shoplifting,Local resolution,
ca429f714eb89d319ea5dfff3908a119c3e10b3c888ed4660311417140109ef5,2019-02,Lancashire Constabulary,Lancashire Constabulary,-2.372596,53.756412,On or near Supermarket,E01025041,Hyndburn 006A,Shoplifting,Status update unavailable,
1807a7085ff3796dbfc426c5dbac163daa45b6a7ec5d95131c627210860b6a18,2019-02,Lancashire Constabulary,Lancashire Constabulary,-2.372596,53.756412,On or near Supermarket,E01025041,Hyndburn 006A,Shoplifting,Status update unavailable,
9f5de4c898f5e80703e78e4ddea924f11cec7862fdbfa4078c85c7f195bb42aa,2019-02,Lancashire Constabulary,Lancashire Constabulary,-2.369996,53.753975,On or near Parking Area,E01025041,Hyndburn 006A,Shoplifting,Status update unavailable,
5eb0d4289ee3cce7cf78662c54c58644dd85917e06724e1fa6552856b78f3b16,2019-02,Lancashire Constabulary,Lancashire Constabulary,-2.367521,53.757038,On or near Malt Street,E01025041,Hyndburn 006A,Vehicle crime,Status update unavailable,
e781b87825f9cadf3dec63ff2a6786af17e6384dd5b73822de3f836e7eb33289,2019-02,Lancashire Constabulary,Lancashire Constabulary,-2.368102,53.755895,On or near Parking Area,E01025041,Hyndburn 006A,Vehicle crime,Status update unavailable,
b869fed5329dcf05ba887986a094047037bdb02c9a2f830b6ed77ca05739ffa7,2019-02,Lancashire Constabulary,Lancashire Constabulary,-2.370249,53.753372,On or near Paxton Street,E01025041,Hyndburn 006A,Vehicle crime,Status update unavailable,
caa1be473c0b7fbbf20d451137362b14a3c3bcc5e22dabe60485ce423b9d53f7,2019-02,Lancashire Constabulary,Lancashire Constabulary,-2.367995,53.754071,On or near Parking Area,E01025041,Hyndburn 006A,Violence and sexual offences,Investigation complete; no suspect identified,
30b1351e2ca945bd202561a9952025f73810dc348e4da1035a589cce664994fd,2019-02,Lancashire Constabulary,Lancashire Constabulary,-2.368456,53.753009,On or near Parking Area,E01025041,Hyndburn 006A,Violence and sexual offences,Status update unavailable,
0100e7e8c96f4ee4956d2c8daf06bf764fce68ddbd1bff70db41f8bc7ee7b649,2019-02,Lancashire Constabulary,Lancashire Constabulary,-2.371103,53.757351,On or near Horsfall Close,E01025041,Hyndburn 006A,Violence and sexual offences,Offender fined,
80eccaf30000ebd9062079efe4ea5c78869549c49bc2e06e196cc969ee867732,2019-02,Lancashire Constabulary,Lancashire Constabulary,-2.371103,53.757351,On or near Horsfall Close,E01025041,Hyndburn 006A,Violence and sexual offences,Further investigation is not in the public interest,
574b10d6944c5b9c2babc1ede702537d20b93d0c314469ca22ff4d853b0ef0bf,2019-02,Lancashire Constabulary,Lancashire Constabulary,-2.368418,53.755553,On or near Petrol Station,E01025041,Hyndburn 006A,Violence and sexual offences,Status update unavailable,
4bdca68afc57583effd8cd369afa51f44315160e7bae3f25e005a03e6a2ca212,2019-02,Lancashire Constabulary,Lancashire Constabulary,-2.369089,53.750805,On or near Conference/Exhibition Centre,E01025041,Hyndburn 006A,Violence and sexual offences,Status update unavailable,
13e7b18e6ba91c235b7ed71ccac53ff2732ebdb0c4ba03a19f73ebe2a44f00e7,2019-02,Lancashire Constabulary,Lancashire Constabulary,-2.369996,53.753975,On or near Parking Area,E01025041,Hyndburn 006A,Violence and sexual offences,Status update unavailable,
27054be353f0c661a35ce7b409515ce77337080dd9fcca1cdf1a025a2883a627,2019-02,Lancashire Constabulary,Lancashire Constabulary,-2.369089,53.750805,On or near Conference/Exhibition Centre,E01025041,Hyndburn 006A,Violence and sexual offences,Status update unavailable,
6495f05aa1615677d99c1f7acf759ee28dc3eae4ce6c7160163903548dcbde01,2019-02,Lancashire Constabulary,Lancashire Constabulary,-2.368456,53.753009,On or near Parking Area,E01025041,Hyndburn 006A,Violence and sexual offences,Status update unavailable,
62cca8aa7373d958c07a8625ac7dd4c1173b4cf36209160221d91270d4ff42cb,2019-02,Lancashire Constabulary,Lancashire Constabulary,-2.367843,53.753946,On or near Edgar Street,E01025041,Hyndburn 006A,Violence and sexual offences,Unable to prosecute suspect,
c17e1d95174a4780dfcdb0d29260ddec9893d1c58e386eb6c70b2c7f70a284f4,2019-02,Lancashire Constabulary,Lancashire Constabulary,-2.371103,53.757351,On or near Horsfall Close,E01025041,Hyndburn 006A,Violence and sexual offences,Unable to prosecute suspect,
6a6c6f292b5fe577ebaeb24076ed16c705d4b865434d87ac14ba08be9f4be08a,2019-02,Lancashire Constabulary,Lancashire Constabulary,-2.368418,53.755553,On or near Petrol Station,E01025041,Hyndburn 006A,Violence and sexual offences,Formal action is not in the public interest,
f609cb22e3cc4f93f3fb61ecbc3d2bd959997e49e98a7d8621234ce69f9b1fe2,2019-02,Lancashire Constabulary,Lancashire Constabulary,-2.368456,53.753009,On or near Parking Area,E01025041,Hyndburn 006A,Violence and sexual offences,Status update unavailable,
bdc1fb1fa94d87dc08ce01b6c7c67b1767a5b80f163f0397920a4b4ba4db75e0,2019-02,Lancashire Constabulary,Lancashire Constabulary,-2.368456,53.753009,On or near Parking Area,E01025041,Hyndburn 006A,Violence and sexual offences,Status update unavailable,
208d1b190b5dbb7bf70e82b48fe775ac62e88cd3af9ead3d2ec8ffe583b6ec0c,2019-02,Lancashire Constabulary,Lancashire Constabulary,-2.374204,53.753063,On or near Blackburn Road,E01025041,Hyndburn 006A,Violence and sexual offences,Status update unavailable,
273b382391652e8469831dc3f0856005a12c45e90bc520ac7200775b76d094c2,2019-02,Lancashire Constabulary,Lancashire Constabulary,-2.368286,53.757782,On or near York Street,E01025041,Hyndburn 006A,Violence and sexual offences,Status update unavailable,
2bdf6c2945f0507498a5d991c842c199e07907e15c71adead4bba571afae6e6d,2019-02,Lancashire Constabulary,Lancashire Constabulary,-2.368286,53.757782,On or near York Street,E01025041,Hyndburn 006A,Violence and sexual offences,Status update unavailable,
73efdfa847d01f0ff03eec4209f28d61c4da6d52096ca3d06afa2be457e0cc71,2019-02,Lancashire Constabulary,Lancashire Constabulary,-2.368286,53.757782,On or near York Street,E01025041,Hyndburn 006A,Violence and sexual offences,Status update unavailable,
cfbca7e54be4617e397f7f8532fd30e6ae71bf2e58ede87094283a2de2594796,2019-02,Lancashire Constabulary,Lancashire Constabulary,-2.372596,53.756412,On or near Supermarket,E01025041,Hyndburn 006A,Violence and sexual offences,Status update unavailable,
d2e0855ad3ce0156c1d0fd4bad3c124c5636d3adf2077cba86eea745a1157b4f,2019-02,Lancashire Constabulary,Lancashire Constabulary,-2.368456,53.753009,On or near Parking Area,E01025041,Hyndburn 006A,Violence and sexual offences,Status update unavailable,
d8e98470b9612eb8a48e19f41d064da8e13bc677bb0538c1c9303fd02ca25ca5,2019-02,Lancashire Constabulary,Lancashire Constabulary,-2.368418,53.755553,On or near Petrol Station,E01025041,Hyndburn 006A,Other crime,Status update unavailable,
,2019-02,Lancashire Constabulary,Lancashire Constabulary,-2.374572,53.748370,On or near Pendle Street,E01025042,Hyndburn 006B,Anti-social behaviour,,
,2019-02,Lancashire Constabulary,Lancashire Constabulary,-2.373532,53.749083,On or near Higher Antley Street,E01025042,Hyndburn 006B,Anti-social behaviour,,
,2019-02,Lancashire Constabulary,Lancashire Constabulary,-2.373532,53.749083,On or near Higher Antley Street,E01025042,Hyndburn 006B,Anti-social behaviour,,
,2019-02,Lancashire Constabulary,Lancashire Constabulary,-2.373532,53.749083,On or near Higher Antley Street,E01025042,Hyndburn 006B,Anti-social behaviour,,
,2019-02,Lancashire Constabulary,Lancashire Constabulary,-2.371394,53.749108,On or near Holden Street,E01025042,Hyndburn 006B,Anti-social behaviour,,
,2019-02,Lancashire Constabulary,Lancashire Constabulary,-2.373346,53.748608,On or near Fountain Street,E01025042,Hyndburn 006B,Anti-social behaviour,,
,2019-02,Lancashire Constabulary,Lancashire Constabulary,-2.374452,53.746771,On or near Clifton Street,E01025042,Hyndburn 006B,Anti-social behaviour,,
08ca952fc68f8b85c200f43c1c73bf8674dceeac60eb2ab504d73576d794dd42,2019-02,Lancashire Constabulary,Lancashire Constabulary,-2.374452,53.746771,On or near Clifton Street,E01025042,Hyndburn 006B,Burglary,Status update unavailable,
369bf774f832420f5cda72141b01d3790ca98135066aac79cb3772111b126a86,2019-02,Lancashire Constabulary,Lancashire Constabulary,-2.374452,53.746771,On or near Clifton Street,E01025042,Hyndburn 006B,Criminal damage and arson,Status update unavailable,
f99574c010c141a74b0ce1e0b1e59159f251ce25f34dcd179ea7d2e26f93984d,2019-02,Lancashire Constabulary,Lancashire Constabulary,-2.377718,53.749178,On or near Chester Street,E01025042,Hyndburn 006B,Public order,Status update unavailable,
4efb115e5098a447793c8604e0f2bc0a67feb14ac29028d019266bf5a946c0e5,2019-02,Lancashire Constabulary,Lancashire Constabulary,-2.374572,53.748370,On or near Pendle Street,E01025042,Hyndburn 006B,Public order,Status update unavailable,
daaf790026c084adad109e4fc41025146b3e90a24bb9e5efedb244646e625a32,2019-02,Lancashire Constabulary,Lancashire Constabulary,-2.374452,53.746771,On or near Clifton Street,E01025042,Hyndburn 006B,Vehicle crime,Status update unavailable,
c1818fb8bad5952a5554dec6ca6fc1b545cf22cf56f8b1405e705970cbe34e9f,2019-02,Lancashire Constabulary,Lancashire Constabulary,-2.377718,53.749178,On or near Chester Street,E01025042,Hyndburn 006B,Vehicle crime,Status update unavailable,
09addb68e9718c82a74919aec1dd0302b31185df0d6c27036cd486ce316c2a1a,2019-02,Lancashire Constabulary,Lancashire Constabulary,-2.374572,53.748370,On or near Pendle Street,E01025042,Hyndburn 006B,Violence and sexual offences,Status update unavailable,
2335ab289f6dc3ba20f5d4f4226a1207851bca3b496f3d09e9db07452e3fd753,2019-02,Lancashire Constabulary,Lancashire Constabulary,-2.374452,53.746771,On or near Clifton Street,E01025042,Hyndburn 006B,Violence and sexual offences,Unable to prosecute suspect,
e454b9ea5cd72aa559c04354a9452ba33b064d94a9bdc2fd589ff02c2c05811b,2019-02,Lancashire Constabulary,Lancashire Constabulary,-2.374452,53.746771,On or near Clifton Street,E01025042,Hyndburn 006B,Violence and sexual offences,Unable to prosecute suspect,
6eea54a4269f69bcbeda5e3d40c066242249171dc3f14cf1fb4a40fd1d007e7d,2019-02,Lancashire Constabulary,Lancashire Constabulary,-2.374452,53.746771,On or near Clifton Street,E01025042,Hyndburn 006B,Violence and sexual offences,Unable to prosecute suspect,
,2019-02,Lancashire Constabulary,Lancashire Constabulary,-2.379675,53.745882,On or near Richmond Road,E01025082,Hyndburn 006E,Anti-social behaviour,,
,2019-02,Lancashire Constabulary,Lancashire Constabulary,-2.374691,53.744712,On or near Dunny Shop Avenue,E01025082,Hyndburn 006E,Anti-social behaviour,,
,2019-02,Lancashire Constabulary,Lancashire Constabulary,-2.377252,53.746187,On or near Gordon Avenue,E01025082,Hyndburn 006E,Anti-social behaviour,,
,2019-02,Lancashire Constabulary,Lancashire Constabulary,-2.376043,53.743242,On or near Fairclough Road,E01025082,Hyndburn 006E,Anti-social behaviour,,
3f2e28d59b5fa0209a56b86a8d6778faa82d7f40ac412048ada2be15abc06f59,2019-02,Lancashire Constabulary,Lancashire Constabulary,-2.380453,53.744729,On or near Slaidburn Drive,E01025082,Hyndburn 006E,Burglary,Status update unavailable,
291f5d11b06e8fa400d7d7834310cd86d58e5c13d4199776a22f4db0bd13a1a4,2019-02,Lancashire Constabulary,Lancashire Constabulary,-2.375455,53.743685,On or near Chestnut Grove,E01025082,Hyndburn 006E,Burglary,Unable to prosecute suspect,
c6e4263390dd7f3f949a50f93af94ffb455b1e82ffba52d0dc5fdec0777438f3,2019-02,Lancashire Constabulary,Lancashire Constabulary,-2.377156,53.742232,On or near Fern Gore Avenue,E01025082,Hyndburn 006E,Criminal damage and arson,Unable to prosecute suspect,
0b489a562ade8e0e940bbd0d745fd90ff764f212750cd74f400c3af76ac1dc20,2019-02,Lancashire Constabulary,Lancashire Constabulary,-2.374691,53.744712,On or near Dunny Shop Avenue,E01025082,Hyndburn 006E,Public order,Unable to prosecute suspect,
9ea0b2ac89e3f4cf1fd02294bf5deda75221e7729efaf7ee1ef42ed5917bbf22,2019-02,Lancashire Constabulary,Lancashire Constabulary,-2.377260,53.747085,On or near Fife Street,E01025082,Hyndburn 006E,Public order,Status update unavailable,
dcbc605b5a5a4ef0e91e1d8b4084388aea0bdde7762f60793db690228bea5453,2019-02,Lancashire Constabulary,Lancashire Constabulary,-2.377260,53.747085,On or near Fife Street,E01025082,Hyndburn 006E,Public order,Status update unavailable,
f611db01bbbfa140c4abc61d1fcdd60cb1a02f349885ffc6db2458acdb57665c,2019-02,Lancashire Constabulary,Lancashire Constabulary,-2.377260,53.747085,On or near Fife Street,E01025082,Hyndburn 006E,Vehicle crime,Status update unavailable,
b0335dacd14ad6b930e5ec8ee4c1ffef3204d0df3f047ddd54add20c500712eb,2019-02,Lancashire Constabulary,Lancashire Constabulary,-2.378096,53.745672,On or near Moorhouse Avenue,E01025082,Hyndburn 006E,Vehicle crime,Further investigation is not in the public interest,
8b860201d5a6726053ef78a56f93a32ae7364c369edd30a447177b4187d113d4,2019-02,Lancashire Constabulary,Lancashire Constabulary,-2.376084,53.739377,On or near Cartmel Avenue,E01025082,Hyndburn 006E,Violence and sexual offences,Unable to prosecute suspect,
397dffae2570feb4735eb6c3e33abf9aa06977e895105d97430881e802bc4ad9,2019-02,Lancashire Constabulary,Lancashire Constabulary,-2.378096,53.745672,On or near Moorhouse Avenue,E01025082,Hyndburn 006E,Other crime,Further investigation is not in the public interest,
,2019-02,Lancashire Constabulary,Lancashire Constabulary,-2.384889,53.747295,On or near Spring Street,E01025083,Hyndburn 006F,Anti-social behaviour,,
,2019-02,Lancashire Constabulary,Lancashire Constabulary,-2.382550,53.745172,On or near Burnsall Road,E01025083,Hyndburn 006F,Anti-social behaviour,,
,2019-02,Lancashire Constabulary,Lancashire Constabulary,-2.384204,53.748690,On or near Elizabeth Street,E01025083,Hyndburn 006F,Anti-social behaviour,,
,2019-02,Lancashire Constabulary,Lancashire Constabulary,-2.384468,53.747692,On or near Edleston Street,E01025083,Hyndburn 006F,Anti-social behaviour,,
,2019-02,Lancashire Constabulary,Lancashire Constabulary,-2.384889,53.747295,On or near Spring Street,E01025083,Hyndburn 006F,Anti-social behaviour,,
,2019-02,Lancashire Constabulary,Lancashire Constabulary,-2.384204,53.748690,On or near Elizabeth Street,E01025083,Hyndburn 006F,Anti-social behaviour,,
f828f454e9446ae6bdb8f7540e104d0617fbf3af120eeff217df9b9e35f1c460,2019-02,Lancashire Constabulary,Lancashire Constabulary,-2.378187,53.747352,On or near Laurel Close,E01025083,Hyndburn 006F,Criminal damage and arson,Status update unavailable,
9a2e5d6d49f43da06bdbc6cada5de22393703d3c50b8406cf799f50d6ca5bd9f,2019-02,Lancashire Constabulary,Lancashire Constabulary,-2.386964,53.746991,On or near Coal Pit Lane,E01025083,Hyndburn 006F,Criminal damage and arson,Status update unavailable,
dc8d342105c22b5e944048892facc9bba6d3492b6c55935a9c95d8ea6ae51aa4,2019-02,Lancashire Constabulary,Lancashire Constabulary,-2.386964,53.746991,On or near Coal Pit Lane,E01025083,Hyndburn 006F,Criminal damage and arson,Status update unavailable,
0556844b9fdf0f7c18297b7994e7a366b409ab8b2376534b2f4d5510f94c38f8,2019-02,Lancashire Constabulary,Lancashire Constabulary,-2.378187,53.747352,On or near Laurel Close,E01025083,Hyndburn 006F,Robbery,Status update unavailable,
e720bba6ee6017d2c73798ba4cc3c209f1cc0b628b40a4dd3f04c2fb53474bc6,2019-02,Lancashire Constabulary,Lancashire Constabulary,-2.385715,53.744793,On or near Mayfield Avenue,E01025083,Hyndburn 006F,Vehicle crime,Status update unavailable,
91ff59d2406b2aa903a305c1ad160884274cd53f9546d72a462741b7d433fa2c,2019-02,Lancashire Constabulary,Lancashire Constabulary,-2.381774,53.744932,On or near Buckden Road,E01025083,Hyndburn 006F,Violence and sexual offences,Unable to prosecute suspect,
741c1338e9acefd648b456996112df1a89fd2ac49c66e0385b27c8b1fe0857af,2019-02,Lancashire Constabulary,Lancashire Constabulary,-2.384204,53.748690,On or near Elizabeth Street,E01025083,Hyndburn 006F,Violence and sexual offences,Status update unavailable,
deb17b9221a9caf03fc84bdd9d4636ca23b639ca8244f17b367b88f65d9d5aa7,2019-02,Lancashire Constabulary,Lancashire Constabulary,-2.386615,53.748637,On or near Cravenwood Close,E01025083,Hyndburn 006F,Violence and sexual offences,Unable to prosecute suspect,
8257f7fc93f0a43beaec9a1d6ff0d1e6ad3f243f5e66b866a304145ea6fac3c2,2019-02,Lancashire Constabulary,Lancashire Constabulary,-2.385422,53.747491,On or near George Street,E01025083,Hyndburn 006F,Violence and sexual offences,Unable to prosecute suspect,
,2019-02,Lancashire Constabulary,Lancashire Constabulary,-2.373417,53.746315,On or near Clifton Street,E01025084,Hyndburn 006G,Anti-social behaviour,,
,2019-02,Lancashire Constabulary,Lancashire Constabulary,-2.373498,53.745273,On or near Park Crescent,E01025084,Hyndburn 006G,Anti-social behaviour,,
,2019-02,Lancashire Constabulary,Lancashire Constabulary,-2.368729,53.747777,On or near Rose Street,E01025084,Hyndburn 006G,Anti-social behaviour,,
12a9dfc0032ad5c55ab6cc43ed081c1edc3896edc4bbdecc6011319f3eea4096,2019-02,Lancashire Constabulary,Lancashire Constabulary,-2.373498,53.745273,On or near Park Crescent,E01025084,Hyndburn 006G,Criminal damage and arson,Status update unavailable,
d6e363f1608e5d0484ef797277bd4755e90c2cb552f7334e4c1df315c8613127,2019-02,Lancashire Constabulary,Lancashire Constabulary,-2.373417,53.746315,On or near Clifton Street,E01025084,Hyndburn 006G,Criminal damage and arson,Unable to prosecute suspect,
77a7ba9999cc3e9ae87a6688ac051c92409d997f9af7d435204fe878d3994986,2019-02,Lancashire Constabulary,Lancashire Constabulary,-2.374585,53.741242,On or near Lindadale Close,E01025084,Hyndburn 006G,Other theft,Status update unavailable,
6e3a57b121a5955534310c1c097e335a25a9c9c33ad5f2e2586e728987e0f754,2019-02,Lancashire Constabulary,Lancashire Constabulary,-2.373417,53.746315,On or near Clifton Street,E01025084,Hyndburn 006G,Public order,Awaiting court outcome,
fff782d49ef472678929dbafbd05165933508194c3eb97c1b4963204c33e5a2b,2019-02,Lancashire Constabulary,Lancashire Constabulary,-2.371286,53.740264,On or near Crosley Close,E01025084,Hyndburn 006G,Public order,Status update unavailable,
c09359a2138b97dcffa1b43c1a1e33895cc7d42e5aef13361170af8fa4c5330b,2019-02,Lancashire Constabulary,Lancashire Constabulary,-2.371286,53.740264,On or near Crosley Close,E01025084,Hyndburn 006G,Public order,Unable to prosecute suspect,
d689d85d1bfca0400625b3235f852dd01997e4aaed7cd7fa9f79ad0698e90496,2019-02,Lancashire Constabulary,Lancashire Constabulary,-2.369888,53.748564,On or near Hope Street,E01025084,Hyndburn 006G,Violence and sexual offences,Status update unavailable,
6aad23383bf17652c13f1b7987d2d0db6137d06c15960c01129350004842e3ac,2019-02,Lancashire Constabulary,Lancashire Constabulary,-2.374011,53.743222,On or near Sports/Recreation Area,E01025084,Hyndburn 006G,Violence and sexual offences,Unable to prosecute suspect,
0c2b2161d3d46077154aba4e7d6a11b48168d85ff41c5a42deb69ab172af1b64,2019-02,Lancashire Constabulary,Lancashire Constabulary,-2.371421,53.747014,On or near Perth Street,E01025084,Hyndburn 006G,Violence and sexual offences,Status update unavailable,
a494dec5dbe1b7e5b45d399064ce2d1110ae395b744f80554a2b531d623c189b,2019-02,Lancashire Constabulary,Lancashire Constabulary,-2.367856,53.746755,On or near Marsden Street,E01025084,Hyndburn 006G,Other crime,Status update unavailable,
,2019-02,Lancashire Constabulary,Lancashire Constabulary,-2.382400,53.750386,On or near Howard Close,E01033231,Hyndburn 006H,Anti-social behaviour,,
,2019-02,Lancashire Constabulary,Lancashire Constabulary,-2.384565,53.753354,On or near Hyndburn Street,E01033231,Hyndburn 006H,Anti-social behaviour,,
,2019-02,Lancashire Constabulary,Lancashire Constabulary,-2.384565,53.753354,On or near Hyndburn Street,E01033231,Hyndburn 006H,Anti-social behaviour,,
,2019-02,Lancashire Constabulary,Lancashire Constabulary,-2.378290,53.753778,On or near Tremellen Street,E01033231,Hyndburn 006H,Anti-social behaviour,,
,2019-02,Lancashire Constabulary,Lancashire Constabulary,-2.378290,53.753778,On or near Tremellen Street,E01033231,Hyndburn 006H,Anti-social behaviour,,
,2019-02,Lancashire Constabulary,Lancashire Constabulary,-2.388657,53.751426,On or near Stonecross Close,E01033231,Hyndburn 006H,Anti-social behaviour,,
,2019-02,Lancashire Constabulary,Lancashire Constabulary,-2.385499,53.752596,On or near Blackburn Road,E01033231,Hyndburn 006H,Anti-social behaviour,,
,2019-02,Lancashire Constabulary,Lancashire Constabulary,-2.383779,53.753599,On or near Persia Street,E01033231,Hyndburn 006H,Anti-social behaviour,,
,2019-02,Lancashire Constabulary,Lancashire Constabulary,-2.380096,53.753889,On or near Monk Street,E01033231,Hyndburn 006H,Anti-social behaviour,,
,2019-02,Lancashire Constabulary,Lancashire Constabulary,-2.388007,53.753280,On or near Tanpits Road,E01033231,Hyndburn 006H,Anti-social behaviour,,
,2019-02,Lancashire Constabulary,Lancashire Constabulary,-2.382095,53.750189,On or near The Copse,E01033231,Hyndburn 006H,Anti-social behaviour,,
,2019-02,Lancashire Constabulary,Lancashire Constabulary,-2.383086,53.754113,On or near Countess Street,E01033231,Hyndburn 006H,Anti-social behaviour,,
8bb32aef56a7e6cd94dea9039f7812b74a479daa8a2ce0b64a7c756b74324e98,2019-02,Lancashire Constabulary,Lancashire Constabulary,-2.378290,53.753778,On or near Tremellen Street,E01033231,Hyndburn 006H,Burglary,Status update unavailable,
7b2fbd3d0d9c029e1f61bbebd5f1dfd355b710ba00a7a042d9a16a4d14585254,2019-02,Lancashire Constabulary,Lancashire Constabulary,-2.385358,53.750511,On or near Lonsdale Street,E01033231,Hyndburn 006H,Burglary,Status update unavailable,
b085a749f7312f0014c53f80bfb70490de21811f72bbe1bfb4c0f8c4165fe729,2019-02,Lancashire Constabulary,Lancashire Constabulary,-2.382095,53.750189,On or near The Copse,E01033231,Hyndburn 006H,Burglary,Status update unavailable,
c002b02450f6bf5ddf091c70940e88c3ed106fb00e20d642fffc3c9ec47f59e5,2019-02,Lancashire Constabulary,Lancashire Constabulary,-2.382095,53.750189,On or near The Copse,E01033231,Hyndburn 006H,Drugs,Status update unavailable,
e2daed8dcfe4e221740cd27ec170953318707e35fa30b0d3d302228a0b924e4b,2019-02,Lancashire Constabulary,Lancashire Constabulary,-2.379397,53.755428,On or near Park Road,E01033231,Hyndburn 006H,Other theft,Status update unavailable,
06ddd2e55d73df4155147e0f7a04d688e405ff048e836b0e00cbc791bf05498b,2019-02,Lancashire Constabulary,Lancashire Constabulary,-2.388694,53.752118,On or near Oakbank Drive,E01033231,Hyndburn 006H,Public order,Status update unavailable,
96464fc129ae4ec30f422348f82008c5501988ac77d97bd40db82b8f47be825e,2019-02,Lancashire Constabulary,Lancashire Constabulary,-2.379397,53.755428,On or near Park Road,E01033231,Hyndburn 006H,Shoplifting,Court case unable to proceed,
95b57a2b83ad41de5e68014a8f87e5a8a9deebaf76e1366d1188d711a28aae78,2019-02,Lancashire Constabulary,Lancashire Constabulary,-2.383044,53.752819,On or near Poland Street,E01033231,Hyndburn 006H,Shoplifting,Status update unavailable,
b1c0d618224ba420aedba3abe06cd7d9a3cd52bc644ddc8a25ef418d70302c5c,2019-02,Lancashire Constabulary,Lancashire Constabulary,-2.375559,53.753553,On or near College Street,E01033231,Hyndburn 006H,Vehicle crime,Status update unavailable,
73444328d617d32bb2ded9432883bf1482973fc54a5281135b395755b299a6a9,2019-02,Lancashire Constabulary,Lancashire Constabulary,-2.385499,53.752596,On or near Blackburn Road,E01033231,Hyndburn 006H,Violence and sexual offences,Unable to prosecute suspect,
932ac1c0fd202d03da4e39acc1eb1947a59803ed40f5bb17858d47fca68bfdd9,2019-02,Lancashire Constabulary,Lancashire Constabulary,-2.383779,53.753599,On or near Persia Street,E01033231,Hyndburn 006H,Violence and sexual offences,Status update unavailable,
dadae05f7797c3d60062340f0dcc2a38cff4ad48a12ef9ec7db1eba7c6f4cccf,2019-02,Lancashire Constabulary,Lancashire Constabulary,-2.382282,53.752426,On or near Holland Street,E01033231,Hyndburn 006H,Violence and sexual offences,Offender given community sentence,
0cc72293b5521cd613b93ca28dd5227a6ba1e04efc2b06aa9ba625f7f80a64dd,2019-02,Lancashire Constabulary,Lancashire Constabulary,-2.382400,53.750386,On or near Howard Close,E01033231,Hyndburn 006H,Violence and sexual offences,Unable to prosecute suspect,
7f8490fd4befc1a7c5af21fa4d4d6905a343fbdf61688ca47638414a09cfc157,2019-02,Lancashire Constabulary,Lancashire Constabulary,-2.383779,53.753599,On or near Persia Street,E01033231,Hyndburn 006H,Violence and sexual offences,Investigation complete; no suspect identified,
02c680e4d1e257a9a78a087dc85bb8bd49780e268a2de84e3255d31bede835e6,2019-02,Lancashire Constabulary,Lancashire Constabulary,-2.383077,53.753080,On or near Empress Street,E01033231,Hyndburn 006H,Violence and sexual offences,Status update unavailable,
ab5bce8f8af83a4b80aa6de16f3f69e7f1657352010c18f6c73329f6052fff2b,2019-02,Lancashire Constabulary,Lancashire Constabulary,-2.383077,53.753080,On or near Empress Street,E01033231,Hyndburn 006H,Violence and sexual offences,Status update unavailable,
3957240f859d60596e76e2be2b25b810c6b7473f40a5c2f40dc3663552a38469,2019-02,Lancashire Constabulary,Lancashire Constabulary,-2.382400,53.750386,On or near Howard Close,E01033231,Hyndburn 006H,Violence and sexual offences,Offender given community sentence,
4be8aa046f459a9db1bb0eb144e9fbf9a2e123c023e2cbf4f49b20c431a627d8,2019-02,Lancashire Constabulary,Lancashire Constabulary,-2.382400,53.750386,On or near Howard Close,E01033231,Hyndburn 006H,Violence and sexual offences,Unable to prosecute suspect,
d2e268055d0019832d76cea0809d5a5786fcf58289685dfd8d4ec0f28ff6e4b3,2019-02,Lancashire Constabulary,Lancashire Constabulary,-2.385499,53.752596,On or near Blackburn Road,E01033231,Hyndburn 006H,Violence and sexual offences,Unable to prosecute suspect,
2d9688577704b6f3b7c894b8d3b35c9a5c5364c869c7ea33a9f874b3425e5de2,2019-02,Lancashire Constabulary,Lancashire Constabulary,-2.380393,53.753124,On or near Empress Street,E01033231,Hyndburn 006H,Violence and sexual offences,Status update unavailable,
a1601ee18a31cf349d9bd4d699fc93aeaf1955c64db61adb19eab68b3d321e7e,2019-02,Lancashire Constabulary,Lancashire Constabulary,-2.383779,53.753599,On or near Persia Street,E01033231,Hyndburn 006H,Violence and sexual offences,Unable to prosecute suspect,
ca95a4e477f94007cbe93c3e218e0ca18476f4e9831c91a42c48d7e84fed3403,2019-02,Lancashire Constabulary,Lancashire Constabulary,-2.382400,53.750386,On or near Howard Close,E01033231,Hyndburn 006H,Violence and sexual offences,Unable to prosecute suspect,
6492283c4f3ae6e80c999f2b0af39cda55f673af66ae15e156904193b9399de7,2019-02,Lancashire Constabulary,Lancashire Constabulary,-2.385499,53.752596,On or near Blackburn Road,E01033231,Hyndburn 006H,Violence and sexual offences,Formal action is not in the public interest,
349601224eb44d6d0183eedf2f7ceed79212442aae1109ca3c242d2e01703a82,2019-02,Lancashire Constabulary,Lancashire Constabulary,-2.385499,53.752596,On or near Blackburn Road,E01033231,Hyndburn 006H,Violence and sexual offences,Status update unavailable,
f684b3b6ba3dd1616f7fd1ec1432002342f35c2f0f285661ac48652b35399200,2019-02,Lancashire Constabulary,Lancashire Constabulary,-2.385499,53.752596,On or near Blackburn Road,E01033231,Hyndburn 006H,Violence and sexual offences,Unable to prosecute suspect,
345a33c9ea7017206728a9cd4f0e5fe37a9eba25e28f1dda44122eec013988f7,2019-02,Lancashire Constabulary,Lancashire Constabulary,-2.402227,53.740011,On or near Stanley Street,E01025055,Hyndburn 007A,Other theft,Status update unavailable,
9e3cb32ccfda7caf5eb684d9c8439c5cd1ee8764646a9e2bcc9dd64f54f29e8d,2019-02,Lancashire Constabulary,Lancashire Constabulary,-2.402475,53.740559,On or near Church Street,E01025055,Hyndburn 007A,Public order,Status update unavailable,
8fe9efd94611b51aca488db656a47b45b71ea28bd41be645a10a5fa654540e00,2019-02,Lancashire Constabulary,Lancashire Constabulary,-2.399542,53.741467,On or near Oak Street,E01025055,Hyndburn 007A,Public order,Unable to prosecute suspect,
4968c92ff144243cb02040864300772a1a0bec7f13878874195df2f281839f0a,2019-02,Lancashire Constabulary,Lancashire Constabulary,-2.400595,53.740520,On or near Plant Street,E01025055,Hyndburn 007A,Violence and sexual offences,Unable to prosecute suspect,
6c75586b829b8ad8dde7510b8739d21769789c722e3a259b7d2ef8b9d65f0365,2019-02,Lancashire Constabulary,Lancashire Constabulary,-2.401463,53.739358,On or near Trinity Street,E01025055,Hyndburn 007A,Violence and sexual offences,Unable to prosecute suspect,
851c4f38ea76b957edf97112c4c32433a6ace94574d80bd97ce5eed1db343331,2019-02,Lancashire Constabulary,Lancashire Constabulary,-2.400280,53.740890,On or near Commercial Street,E01025055,Hyndburn 007A,Violence and sexual offences,Further investigation is not in the public interest,
ca72405cb97584547d2f2e849aba64cd3b52ddf98a528aefb1a718c1e0554de6,2019-02,Lancashire Constabulary,Lancashire Constabulary,-2.396879,53.741953,On or near Melbourne Street,E01025055,Hyndburn 007A,Violence and sexual offences,Unable to prosecute suspect,
af193f8c1e84345328a2435054a56879460e2577625a63451498fccb5d5019bb,2019-02,Lancashire Constabulary,Lancashire Constabulary,-2.400595,53.740520,On or near Plant Street,E01025055,Hyndburn 007A,Violence and sexual offences,Unable to prosecute suspect,
4686c4e8d4ba92ff93836a902ae62ac15d536f0b52e57011d828cd5005aaf5d6,2019-02,Lancashire Constabulary,Lancashire Constabulary,-2.400280,53.740890,On or near Commercial Street,E01025055,Hyndburn 007A,Violence and sexual offences,Further investigation is not in the public interest,
90d4995250f6f521079bef9a9d9ab502e0566bd6b8777935fda05950898dce1f,2019-02,Lancashire Constabulary,Lancashire Constabulary,-2.400280,53.740890,On or near Commercial Street,E01025055,Hyndburn 007A,Violence and sexual offences,Status update unavailable,
,2019-02,Lancashire Constabulary,Lancashire Constabulary,-2.393480,53.744957,On or near Parking Area,E01025075,Hyndburn 007B,Anti-social behaviour,,
,2019-02,Lancashire Constabulary,Lancashire Constabulary,-2.391169,53.749207,On or near Clayton Street,E01025075,Hyndburn 007B,Anti-social behaviour,,
,2019-02,Lancashire Constabulary,Lancashire Constabulary,-2.391312,53.744964,On or near Haworth Street,E01025075,Hyndburn 007B,Anti-social behaviour,,
,2019-02,Lancashire Constabulary,Lancashire Constabulary,-2.388078,53.749415,On or near Bramley Close,E01025075,Hyndburn 007B,Anti-social behaviour,,
,2019-02,Lancashire Constabulary,Lancashire Constabulary,-2.391169,53.749207,On or near Clayton Street,E01025075,Hyndburn 007B,Anti-social behaviour,,
,2019-02,Lancashire Constabulary,Lancashire Constabulary,-2.392538,53.747962,On or near Badge Brow,E01025075,Hyndburn 007B,Anti-social behaviour,,
,2019-02,Lancashire Constabulary,Lancashire Constabulary,-2.392329,53.746695,On or near St Paul'S Street,E01025075,Hyndburn 007B,Anti-social behaviour,,
907f5797a37780facef6e5f7e9e8634ee5443c44a93ffde8a7149f94c36dd76d,2019-02,Lancashire Constabulary,Lancashire Constabulary,-2.389766,53.748349,On or near Wesley Street,E01025075,Hyndburn 007B,Burglary,Awaiting court outcome,
d2e9b5e534e94a9b1393d390a8db0a7e14712ad9f8b7c15226f1b739c23598a4,2019-02,Lancashire Constabulary,Lancashire Constabulary,-2.392743,53.743998,On or near Watson Street,E01025075,Hyndburn 007B,Criminal damage and arson,Status update unavailable,
705429005cb2e50557d97af7596b476e2b3da24b2b8ae9982a5fe6658536c607,2019-02,Lancashire Constabulary,Lancashire Constabulary,-2.392743,53.743998,On or near Watson Street,E01025075,Hyndburn 007B,Criminal damage and arson,Unable to prosecute suspect,
9b17f50f29ba20c5060ce64ae538c8d2fc96f2e9c4a7030b21630cbd211b7546,2019-02,Lancashire Constabulary,Lancashire Constabulary,-2.394172,53.744352,On or near Chapel Street,E01025075,Hyndburn 007B,Public order,Status update unavailable,
80664c5189dee065b46bb21e60792d337889011c4de830358b6b8d7a4c5f60fc,2019-02,Lancashire Constabulary,Lancashire Constabulary,-2.389766,53.748349,On or near Wesley Street,E01025075,Hyndburn 007B,Public order,Status update unavailable,
543f3d226467de967c972844be44727d4505407549d7118ac41409ec9da33169,2019-02,Lancashire Constabulary,Lancashire Constabulary,-2.389766,53.748349,On or near Wesley Street,E01025075,Hyndburn 007B,Public order,Status update unavailable,
e52dcfd11eb9a7114146b6f07b45bcadae0bd798c1770b847ae85a23d09e67e3,2019-02,Lancashire Constabulary,Lancashire Constabulary,-2.390830,53.746961,On or near Frederick Street,E01025075,Hyndburn 007B,Shoplifting,Unable to prosecute suspect,
320b146a2211d98ec02284c4a2f53bfc429d01b858ec6f2f225d25d089496141,2019-02,Lancashire Constabulary,Lancashire Constabulary,-2.394027,53.746654,On or near Albert Street,E01025075,Hyndburn 007B,Violence and sexual offences,Formal action is not in the public interest,
de2afb565222d46512cfbf4b1aaae14505e02c36231ed9a38683dba052e1ca67,2019-02,Lancashire Constabulary,Lancashire Constabulary,-2.394172,53.744352,On or near Chapel Street,E01025075,Hyndburn 007B,Violence and sexual offences,Status update unavailable,
56f6a4ab97ad42aedc8e3e3d421b2be3601e903089477d3fd12c094aca96e3ca,2019-02,Lancashire Constabulary,Lancashire Constabulary,-2.393306,53.747456,On or near Marble Street,E01025075,Hyndburn 007B,Violence and sexual offences,Unable to prosecute suspect,
550dbe4ef47c8d90111b17454bb933c8928d061a66f8507155f9671329e27cea,2019-02,Lancashire Constabulary,Lancashire Constabulary,-2.392709,53.745229,On or near Lock Street,E01025075,Hyndburn 007B,Violence and sexual offences,Status update unavailable,
46b9077c02afe4e585dc8a44c35f12c00d654c3cde601479106676f38c2b2593,2019-02,Lancashire Constabulary,Lancashire Constabulary,-2.389134,53.748872,On or near Apple Tree Way,E01025075,Hyndburn 007B,Violence and sexual offences,Status update unavailable,
41c1bad5048a093884c1339a54b28fc1f8853481783b300fc2b541b774be6bfa,2019-02,Lancashire Constabulary,Lancashire Constabulary,-2.391312,53.744964,On or near Haworth Street,E01025075,Hyndburn 007B,Violence and sexual offences,Status update unavailable,
c432e65b33e68201ab92a6268da16b58becf91774af48fe73fab94bc9fc50c37,2019-02,Lancashire Constabulary,Lancashire Constabulary,-2.392709,53.745229,On or near Lock Street,E01025075,Hyndburn 007B,Violence and sexual offences,Status update unavailable,
c6ca917a2d7452d0a3d97be4931c6c052c1b3d8f78cfc7bd040265c5b73ede72,2019-02,Lancashire Constabulary,Lancashire Constabulary,-2.389134,53.748872,On or near Apple Tree Way,E01025075,Hyndburn 007B,Violence and sexual offences,Status update unavailable,
5972d6c7c790ffaddace0bafa031b4577fb28aa91b096bdb7a411ab63b221dbf,2019-02,Lancashire Constabulary,Lancashire Constabulary,-2.389134,53.748872,On or near Apple Tree Way,E01025075,Hyndburn 007B,Violence and sexual offences,Status update unavailable,
765a573bb033e52ebd2366f51cb165c6ab3e69b9859a913ba1fd9fa34dd80221,2019-02,Lancashire Constabulary,Lancashire Constabulary,-2.391312,53.744964,On or near Haworth Street,E01025075,Hyndburn 007B,Violence and sexual offences,Status update unavailable,
2987a664105ba7f8865c40c608b5fa465fbd06a4b8ea05f708076b696f9dfa08,2019-02,Lancashire Constabulary,Lancashire Constabulary,-2.389134,53.748872,On or near Apple Tree Way,E01025075,Hyndburn 007B,Violence and sexual offences,Status update unavailable,
01685a2675856d85e475d873dc76505ca1c9521b451259c08c11e356a474a366,2019-02,Lancashire Constabulary,Lancashire Constabulary,-2.391312,53.744964,On or near Haworth Street,E01025075,Hyndburn 007B,Violence and sexual offences,Status update unavailable,
,2019-02,Lancashire Constabulary,Lancashire Constabulary,-2.396817,53.743418,On or near Garden Street,E01025076,Hyndburn 007C,Anti-social behaviour,,
445da865ae461f7bae8772bef63dbddfedb6e813fd426c3dce831579c1d0b3d9,2019-02,Lancashire Constabulary,Lancashire Constabulary,-2.400776,53.742012,On or near Thomas Street,E01025076,Hyndburn 007C,Criminal damage and arson,Investigation complete; no suspect identified,
53386d634820e1ccfdecc0d54382dfcc5c00a7870cc8490e6ae64b3a9e3d1988,2019-02,Lancashire Constabulary,Lancashire Constabulary,-2.396817,53.743418,On or near Garden Street,E01025076,Hyndburn 007C,Other theft,Status update unavailable,
9853d334001d2a84478cbf4a0d713f73974daa25060c9b4bd31de158666e2e13,2019-02,Lancashire Constabulary,Lancashire Constabulary,-2.396817,53.743418,On or near Garden Street,E01025076,Hyndburn 007C,Shoplifting,Status update unavailable,
4ac40cbf230e1784221b696e505c54b52ece85d91bcb57fdf587de1813329e65,2019-02,Lancashire Constabulary,Lancashire Constabulary,-2.386763,53.744988,On or near Mayfield Gardens,E01025076,Hyndburn 007C,Violence and sexual offences,Unable to prosecute suspect,
,2019-02,Lancashire Constabulary,Lancashire Constabulary,-2.402623,53.741718,On or near Smithy Bridge Street,E01025077,Hyndburn 007D,Anti-social behaviour,,
,2019-02,Lancashire Constabulary,Lancashire Constabulary,-2.402739,53.742751,On or near White Ash Lane,E01025077,Hyndburn 007D,Anti-social behaviour,,
04b1d114f6d2a6b88d06e809b95da4654dca58c623f4e046539cd12bf610118c,2019-02,Lancashire Constabulary,Lancashire Constabulary,-2.402623,53.741718,On or near Smithy Bridge Street,E01025077,Hyndburn 007D,Criminal damage and arson,Status update unavailable,
b40b89642c6ee99fa73c1a3ca628f5e0f3ecb8a067738c8b7da29a7243113478,2019-02,Lancashire Constabulary,Lancashire Constabulary,-2.404998,53.745907,On or near Wordsworth Close,E01025077,Hyndburn 007D,Violence and sexual offences,Unable to prosecute suspect,
157dcab2613b6b99cd6b7253053826f024cd0171ebf7a14e13eb6408cdacf844,2019-02,Lancashire Constabulary,Lancashire Constabulary,-2.404998,53.745907,On or near Wordsworth Close,E01025077,Hyndburn 007D,Violence and sexual offences,Further investigation is not in the public interest,
1b4da16891f09c6429d9c0b95ce829f2da58e6b70825fc6a20fd5ff5e2500714,2019-02,Lancashire Constabulary,Lancashire Constabulary,-2.404998,53.745907,On or near Wordsworth Close,E01025077,Hyndburn 007D,Violence and sexual offences,Local resolution,
1592583459b8ff673f7438b404a732f146cc6ca2c69d476a7e14bb850a1932d7,2019-02,Lancashire Constabulary,Lancashire Constabulary,-2.405337,53.741772,On or near Stanhill Lane,E01025077,Hyndburn 007D,Violence and sexual offences,Status update unavailable,
4de3535246b1ff8b118a3aaba51ccea4363d783bad24231c572313305d93ba33,2019-02,Lancashire Constabulary,Lancashire Constabulary,-2.404998,53.745907,On or near Wordsworth Close,E01025077,Hyndburn 007D,Violence and sexual offences,Status update unavailable,
,2019-02,Lancashire Constabulary,Lancashire Constabulary,-2.408274,53.749132,On or near Saxon Close,E01025078,Hyndburn 007E,Anti-social behaviour,,
78d08a5596abbcc4ca003b7306b3ea5c96328ab96daed88b4638ad4bda352215,2019-02,Lancashire Constabulary,Lancashire Constabulary,-2.407885,53.749726,On or near Ripon Road,E01025078,Hyndburn 007E,Other theft,Unable to prosecute suspect,
beb9421a99a5ec4a1ebf536559a77e6e52353cc380af29043d9864412d940275,2019-02,Lancashire Constabulary,Lancashire Constabulary,-2.405866,53.746282,On or near Thwaites Road,E01025078,Hyndburn 007E,Public order,Unable to prosecute suspect,
4ab64fd3c5dcb2faea078a34cfb42b43d0a027d33c734765b82a2b6cac2f019d,2019-02,Lancashire Constabulary,Lancashire Constabulary,-2.407652,53.747552,On or near Cranbrook Avenue,E01025078,Hyndburn 007E,Public order,Awaiting court outcome,
e3ff54faa84e639516a937e659f1697ee304e1a2fdc7eda03282006dd5abc5b7,2019-02,Lancashire Constabulary,Lancashire Constabulary,-2.405866,53.746282,On or near Thwaites Road,E01025078,Hyndburn 007E,Violence and sexual offences,Status update unavailable,
cc721df5cf91559cb2825b707059c80f25e6e12678fa8964782d6aa2bd947437,2019-02,Lancashire Constabulary,Lancashire Constabulary,-2.408294,53.746534,On or near Radnor Close,E01025078,Hyndburn 007E,Violence and sexual offences,Unable to prosecute suspect,
ba95891272b8003f83904d748b668b45580a27cb6dafccbabf922472e14eaaf8,2019-02,Lancashire Constabulary,Lancashire Constabulary,-2.408294,53.746534,On or near Radnor Close,E01025078,Hyndburn 007E,Violence and sexual offences,Unable to prosecute suspect,
66170313b698bdfcf98c0716e8ae5f2671a1f78e3ac8903baf3832c3641b9a88,2019-02,Lancashire Constabulary,Lancashire Constabulary,-2.409228,53.749012,On or near Anglian Close,E01025078,Hyndburn 007E,Violence and sexual offences,Status update unavailable,
895fc4344afe50f9c191d54c8008dad5c2a874ca313e2fa34442deadfa54f55e,2019-02,Lancashire Constabulary,Lancashire Constabulary,-2.405866,53.746282,On or near Thwaites Road,E01025078,Hyndburn 007E,Violence and sexual offences,Status update unavailable,
,2019-02,Lancashire Constabulary,Lancashire Constabulary,-2.356925,53.752406,On or near Plantation Street,E01025035,Hyndburn 008A,Anti-social behaviour,,
,2019-02,Lancashire Constabulary,Lancashire Constabulary,-2.350038,53.752210,On or near Askrigg Close,E01025035,Hyndburn 008A,Anti-social behaviour,,
,2019-02,Lancashire Constabulary,Lancashire Constabulary,-2.350038,53.752210,On or near Askrigg Close,E01025035,Hyndburn 008A,Anti-social behaviour,,
,2019-02,Lancashire Constabulary,Lancashire Constabulary,-2.356925,53.752406,On or near Plantation Street,E01025035,Hyndburn 008A,Anti-social behaviour,,
,2019-02,Lancashire Constabulary,Lancashire Constabulary,-2.350038,53.752210,On or near Askrigg Close,E01025035,Hyndburn 008A,Anti-social behaviour,,
9841d2d106af129124c95d0b15cad98c3a4f1678ae602df2b79e9274b2ab59db,2019-02,Lancashire Constabulary,Lancashire Constabulary,-2.353027,53.748705,On or near Sports/Recreation Area,E01025035,Hyndburn 008A,Criminal damage and arson,Unable to prosecute suspect,
ce8f01631b8fb49d06839752bc12a98f5a4738f40db3f4368ddcd892c48522ee,2019-02,Lancashire Constabulary,Lancashire Constabulary,-2.350038,53.752210,On or near Askrigg Close,E01025035,Hyndburn 008A,Criminal damage and arson,Unable to prosecute suspect,
98c1db60f21e015ef110bce996786c031efc2ef8fe8988d0ac697932b58f04b1,2019-02,Lancashire Constabulary,Lancashire Constabulary,-2.353713,53.752739,On or near Plantation Square,E01025035,Hyndburn 008A,Other theft,Status update unavailable,
602f323988921f6cf1e0cf8a9d04b136b4f9f679e759082b59e5cf309ddda077,2019-02,Lancashire Constabulary,Lancashire Constabulary,-2.350672,53.751750,On or near Wensley Drive,E01025035,Hyndburn 008A,Public order,Unable to prosecute suspect,
c65e713061433a47d30103009730e4146958df427dc39e99a1e0f60473c3a120,2019-02,Lancashire Constabulary,Lancashire Constabulary,-2.359222,53.751437,On or near Birtwistle Street,E01025035,Hyndburn 008A,Public order,Status update unavailable,
4cb14f8de9c3b8d72294d80fd4b17a31af40df3ce9591a03531be796e7c4f372,2019-02,Lancashire Constabulary,Lancashire Constabulary,-2.358142,53.751027,On or near Beech Street,E01025035,Hyndburn 008A,Public order,Investigation complete; no suspect identified,
5ac3507fd3ede5246718dcb130c20ce6e153f8b665cb24f4ba9699b9788ed573,2019-02,Lancashire Constabulary,Lancashire Constabulary,-2.350038,53.752210,On or near Askrigg Close,E01025035,Hyndburn 008A,Public order,Status update unavailable,
f603640a2caeed72c5470394f5bb470073b0f79d8cc3ce9283f921444808889e,2019-02,Lancashire Constabulary,Lancashire Constabulary,-2.353027,53.748705,On or near Sports/Recreation Area,E01025035,Hyndburn 008A,Public order,Unable to prosecute suspect,
6362e4cdbc2c0ba18664b4f3a022ad3efcea3733a654204da4cf2bc910af330d,2019-02,Lancashire Constabulary,Lancashire Constabulary,-2.350038,53.752210,On or near Askrigg Close,E01025035,Hyndburn 008A,Violence and sexual offences,Unable to prosecute suspect,
8bb716134cae578b85ea277df1998546a3cadb773d55f45c5f0d3dca72787edd,2019-02,Lancashire Constabulary,Lancashire Constabulary,-2.334606,53.751032,On or near Pedestrian Subway,E01025035,Hyndburn 008A,Violence and sexual offences,Unable to prosecute suspect,
,2019-02,Lancashire Constabulary,Lancashire Constabulary,-2.366968,53.752834,On or near Willow Street,E01025036,Hyndburn 008B,Anti-social behaviour,,
,2019-02,Lancashire Constabulary,Lancashire Constabulary,-2.366764,53.753742,On or near Crawshaw Street,E01025036,Hyndburn 008B,Anti-social behaviour,,
,2019-02,Lancashire Constabulary,Lancashire Constabulary,-2.366961,53.753715,On or near Parking Area,E01025036,Hyndburn 008B,Anti-social behaviour,,
,2019-02,Lancashire Constabulary,Lancashire Constabulary,-2.366764,53.753742,On or near Crawshaw Street,E01025036,Hyndburn 008B,Anti-social behaviour,,
,2019-02,Lancashire Constabulary,Lancashire Constabulary,-2.362547,53.753692,On or near Supermarket,E01025036,Hyndburn 008B,Anti-social behaviour,,
,2019-02,Lancashire Constabulary,Lancashire Constabulary,-2.363373,53.752746,On or near Bridge Street,E01025036,Hyndburn 008B,Anti-social behaviour,,
,2019-02,Lancashire Constabulary,Lancashire Constabulary,-2.366968,53.752834,On or near Willow Street,E01025036,Hyndburn 008B,Anti-social behaviour,,
,2019-02,Lancashire Constabulary,Lancashire Constabulary,-2.366731,53.751657,On or near St James' Street,E01025036,Hyndburn 008B,Anti-social behaviour,,
,2019-02,Lancashire Constabulary,Lancashire Constabulary,-2.364701,53.753695,On or near Shopping Area,E01025036,Hyndburn 008B,Anti-social behaviour,,
,2019-02,Lancashire Constabulary,Lancashire Constabulary,-2.366968,53.752834,On or near Willow Street,E01025036,Hyndburn 008B,Anti-social behaviour,,
,2019-02,Lancashire Constabulary,Lancashire Constabulary,-2.364925,53.749802,On or near Grange Street,E01025036,Hyndburn 008B,Anti-social behaviour,,
,2019-02,Lancashire Constabulary,Lancashire Constabulary,-2.366968,53.752834,On or near Willow Street,E01025036,Hyndburn 008B,Anti-social behaviour,,
,2019-02,Lancashire Constabulary,Lancashire Constabulary,-2.361629,53.749129,On or near Parking Area,E01025036,Hyndburn 008B,Anti-social behaviour,,
,2019-02,Lancashire Constabulary,Lancashire Constabulary,-2.365699,53.753305,On or near Broadway,E01025036,Hyndburn 008B,Anti-social behaviour,,
,2019-02,Lancashire Constabulary,Lancashire Constabulary,-2.364701,53.753695,On or near Shopping Area,E01025036,Hyndburn 008B,Anti-social behaviour,,
,2019-02,Lancashire Constabulary,Lancashire Constabulary,-2.366961,53.753715,On or near Parking Area,E01025036,Hyndburn 008B,Anti-social behaviour,,
,2019-02,Lancashire Constabulary,Lancashire Constabulary,-2.364701,53.753695,On or near Shopping Area,E01025036,Hyndburn 008B,Anti-social behaviour,,
,2019-02,Lancashire Constabulary,Lancashire Constabulary,-2.366961,53.753715,On or near Parking Area,E01025036,Hyndburn 008B,Anti-social behaviour,,
bf102ecbcceece8b42f2fa0b2c4ce8dcee10be117bc1293ae58be07638ac2e62,2019-02,Lancashire Constabulary,Lancashire Constabulary,-2.366968,53.752834,On or near Willow Street,E01025036,Hyndburn 008B,Burglary,Status update unavailable,
fdffd35686763b16d1f1a4b71dd464109d828e1f96dd3597d4cc609bd2d2bff1,2019-02,Lancashire Constabulary,Lancashire Constabulary,-2.359635,53.750124,On or near Adelaide Lane,E01025036,Hyndburn 008B,Burglary,Status update unavailable,
36c52929d56d40980f2bf5cf316e0d56c6e7a5d9f927460e9ced30a1a9c2bab8,2019-02,Lancashire Constabulary,Lancashire Constabulary,-2.362328,53.752839,On or near Tasker Street,E01025036,Hyndburn 008B,Burglary,Suspect charged as part of another case,
446a92f680acb5bf00e81d4fedee2a50e36d8bba5e152f8c05a44ad9d2b9e397,2019-02,Lancashire Constabulary,Lancashire Constabulary,-2.363383,53.753860,On or near Fleck Road,E01025036,Hyndburn 008B,Burglary,Status update unavailable,
3b4c3426e7494853b5d57a6ed5aeade96891a3a01a97494fafb616f5cf8bf9ac,2019-02,Lancashire Constabulary,Lancashire Constabulary,-2.362328,53.752839,On or near Tasker Street,E01025036,Hyndburn 008B,Burglary,Status update unavailable,
b6a0eee99373f754edc689310f4216ec11468d5ac8d13a7a9e27f382e6a15fb7,2019-02,Lancashire Constabulary,Lancashire Constabulary,-2.366582,53.751981,On or near Cannon Street,E01025036,Hyndburn 008B,Burglary,Status update unavailable,
0e55d2332cdb6fc82d1c33ec6716113bad2e4e42cf670898d91edab3e5195e7a,2019-02,Lancashire Constabulary,Lancashire Constabulary,-2.364701,53.753695,On or near Shopping Area,E01025036,Hyndburn 008B,Criminal damage and arson,Local resolution,
27e85da26e632c83599360084074acd2fc8ee196afacacac705e203eebe5ba1b,2019-02,Lancashire Constabulary,Lancashire Constabulary,-2.364577,53.748140,On or near Edmund Street,E01025036,Hyndburn 008B,Criminal damage and arson,Status update unavailable,
f1ac9fc6af9f8f65c9332b77491d2ea9d0097f1f83924b1e0480435eec97bcf5,2019-02,Lancashire Constabulary,Lancashire Constabulary,-2.366731,53.751657,On or near St James' Street,E01025036,Hyndburn 008B,Criminal damage and arson,Unable to prosecute suspect,
c0468e54c5cba15c567b91cf6086febc12372d1d8f1a36c6830fad897164ff7a,2019-02,Lancashire Constabulary,Lancashire Constabulary,-2.363373,53.752746,On or near Bridge Street,E01025036,Hyndburn 008B,Other theft,Status update unavailable,
257ab86870b0bbf81089e979a2262f82ec387472e4db06e9b032e8877342c754,2019-02,Lancashire Constabulary,Lancashire Constabulary,-2.365591,53.754878,On or near Supermarket,E01025036,Hyndburn 008B,Other theft,Status update unavailable,
ad4a4245df1e1d1d8f45e34a9ec4d6cb90ceef176bfa93029077a493a3c27dec,2019-02,Lancashire Constabulary,Lancashire Constabulary,-2.363373,53.752746,On or near Bridge Street,E01025036,Hyndburn 008B,Other theft,Status update unavailable,
a3b71d77a2bb21c88382c9c09fd56248d69e6c6a57c3b1ec7570dec117734e8a,2019-02,Lancashire Constabulary,Lancashire Constabulary,-2.365699,53.753305,On or near Broadway,E01025036,Hyndburn 008B,Other theft,Status update unavailable,
d98b9526f044e6a8bfa46b68cf4b679bfe096be8299c4dfcf413426d359d8e47,2019-02,Lancashire Constabulary,Lancashire Constabulary,-2.364964,53.749083,On or near Napier Street,E01025036,Hyndburn 008B,Other theft,Status update unavailable,
c93dde5bc393be2f0dd1caeb9393b962f39683ae9a7e971540c68aca0e45b599,2019-02,Lancashire Constabulary,Lancashire Constabulary,-2.362328,53.752839,On or near Tasker Street,E01025036,Hyndburn 008B,Other theft,Unable to prosecute suspect,
c0a393b1a6979ebf23a935ccc22719a46cb6dd636fc322e3f5023fa6f7006199,2019-02,Lancashire Constabulary,Lancashire Constabulary,-2.366731,53.751657,On or near St James' Street,E01025036,Hyndburn 008B,Other theft,Unable to prosecute suspect,
1691dcc9c998890cc72d4dae19339a3774541c390a7dd6dbb0c8c7a977131576,2019-02,Lancashire Constabulary,Lancashire Constabulary,-2.364577,53.748140,On or near Edmund Street,E01025036,Hyndburn 008B,Public order,Further investigation is not in the public interest,
62ea04d2ceb6cd4efffde234508546a686d8ce9940f871b6d510449387741c9c,2019-02,Lancashire Constabulary,Lancashire Constabulary,-2.365238,53.752623,On or near Dutton Street,E01025036,Hyndburn 008B,Public order,Status update unavailable,
74166b0a25f05f676d4a6793d4c4f50aea1afc4d60ae25bff0357cb8b13726ba,2019-02,Lancashire Constabulary,Lancashire Constabulary,-2.365699,53.753305,On or near Broadway,E01025036,Hyndburn 008B,Public order,Further investigation is not in the public interest,
4e88f0e6657b9eff670e1202f9ea90fbb08ecc9a159b241183b573578b1d5f27,2019-02,Lancashire Constabulary,Lancashire Constabulary,-2.366731,53.751657,On or near St James' Street,E01025036,Hyndburn 008B,Public order,Unable to prosecute suspect,
6b817a351621ea2b1d8fd4b6b3960e1f593ac7c0246482905154fd4c944058a5,2019-02,Lancashire Constabulary,Lancashire Constabulary,-2.359635,53.750124,On or near Adelaide Lane,E01025036,Hyndburn 008B,Public order,Status update unavailable,
f7a29b52da5d7be08701adbccd43b9537c9421aff86d8c0a84f80bccd14d1fd3,2019-02,Lancashire Constabulary,Lancashire Constabulary,-2.366961,53.753715,On or near Parking Area,E01025036,Hyndburn 008B,Public order,Status update unavailable,
3c62ec61562e0998edbbade329bf4e13c29387cd85f063dc303300e33921b93a,2019-02,Lancashire Constabulary,Lancashire Constabulary,-2.365238,53.752623,On or near Dutton Street,E01025036,Hyndburn 008B,Public order,Status update unavailable,
b5e4f2a829301dd3025e879942ed83d6658c3521697e2533a95c23c066b95e77,2019-02,Lancashire Constabulary,Lancashire Constabulary,-2.365238,53.752623,On or near Dutton Street,E01025036,Hyndburn 008B,Public order,Status update unavailable,
bb7c472a104a6eddd29c4be0e9c15f81c8312be091cea27551a1590c6e78abf1,2019-02,Lancashire Constabulary,Lancashire Constabulary,-2.364577,53.748140,On or near Edmund Street,E01025036,Hyndburn 008B,Robbery,Status update unavailable,
ca54e86541c23a4cfd8eb94fcb1d7e879f7ed223c993bf6b52bfd50a4f1176d8,2019-02,Lancashire Constabulary,Lancashire Constabulary,-2.363834,53.751621,On or near Croos Street,E01025036,Hyndburn 008B,Robbery,Status update unavailable,
9ceb849accdcacf01fab2bad5d9d65966d20abd0d7ea87976befa4947781e277,2019-02,Lancashire Constabulary,Lancashire Constabulary,-2.364701,53.753695,On or near Shopping Area,E01025036,Hyndburn 008B,Shoplifting,Offender given suspended prison sentence,
fcc4e14c1c704b1deb4ce90418dd3d3c71b2cf2f7577365d22615440814f69fa,2019-02,Lancashire Constabulary,Lancashire Constabulary,-2.364701,53.753695,On or near Shopping Area,E01025036,Hyndburn 008B,Shoplifting,Investigation complete; no suspect identified,
79ba77bcf981acbf92882b53d0d1f920b76568a5ce35c0830d6e92e0b5fd26aa,2019-02,Lancashire Constabulary,Lancashire Constabulary,-2.365591,53.754878,On or near Supermarket,E01025036,Hyndburn 008B,Shoplifting,Offender sent to prison,
907efdfa2a8abba6b08cff380b7655bb03db842ac47a0a5f809069e30099e54e,2019-02,Lancashire Constabulary,Lancashire Constabulary,-2.364701,53.753695,On or near Shopping Area,E01025036,Hyndburn 008B,Shoplifting,Awaiting court outcome,
6d4a23f0abe5af14d9b1ff3f64f94ea27c58277a5e2cfa496654925fed83fec9,2019-02,Lancashire Constabulary,Lancashire Constabulary,-2.364701,53.753695,On or near Shopping Area,E01025036,Hyndburn 008B,Shoplifting,Unable to prosecute suspect,
99111d796d969545b5ccd2bb53ba71bddb454cbad66d210db1586e18ce2bbec0,2019-02,Lancashire Constabulary,Lancashire Constabulary,-2.365591,53.754878,On or near Supermarket,E01025036,Hyndburn 008B,Shoplifting,Status update unavailable,
edcf3cd179ce478ec6d2aa55d107c621c5ff9f777735c2015c00747bf6e331b9,2019-02,Lancashire Constabulary,Lancashire Constabulary,-2.364701,53.753695,On or near Shopping Area,E01025036,Hyndburn 008B,Shoplifting,Awaiting court outcome,
4306b26affe853baa0f6c26fac63c802668849618dbd5fe125dbe7700bc1d74e,2019-02,Lancashire Constabulary,Lancashire Constabulary,-2.364701,53.753695,On or near Shopping Area,E01025036,Hyndburn 008B,Shoplifting,Unable to prosecute suspect,
7b95e13e35178db7558ad78fc12be2d759a45ccdac0e320c171e6cb9a55fd760,2019-02,Lancashire Constabulary,Lancashire Constabulary,-2.364701,53.753695,On or near Shopping Area,E01025036,Hyndburn 008B,Shoplifting,Offender given suspended prison sentence,
6e8542435024f4e6f86cb6c82c275db3ef80be566eea7256543296aa05a879cb,2019-02,Lancashire Constabulary,Lancashire Constabulary,-2.363562,53.753464,On or near Peel Street,E01025036,Hyndburn 008B,Shoplifting,Status update unavailable,
972a9b8e8e004eb09b6c3620a32eb898b3039afd50c2d0104f94f364a268dd8f,2019-02,Lancashire Constabulary,Lancashire Constabulary,-2.364701,53.753695,On or near Shopping Area,E01025036,Hyndburn 008B,Shoplifting,Offender given suspended prison sentence,
42a6975fc2b49d73fed1c51ccf811c0d42e3705d1784eec9e72aaf91089f8b40,2019-02,Lancashire Constabulary,Lancashire Constabulary,-2.364701,53.753695,On or near Shopping Area,E01025036,Hyndburn 008B,Shoplifting,Status update unavailable,
2ad47ee19c4135257d72b093b61d878fc771905f00f22fe4b480a268c985d19c,2019-02,Lancashire Constabulary,Lancashire Constabulary,-2.364701,53.753695,On or near Shopping Area,E01025036,Hyndburn 008B,Shoplifting,Status update unavailable,
2a7bb157ac71f018a19a198c3e58ca489ac4beed25cea126faab55482401f15e,2019-02,Lancashire Constabulary,Lancashire Constabulary,-2.364701,53.753695,On or near Shopping Area,E01025036,Hyndburn 008B,Shoplifting,Offender sent to prison,
e3d6c06e19f05d91e988d728ae2bc1185c462f2e2fa698145fe3566a3bd392ac,2019-02,Lancashire Constabulary,Lancashire Constabulary,-2.364701,53.753695,On or near Shopping Area,E01025036,Hyndburn 008B,Shoplifting,Local resolution,
b242f27ae597cee050563791c19e8ef616718b6ab1dd1ddf12ac95d9d9668e6f,2019-02,Lancashire Constabulary,Lancashire Constabulary,-2.364701,53.753695,On or near Shopping Area,E01025036,Hyndburn 008B,Shoplifting,Status update unavailable,
b1695824b2ab55c50cb2dc98d7ba173efa1f01cdcadace99a366da2fed530699,2019-02,Lancashire Constabulary,Lancashire Constabulary,-2.365591,53.754878,On or near Supermarket,E01025036,Hyndburn 008B,Shoplifting,Status update unavailable,
b698d5b1d0ddcb845c15e90443a7c8a07d00594920002a4ccbb14235d29d27d2,2019-02,Lancashire Constabulary,Lancashire Constabulary,-2.364701,53.753695,On or near Shopping Area,E01025036,Hyndburn 008B,Shoplifting,Status update unavailable,
de09090672b7fa3275cb97a37b80ffbaa12071c04e7a3438d192cf947963882b,2019-02,Lancashire Constabulary,Lancashire Constabulary,-2.364701,53.753695,On or near Shopping Area,E01025036,Hyndburn 008B,Shoplifting,Defendant sent to Crown Court,
656dab91e7972e05b5c761e38908f746a680f9e9d54fe8e3899546dc920b6751,2019-02,Lancashire Constabulary,Lancashire Constabulary,-2.364701,53.753695,On or near Shopping Area,E01025036,Hyndburn 008B,Shoplifting,Status update unavailable,
86f89c9c92633c6931af92acf6c0661d98e1913020f97ec109514462c0bf026b,2019-02,Lancashire Constabulary,Lancashire Constabulary,-2.364701,53.753695,On or near Shopping Area,E01025036,Hyndburn 008B,Shoplifting,Unable to prosecute suspect,
e0d9a36f653c4a3eafa2815dc3ca23011c1edcd18acc83ce11954d0928ef5583,2019-02,Lancashire Constabulary,Lancashire Constabulary,-2.364701,53.753695,On or near Shopping Area,E01025036,Hyndburn 008B,Shoplifting,Status update unavailable,
039ef85b868b3dc345916d3fe724aaebd6909de09e504118cd101ae54288cd2e,2019-02,Lancashire Constabulary,Lancashire Constabulary,-2.365621,53.749647,On or near Cotton Street,E01025036,Hyndburn 008B,Vehicle crime,Unable to prosecute suspect,
5bc0e9a41c15fb1657b89b93cc8e76048eddf65aac40f826355549bdcd4bfa6f,2019-02,Lancashire Constabulary,Lancashire Constabulary,-2.362328,53.752839,On or near Tasker Street,E01025036,Hyndburn 008B,Vehicle crime,Status update unavailable,
d5e7fb0fd55e60a97e15d53971549f87e1b874a203b91a1cc40c08463ae26548,2019-02,Lancashire Constabulary,Lancashire Constabulary,-2.364577,53.748140,On or near Edmund Street,E01025036,Hyndburn 008B,Violence and sexual offences,Unable to prosecute suspect,
0ff0d3d0fe23603e76e2d14641b0f7ff4d0a043ef26a58703a138d020d56fca8,2019-02,Lancashire Constabulary,Lancashire Constabulary,-2.365699,53.753305,On or near Broadway,E01025036,Hyndburn 008B,Violence and sexual offences,Unable to prosecute suspect,
e3e4337993d6f6c67992022330ccc8d5b96ad83ff67952d50980d9f66036ba1c,2019-02,Lancashire Constabulary,Lancashire Constabulary,-2.364701,53.753695,On or near Shopping Area,E01025036,Hyndburn 008B,Violence and sexual offences,Awaiting court outcome,
138ad080e50a7ba8847ab8e7dcb3d6a059dc534c72ff925c85d08becbeaa05ad,2019-02,Lancashire Constabulary,Lancashire Constabulary,-2.364577,53.748140,On or near Edmund Street,E01025036,Hyndburn 008B,Violence and sexual offences,Status update unavailable,
936109031ff898984c672171dd25db35bec0d4601dfde69c30ac6a80e108aea9,2019-02,Lancashire Constabulary,Lancashire Constabulary,-2.362701,53.752173,On or near Bank Street,E01025036,Hyndburn 008B,Violence and sexual offences,Action to be taken by another organisation,
b0f890a2dde123ec79ee724dac5556d9301da5eb88acee66d47287325ce15d84,2019-02,Lancashire Constabulary,Lancashire Constabulary,-2.365243,53.753261,On or near Theatre/Concert Hall,E01025036,Hyndburn 008B,Violence and sexual offences,Status update unavailable,
76ad05da9678109bf7329adbf84569156bded9d1eed5dc80e9b84d35362c28bb,2019-02,Lancashire Constabulary,Lancashire Constabulary,-2.363373,53.752746,On or near Bridge Street,E01025036,Hyndburn 008B,Violence and sexual offences,Offender given penalty notice,
32fe49ca0b814d905f8fb9052466aa91e078c32aa394ff7aa8edf0759831eeec,2019-02,Lancashire Constabulary,Lancashire Constabulary,-2.359635,53.750124,On or near Adelaide Lane,E01025036,Hyndburn 008B,Violence and sexual offences,Status update unavailable,
33350a6ac3aa9f49f96831e1ebbae8d5639bc27892350f747bd3d58c46bbd34d,2019-02,Lancashire Constabulary,Lancashire Constabulary,-2.363834,53.751621,On or near Croos Street,E01025036,Hyndburn 008B,Violence and sexual offences,Further investigation is not in the public interest,
0f174f90501a58e3354e0cd4e551a36e1e74f98fe2c5221ddd7d46b677af5fe3,2019-02,Lancashire Constabulary,Lancashire Constabulary,-2.362273,53.751707,On or near Parking Area,E01025036,Hyndburn 008B,Violence and sexual offences,Status update unavailable,
980eb0e3c72acf778d6d20ea60e11066b560a489761c561f2e451bd2b4107334,2019-02,Lancashire Constabulary,Lancashire Constabulary,-2.366961,53.753715,On or near Parking Area,E01025036,Hyndburn 008B,Violence and sexual offences,Unable to prosecute suspect,
19e1c985b2a8a641b9d84f8ac465931f529c79f5891ffd83bc3165474c759150,2019-02,Lancashire Constabulary,Lancashire Constabulary,-2.366961,53.753715,On or near Parking Area,E01025036,Hyndburn 008B,Violence and sexual offences,Status update unavailable,
c955105f96ef16579f42fe93270df25d93964adc34bf5d922825eb99f6df2dd7,2019-02,Lancashire Constabulary,Lancashire Constabulary,-2.364701,53.753695,On or near Shopping Area,E01025036,Hyndburn 008B,Violence and sexual offences,Unable to prosecute suspect,
e61e5cc74d1a6dfab80cc177c9c0f73b1579ed60eb86db81e687ea17d8099f2f,2019-02,Lancashire Constabulary,Lancashire Constabulary,-2.365238,53.752623,On or near Dutton Street,E01025036,Hyndburn 008B,Violence and sexual offences,Status update unavailable,
d75b68b64e489f1e2da693db4f73231b1c94aabdb4b4857daa441d9dcf37d85a,2019-02,Lancashire Constabulary,Lancashire Constabulary,-2.363562,53.753464,On or near Peel Street,E01025036,Hyndburn 008B,Violence and sexual offences,Unable to prosecute suspect,
8707254bfa1f839894124a05356750f0596b6b7f92ca986fb5348dc837a7801a,2019-02,Lancashire Constabulary,Lancashire Constabulary,-2.362266,53.750987,On or near Parking Area,E01025036,Hyndburn 008B,Violence and sexual offences,Status update unavailable,
f955dfb7a6f42e81816d73109a48ea9d16f055d2b6a5903e9728a647b4ccaad7,2019-02,Lancashire Constabulary,Lancashire Constabulary,-2.365699,53.753305,On or near Broadway,E01025036,Hyndburn 008B,Violence and sexual offences,Unable to prosecute suspect,
8ca53e3bd97d083c2a093ede6b4e684436a25e1c81c0458699a653463c45e497,2019-02,Lancashire Constabulary,Lancashire Constabulary,-2.366961,53.753715,On or near Parking Area,E01025036,Hyndburn 008B,Violence and sexual offences,Status update unavailable,
2b3104dd517d2f3113d0d7b5d6c8e1b6389175a3e003229f9cbb17167e8f45d5,2019-02,Lancashire Constabulary,Lancashire Constabulary,-2.360817,53.748251,On or near Bishop Street,E01025036,Hyndburn 008B,Violence and sexual offences,Unable to prosecute suspect,
7e844e973ec17db35f08ed52b25698c25e47546a6826ebe2b56e7b21cec14f0f,2019-02,Lancashire Constabulary,Lancashire Constabulary,-2.366968,53.752834,On or near Willow Street,E01025036,Hyndburn 008B,Violence and sexual offences,Status update unavailable,
ea82d68e9e5e9e029d084e838bdd03ac6d82e1e5c2a49c54b54a328030e40804,2019-02,Lancashire Constabulary,Lancashire Constabulary,-2.363834,53.751621,On or near Croos Street,E01025036,Hyndburn 008B,Violence and sexual offences,Unable to prosecute suspect,
2b2d212910952c6c889f29becc22e1b46fde00f6dce165fd3e2b4fcd572b9202,2019-02,Lancashire Constabulary,Lancashire Constabulary,-2.364577,53.748140,On or near Edmund Street,E01025036,Hyndburn 008B,Violence and sexual offences,Status update unavailable,
9076faf7d5ff944a1804fbf02bd46519a139e131f50bb5e8d1c3650db07b851e,2019-02,Lancashire Constabulary,Lancashire Constabulary,-2.360817,53.748251,On or near Bishop Street,E01025036,Hyndburn 008B,Violence and sexual offences,Unable to prosecute suspect,
3548d690e990a25523c42905a7f2ea2d3f49bc4eff72e1249b7601e94888a4f1,2019-02,Lancashire Constabulary,Lancashire Constabulary,-2.366961,53.753715,On or near Parking Area,E01025036,Hyndburn 008B,Violence and sexual offences,Status update unavailable,
8ebbdc298bf659c53f2b7ba2a18130cd1b45b84f44b24d91f89e647df3e90854,2019-02,Lancashire Constabulary,Lancashire Constabulary,-2.363373,53.752746,On or near Bridge Street,E01025036,Hyndburn 008B,Violence and sexual offences,Status update unavailable,
22a1165be55a785843585ad9644b12b1a5fb3d859b4ab2ecd3a8a795a3307e55,2019-02,Lancashire Constabulary,Lancashire Constabulary,-2.365591,53.754878,On or near Supermarket,E01025036,Hyndburn 008B,Violence and sexual offences,Unable to prosecute suspect,
fff0e836d709052f023a2938f5b378f497743966c2a3971696ecd923e39713f2,2019-02,Lancashire Constabulary,Lancashire Constabulary,-2.365699,53.753305,On or near Broadway,E01025036,Hyndburn 008B,Violence and sexual offences,Status update unavailable,
10203820d04524b0ab7b6f2e9ec3ff6d5b0476bc5aa6ba22c6e039b7dd3f9d11,2019-02,Lancashire Constabulary,Lancashire Constabulary,-2.361894,53.748283,On or near South Street,E01025036,Hyndburn 008B,Violence and sexual offences,Unable to prosecute suspect,
b989946bf739df6b2d2f212294a8db9fa5b2a2ff40e82e957be249ee3cb38af0,2019-02,Lancashire Constabulary,Lancashire Constabulary,-2.363669,53.748296,On or near Nuttall Street,E01025036,Hyndburn 008B,Violence and sexual offences,Unable to prosecute suspect,
45f8d63b4e5c72011e5256826a705d0e7cf1d76abc226af2dc06f3d6d5ff5ce2,2019-02,Lancashire Constabulary,Lancashire Constabulary,-2.360817,53.748251,On or near Bishop Street,E01025036,Hyndburn 008B,Other crime,Unable to prosecute suspect,
bfbee077ce9bbb03757818e50e15421fa4e802d6374ae48ff73c630fc85474dc,2019-02,Lancashire Constabulary,Lancashire Constabulary,-2.360817,53.748251,On or near Bishop Street,E01025036,Hyndburn 008B,Other crime,Further investigation is not in the public interest,
3377639aaee9252cb83560cf77dc7f9d7dddc49e2b814a8d05cb9df26699d6b9,2019-02,Lancashire Constabulary,Lancashire Constabulary,-2.366731,53.751657,On or near St James' Street,E01025036,Hyndburn 008B,Other crime,Formal action is not in the public interest,
,2019-02,Lancashire Constabulary,Lancashire Constabulary,-2.364201,53.744996,On or near Rothwell Avenue,E01025037,Hyndburn 008C,Anti-social behaviour,,
,2019-02,Lancashire Constabulary,Lancashire Constabulary,-2.363266,53.747326,On or near Augusta Street,E01025037,Hyndburn 008C,Anti-social behaviour,,
,2019-02,Lancashire Constabulary,Lancashire Constabulary,-2.363834,53.746417,On or near Belfield Road,E01025037,Hyndburn 008C,Anti-social behaviour,,
,2019-02,Lancashire Constabulary,Lancashire Constabulary,-2.358740,53.742873,On or near Royds Avenue,E01025037,Hyndburn 008C,Anti-social behaviour,,
51ed546acb3995197bfa610230e756ce5245761db6883cc402c77d61ab5643c6,2019-02,Lancashire Constabulary,Lancashire Constabulary,-2.361276,53.746964,On or near Lemonius Street,E01025037,Hyndburn 008C,Other theft,Unable to prosecute suspect,
b0d1e8adff7b7d996dd618403d199b0ab7d62a5660f0a26fec1ed29a5cf7718f,2019-02,Lancashire Constabulary,Lancashire Constabulary,-2.363795,53.747127,On or near Wilfred Street,E01025037,Hyndburn 008C,Other theft,Investigation complete; no suspect identified,
eccb74e109f698033da308c01616ed3a6c6075c29def21c4ce1d1203064f6e67,2019-02,Lancashire Constabulary,Lancashire Constabulary,-2.355922,53.743178,On or near Granville Gardens,E01025037,Hyndburn 008C,Public order,Awaiting court outcome,
4a5feb6e286f20855ceda82bd84c4a455a3237afe88120796423362d75bd0380,2019-02,Lancashire Constabulary,Lancashire Constabulary,-2.364201,53.744996,On or near Rothwell Avenue,E01025037,Hyndburn 008C,Public order,Status update unavailable,
144ef150e6d591663e6f69aadf055bd35583b15d5aab71786ce2faf2366d91f0,2019-02,Lancashire Constabulary,Lancashire Constabulary,-2.354536,53.744225,On or near Bamford Crescent,E01025037,Hyndburn 008C,Vehicle crime,Status update unavailable,
e4a9fe6ad75dabae7a983ca39648efdf2d64d0a6caf09e04d4f2feefbcffc040,2019-02,Lancashire Constabulary,Lancashire Constabulary,-2.363834,53.746417,On or near Belfield Road,E01025037,Hyndburn 008C,Vehicle crime,Further investigation is not in the public interest,
fdfab0f38040b2a50c6528757addd43368af342fa3076085a902151160baaee5,2019-02,Lancashire Constabulary,Lancashire Constabulary,-2.364978,53.747123,On or near Spindle Berry Court,E01025037,Hyndburn 008C,Violence and sexual offences,Unable to prosecute suspect,
e608452ea1266cde32af4c904806010aee89ad679ad253d774818d751939ce70,2019-02,Lancashire Constabulary,Lancashire Constabulary,-2.364978,53.747123,On or near Spindle Berry Court,E01025037,Hyndburn 008C,Violence and sexual offences,Unable to prosecute suspect,
4dd3a69d242743f9cb13185feb1c9dfb2e5fbc39b7638ffddaa26e3d48c79407,2019-02,Lancashire Constabulary,Lancashire Constabulary,-2.363834,53.746417,On or near Belfield Road,E01025037,Hyndburn 008C,Violence and sexual offences,Unable to prosecute suspect,
945eb3c0db8d565e956c9649ff1109edea74f49fdd2c66a6320b5acbf3596734,2019-02,Lancashire Constabulary,Lancashire Constabulary,-2.364201,53.744996,On or near Rothwell Avenue,E01025037,Hyndburn 008C,Violence and sexual offences,Status update unavailable,
218e70a7a7226bae4ea550608a793b148e6467fc605238635dd043dca167afb4,2019-02,Lancashire Constabulary,Lancashire Constabulary,-2.364978,53.747123,On or near Spindle Berry Court,E01025037,Hyndburn 008C,Violence and sexual offences,Unable to prosecute suspect,
01ad83e2ed42187c70c6ccc7a88ff4522a4c93eaf3500f49ffbbf2aabb15d33c,2019-02,Lancashire Constabulary,Lancashire Constabulary,-2.364978,53.747123,On or near Spindle Berry Court,E01025037,Hyndburn 008C,Violence and sexual offences,Status update unavailable,
,2019-02,Lancashire Constabulary,Lancashire Constabulary,-2.346806,53.737192,On or near Burns Drive,E01025038,Hyndburn 008D,Anti-social behaviour,,
c5217f182e35e5612685da44395d84d864b34cf271ec12a0a6e4082f66fc3327,2019-02,Lancashire Constabulary,Lancashire Constabulary,-2.348632,53.738094,On or near Grafton Avenue,E01025038,Hyndburn 008D,Other theft,Status update unavailable,
9156ccbb6723aec031e726233d87d72137b28fe9c08cb822b325a8cb5d385d80,2019-02,Lancashire Constabulary,Lancashire Constabulary,-2.350256,53.738323,On or near Pocklington Street,E01025038,Hyndburn 008D,Violence and sexual offences,Status update unavailable,
,2019-02,Lancashire Constabulary,Lancashire Constabulary,-2.345403,53.734373,On or near Parking Area,E01025039,Hyndburn 008E,Anti-social behaviour,,
59ab968d1e4656285a12629dfff59cd2ea5f6954fe84c828b8abad88aa78057f,2019-02,Lancashire Constabulary,Lancashire Constabulary,-2.347131,53.734395,On or near Church Avenue,E01025039,Hyndburn 008E,Other theft,Status update unavailable,
a485d726dd105998ffcf7bbda8ac68611b49bcfe13f57909f8731d69338f086c,2019-02,Lancashire Constabulary,Lancashire Constabulary,-2.344399,53.733909,On or near Langford Street,E01025039,Hyndburn 008E,Violence and sexual offences,Unable to prosecute suspect,
793f4c328f510fe10a73dc125f9bec8b07706b63e6f9c97570f2a3a3dbe326fe,2019-02,Lancashire Constabulary,Lancashire Constabulary,-2.344399,53.733909,On or near Langford Street,E01025039,Hyndburn 008E,Violence and sexual offences,Unable to prosecute suspect,
,2019-02,Lancashire Constabulary,Lancashire Constabulary,-2.348832,53.736619,On or near Ley Street,E01025040,Hyndburn 008F,Anti-social behaviour,,
5b6b0fa7b116bc5326dd16df4addba626e7afa58a6b50a22d5e273f7e72c946c,2019-02,Lancashire Constabulary,Lancashire Constabulary,-2.348767,53.741482,On or near Shap Close,E01025040,Hyndburn 008F,Other theft,Status update unavailable,
ad729b6f12e913bd09728a565a6fa3708e325cb4040b8e4074b2163582154e09,2019-02,Lancashire Constabulary,Lancashire Constabulary,-2.349653,53.736887,On or near Parker Street,E01025040,Hyndburn 008F,Public order,Status update unavailable,
4e2741a4ad09b87bae495aa41076eaba8f2a7e0fb8a9fa74f07b4a1548b548ee,2019-02,Lancashire Constabulary,Lancashire Constabulary,-2.353086,53.739438,On or near Newton Drive,E01025040,Hyndburn 008F,Violence and sexual offences,Awaiting court outcome,
fd326db0d734ae07e8d93a23247a62f6034ee37fa3abd3cad68774e078ec2b40,2019-02,Lancashire Constabulary,Lancashire Constabulary,-2.349002,53.742407,On or near Tewkesbury Close,E01025040,Hyndburn 008F,Violence and sexual offences,Status update unavailable,
69c8a73840cbf8234c0a0a1e43ada9e8ba5fcd90d221cbd13baed6ae398b1e5d,2019-02,Lancashire Constabulary,Lancashire Constabulary,-2.353086,53.739438,On or near Newton Drive,E01025040,Hyndburn 008F,Violence and sexual offences,Awaiting court outcome,
,2019-02,Lancashire Constabulary,Lancashire Constabulary,-2.392986,53.739152,On or near Heron Way,E01025054,Hyndburn 009A,Anti-social behaviour,,
,2019-02,Lancashire Constabulary,Lancashire Constabulary,-2.394288,53.740532,On or near Back Heys,E01025054,Hyndburn 009A,Anti-social behaviour,,
8fc8782eb8ac056bfbc20169d903e8e27edf7be8649778c339d1d8de6c49ba9a,2019-02,Lancashire Constabulary,Lancashire Constabulary,-2.370102,53.736708,On or near Willows Lane,E01025054,Hyndburn 009A,Burglary,Status update unavailable,
dedf2d38306cc30ae5a7e50bd28ca63b6742cba2429975492d4656c18918e6e1,2019-02,Lancashire Constabulary,Lancashire Constabulary,-2.399832,53.738401,On or near Roe Greave Road,E01025054,Hyndburn 009A,Public order,Status update unavailable,
7ffca7c1a1e148a099549af8a8849b6f83bf0542c873e8ed2692429346b9e00b,2019-02,Lancashire Constabulary,Lancashire Constabulary,-2.379893,53.739797,On or near Fernlea Avenue,E01025054,Hyndburn 009A,Public order,Status update unavailable,
5c627d09393d821ecf5038e9086c346c1e9f2bdf41febd2f0b812f04d70933e8,2019-02,Lancashire Constabulary,Lancashire Constabulary,-2.379893,53.739797,On or near Fernlea Avenue,E01025054,Hyndburn 009A,Public order,Status update unavailable,
9d2f410321adf10416510abb7ae677655e85caa6ca6118f51d90d771b7c15512,2019-02,Lancashire Constabulary,Lancashire Constabulary,-2.368126,53.734288,On or near Moorgate,E01025054,Hyndburn 009A,Violence and sexual offences,Awaiting court outcome,
f19e536c32fba53355c6ce33b52467c745e92f4e90dc8f54674ff20cca91e528,2019-02,Lancashire Constabulary,Lancashire Constabulary,-2.394288,53.740532,On or near Back Heys,E01025054,Hyndburn 009A,Violence and sexual offences,Status update unavailable,
04c2aed587f8ce8f1874a78630f1480919edff6bc26da1ab237d7947a87c6428,2019-02,Lancashire Constabulary,Lancashire Constabulary,-2.379893,53.739797,On or near Fernlea Avenue,E01025054,Hyndburn 009A,Violence and sexual offences,Action to be taken by another organisation,
d7c5e83597ff8e0430325e0b85f060f801caefb99e3151bac2794a0b9a690c7a,2019-02,Lancashire Constabulary,Lancashire Constabulary,-2.399832,53.738401,On or near Roe Greave Road,E01025054,Hyndburn 009A,Violence and sexual offences,Status update unavailable,
9354c4214fd31ff3e030f0d0d829ea38b7bfedc74f47c1ae65df8f8394e19d36,2019-02,Lancashire Constabulary,Lancashire Constabulary,-2.379893,53.739797,On or near Fernlea Avenue,E01025054,Hyndburn 009A,Violence and sexual offences,Status update unavailable,
ea4c1b9b1e55c5703070d69252fed66ac99e4ddba36e0c68f3abf2cebcdde0b3,2019-02,Lancashire Constabulary,Lancashire Constabulary,-2.394216,53.740946,On or near Higher Heys,E01025054,Hyndburn 009A,Violence and sexual offences,Unable to prosecute suspect,
2394a593010c18acba66708bd0f9c5bdd6acc57e9580e11151789279fd2833e8,2019-02,Lancashire Constabulary,Lancashire Constabulary,-2.394216,53.740946,On or near Higher Heys,E01025054,Hyndburn 009A,Violence and sexual offences,Unable to prosecute suspect,
f2c3baf42a7a03d67d19f76fd2068502493cb2da46fa027da161ae77200f8e82,2019-02,Lancashire Constabulary,Lancashire Constabulary,-2.397006,53.739355,On or near Curlew Close,E01025054,Hyndburn 009A,Violence and sexual offences,Awaiting court outcome,
38e915cb13070380e5947324ae4df0440ff9429954914df281e2b358dea72bfa,2019-02,Lancashire Constabulary,Lancashire Constabulary,-2.401353,53.737417,On or near Rowan Avenue,E01025054,Hyndburn 009A,Violence and sexual offences,Unable to prosecute suspect,
8fca1b8e680f4c4cd0bdf7d69097c6c66b576203764eb38320195eac6a5066e1,2019-02,Lancashire Constabulary,Lancashire Constabulary,-2.393234,53.741371,On or near Heys Lane,E01025056,Hyndburn 009B,Vehicle crime,Status update unavailable,
,2019-02,Lancashire Constabulary,Lancashire Constabulary,-2.437075,53.748059,On or near Lyndhurst Avenue,E01025079,Hyndburn 009C,Anti-social behaviour,,
ddd710c5c2afeb3e2c5448283228d93f4991af054282ba9bb4eeac82ab268a0d,2019-02,Lancashire Constabulary,Lancashire Constabulary,-2.437075,53.748059,On or near Lyndhurst Avenue,E01025079,Hyndburn 009C,Burglary,Status update unavailable,
57b9be14cfbe3d6355ac068fd0b72b8040ba51e57cc7909c4e5266f15c94ddd3,2019-02,Lancashire Constabulary,Lancashire Constabulary,-2.440394,53.746402,On or near St Ives Road,E01025079,Hyndburn 009C,Burglary,Status update unavailable,
ebb382e9ead739d3de1857d1eff136701045b076aff61182565d3b98606ebd58,2019-02,Lancashire Constabulary,Lancashire Constabulary,-2.434722,53.747852,On or near Avondale Avenue,E01025079,Hyndburn 009C,Violence and sexual offences,Unable to prosecute suspect,
79fd563bfad46851ef94d4c13ec3b499e580ebb5afbde3d679ce62247d3c9699,2019-02,Lancashire Constabulary,Lancashire Constabulary,-2.437075,53.748059,On or near Lyndhurst Avenue,E01025079,Hyndburn 009C,Violence and sexual offences,Status update unavailable,
,2019-02,Lancashire Constabulary,Lancashire Constabulary,-2.427192,53.745417,On or near Stanhill Road,E01025080,Hyndburn 009D,Anti-social behaviour,,
e799862ca9a32c01bafbac80138723268f6817c132d0f44764490751e18c5bdf,2019-02,Lancashire Constabulary,Lancashire Constabulary,-2.422481,53.733875,On or near Duckworth Hall Brow,E01025080,Hyndburn 009D,Burglary,Status update unavailable,
e6109f33a285311109c24e9c00157a93b0248fe4477c4ddcdce55f87cf276873,2019-02,Lancashire Constabulary,Lancashire Constabulary,-2.428632,53.717117,On or near Chapel Street,E01025080,Hyndburn 009D,Vehicle crime,Status update unavailable,
5538e42095994a0032d9831ad3164597ce80cd774008bb97a6e3407ea2b58903,2019-02,Lancashire Constabulary,Lancashire Constabulary,-2.428632,53.717117,On or near Chapel Street,E01025080,Hyndburn 009D,Violence and sexual offences,Unable to prosecute suspect,
5f60e241c3d39e85e141b4b72df0c8e39f23f72d71a4bdd2c166bd91d88602e2,2019-02,Lancashire Constabulary,Lancashire Constabulary,-2.408209,53.744009,On or near Stanhill Lane,E01025080,Hyndburn 009D,Violence and sexual offences,Status update unavailable,
89adc356ecee3516fcccaafbef1d700b78aa8691be7bd9adf8d1304cb667ca8d,2019-02,Lancashire Constabulary,Lancashire Constabulary,-2.419599,53.732114,On or near Haslingden Road,E01025080,Hyndburn 009D,Violence and sexual offences,Awaiting court outcome,
5b12382a3297793c680d30261f0850a8f857b798083daff3ee258566e1ed18ba,2019-02,Lancashire Constabulary,Lancashire Constabulary,-2.406852,53.744804,On or near Central Avenue,E01025080,Hyndburn 009D,Violence and sexual offences,Status update unavailable,
7d8e148abe0d5772bdd42e2a677e8a65665cb9cd6e1f79a04be26a7cc694c4b5,2019-02,Lancashire Constabulary,Lancashire Constabulary,-2.406852,53.744804,On or near Central Avenue,E01025080,Hyndburn 009D,Violence and sexual offences,Status update unavailable,
f486d3f5285c34106199d5b5a490f5160440ad4be2ddbb0b954185a66350df16,2019-02,Lancashire Constabulary,Lancashire Constabulary,-2.428632,53.717117,On or near Chapel Street,E01025080,Hyndburn 009D,Violence and sexual offences,Unable to prosecute suspect,
accde473c94bb629a41a7bcb4fd971280e8fc12dde445eaef09854ed257014c9,2019-02,Lancashire Constabulary,Lancashire Constabulary,-2.408209,53.744009,On or near Stanhill Lane,E01025080,Hyndburn 009D,Violence and sexual offences,Formal action is not in the public interest,
beefec92a33ac391c5c97e58cc549c1f600d5eb52e09d55ccb69a2a59c4377c1,2019-02,Lancashire Constabulary,Lancashire Constabulary,-2.864389,53.424181,On or near Princess Drive,E01033228,Knowsley 008F,Violence and sexual offences,Status update unavailable,
5db56d2cdfbf15eaa0f902ef1cdab0ed9c7d32f59962e9409072c2455a55aaf0,2019-02,Lancashire Constabulary,Lancashire Constabulary,-0.120159,51.489903,On or near Vauxhall Walk,E01003109,Lambeth 003E,Public order,Status update unavailable,
,2019-02,Lancashire Constabulary,Lancashire Constabulary,-2.774705,54.126320,On or near Grosvenor Place,E01025096,Lancaster 001B,Anti-social behaviour,,
3bac1b3fe27038a3ef993f6ae91f697aab9780f893d417f10c38f9082c4f6671,2019-02,Lancashire Constabulary,Lancashire Constabulary,-2.776752,54.122082,On or near Longfield Drive,E01025096,Lancaster 001B,Criminal damage and arson,Unable to prosecute suspect,
b3d7c9c1a4f2eea48ac5581a809613469cee2018d4b4ea2d192c1f55508bb38e,2019-02,Lancashire Constabulary,Lancashire Constabulary,-2.769468,54.128591,On or near Preston Street,E01025096,Lancaster 001B,Criminal damage and arson,Status update unavailable,
dfe535756db6288d1009ee2ffee7953f20685cce9b52cab7941ed886be562206,2019-02,Lancashire Constabulary,Lancashire Constabulary,-2.769657,54.129740,On or near Hunter Street,E01025096,Lancaster 001B,Other theft,Status update unavailable,
1b0657476a22ad3f3bca7f59d9b7954fd215a0affd08a738e47ebf781227d565,2019-02,Lancashire Constabulary,Lancashire Constabulary,-2.772879,54.125217,On or near Albert Street,E01025096,Lancaster 001B,Violence and sexual offences,Local resolution,
1b9e9d946c6a569f64d39776198c71487595ecc63920c815c37ad95911db23c0,2019-02,Lancashire Constabulary,Lancashire Constabulary,-2.772879,54.125217,On or near Albert Street,E01025096,Lancaster 001B,Violence and sexual offences,Status update unavailable,
9e4d30f246b13f9677f499ffce85045b28c9172112b2abe5ee0420563dc7c456,2019-02,Lancashire Constabulary,Lancashire Constabulary,-2.765271,54.125086,On or near Queen'S Drive,E01025097,Lancaster 001C,Public order,Status update unavailable,
59e95afb4792e7ca7734805faa93ee3471fb29aab87a53487c48570271c4ad23,2019-02,Lancashire Constabulary,Lancashire Constabulary,-2.765683,54.122513,On or near Dunkirk Avenue,E01025097,Lancaster 001C,Vehicle crime,Status update unavailable,
7240aebd1c2018c1137e697911ef1ff46086f038c19d128ff56e36782c85c02e,2019-02,Lancashire Constabulary,Lancashire Constabulary,-2.761666,54.125414,On or near Kellet Road,E01025097,Lancaster 001C,Violence and sexual offences,Action to be taken by another organisation,
bb84464e3e8f8d49970d4d0aa5610d3c8d5d58634b143c3ec17c2be90768a15f,2019-02,Lancashire Constabulary,Lancashire Constabulary,-2.761666,54.125414,On or near Kellet Road,E01025097,Lancaster 001C,Violence and sexual offences,Status update unavailable,
,2019-02,Lancashire Constabulary,Lancashire Constabulary,-2.766890,54.126558,On or near Bridgeside,E01025098,Lancaster 001D,Anti-social behaviour,,
,2019-02,Lancashire Constabulary,Lancashire Constabulary,-2.768743,54.129944,On or near Ramsden Street,E01025098,Lancaster 001D,Anti-social behaviour,,
,2019-02,Lancashire Constabulary,Lancashire Constabulary,-2.768743,54.129944,On or near Ramsden Street,E01025098,Lancaster 001D,Anti-social behaviour,,
,2019-02,Lancashire Constabulary,Lancashire Constabulary,-2.759476,54.129500,On or near Conder Brow,E01025098,Lancaster 001D,Anti-social behaviour,,
,2019-02,Lancashire Constabulary,Lancashire Constabulary,-2.761439,54.128903,On or near Yealand Grove,E01025098,Lancaster 001D,Anti-social behaviour,,
15e09104ad294a277532e38b56fae42a2cf55ecefaedeed5497b3dee52bbd530,2019-02,Lancashire Constabulary,Lancashire Constabulary,-2.755735,54.131608,On or near Browfoot Close,E01025098,Lancaster 001D,Burglary,Status update unavailable,
e73f99716b8e9794b0066feceffeb80da7e3b71ad39afdcdb6bfd888e7db2825,2019-02,Lancashire Constabulary,Lancashire Constabulary,-2.765990,54.129216,On or near Oliver Place,E01025098,Lancaster 001D,Burglary,Status update unavailable,
24ef53e414e75bd92a2b0b50099ad021e3825510d548699983006ea59b04d771,2019-02,Lancashire Constabulary,Lancashire Constabulary,-2.761439,54.128903,On or near Yealand Grove,E01025098,Lancaster 001D,Burglary,Status update unavailable,
c370119a90ba8f7706aa1ed8d458d0cfad583e7e47289847b61bf37907dc7a13,2019-02,Lancashire Constabulary,Lancashire Constabulary,-2.769244,54.128916,On or near Supermarket,E01025098,Lancaster 001D,Criminal damage and arson,Unable to prosecute suspect,
a53929d5cb00dfaa034636cd17ac66ea9ca55cb2e0d38b5960c3ee1fbe05e5ce,2019-02,Lancashire Constabulary,Lancashire Constabulary,-2.768743,54.129944,On or near Ramsden Street,E01025098,Lancaster 001D,Shoplifting,Status update unavailable,
88091d3f3743e6aa1c137bd2262afa724fab3f5cb3a6865954edbb8abf2d0022,2019-02,Lancashire Constabulary,Lancashire Constabulary,-2.768743,54.129944,On or near Ramsden Street,E01025098,Lancaster 001D,Shoplifting,Offender given conditional discharge,
,2019-02,Lancashire Constabulary,Lancashire Constabulary,-2.828713,54.174224,On or near Bradshawgate Drive,E01025148,Lancaster 001E,Anti-social behaviour,,
,2019-02,Lancashire Constabulary,Lancashire Constabulary,-2.828713,54.174224,On or near Bradshawgate Drive,E01025148,Lancaster 001E,Anti-social behaviour,,
efba7508671fe3ef1ced3be845f37e5a52a8320e4170e0755c9ac21e56fca661,2019-02,Lancashire Constabulary,Lancashire Constabulary,-2.803418,54.168535,On or near Parking Area,E01025148,Lancaster 001E,Other theft,Status update unavailable,
5fa28f0c76a23775c928277d99bfc99b138bc1c87deed66c7f6799c581afe130,2019-02,Lancashire Constabulary,Lancashire Constabulary,-2.762137,54.170233,On or near Footeran Lane,E01025148,Lancaster 001E,Vehicle crime,Status update unavailable,
60d40f69cc2fc10b9caafc54893a63df880c6976252630c4c89e8c54b5ae23da,2019-02,Lancashire Constabulary,Lancashire Constabulary,-2.819710,54.166691,On or near Stankelt Road,E01025148,Lancaster 001E,Violence and sexual offences,Unable to prosecute suspect,
c992c5bd0a8a848bef90c9bdef13606e56462d87bac17546a2cf97700abe2ce0,2019-02,Lancashire Constabulary,Lancashire Constabulary,-2.826062,54.168014,On or near Stoneleigh Court,E01025148,Lancaster 001E,Violence and sexual offences,Status update unavailable,
,2019-02,Lancashire Constabulary,Lancashire Constabulary,-2.767101,54.145449,On or near Back Lane,E01025168,Lancaster 001F,Anti-social behaviour,,
33fb9993cc305fc879f3fecb4b8bc3eb065e7b05e7fff52b8fba779ba8609845,2019-02,Lancashire Constabulary,Lancashire Constabulary,-2.770764,54.134955,On or near Carlisle Terrace,E01025168,Lancaster 001F,Burglary,Status update unavailable,
d2da4ca39fee1b34a54018011c4a275f9f4c17619b5fd64642e39b3ba1d68897,2019-02,Lancashire Constabulary,Lancashire Constabulary,-2.770604,54.135379,On or near Albert Street,E01025168,Lancaster 001F,Criminal damage and arson,Unable to prosecute suspect,
f2ffc62e08c861d9ced2b9b5b7c42cee178c0a5df2c5342fd2bafd608cb51e4e,2019-02,Lancashire Constabulary,Lancashire Constabulary,-2.770604,54.135379,On or near Albert Street,E01025168,Lancaster 001F,Violence and sexual offences,Status update unavailable,
b4964beb412649713fcab6fa1f8c11cb6535517f75c52332970e4a425d629e50,2019-02,Lancashire Constabulary,Lancashire Constabulary,-2.765873,54.148585,On or near Washington Drive,E01025168,Lancaster 001F,Violence and sexual offences,Unable to prosecute suspect,
b995461df10948d30006c3b96f24d155ec4397eea930641ade79bf543bfbe84c,2019-02,Lancashire Constabulary,Lancashire Constabulary,-2.798418,54.153928,On or near Parking Area,E01025169,Lancaster 001G,Burglary,Status update unavailable,
dc5150b374092ff6bf5d6d5fec91cd4ee25f8e56a5c6e8bd29a787085a94b2f6,2019-02,Lancashire Constabulary,Lancashire Constabulary,-2.766130,54.150030,On or near High Crag Court,E01025169,Lancaster 001G,Burglary,Status update unavailable,
0d043002a87c5aa8fe555fb305cad7523b0689f771de60ed3389a3bdbcf17b54,2019-02,Lancashire Constabulary,Lancashire Constabulary,-2.750350,54.141861,On or near Park/Open Space,E01025169,Lancaster 001G,Violence and sexual offences,Status update unavailable,
e0c177ec3ff5a707201c3a6a3fa43f252582477feb7c229ffa4d689178a430fe,2019-02,Lancashire Constabulary,Lancashire Constabulary,-2.752129,54.109970,On or near Laithbutts Lane,E01025130,Lancaster 002A,Burglary,Status update unavailable,
8774bc733fb96299cb6b762c9ba1cad66270a85bf5da8f2772e3c96a984dd442,2019-02,Lancashire Constabulary,Lancashire Constabulary,-2.756677,54.107713,On or near Ashmeadow Grove,E01025130,Lancaster 002A,Burglary,Status update unavailable,
c15651db22a30771e0b52162b41f3569e59fa2bf989e75890aafd26c4a194d4c,2019-02,Lancashire Constabulary,Lancashire Constabulary,-2.759886,54.120087,On or near Back Lane,E01025130,Lancaster 002A,Criminal damage and arson,Status update unavailable,
7b79e8625d20a74eaf3a6f832b7e9762f58a3bbe095ee9343d43256cd5f2900d,2019-02,Lancashire Constabulary,Lancashire Constabulary,-2.759886,54.120087,On or near Back Lane,E01025130,Lancaster 002A,Criminal damage and arson,Status update unavailable,
6147cdcd6ba53558b58573fb9011235ae2bd78416a4dd82096192d65f02adf34,2019-02,Lancashire Constabulary,Lancashire Constabulary,-2.736367,54.155303,On or near Park/Open Space,E01025130,Lancaster 002A,Other theft,Status update unavailable,
fbdeb1ec6c6f520b98241b02c582c2648e8cef06ca598146552bfb0c1f5f5bda,2019-02,Lancashire Constabulary,Lancashire Constabulary,-2.722743,54.136188,On or near Park/Open Space,E01025130,Lancaster 002A,Violence and sexual offences,Unable to prosecute suspect,
07c1487021eb76fa4546607f66b5f9d8c906e7ed3cbcbdf8ae3de780efac863c,2019-02,Lancashire Constabulary,Lancashire Constabulary,-2.753093,54.110000,On or near Grange View Road,E01025130,Lancaster 002A,Violence and sexual offences,Status update unavailable,
ed58c7fd7401a479738a169df77790368066c752bfc2484ec5a43f64611da525,2019-02,Lancashire Constabulary,Lancashire Constabulary,-2.736367,54.155303,On or near Park/Open Space,E01025130,Lancaster 002A,Violence and sexual offences,Status update unavailable,
6bdd3419a11eedef8ef16c92975e8ca288580bea9a8d13c47d4b269386323ac9,2019-02,Lancashire Constabulary,Lancashire Constabulary,-2.586790,54.123617,On or near Parking Area,E01025132,Lancaster 002B,Burglary,Status update unavailable,
567efc77ca99c4598f7a61df1babb6312ccb6de815250c6d5e718627c4a21076,2019-02,Lancashire Constabulary,Lancashire Constabulary,-2.672809,54.090434,On or near A683,E01025132,Lancaster 002B,Other theft,Status update unavailable,
9a53b737786984e7ba35db459b86af2e05aeb8473474fb4edcdcf1f368abee5f,2019-02,Lancashire Constabulary,Lancashire Constabulary,-2.663740,54.123756,On or near Fall Kirk,E01025166,Lancaster 002C,Burglary,Status update unavailable,
e0c4d72961a1c72d68ba45235b0487cf9ef201f6a2a765a0972bfd7a0a81c1b4,2019-02,Lancashire Constabulary,Lancashire Constabulary,-2.635403,54.106788,On or near Station Court,E01025166,Lancaster 002C,Burglary,Status update unavailable,
7149627acf63effea1e24a96df8a508fae2d0fae47a7e14a966d5a3fd77d0e05,2019-02,Lancashire Constabulary,Lancashire Constabulary,-2.635297,54.112819,On or near Monteagle Square,E01025166,Lancaster 002C,Criminal damage and arson,Unable to prosecute suspect,
ab674d74fa760f65718f427c68e18eead82f181506b2240b3b0bed8586b38244,2019-02,Lancashire Constabulary,Lancashire Constabulary,-2.635297,54.112819,On or near Monteagle Square,E01025166,Lancaster 002C,Criminal damage and arson,Further investigation is not in the public interest,
26d4aaea25b22353c9c32295e72935d4d11c08ffc111bd851d2731ee779a067d,2019-02,Lancashire Constabulary,Lancashire Constabulary,-2.635297,54.112819,On or near Monteagle Square,E01025166,Lancaster 002C,Violence and sexual offences,Status update unavailable,
ae8fecf5c12221b8d5375e07630b4b07faf613f9dab150060dfb8684548f4e48,2019-02,Lancashire Constabulary,Lancashire Constabulary,-2.627093,54.166222,On or near Docker Lane,E01025167,Lancaster 002D,Burglary,Unable to prosecute suspect,
4b4464b052fb56a1d0fac48196ddf22a53c2bd6f355dee4cc427662f776dad0f,2019-02,Lancashire Constabulary,Lancashire Constabulary,-2.613972,54.181020,On or near Church Street,E01025167,Lancaster 002D,Violence and sexual offences,Unable to prosecute suspect,
218740ff7bc95bea419f9908802859c5f6c41370894325ff210794578658f102,2019-02,Lancashire Constabulary,Lancashire Constabulary,-2.592729,54.128046,On or near Lodge Lane,E01025167,Lancaster 002D,Violence and sexual offences,Further investigation is not in the public interest,
d168afd774c2b4e3b58231da3637815ace9d8af8b6b43fe52b95c5c0289a420a,2019-02,Lancashire Constabulary,Lancashire Constabulary,-2.793955,54.106313,On or near Monkswell Drive,E01025089,Lancaster 003A,Burglary,Status update unavailable,
1ad432d909ebf5be59b06ee0983fb0f552cd59b3af72d03a0b08fcc47c121c75,2019-02,Lancashire Constabulary,Lancashire Constabulary,-2.787934,54.105005,On or near Sports/Recreation Area,E01025089,Lancaster 003A,Public order,Unable to prosecute suspect,
0e80970b8f8e793cc12f7189d97e0927624156208e9e07cc206e2d7ce6d03644,2019-02,Lancashire Constabulary,Lancashire Constabulary,-2.789802,54.102665,On or near The Nook,E01025089,Lancaster 003A,Public order,Status update unavailable,
5dd457e4bcf48c79ec2def4bc38a513512ef9fd98a1346ab29632bcd372ed72d,2019-02,Lancashire Constabulary,Lancashire Constabulary,-2.789429,54.106397,On or near Cavendish Court,E01025089,Lancaster 003A,Vehicle crime,Status update unavailable,
cddd41c0db0a64df8b13ae25a9795f0480bb0538062c8f51781f00ed1c230298,2019-02,Lancashire Constabulary,Lancashire Constabulary,-2.789906,54.104920,On or near Packet Lane,E01025089,Lancaster 003A,Violence and sexual offences,Unable to prosecute suspect,
ab26dcf56c2ca5bf6afd8b19a0e79576818a666cb1d506a30d47f55b221377c2,2019-02,Lancashire Constabulary,Lancashire Constabulary,-2.796454,54.105029,On or near Windermere Road,E01025089,Lancaster 003A,Violence and sexual offences,Unable to prosecute suspect,
3e3811943711d9489dda603a2b374f14a8b085a05a019799f6ae3553db2ff2f5,2019-02,Lancashire Constabulary,Lancashire Constabulary,-2.788823,54.109133,On or near The Green,E01025090,Lancaster 003B,Public order,Status update unavailable,
,2019-02,Lancashire Constabulary,Lancashire Constabulary,-2.806660,54.089520,On or near Hanging Green Lane,E01025158,Lancaster 003C,Anti-social behaviour,,
573c0f91f93c37f7493f15dc38423fe8d9e50a28d6e3c936720a39a3f4f88262,2019-02,Lancashire Constabulary,Lancashire Constabulary,-2.805925,54.083171,On or near Warren Close,E01025158,Lancaster 003C,Burglary,Status update unavailable,
21464ad0a7f235f5015d871b3f5f1bf15f80690f0f194ddf7cbe352984bc7b73,2019-02,Lancashire Constabulary,Lancashire Constabulary,-2.803581,54.085254,On or near Manor Road,E01025158,Lancaster 003C,Burglary,Status update unavailable,
89a4b9747ed7377559d06fa281cd2edc32d9aec9507ec5757f98fc42aab77a5d,2019-02,Lancashire Constabulary,Lancashire Constabulary,-2.808814,54.088670,On or near Prospect Avenue,E01025158,Lancaster 003C,Vehicle crime,Unable to prosecute suspect,
,2019-02,Lancashire Constabulary,Lancashire Constabulary,-2.813987,54.067082,On or near Barley Cop Lane,E01025159,Lancaster 003D,Anti-social behaviour,,
,2019-02,Lancashire Constabulary,Lancashire Constabulary,-2.816772,54.088293,On or near Marine Drive,E01025159,Lancaster 003D,Anti-social behaviour,,
3d508dd932c69db23fddaae9c415e2da14336e89b6189e3f37a7f699b1edfe21,2019-02,Lancashire Constabulary,Lancashire Constabulary,-2.802163,54.077543,On or near Slyne Road,E01025159,Lancaster 003D,Criminal damage and arson,Status update unavailable,
7f250ead75bf53a2e0275297b313a0030996befa878aab37210075fc1870e5f4,2019-02,Lancashire Constabulary,Lancashire Constabulary,-2.812869,54.091977,On or near Coastal Road,E01025159,Lancaster 003D,Other theft,Status update unavailable,
,2019-02,Lancashire Constabulary,Lancashire Constabulary,-2.806281,54.093648,On or near Greenacre Road,E01025160,Lancaster 003E,Anti-social behaviour,,
c937fc363c25dd8c2e0d7c69fb89b9b780683d7d885b5ee8e714d2387b2ca61c,2019-02,Lancashire Constabulary,Lancashire Constabulary,-2.798783,54.092557,On or near Greenwood Drive,E01025160,Lancaster 003E,Burglary,Status update unavailable,
f9644cfec54f17f7f0338126d7cea5fbd44f07d5d0dcc1b6b8731bd8f2de4cac,2019-02,Lancashire Constabulary,Lancashire Constabulary,-2.797576,54.094156,On or near Greenwood Avenue,E01025160,Lancaster 003E,Burglary,Status update unavailable,
8749bddee5f54f1ffe4c410908851779f07806bd54ee9a0880652d315de43199,2019-02,Lancashire Constabulary,Lancashire Constabulary,-2.797576,54.094156,On or near Greenwood Avenue,E01025160,Lancaster 003E,Vehicle crime,Status update unavailable,
,2019-02,Lancashire Constabulary,Lancashire Constabulary,-2.845557,54.073920,On or near Winchester Avenue,E01025085,Lancaster 004A,Anti-social behaviour,,
,2019-02,Lancashire Constabulary,Lancashire Constabulary,-2.842535,54.076368,On or near Clifford Avenue,E01025085,Lancaster 004A,Anti-social behaviour,,
696669c692f082d6e68326ed3c817587b55e878fbb5f57c493918f22c4f819b8,2019-02,Lancashire Constabulary,Lancashire Constabulary,-2.847395,54.074851,On or near Broadway,E01025085,Lancaster 004A,Vehicle crime,Status update unavailable,
eeaa2ac2de571c91aa5a5182a4101e8b870eb53fb79bd2124a66189820fd2c05,2019-02,Lancashire Constabulary,Lancashire Constabulary,-2.840263,54.075090,On or near Brantwood Avenue,E01025085,Lancaster 004A,Violence and sexual offences,Unable to prosecute suspect,
44ea3445bd32c65ab72bc186c188f9cd915cda4672d155a718c00a8c0ba1aa38,2019-02,Lancashire Constabulary,Lancashire Constabulary,-2.839383,54.076174,On or near Mayfield Drive,E01025085,Lancaster 004A,Violence and sexual offences,Unable to prosecute suspect,
,2019-02,Lancashire Constabulary,Lancashire Constabulary,-2.838865,54.079306,On or near The Cove,E01025086,Lancaster 004B,Anti-social behaviour,,
c3dadcbd03a577882fc492f2677a2c9b9ca3b3ee5feadc58de957d43eb9638ac,2019-02,Lancashire Constabulary,Lancashire Constabulary,-2.834787,54.077177,On or near Hest Bank Road,E01025086,Lancaster 004B,Burglary,Status update unavailable,
60a347e7588168254326d6e5df90969b89cb519967dfb5410c0775cb2d16a7f1,2019-02,Lancashire Constabulary,Lancashire Constabulary,-2.836726,54.080121,On or near Elm Grove,E01025086,Lancaster 004B,Burglary,Status update unavailable,
733b3139497098cdb35b64da8fde07d26f4192437df050967e44c30242180dc2,2019-02,Lancashire Constabulary,Lancashire Constabulary,-2.833234,54.075947,On or near Oak Avenue,E01025086,Lancaster 004B,Vehicle crime,Status update unavailable,
fe9a2b87065ff3c00612c10ead911ea006fc85f65cd8be413c4f3ad93f041fdf,2019-02,Lancashire Constabulary,Lancashire Constabulary,-2.836726,54.080121,On or near Elm Grove,E01025086,Lancaster 004B,Vehicle crime,Status update unavailable,
e43e3ee8f3fd9f091f9228805a8e77a4847f31d9506300e8019a3bbb5edce382,2019-02,Lancashire Constabulary,Lancashire Constabulary,-2.834787,54.077177,On or near Hest Bank Road,E01025086,Lancaster 004B,Violence and sexual offences,Status update unavailable,
,2019-02,Lancashire Constabulary,Lancashire Constabulary,-2.840433,54.078234,On or near Beach Street,E01025087,Lancaster 004C,Anti-social behaviour,,
,2019-02,Lancashire Constabulary,Lancashire Constabulary,-2.839010,54.077381,On or near Palmer Grove,E01025087,Lancaster 004C,Anti-social behaviour,,
,2019-02,Lancashire Constabulary,Lancashire Constabulary,-2.851642,54.076268,On or near Dallam Avenue,E01025087,Lancaster 004C,Anti-social behaviour,,
117cad8a82977ee0e400187e0746fcb2cddf39ece1cabe21678f9c56356ae9f4,2019-02,Lancashire Constabulary,Lancashire Constabulary,-2.851642,54.076268,On or near Dallam Avenue,E01025087,Lancaster 004C,Bicycle theft,Status update unavailable,
59ed09babcd5d83d4c09b9447fdbef372d72ea4cecc0fbe4bc2f787ce67ccc7b,2019-02,Lancashire Constabulary,Lancashire Constabulary,-2.851642,54.076268,On or near Dallam Avenue,E01025087,Lancaster 004C,Bicycle theft,Status update unavailable,
720631a4422b5d3779ac169b4d14fad7f1cf699d56dbc77ed7011c6a4eda446f,2019-02,Lancashire Constabulary,Lancashire Constabulary,-2.851642,54.076268,On or near Dallam Avenue,E01025087,Lancaster 004C,Bicycle theft,Status update unavailable,
1f67f2569ab630bbbf8e38dc5c1994ac998d751a553a21a47d162ce52305668d,2019-02,Lancashire Constabulary,Lancashire Constabulary,-2.851145,54.076613,On or near Royal Road,E01025087,Lancaster 004C,Burglary,Status update unavailable,
77eeaf7dbf1e8f99783554a0f213b594fbec17fa8e1ec0917c96647fe9416146,2019-02,Lancashire Constabulary,Lancashire Constabulary,-2.851642,54.076268,On or near Dallam Avenue,E01025087,Lancaster 004C,Other theft,Status update unavailable,
34676fbfe6c7b8466ef8e9613cd666eee930a2e59829402893a4c6c470f13dde,2019-02,Lancashire Constabulary,Lancashire Constabulary,-2.841610,54.078235,On or near Newmarket Street,E01025087,Lancaster 004C,Public order,Unable to prosecute suspect,
71ca730f61cbe246dd504d98decbb89329aa9018fd97d0e047f291efa22be993,2019-02,Lancashire Constabulary,Lancashire Constabulary,-2.839010,54.077381,On or near Palmer Grove,E01025087,Lancaster 004C,Public order,Unable to prosecute suspect,
964759f88ec869b21da8f6e5506fc916b576e3c12c7d85c37eb7d0715487fa95,2019-02,Lancashire Constabulary,Lancashire Constabulary,-2.839010,54.077381,On or near Palmer Grove,E01025087,Lancaster 004C,Vehicle crime,Status update unavailable,
be33a5bb7b126270ddca37e81c9ecfedeb0a2b8e1d7f0ffceb0c995f6f8fc10b,2019-02,Lancashire Constabulary,Lancashire Constabulary,-2.842811,54.077166,On or near Seaborn Road,E01025087,Lancaster 004C,Violence and sexual offences,Awaiting court outcome,
5f913e3a401a2c5288ec3066cceef464d2b88bd45a251cdc84389ca3bcbaa557,2019-02,Lancashire Constabulary,Lancashire Constabulary,-2.851642,54.076268,On or near Dallam Avenue,E01025087,Lancaster 004C,Violence and sexual offences,Unable to prosecute suspect,
572623a4d33a0d0aee4c795ea6c3dac3321a01a34434e91cbb8e559e9ff72f2b,2019-02,Lancashire Constabulary,Lancashire Constabulary,-2.851642,54.076268,On or near Dallam Avenue,E01025087,Lancaster 004C,Violence and sexual offences,Status update unavailable,
d9063a2bc8da8f20042cb077ca3d76b93baf5c316b9bc77011fbbdf5966a9a32,2019-02,Lancashire Constabulary,Lancashire Constabulary,-2.841610,54.078235,On or near Newmarket Street,E01025087,Lancaster 004C,Violence and sexual offences,Further investigation is not in the public interest,
58f4ce2f2ea6f851ee820d08e2246d1f4644e45ea4df10a58cd9dce6fdff19c7,2019-02,Lancashire Constabulary,Lancashire Constabulary,-2.851145,54.076613,On or near Royal Road,E01025087,Lancaster 004C,Violence and sexual offences,Unable to prosecute suspect,
b5901995bf338f0f50f990f6875db2c10c0574a7d5c9bafa0a5ec1d744945952,2019-02,Lancashire Constabulary,Lancashire Constabulary,-2.851642,54.076268,On or near Dallam Avenue,E01025087,Lancaster 004C,Violence and sexual offences,Action to be taken by another organisation,
,2019-02,Lancashire Constabulary,Lancashire Constabulary,-2.835331,54.073803,On or near St Celia'S Way,E01025161,Lancaster 004D,Anti-social behaviour,,
,2019-02,Lancashire Constabulary,Lancashire Constabulary,-2.763387,54.078352,On or near St Wilfrid'S Park,E01025108,Lancaster 005A,Anti-social behaviour,,
,2019-02,Lancashire Constabulary,Lancashire Constabulary,-2.765962,54.076278,On or near Church Street,E01025108,Lancaster 005A,Anti-social behaviour,,
c3532350183c6a53734a25d4f634b758da34d34714fd5bb48d02a357c8f8043a,2019-02,Lancashire Constabulary,Lancashire Constabulary,-2.782965,54.078281,On or near Kellet Lane,E01025108,Lancaster 005A,Criminal damage and arson,Status update unavailable,
ea21d738de08018ed6739d354e756dd79b6e0f5413c962dc52cad04a36fba080,2019-02,Lancashire Constabulary,Lancashire Constabulary,-2.761984,54.078505,On or near New Street,E01025108,Lancaster 005A,Vehicle crime,Status update unavailable,
2ed95bdd42a6a95bb08b67f70b350786030f6618ca11979190c30fa846c7e05c,2019-02,Lancashire Constabulary,Lancashire Constabulary,-2.761984,54.078505,On or near New Street,E01025108,Lancaster 005A,Vehicle crime,Status update unavailable,
db9b4ef67936f70a540d7f7a1d72a8f05fdf49604da4371a552a5a146c6c2a70,2019-02,Lancashire Constabulary,Lancashire Constabulary,-2.758339,54.076461,On or near Mill Lane,E01025108,Lancaster 005A,Vehicle crime,Status update unavailable,
,2019-02,Lancashire Constabulary,Lancashire Constabulary,-2.756787,54.080165,On or near Sykelands Avenue,E01025109,Lancaster 005B,Anti-social behaviour,,
c9f25298bb671c50091cfd65d9bec06858e5ea3828b6978ace3a09e0ec2d2e61,2019-02,Lancashire Constabulary,Lancashire Constabulary,-2.700349,54.100711,On or near Aughton Road,E01025109,Lancaster 005B,Other theft,Unable to prosecute suspect,
3967914d87a7cbcf2cfae8cb7a8d87bfd8e2924a151602518dd5c3901ae5b085,2019-02,Lancashire Constabulary,Lancashire Constabulary,-2.755667,54.080801,On or near Sykelands Grove,E01025109,Lancaster 005B,Vehicle crime,Status update unavailable,
,2019-02,Lancashire Constabulary,Lancashire Constabulary,-2.779796,54.069035,On or near Caton Road,E01025131,Lancaster 005C,Anti-social behaviour,,
,2019-02,Lancashire Constabulary,Lancashire Constabulary,-2.778118,54.069180,On or near Mannin Way,E01025131,Lancaster 005C,Anti-social behaviour,,
,2019-02,Lancashire Constabulary,Lancashire Constabulary,-2.779796,54.069035,On or near Caton Road,E01025131,Lancaster 005C,Anti-social behaviour,,
397f5d78f04e83fa78e3d5bae197f82865c7a59ba5e53eb66e4125b559230473,2019-02,Lancashire Constabulary,Lancashire Constabulary,-2.718185,54.071782,On or near Broadacre,E01025131,Lancaster 005C,Burglary,Status update unavailable,
063a0979ccdefb5a03ca67ea1b44f28086c9fe278d1359a6cb57d044a0131d7f,2019-02,Lancashire Constabulary,Lancashire Constabulary,-2.778118,54.069180,On or near Mannin Way,E01025131,Lancaster 005C,Criminal damage and arson,Status update unavailable,
0e2416dccabfe46e3f862ed28e366d76b0038be381fa5d00276286294adcfa9c,2019-02,Lancashire Constabulary,Lancashire Constabulary,-2.778118,54.069180,On or near Mannin Way,E01025131,Lancaster 005C,Criminal damage and arson,Status update unavailable,
c1bd02b57fe0a72560a8b9ba344795a114b9765580d2a23bad3110b38061d9ad,2019-02,Lancashire Constabulary,Lancashire Constabulary,-2.778118,54.069180,On or near Mannin Way,E01025131,Lancaster 005C,Public order,Status update unavailable,
cc69bcd2f2a41ed478403c2c1055347c2a4d311173487dcfb50f453e2d7bf652,2019-02,Lancashire Constabulary,Lancashire Constabulary,-2.778118,54.069180,On or near Mannin Way,E01025131,Lancaster 005C,Violence and sexual offences,Status update unavailable,
ffc722d07be60cc291746d8c0427944c28a284534e9f0492f751811aa9a4fe67,2019-02,Lancashire Constabulary,Lancashire Constabulary,-2.779796,54.069035,On or near Caton Road,E01025131,Lancaster 005C,Violence and sexual offences,Status update unavailable,
4e7447af9f19069296cc2e316d155edb993c7645c581b2116ae22d7087879be4,2019-02,Lancashire Constabulary,Lancashire Constabulary,-2.719581,54.072996,On or near Kingfisher Court,E01025131,Lancaster 005C,Violence and sexual offences,Status update unavailable,
9dae6381e49541a991dedc7b3c1ff63d4d0440a50ad648ffd1afafb075c7305a,2019-02,Lancashire Constabulary,Lancashire Constabulary,-2.715667,54.075536,On or near Sports/Recreation Area,E01025133,Lancaster 005D,Violence and sexual offences,Unable to prosecute suspect,
,2019-02,Lancashire Constabulary,Lancashire Constabulary,-2.875371,54.067245,On or near West End Road,E01025112,Lancaster 006A,Anti-social behaviour,,
,2019-02,Lancashire Constabulary,Lancashire Constabulary,-2.874146,54.069312,On or near Supermarket,E01025112,Lancaster 006A,Anti-social behaviour,,
,2019-02,Lancashire Constabulary,Lancashire Constabulary,-2.874146,54.069312,On or near Supermarket,E01025112,Lancaster 006A,Anti-social behaviour,,
,2019-02,Lancashire Constabulary,Lancashire Constabulary,-2.874146,54.069312,On or near Supermarket,E01025112,Lancaster 006A,Anti-social behaviour,,
,2019-02,Lancashire Constabulary,Lancashire Constabulary,-2.869760,54.068535,On or near West End Road,E01025112,Lancaster 006A,Anti-social behaviour,,
,2019-02,Lancashire Constabulary,Lancashire Constabulary,-2.874146,54.069312,On or near Supermarket,E01025112,Lancaster 006A,Anti-social behaviour,,
,2019-02,Lancashire Constabulary,Lancashire Constabulary,-2.874146,54.069312,On or near Supermarket,E01025112,Lancaster 006A,Anti-social behaviour,,
,2019-02,Lancashire Constabulary,Lancashire Constabulary,-2.870145,54.069413,On or near Baycliffe Crescent,E01025112,Lancaster 006A,Anti-social behaviour,,
,2019-02,Lancashire Constabulary,Lancashire Constabulary,-2.874146,54.069312,On or near Supermarket,E01025112,Lancaster 006A,Anti-social behaviour,,
,2019-02,Lancashire Constabulary,Lancashire Constabulary,-2.874146,54.069312,On or near Supermarket,E01025112,Lancaster 006A,Anti-social behaviour,,
,2019-02,Lancashire Constabulary,Lancashire Constabulary,-2.874146,54.069312,On or near Supermarket,E01025112,Lancaster 006A,Anti-social behaviour,,
,2019-02,Lancashire Constabulary,Lancashire Constabulary,-2.874146,54.069312,On or near Supermarket,E01025112,Lancaster 006A,Anti-social behaviour,,
,2019-02,Lancashire Constabulary,Lancashire Constabulary,-2.874146,54.069312,On or near Supermarket,E01025112,Lancaster 006A,Anti-social behaviour,,
9c4cf287d587200afc5d5ab4c706bad852d159e730103e936c92f93685fdefee,2019-02,Lancashire Constabulary,Lancashire Constabulary,-2.874146,54.069312,On or near Supermarket,E01025112,Lancaster 006A,Bicycle theft,Status update unavailable,
b26ee794d7caabab5b8d09e760a1dcd672d794d948a62adc64310752780ffd5d,2019-02,Lancashire Constabulary,Lancashire Constabulary,-2.874982,54.067616,On or near Cedar Street,E01025112,Lancaster 006A,Burglary,Offender given a caution,
654dea1576748101606ba51bcef91ff2817d82755d34675fb1f6346f8b8b7a0d,2019-02,Lancashire Constabulary,Lancashire Constabulary,-2.875371,54.067245,On or near West End Road,E01025112,Lancaster 006A,Burglary,Status update unavailable,
f3625f53ad7b5aa9455d265c819d96b825b6cb2e29e84aa9efb202ef0ecf4974,2019-02,Lancashire Constabulary,Lancashire Constabulary,-2.872417,54.067014,On or near Balmoral Road,E01025112,Lancaster 006A,Burglary,Status update unavailable,
5020bed0c766ecca39fc2b4b05d9d8315baa3feb574670806b599fe9a0d2c55e,2019-02,Lancashire Constabulary,Lancashire Constabulary,-2.874146,54.069312,On or near Supermarket,E01025112,Lancaster 006A,Criminal damage and arson,Status update unavailable,
0d20ba6f402b8859e876f0819e9306449d92e0c3c22516081eba07ebae840e4e,2019-02,Lancashire Constabulary,Lancashire Constabulary,-2.874146,54.069312,On or near Supermarket,E01025112,Lancaster 006A,Other theft,Status update unavailable,
a8ba8d4ea8f4488e178ad484f28c3e6ccc0d5c41e2880effb02f0e32236789c2,2019-02,Lancashire Constabulary,Lancashire Constabulary,-2.877710,54.067281,On or near West End Road,E01025112,Lancaster 006A,Other theft,Status update unavailable,
8f5e168649716eb3be773fdeff4662dbbc27558340ff665c6b2dfd3ee73bbf49,2019-02,Lancashire Constabulary,Lancashire Constabulary,-2.874146,54.069312,On or near Supermarket,E01025112,Lancaster 006A,Other theft,Status update unavailable,
5a9d522c4a44fd66f92c6d6de732df02a0386f7d36763e79287c06d029d5aaff,2019-02,Lancashire Constabulary,Lancashire Constabulary,-2.874146,54.069312,On or near Supermarket,E01025112,Lancaster 006A,Possession of weapons,Awaiting court outcome,
5cebbc90cc986ee13afffb871f7ed793ccd1c12ac676ab8a4f7bcadcd7894054,2019-02,Lancashire Constabulary,Lancashire Constabulary,-2.870145,54.069413,On or near Baycliffe Crescent,E01025112,Lancaster 006A,Public order,Unable to prosecute suspect,
5691f5e7628aecbdbbd0e3551fa454f5181581ce5de021ebe8fcaf2ed43c0183,2019-02,Lancashire Constabulary,Lancashire Constabulary,-2.868743,54.069602,On or near Kilnbank Avenue,E01025112,Lancaster 006A,Public order,Status update unavailable,
b2ff6b8bc3c3c7ce6ec10adaeaeb0908b53d91f6028249e2ec361ff66c0f5bf1,2019-02,Lancashire Constabulary,Lancashire Constabulary,-2.874146,54.069312,On or near Supermarket,E01025112,Lancaster 006A,Shoplifting,Status update unavailable,
3f0d7f588942c15d4930bb0f50fa1a96d7ecf4be90b5108fb5fc4b76995757f3,2019-02,Lancashire Constabulary,Lancashire Constabulary,-2.874146,54.069312,On or near Supermarket,E01025112,Lancaster 006A,Shoplifting,Status update unavailable,
993abe319e960173bce6a45639464cff1daf685d412ab997b47501e4976d82e1,2019-02,Lancashire Constabulary,Lancashire Constabulary,-2.870145,54.069413,On or near Baycliffe Crescent,E01025112,Lancaster 006A,Shoplifting,Offender ordered to pay compensation,
af9b28b7cfca5b4ab547c035f3cdd0d84c660f3b31f6136ccf0e5810efedc51e,2019-02,Lancashire Constabulary,Lancashire Constabulary,-2.874146,54.069312,On or near Supermarket,E01025112,Lancaster 006A,Shoplifting,Formal action is not in the public interest,
608edf791eadbd3738bb439aa96925cab4b8af58cc4f84dcc6a7f239a8d247a3,2019-02,Lancashire Constabulary,Lancashire Constabulary,-2.874146,54.069312,On or near Supermarket,E01025112,Lancaster 006A,Shoplifting,Local resolution,
7038eaec6ff7af7aa6a5c5797e0fed3024157b5d4f0883ee0cd447118f4cb9cf,2019-02,Lancashire Constabulary,Lancashire Constabulary,-2.870145,54.069413,On or near Baycliffe Crescent,E01025112,Lancaster 006A,Shoplifting,Status update unavailable,
698763c40897e889e18db7d8fa513a1773271f3229b157f5b61339ea83bf22c3,2019-02,Lancashire Constabulary,Lancashire Constabulary,-2.874146,54.069312,On or near Supermarket,E01025112,Lancaster 006A,Shoplifting,Status update unavailable,
b56b33dce68905c1da592d32ca3c181712d31028e74983f4c895380fc581c19f,2019-02,Lancashire Constabulary,Lancashire Constabulary,-2.874146,54.069312,On or near Supermarket,E01025112,Lancaster 006A,Shoplifting,Status update unavailable,
55ac878c17d82f7b4a795390a3952fffb68bc11cd2de231cec7b0d7ca71b0a90,2019-02,Lancashire Constabulary,Lancashire Constabulary,-2.874583,54.066819,On or near Westminster Avenue,E01025112,Lancaster 006A,Vehicle crime,Status update unavailable,
a2f7bc2d5f5a9e2aa5665db30cf6f93bc9fb113b4f2cbcf39d3155d99c141881,2019-02,Lancashire Constabulary,Lancashire Constabulary,-2.871639,54.065618,On or near Westfield Grove,E01025112,Lancaster 006A,Vehicle crime,Status update unavailable,
b392586c1d52c1913fa7e3ad553ace4c683461f907f59392bd38fd5a7a233724,2019-02,Lancashire Constabulary,Lancashire Constabulary,-2.874583,54.066819,On or near Westminster Avenue,E01025112,Lancaster 006A,Vehicle crime,Status update unavailable,
4ca6ab955233246c338eabb70e3cd0ec45a7070a909cf603dbd491b4a2baf7a6,2019-02,Lancashire Constabulary,Lancashire Constabulary,-2.874146,54.069312,On or near Supermarket,E01025112,Lancaster 006A,Violence and sexual offences,Unable to prosecute suspect,
0285e7460c877492e243a0522e4b1683a40cde078cbeb780cea93b54db1a8834,2019-02,Lancashire Constabulary,Lancashire Constabulary,-2.877710,54.067281,On or near West End Road,E01025112,Lancaster 006A,Violence and sexual offences,Status update unavailable,
74990a654349ca4f378a7f4aa12e850596ecbd9fa06e2bdeaaafc61af4a743e9,2019-02,Lancashire Constabulary,Lancashire Constabulary,-2.870145,54.069413,On or near Baycliffe Crescent,E01025112,Lancaster 006A,Violence and sexual offences,Status update unavailable,
28e16ad0b049165599cc40836c6fdb3f51bcfe01702dcc40719b93a1996aee2f,2019-02,Lancashire Constabulary,Lancashire Constabulary,-2.870145,54.069413,On or near Baycliffe Crescent,E01025112,Lancaster 006A,Violence and sexual offences,Unable to prosecute suspect,
7aa121b07cf94030d17fa8050001e8cd813215beef8a7521cb92fa8a01978965,2019-02,Lancashire Constabulary,Lancashire Constabulary,-2.869682,54.069946,On or near Longmire Way,E01025112,Lancaster 006A,Violence and sexual offences,Status update unavailable,
f955041dc3c159d59f3ea9c24a834ba626bdcde8e37d0466d3c727920a7f6d6a,2019-02,Lancashire Constabulary,Lancashire Constabulary,-2.877710,54.067281,On or near West End Road,E01025112,Lancaster 006A,Violence and sexual offences,Status update unavailable,
db1c4c4a84a0e93e2c95cb7993514b564d728165915775ca20c9c047ceb9c50f,2019-02,Lancashire Constabulary,Lancashire Constabulary,-2.868743,54.069602,On or near Kilnbank Avenue,E01025112,Lancaster 006A,Violence and sexual offences,Status update unavailable,
f6095f3f4adfa59c0c29a56435814d70997ef94aeada798e35962d94ab95440c,2019-02,Lancashire Constabulary,Lancashire Constabulary,-2.874146,54.069312,On or near Supermarket,E01025112,Lancaster 006A,Violence and sexual offences,Status update unavailable,
,2019-02,Lancashire Constabulary,Lancashire Constabulary,-2.859501,54.071979,On or near Westover Street,E01025136,Lancaster 006B,Anti-social behaviour,,
,2019-02,Lancashire Constabulary,Lancashire Constabulary,-2.859222,54.071037,On or near North Street,E01025136,Lancaster 006B,Anti-social behaviour,,
,2019-02,Lancashire Constabulary,Lancashire Constabulary,-2.860108,54.073224,On or near Poulton Road,E01025136,Lancaster 006B,Anti-social behaviour,,
,2019-02,Lancashire Constabulary,Lancashire Constabulary,-2.863917,54.071192,On or near Euston Grove,E01025136,Lancaster 006B,Anti-social behaviour,,
,2019-02,Lancashire Constabulary,Lancashire Constabulary,-2.859501,54.071979,On or near Westover Street,E01025136,Lancaster 006B,Anti-social behaviour,,
,2019-02,Lancashire Constabulary,Lancashire Constabulary,-2.863917,54.071192,On or near Euston Grove,E01025136,Lancaster 006B,Anti-social behaviour,,
,2019-02,Lancashire Constabulary,Lancashire Constabulary,-2.858552,54.071186,On or near Primrose Street,E01025136,Lancaster 006B,Anti-social behaviour,,
,2019-02,Lancashire Constabulary,Lancashire Constabulary,-2.859501,54.071979,On or near Westover Street,E01025136,Lancaster 006B,Anti-social behaviour,,
,2019-02,Lancashire Constabulary,Lancashire Constabulary,-2.861316,54.073260,On or near Washington Avenue,E01025136,Lancaster 006B,Anti-social behaviour,,
,2019-02,Lancashire Constabulary,Lancashire Constabulary,-2.857039,54.070414,On or near York Place,E01025136,Lancaster 006B,Anti-social behaviour,,
,2019-02,Lancashire Constabulary,Lancashire Constabulary,-2.859501,54.071979,On or near Westover Street,E01025136,Lancaster 006B,Anti-social behaviour,,
b13ae577cb28480fc10b45a502a23d1e1fa7830af2740916d9ae72d2f48e4b6f,2019-02,Lancashire Constabulary,Lancashire Constabulary,-2.862294,54.071824,On or near Queen Street,E01025136,Lancaster 006B,Burglary,Unable to prosecute suspect,
5e9f9d54b511d4c42d62e8f8f6a7ceac50c0e2e85c799fe51fc1acf9f4fc3d27,2019-02,Lancashire Constabulary,Lancashire Constabulary,-2.859987,54.071068,On or near King Street,E01025136,Lancaster 006B,Burglary,Status update unavailable,
bf8f26a338cfd4dde3d0cdb8cb1292f66dc27af7c842aecf5392beb5c6861226,2019-02,Lancashire Constabulary,Lancashire Constabulary,-2.867221,54.070629,On or near Central Drive,E01025136,Lancaster 006B,Criminal damage and arson,Unable to prosecute suspect,
b38916007d6614981ea7caa3107398a1ff851a07417e4b1f9d21d90add141b9e,2019-02,Lancashire Constabulary,Lancashire Constabulary,-2.859501,54.071979,On or near Westover Street,E01025136,Lancaster 006B,Other theft,Status update unavailable,
5f5cda7a4d10864c9bb6b8fc5783aecfc7846aef3d16dfe360064690aeb38c46,2019-02,Lancashire Constabulary,Lancashire Constabulary,-2.862294,54.071824,On or near Queen Street,E01025136,Lancaster 006B,Public order,Local resolution,
7300560f710b5f721492336de0da9bd8e7b96e8f705a7591fe1ca2386fbe4e7d,2019-02,Lancashire Constabulary,Lancashire Constabulary,-2.859651,54.068868,On or near Whinsfell View,E01025136,Lancaster 006B,Public order,Status update unavailable,
0254254d3fac021ffe96069e1486d2cf5d991fc8db4a49c63bfce6a4bf9accac,2019-02,Lancashire Constabulary,Lancashire Constabulary,-2.859651,54.068868,On or near Whinsfell View,E01025136,Lancaster 006B,Public order,Status update unavailable,
029702989a1d3d52b2befc981aee20a3c0d4b8dc940bf2bddffb0c4898eaf06e,2019-02,Lancashire Constabulary,Lancashire Constabulary,-2.859825,54.072857,On or near Hanover Street,E01025136,Lancaster 006B,Public order,Status update unavailable,
281216c08820d1eeb3f41a188f277a7447172ded6c235a446a14cbacff233341,2019-02,Lancashire Constabulary,Lancashire Constabulary,-2.859501,54.071979,On or near Westover Street,E01025136,Lancaster 006B,Public order,Status update unavailable,
e1af93460cb44dbe0e995c5d421d7898f8d48388ec236656bf76a2462a52512c,2019-02,Lancashire Constabulary,Lancashire Constabulary,-2.861729,54.074012,On or near Townley Street,E01025136,Lancaster 006B,Public order,Status update unavailable,
99e2bba732b5dcd85d0a7c72037befe55656ea56460c2772a026a8ed98e1898e,2019-02,Lancashire Constabulary,Lancashire Constabulary,-2.861221,54.073836,On or near Old Market Court,E01025136,Lancaster 006B,Robbery,Status update unavailable,
67f842746304f3965d9c082cef2a2bf1789df5308def3d20340c595383650c5d,2019-02,Lancashire Constabulary,Lancashire Constabulary,-2.857147,54.071214,On or near Lancaster Road,E01025136,Lancaster 006B,Shoplifting,Status update unavailable,
02aa891a5f82184dd13a8294a3c9961627cd83dd8438a169cbc2396c255d4642,2019-02,Lancashire Constabulary,Lancashire Constabulary,-2.861221,54.073836,On or near Old Market Court,E01025136,Lancaster 006B,Vehicle crime,Status update unavailable,
dba4ff99797a585979bf7b6d9e6e1b211de979480a9a58d66a9c885da4daa75f,2019-02,Lancashire Constabulary,Lancashire Constabulary,-2.859501,54.071979,On or near Westover Street,E01025136,Lancaster 006B,Vehicle crime,Defendant found not guilty,
918b98622e093dace6efc8de7c9cf5f2e1512712b938781f361ca40123d10bec,2019-02,Lancashire Constabulary,Lancashire Constabulary,-2.863917,54.071192,On or near Euston Grove,E01025136,Lancaster 006B,Violence and sexual offences,Offender given community sentence,
4490babc9566c0dab7121d8cadfcb987bc780ceaec76481ed8a89102b572562b,2019-02,Lancashire Constabulary,Lancashire Constabulary,-2.861961,54.074190,On or near Lucy Street,E01025136,Lancaster 006B,Violence and sexual offences,Status update unavailable,
e281131e4232f14f95e6134a7acbb7659559b3e611117fafeda9745515861a7f,2019-02,Lancashire Constabulary,Lancashire Constabulary,-2.859651,54.068868,On or near Whinsfell View,E01025136,Lancaster 006B,Violence and sexual offences,Defendant found not guilty,
15901ff13b911de3402d65200157a477f08f26f7f63cd1224c17b7a303bba33e,2019-02,Lancashire Constabulary,Lancashire Constabulary,-2.862294,54.071824,On or near Queen Street,E01025136,Lancaster 006B,Violence and sexual offences,Status update unavailable,
24e1c8a8675dbafcf11edcc5bf91401f9b55debbfae1686edf5a5a3ddabbbf56,2019-02,Lancashire Constabulary,Lancashire Constabulary,-2.857147,54.071214,On or near Lancaster Road,E01025136,Lancaster 006B,Violence and sexual offences,Further investigation is not in the public interest,
49c5c55387562bbd3ee6b48a590c3af288c1dc8309dd791802817d45aafa4a83,2019-02,Lancashire Constabulary,Lancashire Constabulary,-2.858425,54.067987,On or near Sports/Recreation Area,E01025136,Lancaster 006B,Violence and sexual offences,Status update unavailable,
ca96b89c3d8f9b73e222b01ea0fddf60c2ecfb366bfb2056c3e71857a7dd267a,2019-02,Lancashire Constabulary,Lancashire Constabulary,-2.862294,54.071824,On or near Queen Street,E01025136,Lancaster 006B,Violence and sexual offences,Further investigation is not in the public interest,
aefb73a1db71f87df6a0b336e1b2174a664d76e946bb6d3d671767378a41f522,2019-02,Lancashire Constabulary,Lancashire Constabulary,-2.861316,54.073260,On or near Washington Avenue,E01025136,Lancaster 006B,Violence and sexual offences,Status update unavailable,
fbf8ebde027731dc1ebe963257d42c88c325a042dd1fff0067ca33e74a91d665,2019-02,Lancashire Constabulary,Lancashire Constabulary,-2.856100,54.071572,On or near Cross Street,E01025136,Lancaster 006B,Violence and sexual offences,Unable to prosecute suspect,
,2019-02,Lancashire Constabulary,Lancashire Constabulary,-2.854178,54.068035,On or near Pine Street,E01025138,Lancaster 006C,Anti-social behaviour,,
,2019-02,Lancashire Constabulary,Lancashire Constabulary,-2.856068,54.070008,On or near James Street,E01025138,Lancaster 006C,Anti-social behaviour,,
,2019-02,Lancashire Constabulary,Lancashire Constabulary,-2.854048,54.068378,On or near Dudley Street,E01025138,Lancaster 006C,Anti-social behaviour,,
,2019-02,Lancashire Constabulary,Lancashire Constabulary,-2.854359,54.069382,On or near Whitby Road,E01025138,Lancaster 006C,Anti-social behaviour,,
,2019-02,Lancashire Constabulary,Lancashire Constabulary,-2.856554,54.067632,On or near Sports/Recreation Area,E01025138,Lancaster 006C,Anti-social behaviour,,
,2019-02,Lancashire Constabulary,Lancashire Constabulary,-2.852152,54.069811,On or near Supermarket,E01025138,Lancaster 006C,Anti-social behaviour,,
,2019-02,Lancashire Constabulary,Lancashire Constabulary,-2.854602,54.068571,On or near Buxton Street,E01025138,Lancaster 006C,Anti-social behaviour,,
63ad76adb281bc7f62a9a909d44e9c60c322682a2555b2d055690b924073c870,2019-02,Lancashire Constabulary,Lancashire Constabulary,-2.854602,54.068571,On or near Buxton Street,E01025138,Lancaster 006C,Burglary,Status update unavailable,
5dc8d9610fcb2e89a849fcefe90d29ad4a52e6f5481c97cadc0a270f929b46b5,2019-02,Lancashire Constabulary,Lancashire Constabulary,-2.856068,54.070008,On or near James Street,E01025138,Lancaster 006C,Drugs,Status update unavailable,
418ca090b5ff37047e1ca4d6d3d831d960c29b9333d8b747d5b0c27fd76a8070,2019-02,Lancashire Constabulary,Lancashire Constabulary,-2.852152,54.069811,On or near Supermarket,E01025138,Lancaster 006C,Other theft,Status update unavailable,
1e6b64c91a51ab24135b8b16e6f187067201f1c9d839d0401a02631cb10e60ca,2019-02,Lancashire Constabulary,Lancashire Constabulary,-2.852152,54.069811,On or near Supermarket,E01025138,Lancaster 006C,Shoplifting,Status update unavailable,
4abcb2929e78098eba6b5bff1104ae6e268d57260377527e862929770ec5a02a,2019-02,Lancashire Constabulary,Lancashire Constabulary,-2.852152,54.069811,On or near Supermarket,E01025138,Lancaster 006C,Shoplifting,Status update unavailable,
472c062d3034ae97e60558b821d9dd8e1730641676509a33b93f2665b9719d50,2019-02,Lancashire Constabulary,Lancashire Constabulary,-2.852152,54.069811,On or near Supermarket,E01025138,Lancaster 006C,Shoplifting,Status update unavailable,
8fbef47c7e363484d9947abe765e7e0a5f14a3b371c81a494a9f1240615a67e7,2019-02,Lancashire Constabulary,Lancashire Constabulary,-2.852152,54.069811,On or near Supermarket,E01025138,Lancaster 006C,Vehicle crime,Status update unavailable,
99f6bea51e320c0d556d32100f48f7a25be5248713dbbb8f190bbca98d4df856,2019-02,Lancashire Constabulary,Lancashire Constabulary,-2.850457,54.070623,On or near South Grove,E01025138,Lancaster 006C,Vehicle crime,Status update unavailable,
02005bec3749241b12ae5496212349d11fe2bd2443f024bf08b9c1b3d75ff5a3,2019-02,Lancashire Constabulary,Lancashire Constabulary,-2.854048,54.068378,On or near Dudley Street,E01025138,Lancaster 006C,Violence and sexual offences,Unable to prosecute suspect,
cc17c617173d5900387dcfa15e252b44ded2696b5aff9c0bdfad4715dd8b2a4d,2019-02,Lancashire Constabulary,Lancashire Constabulary,-2.854048,54.068378,On or near Dudley Street,E01025138,Lancaster 006C,Violence and sexual offences,Unable to prosecute suspect,
f432f541d1cceba7162742e975e650fd80a6ed3069397f6ccf19d42cd087a84e,2019-02,Lancashire Constabulary,Lancashire Constabulary,-2.852774,54.068090,On or near Netherlands Road,E01025138,Lancaster 006C,Violence and sexual offences,Further investigation is not in the public interest,
f277282bbb3463a7d8c3fe20482bdb3315b587be51fad68f9dbc5536b4df9182,2019-02,Lancashire Constabulary,Lancashire Constabulary,-2.852152,54.069811,On or near Supermarket,E01025138,Lancaster 006C,Violence and sexual offences,Status update unavailable,
d4f4f55d56989052acd79b1dc74b73931a47d649861e76e525e520a9d1b4ee6a,2019-02,Lancashire Constabulary,Lancashire Constabulary,-2.854048,54.068378,On or near Dudley Street,E01025138,Lancaster 006C,Other crime,Unable to prosecute suspect,
,2019-02,Lancashire Constabulary,Lancashire Constabulary,-2.872759,54.070904,On or near Parking Area,E01025139,Lancaster 006D,Anti-social behaviour,,
,2019-02,Lancashire Constabulary,Lancashire Constabulary,-2.873269,54.070450,On or near Central Drive,E01025139,Lancaster 006D,Anti-social behaviour,,
,2019-02,Lancashire Constabulary,Lancashire Constabulary,-2.865300,54.073043,On or near Nelson Street,E01025139,Lancaster 006D,Anti-social behaviour,,
,2019-02,Lancashire Constabulary,Lancashire Constabulary,-2.863120,54.073292,On or near Clarence Street,E01025139,Lancaster 006D,Anti-social behaviour,,
,2019-02,Lancashire Constabulary,Lancashire Constabulary,-2.873269,54.070450,On or near Central Drive,E01025139,Lancaster 006D,Anti-social behaviour,,
,2019-02,Lancashire Constabulary,Lancashire Constabulary,-2.872759,54.070904,On or near Parking Area,E01025139,Lancaster 006D,Anti-social behaviour,,
,2019-02,Lancashire Constabulary,Lancashire Constabulary,-2.865300,54.073043,On or near Nelson Street,E01025139,Lancaster 006D,Anti-social behaviour,,
,2019-02,Lancashire Constabulary,Lancashire Constabulary,-2.864986,54.071921,On or near Shopping Area,E01025139,Lancaster 006D,Anti-social behaviour,,
,2019-02,Lancashire Constabulary,Lancashire Constabulary,-2.863901,54.072639,On or near Back Queen Street,E01025139,Lancaster 006D,Anti-social behaviour,,
,2019-02,Lancashire Constabulary,Lancashire Constabulary,-2.862631,54.072585,On or near Lines Street,E01025139,Lancaster 006D,Anti-social behaviour,,
,2019-02,Lancashire Constabulary,Lancashire Constabulary,-2.873269,54.070450,On or near Central Drive,E01025139,Lancaster 006D,Anti-social behaviour,,
,2019-02,Lancashire Constabulary,Lancashire Constabulary,-2.865300,54.073043,On or near Nelson Street,E01025139,Lancaster 006D,Anti-social behaviour,,
,2019-02,Lancashire Constabulary,Lancashire Constabulary,-2.864194,54.073527,On or near Morecambe Street West,E01025139,Lancaster 006D,Anti-social behaviour,,
,2019-02,Lancashire Constabulary,Lancashire Constabulary,-2.870454,54.071792,On or near Bath Street,E01025139,Lancaster 006D,Anti-social behaviour,,
,2019-02,Lancashire Constabulary,Lancashire Constabulary,-2.862787,54.073447,On or near Back Green Street,E01025139,Lancaster 006D,Anti-social behaviour,,
,2019-02,Lancashire Constabulary,Lancashire Constabulary,-2.862413,54.072389,On or near Back Lines Street,E01025139,Lancaster 006D,Anti-social behaviour,,
,2019-02,Lancashire Constabulary,Lancashire Constabulary,-2.864261,54.073050,On or near Queen Street,E01025139,Lancaster 006D,Anti-social behaviour,,
,2019-02,Lancashire Constabulary,Lancashire Constabulary,-2.863901,54.072639,On or near Back Queen Street,E01025139,Lancaster 006D,Anti-social behaviour,,
,2019-02,Lancashire Constabulary,Lancashire Constabulary,-2.873269,54.070450,On or near Central Drive,E01025139,Lancaster 006D,Anti-social behaviour,,
97ead6bac0c1c9692646b66553ff6d950bcd5d3d39fafc704c7ce1353b1d793f,2019-02,Lancashire Constabulary,Lancashire Constabulary,-2.864194,54.073527,On or near Morecambe Street West,E01025139,Lancaster 006D,Bicycle theft,Status update unavailable,
cfa48292e02bdc1e3aa82657607bc21d6310a2c2564a5e657325797428126e55,2019-02,Lancashire Constabulary,Lancashire Constabulary,-2.871061,54.070826,On or near Parking Area,E01025139,Lancaster 006D,Bicycle theft,Status update unavailable,
9c04f2ae3c8ebf8ef2d154158eaa8db979e96cfb8ab39cc132dbd69089bc1916,2019-02,Lancashire Constabulary,Lancashire Constabulary,-2.866249,54.071634,On or near Supermarket,E01025139,Lancaster 006D,Bicycle theft,Status update unavailable,
991fea0b870186a817e99dd00f81283525bfec5c13b3f7489a7c16e5969651b8,2019-02,Lancashire Constabulary,Lancashire Constabulary,-2.863120,54.073292,On or near Clarence Street,E01025139,Lancaster 006D,Burglary,Awaiting court outcome,
0e6cc2611bb9e51c40b58b77295c6da8237b8200337dba83e6366f61a324f14b,2019-02,Lancashire Constabulary,Lancashire Constabulary,-2.862413,54.072389,On or near Back Lines Street,E01025139,Lancaster 006D,Burglary,Status update unavailable,
a3949ee8d866f103337a0582727b7be0ab437e6bda4fc3a12b00181a5112bf82,2019-02,Lancashire Constabulary,Lancashire Constabulary,-2.862337,54.074592,On or near Eidsforth Road,E01025139,Lancaster 006D,Burglary,Unable to prosecute suspect,
e49daf968c8863ee197baa00cc19f699ad0ed1c90abf86a8f04541bca37a3ca2,2019-02,Lancashire Constabulary,Lancashire Constabulary,-2.870454,54.071792,On or near Bath Street,E01025139,Lancaster 006D,Burglary,Status update unavailable,
ae9643829c67875a1e4ee3baf38de35bd9c66d8eb65474032cf805d305ca495e,2019-02,Lancashire Constabulary,Lancashire Constabulary,-2.870008,54.071661,On or near Northumberland Street,E01025139,Lancaster 006D,Criminal damage and arson,Status update unavailable,
00dea6ff74dc8803de826fe0ae12b1bee4b1fec0b92e805b7cff5266b203d67f,2019-02,Lancashire Constabulary,Lancashire Constabulary,-2.867410,54.071625,On or near Union Street,E01025139,Lancaster 006D,Criminal damage and arson,Status update unavailable,
8bec02a7353968ef372a985b2ef22c94068e6ae037036d40cb26e2a5cb53dbd7,2019-02,Lancashire Constabulary,Lancashire Constabulary,-2.866850,54.072609,On or near Back Crescent Street,E01025139,Lancaster 006D,Criminal damage and arson,Status update unavailable,
9e6d578e66c4648d552ff804c91d105ca459dce6623d7c9faec986ccb25f570f,2019-02,Lancashire Constabulary,Lancashire Constabulary,-2.864261,54.073050,On or near Queen Street,E01025139,Lancaster 006D,Criminal damage and arson,Status update unavailable,
e06a3520a8d9ae353842881ffeb5cc21379697d2eddce0ccded65ea09850b638,2019-02,Lancashire Constabulary,Lancashire Constabulary,-2.868980,54.071443,On or near Parking Area,E01025139,Lancaster 006D,Criminal damage and arson,Status update unavailable,
1c338289edcae403f74ed55334f995d3eda65e03f1468094e8062a31a4c3a9aa,2019-02,Lancashire Constabulary,Lancashire Constabulary,-2.861649,54.074579,On or near Clark Street,E01025139,Lancaster 006D,Criminal damage and arson,Status update unavailable,
732a44fd334b213b4c39f15cc25174404a9adc99b7897ac3fe8abadb5b7e6b1a,2019-02,Lancashire Constabulary,Lancashire Constabulary,-2.873269,54.070450,On or near Central Drive,E01025139,Lancaster 006D,Drugs,Offender given a caution,
e08aeb50895f8930e5a869aabc8b5024a5b08a975b68c9e6537804a484ab72cd,2019-02,Lancashire Constabulary,Lancashire Constabulary,-2.863578,54.074035,On or near Morecambe Street East,E01025139,Lancaster 006D,Drugs,Local resolution,
369a678f80e23de40e892bc20ccd0acbe5ffd4d1ddb8990b48693c182efc3182,2019-02,Lancashire Constabulary,Lancashire Constabulary,-2.873269,54.070450,On or near Central Drive,E01025139,Lancaster 006D,Other theft,Unable to prosecute suspect,
e86244530cac0663026851909cff1af735e8dad8d6a8a08bf44568764fe4ab9c,2019-02,Lancashire Constabulary,Lancashire Constabulary,-2.866850,54.072609,On or near Back Crescent Street,E01025139,Lancaster 006D,Other theft,Unable to prosecute suspect,
68a00d81c97de533c2a9d5c740cc5d2a35700d013312d0178069141e9dece199,2019-02,Lancashire Constabulary,Lancashire Constabulary,-2.865300,54.073043,On or near Nelson Street,E01025139,Lancaster 006D,Other theft,Status update unavailable,
7f8645fc73c26641df26e0943f1bf61613516e6a1c88306c1fdbebbcafb60f7d,2019-02,Lancashire Constabulary,Lancashire Constabulary,-2.866850,54.072609,On or near Back Crescent Street,E01025139,Lancaster 006D,Other theft,Status update unavailable,
ba9f0bdfe9b0554f928a67a4c95041abb987e9fb8f8e17593bed3916e7b6369c,2019-02,Lancashire Constabulary,Lancashire Constabulary,-2.870454,54.071792,On or near Bath Street,E01025139,Lancaster 006D,Other theft,Status update unavailable,
130920096c6226008dce9b3baf6bb99f4dcaf16e0b744b5651bc3997c9f714f1,2019-02,Lancashire Constabulary,Lancashire Constabulary,-2.860289,54.073852,On or near Oxford Street,E01025139,Lancaster 006D,Other theft,Status update unavailable,
132803b68b0767561dab32633beda3f1bbe7b6cda5b94f276fee89d4a7c5fb5d,2019-02,Lancashire Constabulary,Lancashire Constabulary,-2.863944,54.073969,On or near Oldham Street,E01025139,Lancaster 006D,Other theft,Status update unavailable,
501db6a1911a88de2222c8fe4e7aefc00bdc6ed4bbe67052e845871ca30b612c,2019-02,Lancashire Constabulary,Lancashire Constabulary,-2.864261,54.073050,On or near Queen Street,E01025139,Lancaster 006D,Public order,Status update unavailable,
35d571c9649de646c904261d4159334df381602575ded7cec58f327daa974a51,2019-02,Lancashire Constabulary,Lancashire Constabulary,-2.860134,54.072271,On or near Kensington Road,E01025139,Lancaster 006D,Public order,Status update unavailable,
5ac7fa47ec446190352fc7a2e139abf4424467f9b05d6b37ac86f5a372a67b71,2019-02,Lancashire Constabulary,Lancashire Constabulary,-2.866850,54.072609,On or near Back Crescent Street,E01025139,Lancaster 006D,Public order,Status update unavailable,
d4922cc8832830b23220fd0b54d4285afc60a2feddbf5acf6c0a21abb0040626,2019-02,Lancashire Constabulary,Lancashire Constabulary,-2.864261,54.073050,On or near Queen Street,E01025139,Lancaster 006D,Public order,Status update unavailable,
0b8d283282b60aad182905049aba48da06a064d8cb6bc0325dbe4f888347126e,2019-02,Lancashire Constabulary,Lancashire Constabulary,-2.863578,54.074035,On or near Morecambe Street East,E01025139,Lancaster 006D,Robbery,Status update unavailable,
19df0dd56b24f1f1cab8558dab4630c5a8c8b5450797c1afe038c09ac4154551,2019-02,Lancashire Constabulary,Lancashire Constabulary,-2.865104,54.072424,On or near Tunstall Street,E01025139,Lancaster 006D,Robbery,Status update unavailable,
49df3d2a53d49dea16726882d12d97194d883065455f978455c6ad7346eceecb,2019-02,Lancashire Constabulary,Lancashire Constabulary,-2.872759,54.070904,On or near Parking Area,E01025139,Lancaster 006D,Shoplifting,Status update unavailable,
fab0d1a15518e15d07949af155d09cda9b7c4000919649f1dc11a944d7e9d4cd,2019-02,Lancashire Constabulary,Lancashire Constabulary,-2.872759,54.070904,On or near Parking Area,E01025139,Lancaster 006D,Shoplifting,Status update unavailable,
af090754151c00d745082b8704220ff7630675e42729a4640526e9f9f6b5723e,2019-02,Lancashire Constabulary,Lancashire Constabulary,-2.859781,54.075149,On or near Baxtergate,E01025139,Lancaster 006D,Vehicle crime,Status update unavailable,
a17fbc772fb0ed21c3ac6546d6b9ad3d5360dc2eb3783496f1235b1f01c84a84,2019-02,Lancashire Constabulary,Lancashire Constabulary,-2.860134,54.072271,On or near Kensington Road,E01025139,Lancaster 006D,Vehicle crime,Status update unavailable,
9665f0c9985c40b0cf7ee9fe47392a39614bb07b6dd8baed577a4473055c96e8,2019-02,Lancashire Constabulary,Lancashire Constabulary,-2.860629,54.071099,On or near Wellington Terrace,E01025139,Lancaster 006D,Violence and sexual offences,Unable to prosecute suspect,
b02881c10b8a4ee3b62a080440b2f012fc931553b99d392e8b46a3d784d33e55,2019-02,Lancashire Constabulary,Lancashire Constabulary,-2.870454,54.071792,On or near Bath Street,E01025139,Lancaster 006D,Violence and sexual offences,Status update unavailable,
7a347b3ff6efd0348846394ae427ac1aefe971501b5d553920e4cb84d7b6d4b7,2019-02,Lancashire Constabulary,Lancashire Constabulary,-2.864261,54.073050,On or near Queen Street,E01025139,Lancaster 006D,Violence and sexual offences,Unable to prosecute suspect,
ecf106f3121b526be87d334eea2b8123650ed76caa716a170acb360fa3069a36,2019-02,Lancashire Constabulary,Lancashire Constabulary,-2.862337,54.074592,On or near Eidsforth Road,E01025139,Lancaster 006D,Violence and sexual offences,Further investigation is not in the public interest,
b99272af0cf8d24e16712554d72d21ab2694790cd0c0c29a8fa0d833c9a342ad,2019-02,Lancashire Constabulary,Lancashire Constabulary,-2.866850,54.072609,On or near Back Crescent Street,E01025139,Lancaster 006D,Violence and sexual offences,Further investigation is not in the public interest,
f297b261ce0f9edd21b657a01b508be5082bec8f0426acdd7c279861471f997e,2019-02,Lancashire Constabulary,Lancashire Constabulary,-2.865300,54.073043,On or near Nelson Street,E01025139,Lancaster 006D,Violence and sexual offences,Awaiting court outcome,
2734525db5fd2f5c31040281e4c94dfea0a4ce4b088d08082159e7ea127d229e,2019-02,Lancashire Constabulary,Lancashire Constabulary,-2.864261,54.073050,On or near Queen Street,E01025139,Lancaster 006D,Violence and sexual offences,Status update unavailable,
560e30df11ad217cd8afb071313e663a9f513f894d4d2046634043c6c4612a5b,2019-02,Lancashire Constabulary,Lancashire Constabulary,-2.864971,54.072686,On or near Pedder Street,E01025139,Lancaster 006D,Violence and sexual offences,Unable to prosecute suspect,
fe8e4451bc8076dff2f26443f3f2e14f66e43fc656e73e1e4cdcc37ff154dc58,2019-02,Lancashire Constabulary,Lancashire Constabulary,-2.865300,54.073043,On or near Nelson Street,E01025139,Lancaster 006D,Violence and sexual offences,Status update unavailable,
451a0032b2175f2aeb3b2a9b63275b4fe17d5b028204e337c398c3468091355d,2019-02,Lancashire Constabulary,Lancashire Constabulary,-2.862631,54.072585,On or near Lines Street,E01025139,Lancaster 006D,Violence and sexual offences,Status update unavailable,
7e32198ab18d7994a58d7d99c3c1fda57e1d88224102a6631866188e1ab52d77,2019-02,Lancashire Constabulary,Lancashire Constabulary,-2.860629,54.071099,On or near Wellington Terrace,E01025139,Lancaster 006D,Violence and sexual offences,Status update unavailable,
cbe5512ec1c54d273461d492dd4cbd6380488ae255416d6a33167ec7072d5567,2019-02,Lancashire Constabulary,Lancashire Constabulary,-2.873269,54.070450,On or near Central Drive,E01025139,Lancaster 006D,Violence and sexual offences,Unable to prosecute suspect,
e4cd2b3a6b718550bd7bc7a653c5fc0346f9fc0c07bfd992a0936bb251f63809,2019-02,Lancashire Constabulary,Lancashire Constabulary,-2.864194,54.073527,On or near Morecambe Street West,E01025139,Lancaster 006D,Violence and sexual offences,Status update unavailable,
0694f0f870fd142f862d0dd807016d1ccd2fd74bbad21f746848f4ff6339a889,2019-02,Lancashire Constabulary,Lancashire Constabulary,-2.859852,54.074151,On or near Rose Street,E01025139,Lancaster 006D,Violence and sexual offences,Further investigation is not in the public interest,
bbe56af944d7aa891433664be13a143bf686bf415ff183527e622e6731d3b7ef,2019-02,Lancashire Constabulary,Lancashire Constabulary,-2.864986,54.071921,On or near Shopping Area,E01025139,Lancaster 006D,Violence and sexual offences,Status update unavailable,
3803f66940a43ffc2db4b6c68efaccefa7b5ed75b42c5070c1c7ca2109148310,2019-02,Lancashire Constabulary,Lancashire Constabulary,-2.866850,54.072609,On or near Back Crescent Street,E01025139,Lancaster 006D,Violence and sexual offences,Status update unavailable,
ffe4231828e28d183b25843a398704fb783d328c0fbcb92749b117b70eb8f0d5,2019-02,Lancashire Constabulary,Lancashire Constabulary,-2.872759,54.070904,On or near Parking Area,E01025139,Lancaster 006D,Violence and sexual offences,Unable to prosecute suspect,
413f857d39d9fbe9f80921ccc9613b8895d60ec6af7503d90d819cca67fb072e,2019-02,Lancashire Constabulary,Lancashire Constabulary,-2.865300,54.073043,On or near Nelson Street,E01025139,Lancaster 006D,Violence and sexual offences,Awaiting court outcome,
c74f01010eb1c6afc2e0e8c68a3131610d69120048ce033f11ffc4ad2d81f81a,2019-02,Lancashire Constabulary,Lancashire Constabulary,-2.867419,54.072812,On or near Marine Road Central,E01025139,Lancaster 006D,Violence and sexual offences,Status update unavailable,
987511f9d1fce8c0b84b45b117a1c11c5d5cae93f5221b7953c49688fc2e0cd6,2019-02,Lancashire Constabulary,Lancashire Constabulary,-2.866850,54.072609,On or near Back Crescent Street,E01025139,Lancaster 006D,Violence and sexual offences,Awaiting court outcome,
ad757075a85133e7b910ee23c4a7b3513b38dd5fdb6fa1ef99d369718daf3205,2019-02,Lancashire Constabulary,Lancashire Constabulary,-2.864986,54.071921,On or near Shopping Area,E01025139,Lancaster 006D,Violence and sexual offences,Status update unavailable,
980736a3cddacbbf5a183996726dd52317209c5ef15cced47b1279579ac686a4,2019-02,Lancashire Constabulary,Lancashire Constabulary,-2.864261,54.073050,On or near Queen Street,E01025139,Lancaster 006D,Violence and sexual offences,Status update unavailable,
64770314594458a801d58d813794ea4e2ff43a51c730dbf774ff291a82279bf8,2019-02,Lancashire Constabulary,Lancashire Constabulary,-2.862413,54.072389,On or near Back Lines Street,E01025139,Lancaster 006D,Violence and sexual offences,Unable to prosecute suspect,
2c1befd37365b73aeb005d7e92477f5f6ad73b9dfa6c0fffb8be0421150ee238,2019-02,Lancashire Constabulary,Lancashire Constabulary,-2.861110,54.071446,On or near Euston Road,E01025139,Lancaster 006D,Violence and sexual offences,Status update unavailable,
02150b738a6cc3d9dbd5dbcab26986c4ef8756e5d167651a05217b4cfe5a0144,2019-02,Lancashire Constabulary,Lancashire Constabulary,-2.867419,54.072812,On or near Marine Road Central,E01025139,Lancaster 006D,Violence and sexual offences,Awaiting court outcome,
5d6da60575b6c3883705eac10233ece1b4b1e859547ceb73765034ecfd3873ce,2019-02,Lancashire Constabulary,Lancashire Constabulary,-2.866850,54.072609,On or near Back Crescent Street,E01025139,Lancaster 006D,Other crime,Status update unavailable,
,2019-02,Lancashire Constabulary,Lancashire Constabulary,-2.856584,54.076502,On or near Parking Area,E01025140,Lancaster 006E,Anti-social behaviour,,
,2019-02,Lancashire Constabulary,Lancashire Constabulary,-2.856038,54.076722,On or near Rossendale Avenue,E01025140,Lancaster 006E,Anti-social behaviour,,
,2019-02,Lancashire Constabulary,Lancashire Constabulary,-2.854767,54.071401,On or near Melrose Avenue,E01025140,Lancaster 006E,Anti-social behaviour,,
,2019-02,Lancashire Constabulary,Lancashire Constabulary,-2.857654,54.073538,On or near Police Station,E01025140,Lancaster 006E,Anti-social behaviour,,
,2019-02,Lancashire Constabulary,Lancashire Constabulary,-2.856474,54.075613,On or near Hornby Terrace,E01025140,Lancaster 006E,Anti-social behaviour,,
,2019-02,Lancashire Constabulary,Lancashire Constabulary,-2.858869,54.075435,On or near Parking Area,E01025140,Lancaster 006E,Anti-social behaviour,,
,2019-02,Lancashire Constabulary,Lancashire Constabulary,-2.855715,54.074388,On or near Victoria Mews,E01025140,Lancaster 006E,Anti-social behaviour,,
d0eec3ea431bf15b57bdbcbaf8b0d63d311b45fa6b65184ffc5af4a2bdb4bc5e,2019-02,Lancashire Constabulary,Lancashire Constabulary,-2.856038,54.076722,On or near Rossendale Avenue,E01025140,Lancaster 006E,Burglary,Status update unavailable,
87c0a8500fc96b2e5be85fa5fa1ec92f6215588d251f56bb28cd7bbcb1637b88,2019-02,Lancashire Constabulary,Lancashire Constabulary,-2.855715,54.074388,On or near Victoria Mews,E01025140,Lancaster 006E,Burglary,Status update unavailable,
397aa3fa6c24400c6060967061642292ba7dabdbef0b1f9201909037b79018c8,2019-02,Lancashire Constabulary,Lancashire Constabulary,-2.854459,54.077237,On or near Marine Road East,E01025140,Lancaster 006E,Criminal damage and arson,Status update unavailable,
75e59e18df7e7e4f016cda7e4405313db39721757881a654f8d3f2123e8296ac,2019-02,Lancashire Constabulary,Lancashire Constabulary,-2.855118,54.075821,On or near Victoria Parade,E01025140,Lancaster 006E,Criminal damage and arson,Status update unavailable,
dd19817e97bf2f9c685edd6ad808aee90e8f9afe276f147c2a9a55d3faa3c2a7,2019-02,Lancashire Constabulary,Lancashire Constabulary,-2.858869,54.075435,On or near Parking Area,E01025140,Lancaster 006E,Other theft,Status update unavailable,
e18f84a132c299f1dbd6d558ae3c713e89e161357f8833fdf89adf5fc95521e4,2019-02,Lancashire Constabulary,Lancashire Constabulary,-2.857654,54.073538,On or near Police Station,E01025140,Lancaster 006E,Possession of weapons,Status update unavailable,
038de5d722030928debe783b7294d09ab25d65013192d499c1ed4a76cf097eaa,2019-02,Lancashire Constabulary,Lancashire Constabulary,-2.853771,54.073521,On or near Arnside Crescent,E01025140,Lancaster 006E,Public order,Further investigation is not in the public interest,
bb4f520ba704b56def14cc94969a3be1b682f0590ed41198c481c0e6e6775f2f,2019-02,Lancashire Constabulary,Lancashire Constabulary,-2.853573,54.072785,On or near Derwent Avenue,E01025140,Lancaster 006E,Violence and sexual offences,Unable to prosecute suspect,
8103a4f9b0cc825f0b1f0492e04ee75439065c0cf867fa68fc63761183a38a8b,2019-02,Lancashire Constabulary,Lancashire Constabulary,-2.855118,54.075821,On or near Victoria Parade,E01025140,Lancaster 006E,Violence and sexual offences,Local resolution,
8a856158142a7f2beb0323648f54e717ac5460ea3db58e9f123f101619239c5e,2019-02,Lancashire Constabulary,Lancashire Constabulary,-2.855118,54.075821,On or near Victoria Parade,E01025140,Lancaster 006E,Violence and sexual offences,Local resolution,
0a638f85330b405ffa9125c129ed474853806b0747747365bfa5d141848a8324,2019-02,Lancashire Constabulary,Lancashire Constabulary,-2.858636,54.073738,On or near Poulton Square,E01025140,Lancaster 006E,Violence and sexual offences,Unable to prosecute suspect,
17573ab7a95af89428e68b41d9c4f384f5b59b601333df7ea71d2f35e4dae6b1,2019-02,Lancashire Constabulary,Lancashire Constabulary,-2.853573,54.072785,On or near Derwent Avenue,E01025140,Lancaster 006E,Violence and sexual offences,Unable to prosecute suspect,
62297ce3f3b923e97be34bb7ddc674c76d7be32b49df1cc5adb4375da6b1f74d,2019-02,Lancashire Constabulary,Lancashire Constabulary,-2.855118,54.075821,On or near Victoria Parade,E01025140,Lancaster 006E,Violence and sexual offences,Status update unavailable,
5d7bacfc986bfd9fd779f8ff98a3ee0debcad1a3b501bddd46a79fca8a78f3b9,2019-02,Lancashire Constabulary,Lancashire Constabulary,-2.853771,54.073521,On or near Arnside Crescent,E01025140,Lancaster 006E,Violence and sexual offences,Status update unavailable,
351919b234dc09b5341cede73ac71636701da9b397d12abc0746e7cc4d969d1d,2019-02,Lancashire Constabulary,Lancashire Constabulary,-2.853771,54.073521,On or near Arnside Crescent,E01025140,Lancaster 006E,Violence and sexual offences,Status update unavailable,
e65b30e0bb43c1715fc667cc8a4211c7afa174127c53bdc62105748625245a43,2019-02,Lancashire Constabulary,Lancashire Constabulary,-2.853771,54.073521,On or near Arnside Crescent,E01025140,Lancaster 006E,Violence and sexual offences,Status update unavailable,
5d7af881ee4af99e873f39c1f9f9ec78fb47298fd7436eee21bb77cfd4a5e9aa,2019-02,Lancashire Constabulary,Lancashire Constabulary,-2.855118,54.075821,On or near Victoria Parade,E01025140,Lancaster 006E,Violence and sexual offences,Status update unavailable,
6bd3a948926e4b4bc8e2f51a2889fb243e54656c567e9f048716bc7e91afdad2,2019-02,Lancashire Constabulary,Lancashire Constabulary,-2.854561,54.075519,On or near Thornton Avenue,E01025140,Lancaster 006E,Violence and sexual offences,Status update unavailable,
bb563e289f3e3ef7d3b1847b766a9138a44483c7c7803ea820f5b9d416154085,2019-02,Lancashire Constabulary,Lancashire Constabulary,-2.864914,54.069909,On or near Parking Area,E01025111,Lancaster 008A,Burglary,Status update unavailable,
26497cc9a9376300e5e817d3ae726011859c01998cd3a49bfdc8517add4c5bdd,2019-02,Lancashire Constabulary,Lancashire Constabulary,-2.868752,54.067122,On or near Highgrove Close,E01025111,Lancaster 008A,Drugs,Status update unavailable,
3bc49d345f20959bdff5056a1c3bbcaee3889efd91c12f5d64f8b012ef7f8a12,2019-02,Lancashire Constabulary,Lancashire Constabulary,-2.861502,54.066778,On or near Hestham Parade,E01025111,Lancaster 008A,Vehicle crime,Status update unavailable,
eff6208833d21a22b02a5e8b4e673f43159cdc44cffc03524f65e790ad1a777c,2019-02,Lancashire Constabulary,Lancashire Constabulary,-2.867526,54.066933,On or near Woodhill Lane,E01025111,Lancaster 008A,Violence and sexual offences,Status update unavailable,
,2019-02,Lancashire Constabulary,Lancashire Constabulary,-2.869290,54.062157,On or near Fairbank Grove,E01025113,Lancaster 008B,Anti-social behaviour,,
,2019-02,Lancashire Constabulary,Lancashire Constabulary,-2.869290,54.062157,On or near Fairbank Grove,E01025113,Lancaster 008B,Anti-social behaviour,,
,2019-02,Lancashire Constabulary,Lancashire Constabulary,-2.869290,54.062157,On or near Fairbank Grove,E01025113,Lancaster 008B,Anti-social behaviour,,
,2019-02,Lancashire Constabulary,Lancashire Constabulary,-2.869290,54.062157,On or near Fairbank Grove,E01025113,Lancaster 008B,Anti-social behaviour,,
,2019-02,Lancashire Constabulary,Lancashire Constabulary,-2.870203,54.062671,On or near Ellesmere Grove,E01025113,Lancaster 008B,Anti-social behaviour,,
,2019-02,Lancashire Constabulary,Lancashire Constabulary,-2.874487,54.062236,On or near Windsor Road,E01025113,Lancaster 008B,Anti-social behaviour,,
29693b22ea78c64a293be49321e386fcabde451e77eb78aad391cfba27d5387e,2019-02,Lancashire Constabulary,Lancashire Constabulary,-2.869614,54.065965,On or near Acre Moss Lane,E01025113,Lancaster 008B,Burglary,Status update unavailable,
f68fafa0c663d2a6da21df7834175158cb8ee61d6ad7086eb1e86eae721358e3,2019-02,Lancashire Constabulary,Lancashire Constabulary,-2.869290,54.062157,On or near Fairbank Grove,E01025113,Lancaster 008B,Criminal damage and arson,Status update unavailable,
887ceba64d4ff04d1fa63292ffdc0edb15490992dbf2275ab33191cf8b17f07e,2019-02,Lancashire Constabulary,Lancashire Constabulary,-2.875634,54.062299,On or near Scott Road,E01025113,Lancaster 008B,Violence and sexual offences,Awaiting court outcome,
0b79c3ceb07a8f54f8e28f1d6060c9bfde314d16a0dd5e7b2e06ce52ecfbdf8e,2019-02,Lancashire Constabulary,Lancashire Constabulary,-2.873041,54.063954,On or near Scott Avenue,E01025113,Lancaster 008B,Violence and sexual offences,Status update unavailable,
ac2c41e7fd255e1dc1e8ce2a80da2851f1e0a007101387cf3e93b1b8d325b280,2019-02,Lancashire Constabulary,Lancashire Constabulary,-2.873041,54.063954,On or near Scott Avenue,E01025113,Lancaster 008B,Violence and sexual offences,Status update unavailable,
5c7abe47de0c79e6139dc13784a889090a0620f3ac89d2cefc15caa6bf0517ff,2019-02,Lancashire Constabulary,Lancashire Constabulary,-2.870656,54.063917,On or near Osborne Grove,E01025113,Lancaster 008B,Violence and sexual offences,Status update unavailable,
,2019-02,Lancashire Constabulary,Lancashire Constabulary,-2.880390,54.062534,On or near Back Avondale Road (East),E01025118,Lancaster 008C,Anti-social behaviour,,
,2019-02,Lancashire Constabulary,Lancashire Constabulary,-2.873549,54.060499,On or near Buckingham Grove,E01025118,Lancaster 008C,Anti-social behaviour,,
,2019-02,Lancashire Constabulary,Lancashire Constabulary,-2.873549,54.060499,On or near Buckingham Grove,E01025118,Lancaster 008C,Anti-social behaviour,,
,2019-02,Lancashire Constabulary,Lancashire Constabulary,-2.881003,54.062611,On or near Back Avondale Road (East),E01025118,Lancaster 008C,Anti-social behaviour,,
ff340131c66f020e6e77443d8422a2261036519366274725950c436508583605,2019-02,Lancashire Constabulary,Lancashire Constabulary,-2.880390,54.062534,On or near Back Avondale Road (East),E01025118,Lancaster 008C,Burglary,Status update unavailable,
62b42a8528f529270cfde98638930a4d7252c933c70646a78389a64e47371364,2019-02,Lancashire Constabulary,Lancashire Constabulary,-2.880390,54.062534,On or near Back Avondale Road (East),E01025118,Lancaster 008C,Burglary,Investigation complete; no suspect identified,
35b76b9b83fe8c460fd687a832db3f95a19a7d5f3b4cb203f07d775317f27589,2019-02,Lancashire Constabulary,Lancashire Constabulary,-2.882389,54.061657,On or near Barnes Road,E01025118,Lancaster 008C,Criminal damage and arson,Unable to prosecute suspect,
0702806ac7e629cbda7e6a8fa3487953dce2353a3fc4be4df352b405eaeb9232,2019-02,Lancashire Constabulary,Lancashire Constabulary,-2.880390,54.062534,On or near Back Avondale Road (East),E01025118,Lancaster 008C,Other theft,Status update unavailable,
b01d2babce0e8affe18ae112155c08bc4ee8b2147625189ea3b5506f42100416,2019-02,Lancashire Constabulary,Lancashire Constabulary,-2.880390,54.062534,On or near Back Avondale Road (East),E01025118,Lancaster 008C,Robbery,Status update unavailable,
4256852e7210738002cf7e783c0b7a7372cdd5f911af031185d9077e68175334,2019-02,Lancashire Constabulary,Lancashire Constabulary,-2.875420,54.061573,On or near Brook Avenue,E01025118,Lancaster 008C,Vehicle crime,Status update unavailable,
3da1059e4e415fb140f1d8700789e874703f3bac11ba1ba0c173c7f3293a4c9b,2019-02,Lancashire Constabulary,Lancashire Constabulary,-2.880315,54.060423,On or near Fox Grove,E01025118,Lancaster 008C,Violence and sexual offences,Local resolution,
,2019-02,Lancashire Constabulary,Lancashire Constabulary,-2.880618,54.059584,On or near Maple Avenue,E01025119,Lancaster 008D,Anti-social behaviour,,
,2019-02,Lancashire Constabulary,Lancashire Constabulary,-2.884099,54.060170,On or near Moorlands Grove,E01025119,Lancaster 008D,Anti-social behaviour,,
,2019-02,Lancashire Constabulary,Lancashire Constabulary,-2.882347,54.058242,On or near Lordsome Road,E01025119,Lancaster 008D,Anti-social behaviour,,
43ad96c0fdf789aaaf5c799132d67c6ee265af09d47bf716b9346ffcfca2baa0,2019-02,Lancashire Constabulary,Lancashire Constabulary,-2.884376,54.060995,On or near Hampton Road,E01025119,Lancaster 008D,Public order,Status update unavailable,
ff2b8971b82bc742342c07c0e80c5304d64e9aa96bc59fd02300e570494263bb,2019-02,Lancashire Constabulary,Lancashire Constabulary,-2.880618,54.059584,On or near Maple Avenue,E01025119,Lancaster 008D,Vehicle crime,Status update unavailable,
c33f4571afee632a43537a7eacb2409817dff0807e63e61091f90cc9d9197fc6,2019-02,Lancashire Constabulary,Lancashire Constabulary,-2.883191,54.054128,On or near Burnham Court,E01025119,Lancaster 008D,Violence and sexual offences,Unable to prosecute suspect,
406f3cc31b36089724873997c88117db7db276aa4bbcc40a2fbba0fe3c8d3dae,2019-02,Lancashire Constabulary,Lancashire Constabulary,-2.883191,54.054128,On or near Burnham Court,E01025119,Lancaster 008D,Violence and sexual offences,Status update unavailable,
,2019-02,Lancashire Constabulary,Lancashire Constabulary,-2.876879,54.064834,On or near Chatsworth Road,E01025110,Lancaster 009A,Anti-social behaviour,,
,2019-02,Lancashire Constabulary,Lancashire Constabulary,-2.878682,54.064830,On or near Supermarket,E01025110,Lancaster 009A,Anti-social behaviour,,
,2019-02,Lancashire Constabulary,Lancashire Constabulary,-2.880468,54.064754,On or near East Street,E01025110,Lancaster 009A,Anti-social behaviour,,
,2019-02,Lancashire Constabulary,Lancashire Constabulary,-2.877577,54.066069,On or near Clarendon Road East,E01025110,Lancaster 009A,Anti-social behaviour,,
,2019-02,Lancashire Constabulary,Lancashire Constabulary,-2.878682,54.064830,On or near Supermarket,E01025110,Lancaster 009A,Anti-social behaviour,,
,2019-02,Lancashire Constabulary,Lancashire Constabulary,-2.875037,54.064407,On or near Albert Road,E01025110,Lancaster 009A,Anti-social behaviour,,
,2019-02,Lancashire Constabulary,Lancashire Constabulary,-2.875846,54.062954,On or near Lake Road,E01025110,Lancaster 009A,Anti-social behaviour,,
868a008d5cf95b425c489479b4995c866713e7965ddc76c0d649b40836e20689,2019-02,Lancashire Constabulary,Lancashire Constabulary,-2.879908,54.065710,On or near Regent Road,E01025110,Lancaster 009A,Bicycle theft,Status update unavailable,
0a9363b680832ea8059575081291b39b03c643a6621beab4a0ee53e19cd917cd,2019-02,Lancashire Constabulary,Lancashire Constabulary,-2.879118,54.065923,On or near Claremont Road,E01025110,Lancaster 009A,Burglary,Status update unavailable,
db5c81c88082bb228c7278e936db1fadc595261001dbbf3c19777a23bd1464c1,2019-02,Lancashire Constabulary,Lancashire Constabulary,-2.878728,54.067022,On or near Back Marine Road,E01025110,Lancaster 009A,Burglary,Further investigation is not in the public interest,
7075e7d5c462624d5ee042efda2200755fd0822c92761d74b1fccdfed18ffc71,2019-02,Lancashire Constabulary,Lancashire Constabulary,-2.876754,54.063963,On or near Balmoral Road,E01025110,Lancaster 009A,Burglary,Status update unavailable,
f305877187749642ef1076d5af670cd541afeda52b911671ada21f5cf380196b,2019-02,Lancashire Constabulary,Lancashire Constabulary,-2.878728,54.067022,On or near Back Marine Road,E01025110,Lancaster 009A,Criminal damage and arson,Status update unavailable,
5b3b60118158487cabf6ee03f59b1ca7c58c5b51d71a48d200c823a2b553d0f8,2019-02,Lancashire Constabulary,Lancashire Constabulary,-2.877577,54.066069,On or near Clarendon Road East,E01025110,Lancaster 009A,Criminal damage and arson,Status update unavailable,
a4d73215d3dd02b1146948fc09463e432ad1fea190af913a69e90317fdeeb307,2019-02,Lancashire Constabulary,Lancashire Constabulary,-2.877577,54.066069,On or near Clarendon Road East,E01025110,Lancaster 009A,Criminal damage and arson,Status update unavailable,
bba44e28afee5db0f257bb9b52f504415efeb3ff08f3590c16e40c69683cdf1d,2019-02,Lancashire Constabulary,Lancashire Constabulary,-2.878682,54.064830,On or near Supermarket,E01025110,Lancaster 009A,Criminal damage and arson,Status update unavailable,
c1931cfff9b9a2ecd0b0def92d2b27098c594090021a76286bd272491c4d2d00,2019-02,Lancashire Constabulary,Lancashire Constabulary,-2.878728,54.067022,On or near Back Marine Road,E01025110,Lancaster 009A,Drugs,Status update unavailable,
97a394aa7eb62e9e2780807f2311d5a1e0165c6f0fa3c30bd25ce059c44e8225,2019-02,Lancashire Constabulary,Lancashire Constabulary,-2.878682,54.064830,On or near Supermarket,E01025110,Lancaster 009A,Other theft,Further investigation is not in the public interest,
ede8db5ed52a4c0f4efcc34bffe5da031027f90e0cf460a9fa9cee0360f490f5,2019-02,Lancashire Constabulary,Lancashire Constabulary,-2.876879,54.064834,On or near Chatsworth Road,E01025110,Lancaster 009A,Other theft,Status update unavailable,
8197132c39f554113a371a65c1fe520346120d104db35da451ae2e07703b63f3,2019-02,Lancashire Constabulary,Lancashire Constabulary,-2.876754,54.063963,On or near Balmoral Road,E01025110,Lancaster 009A,Other theft,Status update unavailable,
06d82b9b41a47d0cc81e5799c17b289858f743ccae7a772ee7d18acb0d127274,2019-02,Lancashire Constabulary,Lancashire Constabulary,-2.881439,54.065861,On or near Marine Road West,E01025110,Lancaster 009A,Public order,Unable to prosecute suspect,
9abdca203c269f140769e89d92ddeaf01eb2c4931b35209632ae2f8c9af2b2b4,2019-02,Lancashire Constabulary,Lancashire Constabulary,-2.876754,54.063963,On or near Balmoral Road,E01025110,Lancaster 009A,Public order,Status update unavailable,
0424ed48ff3ed599e04a27c999027a23e3f4a83bc1afb1be7c60aacf8e0919cd,2019-02,Lancashire Constabulary,Lancashire Constabulary,-2.878682,54.064830,On or near Supermarket,E01025110,Lancaster 009A,Shoplifting,Formal action is not in the public interest,
6cca673bc3702445b89454412dec1457f23efef4c8eb12ba560909b26a27bce8,2019-02,Lancashire Constabulary,Lancashire Constabulary,-2.878728,54.067022,On or near Back Marine Road,E01025110,Lancaster 009A,Vehicle crime,Status update unavailable,
f665375d7fc39658bae3e50b645a0367a8a6597fb87a14c631c6c88f4ec85b81,2019-02,Lancashire Constabulary,Lancashire Constabulary,-2.878107,54.066559,On or near Claremont Crescent,E01025110,Lancaster 009A,Vehicle crime,Status update unavailable,
b637a98f3a1d4e7b0de7ba042f56a0378bbe0309c9d7599adef7bb0daf0d77c6,2019-02,Lancashire Constabulary,Lancashire Constabulary,-2.875037,54.064407,On or near Albert Road,E01025110,Lancaster 009A,Vehicle crime,Status update unavailable,
9c06e5ecca91dd3551a264979e673fb52e0215b437fbfb0243b28beacbaf10bc,2019-02,Lancashire Constabulary,Lancashire Constabulary,-2.879602,54.066441,On or near Springfield Street,E01025110,Lancaster 009A,Violence and sexual offences,Unable to prosecute suspect,
a8cc3c65bce20b3d0e0834bea7af5b70e5c3ca5fe6c71062d85a3964ff723b8c,2019-02,Lancashire Constabulary,Lancashire Constabulary,-2.878682,54.064830,On or near Supermarket,E01025110,Lancaster 009A,Violence and sexual offences,Unable to prosecute suspect,
715648a18978a4d86d0beb6e221bd9018cb43a2bf77ac818d26554020ebf273d,2019-02,Lancashire Constabulary,Lancashire Constabulary,-2.876982,54.067565,On or near Back West End Road North,E01025110,Lancaster 009A,Violence and sexual offences,Unable to prosecute suspect,
3fbfc9037c40af1c452ccd185e4ea78445547456e2cbd61d39f3fc5bcc428f61,2019-02,Lancashire Constabulary,Lancashire Constabulary,-2.876754,54.063963,On or near Balmoral Road,E01025110,Lancaster 009A,Violence and sexual offences,Status update unavailable,
1bed4b563687670e29a01f577f408551b29c0a281d431f1f70e46603618cd7e7,2019-02,Lancashire Constabulary,Lancashire Constabulary,-2.876982,54.067565,On or near Back West End Road North,E01025110,Lancaster 009A,Violence and sexual offences,Unable to prosecute suspect,
9bc35672ca7940366d06bedcb3746866b2979b868e765adb94802a554e759f06,2019-02,Lancashire Constabulary,Lancashire Constabulary,-2.878728,54.067022,On or near Back Marine Road,E01025110,Lancaster 009A,Violence and sexual offences,Status update unavailable,
df3bc80a7c6d3c81c1331cbfbf9ac3999048e9a41d04113ad2afe99eaa160769,2019-02,Lancashire Constabulary,Lancashire Constabulary,-2.878329,54.064769,On or near Westminster Road,E01025110,Lancaster 009A,Violence and sexual offences,Unable to prosecute suspect,
9d6810e56610bc207d93408d15982bcf9c9a6a3c8865eff4f6bfb68c6795c24c,2019-02,Lancashire Constabulary,Lancashire Constabulary,-2.879597,54.066180,On or near Yorkshire Street East,E01025110,Lancaster 009A,Violence and sexual offences,Defendant found not guilty,
2ee0ce4626b0d1bfd0060e00209f575f97066fa4817423ddef8666e795f1ce73,2019-02,Lancashire Constabulary,Lancashire Constabulary,-2.876754,54.063963,On or near Balmoral Road,E01025110,Lancaster 009A,Violence and sexual offences,Offender otherwise dealt with,
d21b1ba18c8361f9f55a6e3c9e6d7ba594070cc47c212fba91d13b1e9cd55695,2019-02,Lancashire Constabulary,Lancashire Constabulary,-2.876754,54.063963,On or near Balmoral Road,E01025110,Lancaster 009A,Violence and sexual offences,Awaiting court outcome,
723fc8fafdbf013bab31753257d824100b754c0672cd007c45468f75df46f9ce,2019-02,Lancashire Constabulary,Lancashire Constabulary,-2.879908,54.065710,On or near Regent Road,E01025110,Lancaster 009A,Violence and sexual offences,Status update unavailable,
c430adfeac48e02fa5431a4b45fa600cb0d1fed6a641f0194b3312382b8ab6be,2019-02,Lancashire Constabulary,Lancashire Constabulary,-2.875846,54.062954,On or near Lake Road,E01025110,Lancaster 009A,Violence and sexual offences,Status update unavailable,
226a2c6d1b5d373fa271562e6f58bb95be2df93d76d69ec9a63fcb43e73bad8b,2019-02,Lancashire Constabulary,Lancashire Constabulary,-2.877577,54.066069,On or near Clarendon Road East,E01025110,Lancaster 009A,Violence and sexual offences,Unable to prosecute suspect,
aea8a8a12188d3f8d796aa663491e3d795fe7eda11716217bad0168b71324332,2019-02,Lancashire Constabulary,Lancashire Constabulary,-2.879908,54.065710,On or near Regent Road,E01025110,Lancaster 009A,Violence and sexual offences,Unable to prosecute suspect,
8811643cba3f94df4dce83ff4206d7c530ecdc644d131448852e3e68910c2996,2019-02,Lancashire Constabulary,Lancashire Constabulary,-2.880074,54.066338,On or near Lancashire Street,E01025110,Lancaster 009A,Violence and sexual offences,Unable to prosecute suspect,
,2019-02,Lancashire Constabulary,Lancashire Constabulary,-2.888371,54.057739,On or near Crookleigh Place,E01025116,Lancaster 009B,Anti-social behaviour,,
,2019-02,Lancashire Constabulary,Lancashire Constabulary,-2.886225,54.057422,On or near Boscombe Avenue,E01025116,Lancaster 009B,Anti-social behaviour,,
,2019-02,Lancashire Constabulary,Lancashire Constabulary,-2.889149,54.058434,On or near Norton Road,E01025116,Lancaster 009B,Anti-social behaviour,,
5ef29cf9587988008621d3cfe441b706574ca75196d470dd4f3af2a8ca1ba448,2019-02,Lancashire Constabulary,Lancashire Constabulary,-2.885302,54.059280,On or near Fairfield Road,E01025116,Lancaster 009B,Bicycle theft,Status update unavailable,
fe64f295a717f3dca324e49886e1db4549199de1f0620c670640f75635f4dcd3,2019-02,Lancashire Constabulary,Lancashire Constabulary,-2.886225,54.057422,On or near Boscombe Avenue,E01025116,Lancaster 009B,Burglary,Investigation complete; no suspect identified,
20d5fe4e6320ab63af7269df1ae9edcd42bca0e2319c40971417228943ca44f7,2019-02,Lancashire Constabulary,Lancashire Constabulary,-2.888371,54.057739,On or near Crookleigh Place,E01025116,Lancaster 009B,Criminal damage and arson,Status update unavailable,
56115e7e5d9c14b05918594fedef4df7e5fd903ab711398087959f47242e4761,2019-02,Lancashire Constabulary,Lancashire Constabulary,-2.891085,54.060388,On or near Sandylands Promenade,E01025116,Lancaster 009B,Other theft,Unable to prosecute suspect,
812f4b2c218861c6621559b4b31e37b319f978491f2158b33b5b0365a7d45117,2019-02,Lancashire Constabulary,Lancashire Constabulary,-2.889212,54.056349,On or near Norton Place,E01025116,Lancaster 009B,Other theft,Further investigation is not in the public interest,
98fbefe4472d95e0c67908e98b9918cade2cdcdfa87b7443be03bfd6b9755c06,2019-02,Lancashire Constabulary,Lancashire Constabulary,-2.887800,54.058938,On or near St John'S Road,E01025116,Lancaster 009B,Vehicle crime,Status update unavailable,
698a7a687ae8c35f465f73a32deacabb16478c9362e03e9393a2acb626f0c3e6,2019-02,Lancashire Constabulary,Lancashire Constabulary,-2.887800,54.058938,On or near St John'S Road,E01025116,Lancaster 009B,Vehicle crime,Status update unavailable,
fdf7d75fd16dfde63c505aecd56d7d5c352899272d6534492a0281b42c4a35a6,2019-02,Lancashire Constabulary,Lancashire Constabulary,-2.888533,54.056749,On or near Norton Grove,E01025116,Lancaster 009B,Violence and sexual offences,Unable to prosecute suspect,
a47dc632d5ddfabf0917ed38e2bb7bec2e4a29cb2a9e2459416d41666cdc4510,2019-02,Lancashire Constabulary,Lancashire Constabulary,-2.891075,54.059184,On or near Rydal Road,E01025116,Lancaster 009B,Violence and sexual offences,Formal action is not in the public interest,
394b5e74ce0bcb013447633151a22a3c2e63d8b05cd0f8c8ee9467dac656927a,2019-02,Lancashire Constabulary,Lancashire Constabulary,-2.891291,54.057870,On or near Drewton Avenue,E01025116,Lancaster 009B,Violence and sexual offences,Unable to prosecute suspect,
,2019-02,Lancashire Constabulary,Lancashire Constabulary,-2.884191,54.064502,On or near Back Winterdyne Terrace,E01025117,Lancaster 009C,Anti-social behaviour,,
,2019-02,Lancashire Constabulary,Lancashire Constabulary,-2.886017,54.064156,On or near Supermarket,E01025117,Lancaster 009C,Anti-social behaviour,,
,2019-02,Lancashire Constabulary,Lancashire Constabulary,-2.880170,54.064396,On or near Clarendon Road West,E01025117,Lancaster 009C,Anti-social behaviour,,
,2019-02,Lancashire Constabulary,Lancashire Constabulary,-2.886017,54.064156,On or near Supermarket,E01025117,Lancaster 009C,Anti-social behaviour,,
,2019-02,Lancashire Constabulary,Lancashire Constabulary,-2.884191,54.064502,On or near Back Winterdyne Terrace,E01025117,Lancaster 009C,Anti-social behaviour,,
,2019-02,Lancashire Constabulary,Lancashire Constabulary,-2.882156,54.064391,On or near West Street,E01025117,Lancaster 009C,Anti-social behaviour,,
,2019-02,Lancashire Constabulary,Lancashire Constabulary,-2.882156,54.064391,On or near West Street,E01025117,Lancaster 009C,Anti-social behaviour,,
,2019-02,Lancashire Constabulary,Lancashire Constabulary,-2.882156,54.064391,On or near West Street,E01025117,Lancaster 009C,Anti-social behaviour,,
,2019-02,Lancashire Constabulary,Lancashire Constabulary,-2.882156,54.064391,On or near West Street,E01025117,Lancaster 009C,Anti-social behaviour,,
,2019-02,Lancashire Constabulary,Lancashire Constabulary,-2.880170,54.064396,On or near Clarendon Road West,E01025117,Lancaster 009C,Anti-social behaviour,,
1826e8341da4bf472dd739ce4bbec2d129fee7656a953da503cd9e5cd3f1b62b,2019-02,Lancashire Constabulary,Lancashire Constabulary,-2.886017,54.064156,On or near Supermarket,E01025117,Lancaster 009C,Burglary,Status update unavailable,
52632c1748969330580f4de7ec40fb2d1ff15ade0f0bd28c47b1bec5e5f3c3a0,2019-02,Lancashire Constabulary,Lancashire Constabulary,-2.882788,54.063919,On or near Brunswick Road,E01025117,Lancaster 009C,Criminal damage and arson,Unable to prosecute suspect,
54b0dbce2bc0c6f3f80a68f21ab351eaae357c69d2182abc4f5c581b28cd9c46,2019-02,Lancashire Constabulary,Lancashire Constabulary,-2.882788,54.063919,On or near Brunswick Road,E01025117,Lancaster 009C,Criminal damage and arson,Status update unavailable,
52cf7821acb5a79fe002a0b99df4c9fd2089b70503c274e7da158a71984220dd,2019-02,Lancashire Constabulary,Lancashire Constabulary,-2.882788,54.063919,On or near Brunswick Road,E01025117,Lancaster 009C,Criminal damage and arson,Unable to prosecute suspect,
912d31a12f7e7a3398f534b4f629801b366835563659d0564d327be4278298f3,2019-02,Lancashire Constabulary,Lancashire Constabulary,-2.882788,54.063919,On or near Brunswick Road,E01025117,Lancaster 009C,Criminal damage and arson,Status update unavailable,
6432d2d5f1de4181f1af908776aa0153aa1d830f9341146e68bedf10bf3946c5,2019-02,Lancashire Constabulary,Lancashire Constabulary,-2.882788,54.063919,On or near Brunswick Road,E01025117,Lancaster 009C,Criminal damage and arson,Status update unavailable,
d767b5a5f53a4b4422ada63e67dca945504702e2f1f208f49dc1f45784cdfa53,2019-02,Lancashire Constabulary,Lancashire Constabulary,-2.880170,54.064396,On or near Clarendon Road West,E01025117,Lancaster 009C,Criminal damage and arson,Status update unavailable,
c21521c2284835834905a1761c16a4bf8a106178992744e0f7c8cf72051b561e,2019-02,Lancashire Constabulary,Lancashire Constabulary,-2.880170,54.064396,On or near Clarendon Road West,E01025117,Lancaster 009C,Criminal damage and arson,Awaiting court outcome,
bbe4b1612b43276d62b04920d9bb4c02451f426a50c6345f0682a2f095cb48b6,2019-02,Lancashire Constabulary,Lancashire Constabulary,-2.886017,54.064156,On or near Supermarket,E01025117,Lancaster 009C,Other theft,Status update unavailable,
894b70258e920ca0453015f15291d022701fd1360ef35e14656c699cb3286a52,2019-02,Lancashire Constabulary,Lancashire Constabulary,-2.884751,54.064246,On or near Bold Street,E01025117,Lancaster 009C,Other theft,Status update unavailable,
3e3d5d2d615a1973e5ff0b7e7fe6853939d3b20ffc6fe622541be2bb75930823,2019-02,Lancashire Constabulary,Lancashire Constabulary,-2.885545,54.063521,On or near Cavendish Road,E01025117,Lancaster 009C,Other theft,Unable to prosecute suspect,
b7a1b072250da21942fefd68e885e0745a9c0e591215ca7886acd649fb250fe0,2019-02,Lancashire Constabulary,Lancashire Constabulary,-2.884191,54.064502,On or near Back Winterdyne Terrace,E01025117,Lancaster 009C,Public order,Status update unavailable,
084e315cc0cc6ea9d1e4b992e2c01eeaad7bea822662866a6d2f8d8f73b3347d,2019-02,Lancashire Constabulary,Lancashire Constabulary,-2.883436,54.064229,On or near Marlborough Road,E01025117,Lancaster 009C,Robbery,Status update unavailable,
c86c9853a28191a34bc7e6e26e5425b4d5f500da29b91cb6796240ebdf163bb2,2019-02,Lancashire Constabulary,Lancashire Constabulary,-2.880170,54.064396,On or near Clarendon Road West,E01025117,Lancaster 009C,Theft from the person,Status update unavailable,
10f2720c270427be1a1681971896feb3415cc7bbc35853214b16024cfc6b41ff,2019-02,Lancashire Constabulary,Lancashire Constabulary,-2.880170,54.064396,On or near Clarendon Road West,E01025117,Lancaster 009C,Vehicle crime,Status update unavailable,
e5a9c53bfc774bdf7f7bc3029e64fc151f209a00e983c4236a0bad32341ff1a4,2019-02,Lancashire Constabulary,Lancashire Constabulary,-2.885545,54.063521,On or near Cavendish Road,E01025117,Lancaster 009C,Vehicle crime,Status update unavailable,
95cfe764e2d7aba983273084ae1a56e879f65ade60e565f1ad58cc30d4b6e87a,2019-02,Lancashire Constabulary,Lancashire Constabulary,-2.880170,54.064396,On or near Clarendon Road West,E01025117,Lancaster 009C,Violence and sexual offences,Unable to prosecute suspect,
5037505e69a1cb46f983743a9eed291c8ea5153062207b55c612a5ea275313a4,2019-02,Lancashire Constabulary,Lancashire Constabulary,-2.885545,54.063521,On or near Cavendish Road,E01025117,Lancaster 009C,Violence and sexual offences,Status update unavailable,
103ec42d279c7264144c052272a5dbff9db17fda30a35d44e4d033193cfc4c25,2019-02,Lancashire Constabulary,Lancashire Constabulary,-2.886017,54.064156,On or near Supermarket,E01025117,Lancaster 009C,Violence and sexual offences,Unable to prosecute suspect,
f058f08ee801df45b71d1c95316e7847deaab2ec20cf8ffb22afbd208b04b2ab,2019-02,Lancashire Constabulary,Lancashire Constabulary,-2.882788,54.063919,On or near Brunswick Road,E01025117,Lancaster 009C,Violence and sexual offences,Unable to prosecute suspect,
e05477d3107098526950484640d1b028ec399036c83a817c44d0f03bfae2ed4c,2019-02,Lancashire Constabulary,Lancashire Constabulary,-2.886017,54.064156,On or near Supermarket,E01025117,Lancaster 009C,Violence and sexual offences,Unable to prosecute suspect,
4238982e405a1c9bee4e26f66b36635ad3496de895cf07b0e02465aae61e2dfa,2019-02,Lancashire Constabulary,Lancashire Constabulary,-2.881499,54.063632,On or near Alexandra Road,E01025117,Lancaster 009C,Violence and sexual offences,Status update unavailable,
ab550d8793ec8c9e93c634db787f42b071b89517442ea3ebef120653877bb80b,2019-02,Lancashire Constabulary,Lancashire Constabulary,-2.880170,54.064396,On or near Clarendon Road West,E01025117,Lancaster 009C,Violence and sexual offences,Status update unavailable,
a859f14633ab71628a252ad4a623fe7aad9327fc84a5e432a53c131e8a785622,2019-02,Lancashire Constabulary,Lancashire Constabulary,-2.884191,54.064502,On or near Back Winterdyne Terrace,E01025117,Lancaster 009C,Violence and sexual offences,Status update unavailable,
2c9083058cbbbc3cbdd60beadec872d297cd1dfa69053f44120be3a3ff624208,2019-02,Lancashire Constabulary,Lancashire Constabulary,-2.881645,54.063325,On or near Grafton Road,E01025117,Lancaster 009C,Violence and sexual offences,Status update unavailable,
5af7f430621c131c0803f85804b0389f006d01f38357e66d5d60616f13e70ab3,2019-02,Lancashire Constabulary,Lancashire Constabulary,-2.881645,54.063325,On or near Grafton Road,E01025117,Lancaster 009C,Violence and sexual offences,Status update unavailable,
a2158f334cd916236f0e5ab737bfb3c01d56f285a7c3af2498bc49fdbe546d67,2019-02,Lancashire Constabulary,Lancashire Constabulary,-2.881645,54.063325,On or near Grafton Road,E01025117,Lancaster 009C,Violence and sexual offences,Unable to prosecute suspect,
,2019-02,Lancashire Constabulary,Lancashire Constabulary,-2.885508,54.064663,On or near Marine Road West,E01025120,Lancaster 009D,Anti-social behaviour,,
,2019-02,Lancashire Constabulary,Lancashire Constabulary,-2.882685,54.062670,On or near Grafton Place,E01025120,Lancaster 009D,Anti-social behaviour,,
,2019-02,Lancashire Constabulary,Lancashire Constabulary,-2.884894,54.061656,On or near Harrington Road,E01025120,Lancaster 009D,Anti-social behaviour,,
,2019-02,Lancashire Constabulary,Lancashire Constabulary,-2.887831,54.063252,On or near Sandylands Promenade,E01025120,Lancaster 009D,Anti-social behaviour,,
,2019-02,Lancashire Constabulary,Lancashire Constabulary,-2.882685,54.062670,On or near Grafton Place,E01025120,Lancaster 009D,Anti-social behaviour,,
511a52cbfc2cb8383b86ba4a86fa178867b1bf99a592e94d0598801e10342293,2019-02,Lancashire Constabulary,Lancashire Constabulary,-2.887061,54.062251,On or near Mears Besk Close,E01025120,Lancaster 009D,Burglary,Status update unavailable,
7644531e82eccfbcbe935e03f2c6ba59f37f1afcf984602ed931eca73bf5f9c4,2019-02,Lancashire Constabulary,Lancashire Constabulary,-2.887488,54.062922,On or near Heysham Road,E01025120,Lancaster 009D,Other theft,Status update unavailable,
e8ff5ff12a9606c60b9acf2b84baddfec0c5247ab5ef263744a457d5464ef0f2,2019-02,Lancashire Constabulary,Lancashire Constabulary,-2.887488,54.062922,On or near Heysham Road,E01025120,Lancaster 009D,Shoplifting,Status update unavailable,
2900f25aae30051138594108d9d1f1505f7b52b36227e563249e43bbf850e154,2019-02,Lancashire Constabulary,Lancashire Constabulary,-2.886629,54.061347,On or near Granville Road,E01025120,Lancaster 009D,Vehicle crime,Status update unavailable,
8049e3d5d4835ca059069aac58456c7a37b0fa0159dcecdbc194225bd70fbdca,2019-02,Lancashire Constabulary,Lancashire Constabulary,-2.886739,54.062209,On or near Bus/Coach Station,E01025120,Lancaster 009D,Vehicle crime,Status update unavailable,
8a2f8be4637ca60cfe5e5b59ac3515279d1c244aa08c99bb6287268beba16715,2019-02,Lancashire Constabulary,Lancashire Constabulary,-2.883600,54.062592,On or near Byron Road,E01025120,Lancaster 009D,Vehicle crime,Status update unavailable,
db4094b2606fa6aaf2a3f568e1f3f78cc75c5273c05357e0ed5a533afffed016,2019-02,Lancashire Constabulary,Lancashire Constabulary,-2.884791,54.063275,On or near Marlborough Road,E01025120,Lancaster 009D,Vehicle crime,Status update unavailable,
91ba0af79957d7f462256e72243571f77cd665594517d18ed23d7504dcedb56f,2019-02,Lancashire Constabulary,Lancashire Constabulary,-2.887831,54.063252,On or near Sandylands Promenade,E01025120,Lancaster 009D,Violence and sexual offences,Unable to prosecute suspect,
710896ffbdf8d982bf133a2a9d358083ecb1b232d0c534ff0137d68247d79e1d,2019-02,Lancashire Constabulary,Lancashire Constabulary,-2.884791,54.063275,On or near Marlborough Road,E01025120,Lancaster 009D,Violence and sexual offences,Unable to prosecute suspect,
3c76d96824d55dc1a83778f0b502b75a62ac89021962603c2930a1d021af2b2a,2019-02,Lancashire Constabulary,Lancashire Constabulary,-2.882685,54.062670,On or near Grafton Place,E01025120,Lancaster 009D,Violence and sexual offences,Unable to prosecute suspect,
859eeb11dc1c1cc30b087534f37d8870eef3b8dc2b941c4ee2d50ac5f86aa42e,2019-02,Lancashire Constabulary,Lancashire Constabulary,-2.887488,54.062922,On or near Heysham Road,E01025120,Lancaster 009D,Violence and sexual offences,Status update unavailable,
6c7bf90d1dca274e11c0518b5f4f3cc09ef07500428473cf16e130388d1fbbcc,2019-02,Lancashire Constabulary,Lancashire Constabulary,-2.882685,54.062670,On or near Grafton Place,E01025120,Lancaster 009D,Violence and sexual offences,Status update unavailable,
1f5640070c2a0adf6579723f5d0fcdc0d3e887e836a605ba6959b4915817810e,2019-02,Lancashire Constabulary,Lancashire Constabulary,-2.886581,54.060493,On or near Raglan Road,E01025120,Lancaster 009D,Violence and sexual offences,Status update unavailable,
747f509be68c69eb8b257398e4f6d5a357b5872eb43640aacdda5b9c3d4a05ee,2019-02,Lancashire Constabulary,Lancashire Constabulary,-2.882685,54.062670,On or near Grafton Place,E01025120,Lancaster 009D,Violence and sexual offences,Status update unavailable,
92e9888de82650b5b2aa4ada901d250744615986d5f11d063bd23c4cdf199e9b,2019-02,Lancashire Constabulary,Lancashire Constabulary,-2.884894,54.061656,On or near Harrington Road,E01025120,Lancaster 009D,Violence and sexual offences,Unable to prosecute suspect,
,2019-02,Lancashire Constabulary,Lancashire Constabulary,-2.853531,54.061784,On or near Helmside Avenue,E01025170,Lancaster 010A,Anti-social behaviour,,
,2019-02,Lancashire Constabulary,Lancashire Constabulary,-2.855296,54.064441,On or near Burneside Close,E01025170,Lancaster 010A,Anti-social behaviour,,
,2019-02,Lancashire Constabulary,Lancashire Constabulary,-2.854116,54.065726,On or near Wiseman Close,E01025170,Lancaster 010A,Anti-social behaviour,,
,2019-02,Lancashire Constabulary,Lancashire Constabulary,-2.854116,54.065726,On or near Wiseman Close,E01025170,Lancaster 010A,Anti-social behaviour,,
bd5ce58e7cec051846d72c1d8573c27ad381d25f768ca1527f47f1dc7014a519,2019-02,Lancashire Constabulary,Lancashire Constabulary,-2.855296,54.064441,On or near Burneside Close,E01025170,Lancaster 010A,Burglary,Status update unavailable,
adb54c5afd305cab794e2a29abab87fee18d6d218eb600ce46a572b82becb156,2019-02,Lancashire Constabulary,Lancashire Constabulary,-2.853531,54.061784,On or near Helmside Avenue,E01025170,Lancaster 010A,Drugs,Awaiting court outcome,
64971d14e0cc402b9923d0fdd2d4d1b27bd3bd10f4519a3b6f9a5c599b2833ea,2019-02,Lancashire Constabulary,Lancashire Constabulary,-2.857600,54.065018,On or near Wythorpe Croft,E01025170,Lancaster 010A,Other theft,Status update unavailable,
3de1bede1bd972f1d0b257164c6f680046a2ee50e8bdfdb6456f35651e6ea6c7,2019-02,Lancashire Constabulary,Lancashire Constabulary,-2.853531,54.061784,On or near Helmside Avenue,E01025170,Lancaster 010A,Violence and sexual offences,Status update unavailable,
66208539c8b9055d6084c8284dc66834505eeea06122f52c2370588ea2ef32cc,2019-02,Lancashire Constabulary,Lancashire Constabulary,-2.856948,54.064537,On or near Ruslands Gardens,E01025170,Lancaster 010A,Violence and sexual offences,Formal action is not in the public interest,
7115ca6f38a183393dffa72e5c4e4256c21ee58ae5a1782f5a91cac4f37cfd6e,2019-02,Lancashire Constabulary,Lancashire Constabulary,-2.852431,54.064785,On or near Wingate Avenue,E01025170,Lancaster 010A,Other crime,Formal action is not in the public interest,
,2019-02,Lancashire Constabulary,Lancashire Constabulary,-2.864834,54.060912,On or near Melling Court,E01025171,Lancaster 010B,Anti-social behaviour,,
,2019-02,Lancashire Constabulary,Lancashire Constabulary,-2.863125,54.058822,On or near Mallow Walk,E01025171,Lancaster 010B,Anti-social behaviour,,
,2019-02,Lancashire Constabulary,Lancashire Constabulary,-2.869699,54.058307,On or near Westcliffe Drive,E01025171,Lancaster 010B,Anti-social behaviour,,
,2019-02,Lancashire Constabulary,Lancashire Constabulary,-2.863125,54.058822,On or near Mallow Walk,E01025171,Lancaster 010B,Anti-social behaviour,,
,2019-02,Lancashire Constabulary,Lancashire Constabulary,-2.863125,54.058822,On or near Mallow Walk,E01025171,Lancaster 010B,Anti-social behaviour,,
,2019-02,Lancashire Constabulary,Lancashire Constabulary,-2.863168,54.057221,On or near Green Lane,E01025171,Lancaster 010B,Anti-social behaviour,,
,2019-02,Lancashire Constabulary,Lancashire Constabulary,-2.857447,54.061298,On or near Parkview Close,E01025171,Lancaster 010B,Anti-social behaviour,,
,2019-02,Lancashire Constabulary,Lancashire Constabulary,-2.863125,54.058822,On or near Mallow Walk,E01025171,Lancaster 010B,Anti-social behaviour,,
,2019-02,Lancashire Constabulary,Lancashire Constabulary,-2.860530,54.059667,On or near Crewgarth Road,E01025171,Lancaster 010B,Anti-social behaviour,,
,2019-02,Lancashire Constabulary,Lancashire Constabulary,-2.864869,54.060391,On or near Leighton Court,E01025171,Lancaster 010B,Anti-social behaviour,,
,2019-02,Lancashire Constabulary,Lancashire Constabulary,-2.864869,54.060391,On or near Leighton Court,E01025171,Lancaster 010B,Anti-social behaviour,,
,2019-02,Lancashire Constabulary,Lancashire Constabulary,-2.862871,54.060549,On or near Aldcliffe Court,E01025171,Lancaster 010B,Anti-social behaviour,,
73089258d85cdd0b6a49a52963a8ac215f8518b0841c53f3776afad7d14a7487,2019-02,Lancashire Constabulary,Lancashire Constabulary,-2.860887,54.062145,On or near Gaisgill Avenue,E01025171,Lancaster 010B,Burglary,Status update unavailable,
a6b7de372b6b78ef9e7a3af1c3eb49aa97f504e3ac7e27c7ee8d1e8f9999f9c8,2019-02,Lancashire Constabulary,Lancashire Constabulary,-2.858473,54.061407,On or near Meadowside Road,E01025171,Lancaster 010B,Other theft,Further investigation is not in the public interest,
70f2b99c0ee75a9b64d6baeb91674e3a8f2ea0aa61a9b44c91b84fa5623bae58,2019-02,Lancashire Constabulary,Lancashire Constabulary,-2.864922,54.060013,On or near Westgate,E01025171,Lancaster 010B,Other theft,Status update unavailable,
3cb58d4de1b3f151dd1f45a175554a535a7077105703b076bd9caadad03fc018,2019-02,Lancashire Constabulary,Lancashire Constabulary,-2.864922,54.060013,On or near Westgate,E01025171,Lancaster 010B,Other theft,Status update unavailable,
96496b6e24ccc1e51286444e34fd8934e8cc2aaac0813c3a378f03712ce04f2a,2019-02,Lancashire Constabulary,Lancashire Constabulary,-2.864827,54.061344,On or near Thurland Court,E01025171,Lancaster 010B,Violence and sexual offences,Status update unavailable,
7746646882184fd0c9010a534016d57dbef154816c82fd932f3cf7d8bdf38e1e,2019-02,Lancashire Constabulary,Lancashire Constabulary,-2.862679,54.058672,On or near Coltsfoot Walk,E01025171,Lancaster 010B,Violence and sexual offences,Unable to prosecute suspect,
,2019-02,Lancashire Constabulary,Lancashire Constabulary,-2.853524,54.059987,On or near Banbury Road,E01025172,Lancaster 010C,Anti-social behaviour,,
,2019-02,Lancashire Constabulary,Lancashire Constabulary,-2.858750,54.058529,On or near Reedmace Walk,E01025172,Lancaster 010C,Anti-social behaviour,,
,2019-02,Lancashire Constabulary,Lancashire Constabulary,-2.860374,54.058751,On or near Teasel Walk,E01025172,Lancaster 010C,Anti-social behaviour,,
,2019-02,Lancashire Constabulary,Lancashire Constabulary,-2.851209,54.060318,On or near White Lund Road,E01025172,Lancaster 010C,Anti-social behaviour,,
,2019-02,Lancashire Constabulary,Lancashire Constabulary,-2.853114,54.060115,On or near Broughton Grove,E01025172,Lancaster 010C,Anti-social behaviour,,
,2019-02,Lancashire Constabulary,Lancashire Constabulary,-2.853114,54.060115,On or near Broughton Grove,E01025172,Lancaster 010C,Anti-social behaviour,,
,2019-02,Lancashire Constabulary,Lancashire Constabulary,-2.855908,54.058532,On or near Parsonage Close,E01025172,Lancaster 010C,Anti-social behaviour,,
4b115ff20971af5d2d19859b3ed8af92f02746e9ec934824bf795b98edfc7342,2019-02,Lancashire Constabulary,Lancashire Constabulary,-2.840076,54.059039,On or near Middlegate,E01025172,Lancaster 010C,Burglary,Status update unavailable,
572730859be5e29ba756775bd89b9fd842a183518b6964e4359f29898f7c02a6,2019-02,Lancashire Constabulary,Lancashire Constabulary,-2.860374,54.058751,On or near Teasel Walk,E01025172,Lancaster 010C,Burglary,Status update unavailable,
55f6502e929cfa85bb5b040a90ff693b9eaae198fe40412af1cbbc8f58dd9498,2019-02,Lancashire Constabulary,Lancashire Constabulary,-2.853524,54.059987,On or near Banbury Road,E01025172,Lancaster 010C,Criminal damage and arson,Status update unavailable,
1a18c91d7a32a16a1b47c76400f3d3c026bf2dc74627a5b780ae5e448e825a3d,2019-02,Lancashire Constabulary,Lancashire Constabulary,-2.862656,54.057585,On or near Salisbury Close,E01025172,Lancaster 010C,Other theft,Investigation complete; no suspect identified,
bf754f6d425f57b67e77cbc4a0e0b8cdf0a068541741ceef7e1cb49e67165d7e,2019-02,Lancashire Constabulary,Lancashire Constabulary,-2.826711,54.056857,On or near Petrol Station,E01025172,Lancaster 010C,Public order,Status update unavailable,
c058072d09d81807412d6ac5f54f381b02d1e1aaae122c4faffbe17a5a8e77f9,2019-02,Lancashire Constabulary,Lancashire Constabulary,-2.826711,54.056857,On or near Petrol Station,E01025172,Lancaster 010C,Robbery,Status update unavailable,
f477d432ac0152d7cced1a30e8aa89099bdfb3452f18fb4d6078e680f42f84de,2019-02,Lancashire Constabulary,Lancashire Constabulary,-2.826711,54.056857,On or near Petrol Station,E01025172,Lancaster 010C,Shoplifting,Status update unavailable,
4e8791429ac55586902197d75ec7ead98e5f4c6648672d3ff93e5f89c1c6d7c4,2019-02,Lancashire Constabulary,Lancashire Constabulary,-2.826711,54.056857,On or near Petrol Station,E01025172,Lancaster 010C,Shoplifting,Formal action is not in the public interest,
176ea9984b05454e063d6c4833e6fb978019a31053810b59f0d6904d1ea7c041,2019-02,Lancashire Constabulary,Lancashire Constabulary,-2.826711,54.056857,On or near Petrol Station,E01025172,Lancaster 010C,Shoplifting,Status update unavailable,
9a82002c1b39775432aa48e189d25fc6ae807b44f7116e06600899414a0bf935,2019-02,Lancashire Constabulary,Lancashire Constabulary,-2.858101,54.058938,On or near Portland Drive,E01025172,Lancaster 010C,Violence and sexual offences,Unable to prosecute suspect,
0741fada0cad1d075ce16d59e94851c2cd013d550a5137c9295496d07a9fef57,2019-02,Lancashire Constabulary,Lancashire Constabulary,-2.853524,54.059987,On or near Banbury Road,E01025172,Lancaster 010C,Violence and sexual offences,Unable to prosecute suspect,
42ac39a40e923aa383b52c980245cd4f6ea2a6bf691562ef06545073d28a8bc8,2019-02,Lancashire Constabulary,Lancashire Constabulary,-2.858198,54.056978,On or near Cathedral Drive,E01025172,Lancaster 010C,Violence and sexual offences,Offender fined,
7b258be1b25138a17c9f18264e8b999635134364c49148d387b8bc0e4cee6b9f,2019-02,Lancashire Constabulary,Lancashire Constabulary,-2.826711,54.056857,On or near Petrol Station,E01025172,Lancaster 010C,Violence and sexual offences,Unable to prosecute suspect,
827ff124938021c80b824eecc1b2083308e25c37ad416e099f81502f42b9da37,2019-02,Lancashire Constabulary,Lancashire Constabulary,-2.851901,54.058326,On or near Whitefield Place,E01025172,Lancaster 010C,Violence and sexual offences,Unable to prosecute suspect,
06edfc2dc8a33dec1092c12ff705421b6cf2ebbb5db6722c7fe96124df5766a2,2019-02,Lancashire Constabulary,Lancashire Constabulary,-2.853524,54.059987,On or near Banbury Road,E01025172,Lancaster 010C,Violence and sexual offences,Awaiting court outcome,
4f8a98ef7d02980042c12d2781955d56d35f9601ea6a3caae43ad1ea10433167,2019-02,Lancashire Constabulary,Lancashire Constabulary,-2.826711,54.056857,On or near Petrol Station,E01025172,Lancaster 010C,Violence and sexual offences,Status update unavailable,
27f08c5aaaf3ed8aeacc2ec7f6d284b1fa14b701c8785ef1c1de35f397166a9b,2019-02,Lancashire Constabulary,Lancashire Constabulary,-2.858101,54.058938,On or near Portland Drive,E01025172,Lancaster 010C,Violence and sexual offences,Status update unavailable,
,2019-02,Lancashire Constabulary,Lancashire Constabulary,-2.843102,54.065147,On or near Blea Tarn Place,E01025173,Lancaster 010D,Anti-social behaviour,,
,2019-02,Lancashire Constabulary,Lancashire Constabulary,-2.846415,54.060477,On or near Whitegate,E01025173,Lancaster 010D,Anti-social behaviour,,
,2019-02,Lancashire Constabulary,Lancashire Constabulary,-2.848700,54.066132,On or near Cartmel Place,E01025173,Lancaster 010D,Anti-social behaviour,,
,2019-02,Lancashire Constabulary,Lancashire Constabulary,-2.846415,54.060477,On or near Whitegate,E01025173,Lancaster 010D,Anti-social behaviour,,
,2019-02,Lancashire Constabulary,Lancashire Constabulary,-2.845499,54.062758,On or near Petrol Station,E01025173,Lancaster 010D,Anti-social behaviour,,
3ba17e071a0d8891c508bd545922a64504efdfa58416ce5686bee90a965c0517,2019-02,Lancashire Constabulary,Lancashire Constabulary,-2.841741,54.062038,On or near Northgate,E01025173,Lancaster 010D,Burglary,Status update unavailable,
01e8d885a0b38d85551ef3ce5b3116e4de0e0ddcbaa257d56fb64d6996e63c5b,2019-02,Lancashire Constabulary,Lancashire Constabulary,-2.844078,54.067288,On or near Downes Grove,E01025173,Lancaster 010D,Burglary,Status update unavailable,
3f055545e6aeb42e13a38ba0244d98a3401e7a5ca0b237b18fe626b9628b14d4,2019-02,Lancashire Constabulary,Lancashire Constabulary,-2.846009,54.065334,On or near Benson Avenue,E01025173,Lancaster 010D,Criminal damage and arson,Unable to prosecute suspect,
d2eaae74e0809961999179feb6ccc94ea0472ddfe8477c0bff45d1519ea21a8c,2019-02,Lancashire Constabulary,Lancashire Constabulary,-2.844078,54.067288,On or near Downes Grove,E01025173,Lancaster 010D,Criminal damage and arson,Status update unavailable,
1c13f1f9d2fd9d9481c34fc17ed70473658678e822d10a40209c91a15e76c443,2019-02,Lancashire Constabulary,Lancashire Constabulary,-2.848700,54.066132,On or near Cartmel Place,E01025173,Lancaster 010D,Other theft,Unable to prosecute suspect,
881e2c5493f565821d9ee53ffe63ff33c8e93d488f5a0a5d1c3db8060e493cbe,2019-02,Lancashire Constabulary,Lancashire Constabulary,-2.848700,54.066132,On or near Cartmel Place,E01025173,Lancaster 010D,Other theft,Unable to prosecute suspect,
4dc1ca98495339ef3ba4ffc69edb571d9e6de1f953c9632341af2e448ab741a5,2019-02,Lancashire Constabulary,Lancashire Constabulary,-2.841741,54.062038,On or near Northgate,E01025173,Lancaster 010D,Public order,Status update unavailable,
9fb439709067c1f15ad88f4fc0f2afe628af668af5277884530602584d095fc3,2019-02,Lancashire Constabulary,Lancashire Constabulary,-2.838867,54.060440,On or near Middlegate,E01025173,Lancaster 010D,Public order,Unable to prosecute suspect,
58ebae40db656525001ec9644383192ac97462d9a2dcbd6dd8f66da05a2c20f4,2019-02,Lancashire Constabulary,Lancashire Constabulary,-2.846415,54.060477,On or near Whitegate,E01025173,Lancaster 010D,Vehicle crime,Status update unavailable,
0c670f52c0f2a3099cee06d042ba6181e816b740ba17b23d14f0c17250e9bb16,2019-02,Lancashire Constabulary,Lancashire Constabulary,-2.843983,54.066372,On or near Branksome Drive,E01025173,Lancaster 010D,Violence and sexual offences,Status update unavailable,
c36367b2d47a037f132d9015bfd970e10e4396ea209ff738382d1f31bcf89302,2019-02,Lancashire Constabulary,Lancashire Constabulary,-2.846569,54.066534,On or near Christie Avenue,E01025173,Lancaster 010D,Violence and sexual offences,Unable to prosecute suspect,
5fbf18d88fd5a1b795719a43622710ec7baed025d0aecc552f98d7ab0b12f6c6,2019-02,Lancashire Constabulary,Lancashire Constabulary,-2.846009,54.065334,On or near Benson Avenue,E01025173,Lancaster 010D,Violence and sexual offences,Status update unavailable,
38848b12f9b4d8ea84640d260d2516514c4062f7981dbbc0cd107494f6c7ebee,2019-02,Lancashire Constabulary,Lancashire Constabulary,-2.838586,54.066221,On or near A589,E01025173,Lancaster 010D,Violence and sexual offences,Status update unavailable,
eacace1e1197248dd7f66a88ff18671def20243b2c2afa50863cf9bf226f6fa1,2019-02,Lancashire Constabulary,Lancashire Constabulary,-2.847435,54.062546,On or near Glentworth Road East,E01025173,Lancaster 010D,Violence and sexual offences,Unable to prosecute suspect,
,2019-02,Lancashire Constabulary,Lancashire Constabulary,-2.797275,54.060939,On or near Daisy Street,E01025149,Lancaster 011A,Anti-social behaviour,,
,2019-02,Lancashire Constabulary,Lancashire Constabulary,-2.797275,54.060939,On or near Daisy Street,E01025149,Lancaster 011A,Anti-social behaviour,,
,2019-02,Lancashire Constabulary,Lancashire Constabulary,-2.797090,54.060077,On or near Laburnum Road,E01025149,Lancaster 011A,Anti-social behaviour,,
,2019-02,Lancashire Constabulary,Lancashire Constabulary,-2.796943,54.061957,On or near Alexandra Road,E01025149,Lancaster 011A,Anti-social behaviour,,
,2019-02,Lancashire Constabulary,Lancashire Constabulary,-2.797275,54.060939,On or near Daisy Street,E01025149,Lancaster 011A,Anti-social behaviour,,
,2019-02,Lancashire Constabulary,Lancashire Constabulary,-2.798930,54.061997,On or near Ashbourne Road,E01025149,Lancaster 011A,Anti-social behaviour,,
,2019-02,Lancashire Constabulary,Lancashire Constabulary,-2.797968,54.061231,On or near Bank Road,E01025149,Lancaster 011A,Anti-social behaviour,,
,2019-02,Lancashire Constabulary,Lancashire Constabulary,-2.797968,54.061231,On or near Bank Road,E01025149,Lancaster 011A,Anti-social behaviour,,
f8408c9e51851f68747a48e4415bd37adc94cac11de3c0ef6ee41d7871fd573c,2019-02,Lancashire Constabulary,Lancashire Constabulary,-2.804592,54.065645,On or near Hornby Court,E01025149,Lancaster 011A,Burglary,Status update unavailable,
0575cc846cb5007f71a80d2c66874a0b731528b570844260a8c6f22738642708,2019-02,Lancashire Constabulary,Lancashire Constabulary,-2.804592,54.065645,On or near Hornby Court,E01025149,Lancaster 011A,Burglary,Status update unavailable,
4b5464c90e2af2b60d83bda6d141dfd54468c9cf7d7e8308e9dee2b495811540,2019-02,Lancashire Constabulary,Lancashire Constabulary,-2.804592,54.065645,On or near Hornby Court,E01025149,Lancaster 011A,Burglary,Status update unavailable,
c58a53cf45ae9cc7d75278fc51fd4ec654a22517c0e60c85d9b9e80b6785fba2,2019-02,Lancashire Constabulary,Lancashire Constabulary,-2.807276,54.066930,On or near Hammerton Hall Lane,E01025149,Lancaster 011A,Burglary,Status update unavailable,
54949c98c837faf10372ec2366356d9ee3af6b2b52de9174c35459e987da1efb,2019-02,Lancashire Constabulary,Lancashire Constabulary,-2.796943,54.061957,On or near Alexandra Road,E01025149,Lancaster 011A,Burglary,Formal action is not in the public interest,
fb801a043c0ffb28b4f60fec16a05ac2d1e2bc136ef53e12eb9f55b66bddf7ff,2019-02,Lancashire Constabulary,Lancashire Constabulary,-2.807276,54.066930,On or near Hammerton Hall Lane,E01025149,Lancaster 011A,Other theft,Unable to prosecute suspect,
3d82d61c32e8ef9bea77006d142e73f2b123882a6779f560c93b0748f3ec5fd5,2019-02,Lancashire Constabulary,Lancashire Constabulary,-2.797275,54.060939,On or near Daisy Street,E01025149,Lancaster 011A,Public order,Further investigation is not in the public interest,
ea1e7d122c7f4528962c67a01998ae06734217df649eea66646b86daad50e17a,2019-02,Lancashire Constabulary,Lancashire Constabulary,-2.799921,54.062692,On or near Alderley Heights,E01025149,Lancaster 011A,Vehicle crime,Status update unavailable,
47b88867a86787d5d79798bc809fc9a4db7d6e5db450b806bf8891e375f54d20,2019-02,Lancashire Constabulary,Lancashire Constabulary,-2.807276,54.066930,On or near Hammerton Hall Lane,E01025149,Lancaster 011A,Violence and sexual offences,Unable to prosecute suspect,
26b31573f4ec6ea8d573a8c1e1209a626286a01135708941e7129f6da0de3646,2019-02,Lancashire Constabulary,Lancashire Constabulary,-2.802996,54.062078,On or near Oxford Street,E01025149,Lancaster 011A,Violence and sexual offences,Status update unavailable,
,2019-02,Lancashire Constabulary,Lancashire Constabulary,-2.808943,54.060699,On or near Edenvale Road,E01025150,Lancaster 011B,Anti-social behaviour,,
09019646b3fda676b99e8af2ea9d31c7f2240516c12cdd8ed999b5617a515b95,2019-02,Lancashire Constabulary,Lancashire Constabulary,-2.808028,54.061613,On or near Brock Close,E01025150,Lancaster 011B,Criminal damage and arson,Awaiting court outcome,
58d98d818f123f2dded08692271714af35494b6dc673dacc78fa2e2865fdbcc6,2019-02,Lancashire Constabulary,Lancashire Constabulary,-2.801548,54.058304,On or near Petrol Station,E01025150,Lancaster 011B,Other theft,Status update unavailable,
24edbfe7d7fcafadd666ed2d38b6760a93db12da86c77ef1b7343d7f86a2df6e,2019-02,Lancashire Constabulary,Lancashire Constabulary,-2.801548,54.058304,On or near Petrol Station,E01025150,Lancaster 011B,Other theft,Local resolution,
bea2ddf5ed92487821f47a53efc55efd8ed3fd0a35744f677c882ea7eaef118e,2019-02,Lancashire Constabulary,Lancashire Constabulary,-2.800746,54.059532,On or near Skerton,E01025150,Lancaster 011B,Robbery,Status update unavailable,
50c8835926d53d6098fb2074659e2871de5b2926d1716cc8569a9b50340ac351,2019-02,Lancashire Constabulary,Lancashire Constabulary,-2.801548,54.058304,On or near Petrol Station,E01025150,Lancaster 011B,Shoplifting,Status update unavailable,
f227e48ffef1a1bbe145af5c9d4e396be2822f0a83c2a3ff2cc05dbe6f8f6fcb,2019-02,Lancashire Constabulary,Lancashire Constabulary,-2.801548,54.058304,On or near Petrol Station,E01025150,Lancaster 011B,Shoplifting,Status update unavailable,
92e950b4d93a63529145b38bbd46f4e4e9a03abde2445379115df03863e99b99,2019-02,Lancashire Constabulary,Lancashire Constabulary,-2.800685,54.058714,On or near Owen Road,E01025150,Lancaster 011B,Violence and sexual offences,Unable to prosecute suspect,
5fd675b8fb086a37258a3e59c260531585f3c501710c9489807ce0f99e781ef8,2019-02,Lancashire Constabulary,Lancashire Constabulary,-2.801548,54.058304,On or near Petrol Station,E01025150,Lancaster 011B,Violence and sexual offences,Status update unavailable,
3fef85c7b3c27c80e0d896c1767c5baa79fc8a7daf8795c32f35b5d91f7bbcfd,2019-02,Lancashire Constabulary,Lancashire Constabulary,-2.805794,54.060604,On or near Lambert Road,E01025150,Lancaster 011B,Violence and sexual offences,Unable to prosecute suspect,
a61a1d316d933b5cc3db1fdf3a8630d8ff96e8873ff93c1be041b107ac71808a,2019-02,Lancashire Constabulary,Lancashire Constabulary,-2.806534,54.060985,On or near Noel Road,E01025150,Lancaster 011B,Violence and sexual offences,Status update unavailable,
7f7776bf2da46edae53b5e30fa7d53be18cc6c6f73a2c60d23625b4ccfd69c09,2019-02,Lancashire Constabulary,Lancashire Constabulary,-2.807221,54.061735,On or near Fleetgreen,E01025150,Lancaster 011B,Violence and sexual offences,Status update unavailable,
,2019-02,Lancashire Constabulary,Lancashire Constabulary,-2.800914,54.053131,On or near Back Lord Street,E01025151,Lancaster 011C,Anti-social behaviour,,
,2019-02,Lancashire Constabulary,Lancashire Constabulary,-2.807410,54.058076,On or near Sports/Recreation Area,E01025151,Lancaster 011C,Anti-social behaviour,,
,2019-02,Lancashire Constabulary,Lancashire Constabulary,-2.796676,54.056773,On or near Mainway,E01025151,Lancaster 011C,Anti-social behaviour,,
,2019-02,Lancashire Constabulary,Lancashire Constabulary,-2.803556,54.055486,On or near Morecambe Road,E01025151,Lancaster 011C,Anti-social behaviour,,
d34a350e96a8a146da9623024c88739be07e967a17b6152976bf82e22481339a,2019-02,Lancashire Constabulary,Lancashire Constabulary,-2.796676,54.056773,On or near Mainway,E01025151,Lancaster 011C,Criminal damage and arson,Status update unavailable,
f12908107f6d4ccfd0e447c14719e9822325d37791afc5ea4dc12e765b8a685e,2019-02,Lancashire Constabulary,Lancashire Constabulary,-2.796676,54.056773,On or near Mainway,E01025151,Lancaster 011C,Drugs,Status update unavailable,
a284ea3d68bb8d29890d4277e89bc4a43fdc568cbfc294d7790cc1fadc7b257a,2019-02,Lancashire Constabulary,Lancashire Constabulary,-2.798381,54.055701,On or near Bus/Coach Station,E01025151,Lancaster 011C,Other theft,Status update unavailable,
44ff0fccc22bfe6c4aa66b9c40dd6ef658674ea0dd88151c674a134dadad8067,2019-02,Lancashire Constabulary,Lancashire Constabulary,-2.797427,54.059293,On or near Kent Street,E01025151,Lancaster 011C,Other theft,Status update unavailable,
9108c00a92f867529abc814a8b05f8312a9b1d90b1cb585062e73e312682d3aa,2019-02,Lancashire Constabulary,Lancashire Constabulary,-2.798381,54.055701,On or near Bus/Coach Station,E01025151,Lancaster 011C,Violence and sexual offences,Unable to prosecute suspect,
aba49b55e2557f423c07a48728dfda8edc29b4d9128d882c10f69064e269c9ad,2019-02,Lancashire Constabulary,Lancashire Constabulary,-2.798347,54.059458,On or near Broadway,E01025151,Lancaster 011C,Violence and sexual offences,Status update unavailable,
91a501cfa192ccd2e167eb60e42074f43396aabd6ee471da65ea31bb11872cdb,2019-02,Lancashire Constabulary,Lancashire Constabulary,-2.797219,54.054828,On or near Pedestrian Subway,E01025151,Lancaster 011C,Violence and sexual offences,Status update unavailable,
a2998af31e6c12cbfa60e34b4b4288b247ee7043ebaade945ab28bbbd5e35457,2019-02,Lancashire Constabulary,Lancashire Constabulary,-2.798347,54.059458,On or near Broadway,E01025151,Lancaster 011C,Violence and sexual offences,Unable to prosecute suspect,
a1ed2767adf4d251ed3429d045254464a2b1caa35162b689afc5bf9ff42195a6,2019-02,Lancashire Constabulary,Lancashire Constabulary,-2.800810,54.053321,On or near Lord Street,E01025151,Lancaster 011C,Violence and sexual offences,Further investigation is not in the public interest,
0190933d9d5d3582edb85c595414f787c55bf0eca3f07188e35b2a21ad647e77,2019-02,Lancashire Constabulary,Lancashire Constabulary,-2.796676,54.056773,On or near Mainway,E01025151,Lancaster 011C,Violence and sexual offences,Status update unavailable,
7260250ee575415197596446cb8c0d6283a2749def864511c43e10f99b663ac7,2019-02,Lancashire Constabulary,Lancashire Constabulary,-2.795774,54.059160,On or near The Ramparts,E01025151,Lancaster 011C,Other crime,Status update unavailable,
,2019-02,Lancashire Constabulary,Lancashire Constabulary,-2.795976,54.066511,On or near Howgill Avenue,E01025152,Lancaster 011D,Anti-social behaviour,,
,2019-02,Lancashire Constabulary,Lancashire Constabulary,-2.796090,54.063688,On or near Hill Road,E01025152,Lancaster 011D,Anti-social behaviour,,
,2019-02,Lancashire Constabulary,Lancashire Constabulary,-2.798074,54.065958,On or near Ripon Avenue,E01025152,Lancaster 011D,Anti-social behaviour,,
,2019-02,Lancashire Constabulary,Lancashire Constabulary,-2.795109,54.064306,On or near Halton Road,E01025152,Lancaster 011D,Anti-social behaviour,,
,2019-02,Lancashire Constabulary,Lancashire Constabulary,-2.800832,54.066371,On or near Bolton Avenue,E01025152,Lancaster 011D,Anti-social behaviour,,
,2019-02,Lancashire Constabulary,Lancashire Constabulary,-2.795976,54.066511,On or near Howgill Avenue,E01025152,Lancaster 011D,Anti-social behaviour,,
,2019-02,Lancashire Constabulary,Lancashire Constabulary,-2.796090,54.063688,On or near Hill Road,E01025152,Lancaster 011D,Anti-social behaviour,,
,2019-02,Lancashire Constabulary,Lancashire Constabulary,-2.796090,54.063688,On or near Hill Road,E01025152,Lancaster 011D,Anti-social behaviour,,
,2019-02,Lancashire Constabulary,Lancashire Constabulary,-2.795976,54.066511,On or near Howgill Avenue,E01025152,Lancaster 011D,Anti-social behaviour,,
,2019-02,Lancashire Constabulary,Lancashire Constabulary,-2.795937,54.067653,On or near Ellwood Avenue,E01025152,Lancaster 011D,Anti-social behaviour,,
,2019-02,Lancashire Constabulary,Lancashire Constabulary,-2.798074,54.065958,On or near Ripon Avenue,E01025152,Lancaster 011D,Anti-social behaviour,,
,2019-02,Lancashire Constabulary,Lancashire Constabulary,-2.798074,54.065958,On or near Ripon Avenue,E01025152,Lancaster 011D,Anti-social behaviour,,
,2019-02,Lancashire Constabulary,Lancashire Constabulary,-2.796090,54.063688,On or near Hill Road,E01025152,Lancaster 011D,Anti-social behaviour,,
,2019-02,Lancashire Constabulary,Lancashire Constabulary,-2.800832,54.066371,On or near Bolton Avenue,E01025152,Lancaster 011D,Anti-social behaviour,,
bf446032301761fef9c4683f21757840b0883d2c86ef659f36781d6cb756aba2,2019-02,Lancashire Constabulary,Lancashire Constabulary,-2.801485,54.066951,On or near Hammerton Hall Lane,E01025152,Lancaster 011D,Burglary,Status update unavailable,
33ce0efb0ea0a9b212e9c96c6e9d187b756e6e0c84dfa382988da6471c00f23e,2019-02,Lancashire Constabulary,Lancashire Constabulary,-2.801579,54.066249,On or near Tall Trees,E01025152,Lancaster 011D,Public order,Status update unavailable,
85eb622838770e3872afcf2d2ddddfff07ce4df8800d854094098e72f7141c83,2019-02,Lancashire Constabulary,Lancashire Constabulary,-2.798254,54.065768,On or near Whalley Road,E01025152,Lancaster 011D,Violence and sexual offences,Unable to prosecute suspect,
d35d087abc27fb1c2f48aa2294ca2b16f23ed79ce3a28d3c89e28135fe4f45ba,2019-02,Lancashire Constabulary,Lancashire Constabulary,-2.798882,54.064281,On or near Tan Hill Drive,E01025152,Lancaster 011D,Violence and sexual offences,Status update unavailable,
100b196e904ee8b8d39511e7084191af9e5c2d021d3f326e176bc54e648d8934,2019-02,Lancashire Constabulary,Lancashire Constabulary,-2.795976,54.066511,On or near Howgill Avenue,E01025152,Lancaster 011D,Violence and sexual offences,Unable to prosecute suspect,
094cf7c73e424479e6f4bbabfca5b619255d659c611fe9ea61b6726e804da932,2019-02,Lancashire Constabulary,Lancashire Constabulary,-2.796413,54.063785,On or near Mount Avenue,E01025152,Lancaster 011D,Violence and sexual offences,Further investigation is not in the public interest,
e55b31d7ffd8aba80b0440aa592361a98d9c176edbf64e43bdd453d99ac335e1,2019-02,Lancashire Constabulary,Lancashire Constabulary,-2.798882,54.064281,On or near Tan Hill Drive,E01025152,Lancaster 011D,Violence and sexual offences,Status update unavailable,
e3755b2877f77527799a767ff496fcb61d7c1b9b48fcb86d98f3f6feaa2d284a,2019-02,Lancashire Constabulary,Lancashire Constabulary,-2.795976,54.066511,On or near Howgill Avenue,E01025152,Lancaster 011D,Violence and sexual offences,Status update unavailable,
897daafb0b91473015c8dc2e8c48a02656746feb597a8cbc9c0b33b7b3ef5d05,2019-02,Lancashire Constabulary,Lancashire Constabulary,-2.796413,54.063785,On or near Mount Avenue,E01025152,Lancaster 011D,Violence and sexual offences,Unable to prosecute suspect,
784dadeacaf557057066ef6d32123074bceff07343d82a6554607ea501447b08,2019-02,Lancashire Constabulary,Lancashire Constabulary,-2.798570,54.066323,On or near Richmond Avenue,E01025152,Lancaster 011D,Violence and sexual offences,Awaiting court outcome,
,2019-02,Lancashire Constabulary,Lancashire Constabulary,-2.808000,54.063321,On or near Supermarket,E01025154,Lancaster 011E,Anti-social behaviour,,
,2019-02,Lancashire Constabulary,Lancashire Constabulary,-2.809113,54.062415,On or near Harcourt Road,E01025154,Lancaster 011E,Anti-social behaviour,,
,2019-02,Lancashire Constabulary,Lancashire Constabulary,-2.808888,54.064942,On or near Shakespeare Road,E01025154,Lancaster 011E,Anti-social behaviour,,
,2019-02,Lancashire Constabulary,Lancashire Constabulary,-2.808888,54.064942,On or near Shakespeare Road,E01025154,Lancaster 011E,Anti-social behaviour,,
,2019-02,Lancashire Constabulary,Lancashire Constabulary,-2.806128,54.063666,On or near Hathaway Road,E01025154,Lancaster 011E,Anti-social behaviour,,
d7dbc10f56ea4e4802798be52c91a7f72ed22e9ea2703db610b2a80e8b8af504,2019-02,Lancashire Constabulary,Lancashire Constabulary,-2.811519,54.061185,On or near Sports/Recreation Area,E01025154,Lancaster 011E,Burglary,Unable to prosecute suspect,
a3dc1c0d69da7f4e3bbf15fe1db6565a6719f1f7204846a2450bc8615074a6f2,2019-02,Lancashire Constabulary,Lancashire Constabulary,-2.810847,54.062781,On or near Granville Road,E01025154,Lancaster 011E,Violence and sexual offences,Status update unavailable,
b854fefce45e2da1939765365128eec1af8b59c254cae4e0875bc114246d468b,2019-02,Lancashire Constabulary,Lancashire Constabulary,-2.808000,54.063321,On or near Supermarket,E01025154,Lancaster 011E,Violence and sexual offences,Status update unavailable,
63477b20490560963ed1ffa47cfb863d969637e9c3fe3b45bc76e0cdf136be35,2019-02,Lancashire Constabulary,Lancashire Constabulary,-2.808000,54.063321,On or near Supermarket,E01025154,Lancaster 011E,Violence and sexual offences,Status update unavailable,
,2019-02,Lancashire Constabulary,Lancashire Constabulary,-2.789581,54.054015,On or near Bowness Road,E01025091,Lancaster 013A,Anti-social behaviour,,
,2019-02,Lancashire Constabulary,Lancashire Constabulary,-2.792045,54.053469,On or near Grebe Wharf,E01025091,Lancaster 013A,Anti-social behaviour,,
,2019-02,Lancashire Constabulary,Lancashire Constabulary,-2.785961,54.055657,On or near Thirlmere Road,E01025091,Lancaster 013A,Anti-social behaviour,,
,2019-02,Lancashire Constabulary,Lancashire Constabulary,-2.782786,54.054949,On or near Crag Road,E01025091,Lancaster 013A,Anti-social behaviour,,
fa07751fe260cc8a156992d03f4e33a8c310997f64fccaca61324145709d70fd,2019-02,Lancashire Constabulary,Lancashire Constabulary,-2.792045,54.053469,On or near Grebe Wharf,E01025091,Lancaster 013A,Bicycle theft,Status update unavailable,
cfcbab6a860fe7af3016db119a68190a610308b877881898ab250a0f3ade7d02,2019-02,Lancashire Constabulary,Lancashire Constabulary,-2.782786,54.054949,On or near Crag Road,E01025091,Lancaster 013A,Other theft,Status update unavailable,
026db096298c816caea65626717e0e2af5b5937415687060e5e7c89805fee336,2019-02,Lancashire Constabulary,Lancashire Constabulary,-2.792045,54.053469,On or near Grebe Wharf,E01025091,Lancaster 013A,Robbery,Status update unavailable,
10f6ff315540dc5aef66567b080cb50e50e4dc84244dfd27e7977b0d3671bff4,2019-02,Lancashire Constabulary,Lancashire Constabulary,-2.785713,54.054670,On or near Keswick Road,E01025091,Lancaster 013A,Vehicle crime,Status update unavailable,
86fb7e7f878b89df8d350bd2b63e220e4abed3f5c191f54aacab25bf12444beb,2019-02,Lancashire Constabulary,Lancashire Constabulary,-2.790583,54.055285,On or near Elterwater Place,E01025091,Lancaster 013A,Violence and sexual offences,Unable to prosecute suspect,
7baf79722c4e966b136d5f2b7930cf1e4d8e555048c87f0a97c0f5d3b1f1e5c0,2019-02,Lancashire Constabulary,Lancashire Constabulary,-2.782786,54.054949,On or near Crag Road,E01025091,Lancaster 013A,Violence and sexual offences,Status update unavailable,
9c72281c3487054d849cef419040f75012617a448f5dfcfca5b231bd6edbb8f0,2019-02,Lancashire Constabulary,Lancashire Constabulary,-2.785713,54.054670,On or near Keswick Road,E01025091,Lancaster 013A,Violence and sexual offences,Unable to prosecute suspect,
,2019-02,Lancashire Constabulary,Lancashire Constabulary,-2.787441,54.055539,On or near Patterdale Road,E01025092,Lancaster 013B,Anti-social behaviour,,
,2019-02,Lancashire Constabulary,Lancashire Constabulary,-2.783038,54.056179,On or near Lyth Road,E01025092,Lancaster 013B,Anti-social behaviour,,
,2019-02,Lancashire Constabulary,Lancashire Constabulary,-2.790565,54.057577,On or near Langdale Road,E01025092,Lancaster 013B,Anti-social behaviour,,
,2019-02,Lancashire Constabulary,Lancashire Constabulary,-2.788254,54.059749,On or near Grizedale Road,E01025092,Lancaster 013B,Anti-social behaviour,,
,2019-02,Lancashire Constabulary,Lancashire Constabulary,-2.787441,54.055539,On or near Patterdale Road,E01025092,Lancaster 013B,Anti-social behaviour,,
f35ce8114bd9be328f7a0bdfce59f626c8bab20afb616f63abb164b25fd2019b,2019-02,Lancashire Constabulary,Lancashire Constabulary,-2.788348,54.062319,On or near Petrol Station,E01025092,Lancaster 013B,Vehicle crime,Status update unavailable,
7c068d1b69f2a136744a39ccf4dcffcd31f04fa61c1ec45d107a9b6de9d9bad6,2019-02,Lancashire Constabulary,Lancashire Constabulary,-2.782589,54.057467,On or near Honister Road,E01025092,Lancaster 013B,Vehicle crime,Status update unavailable,
68b13c086dd809d385ef5bfb641762a33db030890d2fce2e13ac27887a5cd944,2019-02,Lancashire Constabulary,Lancashire Constabulary,-2.787441,54.055539,On or near Patterdale Road,E01025092,Lancaster 013B,Violence and sexual offences,Unable to prosecute suspect,
448caa136ced41eef41bcd4c81a27ea84b5cb3721c67c3f27aa1a7b5c7c4106a,2019-02,Lancashire Constabulary,Lancashire Constabulary,-2.790565,54.057577,On or near Langdale Road,E01025092,Lancaster 013B,Violence and sexual offences,Status update unavailable,
d83732d8212d8189fbfc9610b1f8611c2f3b675cdf473f64d692e1f27aa6c601,2019-02,Lancashire Constabulary,Lancashire Constabulary,-2.789442,54.057153,On or near Skiddaw Road,E01025092,Lancaster 013B,Violence and sexual offences,Status update unavailable,
,2019-02,Lancashire Constabulary,Lancashire Constabulary,-2.791312,54.051038,On or near Garnet Street,E01025095,Lancaster 013C,Anti-social behaviour,,
ead6052fc6ee329309f67ce554838ffb5254f4980e7b99dce84dd636d9e29afd,2019-02,Lancashire Constabulary,Lancashire Constabulary,-2.773502,54.051037,On or near Far Moor Lane,E01025095,Lancaster 013C,Drugs,Unable to prosecute suspect,
44477822e2bd63c7fc3a4c267147902a95caee898bc85230fa40b3ffbe9abf40,2019-02,Lancashire Constabulary,Lancashire Constabulary,-2.788780,54.048834,On or near Rydal Road,E01025095,Lancaster 013C,Theft from the person,Status update unavailable,
5a577f2fdc1feda3925c86df8c646ad1cafb1fbfa8137287af49356475932d6b,2019-02,Lancashire Constabulary,Lancashire Constabulary,-2.769047,54.048836,On or near Sports/Recreation Area,E01025095,Lancaster 013C,Violence and sexual offences,Status update unavailable,
0bf65895f54df91661a529bd36f40a3aa2d4b50ea361c8969426ca8bd5ad42ee,2019-02,Lancashire Constabulary,Lancashire Constabulary,-2.769047,54.048836,On or near Sports/Recreation Area,E01025095,Lancaster 013C,Violence and sexual offences,Status update unavailable,
2c875e7e94a5189c2849d90406463e146582ea941db1f8ac41fbd02560fd7f33,2019-02,Lancashire Constabulary,Lancashire Constabulary,-2.773502,54.051037,On or near Far Moor Lane,E01025095,Lancaster 013C,Violence and sexual offences,Status update unavailable,
0a03cd736e4fbb3609f2e1468746459a9104b14c25afa80a22fdc1497c0aedcc,2019-02,Lancashire Constabulary,Lancashire Constabulary,-2.773502,54.051037,On or near Far Moor Lane,E01025095,Lancaster 013C,Violence and sexual offences,Status update unavailable,
fbcc556d125ba286fd248b48768ab1211e742e519c842c143d4c081f2deddd30,2019-02,Lancashire Constabulary,Lancashire Constabulary,-2.788684,54.050992,On or near Borrowdale Road,E01025095,Lancaster 013C,Violence and sexual offences,Unable to prosecute suspect,
c34ac8bac873c8a74e2b1cb9398adce9ce8568fb9f9c8c86562d9a8f5319cfde,2019-02,Lancashire Constabulary,Lancashire Constabulary,-2.773502,54.051037,On or near Far Moor Lane,E01025095,Lancaster 013C,Violence and sexual offences,Status update unavailable,
61e1c3d374db5b530b891b7b723c859c5c21c566423586fac4f3e533894a0a2e,2019-02,Lancashire Constabulary,Lancashire Constabulary,-2.769047,54.048836,On or near Sports/Recreation Area,E01025095,Lancaster 013C,Violence and sexual offences,Unable to prosecute suspect,
4845817b93d31b3fa7f7bc45d465c981b2ec979427b1fc152c5eb9fbb8b82bc3,2019-02,Lancashire Constabulary,Lancashire Constabulary,-2.786189,54.049921,On or near Derwent Road,E01025095,Lancaster 013C,Violence and sexual offences,Investigation complete; no suspect identified,
403b1bb8856a07cf7cb64b1ae9d98a63f16c692ca8d435482b5cc2b8bc93eb73,2019-02,Lancashire Constabulary,Lancashire Constabulary,-2.773502,54.051037,On or near Far Moor Lane,E01025095,Lancaster 013C,Other crime,Status update unavailable,
cda6f31a78fc94ba4eb6c44365e5e4054232cd5ea015d3f87059306fa15ee751,2019-02,Lancashire Constabulary,Lancashire Constabulary,-2.773502,54.051037,On or near Far Moor Lane,E01025095,Lancaster 013C,Other crime,Awaiting court outcome,
9cf51e7fabbfe2f2710b2cec828f231758a522291068fcc985bf35b3473cf0fa,2019-02,Lancashire Constabulary,Lancashire Constabulary,-2.779747,54.040310,On or near Parking Area,E01025126,Lancaster 013D,Shoplifting,Status update unavailable,
0ef0a8b0b06a3f08f013e67b1ebbb53c8c615546a7b1c8fdd894b53f8472913f,2019-02,Lancashire Constabulary,Lancashire Constabulary,-2.784284,54.042051,On or near Clougha Avenue,E01025126,Lancaster 013D,Violence and sexual offences,Unable to prosecute suspect,
c3cddfa8d3e553cbf416b67f7428deb3c8285debfea665eb4a2db8ca5bcba413,2019-02,Lancashire Constabulary,Lancashire Constabulary,-2.787623,54.037733,On or near Ulster Road,E01025126,Lancaster 013D,Violence and sexual offences,Status update unavailable,
d3bc05787bd3367ae096cf83ddf2b965ccd1ceb5ba16f46d942dc803e6266281,2019-02,Lancashire Constabulary,Lancashire Constabulary,-2.784284,54.042051,On or near Clougha Avenue,E01025126,Lancaster 013D,Violence and sexual offences,Further investigation is not in the public interest,
,2019-02,Lancashire Constabulary,Lancashire Constabulary,-2.797932,54.050581,On or near North Road,E01025093,Lancaster 014A,Anti-social behaviour,,
,2019-02,Lancashire Constabulary,Lancashire Constabulary,-2.801009,54.050920,On or near St John'S Mews,E01025093,Lancaster 014A,Anti-social behaviour,,
,2019-02,Lancashire Constabulary,Lancashire Constabulary,-2.801009,54.050920,On or near St John'S Mews,E01025093,Lancaster 014A,Anti-social behaviour,,
,2019-02,Lancashire Constabulary,Lancashire Constabulary,-2.796404,54.051373,On or near Phoenix Street,E01025093,Lancaster 014A,Anti-social behaviour,,
66d639ef4c0a3180b5dcbb6c67c5c090def4ebd2364b0c208797f8debd83275f,2019-02,Lancashire Constabulary,Lancashire Constabulary,-2.797802,54.050159,On or near Pitt Street,E01025093,Lancaster 014A,Bicycle theft,Status update unavailable,
1881996c3ad8c0e44d9b820f44da79f981916bb6bbca76b2fb403842251d1566,2019-02,Lancashire Constabulary,Lancashire Constabulary,-2.798743,54.049847,On or near Rosemary Lane,E01025093,Lancaster 014A,Burglary,Status update unavailable,
c84473817152b07b927eb756e099d3eb005f757d822535b88f0187c68868c903,2019-02,Lancashire Constabulary,Lancashire Constabulary,-2.793039,54.053507,On or near Bulk Road,E01025093,Lancaster 014A,Burglary,Status update unavailable,
07509aae3ef33f6ddaccfd9a97b6545e2b51f4e6ceefd87b010b0803a31b1486,2019-02,Lancashire Constabulary,Lancashire Constabulary,-2.802531,54.051476,On or near Damside Street,E01025093,Lancaster 014A,Criminal damage and arson,Unable to prosecute suspect,
41937188c240a523632c67170d8db744632c55e3d42d9a16fcb9acab0c9498dd,2019-02,Lancashire Constabulary,Lancashire Constabulary,-2.792977,54.052672,On or near Hinde Street,E01025093,Lancaster 014A,Criminal damage and arson,Unable to prosecute suspect,
6417e3333a9a364e847bfea5c3e21b4d7e0959ed3b0276a9ee2d7b92ec103b85,2019-02,Lancashire Constabulary,Lancashire Constabulary,-2.793039,54.053507,On or near Bulk Road,E01025093,Lancaster 014A,Criminal damage and arson,Status update unavailable,
a5a7410e56aef2fcaa40e4c9d6ea6f74fed69ad89b041a2da9c3f36b657b5b6c,2019-02,Lancashire Constabulary,Lancashire Constabulary,-2.793039,54.053507,On or near Bulk Road,E01025093,Lancaster 014A,Criminal damage and arson,Status update unavailable,
ae3b0631527225a3daaf1882d50a55567bda2e31ebe99521ee28c92ca175f19d,2019-02,Lancashire Constabulary,Lancashire Constabulary,-2.796531,54.050815,On or near Nightclub,E01025093,Lancaster 014A,Other theft,Status update unavailable,
fd909c5670df816e605d710a6543d4cd3112ad7b7d002fbe798a811b6a04ae61,2019-02,Lancashire Constabulary,Lancashire Constabulary,-2.796404,54.051373,On or near Phoenix Street,E01025093,Lancaster 014A,Other theft,Status update unavailable,
34b17c9086a9a8b1ad52a519e37a7301ce82358514d8b897bb91da5513c22989,2019-02,Lancashire Constabulary,Lancashire Constabulary,-2.792977,54.052672,On or near Hinde Street,E01025093,Lancaster 014A,Public order,Status update unavailable,
af1eeb14e8652687a3c8d328ed62df29e9d85a267fa4e7e03f02da11b63b4241,2019-02,Lancashire Constabulary,Lancashire Constabulary,-2.799612,54.050578,On or near Chapel Street,E01025093,Lancaster 014A,Public order,Status update unavailable,
4927f08bdb59b0f2732918bd2b1312b471fe05abfa01f30fd0b80f90f32bc58d,2019-02,Lancashire Constabulary,Lancashire Constabulary,-2.799612,54.050578,On or near Chapel Street,E01025093,Lancaster 014A,Shoplifting,Unable to prosecute suspect,
d8c2ca02b9d50f31078dc71ff861ca3cdfd985abdf231f670bab1079ecab0401,2019-02,Lancashire Constabulary,Lancashire Constabulary,-2.800205,54.051231,On or near Water Street,E01025093,Lancaster 014A,Shoplifting,Status update unavailable,
7be8d13e2fb3053c9973aeae11412cc5681ab714f42be31574949a2bbdfea08f,2019-02,Lancashire Constabulary,Lancashire Constabulary,-2.793700,54.052110,On or near Factory Hill,E01025093,Lancaster 014A,Violence and sexual offences,Awaiting court outcome,
1d017c80d85a6cf3432d62fb917f1da9b195481ec2f1d30bfc0d4420807b5733,2019-02,Lancashire Constabulary,Lancashire Constabulary,-2.793731,54.051354,On or near De Vitre Street,E01025093,Lancaster 014A,Violence and sexual offences,Unable to prosecute suspect,
b29c77ea4140f5901247eb81aa5bf534ed42b87afb0d945d7c1c9f7bf91ad8ee,2019-02,Lancashire Constabulary,Lancashire Constabulary,-2.801009,54.050920,On or near St John'S Mews,E01025093,Lancaster 014A,Violence and sexual offences,Unable to prosecute suspect,
205ee78d779135f29e986c0b5f2d75bc4a43e09004027ddbce494851b33bb2e8,2019-02,Lancashire Constabulary,Lancashire Constabulary,-2.797802,54.050159,On or near Pitt Street,E01025093,Lancaster 014A,Violence and sexual offences,Status update unavailable,
cabe47dc8255a42a988eea8cdcedfb2abf2e63523e484e66ed8b2ddcca32a375,2019-02,Lancashire Constabulary,Lancashire Constabulary,-2.801009,54.050920,On or near St John'S Mews,E01025093,Lancaster 014A,Violence and sexual offences,Status update unavailable,
6862f26fa46c16be5819d53f01e1cdf04cc5a07ae4a1f48eecf45387ed849b5b,2019-02,Lancashire Constabulary,Lancashire Constabulary,-2.796531,54.050815,On or near Nightclub,E01025093,Lancaster 014A,Violence and sexual offences,Status update unavailable,
fa4420d002da07d00070e2b946bb62cbf6740aaf9385c8155bca2f774655e8ee,2019-02,Lancashire Constabulary,Lancashire Constabulary,-2.802531,54.051476,On or near Damside Street,E01025093,Lancaster 014A,Violence and sexual offences,Unable to prosecute suspect,
5826b13de97fa5ce38715e3dd33c0456d1de3e9074dbb6fb8b5f67cf596b0d0d,2019-02,Lancashire Constabulary,Lancashire Constabulary,-2.792977,54.052672,On or near Hinde Street,E01025093,Lancaster 014A,Violence and sexual offences,Status update unavailable,
58ceb2cbca06a64757190db43a75ccd3ddda91f6fbc487a996ddbf0cd8fba85d,2019-02,Lancashire Constabulary,Lancashire Constabulary,-2.801009,54.050920,On or near St John'S Mews,E01025093,Lancaster 014A,Violence and sexual offences,Unable to prosecute suspect,
3370296b537c39a70982935866fad836d4417bd013b02809fd8491daad79493f,2019-02,Lancashire Constabulary,Lancashire Constabulary,-2.799900,54.050460,On or near Butterfield Street,E01025093,Lancaster 014A,Violence and sexual offences,Unable to prosecute suspect,
8836ef664fb1371aca40333ab558ba52a430257fefebcd44671989083ee8c5a7,2019-02,Lancashire Constabulary,Lancashire Constabulary,-2.794102,54.050795,On or near Sidney Terrace,E01025093,Lancaster 014A,Violence and sexual offences,Status update unavailable,
ee8b4c561aceb68a0594b54cf56f5620279e99f904dbd629050126545277b2e2,2019-02,Lancashire Constabulary,Lancashire Constabulary,-2.792977,54.052672,On or near Hinde Street,E01025093,Lancaster 014A,Violence and sexual offences,Status update unavailable,
53252d36f7914d1ca95f02e0787b0c59356df09baabc673e68c3d2ed3f9884d6,2019-02,Lancashire Constabulary,Lancashire Constabulary,-2.801009,54.050920,On or near St John'S Mews,E01025093,Lancaster 014A,Violence and sexual offences,Status update unavailable,
,2019-02,Lancashire Constabulary,Lancashire Constabulary,-2.793804,54.048765,On or near Bath Mill Lane,E01025094,Lancaster 014B,Anti-social behaviour,,
,2019-02,Lancashire Constabulary,Lancashire Constabulary,-2.796638,54.050023,On or near Theatre/Concert Hall,E01025094,Lancaster 014B,Anti-social behaviour,,
,2019-02,Lancashire Constabulary,Lancashire Constabulary,-2.793564,54.049001,On or near Woodville Street,E01025094,Lancaster 014B,Anti-social behaviour,,
21c78e6fba56ce9f0752d3f3e754a8086199ec8ad7597bd5a4b284411e399b28,2019-02,Lancashire Constabulary,Lancashire Constabulary,-2.791351,54.048314,On or near Moor Gate,E01025094,Lancaster 014B,Bicycle theft,Status update unavailable,
72fd0836dd97fecd58709a186bca46d6cdfee7477c2c608d9f03b91058fa88bd,2019-02,Lancashire Constabulary,Lancashire Constabulary,-2.792311,54.048991,On or near Williamson Road,E01025094,Lancaster 014B,Burglary,Status update unavailable,
fa1456065f54ef08b04fdf0453a57f39ad028cc9ad557037fe50d8e0e7e68eb8,2019-02,Lancashire Constabulary,Lancashire Constabulary,-2.791507,54.049266,On or near Bath Street,E01025094,Lancaster 014B,Burglary,Status update unavailable,
2213f5c624371e0dbea5e0971b40de10f9da9ea3faf550c6a5599768a094a670,2019-02,Lancashire Constabulary,Lancashire Constabulary,-2.793804,54.048765,On or near Bath Mill Lane,E01025094,Lancaster 014B,Other theft,Status update unavailable,
9e2e67ab53139aa455a473070e89e8aa927bbb255a48542242e5c9ea0283db57,2019-02,Lancashire Constabulary,Lancashire Constabulary,-2.792310,54.048137,On or near Moor Close,E01025094,Lancaster 014B,Violence and sexual offences,Unable to prosecute suspect,
a6e936ef5e66d6692681b8dd397e84ec0d7e177b60da442ec5d882fbd4be1597,2019-02,Lancashire Constabulary,Lancashire Constabulary,-2.793564,54.049001,On or near Woodville Street,E01025094,Lancaster 014B,Violence and sexual offences,Status update unavailable,
ed2ec52242820085e69308529a23dad23fc4b18e8d7c1c2f6e1a431a3a85ec1b,2019-02,Lancashire Constabulary,Lancashire Constabulary,-2.792434,54.050617,On or near Nun'S Street,E01025094,Lancaster 014B,Violence and sexual offences,Unable to prosecute suspect,
674665eddd17e4d475a8271d46b5ebb1824de13bf9d16306c6e50ec67d14bc49,2019-02,Lancashire Constabulary,Lancashire Constabulary,-2.792310,54.048137,On or near Moor Close,E01025094,Lancaster 014B,Violence and sexual offences,Unable to prosecute suspect,
fb0b9298b5b8e4274f9b6be0369a3d25f9a5cead6bcc225852dc8d3125e8de6a,2019-02,Lancashire Constabulary,Lancashire Constabulary,-2.793564,54.049001,On or near Woodville Street,E01025094,Lancaster 014B,Violence and sexual offences,Status update unavailable,
26dc04dc81f88db1fc4d681314521542a7cfcaadb8ee64febb502d4a1baa7611,2019-02,Lancashire Constabulary,Lancashire Constabulary,-2.792311,54.048991,On or near Williamson Road,E01025094,Lancaster 014B,Violence and sexual offences,Awaiting court outcome,
,2019-02,Lancashire Constabulary,Lancashire Constabulary,-2.803224,54.049359,On or near China Street,E01025099,Lancaster 014C,Anti-social behaviour,,
,2019-02,Lancashire Constabulary,Lancashire Constabulary,-2.802739,54.051151,On or near Bridge Lane,E01025099,Lancaster 014C,Anti-social behaviour,,
,2019-02,Lancashire Constabulary,Lancashire Constabulary,-2.804065,54.049398,On or near Castle Grove,E01025099,Lancaster 014C,Anti-social behaviour,,
,2019-02,Lancashire Constabulary,Lancashire Constabulary,-2.802425,54.050721,On or near Bridge Lane,E01025099,Lancaster 014C,Anti-social behaviour,,
,2019-02,Lancashire Constabulary,Lancashire Constabulary,-2.806072,54.049735,On or near Prison,E01025099,Lancaster 014C,Anti-social behaviour,,
0ca26a6fd3251723faa82d7ec90c7062a872a64a3981b752d2c69bd8d1b2e6a3,2019-02,Lancashire Constabulary,Lancashire Constabulary,-2.806382,54.047594,On or near Wheatfield Street,E01025099,Lancaster 014C,Burglary,Status update unavailable,
7228df093f8e557c3c115efc0807fd8fe85f7fd3de06f416132b8fee16be592b,2019-02,Lancashire Constabulary,Lancashire Constabulary,-2.812998,54.052430,On or near Charnley Street,E01025099,Lancaster 014C,Burglary,Status update unavailable,
9f4da58d821ca4da5f53b4517befbb80e8e920c89001b20034778751cbeb1f58,2019-02,Lancashire Constabulary,Lancashire Constabulary,-2.804655,54.053061,On or near Pine Street,E01025099,Lancaster 014C,Burglary,Status update unavailable,
cfaa6b3d52c0b1e72fc13faf90dffcaf2142c664356610af7ea361ffbe2e9ba0,2019-02,Lancashire Constabulary,Lancashire Constabulary,-2.812762,54.051308,On or near Marsh Street,E01025099,Lancaster 014C,Burglary,Status update unavailable,
685e39552c6a7c2d90cf97ce353008e041c6fbb2a6f8385510bab5931a542b14,2019-02,Lancashire Constabulary,Lancashire Constabulary,-2.812759,54.051164,On or near Windmill Street,E01025099,Lancaster 014C,Burglary,Status update unavailable,
67ae3b54d2debb81cf84483c46b42a4f147860bcd7e78f1ecd6dc5f6848c3a03,2019-02,Lancashire Constabulary,Lancashire Constabulary,-2.805161,54.049220,On or near Castle Park,E01025099,Lancaster 014C,Burglary,Status update unavailable,
2e2e8fcae05cf394c70349f8562006173b14bc279163b1fdc38aeefa1ec8614a,2019-02,Lancashire Constabulary,Lancashire Constabulary,-2.804381,54.049962,On or near St Mary'S Parade,E01025099,Lancaster 014C,Burglary,Status update unavailable,
0cbe0417bccfc5bd40f70bd13c7271e2d30d670eb8a67fde5e23f4775ff67016,2019-02,Lancashire Constabulary,Lancashire Constabulary,-2.811930,54.050963,On or near Hubert Place,E01025099,Lancaster 014C,Burglary,Status update unavailable,
27341afcadb1a68f4efd36bcd7002b8e8d2f4cc40b0be0cdeae57c7979833243,2019-02,Lancashire Constabulary,Lancashire Constabulary,-2.810594,54.051332,On or near Sports/Recreation Area,E01025099,Lancaster 014C,Criminal damage and arson,Status update unavailable,
6e2f9c1816d9ec218dbd848cef245b37e4fa600a214a94a10bb3687bc6d7bd49,2019-02,Lancashire Constabulary,Lancashire Constabulary,-2.804381,54.049962,On or near St Mary'S Parade,E01025099,Lancaster 014C,Drugs,Status update unavailable,
518c2c8638c451635ff2f4a441ddcc18cb0a3ab9413348c949e36debc2b092e7,2019-02,Lancashire Constabulary,Lancashire Constabulary,-2.812998,54.052430,On or near Charnley Street,E01025099,Lancaster 014C,Other theft,Status update unavailable,
901afe5ba34026ed441a88c8301561bf3b6658c01baecba0c46dc1b719c9dfef,2019-02,Lancashire Constabulary,Lancashire Constabulary,-2.812759,54.051164,On or near Windmill Street,E01025099,Lancaster 014C,Other theft,Status update unavailable,
1c15d81f65188b11b74210535cdac68e3e227965598e830a4efe947bb5e1722f,2019-02,Lancashire Constabulary,Lancashire Constabulary,-2.803169,54.050456,On or near Parking Area,E01025099,Lancaster 014C,Public order,Unable to prosecute suspect,
eb8d64a58e4fdf132fecdf91b588d6166581664fdf6ce786cf8e157fcc2b6dbe,2019-02,Lancashire Constabulary,Lancashire Constabulary,-2.803169,54.050456,On or near Parking Area,E01025099,Lancaster 014C,Public order,Status update unavailable,
cc51b2a457516ac3a2faf1504d05ba1e974930b3dce4450d2c9b21dd19954fa8,2019-02,Lancashire Constabulary,Lancashire Constabulary,-2.812759,54.051164,On or near Windmill Street,E01025099,Lancaster 014C,Public order,Status update unavailable,
00133a2d9107fc7b4c70c495b481b19b0ee58611cd028aab0847c217b3f31840,2019-02,Lancashire Constabulary,Lancashire Constabulary,-2.813299,54.052221,On or near Lune Road,E01025099,Lancaster 014C,Theft from the person,Unable to prosecute suspect,
2368ae55542c0947c7c8e2efa355ee3ba6c91d3441961700ae6ca9230dfb4db3,2019-02,Lancashire Constabulary,Lancashire Constabulary,-2.804381,54.049962,On or near St Mary'S Parade,E01025099,Lancaster 014C,Vehicle crime,Status update unavailable,
369a7e7d4662ba1e853ed78b2e2d5060b5a61dc6d83c3d212c6a2dc07be71dee,2019-02,Lancashire Constabulary,Lancashire Constabulary,-2.803169,54.050456,On or near Parking Area,E01025099,Lancaster 014C,Violence and sexual offences,Status update unavailable,
7e21bb9831424237ab7019eaf1099135816f18d550a31c81263802d7837c5318,2019-02,Lancashire Constabulary,Lancashire Constabulary,-2.811930,54.050963,On or near Hubert Place,E01025099,Lancaster 014C,Violence and sexual offences,Status update unavailable,
20331b080d2cac640520ac713ea810f16b86ec37b8c8ee684526496948e94604,2019-02,Lancashire Constabulary,Lancashire Constabulary,-2.803169,54.050456,On or near Parking Area,E01025099,Lancaster 014C,Violence and sexual offences,Status update unavailable,
7690579e6925d018b3f6878eada7ec2032ecdbc11f200ca74892bf371f387292,2019-02,Lancashire Constabulary,Lancashire Constabulary,-2.812060,54.052104,On or near Furness Street,E01025099,Lancaster 014C,Violence and sexual offences,Status update unavailable,
,2019-02,Lancashire Constabulary,Lancashire Constabulary,-2.799820,54.049480,On or near Church Street,E01033071,Lancaster 014E,Anti-social behaviour,,
,2019-02,Lancashire Constabulary,Lancashire Constabulary,-2.799283,54.048576,On or near Shopping Area,E01033071,Lancaster 014E,Anti-social behaviour,,
,2019-02,Lancashire Constabulary,Lancashire Constabulary,-2.798169,54.049420,On or near Stonewell,E01033071,Lancaster 014E,Anti-social behaviour,,
,2019-02,Lancashire Constabulary,Lancashire Constabulary,-2.800593,54.046806,On or near Spring Garden Street,E01033071,Lancaster 014E,Anti-social behaviour,,
,2019-02,Lancashire Constabulary,Lancashire Constabulary,-2.798552,54.049453,On or near Parking Area,E01033071,Lancaster 014E,Anti-social behaviour,,
,2019-02,Lancashire Constabulary,Lancashire Constabulary,-2.800593,54.046806,On or near Spring Garden Street,E01033071,Lancaster 014E,Anti-social behaviour,,
,2019-02,Lancashire Constabulary,Lancashire Constabulary,-2.799820,54.049480,On or near Church Street,E01033071,Lancaster 014E,Anti-social behaviour,,
,2019-02,Lancashire Constabulary,Lancashire Constabulary,-2.800593,54.046806,On or near Spring Garden Street,E01033071,Lancaster 014E,Anti-social behaviour,,
,2019-02,Lancashire Constabulary,Lancashire Constabulary,-2.799820,54.049480,On or near Church Street,E01033071,Lancaster 014E,Anti-social behaviour,,
,2019-02,Lancashire Constabulary,Lancashire Constabulary,-2.799265,54.046015,On or near Victoria Place,E01033071,Lancaster 014E,Anti-social behaviour,,
,2019-02,Lancashire Constabulary,Lancashire Constabulary,-2.800797,54.046256,On or near King Street,E01033071,Lancaster 014E,Anti-social behaviour,,
,2019-02,Lancashire Constabulary,Lancashire Constabulary,-2.800593,54.046806,On or near Spring Garden Street,E01033071,Lancaster 014E,Anti-social behaviour,,
,2019-02,Lancashire Constabulary,Lancashire Constabulary,-2.798814,54.047986,On or near Moor Street,E01033071,Lancaster 014E,Anti-social behaviour,,
,2019-02,Lancashire Constabulary,Lancashire Constabulary,-2.801358,54.046873,On or near King Street,E01033071,Lancaster 014E,Anti-social behaviour,,
,2019-02,Lancashire Constabulary,Lancashire Constabulary,-2.799019,54.046727,On or near George Street,E01033071,Lancaster 014E,Anti-social behaviour,,
,2019-02,Lancashire Constabulary,Lancashire Constabulary,-2.801155,54.049022,On or near Shopping Area,E01033071,Lancaster 014E,Anti-social behaviour,,
,2019-02,Lancashire Constabulary,Lancashire Constabulary,-2.798814,54.047986,On or near Moor Street,E01033071,Lancaster 014E,Anti-social behaviour,,
,2019-02,Lancashire Constabulary,Lancashire Constabulary,-2.799820,54.049480,On or near Church Street,E01033071,Lancaster 014E,Anti-social behaviour,,
,2019-02,Lancashire Constabulary,Lancashire Constabulary,-2.802844,54.049469,On or near Back Sun Street,E01033071,Lancaster 014E,Anti-social behaviour,,
,2019-02,Lancashire Constabulary,Lancashire Constabulary,-2.800070,54.049793,On or near Calkeld Lane,E01033071,Lancaster 014E,Anti-social behaviour,,
,2019-02,Lancashire Constabulary,Lancashire Constabulary,-2.802463,54.049499,On or near Sun Street,E01033071,Lancaster 014E,Anti-social behaviour,,
,2019-02,Lancashire Constabulary,Lancashire Constabulary,-2.799265,54.046015,On or near Victoria Place,E01033071,Lancaster 014E,Anti-social behaviour,,
,2019-02,Lancashire Constabulary,Lancashire Constabulary,-2.796383,54.046241,On or near Parking Area,E01033071,Lancaster 014E,Anti-social behaviour,,
,2019-02,Lancashire Constabulary,Lancashire Constabulary,-2.801400,54.048221,On or near Parking Area,E01033071,Lancaster 014E,Anti-social behaviour,,
,2019-02,Lancashire Constabulary,Lancashire Constabulary,-2.801155,54.049022,On or near Shopping Area,E01033071,Lancaster 014E,Anti-social behaviour,,
,2019-02,Lancashire Constabulary,Lancashire Constabulary,-2.800593,54.046806,On or near Spring Garden Street,E01033071,Lancaster 014E,Anti-social behaviour,,
,2019-02,Lancashire Constabulary,Lancashire Constabulary,-2.802463,54.049499,On or near Sun Street,E01033071,Lancaster 014E,Anti-social behaviour,,
,2019-02,Lancashire Constabulary,Lancashire Constabulary,-2.800593,54.046806,On or near Spring Garden Street,E01033071,Lancaster 014E,Anti-social behaviour,,
,2019-02,Lancashire Constabulary,Lancashire Constabulary,-2.798093,54.047856,On or near Dalton Square,E01033071,Lancaster 014E,Anti-social behaviour,,
,2019-02,Lancashire Constabulary,Lancashire Constabulary,-2.799820,54.049480,On or near Church Street,E01033071,Lancaster 014E,Anti-social behaviour,,
,2019-02,Lancashire Constabulary,Lancashire Constabulary,-2.799820,54.049480,On or near Church Street,E01033071,Lancaster 014E,Anti-social behaviour,,
51637085961a2cef319646a172d98dd61b5b90e2b9181348a5d2117182cbee0e,2019-02,Lancashire Constabulary,Lancashire Constabulary,-2.798545,54.048294,On or near Gage Street,E01033071,Lancaster 014E,Bicycle theft,Status update unavailable,
7176990bce3f50e0027031445a035f9885f8d523c6e3f9420ab3cb95710f3f6e,2019-02,Lancashire Constabulary,Lancashire Constabulary,-2.802463,54.049499,On or near Sun Street,E01033071,Lancaster 014E,Bicycle theft,Status update unavailable,
6b11b7c8f6783adba516709353b97b8f6a235f6cbf2c44fecccfb13a26ed667e,2019-02,Lancashire Constabulary,Lancashire Constabulary,-2.803141,54.048227,On or near Kings Arms Close,E01033071,Lancaster 014E,Bicycle theft,Status update unavailable,
7b75e2270dc50185a9a49cb25058ec9a3d2346bb127f46e67a0db822b714bc13,2019-02,Lancashire Constabulary,Lancashire Constabulary,-2.803961,54.047988,On or near Fenton Street,E01033071,Lancaster 014E,Burglary,Status update unavailable,
418bae3a87615a0319b563c659c0f9d2bdeafe08b752370c4cf2b9aab4c053d2,2019-02,Lancashire Constabulary,Lancashire Constabulary,-2.800214,54.047725,On or near Shopping Area,E01033071,Lancaster 014E,Burglary,Status update unavailable,
2d1138740eb13c8a37892e61db8e71036dcb629e1dd928b9fe6bf409e38f58bb,2019-02,Lancashire Constabulary,Lancashire Constabulary,-2.799399,54.047461,On or near Brock Street,E01033071,Lancaster 014E,Criminal damage and arson,Status update unavailable,
096f6cf2a27487e8ff9d7dd575370afbb6f59e1b145e61d44d63e007b9784e6c,2019-02,Lancashire Constabulary,Lancashire Constabulary,-2.802463,54.049499,On or near Sun Street,E01033071,Lancaster 014E,Criminal damage and arson,Status update unavailable,
6b4df2aae48cc880ad6cce71219b524d31d6f2d7f5ab6abf9c74fdc491500cab,2019-02,Lancashire Constabulary,Lancashire Constabulary,-2.799265,54.046015,On or near Victoria Place,E01033071,Lancaster 014E,Criminal damage and arson,Unable to prosecute suspect,
ee892677e629453d9d18d3bbf4f1ed8329d668e0d8b93178c8606df16d9f0859,2019-02,Lancashire Constabulary,Lancashire Constabulary,-2.801180,54.050307,On or near Damside Street,E01033071,Lancaster 014E,Criminal damage and arson,Status update unavailable,
027ddcd70ccd33f0207cb7635331c694c84cfd4334b28aa29bdbcf2cf5ce070e,2019-02,Lancashire Constabulary,Lancashire Constabulary,-2.799283,54.048576,On or near Shopping Area,E01033071,Lancaster 014E,Other theft,Status update unavailable,
a931de785ed5ebc1d84424cf6cf19a036ec267da0a7fbb86d41f114cd7e35c8b,2019-02,Lancashire Constabulary,Lancashire Constabulary,-2.800593,54.046806,On or near Spring Garden Street,E01033071,Lancaster 014E,Other theft,Unable to prosecute suspect,
954e4e6b73cec5301cceeea6c8a6781eec880d986b7b8b326613e8d90c7309d2,2019-02,Lancashire Constabulary,Lancashire Constabulary,-2.800214,54.047725,On or near Shopping Area,E01033071,Lancaster 014E,Other theft,Status update unavailable,
3012c7bffd9d935c2313ecfbb3013aef06303766a1a98f1f41470fdd2963d7fe,2019-02,Lancashire Constabulary,Lancashire Constabulary,-2.801155,54.049022,On or near Shopping Area,E01033071,Lancaster 014E,Other theft,Status update unavailable,
b1fdff5dfb3c3cc0bcef76232e322d90ce2d58766ffea6a3dd6aad69cdb48c45,2019-02,Lancashire Constabulary,Lancashire Constabulary,-2.801155,54.049022,On or near Shopping Area,E01033071,Lancaster 014E,Other theft,Status update unavailable,
4749c86ed6eca41793e60e8c290c3903ebe78933d414c0507b6ab670e72831a1,2019-02,Lancashire Constabulary,Lancashire Constabulary,-2.800506,54.048613,On or near Shopping Area,E01033071,Lancaster 014E,Other theft,Status update unavailable,
25348908904f8a1d6ad44eee68b10ee19cb6581859a35e5e67ae71c84a357092,2019-02,Lancashire Constabulary,Lancashire Constabulary,-2.798169,54.049420,On or near Stonewell,E01033071,Lancaster 014E,Other theft,Status update unavailable,
964337f9500fd8df0cc1ba4b75e5cc520e27de7cfb8ba52ce67048bc1d56d930,2019-02,Lancashire Constabulary,Lancashire Constabulary,-2.799820,54.049480,On or near Church Street,E01033071,Lancaster 014E,Other theft,Status update unavailable,
d1377bf59e5cba2fc1694463adeb9ed9cb7945981da671ecb1b525eee60939db,2019-02,Lancashire Constabulary,Lancashire Constabulary,-2.801743,54.047814,On or near Shopping Area,E01033071,Lancaster 014E,Other theft,Status update unavailable,
29167bae747db1dec95c8c6c3a3fd796ffeb490c37e69932e0f04bf76bd2878e,2019-02,Lancashire Constabulary,Lancashire Constabulary,-2.798814,54.047986,On or near Moor Street,E01033071,Lancaster 014E,Other theft,Status update unavailable,
4282f0b34d17d07a697eafd15f38490da4dc0aa6ceff45c2658d38323f40f73e,2019-02,Lancashire Constabulary,Lancashire Constabulary,-2.799693,54.045248,On or near Penny Street,E01033071,Lancaster 014E,Other theft,Status update unavailable,
3b51f89f71d83b896a857174c5a8974370c32283a5fdad0e673d9e42354b5794,2019-02,Lancashire Constabulary,Lancashire Constabulary,-2.800214,54.047725,On or near Shopping Area,E01033071,Lancaster 014E,Public order,Unable to prosecute suspect,
13cd2e1475d3df9c8db31193b74928e4414611b9098d908a713b7056033dee27,2019-02,Lancashire Constabulary,Lancashire Constabulary,-2.800070,54.049793,On or near Calkeld Lane,E01033071,Lancaster 014E,Public order,Unable to prosecute suspect,
cd925dcc535c78e256ad89b539019b75e79aa156717eb249823c82b40453348c,2019-02,Lancashire Constabulary,Lancashire Constabulary,-2.799820,54.049480,On or near Church Street,E01033071,Lancaster 014E,Public order,Status update unavailable,
95e080f811ae79b49b95d422c41c9ef76decfffa7e8fb6ff7d53b281d2bcf20d,2019-02,Lancashire Constabulary,Lancashire Constabulary,-2.798552,54.049453,On or near Parking Area,E01033071,Lancaster 014E,Public order,Status update unavailable,
ba6ff3c9277ed8fe157761b117e75e02969413e45218af7993d6a420407c6929,2019-02,Lancashire Constabulary,Lancashire Constabulary,-2.800593,54.046806,On or near Spring Garden Street,E01033071,Lancaster 014E,Public order,Offender given penalty notice,
9bf40a4fbb5ee407df89c35509c319948886aecc2f35f0e1c79c1ef193ae431b,2019-02,Lancashire Constabulary,Lancashire Constabulary,-2.800214,54.047725,On or near Shopping Area,E01033071,Lancaster 014E,Public order,Unable to prosecute suspect,
961c058a35fc89f7a30ae00b2a025e42991adb9b98bebfb35effef234be4dba8,2019-02,Lancashire Constabulary,Lancashire Constabulary,-2.800214,54.047725,On or near Shopping Area,E01033071,Lancaster 014E,Public order,Status update unavailable,
5c4979cdbad585cc49110ed0c951e210e03581dcc84254ed9d1f9c8f90fcf395,2019-02,Lancashire Constabulary,Lancashire Constabulary,-2.800214,54.047725,On or near Shopping Area,E01033071,Lancaster 014E,Shoplifting,Awaiting court outcome,
b611da8f6bc6c0b6dd4749ef98c9138bb1a8c1bbc94e0cebe46116c57df1d581,2019-02,Lancashire Constabulary,Lancashire Constabulary,-2.799693,54.045248,On or near Penny Street,E01033071,Lancaster 014E,Shoplifting,Status update unavailable,
c2382d1c38dad6ca6a527cf57fc10cb569f340ddd7555e5e379e6ef036294112,2019-02,Lancashire Constabulary,Lancashire Constabulary,-2.801400,54.048221,On or near Parking Area,E01033071,Lancaster 014E,Shoplifting,Offender given community sentence,
53884b3c80a73b0f432c57877626b79cd45050e344671de683994e23c04154f4,2019-02,Lancashire Constabulary,Lancashire Constabulary,-2.800214,54.047725,On or near Shopping Area,E01033071,Lancaster 014E,Shoplifting,Status update unavailable,
53b503b026da65ab9422697f5cf356dabdf397554d1f66959846654cea826b42,2019-02,Lancashire Constabulary,Lancashire Constabulary,-2.800506,54.048613,On or near Shopping Area,E01033071,Lancaster 014E,Shoplifting,Status update unavailable,
abe871ca160ec6bc0d8ac4558d8a1810ccd12dcb24b4e0b7c6ad48b6fadfc4a4,2019-02,Lancashire Constabulary,Lancashire Constabulary,-2.800214,54.047725,On or near Shopping Area,E01033071,Lancaster 014E,Shoplifting,Status update unavailable,
c3a62eef5ffabedfa9e6d953980576836752add5a3cf0f478f7c7147f637d72e,2019-02,Lancashire Constabulary,Lancashire Constabulary,-2.799693,54.045248,On or near Penny Street,E01033071,Lancaster 014E,Shoplifting,Unable to prosecute suspect,
9f86103028086f859001cc0991b1d3746c9693ae60b036e2f4ea2abff1a6f3fc,2019-02,Lancashire Constabulary,Lancashire Constabulary,-2.800214,54.047725,On or near Shopping Area,E01033071,Lancaster 014E,Shoplifting,Status update unavailable,
ff10e169d4c4e1aacc12937f05dd52c968947a5522ba8e935d12f222b46cbad8,2019-02,Lancashire Constabulary,Lancashire Constabulary,-2.801743,54.047814,On or near Shopping Area,E01033071,Lancaster 014E,Shoplifting,Status update unavailable,
bac18cf036fc8f413a4d7b522513e4bed2ec41f5a872b47c064d2a6b1ab4f6e2,2019-02,Lancashire Constabulary,Lancashire Constabulary,-2.800214,54.047725,On or near Shopping Area,E01033071,Lancaster 014E,Shoplifting,Status update unavailable,
b9c225e77aa8dad177fe381316152bc93ae7590d781e4ec0b4cab00dd3320a6e,2019-02,Lancashire Constabulary,Lancashire Constabulary,-2.800506,54.048613,On or near Shopping Area,E01033071,Lancaster 014E,Shoplifting,Further investigation is not in the public interest,
56c688a57742751e81d06b666814bf7d9bffa74e57cd9f4388829fa2ea5180a9,2019-02,Lancashire Constabulary,Lancashire Constabulary,-2.801155,54.049022,On or near Shopping Area,E01033071,Lancaster 014E,Shoplifting,Status update unavailable,
f8b9501409940181e41369cdbd006dfee543d5ba4859ec7a740df3069245bb0f,2019-02,Lancashire Constabulary,Lancashire Constabulary,-2.798318,54.049221,On or near Parking Area,E01033071,Lancaster 014E,Shoplifting,Local resolution,
7165abf51b13928491a3f6a04fa889009c237d7c6e8002b5c4617c1907efee18,2019-02,Lancashire Constabulary,Lancashire Constabulary,-2.798318,54.049221,On or near Parking Area,E01033071,Lancaster 014E,Shoplifting,Status update unavailable,
e3c99e2b1fab45b46b078fb722e994b12319788b103e58b3d3b1dc0cdc9ef696,2019-02,Lancashire Constabulary,Lancashire Constabulary,-2.800744,54.047488,On or near Common Garden Street,E01033071,Lancaster 014E,Shoplifting,Status update unavailable,
5bfcb1ee5a88afb2e6e2d5c15ed38d33e644cb8a8c0384dc54341805de69dedf,2019-02,Lancashire Constabulary,Lancashire Constabulary,-2.800214,54.047725,On or near Shopping Area,E01033071,Lancaster 014E,Shoplifting,Status update unavailable,
82e39cedb4af23a51907b94dcde186ed98a212aa14b4423a45fa4173cae69805,2019-02,Lancashire Constabulary,Lancashire Constabulary,-2.801155,54.049022,On or near Shopping Area,E01033071,Lancaster 014E,Shoplifting,Unable to prosecute suspect,
2f63fa04d0fabe824c3a54305a10833d62d4a5f860d34debf2105ddacf4b8f72,2019-02,Lancashire Constabulary,Lancashire Constabulary,-2.800214,54.047725,On or near Shopping Area,E01033071,Lancaster 014E,Shoplifting,Offender sent to prison,
500ab18feeeef3b19bbeb8a59d08147e654ad7117f534c827aa378b04686f3a3,2019-02,Lancashire Constabulary,Lancashire Constabulary,-2.800214,54.047725,On or near Shopping Area,E01033071,Lancaster 014E,Shoplifting,Offender given conditional discharge,
08679d44d73a9b416f6daee12ff0f7374b30fba37f82c4887381f87ffa1f8b75,2019-02,Lancashire Constabulary,Lancashire Constabulary,-2.801400,54.048221,On or near Parking Area,E01033071,Lancaster 014E,Shoplifting,Status update unavailable,
84c60ab7d7605072cb4e76b8c45792025bcfa493a40446b502f3a7b1d382a74e,2019-02,Lancashire Constabulary,Lancashire Constabulary,-2.799283,54.048576,On or near Shopping Area,E01033071,Lancaster 014E,Shoplifting,Offender ordered to pay compensation,
d6053ff28a9d3a1151c50caaf05bbf497faf66553dd59d1484d7e75877344652,2019-02,Lancashire Constabulary,Lancashire Constabulary,-2.799283,54.048576,On or near Shopping Area,E01033071,Lancaster 014E,Shoplifting,Offender given conditional discharge,
3d87e9cf3863cb6406fedff9b8f203ea90ec032b899176e0276064686ab70c99,2019-02,Lancashire Constabulary,Lancashire Constabulary,-2.800214,54.047725,On or near Shopping Area,E01033071,Lancaster 014E,Shoplifting,Status update unavailable,
53eb92df769c37f982e65272639b9f2de3b42f4f955c6811e86d18c217b2d9cd,2019-02,Lancashire Constabulary,Lancashire Constabulary,-2.799693,54.045248,On or near Penny Street,E01033071,Lancaster 014E,Shoplifting,Status update unavailable,
348c62d3bf2cf48dfc6b3b52af8c7291de6140ecfa127840a31b5ee27b0696a8,2019-02,Lancashire Constabulary,Lancashire Constabulary,-2.801155,54.049022,On or near Shopping Area,E01033071,Lancaster 014E,Shoplifting,Status update unavailable,
d49dfefadc3c705dcf658322846502b2cd1bac347c3ce2cdd32e0b30e537dfe5,2019-02,Lancashire Constabulary,Lancashire Constabulary,-2.798318,54.049221,On or near Parking Area,E01033071,Lancaster 014E,Shoplifting,Status update unavailable,
b23c5303f79f885601fb77d66dd38f046f80407ee43e015386df7051b5c69430,2019-02,Lancashire Constabulary,Lancashire Constabulary,-2.801155,54.049022,On or near Shopping Area,E01033071,Lancaster 014E,Shoplifting,Status update unavailable,
4b5d4c50ff3449a4e12645ea61a14c37785713ce41de558f35a5db722b7309cc,2019-02,Lancashire Constabulary,Lancashire Constabulary,-2.798318,54.049221,On or near Parking Area,E01033071,Lancaster 014E,Shoplifting,Status update unavailable,
498dd1caf424a8cbffa1f88556c514d1c3ef201405b6d2e63188a6098a06a8b3,2019-02,Lancashire Constabulary,Lancashire Constabulary,-2.800593,54.046806,On or near Spring Garden Street,E01033071,Lancaster 014E,Theft from the person,Status update unavailable,
d7c3cbdca939bd37549eb91d810c25ec7d9bae59015bc28e9673a231692f0f5b,2019-02,Lancashire Constabulary,Lancashire Constabulary,-2.800214,54.047725,On or near Shopping Area,E01033071,Lancaster 014E,Theft from the person,Status update unavailable,
d63eda142f4d302b85bb353b519ce1424ddc70f1808abbdf54cc969caabadc75,2019-02,Lancashire Constabulary,Lancashire Constabulary,-2.799283,54.048576,On or near Shopping Area,E01033071,Lancaster 014E,Theft from the person,Status update unavailable,
2eee754f1fd17d26ab6e63cf21cd8b43528c7b54960974dc22cc6d4a6e4c1429,2019-02,Lancashire Constabulary,Lancashire Constabulary,-2.796383,54.046241,On or near Parking Area,E01033071,Lancaster 014E,Theft from the person,Status update unavailable,
0f14e64f1357f6f0f0c02f449f2ffa5b619bdef29111745738032724b1fe235a,2019-02,Lancashire Constabulary,Lancashire Constabulary,-2.796488,54.048568,On or near Bryer Street,E01033071,Lancaster 014E,Vehicle crime,Status update unavailable,
d653ea3e1a916fcbda057ff304bf15b35f2595a17e81baa98794f3493515539f,2019-02,Lancashire Constabulary,Lancashire Constabulary,-2.800593,54.046806,On or near Spring Garden Street,E01033071,Lancaster 014E,Violence and sexual offences,Offender given a caution,
d9923bea6c8a3e3132d5b607f587bef1c6fa188df9ad79517aef3aa5c43cd8f9,2019-02,Lancashire Constabulary,Lancashire Constabulary,-2.799693,54.045248,On or near Penny Street,E01033071,Lancaster 014E,Violence and sexual offences,Status update unavailable,
09aa7d96b1ef1bb28b3107ec3bb46e91985102887f051599986f1acecdcfa2fd,2019-02,Lancashire Constabulary,Lancashire Constabulary,-2.799820,54.049480,On or near Church Street,E01033071,Lancaster 014E,Violence and sexual offences,Unable to prosecute suspect,
a13261163a029ef5a191622a571454373d08d9754bc6e79ca52fe0d3b7e9d22d,2019-02,Lancashire Constabulary,Lancashire Constabulary,-2.798814,54.047986,On or near Moor Street,E01033071,Lancaster 014E,Violence and sexual offences,Unable to prosecute suspect,
79dd49f8d55c3a615e1ef92d9196ac5eca325e6e8312ba34e7dc2b68f18c9f51,2019-02,Lancashire Constabulary,Lancashire Constabulary,-2.800070,54.049793,On or near Calkeld Lane,E01033071,Lancaster 014E,Violence and sexual offences,Awaiting court outcome,
37313a97f82dab61e3951be418127c9661270aedb507aaa36d4d38f446f2ef5b,2019-02,Lancashire Constabulary,Lancashire Constabulary,-2.801155,54.049022,On or near Shopping Area,E01033071,Lancaster 014E,Violence and sexual offences,Status update unavailable,
0c4bc3903109856f4d849c5b4b7efef5745b53bd625cb4025c9b5f27060e978e,2019-02,Lancashire Constabulary,Lancashire Constabulary,-2.799820,54.049480,On or near Church Street,E01033071,Lancaster 014E,Violence and sexual offences,Unable to prosecute suspect,
480469e908006e986ebfa008a96f8e0e17d231bb6e5e067eed28114cb896ac16,2019-02,Lancashire Constabulary,Lancashire Constabulary,-2.800593,54.046806,On or near Spring Garden Street,E01033071,Lancaster 014E,Violence and sexual offences,Status update unavailable,
798665b2687387397514423435835cacb08855681ccb3c4160bb3061107684d6,2019-02,Lancashire Constabulary,Lancashire Constabulary,-2.799820,54.049480,On or near Church Street,E01033071,Lancaster 014E,Violence and sexual offences,Unable to prosecute suspect,
d91b93dd6a05915c71716a74426cb457c0ab3250717423faa95b775cef70942e,2019-02,Lancashire Constabulary,Lancashire Constabulary,-2.800214,54.047725,On or near Shopping Area,E01033071,Lancaster 014E,Violence and sexual offences,Status update unavailable,
b67be160daf1e8994a592f635a7195e8e99d1de9fc767fa813ad8604064ffb2b,2019-02,Lancashire Constabulary,Lancashire Constabulary,-2.798814,54.047986,On or near Moor Street,E01033071,Lancaster 014E,Violence and sexual offences,Status update unavailable,
23c4823ed3b8937303d8316d54eca68a43c77e0a8ab056c1115160377327a299,2019-02,Lancashire Constabulary,Lancashire Constabulary,-2.800070,54.049793,On or near Calkeld Lane,E01033071,Lancaster 014E,Violence and sexual offences,Status update unavailable,
512328ee79ca7e1cec7157ff0d149623b0496925846798f5bc190a92bc861913,2019-02,Lancashire Constabulary,Lancashire Constabulary,-2.799399,54.047461,On or near Brock Street,E01033071,Lancaster 014E,Violence and sexual offences,Status update unavailable,
6d43c4060e45f7d503241d5c23e85f04ed0c514edbb5cf699db14d6cfb550e1f,2019-02,Lancashire Constabulary,Lancashire Constabulary,-2.803141,54.048227,On or near Kings Arms Close,E01033071,Lancaster 014E,Violence and sexual offences,Awaiting court outcome,
9bf45c5b1663c7806abc1790e8e1ff1f32cf10ec49d14e9bf11bbe613c4e2e76,2019-02,Lancashire Constabulary,Lancashire Constabulary,-2.802520,54.047692,On or near Windyhill,E01033071,Lancaster 014E,Violence and sexual offences,Status update unavailable,
1c2f7d51691fed234beaa76288eba8e80e5e9d8a5802a7712db0ccb4b9fe905a,2019-02,Lancashire Constabulary,Lancashire Constabulary,-2.796383,54.046241,On or near Parking Area,E01033071,Lancaster 014E,Violence and sexual offences,Status update unavailable,
699cdef96fd6fb410e023417b0b42c15c44d3ceb77659ffcd3e080f701ea8174,2019-02,Lancashire Constabulary,Lancashire Constabulary,-2.799693,54.045248,On or near Penny Street,E01033071,Lancaster 014E,Violence and sexual offences,Local resolution,
761d988c880e436e3186077d10c7a5719d54308eb45fbda2150dc9e21cd9e17b,2019-02,Lancashire Constabulary,Lancashire Constabulary,-2.799820,54.049480,On or near Church Street,E01033071,Lancaster 014E,Violence and sexual offences,Status update unavailable,
a150aff6f0ea99353f152139f8da92721495cc6a0b07d61847e567bf280dec36,2019-02,Lancashire Constabulary,Lancashire Constabulary,-2.798814,54.047986,On or near Moor Street,E01033071,Lancaster 014E,Violence and sexual offences,Status update unavailable,
afaf69782894ab8633f3fa897b84aab536c8fd17d3ddc24e8e28f7631f274067,2019-02,Lancashire Constabulary,Lancashire Constabulary,-2.798814,54.047986,On or near Moor Street,E01033071,Lancaster 014E,Violence and sexual offences,Status update unavailable,
5ef276592b0c50782faf86d63c29e6a06a79e3a541581e8a40e7493f7a224bc8,2019-02,Lancashire Constabulary,Lancashire Constabulary,-2.798814,54.047986,On or near Moor Street,E01033071,Lancaster 014E,Violence and sexual offences,Status update unavailable,
2af36361c74673f1258f2c826f749f96d0e1f4d7bbc0221b97aee6638635472a,2019-02,Lancashire Constabulary,Lancashire Constabulary,-2.796383,54.046241,On or near Parking Area,E01033071,Lancaster 014E,Violence and sexual offences,Status update unavailable,
9c1ab8dacbfd9b650f192793dfec881bff83f1b76ccbe43b819de7e5accebe62,2019-02,Lancashire Constabulary,Lancashire Constabulary,-2.801358,54.046873,On or near King Street,E01033071,Lancaster 014E,Violence and sexual offences,Status update unavailable,
450111d1736eeefb6e085d99ebff892e2778dfe4cb3e8e024414bd752879e13a,2019-02,Lancashire Constabulary,Lancashire Constabulary,-2.797334,54.044104,On or near Springfield Street,E01033071,Lancaster 014E,Violence and sexual offences,Further investigation is not in the public interest,
,2019-02,Lancashire Constabulary,Lancashire Constabulary,-2.797621,54.043141,On or near South Road,E01033073,Lancaster 014F,Anti-social behaviour,,
,2019-02,Lancashire Constabulary,Lancashire Constabulary,-2.797621,54.043141,On or near South Road,E01033073,Lancaster 014F,Anti-social behaviour,,
,2019-02,Lancashire Constabulary,Lancashire Constabulary,-2.797621,54.043141,On or near South Road,E01033073,Lancaster 014F,Anti-social behaviour,,
,2019-02,Lancashire Constabulary,Lancashire Constabulary,-2.801664,54.045289,On or near Queen Street,E01033073,Lancaster 014F,Anti-social behaviour,,
,2019-02,Lancashire Constabulary,Lancashire Constabulary,-2.801664,54.045289,On or near Queen Street,E01033073,Lancaster 014F,Anti-social behaviour,,
,2019-02,Lancashire Constabulary,Lancashire Constabulary,-2.801664,54.045289,On or near Queen Street,E01033073,Lancaster 014F,Anti-social behaviour,,
,2019-02,Lancashire Constabulary,Lancashire Constabulary,-2.797621,54.043141,On or near South Road,E01033073,Lancaster 014F,Anti-social behaviour,,
a4aed53b465aefc5d6ee429f44bb80a544aa1e46574af6d0ac527dd81ac28d1c,2019-02,Lancashire Constabulary,Lancashire Constabulary,-2.803448,54.045151,On or near Lindow Square,E01033073,Lancaster 014F,Burglary,Status update unavailable,
003c3fb53774a3423ca74968a976ad27845c7d26f10adb0a301a9af7af32d0e4,2019-02,Lancashire Constabulary,Lancashire Constabulary,-2.795890,54.042829,On or near Meadowside,E01033073,Lancaster 014F,Other theft,Status update unavailable,
14fa81cc7d723f80332f36a2dc0edcd9b60428ba3f17c59e5b1f323bd587acab,2019-02,Lancashire Constabulary,Lancashire Constabulary,-2.795890,54.042829,On or near Meadowside,E01033073,Lancaster 014F,Other theft,Status update unavailable,
042da4a23e9d7f4cdcc34d5843d504729cfa6b78dcbb2ebd6e23e7aaff6bec34,2019-02,Lancashire Constabulary,Lancashire Constabulary,-2.803823,54.047198,On or near Harrier Court,E01033073,Lancaster 014F,Other theft,Status update unavailable,
04c69ffc794e79a78090f44a9954b92c54be5e4c2b394010513e2198511cfda4,2019-02,Lancashire Constabulary,Lancashire Constabulary,-2.797621,54.043141,On or near South Road,E01033073,Lancaster 014F,Public order,Status update unavailable,
9e2299db541eb47c12b2ccdd3c2d1b769847f88424c55271d62a18ecd3834468,2019-02,Lancashire Constabulary,Lancashire Constabulary,-2.801664,54.045289,On or near Queen Street,E01033073,Lancaster 014F,Public order,Local resolution,
2a49c13d37954c17e1664615e99768b8296276586101603146006fc7fea387b4,2019-02,Lancashire Constabulary,Lancashire Constabulary,-2.797476,54.041919,On or near Railway Street,E01033073,Lancaster 014F,Vehicle crime,Status update unavailable,
92717cdbd7c8e3a45727d6b0bd4bf351e7bca60d16b002bf953dc0698130a200,2019-02,Lancashire Constabulary,Lancashire Constabulary,-2.801664,54.045289,On or near Queen Street,E01033073,Lancaster 014F,Violence and sexual offences,Unable to prosecute suspect,
b880400d5662be777b16fe8696290fc14d8f0972897e6a41be03434f9bd1a97a,2019-02,Lancashire Constabulary,Lancashire Constabulary,-2.803477,54.047425,On or near Cawthorne Street,E01033073,Lancaster 014F,Violence and sexual offences,Unable to prosecute suspect,
aeb285830735c0d77846db5e39816ad2104f84f37cb5e97c69202fbb8969f8f4,2019-02,Lancashire Constabulary,Lancashire Constabulary,-2.794583,54.042397,On or near The Grove,E01033073,Lancaster 014F,Violence and sexual offences,Status update unavailable,
2e553c4920805c0920045792fe582c40fa00acf528183623953d64a9620a6ba1,2019-02,Lancashire Constabulary,Lancashire Constabulary,-2.797621,54.043141,On or near South Road,E01033073,Lancaster 014F,Violence and sexual offences,Status update unavailable,
efa83a1ab3ffa8c05ef04110601cc29ca40efdcac62f6cffdbb1e6245ac62654,2019-02,Lancashire Constabulary,Lancashire Constabulary,-2.803477,54.047425,On or near Cawthorne Street,E01033073,Lancaster 014F,Violence and sexual offences,Status update unavailable,
d45b8023d95f35157ea26f2f4da24b01a0fffc27fb62ead38ca3f45bd92fda1a,2019-02,Lancashire Constabulary,Lancashire Constabulary,-2.803477,54.047425,On or near Cawthorne Street,E01033073,Lancaster 014F,Violence and sexual offences,Further investigation is not in the public interest,
074479c89d2b435f180f1c2fc4b3b030baf914a3aa5308bb77490734f7f3f3cb,2019-02,Lancashire Constabulary,Lancashire Constabulary,-2.803448,54.045151,On or near Lindow Square,E01033073,Lancaster 014F,Other crime,Further investigation is not in the public interest,
9eb30b9967ce9d36e2174d209005ff77410c4df962678a6b17aef1a1bc0fb361,2019-02,Lancashire Constabulary,Lancashire Constabulary,-2.803448,54.045151,On or near Lindow Square,E01033073,Lancaster 014F,Other crime,Further investigation is not in the public interest,
,2019-02,Lancashire Constabulary,Lancashire Constabulary,-2.791202,54.042042,On or near St Oswald Street,E01025125,Lancaster 015A,Anti-social behaviour,,
,2019-02,Lancashire Constabulary,Lancashire Constabulary,-2.788466,54.038716,On or near Golgotha Road,E01025125,Lancaster 015A,Anti-social behaviour,,
ba5616fcbef2b98759eff439ee136664ebca2a3f1f638618bd5b34629b089521,2019-02,Lancashire Constabulary,Lancashire Constabulary,-2.789518,54.042655,On or near St Martin'S Road,E01025125,Lancaster 015A,Bicycle theft,Status update unavailable,
501d02f6627145a0b4c34b628c7aab804d1ed3c44e2c27198440ce0e0521bcb7,2019-02,Lancashire Constabulary,Lancashire Constabulary,-2.788304,54.041432,On or near Sports/Recreation Area,E01025125,Lancaster 015A,Burglary,Status update unavailable,
81d183180de7f933ba977410ee4f832fd4f4b776ed4c7bf088be1eede8858d95,2019-02,Lancashire Constabulary,Lancashire Constabulary,-2.789246,54.037156,On or near Bowerham Road,E01025125,Lancaster 015A,Drugs,Unable to prosecute suspect,
dbb30326ed5e5eb81f35dd9273a9087d8094e9a680a1ce9fbc08bdcaa1389c82,2019-02,Lancashire Constabulary,Lancashire Constabulary,-2.789246,54.037156,On or near Bowerham Road,E01025125,Lancaster 015A,Violence and sexual offences,Unable to prosecute suspect,
40b4e2692a4ca2be8c8c38b422e94e27d12d8eb7e9d4ada70e249c6f5f5af5de,2019-02,Lancashire Constabulary,Lancashire Constabulary,-2.791255,54.042419,On or near Westham Street,E01025125,Lancaster 015A,Violence and sexual offences,Status update unavailable,
abcc487fdba006834fc200c177389b4411341e75d6995b65e029ca360b098165,2019-02,Lancashire Constabulary,Lancashire Constabulary,-2.791255,54.042419,On or near Westham Street,E01025125,Lancaster 015A,Violence and sexual offences,Status update unavailable,
0ee443ca53ba6f872134fe3cf47366560c560b8602cfe28421e7491bf276fec9,2019-02,Lancashire Constabulary,Lancashire Constabulary,-2.788466,54.038716,On or near Golgotha Road,E01025125,Lancaster 015A,Violence and sexual offences,Status update unavailable,
cacc8f8b8abae70c377ba4aef6852e647e83782830197747e3f7226055156e4e,2019-02,Lancashire Constabulary,Lancashire Constabulary,-2.789246,54.037156,On or near Bowerham Road,E01025125,Lancaster 015A,Violence and sexual offences,Unable to prosecute suspect,
,2019-02,Lancashire Constabulary,Lancashire Constabulary,-2.791261,54.045942,On or near Stirling Road,E01025128,Lancaster 015B,Anti-social behaviour,,
9d9b673160488f1e7c9a3fc44d6ceef2f2987dbb0b955ca95a4244adb3dcf731,2019-02,Lancashire Constabulary,Lancashire Constabulary,-2.790389,54.046703,On or near Melrose Street,E01025128,Lancaster 015B,Violence and sexual offences,Status update unavailable,
6fd6e2d395ddf132b6a38eeb3171230bfa4003a73c4e92f32d657151d2d10876,2019-02,Lancashire Constabulary,Lancashire Constabulary,-2.791095,54.043678,On or near Clarence Street,E01025128,Lancaster 015B,Violence and sexual offences,Status update unavailable,
ecd940a7a414b545eb926b63f04a762a2f44f5190aa68b01721407ee411dbec1,2019-02,Lancashire Constabulary,Lancashire Constabulary,-2.790389,54.046703,On or near Melrose Street,E01025128,Lancaster 015B,Violence and sexual offences,Offender given suspended prison sentence,
aea7743d2c9425ccb6c27eddd2c7c7d09ec5eec182ad0cd21f31393bccf39ca6,2019-02,Lancashire Constabulary,Lancashire Constabulary,-2.790389,54.046703,On or near Melrose Street,E01025128,Lancaster 015B,Violence and sexual offences,Status update unavailable,
3251e4fd52dae5dfbdb7e23652b63054a54693341d7ccb7e1ae670492f61580c,2019-02,Lancashire Constabulary,Lancashire Constabulary,-2.790389,54.046703,On or near Melrose Street,E01025128,Lancaster 015B,Violence and sexual offences,Status update unavailable,
,2019-02,Lancashire Constabulary,Lancashire Constabulary,-2.791546,54.043280,On or near Bradshaw Street,E01025129,Lancaster 015C,Anti-social behaviour,,
239254c7fdcc7299edbcad8af5ba4a300f00fe23fac017bb0be094c589e9d9db,2019-02,Lancashire Constabulary,Lancashire Constabulary,-2.792936,54.043289,On or near Prospect Street,E01025129,Lancaster 015C,Public order,Status update unavailable,
47baa8fad493392b79e092414c7fea877506fe1a3f5a196a6ad6a3b336f1127e,2019-02,Lancashire Constabulary,Lancashire Constabulary,-2.792210,54.044462,On or near Primrose Street,E01025129,Lancaster 015C,Vehicle crime,Status update unavailable,
3366d7fd7712de0129f986ce11d100a4145b801b6c4fc96a0f4220eaeb3819c6,2019-02,Lancashire Constabulary,Lancashire Constabulary,-2.792210,54.044462,On or near Primrose Street,E01025129,Lancaster 015C,Violence and sexual offences,Formal action is not in the public interest,
c29493469e5616024070f6ee096741ed79c04f2f0064d5371991f44c12d8e078,2019-02,Lancashire Constabulary,Lancashire Constabulary,-2.790153,54.043091,On or near Vincent Street,E01025129,Lancaster 015C,Violence and sexual offences,Unable to prosecute suspect,
46c2280e9f6a8af6880c49ddf15562ae5b2beab620fe04d5187d450334f575fc,2019-02,Lancashire Constabulary,Lancashire Constabulary,-2.792585,54.044918,On or near Quarry Mount Mews,E01025129,Lancaster 015C,Violence and sexual offences,Unable to prosecute suspect,
,2019-02,Lancashire Constabulary,Lancashire Constabulary,-2.795968,54.038945,On or near Greaves Road,E01025147,Lancaster 015D,Anti-social behaviour,,
0ec16ddd4570d82f149db06f24dd2ac35b2182c1e40f207797faac0f96f33c4b,2019-02,Lancashire Constabulary,Lancashire Constabulary,-2.796615,54.038438,On or near Vine Street,E01025147,Lancaster 015D,Bicycle theft,Status update unavailable,
0378bcf2e7105ab174b22317d2d7ce9065693515e5bf4cf4d3ab6afd70d199a1,2019-02,Lancashire Constabulary,Lancashire Constabulary,-2.798936,54.040004,On or near Pointer Court,E01025147,Lancaster 015D,Other theft,Formal action is not in the public interest,
a33e04981e73bd4a74317ad17a4ac350577c060efd2805a579c6fa0f7194bef0,2019-02,Lancashire Constabulary,Lancashire Constabulary,-2.798936,54.040004,On or near Pointer Court,E01025147,Lancaster 015D,Other theft,Status update unavailable,
c5ba1f567bb8d2ff09c0826a33137a90c4abb153524821582e7e5d08f2c8d0bc,2019-02,Lancashire Constabulary,Lancashire Constabulary,-2.798936,54.040004,On or near Pointer Court,E01025147,Lancaster 015D,Public order,Further investigation is not in the public interest,
279d5f77e5a23959d32526d89ba43b665d68d99abf937b53c951b5ccd14630e8,2019-02,Lancashire Constabulary,Lancashire Constabulary,-2.798936,54.040004,On or near Pointer Court,E01025147,Lancaster 015D,Public order,Further investigation is not in the public interest,
2e439811eb03ae6e4060d8357802ac6efe0f998b3e5043957103c4bb8c46ef3e,2019-02,Lancashire Constabulary,Lancashire Constabulary,-2.796809,54.041411,On or near Alma Road,E01025147,Lancaster 015D,Vehicle crime,Status update unavailable,
47e58fb62189beeb95cab14931624e755aaff2207d00a8b4cce689516300705e,2019-02,Lancashire Constabulary,Lancashire Constabulary,-2.796086,54.036338,On or near Kensington Road,E01025147,Lancaster 015D,Vehicle crime,Status update unavailable,
febbc772bf42a2e4d60b376a80059bf4577bc97c463a07bfc6d952d2f99d2aa3,2019-02,Lancashire Constabulary,Lancashire Constabulary,-2.798936,54.040004,On or near Pointer Court,E01025147,Lancaster 015D,Violence and sexual offences,Unable to prosecute suspect,
b425a154c19466a0aa4e17aeb3d51caf91bf7522b3d8fbf1693877531ebd1290,2019-02,Lancashire Constabulary,Lancashire Constabulary,-2.798936,54.040004,On or near Pointer Court,E01025147,Lancaster 015D,Violence and sexual offences,Unable to prosecute suspect,
4928c171e01ea4a48a9ade2acac90391f693833a65565f7938cbb51e31cb2f2e,2019-02,Lancashire Constabulary,Lancashire Constabulary,-2.798936,54.040004,On or near Pointer Court,E01025147,Lancaster 015D,Violence and sexual offences,Unable to prosecute suspect,
69c9719dbbbdd26fb54a56c3f30b3529acf54f8228c7c6a021a6b11b827cb13e,2019-02,Lancashire Constabulary,Lancashire Constabulary,-2.798936,54.040004,On or near Pointer Court,E01025147,Lancaster 015D,Other crime,Unable to prosecute suspect,
,2019-02,Lancashire Constabulary,Lancashire Constabulary,-2.889996,54.050159,On or near Norland Drive,E01025114,Lancaster 016A,Anti-social behaviour,,
,2019-02,Lancashire Constabulary,Lancashire Constabulary,-2.888176,54.054334,On or near Oxcliffe Road,E01025114,Lancaster 016A,Anti-social behaviour,,
,2019-02,Lancashire Constabulary,Lancashire Constabulary,-2.891453,54.054705,On or near Heysham Road,E01025114,Lancaster 016A,Anti-social behaviour,,
48ea6aca1f3ec04d369b0d2993d5cc0503afffcfc56a0d170a5483fef81128a7,2019-02,Lancashire Constabulary,Lancashire Constabulary,-2.892510,54.049179,On or near Supermarket,E01025114,Lancaster 016A,Burglary,Status update unavailable,
1ad768b05c6feb9c2307d96cfc4a466adfeef163c104c696280a95267dfb007f,2019-02,Lancashire Constabulary,Lancashire Constabulary,-2.894189,54.048393,On or near Knowlys Drive,E01025114,Lancaster 016A,Criminal damage and arson,Unable to prosecute suspect,
13bc8a6763c078d31d57f5c05124d68cce3c1680119a70ac19ab790fe262995c,2019-02,Lancashire Constabulary,Lancashire Constabulary,-2.893265,54.048778,On or near Knowlys Crescent,E01025114,Lancaster 016A,Other theft,Status update unavailable,
9e073b841cd78ce5a5808527651aabc7af10480cf1fed13e431c248e5bfe231e,2019-02,Lancashire Constabulary,Lancashire Constabulary,-2.887419,54.054645,On or near Petrol Station,E01025114,Lancaster 016A,Other theft,Status update unavailable,
42a38ed0a393abf47c7807c505185903b1787187dfa6734588f220daffd1c93a,2019-02,Lancashire Constabulary,Lancashire Constabulary,-2.892977,54.050263,On or near Penrith Avenue,E01025114,Lancaster 016A,Other theft,Status update unavailable,
9fe3369ffe49709c375d86c83e7d61255ca4a1fdade2ca41965eb2c8c6e1f704,2019-02,Lancashire Constabulary,Lancashire Constabulary,-2.893265,54.048778,On or near Knowlys Crescent,E01025114,Lancaster 016A,Vehicle crime,Status update unavailable,
d039d6d8298a0c524f6ff73d6cda8f76b54caf0421ba900a1a9a7caf922d2856,2019-02,Lancashire Constabulary,Lancashire Constabulary,-2.888631,54.052057,On or near Arncliffe Road,E01025114,Lancaster 016A,Violence and sexual offences,Status update unavailable,
e970ef9f2fe2531f9966df61d08477fb9feb22cbe1c618fe0e4c738d7c42efa2,2019-02,Lancashire Constabulary,Lancashire Constabulary,-2.888288,54.055304,On or near Hawksworth Grove,E01025114,Lancaster 016A,Violence and sexual offences,Unable to prosecute suspect,
951e17046e8fdb712990ffefdb2433a276f5dbf5dfee633ebdef46c69322b061,2019-02,Lancashire Constabulary,Lancashire Constabulary,-2.887419,54.054645,On or near Petrol Station,E01025114,Lancaster 016A,Violence and sexual offences,Unable to prosecute suspect,
,2019-02,Lancashire Constabulary,Lancashire Constabulary,-2.884696,54.049452,On or near Roeburndale Crescent,E01025115,Lancaster 016B,Anti-social behaviour,,
,2019-02,Lancashire Constabulary,Lancashire Constabulary,-2.885133,54.048451,On or near Littledale Avenue,E01025115,Lancaster 016B,Anti-social behaviour,,
c238b972277594c4b692414ee7ea9b4b0e1f39efc0d498214b9aba11c9651cf2,2019-02,Lancashire Constabulary,Lancashire Constabulary,-2.881871,54.052349,On or near Crofters Fold,E01025115,Lancaster 016B,Burglary,Status update unavailable,
3bf02d7d2e6a25e187024bfaaca64a03f2da118206a3a46b0cbf93e68c311019,2019-02,Lancashire Constabulary,Lancashire Constabulary,-2.884696,54.049452,On or near Roeburndale Crescent,E01025115,Lancaster 016B,Criminal damage and arson,Offender given community sentence,
9975579f31003e5c3aa624ea29fc6ab6018fbefb0d9e59d1e2b31de521916b86,2019-02,Lancashire Constabulary,Lancashire Constabulary,-2.881871,54.052349,On or near Crofters Fold,E01025115,Lancaster 016B,Criminal damage and arson,Status update unavailable,
faceddb27ee9322379a7929cadf330a7218b8fbb6c5736e61ab2de236677419f,2019-02,Lancashire Constabulary,Lancashire Constabulary,-2.881871,54.052349,On or near Crofters Fold,E01025115,Lancaster 016B,Criminal damage and arson,Status update unavailable,
a473b3604ac32f877e5b21a1cf7a1fd6839ea66e89dfee0462f7c672ce2fbd8f,2019-02,Lancashire Constabulary,Lancashire Constabulary,-2.881871,54.052349,On or near Crofters Fold,E01025115,Lancaster 016B,Criminal damage and arson,Status update unavailable,
c95a691f762ced8cae7745997d6c772ca3ba09e430ac2ce13fa5739843bf6491,2019-02,Lancashire Constabulary,Lancashire Constabulary,-2.882329,54.053101,On or near Oxcliffe Road,E01025115,Lancaster 016B,Other theft,Status update unavailable,
2ef63c1bcd8cfb0074f05049e88637d623aee91f59f765c188ed0ce0078f353c,2019-02,Lancashire Constabulary,Lancashire Constabulary,-2.885133,54.048451,On or near Littledale Avenue,E01025115,Lancaster 016B,Vehicle crime,Status update unavailable,
498951335cdfa7cef7df1a07d0639323a342e2b9c33b32801bbb042e70568060,2019-02,Lancashire Constabulary,Lancashire Constabulary,-2.884297,54.049374,On or near Mallowdale Avenue,E01025115,Lancaster 016B,Vehicle crime,Status update unavailable,
033d1536322999de579c31e4f39a7fef0b5e60849a1b71b2c2ca72545e7cca2d,2019-02,Lancashire Constabulary,Lancashire Constabulary,-2.881871,54.052349,On or near Crofters Fold,E01025115,Lancaster 016B,Vehicle crime,Status update unavailable,
02ede88cf5c4a6553b225c12c90c16602dec5ac2f7553be5bde130dff7974cd2,2019-02,Lancashire Constabulary,Lancashire Constabulary,-2.884158,54.054346,On or near Birchtree Avenue,E01025115,Lancaster 016B,Violence and sexual offences,Unable to prosecute suspect,
148062f4043aaa6268a81a365d14c4445ae4446fc58deb5ff4b3b1cae671fceb,2019-02,Lancashire Constabulary,Lancashire Constabulary,-2.884158,54.054346,On or near Birchtree Avenue,E01025115,Lancaster 016B,Violence and sexual offences,Status update unavailable,
,2019-02,Lancashire Constabulary,Lancashire Constabulary,-2.887421,54.049037,On or near Tarnbrook Road,E01025121,Lancaster 016C,Anti-social behaviour,,
,2019-02,Lancashire Constabulary,Lancashire Constabulary,-2.887824,54.047892,On or near Buckden Place,E01025121,Lancaster 016C,Anti-social behaviour,,
7f4a5dd51de96985569a0e16243a722fb85d53eea6f9da3f168161c8818d35a7,2019-02,Lancashire Constabulary,Lancashire Constabulary,-2.885416,54.042382,On or near The Spinney,E01025121,Lancaster 016C,Burglary,Status update unavailable,
b1e98b83fa832976359a0fd08bbf7a1e4400166e6630f273c8cbbeb3379753a3,2019-02,Lancashire Constabulary,Lancashire Constabulary,-2.886763,54.048242,On or near Kingsway,E01025121,Lancaster 016C,Public order,Status update unavailable,
f3d9c1cbb9168ac6bd41764d10e14b3f1632193d021c61d3954c6cd6c9a37c6b,2019-02,Lancashire Constabulary,Lancashire Constabulary,-2.887781,54.042266,On or near Farriers Fold,E01025121,Lancaster 016C,Vehicle crime,Status update unavailable,
b540f8473c43f7f276cd92057f254eda7fe91d95040e646e70b4dd7d867c8371,2019-02,Lancashire Constabulary,Lancashire Constabulary,-2.888636,54.047293,On or near Lister Grove,E01025121,Lancaster 016C,Vehicle crime,Status update unavailable,
c6d10432cc6c7dbb724489d68cf4f81ea9460db7e70bb774b77feb8a98e80647,2019-02,Lancashire Constabulary,Lancashire Constabulary,-2.882152,54.047628,On or near Peplow Road,E01025121,Lancaster 016C,Violence and sexual offences,Further investigation is not in the public interest,
07d6746ba5085854ac88a5a2ecf229246ffef7028da01da8ef141a27282e2dee,2019-02,Lancashire Constabulary,Lancashire Constabulary,-2.887421,54.049037,On or near Tarnbrook Road,E01025121,Lancaster 016C,Violence and sexual offences,Status update unavailable,
fad672b184e64728bdb054731f9a2ef15085a097dc91ae7ace7622ed5a159c7b,2019-02,Lancashire Constabulary,Lancashire Constabulary,-2.882249,54.047861,On or near Gilstead Avenue,E01025121,Lancaster 016C,Violence and sexual offences,Unable to prosecute suspect,
40d965b9aad5d17ff8c75ee9e018b69e5a8da91ca831bbb1298953891cca807e,2019-02,Lancashire Constabulary,Lancashire Constabulary,-2.882249,54.047861,On or near Gilstead Avenue,E01025121,Lancaster 016C,Violence and sexual offences,Unable to prosecute suspect,
2bb7fa9425cf20216810511916b36b9177d9c0e73ccc0e69e288b94135c6d082,2019-02,Lancashire Constabulary,Lancashire Constabulary,-2.887421,54.049037,On or near Tarnbrook Road,E01025121,Lancaster 016C,Violence and sexual offences,Unable to prosecute suspect,
,2019-02,Lancashire Constabulary,Lancashire Constabulary,-2.900817,54.046259,On or near Royal Fold,E01025122,Lancaster 016D,Anti-social behaviour,,
,2019-02,Lancashire Constabulary,Lancashire Constabulary,-2.903459,54.037071,On or near Penrod Way,E01025122,Lancaster 016D,Anti-social behaviour,,
,2019-02,Lancashire Constabulary,Lancashire Constabulary,-2.896366,54.045240,On or near Shortlands Drive,E01025122,Lancaster 016D,Anti-social behaviour,,
,2019-02,Lancashire Constabulary,Lancashire Constabulary,-2.896437,54.044278,On or near Brentlea Avenue,E01025122,Lancaster 016D,Anti-social behaviour,,
a3b90c011e23bdff2ae39184cfd077646982ba0490b3e90ea5cf4217c148aca6,2019-02,Lancashire Constabulary,Lancashire Constabulary,-2.892723,54.046984,On or near Supermarket,E01025122,Lancaster 016D,Bicycle theft,Status update unavailable,
4161e5a16c41ed96d10f9d4d37ff121ab138c30d61ad7f6bcf46a8cd82ee5466,2019-02,Lancashire Constabulary,Lancashire Constabulary,-2.897332,54.046842,On or near Eardley Road,E01025122,Lancaster 016D,Burglary,Status update unavailable,
22484e0b8db364d3f68e592a96e641218d76cb32de4dee5910a84709b82e2872,2019-02,Lancashire Constabulary,Lancashire Constabulary,-2.897332,54.046842,On or near Eardley Road,E01025122,Lancaster 016D,Other theft,Status update unavailable,
5c5dc6119a0652b1defcaf79b2cce550048798f4fb4ccd3fdbe5d33e12edf314,2019-02,Lancashire Constabulary,Lancashire Constabulary,-2.892723,54.046984,On or near Supermarket,E01025122,Lancaster 016D,Shoplifting,Unable to prosecute suspect,
fec36faecf240dc2016b41c02930c02e787bda2d549bf29101971dbf9a92bb80,2019-02,Lancashire Constabulary,Lancashire Constabulary,-2.892723,54.046984,On or near Supermarket,E01025122,Lancaster 016D,Shoplifting,Status update unavailable,
3327158813578b67344dbec6376f9bdc2529a6a84ba16f03a301c5faef1b5106,2019-02,Lancashire Constabulary,Lancashire Constabulary,-2.899436,54.045253,On or near Duke Street,E01025122,Lancaster 016D,Vehicle crime,Investigation complete; no suspect identified,
b06c341a0baec616a2121610977941f277481853c9bf7a01525e8a62da7bcd9b,2019-02,Lancashire Constabulary,Lancashire Constabulary,-2.902454,54.042175,On or near Arran Close,E01025122,Lancaster 016D,Violence and sexual offences,Unable to prosecute suspect,
b6693c618b66db0fba9e4cc3777dc1b3ca93c37971f203c71de493ab8c13788c,2019-02,Lancashire Constabulary,Lancashire Constabulary,-2.902454,54.042175,On or near Arran Close,E01025122,Lancaster 016D,Violence and sexual offences,Unable to prosecute suspect,
cfdd400c8c757a7e61e4233747d45ade5d5c35dbd61028a149f9e698e42826fe,2019-02,Lancashire Constabulary,Lancashire Constabulary,-2.902454,54.042175,On or near Arran Close,E01025122,Lancaster 016D,Violence and sexual offences,Unable to prosecute suspect,
,2019-02,Lancashire Constabulary,Lancashire Constabulary,-2.891474,54.046418,On or near Ridge Grove,E01025123,Lancaster 016E,Anti-social behaviour,,
,2019-02,Lancashire Constabulary,Lancashire Constabulary,-2.891474,54.046418,On or near Ridge Grove,E01025123,Lancaster 016E,Anti-social behaviour,,
,2019-02,Lancashire Constabulary,Lancashire Constabulary,-2.893929,54.036288,On or near Viking Way,E01025123,Lancaster 016E,Anti-social behaviour,,
,2019-02,Lancashire Constabulary,Lancashire Constabulary,-2.891474,54.046418,On or near Ridge Grove,E01025123,Lancaster 016E,Anti-social behaviour,,
,2019-02,Lancashire Constabulary,Lancashire Constabulary,-2.892683,54.042985,On or near Douglas Avenue,E01025123,Lancaster 016E,Anti-social behaviour,,
b0bdc1de10291425403e688e93134ccb59eecdec1cce1d7388d288ecb295d11c,2019-02,Lancashire Constabulary,Lancashire Constabulary,-2.893929,54.036288,On or near Viking Way,E01025123,Lancaster 016E,Criminal damage and arson,Status update unavailable,
3552dd515fbc8096c53c2236d049da3520757356eb11d5cd320e9923c3edeb7d,2019-02,Lancashire Constabulary,Lancashire Constabulary,-2.888098,54.044241,On or near Dalesview Crescent,E01025123,Lancaster 016E,Vehicle crime,Status update unavailable,
3ce788cd970f8b28d8c7a462957e2b292ce89ec673d2cdb7c3d2bc708f5c411e,2019-02,Lancashire Constabulary,Lancashire Constabulary,-2.893929,54.036288,On or near Viking Way,E01025123,Lancaster 016E,Vehicle crime,Status update unavailable,
170099e9e732ac5b2b303c22824b17a713caa0f73e7721d05d5cdbdd2517a8f9,2019-02,Lancashire Constabulary,Lancashire Constabulary,-2.891026,54.042646,On or near Douglas Drive,E01025123,Lancaster 016E,Violence and sexual offences,Status update unavailable,
9a06c6e74c249ba4c8ea62b415e364d6a78718149b8de0d3af3ffe5bad94667f,2019-02,Lancashire Constabulary,Lancashire Constabulary,-2.892426,54.040272,On or near Laureston Avenue,E01025123,Lancaster 016E,Violence and sexual offences,Unable to prosecute suspect,
,2019-02,Lancashire Constabulary,Lancashire Constabulary,-2.897150,54.041199,On or near Heysham Hall Drive,E01025124,Lancaster 016F,Anti-social behaviour,,
,2019-02,Lancashire Constabulary,Lancashire Constabulary,-2.897150,54.041199,On or near Heysham Hall Drive,E01025124,Lancaster 016F,Anti-social behaviour,,
,2019-02,Lancashire Constabulary,Lancashire Constabulary,-2.896666,54.039315,On or near Penhale Gardens,E01025124,Lancaster 016F,Anti-social behaviour,,
8937f99ef7bd95d814222b5dac326bdcd1701ce9d5a082308359b480ca5b9c88,2019-02,Lancashire Constabulary,Lancashire Constabulary,-2.899494,54.038737,On or near Delamere Avenue,E01025124,Lancaster 016F,Criminal damage and arson,Status update unavailable,
203651315994e135e93a0d73b87ee2e24a84f1cb3611a30e1519959d45bca38c,2019-02,Lancashire Constabulary,Lancashire Constabulary,-2.897150,54.041199,On or near Heysham Hall Drive,E01025124,Lancaster 016F,Criminal damage and arson,Status update unavailable,
0f9d72a4dbe8e0d295afe287276ad31c14d02f171fdc2722d54335f88c087c45,2019-02,Lancashire Constabulary,Lancashire Constabulary,-2.893955,54.041079,On or near Emmaus Road,E01025124,Lancaster 016F,Public order,Status update unavailable,
b333f633a527e17c6d0a678dfdef72eb4e50bf99caf658c461a74852ceea149f,2019-02,Lancashire Constabulary,Lancashire Constabulary,-2.895626,54.041372,On or near Ripon Place,E01025124,Lancaster 016F,Shoplifting,Investigation complete; no suspect identified,
fa8d1a494ec86833fac8d8dc52c8afebf0a8df306d383f25526a41b767b24164,2019-02,Lancashire Constabulary,Lancashire Constabulary,-2.895626,54.041372,On or near Ripon Place,E01025124,Lancaster 016F,Shoplifting,Status update unavailable,
6e586d07b4f13838bc82216db3e6cb7b522542f5f3f19555ac8500d3e2b05c1d,2019-02,Lancashire Constabulary,Lancashire Constabulary,-2.894725,54.043482,On or near St James Court,E01025124,Lancaster 016F,Shoplifting,Status update unavailable,
94337f84bdc05e2bf304df30a8158a4d5b1b4f964ee217d822902be082d042ee,2019-02,Lancashire Constabulary,Lancashire Constabulary,-2.895626,54.041372,On or near Ripon Place,E01025124,Lancaster 016F,Shoplifting,Status update unavailable,
62300f50cd72a34347e78efbc2367dc7571fd041bfff8be09b30f675a91bb900,2019-02,Lancashire Constabulary,Lancashire Constabulary,-2.896771,54.039916,On or near Lea Lane,E01025124,Lancaster 016F,Theft from the person,Offender given a caution,
b6aadd22260d75f8283854742a3f2d9548395efa058091f83d053642d3eb334a,2019-02,Lancashire Constabulary,Lancashire Constabulary,-2.899494,54.038737,On or near Delamere Avenue,E01025124,Lancaster 016F,Vehicle crime,Status update unavailable,
5d97a939f12be9cf4f875a51513aef85a8aef82c22d9bda880e533116d88da5c,2019-02,Lancashire Constabulary,Lancashire Constabulary,-2.893907,54.038814,On or near Banks Crescent,E01025124,Lancaster 016F,Violence and sexual offences,Unable to prosecute suspect,
38d02bf79793219b2fa3ddb497c32129f2bc3cfd5ea732b2eb594f80253fbb80,2019-02,Lancashire Constabulary,Lancashire Constabulary,-2.896949,54.038243,On or near Heath Grove,E01025124,Lancaster 016F,Violence and sexual offences,Status update unavailable,
58dbb0b04fc62b79ea2d6954ec91ea08c252e47ec35618596df918ae105c4543,2019-02,Lancashire Constabulary,Lancashire Constabulary,-2.893955,54.041079,On or near Emmaus Road,E01025124,Lancaster 016F,Violence and sexual offences,Unable to prosecute suspect,
820c20cc4bb1c1377066e3ac08017ae87799d91e6186bca036e4aabdf1dfee2f,2019-02,Lancashire Constabulary,Lancashire Constabulary,-2.893907,54.038814,On or near Banks Crescent,E01025124,Lancaster 016F,Violence and sexual offences,Status update unavailable,
7c506f3819ce268f44bd054c0a2225dd85036bda0ab5762ec9e9208a85320744,2019-02,Lancashire Constabulary,Lancashire Constabulary,-2.895626,54.041372,On or near Ripon Place,E01025124,Lancaster 016F,Violence and sexual offences,Status update unavailable,
2a5851824c1d0aa2dad53f638b2282169f5e54fd9084e03cd3820374d09e3596,2019-02,Lancashire Constabulary,Lancashire Constabulary,-2.898495,54.036326,On or near Warren Grove,E01025124,Lancaster 016F,Violence and sexual offences,Formal action is not in the public interest,
e4136f24ff16714e37789d331d36433bcc2d89f7663f2625c9a2dd9334bd109a,2019-02,Lancashire Constabulary,Lancashire Constabulary,-2.897794,54.036368,On or near Melville Road,E01025124,Lancaster 016F,Violence and sexual offences,Unable to prosecute suspect,
d009fb57ab8efc2635fa24ce75c43d1bc6d6cc0a16fcc7e0ae307e28fb357acd,2019-02,Lancashire Constabulary,Lancashire Constabulary,-2.896812,54.036869,On or near Combermere Grove,E01025124,Lancaster 016F,Violence and sexual offences,Status update unavailable,
348d736946ca4acffa87bbd06d494dd1a54c05f618cf9a2cf412ec34725bb060,2019-02,Lancashire Constabulary,Lancashire Constabulary,-2.895626,54.041372,On or near Ripon Place,E01025124,Lancaster 016F,Violence and sexual offences,Unable to prosecute suspect,
69b7aa99abe141ed8e8f64523537ccf82e835cb9db5e7c5ee8cc2ee2c23e314c,2019-02,Lancashire Constabulary,Lancashire Constabulary,-2.894725,54.043482,On or near St James Court,E01025124,Lancaster 016F,Violence and sexual offences,Status update unavailable,
34a42006553f54307a610cbd2ce74a647988b0687bfa35fd64154645b0652137,2019-02,Lancashire Constabulary,Lancashire Constabulary,-2.893907,54.038814,On or near Banks Crescent,E01025124,Lancaster 016F,Other crime,Unable to prosecute suspect,
4c6b35cbf34e7e80436b710aa409a0cff2c343f5e11e559a48120ca26b00a79b,2019-02,Lancashire Constabulary,Lancashire Constabulary,-2.893907,54.038814,On or near Banks Crescent,E01025124,Lancaster 016F,Other crime,Formal action is not in the public interest,
a2947358fe3b4caf137c3c524f294b6daec84763846d034a6504f4f4af7b7584,2019-02,Lancashire Constabulary,Lancashire Constabulary,-2.893907,54.038814,On or near Banks Crescent,E01025124,Lancaster 016F,Other crime,Formal action is not in the public interest,
,2019-02,Lancashire Constabulary,Lancashire Constabulary,-2.879723,54.020835,On or near Low Road,E01033072,Lancaster 016I,Anti-social behaviour,,
,2019-02,Lancashire Constabulary,Lancashire Constabulary,-2.844208,54.054120,On or near Shopping Area,E01033072,Lancaster 016I,Anti-social behaviour,,
,2019-02,Lancashire Constabulary,Lancashire Constabulary,-2.879723,54.020835,On or near Low Road,E01033072,Lancaster 016I,Anti-social behaviour,,
,2019-02,Lancashire Constabulary,Lancashire Constabulary,-2.879723,54.020835,On or near Low Road,E01033072,Lancaster 016I,Anti-social behaviour,,
,2019-02,Lancashire Constabulary,Lancashire Constabulary,-2.879723,54.020835,On or near Low Road,E01033072,Lancaster 016I,Anti-social behaviour,,
,2019-02,Lancashire Constabulary,Lancashire Constabulary,-2.857745,54.018666,On or near Kevin Grove,E01033072,Lancaster 016I,Anti-social behaviour,,
212f54f51ad2b5195ee828b545d0456b3262d5a08c081c38b0cecc92e5000d93,2019-02,Lancashire Constabulary,Lancashire Constabulary,-2.880665,54.021332,On or near Hall Drive,E01033072,Lancaster 016I,Criminal damage and arson,Unable to prosecute suspect,
ef25c81452c929fc1547f26c0c6c6dcd8e78202a04a9f6da9b5ee03b7a0e6fbe,2019-02,Lancashire Constabulary,Lancashire Constabulary,-2.857745,54.018666,On or near Kevin Grove,E01033072,Lancaster 016I,Criminal damage and arson,Local resolution,
979dc72a6bf2a2c73380808f3962900207a390dd6bcfeb96277e43eb250ea3c3,2019-02,Lancashire Constabulary,Lancashire Constabulary,-2.857745,54.018666,On or near Kevin Grove,E01033072,Lancaster 016I,Criminal damage and arson,Local resolution,
af5d5de2e1afbe4484ac2113367ead80675fab2ba72f199b87881948c31d8cb3,2019-02,Lancashire Constabulary,Lancashire Constabulary,-2.862984,54.014422,On or near Main Street,E01033072,Lancaster 016I,Criminal damage and arson,Status update unavailable,
22368b9724768933801b8f681a6926892fbe43603d59488d06e61acf9fc5ae7f,2019-02,Lancashire Constabulary,Lancashire Constabulary,-2.902245,54.034635,On or near Connaught Road,E01033072,Lancaster 016I,Drugs,Offender given a caution,
daa31c7f01c5c7cc8e8da2cd551502d4e21d0aaa20116d5a7a02f4f41e724d06,2019-02,Lancashire Constabulary,Lancashire Constabulary,-2.897008,54.016204,On or near Lavender Way,E01033072,Lancaster 016I,Other theft,Status update unavailable,
8384a8a2fe6f41f64c4c5399c6a79f6a811584fd81581ddd8df83bb81f150288,2019-02,Lancashire Constabulary,Lancashire Constabulary,-2.903796,54.035711,On or near Rothesay Crescent,E01033072,Lancaster 016I,Public order,Unable to prosecute suspect,
4c0b15a7884e1ed11ae5a228d555f594abca389a59910a99aa3ae216fb4dac37,2019-02,Lancashire Constabulary,Lancashire Constabulary,-2.881388,54.020904,On or near Hall Grove,E01033072,Lancaster 016I,Public order,Further investigation is not in the public interest,
117868c946984f15f2d455df99012c3a36abea3f30ed22798300d9dd7a4ebb6f,2019-02,Lancashire Constabulary,Lancashire Constabulary,-2.881388,54.020904,On or near Hall Grove,E01033072,Lancaster 016I,Public order,Unable to prosecute suspect,
a83c74a029ac070ac5b772617581fb1cec9c97e30f4f5daf91f6292ba183b153,2019-02,Lancashire Constabulary,Lancashire Constabulary,-2.844208,54.054120,On or near Shopping Area,E01033072,Lancaster 016I,Shoplifting,Status update unavailable,
559c4416cfa0ef881518bdead13483714d3d61dff7a5d6355c8c45936001c424,2019-02,Lancashire Constabulary,Lancashire Constabulary,-2.891704,54.028638,On or near Petrol Station,E01033072,Lancaster 016I,Vehicle crime,Status update unavailable,
c134051c6466f3d2ea8da5881a45fa0027107549456ed82af83747dd37ed5f7c,2019-02,Lancashire Constabulary,Lancashire Constabulary,-2.891704,54.028638,On or near Petrol Station,E01033072,Lancaster 016I,Vehicle crime,Status update unavailable,
9cf27282cbcf64da86c921a1d46e5cfae3dd8a4001add678e9883e1fefc0a6c1,2019-02,Lancashire Constabulary,Lancashire Constabulary,-2.881388,54.020904,On or near Hall Grove,E01033072,Lancaster 016I,Violence and sexual offences,Unable to prosecute suspect,
3a3055c4d4c22095ed6f546c577375ec6e2bdd803629e137f59acd8b05f243e7,2019-02,Lancashire Constabulary,Lancashire Constabulary,-2.880665,54.021332,On or near Hall Drive,E01033072,Lancaster 016I,Violence and sexual offences,Unable to prosecute suspect,
ce3cc84b69038a2ad86f7c436fc0938d38041082bfbcd82aa51f6837c25511be,2019-02,Lancashire Constabulary,Lancashire Constabulary,-2.903489,54.034977,On or near Mcdonald Road,E01033072,Lancaster 016I,Violence and sexual offences,Unable to prosecute suspect,
7fa22c6b1aa2ef4e638df9e95c57eb8f980070424206b6d39f2f56ce9cfd337f,2019-02,Lancashire Constabulary,Lancashire Constabulary,-2.899850,54.034015,On or near Oakville Road,E01033072,Lancaster 016I,Violence and sexual offences,Status update unavailable,
,2019-02,Lancashire Constabulary,Lancashire Constabulary,-2.820635,54.046203,On or near Forest Park,E01025100,Lancaster 017A,Anti-social behaviour,,
,2019-02,Lancashire Constabulary,Lancashire Constabulary,-2.816614,54.047579,On or near Cavendish Street,E01025100,Lancaster 017A,Anti-social behaviour,,
,2019-02,Lancashire Constabulary,Lancashire Constabulary,-2.814125,54.051488,On or near Hutton Way,E01025100,Lancaster 017A,Anti-social behaviour,,
,2019-02,Lancashire Constabulary,Lancashire Constabulary,-2.819269,54.046671,On or near Willow Lane,E01025100,Lancaster 017A,Anti-social behaviour,,
,2019-02,Lancashire Constabulary,Lancashire Constabulary,-2.825698,54.048919,On or near Thetis Road,E01025100,Lancaster 017A,Anti-social behaviour,,
,2019-02,Lancashire Constabulary,Lancashire Constabulary,-2.816614,54.047579,On or near Cavendish Street,E01025100,Lancaster 017A,Anti-social behaviour,,
,2019-02,Lancashire Constabulary,Lancashire Constabulary,-2.820635,54.046203,On or near Forest Park,E01025100,Lancaster 017A,Anti-social behaviour,,
8094ef33c7d05eb99d6a2cbcd34e119310d6c4b96d8b7baee2a953576c07dc66,2019-02,Lancashire Constabulary,Lancashire Constabulary,-2.817145,54.051242,On or near Cowdrey Mews,E01025100,Lancaster 017A,Burglary,Status update unavailable,
7194861c9ef858dab73f74f0009870736b69167e7be3b281ecd8823192143968,2019-02,Lancashire Constabulary,Lancashire Constabulary,-2.817777,54.048443,On or near St Thomas More Walk,E01025100,Lancaster 017A,Burglary,Status update unavailable,
3d4b8d8112df3b9a71a96d0cb5708d1f3a8c58e3ef31fae894acc46c99646f47,2019-02,Lancashire Constabulary,Lancashire Constabulary,-2.817145,54.051242,On or near Cowdrey Mews,E01025100,Lancaster 017A,Burglary,Status update unavailable,
7e2e2f29737b228f430298a036c59f0cdf426893ec50bd4bd792508b4bac0b56,2019-02,Lancashire Constabulary,Lancashire Constabulary,-2.817145,54.051242,On or near Cowdrey Mews,E01025100,Lancaster 017A,Burglary,Status update unavailable,
8645bc4037c937f6c38f1424924d4337badc9cec943450d18ed6a6a9682e8363,2019-02,Lancashire Constabulary,Lancashire Constabulary,-2.817821,54.046780,On or near Wharfedale Road,E01025100,Lancaster 017A,Criminal damage and arson,Status update unavailable,
e5132dc2f82aaf3ca5f8a4a89f2f77d98272926fc275c7f4157c119936f5f5bb,2019-02,Lancashire Constabulary,Lancashire Constabulary,-2.816811,54.045942,On or near Bishopdale Road,E01025100,Lancaster 017A,Other theft,Status update unavailable,
d307ed1a0aeb7bd9b6815b9fef49cf9a7e92b06293c10856ea8ab4a86ebac7b4,2019-02,Lancashire Constabulary,Lancashire Constabulary,-2.817310,54.047233,On or near Coverdale Road,E01025100,Lancaster 017A,Vehicle crime,Status update unavailable,
b57ec9979c2c4a8499084c2b55149ee0b9d1e1806a6cc9b13487f66634db4c89,2019-02,Lancashire Constabulary,Lancashire Constabulary,-2.820635,54.046203,On or near Forest Park,E01025100,Lancaster 017A,Violence and sexual offences,Unable to prosecute suspect,
d50e48593a62db345da955d904de0f0fc52fc6497804217213226b6777d7ab8b,2019-02,Lancashire Constabulary,Lancashire Constabulary,-2.817821,54.046780,On or near Wharfedale Road,E01025100,Lancaster 017A,Violence and sexual offences,Status update unavailable,
9fdf5bd08828e6b5d3646ea760ff2ffa23a9e4b243d47cc6d7fa04c0e35f8dbc,2019-02,Lancashire Constabulary,Lancashire Constabulary,-2.814481,54.052510,On or near Sports/Recreation Area,E01025100,Lancaster 017A,Violence and sexual offences,Status update unavailable,
a01b4cfe7abe697e54d53eb8598f53ae771005ff538abe05fab3a3aac308ed14,2019-02,Lancashire Constabulary,Lancashire Constabulary,-2.817145,54.051242,On or near Cowdrey Mews,E01025100,Lancaster 017A,Violence and sexual offences,Awaiting court outcome,
1cf8638f89c26395a4fcdae4c63a9bccf880888b967cd49d630b137e21803ff9,2019-02,Lancashire Constabulary,Lancashire Constabulary,-2.819287,54.047570,On or near Hornbeam Road,E01025100,Lancaster 017A,Violence and sexual offences,Unable to prosecute suspect,
bf286476c39402a8bbf4a2bbf0e6f2e2a27bede046b7580ddb7d61c27334c9e0,2019-02,Lancashire Constabulary,Lancashire Constabulary,-2.820635,54.046203,On or near Forest Park,E01025100,Lancaster 017A,Violence and sexual offences,Status update unavailable,
67e182d628fe3ce94d5ff63835fe71e7560a38a4ecdb01b28c049e51380b7d75,2019-02,Lancashire Constabulary,Lancashire Constabulary,-2.817821,54.046780,On or near Wharfedale Road,E01025100,Lancaster 017A,Violence and sexual offences,Status update unavailable,
c1543c2c2605a8d4328d83a6c9c9cd705d475e9c1def792b98a247655d9fe819,2019-02,Lancashire Constabulary,Lancashire Constabulary,-2.817821,54.046780,On or near Wharfedale Road,E01025100,Lancaster 017A,Violence and sexual offences,Status update unavailable,
,2019-02,Lancashire Constabulary,Lancashire Constabulary,-2.812062,54.049084,On or near Ley Court,E01025101,Lancaster 017B,Anti-social behaviour,,
,2019-02,Lancashire Constabulary,Lancashire Constabulary,-2.811056,54.049962,On or near Sports/Recreation Area,E01025101,Lancaster 017B,Anti-social behaviour,,
,2019-02,Lancashire Constabulary,Lancashire Constabulary,-2.814089,54.050445,On or near Cypress Close,E01025101,Lancaster 017B,Anti-social behaviour,,
,2019-02,Lancashire Constabulary,Lancashire Constabulary,-2.814705,54.050711,On or near Lime Grove,E01025101,Lancaster 017B,Anti-social behaviour,,
,2019-02,Lancashire Constabulary,Lancashire Constabulary,-2.809592,54.049298,On or near West Road,E01025101,Lancaster 017B,Anti-social behaviour,,
,2019-02,Lancashire Constabulary,Lancashire Constabulary,-2.813222,54.049040,On or near Stanley Place,E01025101,Lancaster 017B,Anti-social behaviour,,
,2019-02,Lancashire Constabulary,Lancashire Constabulary,-2.817631,54.049558,On or near Maple Grove,E01025101,Lancaster 017B,Anti-social behaviour,,
,2019-02,Lancashire Constabulary,Lancashire Constabulary,-2.811056,54.049962,On or near Sports/Recreation Area,E01025101,Lancaster 017B,Anti-social behaviour,,
,2019-02,Lancashire Constabulary,Lancashire Constabulary,-2.814705,54.050711,On or near Lime Grove,E01025101,Lancaster 017B,Anti-social behaviour,,
8378d08b73c9bdb8999228b1fff305fbba43231a00fdc82e092e734e3c676622,2019-02,Lancashire Constabulary,Lancashire Constabulary,-2.817631,54.049558,On or near Maple Grove,E01025101,Lancaster 017B,Burglary,Status update unavailable,
54214410692a0f119e1355541efde6709aa90521497fbc26801ae988afed1a58,2019-02,Lancashire Constabulary,Lancashire Constabulary,-2.817161,54.050523,On or near Birch Grove,E01025101,Lancaster 017B,Burglary,Status update unavailable,
ce3e472ed2993a580cad96d79fce8240b0cf4ae2bafb16bfc906a77ea44556e0,2019-02,Lancashire Constabulary,Lancashire Constabulary,-2.811056,54.049962,On or near Sports/Recreation Area,E01025101,Lancaster 017B,Other theft,Status update unavailable,
c4d49aaabe1a4717d76501c10442a43adb6b436c04c82e99d26b6a40e5352a20,2019-02,Lancashire Constabulary,Lancashire Constabulary,-2.814089,54.050445,On or near Cypress Close,E01025101,Lancaster 017B,Other theft,Status update unavailable,
b7784841fb88a51ae193ef1e23942a29731d48beee867abce04013fb3ea15b7c,2019-02,Lancashire Constabulary,Lancashire Constabulary,-2.814769,54.050063,On or near Cedar Road,E01025101,Lancaster 017B,Other theft,Status update unavailable,
e6f214c2f625ae3c3c65618caa0fe9fd7e507c6a61e7c5f267874d8b3688e97b,2019-02,Lancashire Constabulary,Lancashire Constabulary,-2.811056,54.049962,On or near Sports/Recreation Area,E01025101,Lancaster 017B,Public order,Further investigation is not in the public interest,
a04605adc86a60665f1425f0381904c94c8ece9529288ff7d0bef1745c760845,2019-02,Lancashire Constabulary,Lancashire Constabulary,-2.815529,54.050660,On or near Hazel Grove,E01025101,Lancaster 017B,Violence and sexual offences,Unable to prosecute suspect,
9ae2afa616142722a73f2d18999c7511190ff0fc914dd0f2f9441f5536f6dab4,2019-02,Lancashire Constabulary,Lancashire Constabulary,-2.817705,54.049432,On or near Sycamore Grove,E01025101,Lancaster 017B,Violence and sexual offences,Unable to prosecute suspect,
feadbe9c5121e08c7363b05301ef4e0fa9969fcaf9c72a57f2a36877f78c1cf1,2019-02,Lancashire Constabulary,Lancashire Constabulary,-2.815863,54.050523,On or near Laburnum Grove,E01025101,Lancaster 017B,Violence and sexual offences,Awaiting court outcome,
0ff9078e25f7cd460f5596d64fe6297f40d3c51fa49785f4e03fffc2a504537e,2019-02,Lancashire Constabulary,Lancashire Constabulary,-2.815529,54.050660,On or near Hazel Grove,E01025101,Lancaster 017B,Violence and sexual offences,Unable to prosecute suspect,
8991e32c4a859ffb08567e53aac0fe398d94035df2b5d8123196e15cc754e2eb,2019-02,Lancashire Constabulary,Lancashire Constabulary,-2.815529,54.050660,On or near Hazel Grove,E01025101,Lancaster 017B,Violence and sexual offences,Unable to prosecute suspect,
,2019-02,Lancashire Constabulary,Lancashire Constabulary,-2.809082,54.047441,On or near Kelsey Street,E01025102,Lancaster 017C,Anti-social behaviour,,
,2019-02,Lancashire Constabulary,Lancashire Constabulary,-2.818953,54.044570,On or near Jackson Close,E01025103,Lancaster 017D,Anti-social behaviour,,
b2edca473343e567405535dd45df9c149b69093f7e1e34adc282a7e125bcab47,2019-02,Lancashire Constabulary,Lancashire Constabulary,-2.814242,54.041061,On or near Horrocksford Way,E01025103,Lancaster 017D,Burglary,Status update unavailable,
c6567d3d4a54e2914bd1add3e104cdfbcf02d5a57c38936e46e8d257781427c3,2019-02,Lancashire Constabulary,Lancashire Constabulary,-2.814242,54.041061,On or near Horrocksford Way,E01025103,Lancaster 017D,Burglary,Status update unavailable,
5aeb0b9b706ded022d8ea44d51a2625a74bad44185dd765f8f344a0c4edabe7c,2019-02,Lancashire Constabulary,Lancashire Constabulary,-2.815498,54.041250,On or near Hoghton Close,E01025103,Lancaster 017D,Burglary,Status update unavailable,
6d7352cf2ec1ec42c1ae38f18a49cd707185ae2251658f478840e3f177e760bb,2019-02,Lancashire Constabulary,Lancashire Constabulary,-2.816054,54.043925,On or near Roosevelt Avenue,E01025103,Lancaster 017D,Criminal damage and arson,Status update unavailable,
6824579f61ed47e4235a6072ffa900962cb621f9261ce16d4ca647ca52f8dbbe,2019-02,Lancashire Constabulary,Lancashire Constabulary,-2.795976,54.035386,On or near Cheltenham Road,E01025144,Lancaster 017E,Vehicle crime,Status update unavailable,
6160c9e2ae17fdaa2c3b3f548d6a60c973127184a7a6c1a528377bf6fc13ac1a,2019-02,Lancashire Constabulary,Lancashire Constabulary,-2.799543,54.038257,On or near Princess Avenue,E01025144,Lancaster 017E,Violence and sexual offences,Offender ordered to pay compensation,
d9ba36ac062490e8151db35e2744478596144bb4d508686dd99fffdbb6b5481e,2019-02,Lancashire Constabulary,Lancashire Constabulary,-2.803665,54.032657,On or near Pathfinders Drive,E01025144,Lancaster 017E,Violence and sexual offences,Unable to prosecute suspect,
02e1a7a8590bc8dbbfc9863b7a9ac9d5f1dae74fad927b19e4813b7ea7448e13,2019-02,Lancashire Constabulary,Lancashire Constabulary,-2.804300,54.035474,On or near Hunters Gate,E01025144,Lancaster 017E,Violence and sexual offences,Unable to prosecute suspect,
e282a8247da5da8f08a213bcb032bfeb6712bbff2eebdf286d218df812db1244,2019-02,Lancashire Constabulary,Lancashire Constabulary,-2.798864,54.037084,On or near Broyd View,E01025144,Lancaster 017E,Violence and sexual offences,Status update unavailable,
a67ad0245c0cb900c06fa2ea68dcf3972ffa11e754ba4b0b8b4f978fa6a23428,2019-02,Lancashire Constabulary,Lancashire Constabulary,-2.798335,54.038166,On or near Binyon Court,E01025144,Lancaster 017E,Violence and sexual offences,Unable to prosecute suspect,
6685b935799dc2bcbbc120a381b1b7938ccf4a6aaaf0727a676e13819ea1c59d,2019-02,Lancashire Constabulary,Lancashire Constabulary,-2.798335,54.038166,On or near Binyon Court,E01025144,Lancaster 017E,Violence and sexual offences,Status update unavailable,
,2019-02,Lancashire Constabulary,Lancashire Constabulary,-2.811614,54.037061,On or near Aldcliffe Road,E01025146,Lancaster 017F,Anti-social behaviour,,
,2019-02,Lancashire Constabulary,Lancashire Constabulary,-2.795653,54.029618,On or near Hall Park,E01025146,Lancaster 017F,Anti-social behaviour,,
1e5ed86f35a2ab14f4a22b41a6df13bb5ee3bca155c2899dda7295c6040eab82,2019-02,Lancashire Constabulary,Lancashire Constabulary,-2.797472,54.035358,On or near Devonshire Street,E01025146,Lancaster 017F,Burglary,Unable to prosecute suspect,
3d48015bc713b5ce7c29f50003f9e83dad5b1ee64ef8f9a82f4e9978ffef5078,2019-02,Lancashire Constabulary,Lancashire Constabulary,-2.806180,54.028487,On or near Ashford Avenue,E01025146,Lancaster 017F,Burglary,Status update unavailable,
a8b9588bce5f5bb731c2554f18968acc5ac0562e29096de1853a004dbd24ccd4,2019-02,Lancashire Constabulary,Lancashire Constabulary,-2.806180,54.028487,On or near Ashford Avenue,E01025146,Lancaster 017F,Burglary,Status update unavailable,
3f138212d229bb738b3913fcaea54771320cda32314bd0f8d3a57206a6797e28,2019-02,Lancashire Constabulary,Lancashire Constabulary,-2.796293,54.034395,On or near St Paul'S Road,E01025146,Lancaster 017F,Shoplifting,Status update unavailable,
0144cdfc7c5ff45d3054351be90d58b232c68a3d62fd29a8a3b54210d2292b7b,2019-02,Lancashire Constabulary,Lancashire Constabulary,-2.816339,54.034297,On or near Aldcliffe Mews,E01025146,Lancaster 017F,Vehicle crime,Status update unavailable,
e9ae548d6d7898c47803141d8645ba79c2ade9f2d380f52e9b180d56d1714080,2019-02,Lancashire Constabulary,Lancashire Constabulary,-2.795444,54.032307,On or near Chatsworth Road,E01025146,Lancaster 017F,Vehicle crime,Status update unavailable,
f2c223f317831f1558107b6ef7fa76d409b4b4732ce3d5461a16e61fb6cc46b5,2019-02,Lancashire Constabulary,Lancashire Constabulary,-2.795800,54.028521,On or near Piccadilly Grove,E01025146,Lancaster 017F,Other crime,Status update unavailable,
,2019-02,Lancashire Constabulary,Lancashire Constabulary,-2.784496,54.035462,On or near Steward Avenue,E01025127,Lancaster 018A,Anti-social behaviour,,
50b91041c7f222a34d48fb8383c4de8b1f7c9901a86a750bfba82002dd22e3a6,2019-02,Lancashire Constabulary,Lancashire Constabulary,-2.785297,54.035025,On or near Hodder Place,E01025127,Lancaster 018A,Burglary,Status update unavailable,
,2019-02,Lancashire Constabulary,Lancashire Constabulary,-2.790643,54.033516,On or near Rutland Avenue,E01025141,Lancaster 018B,Anti-social behaviour,,
,2019-02,Lancashire Constabulary,Lancashire Constabulary,-2.784808,54.030939,On or near Ascot Close,E01025141,Lancaster 018B,Anti-social behaviour,,
c81bde1ba779282ff1dd7b81bdb89dae5f763a6f0a72ba40ea08716fc3c37599,2019-02,Lancashire Constabulary,Lancashire Constabulary,-2.790130,54.033034,On or near Gloucester Avenue,E01025141,Lancaster 018B,Burglary,Status update unavailable,
ad1e7b3364c85845079bdaee146d3560df96af9c6f23c7eda13dc73d678f1b41,2019-02,Lancashire Constabulary,Lancashire Constabulary,-2.789473,54.034620,On or near Chester Place,E01025141,Lancaster 018B,Burglary,Status update unavailable,
e142158d06d740b64019f5809adb266e7665af5cbe8c9cc80a4a75aceef1afb1,2019-02,Lancashire Constabulary,Lancashire Constabulary,-2.793211,54.031279,On or near Wakefield Drive,E01025141,Lancaster 018B,Burglary,Status update unavailable,
aa8c0edf36058dcab4ee4353faaedbc6f824b72b319606202c912861be189447,2019-02,Lancashire Constabulary,Lancashire Constabulary,-2.793211,54.031279,On or near Wakefield Drive,E01025141,Lancaster 018B,Criminal damage and arson,Status update unavailable,
c82a2d40168620f1995536be8a6492f0649d267386045e25c507d6ae2499a144,2019-02,Lancashire Constabulary,Lancashire Constabulary,-2.784751,54.033581,On or near Bowerham Road,E01025141,Lancaster 018B,Violence and sexual offences,Unable to prosecute suspect,
ed7ff109c1495acd72c33430a4749bca8ca6bbfc1da3a77447982bfa6d3a8eb1,2019-02,Lancashire Constabulary,Lancashire Constabulary,-2.784751,54.033581,On or near Bowerham Road,E01025141,Lancaster 018B,Violence and sexual offences,Unable to prosecute suspect,
3aa8c1ffb297e72d8a9eb6fcbabf9c1f5104ccc28779d9521d80bb2585d04297,2019-02,Lancashire Constabulary,Lancashire Constabulary,-2.784751,54.033581,On or near Bowerham Road,E01025141,Lancaster 018B,Violence and sexual offences,Unable to prosecute suspect,
,2019-02,Lancashire Constabulary,Lancashire Constabulary,-2.789462,54.026819,On or near Appletree Close,E01025143,Lancaster 018C,Anti-social behaviour,,
,2019-02,Lancashire Constabulary,Lancashire Constabulary,-2.790272,54.027676,On or near Hala Square,E01025143,Lancaster 018C,Anti-social behaviour,,
,2019-02,Lancashire Constabulary,Lancashire Constabulary,-2.789706,54.023572,On or near Bentham Road,E01025143,Lancaster 018C,Anti-social behaviour,,
,2019-02,Lancashire Constabulary,Lancashire Constabulary,-2.789706,54.023572,On or near Bentham Road,E01025143,Lancaster 018C,Anti-social behaviour,,
fc07cc2da95046aa95f0b8caa30d1463798a1a6b21867250c02f82e97c76984b,2019-02,Lancashire Constabulary,Lancashire Constabulary,-2.790272,54.027676,On or near Hala Square,E01025143,Lancaster 018C,Criminal damage and arson,Status update unavailable,
da735140a6b7db838dbaf00f54faa45b40ebe3eed4cb6ccbff0857d6acc80fa5,2019-02,Lancashire Constabulary,Lancashire Constabulary,-2.789706,54.023572,On or near Bentham Road,E01025143,Lancaster 018C,Public order,Status update unavailable,
2ccc88969befe28729c1d13c523119a7f9c329bb5fec4307b4f3cfd2520c97be,2019-02,Lancashire Constabulary,Lancashire Constabulary,-2.789706,54.023572,On or near Bentham Road,E01025143,Lancaster 018C,Violence and sexual offences,Awaiting court outcome,
0e9adf3aa4ce79830b4f15900e93e2ba7fd9cbc8976dfb3fbbd1f2c9540889c1,2019-02,Lancashire Constabulary,Lancashire Constabulary,-2.790272,54.027676,On or near Hala Square,E01025143,Lancaster 018C,Violence and sexual offences,Status update unavailable,
244e14eb2add7bb34cec2f3043f442ace26447adde5fa15df16fbb4a2b2744c0,2019-02,Lancashire Constabulary,Lancashire Constabulary,-2.789462,54.026819,On or near Appletree Close,E01025143,Lancaster 018C,Violence and sexual offences,Unable to prosecute suspect,
3a97f3c1c2645b2f9358d5780a9fedc06707bed9044f70b49f6f239d2960486c,2019-02,Lancashire Constabulary,Lancashire Constabulary,-2.792710,54.026609,On or near Cockersand Drive,E01025143,Lancaster 018C,Violence and sexual offences,Unable to prosecute suspect,
,2019-02,Lancashire Constabulary,Lancashire Constabulary,-2.790665,54.037102,On or near Rosebery Avenue,E01025145,Lancaster 018D,Anti-social behaviour,,
4d5dcc92429e280a8a85b3bd0dfc778e8aa5876d14c5337f2b37750e7a29cbba,2019-02,Lancashire Constabulary,Lancashire Constabulary,-2.790665,54.037102,On or near Rosebery Avenue,E01025145,Lancaster 018D,Violence and sexual offences,Unable to prosecute suspect,
,2019-02,Lancashire Constabulary,Lancashire Constabulary,-2.737799,53.974775,On or near Church Close,E01025105,Lancaster 019A,Anti-social behaviour,,
7ee1f72a9c7d461ef33065c451ed2dc7eba784df1c34fc9836b93b1b8c322124,2019-02,Lancashire Constabulary,Lancashire Constabulary,-2.786869,54.009947,On or near Further/Higher Educational Building,E01025105,Lancaster 019A,Bicycle theft,Status update unavailable,
5d442a9fd0bf72c72a1bc0ba0c2416b394aa7f466dff93433a1ffef1be781367,2019-02,Lancashire Constabulary,Lancashire Constabulary,-2.775190,53.970234,On or near Pedestrian Subway,E01025105,Lancaster 019A,Burglary,Status update unavailable,
7fc35cfd558168f67bd3b3408b7e7c9e8ab46c7aa4f6aa0ca144296a86c967fb,2019-02,Lancashire Constabulary,Lancashire Constabulary,-2.794078,54.001469,On or near Leach House Lane,E01025105,Lancaster 019A,Burglary,Unable to prosecute suspect,
f09ec0fd378315a9b05bac777e80ad0fc8a12578cb03ca56bf01ea205b8124fe,2019-02,Lancashire Constabulary,Lancashire Constabulary,-2.701918,53.983456,On or near Abbeystead Road,E01025105,Lancaster 019A,Burglary,Status update unavailable,
eee33becf42bd59f139db691ce4ca4702ce68482a6f8a36dc93f9990f5b4d44d,2019-02,Lancashire Constabulary,Lancashire Constabulary,-2.785247,54.013724,On or near North Drive,E01025105,Lancaster 019A,Other theft,Status update unavailable,
62b096482a4c92d8286cc54b9e959174e37cbc61505bd44f3bc47e5fd435da15,2019-02,Lancashire Constabulary,Lancashire Constabulary,-2.666167,53.983066,On or near Parking Area,E01025105,Lancaster 019A,Theft from the person,Unable to prosecute suspect,
71ade7135f59cb495d8c00c1fafc4e76adc974189429f1c2f5954ba3e7de0ea1,2019-02,Lancashire Constabulary,Lancashire Constabulary,-2.765302,54.004622,On or near Kit Brow Lane,E01025105,Lancaster 019A,Vehicle crime,Status update unavailable,
5a159e1166459a17039adba280efbf2e5c3525476d3dc7ef86ce5df6f4c17c13,2019-02,Lancashire Constabulary,Lancashire Constabulary,-2.783073,54.010916,On or near Physics Avenue,E01025105,Lancaster 019A,Vehicle crime,Status update unavailable,
424f175d501d7a2462b6d596cef9df04b0944ecc47c63a31f6882467172b270a,2019-02,Lancashire Constabulary,Lancashire Constabulary,-2.786233,54.000505,On or near Green Lane,E01025105,Lancaster 019A,Violence and sexual offences,Unable to prosecute suspect,
a8fbe2ac53d7b017026b5a51b7661cb26e2ead7cc8707f4cebd6e1ab413a701e,2019-02,Lancashire Constabulary,Lancashire Constabulary,-2.786233,54.000505,On or near Green Lane,E01025105,Lancaster 019A,Violence and sexual offences,Formal action is not in the public interest,
a368ca3dc5137c5a7da432ea189bfef65444432e863e9ece07188c3deda66144,2019-02,Lancashire Constabulary,Lancashire Constabulary,-2.786498,54.005654,On or near Green Lane,E01025105,Lancaster 019A,Other crime,Status update unavailable,
,2019-02,Lancashire Constabulary,Lancashire Constabulary,-2.788621,53.994459,On or near Tanhouse,E01025106,Lancaster 019B,Anti-social behaviour,,
789ca62d42d4a57e1bf05952bc29b2f3ab6f5d6063cd08fbcbe5f2519410cb96,2019-02,Lancashire Constabulary,Lancashire Constabulary,-2.791153,53.989598,On or near Sports/Recreation Area,E01025106,Lancaster 019B,Burglary,Status update unavailable,
189a2ac368d74a2a3a41490a95b01ad3a456c3750cb5611e7f260d19279a0bb6,2019-02,Lancashire Constabulary,Lancashire Constabulary,-2.791153,53.989598,On or near Sports/Recreation Area,E01025106,Lancaster 019B,Burglary,Status update unavailable,
766ce52cf0170c396c949ecfb404497f9e60427a478f7128ecbde1cec359ff29,2019-02,Lancashire Constabulary,Lancashire Constabulary,-2.788345,53.991953,On or near Ashley Gardens,E01025106,Lancaster 019B,Drugs,Status update unavailable,
4e530dda03bc22982a667a926a6fb9dfa8a4f4d251c9adaab874644d0e93217f,2019-02,Lancashire Constabulary,Lancashire Constabulary,-2.788345,53.991953,On or near Ashley Gardens,E01025106,Lancaster 019B,Vehicle crime,Status update unavailable,
fdd752a256840e73bd675fe26ac6c8d40370059289d145518b6abeeb86c1f7b9,2019-02,Lancashire Constabulary,Lancashire Constabulary,-2.794170,53.995078,On or near Lime Avenue,E01025106,Lancaster 019B,Other crime,Status update unavailable,
,2019-02,Lancashire Constabulary,Lancashire Constabulary,-2.823651,53.999473,On or near A588,E01025107,Lancaster 019C,Anti-social behaviour,,
,2019-02,Lancashire Constabulary,Lancashire Constabulary,-2.866708,53.981392,On or near Slack Lane,E01025107,Lancaster 019C,Anti-social behaviour,,
e47b28d5d5559d52486b3277a9d0e4d144774f7850e529675748fa01b0bf1e42,2019-02,Lancashire Constabulary,Lancashire Constabulary,-2.845464,53.982028,On or near Moss Lane,E01025107,Lancaster 019C,Burglary,Status update unavailable,
f7a9ba9f9bccf9a996ed2027d0811b429126ffe0050ed2d583c726bcee8bbe8e,2019-02,Lancashire Constabulary,Lancashire Constabulary,-2.866708,53.981392,On or near Slack Lane,E01025107,Lancaster 019C,Burglary,Status update unavailable,
a6fb5ca78837b0fee470545b3d020d7b29ba233e239efeca33c89d3bc83988a1,2019-02,Lancashire Constabulary,Lancashire Constabulary,-2.799903,54.013232,On or near Burrow Heights Lane,E01025107,Lancaster 019C,Burglary,Status update unavailable,
15bc54d5d51336e61f1836b29de4d780566e041f63349bf48866c0bf25fdf28c,2019-02,Lancashire Constabulary,Lancashire Constabulary,-2.810520,53.954155,On or near Garstang Road,E01025107,Lancaster 019C,Criminal damage and arson,Unable to prosecute suspect,
3d592619d3e839fdb442e86e09a0c01a4fc68b0a825d8dc0298b273b030cc3a1,2019-02,Lancashire Constabulary,Lancashire Constabulary,-2.816835,53.963046,On or near Parking Area,E01025107,Lancaster 019C,Violence and sexual offences,Unable to prosecute suspect,
4c7c40331be5248d041822ebf37df0e9cdd3c755d78da25e3278ae3727bd8677,2019-02,Lancashire Constabulary,Lancashire Constabulary,-2.816835,53.963046,On or near Parking Area,E01025107,Lancaster 019C,Violence and sexual offences,Status update unavailable,
49356b354b7ef6ee75672cea0826fbb42359e727503b09f1d226ad862f39b2da,2019-02,Lancashire Constabulary,Lancashire Constabulary,-2.810520,53.954155,On or near Garstang Road,E01025107,Lancaster 019C,Violence and sexual offences,Status update unavailable,
d0bfd3b92b27b3867aea016e27d587c5e6b99922cae675693f21998f424b07ab,2019-02,Lancashire Constabulary,Lancashire Constabulary,-2.811709,53.965903,On or near Willey Lane,E01025107,Lancaster 019C,Violence and sexual offences,Unable to prosecute suspect,
58cedc7af5e42cd6f9c70aa0109f34702969fdd2edbe627e8efc9af00df40e52,2019-02,Lancashire Constabulary,Lancashire Constabulary,-2.811709,53.965903,On or near Willey Lane,E01025107,Lancaster 019C,Violence and sexual offences,Unable to prosecute suspect,
,2019-02,Lancashire Constabulary,Lancashire Constabulary,-2.787042,54.024767,On or near Bay Horse Drive,E01025142,Lancaster 019D,Anti-social behaviour,,
9803d665ef083a57dcdc238f219e4ccaaaecfee1c575d5c4588d5dc94b9abed9,2019-02,Lancashire Constabulary,Lancashire Constabulary,-2.787042,54.024767,On or near Bay Horse Drive,E01025142,Lancaster 019D,Public order,Further investigation is not in the public interest,
213dd576cc87e97b7b28f6a68fc88245618076ba29feec80090fd8b9db1e6b3a,2019-02,Lancashire Constabulary,Lancashire Constabulary,-2.787850,54.025517,On or near Appletree Drive,E01025142,Lancaster 019D,Violence and sexual offences,Status update unavailable,
25df427a8ad57af142136053f752dd221aa517d73390539f4a17424cad065238,2019-02,Lancashire Constabulary,Lancashire Constabulary,-2.787850,54.025517,On or near Appletree Drive,E01025142,Lancaster 019D,Violence and sexual offences,Status update unavailable,
be0f3eba32c12b39ce882c9aa69a177c686c2ded4995f5b1ba62bf4121cc6866,2019-02,Lancashire Constabulary,Lancashire Constabulary,-2.787919,54.028348,On or near Gressingham Drive,E01025142,Lancaster 019D,Violence and sexual offences,Status update unavailable,
da7cd23569d0410896a2d6cee484fc94fa9783afe15a70ccc6274cc689ba49ab,2019-02,Lancashire Constabulary,Lancashire Constabulary,-2.850328,54.068799,On or near Back Roseberry Avenue South,E01025137,Lancaster 020A,Criminal damage and arson,Status update unavailable,
698cc09a0d1227a3d06b49e07000c1170e3abe53c695245f1778e9633360af5d,2019-02,Lancashire Constabulary,Lancashire Constabulary,-2.846085,54.069809,On or near Scafell Avenue,E01025137,Lancaster 020A,Criminal damage and arson,Status update unavailable,
57a487373062f7af69a5212569d934c5c82bba6864d53c6a6d9db770bb4df400,2019-02,Lancashire Constabulary,Lancashire Constabulary,-2.847064,54.067618,On or near Sports/Recreation Area,E01025137,Lancaster 020A,Other theft,Status update unavailable,
e772c6a838c8bfa8f02fb29fe133376cf575e7e6a899abe7783da329127ebcd9,2019-02,Lancashire Constabulary,Lancashire Constabulary,-2.847064,54.067618,On or near Sports/Recreation Area,E01025137,Lancaster 020A,Other theft,Status update unavailable,
1eeb04ae49a012536a22f0215b650d29fe94e3560f442e9541b13f24d7c9fe2e,2019-02,Lancashire Constabulary,Lancashire Constabulary,-2.847064,54.067618,On or near Sports/Recreation Area,E01025137,Lancaster 020A,Shoplifting,Further investigation is not in the public interest,
8c52b90e3d1e0a81fb4c4010f31b28a37b4ffe82d7a5047d94189d40dc10da90,2019-02,Lancashire Constabulary,Lancashire Constabulary,-2.847064,54.067618,On or near Sports/Recreation Area,E01025137,Lancaster 020A,Shoplifting,Status update unavailable,
a8f223c6d65acb4e386b520fa7623f72df7f6175f7cd0866c1c9b96d50bc21b8,2019-02,Lancashire Constabulary,Lancashire Constabulary,-2.848533,54.071454,On or near Gables Place,E01025137,Lancaster 020A,Violence and sexual offences,Unable to prosecute suspect,
48930e46a10a1047bb0f2f8a8d3908dbe7d2eaab51c22f3f228623deb83de413,2019-02,Lancashire Constabulary,Lancashire Constabulary,-2.847064,54.067618,On or near Sports/Recreation Area,E01025137,Lancaster 020A,Violence and sexual offences,Unable to prosecute suspect,
f8da10653c1c53b93ec679c273eae0e09400dcb3eabb817a4cce1e7620245ecb,2019-02,Lancashire Constabulary,Lancashire Constabulary,-2.845249,54.071549,On or near Burlington Grove,E01025137,Lancaster 020A,Violence and sexual offences,Unable to prosecute suspect,
66bce35758a03f4c31f965ea11ea3dd60b7bd6f9e2dc04b756524cba9bfc3a4c,2019-02,Lancashire Constabulary,Lancashire Constabulary,-2.850328,54.068799,On or near Back Roseberry Avenue South,E01025137,Lancaster 020A,Violence and sexual offences,Unable to prosecute suspect,
9bd43a63980e8a88db7d92d9f808b63affb5e436a48262fb460718750be4c703,2019-02,Lancashire Constabulary,Lancashire Constabulary,-2.843735,54.072207,On or near Nicholson Crescent,E01025162,Lancaster 020B,Public order,Status update unavailable,
5b1a563413bec98639d4d6300fb90e4e9c8e44fd227385704311968459bf05cd,2019-02,Lancashire Constabulary,Lancashire Constabulary,-2.838200,54.073612,On or near Victor Avenue,E01025162,Lancaster 020B,Vehicle crime,Status update unavailable,
8908a8eb2d50ce6eb266d2d869f9b378c2e17e48581858a4d3035ad8fb822cc0,2019-02,Lancashire Constabulary,Lancashire Constabulary,-2.839783,54.072540,On or near Beaufort Road,E01025162,Lancaster 020B,Violence and sexual offences,Status update unavailable,
89402ec8aa4fff57d9f550cdecc98e8dae7ff4a8de4b323fc063e9d88336ca76,2019-02,Lancashire Constabulary,Lancashire Constabulary,-2.834276,54.066907,On or near Old Penny Gardens,E01025163,Lancaster 020C,Burglary,Status update unavailable,
d02a1571799cf8397424080385e3276e9cd8c3f0a804b0cd08e28e130db002f9,2019-02,Lancashire Constabulary,Lancashire Constabulary,-2.829345,54.070204,On or near Hexham Road,E01025163,Lancaster 020C,Burglary,Status update unavailable,
d5923f6542154b1bb521a9050afd093628e55b8bbfcd62f73f68a1f22dd62acc,2019-02,Lancashire Constabulary,Lancashire Constabulary,-2.832607,54.070595,On or near Mattock Crescent,E01025163,Lancaster 020C,Other theft,Investigation complete; no suspect identified,
e366fd61bf24a5cb56a9b9af99af8b767ac8314cd890942a4625b063c0468fa7,2019-02,Lancashire Constabulary,Lancashire Constabulary,-2.834276,54.066907,On or near Old Penny Gardens,E01025163,Lancaster 020C,Shoplifting,Court case unable to proceed,
,2019-02,Lancashire Constabulary,Lancashire Constabulary,-2.838665,54.064846,On or near Warley Drive,E01025164,Lancaster 020D,Anti-social behaviour,,
,2019-02,Lancashire Constabulary,Lancashire Constabulary,-2.837899,54.066262,On or near A589,E01025164,Lancaster 020D,Anti-social behaviour,,
,2019-02,Lancashire Constabulary,Lancashire Constabulary,-2.831437,54.063269,On or near The Way,E01025164,Lancaster 020D,Anti-social behaviour,,
,2019-02,Lancashire Constabulary,Lancashire Constabulary,-2.828256,54.065403,On or near Thorvald Gardens,E01025164,Lancaster 020D,Anti-social behaviour,,
9573eb4933559e13fe8b9b7e44c32184a1335a2cfff6105d55041228f52177d4,2019-02,Lancashire Constabulary,Lancashire Constabulary,-2.832981,54.065613,On or near Kendal Drive,E01025164,Lancaster 020D,Criminal damage and arson,Status update unavailable,
39731ba48c13c7de947d589f48a42d1b5b3ffe0f1e77d75451c8294554d3e488,2019-02,Lancashire Constabulary,Lancashire Constabulary,-2.838665,54.064846,On or near Warley Drive,E01025164,Lancaster 020D,Other theft,Status update unavailable,
bca893525715dcc9f3da948325c11514908bc91cadb806da6a58602adf798e11,2019-02,Lancashire Constabulary,Lancashire Constabulary,-2.838665,54.064846,On or near Warley Drive,E01025164,Lancaster 020D,Other theft,Status update unavailable,
9720225cede625054915eeb882be603fa2ef022bd3a3dbef48a26a5b08882dea,2019-02,Lancashire Constabulary,Lancashire Constabulary,-2.832278,54.066355,On or near Lancaster Road,E01025164,Lancaster 020D,Vehicle crime,Status update unavailable,
,2019-02,Lancashire Constabulary,Lancashire Constabulary,-2.830748,54.059355,On or near Severn Court,E01025165,Lancaster 020E,Anti-social behaviour,,
,2019-02,Lancashire Constabulary,Lancashire Constabulary,-2.828177,54.059930,On or near Wyre Close,E01025165,Lancaster 020E,Anti-social behaviour,,
,2019-02,Lancashire Constabulary,Lancashire Constabulary,-2.832112,54.059570,On or near Wenning Court,E01025165,Lancaster 020E,Anti-social behaviour,,
53e85959bd3bbc4f2ef12d174e6d74f937af7dbd71db3de3125a2a2aa6575f7f,2019-02,Lancashire Constabulary,Lancashire Constabulary,-2.826276,54.062640,On or near Further/Higher Educational Building,E01025165,Lancaster 020E,Burglary,Status update unavailable,
e025b2f7cf6533159182508fe3a0cc0a8b6f93dad4ec8ea1e695ae28564ede47,2019-02,Lancashire Constabulary,Lancashire Constabulary,-2.836146,54.061133,On or near Foss Court,E01025165,Lancaster 020E,Other theft,Status update unavailable,
af9600a502ffc5629f67ae851576aeeba512e48013dcafd2f7df11c79d5d3919,2019-02,Lancashire Constabulary,Lancashire Constabulary,-2.837427,54.061771,On or near Akeman Close,E01025165,Lancaster 020E,Violence and sexual offences,Unable to prosecute suspect,
7bb632631ea71c7ca001d6e6e347c6995007e14a53630a1a92fc593fbb331a92,2019-02,Lancashire Constabulary,Lancashire Constabulary,-2.837427,54.061771,On or near Akeman Close,E01025165,Lancaster 020E,Violence and sexual offences,Status update unavailable,
dde45d058d23f61ee9e38fcf0c79e7261176c79bba0303cca7ed3d81946f14df,2019-02,Lancashire Constabulary,Lancashire Constabulary,-2.836898,54.063555,On or near Lowther Avenue,E01025165,Lancaster 020E,Violence and sexual offences,Further investigation is not in the public interest,
49e4762aaa89185b246e2ecd560628a3fcd67cbf0360d566ebe6e5b27ae1a4f9,2019-02,Lancashire Constabulary,Lancashire Constabulary,-2.837427,54.061771,On or near Akeman Close,E01025165,Lancaster 020E,Violence and sexual offences,Unable to prosecute suspect,
,2019-02,Lancashire Constabulary,Lancashire Constabulary,-2.812204,54.064982,On or near Pickthorn Close,E01025153,Lancaster 020F,Anti-social behaviour,,
14b3556e1fa0d2aa47825cb80b98fab6d3800c8eef0b4377ed5187bcf5d74e40,2019-02,Lancashire Constabulary,Lancashire Constabulary,-2.812204,54.064982,On or near Pickthorn Close,E01025153,Lancaster 020F,Criminal damage and arson,Unable to prosecute suspect,
14eb4c5e2d5beafdd95cdc7b429d4454aae941930d98dc59f4c8e11a6895ede0,2019-02,Lancashire Constabulary,Lancashire Constabulary,-2.814570,54.062540,On or near Watery Lane,E01025153,Lancaster 020F,Criminal damage and arson,Awaiting court outcome,
b1375ef8700f6462f8768becb57db4560886f83280a8e32251a9995ced83f42b,2019-02,Lancashire Constabulary,Lancashire Constabulary,-2.813974,54.063308,On or near Malham Close,E01025153,Lancaster 020F,Vehicle crime,Status update unavailable,
ebefe7f49fbec9c5f453fd5a832d1b36c26438245e2f9e81560cf8a80e720ae2,2019-02,Lancashire Constabulary,Lancashire Constabulary,-2.820963,54.062856,On or near Sports/Recreation Area,E01025155,Lancaster 020G,Violence and sexual offences,Unable to prosecute suspect,
1389581c637723e59379b94b2699d81a52a317ddeeffff370d6eeb076868942b,2019-02,Lancashire Constabulary,Lancashire Constabulary,-2.821718,54.060064,On or near Penrhyn Road,E01025155,Lancaster 020G,Violence and sexual offences,Status update unavailable,
,2019-02,Lancashire Constabulary,Lancashire Constabulary,-2.811799,54.057543,On or near Dee Road,E01025156,Lancaster 020H,Anti-social behaviour,,
,2019-02,Lancashire Constabulary,Lancashire Constabulary,-2.812015,54.058432,On or near Austwick Road,E01025156,Lancaster 020H,Anti-social behaviour,,
,2019-02,Lancashire Constabulary,Lancashire Constabulary,-2.812015,54.058432,On or near Austwick Road,E01025156,Lancaster 020H,Anti-social behaviour,,
,2019-02,Lancashire Constabulary,Lancashire Constabulary,-2.810234,54.058740,On or near Foxdale Place,E01025156,Lancaster 020H,Anti-social behaviour,,
019aaf66b62d0e510bd488ab854ee652a28afb2d1b8a01f856d7d2ddaea7a34c,2019-02,Lancashire Constabulary,Lancashire Constabulary,-2.811317,54.060261,On or near Lupton Place,E01025156,Lancaster 020H,Burglary,Unable to prosecute suspect,
161c62953883be087ac037985a191c06955003327a9844ff06c043caebb2821e,2019-02,Lancashire Constabulary,Lancashire Constabulary,-2.811799,54.057543,On or near Dee Road,E01025156,Lancaster 020H,Burglary,Status update unavailable,
8e5e5004555aa09ce65a55b023677ba421c463a57cd4ee8fd69e61cd79d00c64,2019-02,Lancashire Constabulary,Lancashire Constabulary,-2.811799,54.057543,On or near Dee Road,E01025156,Lancaster 020H,Burglary,Status update unavailable,
10d30c10eb0989d49979ebe4e29888c4860449bec31db73d0cd3a4479c39a30f,2019-02,Lancashire Constabulary,Lancashire Constabulary,-2.813217,54.057372,On or near Raygill Place,E01025156,Lancaster 020H,Burglary,Status update unavailable,
29f36fe2d42bb8913253c849d23e073618a77e54c487545eb4554f93cfce0d9e,2019-02,Lancashire Constabulary,Lancashire Constabulary,-2.812238,54.056561,On or near Browgill Place,E01025156,Lancaster 020H,Criminal damage and arson,Status update unavailable,
afaa8673f5fb6cd8d30f337da01ae91a2714373237c897427bd3b352ea9bb118,2019-02,Lancashire Constabulary,Lancashire Constabulary,-2.809662,54.056839,On or near Roeburn Place,E01025156,Lancaster 020H,Criminal damage and arson,Status update unavailable,
c7ea19bd83ad8ab49ae9921d3fd4745da49ca22f43562ce16411cb3a349a3807,2019-02,Lancashire Constabulary,Lancashire Constabulary,-2.812238,54.056561,On or near Browgill Place,E01025156,Lancaster 020H,Criminal damage and arson,Status update unavailable,
2ff76dc8c816ccb5bfd8e22f41259a54704061af2e7eae2bc08b77026865fb8d,2019-02,Lancashire Constabulary,Lancashire Constabulary,-2.812238,54.056561,On or near Browgill Place,E01025156,Lancaster 020H,Criminal damage and arson,Status update unavailable,
8b3e64074599aff6bac829a31339bb53c445e1c6ba8320009f60469e0448d725,2019-02,Lancashire Constabulary,Lancashire Constabulary,-2.813217,54.057372,On or near Raygill Place,E01025156,Lancaster 020H,Criminal damage and arson,Status update unavailable,
a97fb0523652bda1df4cb589d95550f9b2eedb08cb2a9c8d91fdf22b489c0d10,2019-02,Lancashire Constabulary,Lancashire Constabulary,-2.811536,54.057356,On or near Rawthey Road,E01025156,Lancaster 020H,Public order,Formal action is not in the public interest,
d0b35b707a536f074f504a6d73585ddb33b9c15e7adeb2aa85582f92d2df4314,2019-02,Lancashire Constabulary,Lancashire Constabulary,-2.811317,54.060261,On or near Lupton Place,E01025156,Lancaster 020H,Public order,Status update unavailable,
a9be2fc0b2748845640625f94176b8881f71d2c0a0f1a7b034b2e404767421c8,2019-02,Lancashire Constabulary,Lancashire Constabulary,-2.811799,54.057543,On or near Dee Road,E01025156,Lancaster 020H,Vehicle crime,Status update unavailable,
d274f8823c613e1bb23ba660a681c91326a80fcaa60de0bdc121848a3dea456e,2019-02,Lancashire Constabulary,Lancashire Constabulary,-2.813217,54.057372,On or near Raygill Place,E01025156,Lancaster 020H,Vehicle crime,Status update unavailable,
181dc1b959ae604b7c871a83a7b272c2686a57e3393336feff5951d29b7495d9,2019-02,Lancashire Constabulary,Lancashire Constabulary,-2.810287,54.059117,On or near Conder Place,E01025156,Lancaster 020H,Violence and sexual offences,Unable to prosecute suspect,
2b45a97e27db00eacb491f262bae769d014feed2fb1572e3b60d619dbd875dab,2019-02,Lancashire Constabulary,Lancashire Constabulary,-2.810211,54.058345,On or near Greta Place,E01025156,Lancaster 020H,Violence and sexual offences,Status update unavailable,
89c4d36f2275c4c65be80f0f1a551c906f94b4e424b91b142124f55d97d53e2c,2019-02,Lancashire Constabulary,Lancashire Constabulary,-2.812238,54.056561,On or near Browgill Place,E01025156,Lancaster 020H,Violence and sexual offences,Awaiting court outcome,
8cc87b156a85e1d693b124f3aca349b21849fb27cecdb69707e20bf12745c739,2019-02,Lancashire Constabulary,Lancashire Constabulary,-2.811317,54.060261,On or near Lupton Place,E01025156,Lancaster 020H,Violence and sexual offences,Status update unavailable,
3c4c375d1c1246147687f6642a500a6ad26c2d48a18b5e873d61d1233e079d4a,2019-02,Lancashire Constabulary,Lancashire Constabulary,-2.811536,54.057356,On or near Rawthey Road,E01025156,Lancaster 020H,Violence and sexual offences,Unable to prosecute suspect,
00f376ee87dbd3c66a429ae5da3fe59ec1f4048ef901df0e6ff2dce89c001ae8,2019-02,Lancashire Constabulary,Lancashire Constabulary,-2.816090,54.059797,On or near Bowland Drive,E01025156,Lancaster 020H,Violence and sexual offences,Status update unavailable,
6a2624c18b7932a1b1648905f5eaf6c8a5afebb546b6c114745941a7634bf02b,2019-02,Lancashire Constabulary,Lancashire Constabulary,-2.810287,54.059117,On or near Conder Place,E01025156,Lancaster 020H,Violence and sexual offences,Status update unavailable,
fe950b628538733915bc5bccbf73b9d00b01ee8ec9abf11bed069b7afc54f1cf,2019-02,Lancashire Constabulary,Lancashire Constabulary,-2.816090,54.059797,On or near Bowland Drive,E01025156,Lancaster 020H,Violence and sexual offences,Unable to prosecute suspect,
901b477c215b735cb550cc694b1968fc848d707cde9fb48958e97d34ef9de803,2019-02,Lancashire Constabulary,Lancashire Constabulary,-2.810265,54.057203,On or near Denny Avenue,E01025156,Lancaster 020H,Violence and sexual offences,Status update unavailable,
2fcca6fa90267cac1a1b0239b4ec032a2da70d7064351d4063c0d2988732a10c,2019-02,Lancashire Constabulary,Lancashire Constabulary,-2.811536,54.056574,On or near Whiteray Road,E01025156,Lancaster 020H,Violence and sexual offences,Status update unavailable,
2ddea195fbd14034d69903e771ddab9e4da235a554217615f79af0ed8ef77a36,2019-02,Lancashire Constabulary,Lancashire Constabulary,-2.812238,54.056561,On or near Browgill Place,E01025156,Lancaster 020H,Violence and sexual offences,Local resolution,
e91df5fd8895d96e2b3b0ae65d0867d38e359befdf796c3feac646c78a5057bb,2019-02,Lancashire Constabulary,Lancashire Constabulary,-2.810265,54.057203,On or near Denny Avenue,E01025156,Lancaster 020H,Other crime,Status update unavailable,
0e23581ad97ef35e36af3c153f50067c29e57bbb7861bb7a24d82e71038dbf7b,2019-02,Lancashire Constabulary,Lancashire Constabulary,-2.811799,54.057543,On or near Dee Road,E01025156,Lancaster 020H,Other crime,Status update unavailable,
,2019-02,Lancashire Constabulary,Lancashire Constabulary,-2.822724,54.057658,On or near Brennand Close,E01025157,Lancaster 020I,Anti-social behaviour,,
,2019-02,Lancashire Constabulary,Lancashire Constabulary,-2.822724,54.057658,On or near Brennand Close,E01025157,Lancaster 020I,Anti-social behaviour,,
,2019-02,Lancashire Constabulary,Lancashire Constabulary,-2.822802,54.056201,On or near Browsholme,E01025157,Lancaster 020I,Anti-social behaviour,,
,2019-02,Lancashire Constabulary,Lancashire Constabulary,-2.812824,54.056035,On or near Tarnsyke Road,E01025157,Lancaster 020I,Anti-social behaviour,,
,2019-02,Lancashire Constabulary,Lancashire Constabulary,-2.824053,54.054530,On or near Sports/Recreation Area,E01025157,Lancaster 020I,Anti-social behaviour,,
,2019-02,Lancashire Constabulary,Lancashire Constabulary,-2.812824,54.056035,On or near Tarnsyke Road,E01025157,Lancaster 020I,Anti-social behaviour,,
7c0d655e26361957f0be5b345886f55a10de399ea14fd1a7b8c29147540dc499,2019-02,Lancashire Constabulary,Lancashire Constabulary,-2.815067,54.058231,On or near Sefton Drive,E01025157,Lancaster 020I,Burglary,Investigation complete; no suspect identified,
2aed7a7a212702c01bc584cb89670031e5adaaa1314588371f39a735890c8bfd,2019-02,Lancashire Constabulary,Lancashire Constabulary,-2.812824,54.056035,On or near Tarnsyke Road,E01025157,Lancaster 020I,Burglary,Status update unavailable,
a8d92e5f98951276bcfb22c8579cb8616015e152a53035e396d9642f46a44a0f,2019-02,Lancashire Constabulary,Lancashire Constabulary,-2.825735,54.057709,On or near Scale Farm Road,E01025157,Lancaster 020I,Robbery,Status update unavailable,
057e9a6e19e2084f6ff13e5a85b2bffd38dfd7141cd0c89240e23a7841a4b18d,2019-02,Lancashire Constabulary,Lancashire Constabulary,-2.819068,54.056640,On or near Supermarket,E01025157,Lancaster 020I,Shoplifting,Status update unavailable,
e9982a7a6c729dd293fa69b64141936ce218f018abfb5d703c202315761239ff,2019-02,Lancashire Constabulary,Lancashire Constabulary,-2.819068,54.056640,On or near Supermarket,E01025157,Lancaster 020I,Shoplifting,Status update unavailable,
bfc8d8e388b9205ff81403ad69517754b09dc30754db60459653ed05342c8634,2019-02,Lancashire Constabulary,Lancashire Constabulary,-2.822802,54.056201,On or near Browsholme,E01025157,Lancaster 020I,Vehicle crime,Status update unavailable,
a6e1b553d0b6d941aeed7c2c4109f3fe6b56da14f04da7c18303df165a1d5480,2019-02,Lancashire Constabulary,Lancashire Constabulary,-2.812824,54.056035,On or near Tarnsyke Road,E01025157,Lancaster 020I,Vehicle crime,Status update unavailable,
685ee90bfc23497c86d8ff3ad2eaec7ac0d323b9d461648675ae609a9b3494f1,2019-02,Lancashire Constabulary,Lancashire Constabulary,-2.822802,54.056201,On or near Browsholme,E01025157,Lancaster 020I,Vehicle crime,Status update unavailable,
e653a02d73fa9a88ce90c01ee6404b1b4bb9ae54783745b16e06962807777138,2019-02,Lancashire Constabulary,Lancashire Constabulary,-2.822724,54.057658,On or near Brennand Close,E01025157,Lancaster 020I,Violence and sexual offences,Unable to prosecute suspect,
9d568a0f498c8c60d9db9036379889ff1bccbac3c4e1cea5c0ac5582436258fe,2019-02,Lancashire Constabulary,Lancashire Constabulary,-2.822028,54.056431,On or near Brindle Close,E01025157,Lancaster 020I,Violence and sexual offences,Unable to prosecute suspect,
bd7a1135dfe78310244e64b7648279ed9c2c5e556103d80b2c2629236c608342,2019-02,Lancashire Constabulary,Lancashire Constabulary,-2.824726,54.056889,On or near Windholme,E01025157,Lancaster 020I,Violence and sexual offences,Unable to prosecute suspect,
320a107db4a9f4fba34069c130ced9e1db4b1ed40bc212074aea014309a576ff,2019-02,Lancashire Constabulary,Lancashire Constabulary,-2.824772,54.057680,On or near Crake Bank,E01025157,Lancaster 020I,Violence and sexual offences,Status update unavailable,
1fb0d504eb2c8f85d23f22e94c16f7bedecee6460c4315d67cf208901bf74302,2019-02,Lancashire Constabulary,Lancashire Constabulary,-1.588693,53.735353,On or near Glensdale Estate,E01032491,Leeds 102H,Other theft,Status update unavailable,
d06438941413d2d97aef2229f714100ead664350de793406252ec0b54811e40d,2019-02,Lancashire Constabulary,Lancashire Constabulary,-2.259009,53.447514,On or near Grosvenor Road,E01005297,Manchester 028A,Other crime,Status update unavailable,
2097163eabec1c5d8e1f265e2b0ea311ff56e9ea33248ab607e9de03460b4c57,2019-02,Lancashire Constabulary,Lancashire Constabulary,-2.297854,53.389259,On or near Claverton Road,E01005075,Manchester 051D,Other theft,Status update unavailable,
d48fe9f30533780f72f28d3cce441d0ebcfb0bc64690dc5368f326f0351dc3c2,2019-02,Lancashire Constabulary,Lancashire Constabulary,-2.269834,53.361928,On or near Domestic Approach,E01005316,Manchester 053D,Other theft,Status update unavailable,
952c6b25f2d693d84a09f675f7ed986f54a64f1435b4d5883563c4d507e7c2fd,2019-02,Lancashire Constabulary,Lancashire Constabulary,-1.655261,54.985668,On or near Royal Crescent,E01008450,Newcastle upon Tyne 016B,Violence and sexual offences,Status update unavailable,
df087086418f47a20be98314f5ce6c459e795806cf1d1746cb680aeeed8a4525,2019-02,Lancashire Constabulary,Lancashire Constabulary,-2.858213,51.620684,On or near Greenmeadow Drive,W01001640,Newport 004B,Violence and sexual offences,Status update unavailable,
853d2ec52ee2fc3024e59e57e0160f3acd4b921cbfe3077135b3dc982a372ac3,2019-02,Lancashire Constabulary,Lancashire Constabulary,-2.091055,53.553527,On or near Peveril Road,E01005422,Oldham 011B,Violence and sexual offences,Status update unavailable,
edbfe9116ed34d087d26b7866c371cd3b8fc2c1fc427e1f59346dc9885b8ce56,2019-02,Lancashire Constabulary,Lancashire Constabulary,-2.187278,53.920919,On or near West Close Road,E01025191,Pendle 001A,Other theft,Status update unavailable,
c947d7da4cd2872922b60461c674b7fac2852b46284f2b345edc17400fad57d1,2019-02,Lancashire Constabulary,Lancashire Constabulary,-2.194890,53.920628,On or near Coniston Avenue,E01025191,Pendle 001A,Violence and sexual offences,Unable to prosecute suspect,
,2019-02,Lancashire Constabulary,Lancashire Constabulary,-2.183639,53.920862,On or near Vicarage Road,E01025192,Pendle 001B,Anti-social behaviour,,
38209c84db5f8ce0b7bb85009de0035bb4b98174fe4cacb90cd44dd0cec1a1eb,2019-02,Lancashire Constabulary,Lancashire Constabulary,-2.186107,53.917694,On or near North Avenue,E01025192,Pendle 001B,Possession of weapons,Awaiting court outcome,
4902cb6fdead916e1e4b2d30edfe18694810633baca43423f4308291fc181b77,2019-02,Lancashire Constabulary,Lancashire Constabulary,-2.186107,53.917694,On or near North Avenue,E01025192,Pendle 001B,Vehicle crime,Status update unavailable,
7e0ab54f3c74c9945530b8fe8c85343d7d1e37097c9b7993f50479ca3b0bda3a,2019-02,Lancashire Constabulary,Lancashire Constabulary,-2.182029,53.918258,On or near Ethel Street,E01025192,Pendle 001B,Violence and sexual offences,Awaiting court outcome,
f7248ef92913703bea6a7855ca1096ce9372d5c663b0dd398b886f82b48b943a,2019-02,Lancashire Constabulary,Lancashire Constabulary,-2.181892,53.921817,On or near Roundell Road,E01025192,Pendle 001B,Violence and sexual offences,Status update unavailable,
182a11df704a2bc9423e89e65e266fcbf33752a0dd218b861ce470991e405602,2019-02,Lancashire Constabulary,Lancashire Constabulary,-2.186107,53.917694,On or near North Avenue,E01025192,Pendle 001B,Violence and sexual offences,Local resolution,
4745fd699b6d7af64ebddf994552c5e92dae1d374f858a60b4b96ab1eb92487a,2019-02,Lancashire Constabulary,Lancashire Constabulary,-2.180132,53.923258,On or near Applegarth,E01025192,Pendle 001B,Violence and sexual offences,Status update unavailable,
742e19f3ae7a899f07ac97d0751aaad446ce04c39d435d04a5eaf619d1d2b596,2019-02,Lancashire Constabulary,Lancashire Constabulary,-2.187344,53.918555,On or near Lower North Avenue,E01025192,Pendle 001B,Violence and sexual offences,Unable to prosecute suspect,
c4f31282b9a717ceb980d15ade4dd8f7366981525c98d75e5b194a98560301ad,2019-02,Lancashire Constabulary,Lancashire Constabulary,-2.184466,53.918569,On or near East Parade,E01025192,Pendle 001B,Violence and sexual offences,Unable to prosecute suspect,
5d719e953baa740c0662b7db01fef5f029687891b7e87f2d890f90968fbfc524,2019-02,Lancashire Constabulary,Lancashire Constabulary,-2.174901,53.921396,On or near Kirkstall Drive,E01025193,Pendle 001C,Violence and sexual offences,Unable to prosecute suspect,
0c6d28564b8d1fad4d21ac868680cb9b639bd759125494eabbd21ae24a49677f,2019-02,Lancashire Constabulary,Lancashire Constabulary,-2.177131,53.926525,On or near Coates Fields,E01025193,Pendle 001C,Violence and sexual offences,Offender given a caution,
,2019-02,Lancashire Constabulary,Lancashire Constabulary,-2.188336,53.919192,On or near Bairstow Street,E01025194,Pendle 001D,Anti-social behaviour,,
e8d265851250720f459131f32cafbf6fda5ce5c8028fd97e1542a1d20f286fa2,2019-02,Lancashire Constabulary,Lancashire Constabulary,-2.188336,53.919192,On or near Bairstow Street,E01025194,Pendle 001D,Burglary,Status update unavailable,
1fabd1af9b4c8276ee3de8721996496f675c357eae7e8cef4af4fcbf7684b1d2,2019-02,Lancashire Constabulary,Lancashire Constabulary,-2.189427,53.921302,On or near Colin Street,E01025194,Pendle 001D,Other theft,Status update unavailable,
a47bcc165b43f4c4967a827e552d621c83420e96043984a8ee89f63fc4c6aaeb,2019-02,Lancashire Constabulary,Lancashire Constabulary,-2.191176,53.920778,On or near Edmondson Street,E01025194,Pendle 001D,Other theft,Status update unavailable,
c65647343d30c8335e00101a7d2161bbf9ee75f9ee680990d5ed99b00cbd069c,2019-02,Lancashire Constabulary,Lancashire Constabulary,-2.189865,53.920484,On or near Brogden Street,E01025194,Pendle 001D,Violence and sexual offences,Unable to prosecute suspect,
2d1c8a87a590dd5bfb59a2f4ad6d96611af7318438e883dc8c9223fd376f3eca,2019-02,Lancashire Constabulary,Lancashire Constabulary,-2.184030,53.912970,On or near Park Road,E01025195,Pendle 002A,Other theft,Unable to prosecute suspect,
9a7015a03c814ee5384bd7e369bae5bafd51068526be958e6cc6986beb32ba0a,2019-02,Lancashire Constabulary,Lancashire Constabulary,-2.178365,53.908781,On or near Higher Park Road,E01025195,Pendle 002A,Public order,Unable to prosecute suspect,
,2019-02,Lancashire Constabulary,Lancashire Constabulary,-2.187835,53.915966,On or near Newtown,E01025196,Pendle 002B,Anti-social behaviour,,
,2019-02,Lancashire Constabulary,Lancashire Constabulary,-2.184049,53.917140,On or near Earl Street,E01025196,Pendle 002B,Anti-social behaviour,,
2f71ffcc6909c8a2d131fffc05477cc11470eb0ca3c1faa25f7c14453310cd5e,2019-02,Lancashire Constabulary,Lancashire Constabulary,-2.183518,53.917635,On or near Bank Street,E01025196,Pendle 002B,Drugs,Status update unavailable,
7bcad4fd1ec8b35b152e38c07975e1ac8afe0ec72a22a928df831b12f794483a,2019-02,Lancashire Constabulary,Lancashire Constabulary,-2.188900,53.915856,On or near Church Street,E01025196,Pendle 002B,Public order,Status update unavailable,
c5a7a40f723c10826ae714b545331acde79dd6a0941e3a09e37d935dd70b0068,2019-02,Lancashire Constabulary,Lancashire Constabulary,-2.186701,53.914467,On or near Beech Street,E01025196,Pendle 002B,Vehicle crime,Status update unavailable,
bcc0a878164be5a8292c0f6154f222f546e5d336216a5b65204e78543ba2fac9,2019-02,Lancashire Constabulary,Lancashire Constabulary,-2.189035,53.915398,On or near Jepp Hill,E01025196,Pendle 002B,Violence and sexual offences,Unable to prosecute suspect,
88436091cd49ec2ebf8d1a29311ddb3012c1cec4b08415d45d893116c5b64a0a,2019-02,Lancashire Constabulary,Lancashire Constabulary,-2.187475,53.913962,On or near Cobden Street,E01025196,Pendle 002B,Violence and sexual offences,Unable to prosecute suspect,
06856f5e8d87e1704dbe278857df4fd9b6d6987a42b1bab7aa149bab4f204c09,2019-02,Lancashire Constabulary,Lancashire Constabulary,-2.189035,53.915398,On or near Jepp Hill,E01025196,Pendle 002B,Violence and sexual offences,Unable to prosecute suspect,
a51b6f6bcd0026afdcade68b8920c3da38dca80d65baf0078e7aa2fcebd64816,2019-02,Lancashire Constabulary,Lancashire Constabulary,-2.183779,53.918210,On or near Craven Street,E01025196,Pendle 002B,Violence and sexual offences,Unable to prosecute suspect,
59b1abc9b8c13719db88b9dcc7a909b552a42eb136f118c32f8e4c18deaa669b,2019-02,Lancashire Constabulary,Lancashire Constabulary,-2.188900,53.915856,On or near Church Street,E01025196,Pendle 002B,Violence and sexual offences,Status update unavailable,
610d8da011c46ae591461aed8921df1c1ad89bc83b52894bbfa6933c116ad0f6,2019-02,Lancashire Constabulary,Lancashire Constabulary,-2.188900,53.915856,On or near Church Street,E01025196,Pendle 002B,Violence and sexual offences,Local resolution,
98df068faa6e34dda36a378e07a782ec42e32f83e400479f02b832afe17e2133,2019-02,Lancashire Constabulary,Lancashire Constabulary,-2.187433,53.914789,On or near Back Chapel Street,E01025196,Pendle 002B,Violence and sexual offences,Status update unavailable,
,2019-02,Lancashire Constabulary,Lancashire Constabulary,-2.189580,53.918102,On or near Leonard Street,E01025197,Pendle 002C,Anti-social behaviour,,
5f19af53c6f1196fc5c937a0e3a1d3fa5175dfa3d04be3be56ac8492887e26e7,2019-02,Lancashire Constabulary,Lancashire Constabulary,-2.178677,53.917670,On or near Long Ing Lane,E01025198,Pendle 002D,Criminal damage and arson,Status update unavailable,
f20447e3ab289cfa56c329e4c8dbd83c1989594c75dcbeea1608c7e2a2d9a2e2,2019-02,Lancashire Constabulary,Lancashire Constabulary,-2.180829,53.911815,On or near Kelbrook Road,E01025198,Pendle 002D,Violence and sexual offences,Further investigation is not in the public interest,
b1362a91282c714d1f8967ceed47a9696ef8301ad1220b40861a043c698e6a8e,2019-02,Lancashire Constabulary,Lancashire Constabulary,-2.178611,53.916654,On or near Victoria Road,E01025198,Pendle 002D,Other crime,Status update unavailable,
,2019-02,Lancashire Constabulary,Lancashire Constabulary,-2.162478,53.906188,On or near Alpha Street,E01025199,Pendle 003A,Anti-social behaviour,,
,2019-02,Lancashire Constabulary,Lancashire Constabulary,-2.154166,53.909848,On or near Earby Road,E01025199,Pendle 003A,Anti-social behaviour,,
,2019-02,Lancashire Constabulary,Lancashire Constabulary,-2.165186,53.905780,On or near Sykes Close,E01025199,Pendle 003A,Anti-social behaviour,,
1429f8a01d0cb10181966a8beda51ee3365f070a3ed2185a18dd2c908fa6b419,2019-02,Lancashire Constabulary,Lancashire Constabulary,-2.143524,53.918436,On or near School Lane,E01025199,Pendle 003A,Burglary,Status update unavailable,
63a62d685e233964f95050db3d8ebdf0abf7b4e39d4efbe77e7a1f3e8092d63d,2019-02,Lancashire Constabulary,Lancashire Constabulary,-2.151127,53.898932,On or near Vicarage Road,E01025199,Pendle 003A,Vehicle crime,Status update unavailable,
c45c541471b2d9ca4ab5101c0b50f666e2279bba402985d717f0ba44b97c08c7,2019-02,Lancashire Constabulary,Lancashire Constabulary,-2.180257,53.899287,On or near Moor Lane,E01025199,Pendle 003A,Violence and sexual offences,Status update unavailable,
2d7166776b66e5f2808e62ede77f0f57276a038c80032c1f50047af71ad90a47,2019-02,Lancashire Constabulary,Lancashire Constabulary,-2.180257,53.899287,On or near Moor Lane,E01025199,Pendle 003A,Other crime,Status update unavailable,
,2019-02,Lancashire Constabulary,Lancashire Constabulary,-2.153849,53.910774,On or near Earlesdon Avenue,E01025200,Pendle 003B,Anti-social behaviour,,
,2019-02,Lancashire Constabulary,Lancashire Constabulary,-2.144262,53.916071,On or near Edward Street,E01025200,Pendle 003B,Anti-social behaviour,,
,2019-02,Lancashire Constabulary,Lancashire Constabulary,-2.143669,53.916323,On or near Parking Area,E01025200,Pendle 003B,Anti-social behaviour,,
,2019-02,Lancashire Constabulary,Lancashire Constabulary,-2.140135,53.915636,On or near Riley Street,E01025200,Pendle 003B,Anti-social behaviour,,
,2019-02,Lancashire Constabulary,Lancashire Constabulary,-2.144262,53.916071,On or near Edward Street,E01025200,Pendle 003B,Anti-social behaviour,,
4d5ed237f67f954c34a915a284be54b5ac472322475317356f0326f6055fee9d,2019-02,Lancashire Constabulary,Lancashire Constabulary,-2.142392,53.916891,On or near Victoria Mews,E01025200,Pendle 003B,Burglary,Status update unavailable,
663a72c1a7ce2fd373c2245955f6d7b4c12e079a49f726b1733b2a81ef9e1556,2019-02,Lancashire Constabulary,Lancashire Constabulary,-2.144489,53.915603,On or near Boot Street,E01025200,Pendle 003B,Other theft,Status update unavailable,
f42cdda593406b72dc6a39056e89393cd3d83a34f32b9c6f42df19ea92ac775e,2019-02,Lancashire Constabulary,Lancashire Constabulary,-2.145189,53.915522,On or near Supermarket,E01025200,Pendle 003B,Shoplifting,Offender given a caution,
c79cbd95fdedafa8cdc7eed569a8c56a15ff1035db450b147336e0b500466aaf,2019-02,Lancashire Constabulary,Lancashire Constabulary,-2.144080,53.916341,On or near Police Station,E01025200,Pendle 003B,Violence and sexual offences,Unable to prosecute suspect,
f02c709acffc81f1b8ed0ca669f41ffc37b18f8ba668abd51bd69e5423a553e0,2019-02,Lancashire Constabulary,Lancashire Constabulary,-2.145189,53.915522,On or near Supermarket,E01025200,Pendle 003B,Violence and sexual offences,Status update unavailable,
b0f7bf46092f158695ab4032fbd6035e170cf9722e1bef54b8e58f621a1ea9be,2019-02,Lancashire Constabulary,Lancashire Constabulary,-2.153849,53.910774,On or near Earlesdon Avenue,E01025200,Pendle 003B,Other crime,Action to be taken by another organisation,
b9edccc8259163b24dcec72050fc44e6218d846d20441e3841730421e31f6639,2019-02,Lancashire Constabulary,Lancashire Constabulary,-2.142392,53.916891,On or near Victoria Mews,E01025200,Pendle 003B,Other crime,Local resolution,
19253ac4e195a349ee6781fcf5d4328db6e0d803b01320fa7eb4392e385b3bb7,2019-02,Lancashire Constabulary,Lancashire Constabulary,-2.142392,53.916891,On or near Victoria Mews,E01025200,Pendle 003B,Other crime,Status update unavailable,
fb8b47ece8ae614eb13007f118e1ab3b636ebf3fe02fb414a92819ac245774d5,2019-02,Lancashire Constabulary,Lancashire Constabulary,-2.142392,53.916891,On or near Victoria Mews,E01025200,Pendle 003B,Other crime,Local resolution,
,2019-02,Lancashire Constabulary,Lancashire Constabulary,-2.144804,53.914129,On or near Cowgill Street,E01025201,Pendle 003C,Anti-social behaviour,,
,2019-02,Lancashire Constabulary,Lancashire Constabulary,-2.140703,53.912597,On or near Bawhead Road,E01025201,Pendle 003C,Anti-social behaviour,,
,2019-02,Lancashire Constabulary,Lancashire Constabulary,-2.140703,53.912597,On or near Bawhead Road,E01025201,Pendle 003C,Anti-social behaviour,,
,2019-02,Lancashire Constabulary,Lancashire Constabulary,-2.141089,53.914143,On or near Rushton Avenue,E01025201,Pendle 003C,Anti-social behaviour,,
,2019-02,Lancashire Constabulary,Lancashire Constabulary,-2.140703,53.912597,On or near Bawhead Road,E01025201,Pendle 003C,Anti-social behaviour,,
4cfea0773f43e1835c1e7ed8b2cc35b05bc07addfe8c9cd5d67c9f05f38f710c,2019-02,Lancashire Constabulary,Lancashire Constabulary,-2.145288,53.913472,On or near William Street,E01025201,Pendle 003C,Vehicle crime,Status update unavailable,
a04ab8a2198a34408d463eb52ed850c672a0459d53754c0da7c6271929564b80,2019-02,Lancashire Constabulary,Lancashire Constabulary,-2.140703,53.912597,On or near Bawhead Road,E01025201,Pendle 003C,Violence and sexual offences,Unable to prosecute suspect,
a6cdf1bf2ae574159484dc35984f7626f8372d436fa63a10dcaf69dd198d4ac4,2019-02,Lancashire Constabulary,Lancashire Constabulary,-2.145944,53.913606,On or near John Street,E01025201,Pendle 003C,Violence and sexual offences,Unable to prosecute suspect,
04f5af5d5fc7e6b20aac4d0fc50de48faf840de81c905b4c597b0ccf8a1a1038,2019-02,Lancashire Constabulary,Lancashire Constabulary,-2.136203,53.914553,On or near Springfield Avenue,E01025201,Pendle 003C,Violence and sexual offences,Status update unavailable,
a72fb0a911de2e42ab116d4dc9f5c084ab2a650ed29e76213fff9905bfb78940,2019-02,Lancashire Constabulary,Lancashire Constabulary,-2.145944,53.913606,On or near John Street,E01025201,Pendle 003C,Violence and sexual offences,Status update unavailable,
236d69d1c61805b2331105f5ac4f46a8efe9e0b95345aff908c8d099125e7490,2019-02,Lancashire Constabulary,Lancashire Constabulary,-2.136203,53.914553,On or near Springfield Avenue,E01025201,Pendle 003C,Violence and sexual offences,Status update unavailable,
,2019-02,Lancashire Constabulary,Lancashire Constabulary,-2.147304,53.910774,On or near Green Walk,E01025202,Pendle 003D,Anti-social behaviour,,
,2019-02,Lancashire Constabulary,Lancashire Constabulary,-2.148525,53.907465,On or near Park Side,E01025202,Pendle 003D,Anti-social behaviour,,
,2019-02,Lancashire Constabulary,Lancashire Constabulary,-2.148525,53.907465,On or near Park Side,E01025202,Pendle 003D,Anti-social behaviour,,
ce7eb4efae70e0e8c61ab3ee28e5077170e8951d14e7138ea45c36d5d4466ad9,2019-02,Lancashire Constabulary,Lancashire Constabulary,-2.151367,53.910544,On or near Tyseley Grove,E01025202,Pendle 003D,Violence and sexual offences,Status update unavailable,
,2019-02,Lancashire Constabulary,Lancashire Constabulary,-2.160860,53.861458,On or near Varley Street,E01025205,Pendle 004A,Anti-social behaviour,,
,2019-02,Lancashire Constabulary,Lancashire Constabulary,-2.160860,53.861458,On or near Varley Street,E01025205,Pendle 004A,Anti-social behaviour,,
,2019-02,Lancashire Constabulary,Lancashire Constabulary,-2.160860,53.861458,On or near Varley Street,E01025205,Pendle 004A,Anti-social behaviour,,
,2019-02,Lancashire Constabulary,Lancashire Constabulary,-2.161724,53.860666,On or near Elm Street,E01025205,Pendle 004A,Anti-social behaviour,,
e164e761da2d4f3d9d954e5ce564ec153130a7087519c2d551c39a383d563848,2019-02,Lancashire Constabulary,Lancashire Constabulary,-2.158338,53.861893,On or near Fern Street,E01025205,Pendle 004A,Burglary,Unable to prosecute suspect,
f0f848dee6320a054a77d93bedc4669c10d9a4c21c129153c4f68970f68fb74c,2019-02,Lancashire Constabulary,Lancashire Constabulary,-2.159400,53.861298,On or near Lilac Street,E01025205,Pendle 004A,Burglary,Status update unavailable,
7c3413d533fcf1b052489eb1cc5688976da97da3585fc13cb608ebff5210c7dc,2019-02,Lancashire Constabulary,Lancashire Constabulary,-2.164813,53.861273,On or near Temple Street,E01025205,Pendle 004A,Criminal damage and arson,Unable to prosecute suspect,
d51bfec08a2c0a4968907ee9f122c0d19ff6ae42fb2a34e79414be9e8af0e5b6,2019-02,Lancashire Constabulary,Lancashire Constabulary,-2.160860,53.861458,On or near Varley Street,E01025205,Pendle 004A,Criminal damage and arson,Unable to prosecute suspect,
c158317e36afa65878840f68054901dd12c34fdb0a22cef237a16983819863bc,2019-02,Lancashire Constabulary,Lancashire Constabulary,-2.160860,53.861458,On or near Varley Street,E01025205,Pendle 004A,Criminal damage and arson,Status update unavailable,
e0b3f9490f07df27ca53d3b789842ba244f082dec6945438fbaf75a0ca767dde,2019-02,Lancashire Constabulary,Lancashire Constabulary,-2.158338,53.861893,On or near Fern Street,E01025205,Pendle 004A,Criminal damage and arson,Status update unavailable,
2f1b45fa2e96c4e4fc758d377903844f2d7adf581db6cfadaf607b0fbf001550,2019-02,Lancashire Constabulary,Lancashire Constabulary,-2.166217,53.862772,On or near Lark Street,E01025205,Pendle 004A,Criminal damage and arson,Status update unavailable,
90a8fbfef0a7b20e4e7622641b1f7b1c14bd17a338d4c2267515266fd9feea25,2019-02,Lancashire Constabulary,Lancashire Constabulary,-2.158001,53.861255,On or near Vincent Street,E01025205,Pendle 004A,Criminal damage and arson,Status update unavailable,
2c5e10aeac4fb926a3d681c99526ae52b182a799bce19d33964ba7944e4b494b,2019-02,Lancashire Constabulary,Lancashire Constabulary,-2.166217,53.862772,On or near Lark Street,E01025205,Pendle 004A,Criminal damage and arson,Status update unavailable,
8d38c2f013f1ac4ae616addee1dd3feae39e83cd6c6bb9df9101069b243ca6bf,2019-02,Lancashire Constabulary,Lancashire Constabulary,-2.158563,53.861039,On or near Oak Street,E01025205,Pendle 004A,Other theft,Status update unavailable,
bfcc22d290d9a1057700e2a6b269dea7b99e95782fb5b9b02a6101355dd619cb,2019-02,Lancashire Constabulary,Lancashire Constabulary,-2.158001,53.861255,On or near Vincent Street,E01025205,Pendle 004A,Public order,Status update unavailable,
2f64309e7c191050c33db7716d9256756289d03f14fa57feb4d608aafd91c676,2019-02,Lancashire Constabulary,Lancashire Constabulary,-2.164815,53.861983,On or near Chatham Street,E01025205,Pendle 004A,Violence and sexual offences,Unable to prosecute suspect,
e5fd0b2deb63f21e8f6bbe83fe7b97ee9d67974184c570b2f07a65e256bcad04,2019-02,Lancashire Constabulary,Lancashire Constabulary,-2.160860,53.861458,On or near Varley Street,E01025205,Pendle 004A,Violence and sexual offences,Status update unavailable,
d9221bf5d3bc57037de1420dd4ea475773f980f45578ff055fbd7e93cde48c37,2019-02,Lancashire Constabulary,Lancashire Constabulary,-2.159400,53.861298,On or near Lilac Street,E01025205,Pendle 004A,Violence and sexual offences,Unable to prosecute suspect,
af575fffbdb25b07995de9bc7d588a93ac3e0dd5f56ddcf5103e63d81d5d6fc9,2019-02,Lancashire Constabulary,Lancashire Constabulary,-2.164309,53.860734,On or near New Oxford Street,E01025205,Pendle 004A,Violence and sexual offences,Status update unavailable,
d885e2ff6ba220d144d13ff672234bd9c0228cb2e5189056e6ed1788b8e4c77d,2019-02,Lancashire Constabulary,Lancashire Constabulary,-2.159400,53.861298,On or near Lilac Street,E01025205,Pendle 004A,Violence and sexual offences,Unable to prosecute suspect,
c815f348e9d3e4ae4dfdba5d5ead3c3e3c72d89e9683735a29e3f5f6e4bfe348,2019-02,Lancashire Constabulary,Lancashire Constabulary,-2.164815,53.861983,On or near Chatham Street,E01025205,Pendle 004A,Violence and sexual offences,Status update unavailable,
42f590bd94c2e1a80f4df4f6a009eebf9b3bb85b2db5ce6bb32c13378a73e028,2019-02,Lancashire Constabulary,Lancashire Constabulary,-2.164815,53.861983,On or near Chatham Street,E01025205,Pendle 004A,Violence and sexual offences,Local resolution,
a63cefef8ed7c36e9f0309bf256f362e7a66203a835935a43569324bca20c5bb,2019-02,Lancashire Constabulary,Lancashire Constabulary,-2.158001,53.861255,On or near Vincent Street,E01025205,Pendle 004A,Violence and sexual offences,Unable to prosecute suspect,
,2019-02,Lancashire Constabulary,Lancashire Constabulary,-2.154095,53.861692,On or near Hawes Drive,E01025206,Pendle 004B,Anti-social behaviour,,
,2019-02,Lancashire Constabulary,Lancashire Constabulary,-2.158494,53.862917,On or near Intake Crescent,E01025206,Pendle 004B,Anti-social behaviour,,
,2019-02,Lancashire Constabulary,Lancashire Constabulary,-2.153499,53.861054,On or near Thirlmere Avenue,E01025206,Pendle 004B,Anti-social behaviour,,
,2019-02,Lancashire Constabulary,Lancashire Constabulary,-2.159404,53.862520,On or near Thorn Grove,E01025206,Pendle 004B,Anti-social behaviour,,
901f63124e7a14fb73e6ee1956c319674079954f32afc4a5eda9fd2740199203,2019-02,Lancashire Constabulary,Lancashire Constabulary,-2.158494,53.862917,On or near Intake Crescent,E01025206,Pendle 004B,Public order,Status update unavailable,
ab60e919da9f92beb13224df90503160caa6e4d1836a3b05522b5ec3f450e83a,2019-02,Lancashire Constabulary,Lancashire Constabulary,-2.162977,53.862318,On or near Skipton Road,E01025206,Pendle 004B,Shoplifting,Status update unavailable,
6d7740183435572912865005915e30233aac5fe008fc7628fe4e1975f517a1dc,2019-02,Lancashire Constabulary,Lancashire Constabulary,-2.158284,53.863744,On or near Snell Grove,E01025206,Pendle 004B,Violence and sexual offences,Unable to prosecute suspect,
6ae95db4daa9006b39ee9fd1ca0dafeb1aa3ffb1e3ca93ffa2107f43ecf8b925,2019-02,Lancashire Constabulary,Lancashire Constabulary,-2.159404,53.862520,On or near Thorn Grove,E01025206,Pendle 004B,Violence and sexual offences,Unable to prosecute suspect,
69a86d92e55c26df1f516761261901d5f766a707f87dccffb1260c322977f262,2019-02,Lancashire Constabulary,Lancashire Constabulary,-2.153499,53.861054,On or near Thirlmere Avenue,E01025206,Pendle 004B,Violence and sexual offences,Unable to prosecute suspect,
f54efe1abfd56ad9e987cb0d9b904b6fcb7a7694f45504df9a6f882b31bc4150,2019-02,Lancashire Constabulary,Lancashire Constabulary,-2.159404,53.862520,On or near Thorn Grove,E01025206,Pendle 004B,Violence and sexual offences,Unable to prosecute suspect,
cc1c7e1ce6fe54ccb5bfe8f6f191030ec01bd6913842e641b3527e67bdef12aa,2019-02,Lancashire Constabulary,Lancashire Constabulary,-2.158284,53.863744,On or near Snell Grove,E01025206,Pendle 004B,Violence and sexual offences,Unable to prosecute suspect,
,2019-02,Lancashire Constabulary,Lancashire Constabulary,-2.165154,53.859232,On or near Norfolk Street,E01025207,Pendle 004C,Anti-social behaviour,,
,2019-02,Lancashire Constabulary,Lancashire Constabulary,-2.165272,53.858270,On or near Skelton Street,E01025207,Pendle 004C,Anti-social behaviour,,
,2019-02,Lancashire Constabulary,Lancashire Constabulary,-2.165154,53.859232,On or near Norfolk Street,E01025207,Pendle 004C,Anti-social behaviour,,
,2019-02,Lancashire Constabulary,Lancashire Constabulary,-2.164727,53.858738,On or near Clifford Street,E01025207,Pendle 004C,Anti-social behaviour,,
,2019-02,Lancashire Constabulary,Lancashire Constabulary,-2.165154,53.859232,On or near Norfolk Street,E01025207,Pendle 004C,Anti-social behaviour,,
,2019-02,Lancashire Constabulary,Lancashire Constabulary,-2.168450,53.858356,On or near Windy Bank,E01025207,Pendle 004C,Anti-social behaviour,,
,2019-02,Lancashire Constabulary,Lancashire Constabulary,-2.162390,53.860063,On or near Skipton Road,E01025207,Pendle 004C,Anti-social behaviour,,
,2019-02,Lancashire Constabulary,Lancashire Constabulary,-2.163405,53.858920,On or near Bath Street,E01025207,Pendle 004C,Anti-social behaviour,,
,2019-02,Lancashire Constabulary,Lancashire Constabulary,-2.164329,53.858263,On or near Salisbury Street,E01025207,Pendle 004C,Anti-social behaviour,,
,2019-02,Lancashire Constabulary,Lancashire Constabulary,-2.167687,53.857611,On or near New House Street,E01025207,Pendle 004C,Anti-social behaviour,,
,2019-02,Lancashire Constabulary,Lancashire Constabulary,-2.165154,53.859232,On or near Norfolk Street,E01025207,Pendle 004C,Anti-social behaviour,,
,2019-02,Lancashire Constabulary,Lancashire Constabulary,-2.169967,53.857527,On or near Ivegate,E01025207,Pendle 004C,Anti-social behaviour,,
,2019-02,Lancashire Constabulary,Lancashire Constabulary,-2.165651,53.858009,On or near Dockray Yard,E01025207,Pendle 004C,Anti-social behaviour,,
,2019-02,Lancashire Constabulary,Lancashire Constabulary,-2.165154,53.859232,On or near Norfolk Street,E01025207,Pendle 004C,Anti-social behaviour,,
2875234c190626dc831f7cbca82aa2a1475965eabf6efe2660c2f96b52114870,2019-02,Lancashire Constabulary,Lancashire Constabulary,-2.169967,53.857527,On or near Ivegate,E01025207,Pendle 004C,Other theft,Status update unavailable,
0ce1bd144b9513bd41d7f19a7fbac262fde1498fba8c5a8c358c411630b1a9e7,2019-02,Lancashire Constabulary,Lancashire Constabulary,-2.167196,53.860299,On or near Langroyd Road,E01025207,Pendle 004C,Other theft,Status update unavailable,
b206771d8b42329c1b0f8e18649203bd0f27a7c0609eb4a8efc38f4678c7813e,2019-02,Lancashire Constabulary,Lancashire Constabulary,-2.167196,53.860299,On or near Langroyd Road,E01025207,Pendle 004C,Other theft,Offender given a caution,
575cc6da0018a9aa456f996253909edb50bba68cb03f770dad29e39ed03adba3,2019-02,Lancashire Constabulary,Lancashire Constabulary,-2.163460,53.857644,On or near Robert Street,E01025207,Pendle 004C,Other theft,Status update unavailable,
02fe0ff83227df798db2ec0929ac6cd685f35403090431cac932221bbcf697f3,2019-02,Lancashire Constabulary,Lancashire Constabulary,-2.164329,53.858263,On or near Salisbury Street,E01025207,Pendle 004C,Public order,Offender given penalty notice,
70e70fd6f925a0d59f70003f2efff3f4cc064861b7c94ff3956311370abf01ec,2019-02,Lancashire Constabulary,Lancashire Constabulary,-2.165651,53.858009,On or near Dockray Yard,E01025207,Pendle 004C,Public order,Status update unavailable,
6dcc7f81e32519ce89e71d3d28d3d602834865ab6505c40c94c6fb775a0e2309,2019-02,Lancashire Constabulary,Lancashire Constabulary,-2.170943,53.858262,On or near Mason'S Street,E01025207,Pendle 004C,Public order,Status update unavailable,
b044653d9054d5fbfc3969b23aea035abef8795c39de288998d764b9f8396877,2019-02,Lancashire Constabulary,Lancashire Constabulary,-2.167687,53.857611,On or near New House Street,E01025207,Pendle 004C,Public order,Status update unavailable,
b9954022079f0860e362121fa4b487c399934c39cd3370e0e66bde6e5c6f63af,2019-02,Lancashire Constabulary,Lancashire Constabulary,-2.167196,53.860299,On or near Langroyd Road,E01025207,Pendle 004C,Shoplifting,Unable to prosecute suspect,
3728b47838afae217e4409780771ed34ea2793f935944bde5824508bc63839c4,2019-02,Lancashire Constabulary,Lancashire Constabulary,-2.167196,53.860299,On or near Langroyd Road,E01025207,Pendle 004C,Shoplifting,Status update unavailable,
d6ad83aa140c95b6f320f8cadc8597a5a3c89e76aa0d49e014860e6603e0e789,2019-02,Lancashire Constabulary,Lancashire Constabulary,-2.167196,53.860299,On or near Langroyd Road,E01025207,Pendle 004C,Shoplifting,Status update unavailable,
0dee79166621aa2cb3c78033fd98de9193eb1b22a275959bfc87257d62a0c040,2019-02,Lancashire Constabulary,Lancashire Constabulary,-2.167196,53.860299,On or near Langroyd Road,E01025207,Pendle 004C,Violence and sexual offences,Unable to prosecute suspect,
5cd3367cdfd68b04c70f4f25cb6a56d224630f975c5537a7b41a84ee963c2541,2019-02,Lancashire Constabulary,Lancashire Constabulary,-2.171319,53.857201,On or near Theatre/Concert Hall,E01025207,Pendle 004C,Violence and sexual offences,Status update unavailable,
d8fd0f51d468fee2ccb0af581bf489200e428c7547b3fd394d3f6bd6f3d5a9c6,2019-02,Lancashire Constabulary,Lancashire Constabulary,-2.171108,53.857813,On or near Rook Street,E01025207,Pendle 004C,Violence and sexual offences,Unable to prosecute suspect,
af09ea4c32cd2db36a890818386b5f40882e51d93f214cf30d1cb33c47670505,2019-02,Lancashire Constabulary,Lancashire Constabulary,-2.165651,53.858009,On or near Dockray Yard,E01025207,Pendle 004C,Violence and sexual offences,Status update unavailable,
717f179429b54e651fc8985a5be8772b6da64e84635e08a499ba6c4aaaaeaeab,2019-02,Lancashire Constabulary,Lancashire Constabulary,-2.166576,53.857262,On or near Market Street,E01025207,Pendle 004C,Violence and sexual offences,Unable to prosecute suspect,
,2019-02,Lancashire Constabulary,Lancashire Constabulary,-2.153421,53.860272,On or near Grasmere Close,E01025208,Pendle 004D,Anti-social behaviour,,
,2019-02,Lancashire Constabulary,Lancashire Constabulary,-2.153421,53.860272,On or near Grasmere Close,E01025208,Pendle 004D,Anti-social behaviour,,
,2019-02,Lancashire Constabulary,Lancashire Constabulary,-2.158759,53.860598,On or near Allendale Street,E01025208,Pendle 004D,Anti-social behaviour,,
d123643952ceb9f694ae4f93d6440f6087df10d10d7fd5b389b9c276c866fcc6,2019-02,Lancashire Constabulary,Lancashire Constabulary,-2.155440,53.859569,On or near Horsfield Close,E01025208,Pendle 004D,Burglary,Status update unavailable,
efeea757220bf6133e55c42b284e730006ce4ea064c40887d7439129bc369521,2019-02,Lancashire Constabulary,Lancashire Constabulary,-2.156962,53.860034,On or near Byron Road,E01025208,Pendle 004D,Violence and sexual offences,Unable to prosecute suspect,
7695e2ef451d31e8f5eee2df2d1cf70bb8090b8f02c598b5cef5c9d5cff8a157,2019-02,Lancashire Constabulary,Lancashire Constabulary,-2.156962,53.860034,On or near Byron Road,E01025208,Pendle 004D,Violence and sexual offences,Unable to prosecute suspect,
,2019-02,Lancashire Constabulary,Lancashire Constabulary,-2.170814,53.860249,On or near Hanover Street,E01025220,Pendle 005A,Anti-social behaviour,,
,2019-02,Lancashire Constabulary,Lancashire Constabulary,-2.170814,53.860249,On or near Hanover Street,E01025220,Pendle 005A,Anti-social behaviour,,
,2019-02,Lancashire Constabulary,Lancashire Constabulary,-2.171717,53.861551,On or near Talbot Street,E01025220,Pendle 005A,Anti-social behaviour,,
,2019-02,Lancashire Constabulary,Lancashire Constabulary,-2.171717,53.861551,On or near Talbot Street,E01025220,Pendle 005A,Anti-social behaviour,,
,2019-02,Lancashire Constabulary,Lancashire Constabulary,-2.170814,53.860249,On or near Hanover Street,E01025220,Pendle 005A,Anti-social behaviour,,
,2019-02,Lancashire Constabulary,Lancashire Constabulary,-2.169458,53.863172,On or near Glenroy Avenue,E01025220,Pendle 005A,Anti-social behaviour,,
,2019-02,Lancashire Constabulary,Lancashire Constabulary,-2.170814,53.860249,On or near Hanover Street,E01025220,Pendle 005A,Anti-social behaviour,,
,2019-02,Lancashire Constabulary,Lancashire Constabulary,-2.169458,53.863172,On or near Glenroy Avenue,E01025220,Pendle 005A,Anti-social behaviour,,
,2019-02,Lancashire Constabulary,Lancashire Constabulary,-2.170814,53.860249,On or near Hanover Street,E01025220,Pendle 005A,Anti-social behaviour,,
,2019-02,Lancashire Constabulary,Lancashire Constabulary,-2.169458,53.863172,On or near Glenroy Avenue,E01025220,Pendle 005A,Anti-social behaviour,,
,2019-02,Lancashire Constabulary,Lancashire Constabulary,-2.170814,53.860249,On or near Hanover Street,E01025220,Pendle 005A,Anti-social behaviour,,
,2019-02,Lancashire Constabulary,Lancashire Constabulary,-2.168297,53.861852,On or near North Street,E01025220,Pendle 005A,Anti-social behaviour,,
,2019-02,Lancashire Constabulary,Lancashire Constabulary,-2.170814,53.860249,On or near Hanover Street,E01025220,Pendle 005A,Anti-social behaviour,,
1adad9c1648c642f5f63d08037dd221e9fbeda0b1daf3f0c52eb845f0ae11859,2019-02,Lancashire Constabulary,Lancashire Constabulary,-2.171717,53.861551,On or near Talbot Street,E01025220,Pendle 005A,Burglary,Status update unavailable,
6435a70336cd5e5be126436d1c4c73fb57b5b863fae2392a2064cb0b249b23ab,2019-02,Lancashire Constabulary,Lancashire Constabulary,-2.168903,53.861438,On or near Glen Street,E01025220,Pendle 005A,Possession of weapons,Formal action is not in the public interest,
2a7df8965427511ef7e98c1f42cff5c3b19b5b9086858f7da0c004abf108724f,2019-02,Lancashire Constabulary,Lancashire Constabulary,-2.170814,53.860249,On or near Hanover Street,E01025220,Pendle 005A,Public order,Local resolution,
654db4dcf14e9b27eea4bd90a756d126c0764741ac407d9c5100919fb3931f92,2019-02,Lancashire Constabulary,Lancashire Constabulary,-2.171717,53.861551,On or near Talbot Street,E01025220,Pendle 005A,Public order,Unable to prosecute suspect,
8fa952160bf74fc929f265366af4a4daf5dbe20d37ff9669c34bb35be63645e6,2019-02,Lancashire Constabulary,Lancashire Constabulary,-2.170814,53.860249,On or near Hanover Street,E01025220,Pendle 005A,Public order,Status update unavailable,
73b61dfee1da27ed2040d8162005199555d3101066b14fb851063eb5f260cecb,2019-02,Lancashire Constabulary,Lancashire Constabulary,-2.171717,53.861551,On or near Talbot Street,E01025220,Pendle 005A,Public order,Status update unavailable,
d9b88a81cef6c005d841f4a303af29fbfd655d5e200fe7ceb8bf25abe89ea3fc,2019-02,Lancashire Constabulary,Lancashire Constabulary,-2.171717,53.861551,On or near Talbot Street,E01025220,Pendle 005A,Violence and sexual offences,Offender given community sentence,
b2e63fa5065544ff805acc0db4adf0fd4cf3762646361d1a79df93b5f73cc892,2019-02,Lancashire Constabulary,Lancashire Constabulary,-2.167897,53.864504,On or near Devon Street,E01025220,Pendle 005A,Violence and sexual offences,Further investigation is not in the public interest,
5e5d78cf67c274ecea05936c0b14d089953d575fb6c3b23e7a1662d863ae208d,2019-02,Lancashire Constabulary,Lancashire Constabulary,-2.171717,53.861551,On or near Talbot Street,E01025220,Pendle 005A,Violence and sexual offences,Court case unable to proceed,
b4fde567cc488a2ebb15c92c29f5ae841239bdfccd6baca803cbd15e05b68bce,2019-02,Lancashire Constabulary,Lancashire Constabulary,-2.169458,53.863172,On or near Glenroy Avenue,E01025220,Pendle 005A,Violence and sexual offences,Further investigation is not in the public interest,
23600b3ef642f24eaa283360cf3c326d2e9649c48676de72cd9a59cc1206caf0,2019-02,Lancashire Constabulary,Lancashire Constabulary,-2.169458,53.863172,On or near Glenroy Avenue,E01025220,Pendle 005A,Violence and sexual offences,Action to be taken by another organisation,
7854d5da8ab4840bd40570663698d579d6f121feafad617817c9664a89d5e081,2019-02,Lancashire Constabulary,Lancashire Constabulary,-2.171717,53.861551,On or near Talbot Street,E01025220,Pendle 005A,Violence and sexual offences,Status update unavailable,
d48866409768c2d3b138524512c9558a3c1238c316fe437c46cd776ea9604dda,2019-02,Lancashire Constabulary,Lancashire Constabulary,-2.168297,53.861852,On or near North Street,E01025220,Pendle 005A,Violence and sexual offences,Unable to prosecute suspect,
f7ead47c03988b7448920b1c0ca58906be04a81bc22fec8e9e11113a6aee2195,2019-02,Lancashire Constabulary,Lancashire Constabulary,-2.171717,53.861551,On or near Talbot Street,E01025220,Pendle 005A,Violence and sexual offences,Status update unavailable,
47db3e94b0f2ef4e66156cc590d1b5967675ea520dc014ca06268c0930d0eef8,2019-02,Lancashire Constabulary,Lancashire Constabulary,-2.170814,53.860249,On or near Hanover Street,E01025220,Pendle 005A,Violence and sexual offences,Status update unavailable,
e223b4999b013d29b62f9652240d4758389d2006d9eabec640bd69a0dd321d9e,2019-02,Lancashire Constabulary,Lancashire Constabulary,-2.170814,53.860249,On or near Hanover Street,E01025220,Pendle 005A,Violence and sexual offences,Unable to prosecute suspect,
051d0dbf10ad53fec84291ed2a432a49daa23ff8d297193de781c9564b6e98a9,2019-02,Lancashire Constabulary,Lancashire Constabulary,-2.168297,53.861852,On or near North Street,E01025220,Pendle 005A,Violence and sexual offences,Unable to prosecute suspect,
a8592037f3789732c6c184146c948f373ef9eee9d821c135f1dd3f167b7a74bc,2019-02,Lancashire Constabulary,Lancashire Constabulary,-2.171717,53.861551,On or near Talbot Street,E01025220,Pendle 005A,Violence and sexual offences,Unable to prosecute suspect,
415265e9357d1c56df1443a491cc6c1be08190e67f91c73f228b27336eb298e7,2019-02,Lancashire Constabulary,Lancashire Constabulary,-2.170814,53.860249,On or near Hanover Street,E01025220,Pendle 005A,Violence and sexual offences,Status update unavailable,
63a12333141d836680f28ee359e163bb6b86187a75581013d7189fcfa1f5d576,2019-02,Lancashire Constabulary,Lancashire Constabulary,-2.169458,53.863172,On or near Glenroy Avenue,E01025220,Pendle 005A,Violence and sexual offences,Unable to prosecute suspect,
2d1cd509a56b33989d1b967114837d4744b8a97c52d8e384d4ebea917942818c,2019-02,Lancashire Constabulary,Lancashire Constabulary,-2.171717,53.861551,On or near Talbot Street,E01025220,Pendle 005A,Violence and sexual offences,Status update unavailable,
347181cd929e550266492dddb3b3dfcf5f5b36277e89a471cf9cb0bfd806b029,2019-02,Lancashire Constabulary,Lancashire Constabulary,-2.171717,53.861551,On or near Talbot Street,E01025220,Pendle 005A,Other crime,Unable to prosecute suspect,
c68bca6c7c1cdfb3898929c0d03956216ac7b76ceb7674d09e0fdd9839d9b4f0,2019-02,Lancashire Constabulary,Lancashire Constabulary,-2.171717,53.861551,On or near Talbot Street,E01025220,Pendle 005A,Other crime,Unable to prosecute suspect,
,2019-02,Lancashire Constabulary,Lancashire Constabulary,-2.172780,53.861351,On or near Ruskin Avenue,E01025221,Pendle 005B,Anti-social behaviour,,
,2019-02,Lancashire Constabulary,Lancashire Constabulary,-2.173258,53.859302,On or near North Valley Road,E01025221,Pendle 005B,Anti-social behaviour,,
,2019-02,Lancashire Constabulary,Lancashire Constabulary,-2.169300,53.865581,On or near Lynwood Close,E01025221,Pendle 005B,Anti-social behaviour,,
,2019-02,Lancashire Constabulary,Lancashire Constabulary,-2.169300,53.865581,On or near Lynwood Close,E01025221,Pendle 005B,Anti-social behaviour,,
,2019-02,Lancashire Constabulary,Lancashire Constabulary,-2.173769,53.861413,On or near Judge Fields,E01025221,Pendle 005B,Anti-social behaviour,,
,2019-02,Lancashire Constabulary,Lancashire Constabulary,-2.173258,53.859302,On or near North Valley Road,E01025221,Pendle 005B,Anti-social behaviour,,
,2019-02,Lancashire Constabulary,Lancashire Constabulary,-2.173258,53.859302,On or near North Valley Road,E01025221,Pendle 005B,Anti-social behaviour,,
,2019-02,Lancashire Constabulary,Lancashire Constabulary,-2.174957,53.858382,On or near Brook Street,E01025221,Pendle 005B,Anti-social behaviour,,
,2019-02,Lancashire Constabulary,Lancashire Constabulary,-2.169300,53.865581,On or near Lynwood Close,E01025221,Pendle 005B,Anti-social behaviour,,
,2019-02,Lancashire Constabulary,Lancashire Constabulary,-2.172780,53.861351,On or near Ruskin Avenue,E01025221,Pendle 005B,Anti-social behaviour,,
3676818b144d4136d65a98a6db79a71b9733c646ad570f6c73206fdac302b301,2019-02,Lancashire Constabulary,Lancashire Constabulary,-2.173258,53.859302,On or near North Valley Road,E01025221,Pendle 005B,Criminal damage and arson,Status update unavailable,
d0225351b504a1634c57d92e1aa7ff1aab095f3dfa2163bd1f12cbd372ae0c90,2019-02,Lancashire Constabulary,Lancashire Constabulary,-2.175471,53.861249,On or near Slater Avenue,E01025221,Pendle 005B,Criminal damage and arson,Status update unavailable,
3d05d47f7dfee0073cc0fa57b46cfd0e7c9eca0d24a2b0bdbba4b2a861b2daf1,2019-02,Lancashire Constabulary,Lancashire Constabulary,-2.172780,53.861351,On or near Ruskin Avenue,E01025221,Pendle 005B,Drugs,Offender given a caution,
6557bd8f0626dde2b12c1fc3aa53742ca7eb7e7f2de2f2e1cabaa886f449fd51,2019-02,Lancashire Constabulary,Lancashire Constabulary,-2.174803,53.857762,On or near Birtwistle Hyde Park,E01025221,Pendle 005B,Other theft,Status update unavailable,
42a8382875ebaeaabbaf6a7b94519e8e82e8a58a2f37974bf74a526039c651b2,2019-02,Lancashire Constabulary,Lancashire Constabulary,-2.174957,53.858382,On or near Brook Street,E01025221,Pendle 005B,Other theft,Status update unavailable,
d05b0b3cf9cb663d5c5d5f769bd2748e7d781a86357e09a9ec3b0bceedb3e353,2019-02,Lancashire Constabulary,Lancashire Constabulary,-2.174957,53.858382,On or near Brook Street,E01025221,Pendle 005B,Other theft,Status update unavailable,
a94b01143b7b2096bdc84d6e25730259351a472aa66bf8b2a6330476184e214c,2019-02,Lancashire Constabulary,Lancashire Constabulary,-2.173473,53.859876,On or near Milton Road,E01025221,Pendle 005B,Other theft,Further investigation is not in the public interest,
0e0bc9c4e0b242d47562a97fa88fb59316c5e3b7d336808a71769b344d68fc13,2019-02,Lancashire Constabulary,Lancashire Constabulary,-2.173258,53.859302,On or near North Valley Road,E01025221,Pendle 005B,Public order,Status update unavailable,
70fb3bf6fe942cab16c03d452d138aac53bca91361659fa6f63f9b12c77652c9,2019-02,Lancashire Constabulary,Lancashire Constabulary,-2.172780,53.861351,On or near Ruskin Avenue,E01025221,Pendle 005B,Violence and sexual offences,Unable to prosecute suspect,
9c4092d5b48ce4df77d51c053235650ea51efd41a12f98e51aa023124a45af3a,2019-02,Lancashire Constabulary,Lancashire Constabulary,-2.177294,53.860940,On or near Sports/Recreation Area,E01025221,Pendle 005B,Violence and sexual offences,Status update unavailable,
95e6313c84b768f2e755f201d5412244566fccfa2b1a44acbf0ea5c68c0cb976,2019-02,Lancashire Constabulary,Lancashire Constabulary,-2.177294,53.860940,On or near Sports/Recreation Area,E01025221,Pendle 005B,Violence and sexual offences,Unable to prosecute suspect,
e1d316d4c99acb68260b3c918232a79867190cfbaa82bd79c3cb423302bac309,2019-02,Lancashire Constabulary,Lancashire Constabulary,-2.173258,53.859302,On or near North Valley Road,E01025221,Pendle 005B,Violence and sexual offences,Status update unavailable,
1938a2fb56f2da0d3d270f081d0ea2fcf1dac43a169ae9417080b5bc8ba74fc2,2019-02,Lancashire Constabulary,Lancashire Constabulary,-2.176957,53.860330,On or near Sports/Recreation Area,E01025221,Pendle 005B,Violence and sexual offences,Unable to prosecute suspect,
,2019-02,Lancashire Constabulary,Lancashire Constabulary,-2.179053,53.859679,On or near Haverholt Close,E01025222,Pendle 005C,Anti-social behaviour,,
,2019-02,Lancashire Constabulary,Lancashire Constabulary,-2.181248,53.857546,On or near B6247,E01025222,Pendle 005C,Anti-social behaviour,,
84d69a94d4516584f0e65e184ef194b4615015f72f0e5a313a9b46f83712844a,2019-02,Lancashire Constabulary,Lancashire Constabulary,-2.181347,53.862930,On or near White Grove,E01025222,Pendle 005C,Violence and sexual offences,Status update unavailable,
,2019-02,Lancashire Constabulary,Lancashire Constabulary,-2.172853,53.856965,On or near Parking Area,E01025223,Pendle 005D,Anti-social behaviour,,
,2019-02,Lancashire Constabulary,Lancashire Constabulary,-2.176839,53.857445,On or near North Valley Road,E01025223,Pendle 005D,Anti-social behaviour,,
,2019-02,Lancashire Constabulary,Lancashire Constabulary,-2.179047,53.858394,On or near Peel Gardens,E01025223,Pendle 005D,Anti-social behaviour,,
34602674de798108672616e8104aa226f8c6978184e5afa195865d06eb130eae,2019-02,Lancashire Constabulary,Lancashire Constabulary,-2.176839,53.857445,On or near North Valley Road,E01025223,Pendle 005D,Burglary,Status update unavailable,
82f611de3f9b77dec2a4f4b3f1886f5635d9f0a858150d963861c58fea2d4b26,2019-02,Lancashire Constabulary,Lancashire Constabulary,-2.179466,53.856722,On or near Rigby Street,E01025223,Pendle 005D,Burglary,Status update unavailable,
77e386d5478695299e4e53141301449d3f37fff6a599599b30497e1a64d9efde,2019-02,Lancashire Constabulary,Lancashire Constabulary,-2.176839,53.857445,On or near North Valley Road,E01025223,Pendle 005D,Burglary,Status update unavailable,
b574f68c12b670a369a41716afc61e0ec80fae8a8968197a3c7526157e8a3c61,2019-02,Lancashire Constabulary,Lancashire Constabulary,-2.172232,53.857362,On or near Hartley Street,E01025223,Pendle 005D,Burglary,Status update unavailable,
c752aaac75fc052614eab42eb9a5b53a4e3e0ef26e4f255bf30a888a232b8cdd,2019-02,Lancashire Constabulary,Lancashire Constabulary,-2.171727,53.856706,On or near Back Bond Street,E01025223,Pendle 005D,Burglary,Status update unavailable,
0e2e19ab612d88f282e31adb1aa55f7ff97f51ba83a0146dab0329cbe2ca55ef,2019-02,Lancashire Constabulary,Lancashire Constabulary,-2.174010,53.857170,On or near Spring Yard,E01025223,Pendle 005D,Criminal damage and arson,Status update unavailable,
07f2c5df4665da9ad5e0b181d509876c520f4bf4aaef99f0cffcba9ec2640178,2019-02,Lancashire Constabulary,Lancashire Constabulary,-2.177013,53.855476,On or near Albert Road,E01025223,Pendle 005D,Other theft,Status update unavailable,
20d0608fba782b6c3678dd9838f8c5019de525e3d19c38f63030ed48786f7523,2019-02,Lancashire Constabulary,Lancashire Constabulary,-2.171727,53.856706,On or near Back Bond Street,E01025223,Pendle 005D,Other theft,Status update unavailable,
b39012a660fa7e393ecd0f20b6a5434e3da45b5f6aa08a6af773bab3365a2b5b,2019-02,Lancashire Constabulary,Lancashire Constabulary,-2.172494,53.858413,On or near New Market Street,E01025223,Pendle 005D,Other theft,Status update unavailable,
121d35b5b1c4a2392d4d7695708cec9667ec3f9d2649465bc65fdc0a92e03823,2019-02,Lancashire Constabulary,Lancashire Constabulary,-2.177257,53.855727,On or near Parsonage Street,E01025223,Pendle 005D,Public order,Awaiting court outcome,
761329dfbb5db266b9435a3e1f6bb4cc0d9ce5eb45c14443b5efeb466a682c4a,2019-02,Lancashire Constabulary,Lancashire Constabulary,-2.172765,53.857738,On or near Mitchell Street,E01025223,Pendle 005D,Violence and sexual offences,Unable to prosecute suspect,
a51c8f7e821d2e6bf3f61f29b709b2fe4ec2c6de30a0d49376431c228ce11fe0,2019-02,Lancashire Constabulary,Lancashire Constabulary,-2.179047,53.858394,On or near Peel Gardens,E01025223,Pendle 005D,Violence and sexual offences,Status update unavailable,
a33c12304f7d36b2f2b658d8093948ea25c1e75a7be09f801bfbeb646c234348,2019-02,Lancashire Constabulary,Lancashire Constabulary,-2.172765,53.857738,On or near Mitchell Street,E01025223,Pendle 005D,Violence and sexual offences,Unable to prosecute suspect,
28c4c7182484b2b709446aa064f39eae29af55a7aad7ddb27b6aaab2b60b318c,2019-02,Lancashire Constabulary,Lancashire Constabulary,-2.179047,53.858394,On or near Peel Gardens,E01025223,Pendle 005D,Violence and sexual offences,Status update unavailable,
fc90a7f839f4d9a4e5aa868cbd5f4aabf76711dcf86e6dce159db0a102273137,2019-02,Lancashire Constabulary,Lancashire Constabulary,-2.177848,53.858774,On or near Moore Street,E01025223,Pendle 005D,Violence and sexual offences,Status update unavailable,
4b628259a0f5f80d689574cc4cd83cd0af6377854f430b9cf7027c79f2588e70,2019-02,Lancashire Constabulary,Lancashire Constabulary,-2.172539,53.858233,On or near Argyle Street,E01025223,Pendle 005D,Violence and sexual offences,Status update unavailable,
,2019-02,Lancashire Constabulary,Lancashire Constabulary,-2.123354,53.862725,On or near Kingsley Road,E01025178,Pendle 006A,Anti-social behaviour,,
,2019-02,Lancashire Constabulary,Lancashire Constabulary,-2.119017,53.861453,On or near Carriers'S Row,E01025178,Pendle 006A,Anti-social behaviour,,
6233ca916d44643d09645f1abee1c1b231716eae4eb25bded6097c5e0a16a9d4,2019-02,Lancashire Constabulary,Lancashire Constabulary,-2.150901,53.857247,On or near Barn Field Close,E01025178,Pendle 006A,Burglary,Status update unavailable,
e0526f3e8d14af3fd25b06329c931b33f46641911808f269fee6429d565153f8,2019-02,Lancashire Constabulary,Lancashire Constabulary,-2.118140,53.863368,On or near Wycoller View,E01025178,Pendle 006A,Burglary,Status update unavailable,
88d11219afb2970139b21e628663ccd7ddc4f29547bc1046bd92c06a71bdca94,2019-02,Lancashire Constabulary,Lancashire Constabulary,-2.131488,53.862689,On or near Sir William Hartley Court,E01025178,Pendle 006A,Burglary,Status update unavailable,
341c31822e84d9a544a1d5934458612c7848794294b7a05934501eb926a1a15b,2019-02,Lancashire Constabulary,Lancashire Constabulary,-2.126653,53.862703,On or near Vernon Road,E01025178,Pendle 006A,Other theft,Status update unavailable,
28dd94aa6fb8723d764b782f351e8bfdc550033cdbadae55376867118afd0eaf,2019-02,Lancashire Constabulary,Lancashire Constabulary,-2.120450,53.862997,On or near Emmott Court,E01025178,Pendle 006A,Violence and sexual offences,Status update unavailable,
f9ab0a07f299f746d0e6c09523d48de4a560bd2851dabe7b2ed4b39bfb424938,2019-02,Lancashire Constabulary,Lancashire Constabulary,-2.120450,53.862997,On or near Emmott Court,E01025178,Pendle 006A,Violence and sexual offences,Unable to prosecute suspect,
,2019-02,Lancashire Constabulary,Lancashire Constabulary,-2.134307,53.855136,On or near Lane Top,E01025179,Pendle 006B,Anti-social behaviour,,
,2019-02,Lancashire Constabulary,Lancashire Constabulary,-2.157775,53.857759,On or near Sagar Fold,E01025179,Pendle 006B,Anti-social behaviour,,
c5fae1594509ce2b04a956fe19766a948dc02f697a45e20eeb3d0297bfd9a98b,2019-02,Lancashire Constabulary,Lancashire Constabulary,-2.134307,53.855136,On or near Lane Top,E01025179,Pendle 006B,Other theft,Unable to prosecute suspect,
e8d8f930f093f7fbc7a994cd69f1a71c77039800144d2fba063b940921907ed0,2019-02,Lancashire Constabulary,Lancashire Constabulary,-2.139202,53.859418,On or near Park/Open Space,E01025179,Pendle 006B,Public order,Status update unavailable,
e78efcc706238bcdabad39e07413e45b5de9b5482ce89926a7a6ff7110df9342,2019-02,Lancashire Constabulary,Lancashire Constabulary,-2.138396,53.850404,On or near Beckside,E01025179,Pendle 006B,Violence and sexual offences,Formal action is not in the public interest,
,2019-02,Lancashire Constabulary,Lancashire Constabulary,-2.138313,53.848058,On or near Hall Meadows,E01025180,Pendle 006C,Anti-social behaviour,,
,2019-02,Lancashire Constabulary,Lancashire Constabulary,-2.128007,53.838048,On or near Rye Croft,E01025180,Pendle 006C,Anti-social behaviour,,
0c1f5e9979d405549818e8afd641d4c8da466f7440a1f02aca39f30d93daf9d4,2019-02,Lancashire Constabulary,Lancashire Constabulary,-2.136255,53.841724,On or near Boulsworth Drive,E01025180,Pendle 006C,Burglary,Status update unavailable,
d7d11b8d351dbf3d624140ba8ee55344c0a9bfcb9d1167b25ecde28db04ebbb1,2019-02,Lancashire Constabulary,Lancashire Constabulary,-2.136255,53.841724,On or near Boulsworth Drive,E01025180,Pendle 006C,Burglary,Status update unavailable,
6a4115732960e44e58347fb080aadc58ee74899c1fd9f60f9d54d05a474b8830,2019-02,Lancashire Constabulary,Lancashire Constabulary,-2.128007,53.838048,On or near Rye Croft,E01025180,Pendle 006C,Other crime,Local resolution,
,2019-02,Lancashire Constabulary,Lancashire Constabulary,-2.163063,53.865005,On or near Castle Road,E01025203,Pendle 006D,Anti-social behaviour,,
910ef770760ebfeb28a689247b214b8bb7e6929afecd489267350238aafcebe9,2019-02,Lancashire Constabulary,Lancashire Constabulary,-2.172425,53.878474,On or near Mile End Close,E01025203,Pendle 006D,Burglary,Status update unavailable,
07f7e1b76fa5e1f07b13e1059c8debbbc3774bd079a32e31126b5e48ae870470,2019-02,Lancashire Constabulary,Lancashire Constabulary,-2.170095,53.874100,On or near Burwains Avenue,E01025203,Pendle 006D,Burglary,Status update unavailable,
60b6d89c5a566b49b0d4d8d66d22970708b30c77701b395d903069c2057bbf6d,2019-02,Lancashire Constabulary,Lancashire Constabulary,-2.170095,53.874100,On or near Burwains Avenue,E01025203,Pendle 006D,Burglary,Status update unavailable,
749d209d8976f3ae17e30f40204dd8269d2d268f397ee0eb05ccfe40cd5fb8b3,2019-02,Lancashire Constabulary,Lancashire Constabulary,-2.169085,53.876286,On or near Causeway,E01025203,Pendle 006D,Burglary,Status update unavailable,
706824756ed6e908a40711505a2b62df340f4033a1e94c99e83d4c11fa69d823,2019-02,Lancashire Constabulary,Lancashire Constabulary,-2.168057,53.877797,On or near Skipton Road,E01025203,Pendle 006D,Burglary,Awaiting court outcome,
d18684d18d511db07e968f9424c0fc1a0af57738f158d27cf46fbcc42755089c,2019-02,Lancashire Constabulary,Lancashire Constabulary,-2.167432,53.877573,On or near Stoney Court,E01025203,Pendle 006D,Criminal damage and arson,Status update unavailable,
211842d7010f186fc914d604884ef62ba937b5888587644b0ee450d4a106dbba,2019-02,Lancashire Constabulary,Lancashire Constabulary,-2.168574,53.877778,On or near Chapel Street,E01025203,Pendle 006D,Vehicle crime,Status update unavailable,
106b8063376c6ce56340f6bdd2527fa5af15ab63cf8561cf1566de1de9dc7f05,2019-02,Lancashire Constabulary,Lancashire Constabulary,-2.169362,53.877157,On or near Towngate,E01025203,Pendle 006D,Vehicle crime,Status update unavailable,
3d67381a8f77f95ed9005edc5efd18c9ce760f1205ae348263c99d02e7def4b1,2019-02,Lancashire Constabulary,Lancashire Constabulary,-2.162002,53.865923,On or near Manor Road,E01025203,Pendle 006D,Other crime,Formal action is not in the public interest,
b16e766b8daa8be944b9c68fc8e012d60b0e30610a80b2e1dab52391aa54d010,2019-02,Lancashire Constabulary,Lancashire Constabulary,-2.190786,53.852192,On or near Greenfield Road,E01025226,Pendle 007A,Burglary,Status update unavailable,
66988970e4de6df8b238486b3f3d23a5217bc286d57af7e85d787968455a92e0,2019-02,Lancashire Constabulary,Lancashire Constabulary,-2.185675,53.851329,On or near Cliff Street,E01025226,Pendle 007A,Criminal damage and arson,Status update unavailable,
abf0d75510cd090a0734f5be502b39dd37df62868b9e559da0086278cad742ea,2019-02,Lancashire Constabulary,Lancashire Constabulary,-2.183437,53.854064,On or near Bolton Street,E01025226,Pendle 007A,Criminal damage and arson,Unable to prosecute suspect,
e71301582128168099ca22a48db7ef7cbef6e9bec6ab32141238844dea80bff8,2019-02,Lancashire Constabulary,Lancashire Constabulary,-2.178439,53.854746,On or near Crabtree Street,E01025226,Pendle 007A,Other theft,Status update unavailable,
299997a5f25b8ea523c0459aa76c8adc3dcc1829a0105f643e7058575d0e33b7,2019-02,Lancashire Constabulary,Lancashire Constabulary,-2.180301,53.852991,On or near Parking Area,E01025226,Pendle 007A,Public order,Status update unavailable,
f0b83900d5a70380b0aa9a774d0d6f598f6f41ba437719f9e91e3fac1bbd9e5f,2019-02,Lancashire Constabulary,Lancashire Constabulary,-2.183437,53.854064,On or near Bolton Street,E01025226,Pendle 007A,Public order,Unable to prosecute suspect,
af8eb068f70e8d36771a4866d8ad93e92591cac6cd14cb9f211d6bfc9d99f669,2019-02,Lancashire Constabulary,Lancashire Constabulary,-2.185675,53.851329,On or near Cliff Street,E01025226,Pendle 007A,Public order,Status update unavailable,
e9eb394160f80fbd84730d8f61484d0da498d7cd9977d2c11135e995d02a7029,2019-02,Lancashire Constabulary,Lancashire Constabulary,-2.184797,53.855725,On or near Shopping Area,E01025226,Pendle 007A,Shoplifting,Offender given conditional discharge,
59d8af16e8beaf57b5bc5f45faed80ca3e53457d9c71974ffc0ff65a42f8c1be,2019-02,Lancashire Constabulary,Lancashire Constabulary,-2.184797,53.855725,On or near Shopping Area,E01025226,Pendle 007A,Shoplifting,Offender given penalty notice,
3b0541b5e3e8e57ed501ec836607f5e8326849dd4e5a55c77a79e1ed4a45d39e,2019-02,Lancashire Constabulary,Lancashire Constabulary,-2.179434,53.852920,On or near Harold Street,E01025226,Pendle 007A,Violence and sexual offences,Unable to prosecute suspect,
ed64d0fac05f677fb7f6ad2012d4909ce0ecbc05a62c4bf6f05e8afc71307844,2019-02,Lancashire Constabulary,Lancashire Constabulary,-2.178746,53.852049,On or near Laithe Street,E01025226,Pendle 007A,Violence and sexual offences,Status update unavailable,
b11f4d64dc221ab13b0decbf5f7a89d70f7495fd1d00807a0f4ea691dd0d24ee,2019-02,Lancashire Constabulary,Lancashire Constabulary,-2.178746,53.852049,On or near Laithe Street,E01025226,Pendle 007A,Violence and sexual offences,Unable to prosecute suspect,
3fa9e56034a303e8742fc88a311810ca8ab05a32b18c572c9c052bf52a47090e,2019-02,Lancashire Constabulary,Lancashire Constabulary,-2.183437,53.854064,On or near Bolton Street,E01025226,Pendle 007A,Violence and sexual offences,Unable to prosecute suspect,
05e5d112689734c8d3e401e5a14a4fc0f1455445414647f1bc1680206b1ce2e2,2019-02,Lancashire Constabulary,Lancashire Constabulary,-2.185663,53.852057,On or near Holker Street,E01025226,Pendle 007A,Violence and sexual offences,Status update unavailable,
,2019-02,Lancashire Constabulary,Lancashire Constabulary,-2.159142,53.857586,On or near Primrose Hill,E01025227,Pendle 007B,Anti-social behaviour,,
,2019-02,Lancashire Constabulary,Lancashire Constabulary,-2.170884,53.855054,On or near Exchange Street,E01025227,Pendle 007B,Anti-social behaviour,,
,2019-02,Lancashire Constabulary,Lancashire Constabulary,-2.173681,53.854915,On or near Back Duke Street,E01025227,Pendle 007B,Anti-social behaviour,,
,2019-02,Lancashire Constabulary,Lancashire Constabulary,-2.170884,53.855054,On or near Exchange Street,E01025227,Pendle 007B,Anti-social behaviour,,
,2019-02,Lancashire Constabulary,Lancashire Constabulary,-2.171962,53.854567,On or near Doughty Street,E01025227,Pendle 007B,Anti-social behaviour,,
,2019-02,Lancashire Constabulary,Lancashire Constabulary,-2.165997,53.857065,On or near Supermarket,E01025227,Pendle 007B,Anti-social behaviour,,
2b79783cafabc03734135e5a8c3b73bee85cc28dbf1973a2987aa840a35c3fda,2019-02,Lancashire Constabulary,Lancashire Constabulary,-2.171875,53.855690,On or near Chapel Street,E01025227,Pendle 007B,Burglary,Status update unavailable,
74aa31f31d9c7056567ca272a58037c30f798de295438e39d7167e1756ad25f2,2019-02,Lancashire Constabulary,Lancashire Constabulary,-2.171962,53.854567,On or near Doughty Street,E01025227,Pendle 007B,Burglary,Status update unavailable,
139241f71274209fcee0fe9fa830bd48c72f97cee3ec54bff3e34e7b22eadb93,2019-02,Lancashire Constabulary,Lancashire Constabulary,-2.171962,53.854567,On or near Doughty Street,E01025227,Pendle 007B,Criminal damage and arson,Local resolution,
9eca189f3cc7f6c4e1f223dee4328806884b099073b48d872b57212fd697f39a,2019-02,Lancashire Constabulary,Lancashire Constabulary,-2.171722,53.855448,On or near Knowsley Street,E01025227,Pendle 007B,Other theft,Status update unavailable,
34cee58ff3ab70eedf9034377caab4e66d5c934fbb16bd093e26b371ef93eef4,2019-02,Lancashire Constabulary,Lancashire Constabulary,-2.167547,53.856820,On or near Market Place,E01025227,Pendle 007B,Public order,Status update unavailable,
30c79065a0de80f484e1ec65cc87cf16d503f492c388350eb368c640142aad4b,2019-02,Lancashire Constabulary,Lancashire Constabulary,-2.166551,53.854979,On or near Blucher Street,E01025227,Pendle 007B,Public order,Unable to prosecute suspect,
940e76695a987f3242b7880c018e0a4c7658e1a524405ffb36714505d14bd58c,2019-02,Lancashire Constabulary,Lancashire Constabulary,-2.167374,53.855355,On or near Midgley Street,E01025227,Pendle 007B,Public order,Status update unavailable,
76a308fe098711f02ad2a548e79e42da6aac578986b71547f1d57f97ccf88dce,2019-02,Lancashire Constabulary,Lancashire Constabulary,-2.165997,53.857065,On or near Supermarket,E01025227,Pendle 007B,Shoplifting,Awaiting court outcome,
4f370520a87137c78b8bd5a74aced9b230fc6a395c8ac204e8811a21aee72cf2,2019-02,Lancashire Constabulary,Lancashire Constabulary,-2.166544,53.857055,On or near Parliament Street,E01025227,Pendle 007B,Shoplifting,Status update unavailable,
58f5ade945025b37475c1780fa63e77e23bf09219a155a9cc8a8c51b6b42d748,2019-02,Lancashire Constabulary,Lancashire Constabulary,-2.165997,53.857065,On or near Supermarket,E01025227,Pendle 007B,Shoplifting,Status update unavailable,
4bb139232e0acd26aa45985f054222801f7b66c6469faf5bac761ec1242958e8,2019-02,Lancashire Constabulary,Lancashire Constabulary,-2.165997,53.857065,On or near Supermarket,E01025227,Pendle 007B,Shoplifting,Status update unavailable,
6c8004bc28b9d1e9108ae95f246290e8983396b8962cab4a88b3dfa1e6876d2d,2019-02,Lancashire Constabulary,Lancashire Constabulary,-2.168322,53.856774,On or near Parking Area,E01025227,Pendle 007B,Theft from the person,Status update unavailable,
802d05b21c2a7d43c8c7d9a57d885884a1e727d8372643cff12ccbc2ff045bbc,2019-02,Lancashire Constabulary,Lancashire Constabulary,-2.170340,53.855908,On or near Raglan Street,E01025227,Pendle 007B,Vehicle crime,Status update unavailable,
0a46594dabd961ccd4b5cb5cdaf59661aa3f067c463e6ac9926911dc9118b77d,2019-02,Lancashire Constabulary,Lancashire Constabulary,-2.168322,53.856774,On or near Parking Area,E01025227,Pendle 007B,Violence and sexual offences,Offender given community sentence,
f47d2e3508305e89172d911d5c80ce4308c91adef1e8bda24e51e44fdbf27ffa,2019-02,Lancashire Constabulary,Lancashire Constabulary,-2.166551,53.854979,On or near Blucher Street,E01025227,Pendle 007B,Violence and sexual offences,Status update unavailable,
b598909a5b1f8069d92a6487d949825593bfcdc35fd40815360d7c8b253e0bf3,2019-02,Lancashire Constabulary,Lancashire Constabulary,-2.171875,53.855690,On or near Chapel Street,E01025227,Pendle 007B,Violence and sexual offences,Further investigation is not in the public interest,
77fb8d7d6bd367e8e6367b28442bd2d117a1c56130aaa42266b58878e237a4dd,2019-02,Lancashire Constabulary,Lancashire Constabulary,-2.166551,53.854979,On or near Blucher Street,E01025227,Pendle 007B,Violence and sexual offences,Formal action is not in the public interest,
9e01b50e467265343f3e3b7a50ce3fe8a4d67cfb02f37b1f5e2994634d9dbed5,2019-02,Lancashire Constabulary,Lancashire Constabulary,-2.170460,53.855441,On or near Back Cambridge Street,E01025227,Pendle 007B,Violence and sexual offences,Unable to prosecute suspect,
9da20261ba67280aa6952af79965bfce3835a5bc95755a043e7b99ac4db18e5f,2019-02,Lancashire Constabulary,Lancashire Constabulary,-2.167374,53.855355,On or near Midgley Street,E01025227,Pendle 007B,Violence and sexual offences,Formal action is not in the public interest,
aca95337b2713447bc73073282631183661c5cb7819d24890b249df14b41cb62,2019-02,Lancashire Constabulary,Lancashire Constabulary,-2.169135,53.854760,On or near Basil Street,E01025227,Pendle 007B,Violence and sexual offences,Defendant found not guilty,
7efee55055462b4611e0aa31c7943ee2a3d48647178c935bb1b9ff89517dd6de,2019-02,Lancashire Constabulary,Lancashire Constabulary,-2.160174,53.856947,On or near Grosvenor Street,E01025227,Pendle 007B,Violence and sexual offences,Unable to prosecute suspect,
86cca6ad0b1cb4fddf7b049574f7887e15ca0da1f952778013f166c50cb99115,2019-02,Lancashire Constabulary,Lancashire Constabulary,-2.170884,53.855054,On or near Exchange Street,E01025227,Pendle 007B,Violence and sexual offences,Unable to prosecute suspect,
f88313d19abb7e86d2643bcf3eb75bde7fd607bbe9030320182d7f02d5e61a52,2019-02,Lancashire Constabulary,Lancashire Constabulary,-2.171875,53.855690,On or near Chapel Street,E01025227,Pendle 007B,Violence and sexual offences,Status update unavailable,
e72158df3d17842d6b1690788d0c44d5fe6955379f0e04023650ee70e752ada6,2019-02,Lancashire Constabulary,Lancashire Constabulary,-2.171875,53.855690,On or near Chapel Street,E01025227,Pendle 007B,Violence and sexual offences,Further investigation is not in the public interest,
,2019-02,Lancashire Constabulary,Lancashire Constabulary,-2.168161,53.847067,On or near Birchenlee Lane,E01025228,Pendle 007C,Anti-social behaviour,,
,2019-02,Lancashire Constabulary,Lancashire Constabulary,-2.197112,53.846097,On or near Chad Street,E01025228,Pendle 007C,Anti-social behaviour,,
,2019-02,Lancashire Constabulary,Lancashire Constabulary,-2.189635,53.849633,On or near Gill Street,E01025228,Pendle 007C,Anti-social behaviour,,
,2019-02,Lancashire Constabulary,Lancashire Constabulary,-2.189635,53.849633,On or near Gill Street,E01025228,Pendle 007C,Anti-social behaviour,,
9af627cbc72dd7b7b7fc69c07c8d1855a858e7450b791ed0bab8b2089d5daafc,2019-02,Lancashire Constabulary,Lancashire Constabulary,-2.195562,53.846109,On or near Ivy Street,E01025228,Pendle 007C,Burglary,Status update unavailable,
df25346637395088b87eefb2e1f8873d908638702ec695622bb11dc28cc40d60,2019-02,Lancashire Constabulary,Lancashire Constabulary,-2.195562,53.846109,On or near Ivy Street,E01025228,Pendle 007C,Other theft,Status update unavailable,
4df14dcc1172608947d6a942c4e73256671e44ee4b9c1bb72d6de728c9513fc1,2019-02,Lancashire Constabulary,Lancashire Constabulary,-2.195562,53.846109,On or near Ivy Street,E01025228,Pendle 007C,Other theft,Status update unavailable,
a3227d93c13916a6e6a44c777e5bfc80006c6d2f3f53232cefe268818a72a840,2019-02,Lancashire Constabulary,Lancashire Constabulary,-2.193403,53.845969,On or near Ashburnham Road,E01025228,Pendle 007C,Other theft,Status update unavailable,
4f14a848cfe2173b33a917295ac0c1aeb1db443084f72e36d1bc19136d39396c,2019-02,Lancashire Constabulary,Lancashire Constabulary,-2.197112,53.846097,On or near Chad Street,E01025228,Pendle 007C,Other theft,Status update unavailable,
bc1040a513bdf18b08ab619c285e8f3f4a9a202218fbcd200ed02084fd261a3e,2019-02,Lancashire Constabulary,Lancashire Constabulary,-2.193403,53.845969,On or near Ashburnham Road,E01025228,Pendle 007C,Other theft,Status update unavailable,
9d3b56a5068276f0ecfed16d1645faed549967b6f8516104b35f401b6d771499,2019-02,Lancashire Constabulary,Lancashire Constabulary,-2.193403,53.845969,On or near Ashburnham Road,E01025228,Pendle 007C,Other theft,Status update unavailable,
3f4df33703de07480be32d0732f199e3fe09e1a1288c1719e02287c278c6ba0b,2019-02,Lancashire Constabulary,Lancashire Constabulary,-2.194225,53.846327,On or near Rosehill Road,E01025228,Pendle 007C,Other theft,Status update unavailable,
1102b4dbeb2578782a8108772e05f7925d79f3bac5e10a52c24555b7f2376c6d,2019-02,Lancashire Constabulary,Lancashire Constabulary,-2.197112,53.846097,On or near Chad Street,E01025228,Pendle 007C,Other theft,Status update unavailable,
5afab61eed12429d39bbee7189f472f29d24096a8bcb9dfb96a7749c3092d3d4,2019-02,Lancashire Constabulary,Lancashire Constabulary,-2.194267,53.848745,On or near Corporation Street,E01025228,Pendle 007C,Public order,Unable to prosecute suspect,
cb7984cf854c5dc58ea67a98b92792860676c57355d88d44607ad939f0f649aa,2019-02,Lancashire Constabulary,Lancashire Constabulary,-2.194267,53.848745,On or near Corporation Street,E01025228,Pendle 007C,Shoplifting,Local resolution,
3163db1f65cae57a973c2d24429eb621f90949e8a7507d54274768de5d418a85,2019-02,Lancashire Constabulary,Lancashire Constabulary,-2.197297,53.849872,On or near Regent Street,E01025228,Pendle 007C,Shoplifting,Status update unavailable,
20adad537228e3ade4819731ef7cab7ea60681c8c516f3f0eb285bf7c197912e,2019-02,Lancashire Constabulary,Lancashire Constabulary,-2.197112,53.846097,On or near Chad Street,E01025228,Pendle 007C,Shoplifting,Status update unavailable,
f6387c72ba60b1a46c924fc9d9375a8007d2f9bf1f8df527f45028abcc0c7fea,2019-02,Lancashire Constabulary,Lancashire Constabulary,-2.194267,53.848745,On or near Corporation Street,E01025228,Pendle 007C,Shoplifting,Status update unavailable,
f3583bce8f040c69b1334d32dff1381fbe6a69f7f7fa56c2be2dd94d741d8dac,2019-02,Lancashire Constabulary,Lancashire Constabulary,-2.194267,53.848745,On or near Corporation Street,E01025228,Pendle 007C,Shoplifting,Status update unavailable,
03597853e97be66dbf1c678cf127b237136ebaaa9c83b463787f9b277904ba45,2019-02,Lancashire Constabulary,Lancashire Constabulary,-2.194267,53.848745,On or near Corporation Street,E01025228,Pendle 007C,Shoplifting,Offender given conditional discharge,
a7142401d1a7f263f425e5d7b86b08562389699d55d32ce904a96a6701fbaaaf,2019-02,Lancashire Constabulary,Lancashire Constabulary,-2.197112,53.846097,On or near Chad Street,E01025228,Pendle 007C,Vehicle crime,Status update unavailable,
4cb99ad3ab0212b843fe380cbb1e622b34f9111b6ebe8144874e734209084482,2019-02,Lancashire Constabulary,Lancashire Constabulary,-2.197297,53.849872,On or near Regent Street,E01025228,Pendle 007C,Vehicle crime,Status update unavailable,
a0dabba94fff87fc8e76ddd395465a2f5de7c4f0f71520b4ed5d46764f83050a,2019-02,Lancashire Constabulary,Lancashire Constabulary,-2.193755,53.846444,On or near Clare Avenue,E01025228,Pendle 007C,Vehicle crime,Status update unavailable,
a40129292240c0663ccc076d0741484c1c94357c5a0a15b61239f6be2e40780b,2019-02,Lancashire Constabulary,Lancashire Constabulary,-2.168161,53.847067,On or near Birchenlee Lane,E01025228,Pendle 007C,Violence and sexual offences,Unable to prosecute suspect,
81945e4d3b534729dda923d777934065ede62b78c50dd2e9039b340a5bbc635c,2019-02,Lancashire Constabulary,Lancashire Constabulary,-2.151630,53.852851,On or near Mire Ridge,E01025228,Pendle 007C,Violence and sexual offences,Unable to prosecute suspect,
ad96de4702df4f7622f1970180bc2df14ae3e9b6f7735789135edb66174cd486,2019-02,Lancashire Constabulary,Lancashire Constabulary,-2.193755,53.846444,On or near Clare Avenue,E01025228,Pendle 007C,Violence and sexual offences,Unable to prosecute suspect,
98a0725245c1851841eb352ea77a7b413e79041be81c212bd2c74023183a096d,2019-02,Lancashire Constabulary,Lancashire Constabulary,-2.151630,53.852851,On or near Mire Ridge,E01025228,Pendle 007C,Violence and sexual offences,Status update unavailable,
24543d7987dd17f2ca81e0a960ccbeee8b118c05b9bc75226b89b1f28f583b4d,2019-02,Lancashire Constabulary,Lancashire Constabulary,-2.194267,53.848745,On or near Corporation Street,E01025228,Pendle 007C,Violence and sexual offences,Status update unavailable,
b231f7683f2492c3b11229dbaca24d012c73716b3f9c4d8ae000e1723beee6e0,2019-02,Lancashire Constabulary,Lancashire Constabulary,-2.190932,53.847384,On or near Penrith Crescent,E01025228,Pendle 007C,Violence and sexual offences,Unable to prosecute suspect,
e909462c38b8588b41b14ec6cb7fdcccce72e4bfe4a84cf1b0a62ea69d9956b9,2019-02,Lancashire Constabulary,Lancashire Constabulary,-2.168161,53.847067,On or near Birchenlee Lane,E01025228,Pendle 007C,Other crime,Unable to prosecute suspect,
1af5aecb8004c36a6f873dcc95c9d225fb82bb62093a9eac138643f95ca77ec6,2019-02,Lancashire Constabulary,Lancashire Constabulary,-2.233092,53.841179,On or near Linden Close,E01025174,Pendle 008A,Burglary,Status update unavailable,
a77ba31d2ecf0aac0380c57f9b68382844eddb939139635b53234bdd469df33d,2019-02,Lancashire Constabulary,Lancashire Constabulary,-2.240334,53.845389,On or near Sandyhall Lane,E01025174,Pendle 008A,Public order,Local resolution,
f4e5afa2d53a84f027bb3a8ea2d63168c540708691b26a829f013b4758578381,2019-02,Lancashire Constabulary,Lancashire Constabulary,-2.223675,53.847983,On or near Arncliffe Grove,E01025174,Pendle 008A,Violence and sexual offences,Status update unavailable,
cc40a0c05e78fab650f300d71d7faf726af4d4166efdc444afa97d34c1640791,2019-02,Lancashire Constabulary,Lancashire Constabulary,-2.223675,53.847983,On or near Arncliffe Grove,E01025174,Pendle 008A,Violence and sexual offences,Unable to prosecute suspect,
9476587fddb20963d62581c2e47f28b6caa5736344e7b9feadc4d7010af63ba8,2019-02,Lancashire Constabulary,Lancashire Constabulary,-2.223675,53.847983,On or near Arncliffe Grove,E01025174,Pendle 008A,Violence and sexual offences,Status update unavailable,
24ea0ccdd547bf730526ce075ef7ee84caa7f55333a529e2e321b7a32e73fdec,2019-02,Lancashire Constabulary,Lancashire Constabulary,-2.229984,53.842713,On or near Parrock Road,E01025174,Pendle 008A,Violence and sexual offences,Unable to prosecute suspect,
,2019-02,Lancashire Constabulary,Lancashire Constabulary,-2.218184,53.850249,On or near Coronation Place,E01025175,Pendle 008B,Anti-social behaviour,,
,2019-02,Lancashire Constabulary,Lancashire Constabulary,-2.219062,53.849520,On or near Higher Causeway,E01025175,Pendle 008B,Anti-social behaviour,,
1a79cfab2a4e32cd50b778ea531cc2bd2704507eb5cc1f978b5e0515640d9d74,2019-02,Lancashire Constabulary,Lancashire Constabulary,-2.222010,53.849218,On or near Malham Wend,E01025175,Pendle 008B,Bicycle theft,Status update unavailable,
a26817e8a329cf2f074ed477724a316c87aa030b8e1d7a3982603367816ca628,2019-02,Lancashire Constabulary,Lancashire Constabulary,-2.227599,53.848461,On or near Cairns Close,E01025175,Pendle 008B,Burglary,Status update unavailable,
77bd19cb46fe867635992f01ada3e5e19bafdb7b2480c26336d903809155dd14,2019-02,Lancashire Constabulary,Lancashire Constabulary,-2.218329,53.851651,On or near Back Church Street,E01025175,Pendle 008B,Other theft,Status update unavailable,
9ba0ac75d5f22220f65b4ec565e0c84a35c23ea6ac0f9ad2af2dcdec4976e239,2019-02,Lancashire Constabulary,Lancashire Constabulary,-2.219062,53.849520,On or near Higher Causeway,E01025175,Pendle 008B,Public order,Status update unavailable,
847105c072e5426cdda03417bdda25ee7008cba4b9672e213b2fa930a2dba6db,2019-02,Lancashire Constabulary,Lancashire Constabulary,-2.224930,53.849599,On or near Buckden Gate,E01025175,Pendle 008B,Violence and sexual offences,Unable to prosecute suspect,
793f4e67011b9c49e43c98cb4b91184726554de4f7d1d079116234fbfa9dc0d0,2019-02,Lancashire Constabulary,Lancashire Constabulary,-2.224930,53.849599,On or near Buckden Gate,E01025175,Pendle 008B,Violence and sexual offences,Unable to prosecute suspect,
f726099ba485ba663b80bf8f7d4a79907bf0dd510fd76bdebcf56c16f9ea8e96,2019-02,Lancashire Constabulary,Lancashire Constabulary,-2.224930,53.849599,On or near Buckden Gate,E01025175,Pendle 008B,Violence and sexual offences,Status update unavailable,
,2019-02,Lancashire Constabulary,Lancashire Constabulary,-2.220722,53.847180,On or near Hawthorne Grove,E01025176,Pendle 008C,Anti-social behaviour,,
,2019-02,Lancashire Constabulary,Lancashire Constabulary,-2.218629,53.848046,On or near Mount Street,E01025176,Pendle 008C,Anti-social behaviour,,
,2019-02,Lancashire Constabulary,Lancashire Constabulary,-2.217906,53.849297,On or near Ann Street,E01025176,Pendle 008C,Anti-social behaviour,,
,2019-02,Lancashire Constabulary,Lancashire Constabulary,-2.216238,53.850172,On or near Back Harry Street,E01025176,Pendle 008C,Anti-social behaviour,,
,2019-02,Lancashire Constabulary,Lancashire Constabulary,-2.217924,53.846951,On or near Cadogan Street,E01025176,Pendle 008C,Anti-social behaviour,,
,2019-02,Lancashire Constabulary,Lancashire Constabulary,-2.212402,53.854987,On or near Walton Street,E01025176,Pendle 008C,Anti-social behaviour,,
,2019-02,Lancashire Constabulary,Lancashire Constabulary,-2.215576,53.851503,On or near Fountain Square,E01025176,Pendle 008C,Anti-social behaviour,,
,2019-02,Lancashire Constabulary,Lancashire Constabulary,-2.214873,53.853680,On or near Parking Area,E01025176,Pendle 008C,Anti-social behaviour,,
,2019-02,Lancashire Constabulary,Lancashire Constabulary,-2.212035,53.854691,On or near Bank House Street,E01025176,Pendle 008C,Anti-social behaviour,,
,2019-02,Lancashire Constabulary,Lancashire Constabulary,-2.216118,53.850343,On or near Harry Street,E01025176,Pendle 008C,Anti-social behaviour,,
,2019-02,Lancashire Constabulary,Lancashire Constabulary,-2.199674,53.854182,On or near Parking Area,E01025176,Pendle 008C,Anti-social behaviour,,
,2019-02,Lancashire Constabulary,Lancashire Constabulary,-2.216016,53.848285,On or near Wilton Street,E01025176,Pendle 008C,Anti-social behaviour,,
,2019-02,Lancashire Constabulary,Lancashire Constabulary,-2.213001,53.853189,On or near Park/Open Space,E01025176,Pendle 008C,Anti-social behaviour,,
c8fae12b5eebae56e0493a1d4f3832a81c7e3ae7a3954b11033bc922d15a2df6,2019-02,Lancashire Constabulary,Lancashire Constabulary,-2.215576,53.851503,On or near Fountain Square,E01025176,Pendle 008C,Burglary,Status update unavailable,
6bebcdf930636e4f1ff8871e1a0cb3b70bfb362b3b46fc41c322a9fc16e29357,2019-02,Lancashire Constabulary,Lancashire Constabulary,-2.215797,53.853040,On or near West Hill,E01025176,Pendle 008C,Burglary,Status update unavailable,
afd72d9ce0f7504a8ef64eb5afd042921df1c80e83f3a9677f214b603f7e3b3f,2019-02,Lancashire Constabulary,Lancashire Constabulary,-2.214873,53.853680,On or near Parking Area,E01025176,Pendle 008C,Burglary,Status update unavailable,
3d2d42e8f44a9ed158a20995ad9cd75939439f9d8613a6600abd94214163667a,2019-02,Lancashire Constabulary,Lancashire Constabulary,-2.219386,53.847560,On or near Nora Street,E01025176,Pendle 008C,Burglary,Status update unavailable,
9fbe34ed99b36c6db64c3053aaa70432db6fbe3e0910adf9e715d262f256d87c,2019-02,Lancashire Constabulary,Lancashire Constabulary,-2.220655,53.845967,On or near Joseph Street,E01025176,Pendle 008C,Criminal damage and arson,Status update unavailable,
78649be621c874708a156dcb5a7ba0a70f9e473dec3cb851287ccaa2a119e500,2019-02,Lancashire Constabulary,Lancashire Constabulary,-2.218435,53.845854,On or near Roughlee Street,E01025176,Pendle 008C,Criminal damage and arson,Status update unavailable,
b3fe207bfdd399d3f5049e5cf8fb64ac02f0fb12177d8e98ec55773e8ce439c7,2019-02,Lancashire Constabulary,Lancashire Constabulary,-2.220655,53.845967,On or near Joseph Street,E01025176,Pendle 008C,Other theft,Status update unavailable,
cc5afe4e4ae77729f898aeb87f88dc4ee8c0b72514ad642775e367f0c912fa38,2019-02,Lancashire Constabulary,Lancashire Constabulary,-2.215797,53.853040,On or near West Hill,E01025176,Pendle 008C,Other theft,Status update unavailable,
e3bddb861075dbd5c350dc4165a883fb868dc95e7ebe6ddf704f875c631e5df8,2019-02,Lancashire Constabulary,Lancashire Constabulary,-2.217906,53.849297,On or near Ann Street,E01025176,Pendle 008C,Vehicle crime,Awaiting court outcome,
3ea139223a808bf8ad67f96c35541f15e81991d6586fb02f47299ffc5ecd7fe7,2019-02,Lancashire Constabulary,Lancashire Constabulary,-2.212035,53.854691,On or near Bank House Street,E01025176,Pendle 008C,Violence and sexual offences,Unable to prosecute suspect,
deef506a5115acbef25e2f1c25a6dc031aba0778f2f9a6b0c5092f0ee670f668,2019-02,Lancashire Constabulary,Lancashire Constabulary,-2.216016,53.848285,On or near Wilton Street,E01025176,Pendle 008C,Violence and sexual offences,Status update unavailable,
ce809ca89fb6c62be06d5a7f6fb9032ab36577f3b9808678bdd49628f0354c44,2019-02,Lancashire Constabulary,Lancashire Constabulary,-2.219639,53.846355,On or near May Street,E01025176,Pendle 008C,Violence and sexual offences,Unable to prosecute suspect,
9d1b9e364030946e6a26a22547d2fd94af7c36e221bcd53bdb3c2c81adf48e66,2019-02,Lancashire Constabulary,Lancashire Constabulary,-2.216892,53.847286,On or near Holmefield Gardens,E01025176,Pendle 008C,Violence and sexual offences,Unable to prosecute suspect,
f977c957ab06be090d812c7bb3962bda933bd0ab05f6e27d8f541d61a0a609da,2019-02,Lancashire Constabulary,Lancashire Constabulary,-2.220722,53.847180,On or near Hawthorne Grove,E01025176,Pendle 008C,Violence and sexual offences,Unable to prosecute suspect,
b3d2333c0bd71170291cd23333457dbd4d50117f0c3254cef18d15a7c88cd6b6,2019-02,Lancashire Constabulary,Lancashire Constabulary,-2.219639,53.846355,On or near May Street,E01025176,Pendle 008C,Violence and sexual offences,Unable to prosecute suspect,
7d41a2a7caa3f3fcbc9069288b13ef56e9376abae4033a20a2597f7a21ab2493,2019-02,Lancashire Constabulary,Lancashire Constabulary,-2.209981,53.854264,On or near Parking Area,E01025177,Pendle 008D,Burglary,Status update unavailable,
441e0d576bc675eb4c2060d687a6dbe59ee4a619b4fb720775dd318dc9148e9a,2019-02,Lancashire Constabulary,Lancashire Constabulary,-2.210088,53.857463,On or near Pinfold,E01025177,Pendle 008D,Public order,Offender given penalty notice,
21b140cb35499958ce2bda67327c20cd5981591a0a830d48641ae3d27be8619c,2019-02,Lancashire Constabulary,Lancashire Constabulary,-2.210088,53.857463,On or near Pinfold,E01025177,Pendle 008D,Violence and sexual offences,Unable to prosecute suspect,
02fb6429ad147787918ff647b2c3aefe2eb6cfc989b08b347ec77ad8a3b728ca,2019-02,Lancashire Constabulary,Lancashire Constabulary,-2.209909,53.870172,On or near Willaston Avenue,E01025177,Pendle 008D,Violence and sexual offences,Status update unavailable,
611cc32e72da5690d379d5ad42dbac56e809bd4c70e1aaa7f0a5d813e91bd4e9,2019-02,Lancashire Constabulary,Lancashire Constabulary,-2.270087,53.858520,On or near The Avenue,E01025204,Pendle 008E,Criminal damage and arson,Further investigation is not in the public interest,
24e6e1d6d4084fd61b1a8f61ffb444cdceb10ed12d4e62430fffcb4dc742fdd1,2019-02,Lancashire Constabulary,Lancashire Constabulary,-2.295746,53.823344,On or near West Close Avenue,E01025204,Pendle 008E,Vehicle crime,Status update unavailable,
8f73c1020f7dd971e1c3953fa98acc3cabdd15208af174c574d435591f030bfb,2019-02,Lancashire Constabulary,Lancashire Constabulary,-2.293667,53.823592,On or near Nutter Crescent,E01025204,Pendle 008E,Violence and sexual offences,Unable to prosecute suspect,
cf641a987e72db2177a90f067eaabee32e59cf4b7f8a24346a146ba8b5c9deba,2019-02,Lancashire Constabulary,Lancashire Constabulary,-2.293667,53.823592,On or near Nutter Crescent,E01025204,Pendle 008E,Violence and sexual offences,Unable to prosecute suspect,
,2019-02,Lancashire Constabulary,Lancashire Constabulary,-2.245780,53.838305,On or near Parking Area,E01025211,Pendle 008F,Anti-social behaviour,,
,2019-02,Lancashire Constabulary,Lancashire Constabulary,-2.260230,53.833187,On or near Wheatley Close,E01025211,Pendle 008F,Anti-social behaviour,,
5d75475441c9c15335173713e2d7f0cd42d75a2accfedad86d1c7f3881956ecf,2019-02,Lancashire Constabulary,Lancashire Constabulary,-2.253207,53.837714,On or near Wheatley Lane Road,E01025211,Pendle 008F,Burglary,Status update unavailable,
fdb394bbe686071399a4f7b3ec0d41b96f9510bd1364353165e3853d3f316336,2019-02,Lancashire Constabulary,Lancashire Constabulary,-2.260230,53.833187,On or near Wheatley Close,E01025211,Pendle 008F,Burglary,Status update unavailable,
,2019-02,Lancashire Constabulary,Lancashire Constabulary,-2.208296,53.842573,On or near Regent Place,E01025181,Pendle 009A,Anti-social behaviour,,
,2019-02,Lancashire Constabulary,Lancashire Constabulary,-2.205548,53.843090,On or near Thursby Place,E01025181,Pendle 009A,Anti-social behaviour,,
,2019-02,Lancashire Constabulary,Lancashire Constabulary,-2.205548,53.843090,On or near Thursby Place,E01025181,Pendle 009A,Anti-social behaviour,,
e6d3650c95c6d48f5d764fd9f21a7f5b1b15f0d0c8d6fb0c3dfa14ce2d9c8007,2019-02,Lancashire Constabulary,Lancashire Constabulary,-2.206011,53.844572,On or near Regent Street,E01025181,Pendle 009A,Burglary,Status update unavailable,
8180e9da68558007a94e44801a73553557df992abaa4045a9060b265f18fe7f4,2019-02,Lancashire Constabulary,Lancashire Constabulary,-2.203039,53.849036,On or near Sports/Recreation Area,E01025181,Pendle 009A,Other theft,Status update unavailable,
81e62fa154a1ffb83821bdef902d2ec9bb1506eb16ab226d7e1f5e1140b86cf0,2019-02,Lancashire Constabulary,Lancashire Constabulary,-2.208296,53.842573,On or near Regent Place,E01025181,Pendle 009A,Vehicle crime,Status update unavailable,
2709bb2da387769eb1ec878b2072cd816096fef6fee53b73db8df273d2d71602,2019-02,Lancashire Constabulary,Lancashire Constabulary,-2.206209,53.847736,On or near Cravendale Avenue,E01025181,Pendle 009A,Violence and sexual offences,Unable to prosecute suspect,
7d49ade43841ea80e1851e9d1d4fee53a19be8c800f252e9a0b6f93dcd10acdd,2019-02,Lancashire Constabulary,Lancashire Constabulary,-2.207301,53.847231,On or near Highfield Crescent,E01025181,Pendle 009A,Violence and sexual offences,Status update unavailable,
f61e7f77833f0a4405d820e8beac7e89e75fd654a3c12dc0709e3ff530a4dbb4,2019-02,Lancashire Constabulary,Lancashire Constabulary,-2.207301,53.847231,On or near Highfield Crescent,E01025181,Pendle 009A,Violence and sexual offences,Unable to prosecute suspect,
,2019-02,Lancashire Constabulary,Lancashire Constabulary,-2.219215,53.840900,On or near Chatham Street,E01025182,Pendle 009B,Anti-social behaviour,,
,2019-02,Lancashire Constabulary,Lancashire Constabulary,-2.209490,53.838212,On or near William Street,E01025182,Pendle 009B,Anti-social behaviour,,
,2019-02,Lancashire Constabulary,Lancashire Constabulary,-2.213973,53.838087,On or near Pollard Street,E01025182,Pendle 009B,Anti-social behaviour,,
,2019-02,Lancashire Constabulary,Lancashire Constabulary,-2.214133,53.839723,On or near Seedhill Terrace,E01025182,Pendle 009B,Anti-social behaviour,,
,2019-02,Lancashire Constabulary,Lancashire Constabulary,-2.221193,53.844213,On or near Further/Higher Educational Building,E01025182,Pendle 009B,Anti-social behaviour,,
,2019-02,Lancashire Constabulary,Lancashire Constabulary,-2.212811,53.836714,On or near Holme Street,E01025182,Pendle 009B,Anti-social behaviour,,
e96217096ff0bea69a1633c0f367d37437d3feb29430e481e7bb9cd9b1f5c5d2,2019-02,Lancashire Constabulary,Lancashire Constabulary,-2.217929,53.841999,On or near Scott Street,E01025182,Pendle 009B,Other theft,Status update unavailable,
daaa5092487bd5a7575ec27d0b0a9a8646d0605e84268964e4c03ff5f53e04bb,2019-02,Lancashire Constabulary,Lancashire Constabulary,-2.220500,53.842587,On or near Surrey Road,E01025182,Pendle 009B,Other theft,Status update unavailable,
a052571f5757bf396cdcc34d711c99edcc86dc062a47f4d8577708f8fa46c292,2019-02,Lancashire Constabulary,Lancashire Constabulary,-2.210264,53.837905,On or near Stansfield Street,E01025182,Pendle 009B,Other theft,Status update unavailable,
ed33dd4d7083ac2e1524ceed1f2a0801ef97b568bc5ae2b546ff42ff79d7ca42,2019-02,Lancashire Constabulary,Lancashire Constabulary,-2.209490,53.838212,On or near William Street,E01025182,Pendle 009B,Public order,Further investigation is not in the public interest,
21fe40cd8ea9745c31e6a9d6e5a05ba7d92e6e4566a9befa6b39c90c875fa8d9,2019-02,Lancashire Constabulary,Lancashire Constabulary,-2.212811,53.836714,On or near Holme Street,E01025182,Pendle 009B,Public order,Status update unavailable,
770875eb9254e05b008141e8ab70f9f6885d02ea69eaa9864c5d02a5bb7ef2ee,2019-02,Lancashire Constabulary,Lancashire Constabulary,-2.217929,53.841999,On or near Scott Street,E01025182,Pendle 009B,Public order,Status update unavailable,
32ec4cd4a87d4312e8d9939d785902e25c70143e48f86bf4224d55023bd20fc9,2019-02,Lancashire Constabulary,Lancashire Constabulary,-2.221193,53.844213,On or near Further/Higher Educational Building,E01025182,Pendle 009B,Public order,Status update unavailable,
66416e92a269cea81f8bb5e94860ec0b6e0e8afdc80a528b3dd48374e4029f1a,2019-02,Lancashire Constabulary,Lancashire Constabulary,-2.212989,53.838988,On or near Oak Street,E01025182,Pendle 009B,Public order,Status update unavailable,
1c0980e2936271ee5c7d0b79489dcb5d17405777f10b01286a4700f18170d46d,2019-02,Lancashire Constabulary,Lancashire Constabulary,-2.212811,53.836714,On or near Holme Street,E01025182,Pendle 009B,Shoplifting,Status update unavailable,
8f6da7ca359f1d0413022cf49acc061f899bcf34997df7baefb10c9004e61fc0,2019-02,Lancashire Constabulary,Lancashire Constabulary,-2.212811,53.836714,On or near Holme Street,E01025182,Pendle 009B,Shoplifting,Local resolution,
44c064a31f8d7142756a3e52c9283e9c5ae98184955f868ac0e2f1c60dc2e9bd,2019-02,Lancashire Constabulary,Lancashire Constabulary,-2.212811,53.836714,On or near Holme Street,E01025182,Pendle 009B,Shoplifting,Status update unavailable,
6bfc81960e807785cef946d08c061a22768de8cbd7b3b4ac1d9804f6c89d4ef5,2019-02,Lancashire Constabulary,Lancashire Constabulary,-2.212811,53.836714,On or near Holme Street,E01025182,Pendle 009B,Shoplifting,Status update unavailable,
95de6d99781d21e2ca3c2ab4d5bd1069101b87c6e6608cd083ae6d43b0508276,2019-02,Lancashire Constabulary,Lancashire Constabulary,-2.214906,53.839407,On or near Every Street,E01025182,Pendle 009B,Vehicle crime,Status update unavailable,
c7345aedcf0fba0786edc27a8a89e076260884f4fe04cb50212cc95e6a1bc215,2019-02,Lancashire Constabulary,Lancashire Constabulary,-2.211064,53.836870,On or near Park/Open Space,E01025182,Pendle 009B,Vehicle crime,Status update unavailable,
25a7c7b562ee7f973155b455992d1d53d05e0c3ec50b342e08961baf7ebd28e6,2019-02,Lancashire Constabulary,Lancashire Constabulary,-2.210264,53.837905,On or near Stansfield Street,E01025182,Pendle 009B,Violence and sexual offences,Unable to prosecute suspect,
0fc306f027c7473bc88d127f2c5461f741bccffe0580241e5c47f31e2291b8ba,2019-02,Lancashire Constabulary,Lancashire Constabulary,-2.209490,53.838212,On or near William Street,E01025182,Pendle 009B,Violence and sexual offences,Status update unavailable,
cda7b84318ebbd1417c4420fbf273552506e160c0e62c587a970d7159d64c31a,2019-02,Lancashire Constabulary,Lancashire Constabulary,-2.217929,53.841999,On or near Scott Street,E01025182,Pendle 009B,Violence and sexual offences,Status update unavailable,
8ced468e2221f0479e0bae31060089e7bc580d3d89f0f6c15c3c4c0eeffb7833,2019-02,Lancashire Constabulary,Lancashire Constabulary,-2.221193,53.844213,On or near Further/Higher Educational Building,E01025182,Pendle 009B,Violence and sexual offences,Status update unavailable,
,2019-02,Lancashire Constabulary,Lancashire Constabulary,-2.202263,53.842584,On or near Fulham Street,E01025183,Pendle 009C,Anti-social behaviour,,
,2019-02,Lancashire Constabulary,Lancashire Constabulary,-2.202263,53.842584,On or near Fulham Street,E01025183,Pendle 009C,Anti-social behaviour,,
,2019-02,Lancashire Constabulary,Lancashire Constabulary,-2.205007,53.841204,On or near Priory Street,E01025183,Pendle 009C,Anti-social behaviour,,
,2019-02,Lancashire Constabulary,Lancashire Constabulary,-2.201258,53.845309,On or near Lansbury Place,E01025183,Pendle 009C,Anti-social behaviour,,
,2019-02,Lancashire Constabulary,Lancashire Constabulary,-2.206288,53.842181,On or near Rutland Street,E01025183,Pendle 009C,Anti-social behaviour,,
642cc0849ba02b2bf19a0949581d35ef6cd424f0cc55e633c35003c3d7241497,2019-02,Lancashire Constabulary,Lancashire Constabulary,-2.202263,53.842584,On or near Fulham Street,E01025183,Pendle 009C,Criminal damage and arson,Offender ordered to pay compensation,
fe99fdb2477f71cec80183b6a4a2550c52cc0e984b1ec1ba42ae0e8798dfb247,2019-02,Lancashire Constabulary,Lancashire Constabulary,-2.203385,53.842024,On or near Eagle Street,E01025183,Pendle 009C,Criminal damage and arson,Status update unavailable,
b1b2caadf0a508411756d201606200b6fcc98b8ecfd6fcaff2ccd5f56a94c289,2019-02,Lancashire Constabulary,Lancashire Constabulary,-2.203385,53.842024,On or near Eagle Street,E01025183,Pendle 009C,Other theft,Status update unavailable,
0a2a8860a3493fc1ee6c0bc3b5ca47ded742bc21a757c951fa19d05aef587d4e,2019-02,Lancashire Constabulary,Lancashire Constabulary,-2.202263,53.842584,On or near Fulham Street,E01025183,Pendle 009C,Other theft,Status update unavailable,
2990e2916217122932c20f52e597545131e9a1dbef94d411074b38b78de48a57,2019-02,Lancashire Constabulary,Lancashire Constabulary,-2.204652,53.840162,On or near Hallam Road,E01025183,Pendle 009C,Violence and sexual offences,Local resolution,
519908f93f104fd119f7c64e67ea6eb7be590e0eae558e1b09edfa83e00e3be1,2019-02,Lancashire Constabulary,Lancashire Constabulary,-2.204311,53.841897,On or near Raven Street,E01025183,Pendle 009C,Violence and sexual offences,Status update unavailable,
e67fa399f67fc9d5859793d0a3aea0b292866d2cd1bb2ed8bc694ea460b3d2d1,2019-02,Lancashire Constabulary,Lancashire Constabulary,-2.206288,53.842181,On or near Rutland Street,E01025183,Pendle 009C,Violence and sexual offences,Status update unavailable,
8648e45cb31d073e742d01fb0e67cc458ebdfbbace67d26162293aa991f096b7,2019-02,Lancashire Constabulary,Lancashire Constabulary,-2.206288,53.842181,On or near Rutland Street,E01025183,Pendle 009C,Other crime,Unable to prosecute suspect,
,2019-02,Lancashire Constabulary,Lancashire Constabulary,-2.208408,53.840524,On or near Bankhouse Road,E01025184,Pendle 009D,Anti-social behaviour,,
,2019-02,Lancashire Constabulary,Lancashire Constabulary,-2.209146,53.839273,On or near Elm Street,E01025184,Pendle 009D,Anti-social behaviour,,
,2019-02,Lancashire Constabulary,Lancashire Constabulary,-2.209146,53.839273,On or near Elm Street,E01025184,Pendle 009D,Anti-social behaviour,,
,2019-02,Lancashire Constabulary,Lancashire Constabulary,-2.208408,53.840524,On or near Bankhouse Road,E01025184,Pendle 009D,Anti-social behaviour,,
,2019-02,Lancashire Constabulary,Lancashire Constabulary,-2.208595,53.841584,On or near Dover Street,E01025184,Pendle 009D,Anti-social behaviour,,
,2019-02,Lancashire Constabulary,Lancashire Constabulary,-2.207564,53.838952,On or near Harvey Street,E01025184,Pendle 009D,Anti-social behaviour,,
9276a811cc768d6a959a690553a29cf5a7b038874325615aabfc6305462eb5fb,2019-02,Lancashire Constabulary,Lancashire Constabulary,-2.209146,53.839273,On or near Elm Street,E01025184,Pendle 009D,Public order,Unable to prosecute suspect,
41adac11d5de59a656bf9c082a99f37ffc41c1344959bbdbd90736d50a521167,2019-02,Lancashire Constabulary,Lancashire Constabulary,-2.208408,53.840524,On or near Bankhouse Road,E01025184,Pendle 009D,Public order,Status update unavailable,
f315d5ab8e22ce4d3cb39ad0909ccb2839a8c13b092badbfa609489f1af0b723,2019-02,Lancashire Constabulary,Lancashire Constabulary,-2.208408,53.840524,On or near Bankhouse Road,E01025184,Pendle 009D,Violence and sexual offences,Unable to prosecute suspect,
145d7016256cead6776a0945a9270db6c41ab6f500314d8ada747450e716b0b7,2019-02,Lancashire Constabulary,Lancashire Constabulary,-2.210248,53.840772,On or near Cliffe Street,E01025184,Pendle 009D,Violence and sexual offences,Status update unavailable,
d2d4a6662e27abf0538ce178514071d427f78e4e8ea3e02e3706d194fcd1fc72,2019-02,Lancashire Constabulary,Lancashire Constabulary,-2.206787,53.841677,On or near Cumberland Street,E01025184,Pendle 009D,Violence and sexual offences,Awaiting court outcome,
596eac9914aaefae43f1c82145d534803c86385c8e2bfcbc19420f4bb213ccc8,2019-02,Lancashire Constabulary,Lancashire Constabulary,-2.209915,53.841114,On or near Crawford Street,E01025184,Pendle 009D,Violence and sexual offences,Status update unavailable,
3a87e1d829b2d72a17ca5b87a96eb5986cb91c2050caaf2434ade28dbfa8b061,2019-02,Lancashire Constabulary,Lancashire Constabulary,-2.208408,53.840524,On or near Bankhouse Road,E01025184,Pendle 009D,Violence and sexual offences,Unable to prosecute suspect,
dfcf36c83cba2cffdcc985f915cdcdd0d4904028397a487a93761fb22c67a7c1,2019-02,Lancashire Constabulary,Lancashire Constabulary,-2.207564,53.838952,On or near Harvey Street,E01025184,Pendle 009D,Violence and sexual offences,Status update unavailable,
47a71f669e6dd860e5dede27a72afd3e509f416433dbd39ed8e84dd8dfcddeac,2019-02,Lancashire Constabulary,Lancashire Constabulary,-2.207267,53.840301,On or near Hey Street,E01025184,Pendle 009D,Violence and sexual offences,Status update unavailable,
db275bf3a880d958848788e2e83f125b58c1b58028491c11deffd6fedc8f98c3,2019-02,Lancashire Constabulary,Lancashire Constabulary,-2.207267,53.840301,On or near Hey Street,E01025184,Pendle 009D,Violence and sexual offences,Status update unavailable,
,2019-02,Lancashire Constabulary,Lancashire Constabulary,-2.211441,53.830335,On or near Napier Street,E01025188,Pendle 010A,Anti-social behaviour,,
,2019-02,Lancashire Constabulary,Lancashire Constabulary,-2.209293,53.829179,On or near Beech Tree Close,E01025188,Pendle 010A,Anti-social behaviour,,
,2019-02,Lancashire Constabulary,Lancashire Constabulary,-2.209030,53.834276,On or near Garden Street,E01025188,Pendle 010A,Anti-social behaviour,,
,2019-02,Lancashire Constabulary,Lancashire Constabulary,-2.209678,53.830194,On or near Berkeley Close,E01025188,Pendle 010A,Anti-social behaviour,,
40f2e638faff284eaf900c82f37a4341ec46125118096483f2309cbcf4a5c177,2019-02,Lancashire Constabulary,Lancashire Constabulary,-2.209678,53.830194,On or near Berkeley Close,E01025188,Pendle 010A,Burglary,Status update unavailable,
6e9b1dd1b90614edee97cef4dede5af224aa9503d45406042781e119d17df04b,2019-02,Lancashire Constabulary,Lancashire Constabulary,-2.209858,53.832693,On or near Carleton Street,E01025188,Pendle 010A,Criminal damage and arson,Status update unavailable,
f997683e21c3074f4f037feda1994e3c8917b76c7cf8fed750adac3599de1ce0,2019-02,Lancashire Constabulary,Lancashire Constabulary,-2.210285,53.833043,On or near Vernon Street,E01025188,Pendle 010A,Drugs,Unable to prosecute suspect,
e83ac7de5914255f350af01b8a69ec4ed4787e223468dda0a7782f3401cff04b,2019-02,Lancashire Constabulary,Lancashire Constabulary,-2.212450,53.834486,On or near Hardy Court,E01025188,Pendle 010A,Other theft,Unable to prosecute suspect,
5a13f3a8fc66eff06a3508d3050191dd4e099e1f19e591ffb86250c627363580,2019-02,Lancashire Constabulary,Lancashire Constabulary,-2.210996,53.835459,On or near Netherfield Road,E01025188,Pendle 010A,Other theft,Status update unavailable,
75668b7d7faa5a929c0549953a7121295fb0162777b06a8652fc484001fdc5da,2019-02,Lancashire Constabulary,Lancashire Constabulary,-2.210996,53.835459,On or near Netherfield Road,E01025188,Pendle 010A,Other theft,Status update unavailable,
dd5445891ced6943d4ce9029e955d8100dec95dbc5d7443dcb9d689749862abe,2019-02,Lancashire Constabulary,Lancashire Constabulary,-2.210996,53.835459,On or near Netherfield Road,E01025188,Pendle 010A,Other theft,Status update unavailable,
ba185eb51fa1671099f2867ed20fcdc24b388d3cc16205d3f0fd1c765e12bd26,2019-02,Lancashire Constabulary,Lancashire Constabulary,-2.208255,53.831186,On or near Selby Street,E01025188,Pendle 010A,Public order,Status update unavailable,
cfeb63c56309e309d79bf24ac6a148cfb3a3e7184efa3ca0ff5e007acbc8f3e6,2019-02,Lancashire Constabulary,Lancashire Constabulary,-2.208255,53.831186,On or near Selby Street,E01025188,Pendle 010A,Public order,Status update unavailable,
cb22cdd80c3f3a2a7dbc8cbaad039d61d5674ac2a5299212c6f1b6d63fad9fa5,2019-02,Lancashire Constabulary,Lancashire Constabulary,-2.210285,53.833043,On or near Vernon Street,E01025188,Pendle 010A,Violence and sexual offences,Unable to prosecute suspect,
f5a8fad93d44ded392730c94f1d43937a5779ee40a063726c6befb87e6cf37fc,2019-02,Lancashire Constabulary,Lancashire Constabulary,-2.209858,53.832693,On or near Carleton Street,E01025188,Pendle 010A,Violence and sexual offences,Formal action is not in the public interest,
34662164e33713b7dcb0c9a5dde66015297041d8ad798398cc82cbb6d012a228,2019-02,Lancashire Constabulary,Lancashire Constabulary,-2.210491,53.831622,On or near Chapel House Road,E01025188,Pendle 010A,Violence and sexual offences,Unable to prosecute suspect,
0d45bf0778aac0c7b9bd4f8580cbc67c2204e7f1a6111c2a2ae05cb95b401a1c,2019-02,Lancashire Constabulary,Lancashire Constabulary,-2.208255,53.831186,On or near Selby Street,E01025188,Pendle 010A,Violence and sexual offences,Unable to prosecute suspect,
74b173ed653144a88f8c2259a31639aaf5e9dc2372ace7afe66ebb85ebd092ac,2019-02,Lancashire Constabulary,Lancashire Constabulary,-2.210285,53.833043,On or near Vernon Street,E01025188,Pendle 010A,Violence and sexual offences,Unable to prosecute suspect,
,2019-02,Lancashire Constabulary,Lancashire Constabulary,-2.200159,53.831748,On or near Wenning Street,E01025189,Pendle 010B,Anti-social behaviour,,
,2019-02,Lancashire Constabulary,Lancashire Constabulary,-2.205002,53.834049,On or near Ash Street,E01025189,Pendle 010B,Anti-social behaviour,,
,2019-02,Lancashire Constabulary,Lancashire Constabulary,-2.199838,53.831380,On or near Wickworth Street,E01025189,Pendle 010B,Anti-social behaviour,,
,2019-02,Lancashire Constabulary,Lancashire Constabulary,-2.206345,53.832160,On or near Sports/Recreation Area,E01025189,Pendle 010B,Anti-social behaviour,,
,2019-02,Lancashire Constabulary,Lancashire Constabulary,-2.208080,53.832597,On or near Fern Bank,E01025189,Pendle 010B,Anti-social behaviour,,
,2019-02,Lancashire Constabulary,Lancashire Constabulary,-2.200159,53.831748,On or near Wenning Street,E01025189,Pendle 010B,Anti-social behaviour,,
,2019-02,Lancashire Constabulary,Lancashire Constabulary,-2.200159,53.831748,On or near Wenning Street,E01025189,Pendle 010B,Anti-social behaviour,,
bcef2ad16e46aa089de75682cdd8d4a07456ec5753c35b1cb0f96e2074ee1c06,2019-02,Lancashire Constabulary,Lancashire Constabulary,-2.203837,53.828865,On or near Pilgrim Street,E01025189,Pendle 010B,Criminal damage and arson,Status update unavailable,
750fdce6bfc3858e2529799bd4e8a4185f7281fd78ed79b7932691ffdf366bc7,2019-02,Lancashire Constabulary,Lancashire Constabulary,-2.207763,53.833128,On or near Day Street,E01025189,Pendle 010B,Criminal damage and arson,Status update unavailable,
93b0d1ed9c540c51c8bccef13fa719cca5abae3e13129627db316a951364a2f5,2019-02,Lancashire Constabulary,Lancashire Constabulary,-2.202334,53.828976,On or near Lily Street,E01025189,Pendle 010B,Criminal damage and arson,Further investigation is not in the public interest,
6c68ecc16c66b0a4add76ec424a05e8453989f9a652305b84bf90cfe79ab5d91,2019-02,Lancashire Constabulary,Lancashire Constabulary,-2.207722,53.830908,On or near Hawarden Street,E01025189,Pendle 010B,Other theft,Status update unavailable,
89b7b256787c326725677efc4bc0ef3bde08da52196fe0d2e9f40e0c604c0d79,2019-02,Lancashire Constabulary,Lancashire Constabulary,-2.205040,53.829331,On or near Hunslet Street,E01025189,Pendle 010B,Violence and sexual offences,Further investigation is not in the public interest,
737f78f921421496e3e2ad25d3ed0f9c5daa9992d23cf97f02c05f0cb709c6d0,2019-02,Lancashire Constabulary,Lancashire Constabulary,-2.206781,53.831179,On or near Brunswick Street,E01025189,Pendle 010B,Violence and sexual offences,Status update unavailable,
ba12b825396faa92ab31fc5f3572a856147cf0b3bbe79f67ad3252e3e03cb9a6,2019-02,Lancashire Constabulary,Lancashire Constabulary,-2.203813,53.830178,On or near Moore Street,E01025189,Pendle 010B,Violence and sexual offences,Unable to prosecute suspect,
1e061885805c12d04f957a472c8c683dd55d1448047f7373b953abdbb26a2974,2019-02,Lancashire Constabulary,Lancashire Constabulary,-2.204531,53.830976,On or near Vaughan Street,E01025189,Pendle 010B,Violence and sexual offences,Awaiting court outcome,
114a2e7737ceef778d5ef01ce8c999f7f20b8f7644a2ac8e688e431a612d9a6f,2019-02,Lancashire Constabulary,Lancashire Constabulary,-2.203837,53.828865,On or near Pilgrim Street,E01025189,Pendle 010B,Violence and sexual offences,Local resolution,
596aacb5dfab641c1d94397fc53268ad0355c00c70139a7def4c27b9ad6ec360,2019-02,Lancashire Constabulary,Lancashire Constabulary,-2.203837,53.828865,On or near Pilgrim Street,E01025189,Pendle 010B,Violence and sexual offences,Status update unavailable,
4fda9a6da741e9d03a0eed98eb8727988abdf0ec94dd6990b268a30cf97dc339,2019-02,Lancashire Constabulary,Lancashire Constabulary,-2.203837,53.828865,On or near Pilgrim Street,E01025189,Pendle 010B,Violence and sexual offences,Unable to prosecute suspect,
26045c001c81ef5201e1f1e3f9814acf8b80c9aeb2f28e11d9aa355000a4bd34,2019-02,Lancashire Constabulary,Lancashire Constabulary,-2.204531,53.830976,On or near Vaughan Street,E01025189,Pendle 010B,Violence and sexual offences,Further investigation is not in the public interest,
f71160966dc617516a2ebeccc6ac30b7f0a56022aca669c7e7b2cc593ab76ab5,2019-02,Lancashire Constabulary,Lancashire Constabulary,-2.204531,53.830976,On or near Vaughan Street,E01025189,Pendle 010B,Violence and sexual offences,Unable to prosecute suspect,
38bcdb40be5faf29c58bea4e821fb13296bb4d720f49d01fffc656f8a3b7380a,2019-02,Lancashire Constabulary,Lancashire Constabulary,-2.203837,53.828865,On or near Pilgrim Street,E01025189,Pendle 010B,Violence and sexual offences,Status update unavailable,
b18fdddb77447531d8529609d571f0b566c19e1e04acf3759818590667c31fe9,2019-02,Lancashire Constabulary,Lancashire Constabulary,-2.206781,53.831179,On or near Brunswick Street,E01025189,Pendle 010B,Violence and sexual offences,Status update unavailable,
,2019-02,Lancashire Constabulary,Lancashire Constabulary,-2.198413,53.841655,On or near Mayfair Road,E01025210,Pendle 010C,Anti-social behaviour,,
,2019-02,Lancashire Constabulary,Lancashire Constabulary,-2.196749,53.839977,On or near Brentwood Road,E01025210,Pendle 010C,Anti-social behaviour,,
,2019-02,Lancashire Constabulary,Lancashire Constabulary,-2.195169,53.840097,On or near Lynthorpe Road,E01025210,Pendle 010C,Anti-social behaviour,,
104b7a67c9740cc8e9d6f75d47fa4d5942c3bcf8aff2e26b6794c1e0904e869f,2019-02,Lancashire Constabulary,Lancashire Constabulary,-2.199350,53.843793,On or near Sheridan Street,E01025210,Pendle 010C,Burglary,Status update unavailable,
6cefe19b0bc4af583369b18fe565ab25e3bae9b21eac5e7f6c8845e71141432b,2019-02,Lancashire Constabulary,Lancashire Constabulary,-2.199350,53.843793,On or near Sheridan Street,E01025210,Pendle 010C,Criminal damage and arson,Unable to prosecute suspect,
4103e4561fcf526c1ad15f0002cff8c32788978f2d480ed6baf84c80f2206bf1,2019-02,Lancashire Constabulary,Lancashire Constabulary,-2.198715,53.841277,On or near Malvern Road,E01025210,Pendle 010C,Criminal damage and arson,Status update unavailable,
1e7e193cb72096c7a79f4b37dfd617f2a8cd03d065cafca2a4e27c6c013b071f,2019-02,Lancashire Constabulary,Lancashire Constabulary,-2.198715,53.841277,On or near Malvern Road,E01025210,Pendle 010C,Criminal damage and arson,Unable to prosecute suspect,
da1ee2aa2656a223c601f3c5ed972450b191cf2c73e6ae80b4a912ee95f70d01,2019-02,Lancashire Constabulary,Lancashire Constabulary,-2.198715,53.841277,On or near Malvern Road,E01025210,Pendle 010C,Other theft,Status update unavailable,
356bd72d8207efcd49d2d2970b67db22ce39d9a529d30fe1f1ba52d1ea5dd63e,2019-02,Lancashire Constabulary,Lancashire Constabulary,-2.198498,53.840388,On or near Glenfield Road,E01025210,Pendle 010C,Other theft,Status update unavailable,
319bbd23522fbe8c6f1b897c06b83c33ad85818abd9789aa00b19b572e57f0d4,2019-02,Lancashire Constabulary,Lancashire Constabulary,-2.196749,53.839977,On or near Brentwood Road,E01025210,Pendle 010C,Public order,Offender fined,
bd704cd4866b9021b5fba2d824f0059f14730eb3aadf1cbb30b44bd9214bd02e,2019-02,Lancashire Constabulary,Lancashire Constabulary,-2.198413,53.841655,On or near Mayfair Road,E01025210,Pendle 010C,Vehicle crime,Status update unavailable,
ab12b17e191c22c1c865772aa6c3554d89e3ac7f726db6997027ad4974bdbc60,2019-02,Lancashire Constabulary,Lancashire Constabulary,-2.196690,53.840454,On or near Berriedale Road,E01025210,Pendle 010C,Vehicle crime,Status update unavailable,
922d554b7bb58f2d295f9352d39ff7751ff7b865a639978f6f2a6a62163acca1,2019-02,Lancashire Constabulary,Lancashire Constabulary,-2.197073,53.841046,On or near Helmsdale Road,E01025210,Pendle 010C,Violence and sexual offences,Status update unavailable,
ffce6e310dcb1a3baef3b180d444c5f15330cbca49dc24f423ea73b4ce1cf965,2019-02,Lancashire Constabulary,Lancashire Constabulary,-2.198413,53.841655,On or near Mayfair Road,E01025210,Pendle 010C,Violence and sexual offences,Status update unavailable,
9bcfe032db0ed8be9eacb673733c3c6447959b1e748f510392ce685cbb7a8044,2019-02,Lancashire Constabulary,Lancashire Constabulary,-2.197879,53.844361,On or near Alexander Street,E01025210,Pendle 010C,Violence and sexual offences,Status update unavailable,
ee9839f6505c1f513f589da1c8434e3b1106009461191e7cfa03401e78a99c18,2019-02,Lancashire Constabulary,Lancashire Constabulary,-2.191740,53.844641,On or near Coppice Close,E01025210,Pendle 010C,Violence and sexual offences,Status update unavailable,
b85dd1608c6af78e39b4c0ae416cf6267258fc853d00a043db3bce5c7b13c506,2019-02,Lancashire Constabulary,Lancashire Constabulary,-2.203042,53.840236,On or near Grafton Street,E01025210,Pendle 010C,Violence and sexual offences,Unable to prosecute suspect,
,2019-02,Lancashire Constabulary,Lancashire Constabulary,-2.202974,53.835752,On or near Ormerod Street,E01025217,Pendle 010D,Anti-social behaviour,,
,2019-02,Lancashire Constabulary,Lancashire Constabulary,-2.201434,53.834622,On or near Manor Street,E01025217,Pendle 010D,Anti-social behaviour,,
,2019-02,Lancashire Constabulary,Lancashire Constabulary,-2.204326,53.835578,On or near Larch Street,E01025217,Pendle 010D,Anti-social behaviour,,
051a296be4ff38504520ab9d766523f5c5757d60990a47977e878d34eab622f0,2019-02,Lancashire Constabulary,Lancashire Constabulary,-2.203057,53.837198,On or near Edith Street,E01025217,Pendle 010D,Burglary,Status update unavailable,
ef814ef2aa335d1cb951dcb0b002851c6c1571b552e42eeb165b9c6a50f9568c,2019-02,Lancashire Constabulary,Lancashire Constabulary,-2.200367,53.837095,On or near Williams Place,E01025217,Pendle 010D,Burglary,Status update unavailable,
176bf10ccc00a5b064f4afa05e5c1f9b47e5ca4f918b7fb3d35fb15ba43fa830,2019-02,Lancashire Constabulary,Lancashire Constabulary,-2.204389,53.836091,On or near Fir Street,E01025217,Pendle 010D,Burglary,Status update unavailable,
9887b241a4ba429fbd54a499dde55f577324ed78532fb379906c29f40d092dab,2019-02,Lancashire Constabulary,Lancashire Constabulary,-2.200367,53.837095,On or near Williams Place,E01025217,Pendle 010D,Burglary,Status update unavailable,
60d639041a7a02b7e0a1913dbaa72cac5591fe9dfcb806b64558edfbd00c2e3c,2019-02,Lancashire Constabulary,Lancashire Constabulary,-2.200367,53.837095,On or near Williams Place,E01025217,Pendle 010D,Burglary,Status update unavailable,
3ad53ce01acc3d07aa1f49a87344c79ca5b1ad339e81ba2d7067c1fdfc52f21f,2019-02,Lancashire Constabulary,Lancashire Constabulary,-2.204535,53.834895,On or near Bracewell Street,E01025217,Pendle 010D,Other theft,Status update unavailable,
7f9b05adee20244b902dfce58851b76a61015a3a074edf6db42e54eedad9f116,2019-02,Lancashire Constabulary,Lancashire Constabulary,-2.201985,53.835340,On or near Castle Street,E01025217,Pendle 010D,Violence and sexual offences,Status update unavailable,
1af6fa72e0bde5d97426b0b2f484381a71b45770e3031fd417233ebe3424a299,2019-02,Lancashire Constabulary,Lancashire Constabulary,-2.204535,53.834895,On or near Bracewell Street,E01025217,Pendle 010D,Violence and sexual offences,Unable to prosecute suspect,
330641896e03df94afb9bff032194e5e0553dd79bcf21f85c330007628eab36e,2019-02,Lancashire Constabulary,Lancashire Constabulary,-2.201434,53.834622,On or near Manor Street,E01025217,Pendle 010D,Violence and sexual offences,Status update unavailable,
,2019-02,Lancashire Constabulary,Lancashire Constabulary,-2.202049,53.832868,On or near Fletcher Street,E01025218,Pendle 010E,Anti-social behaviour,,
,2019-02,Lancashire Constabulary,Lancashire Constabulary,-2.208645,53.836326,On or near Netherfield Road,E01025218,Pendle 010E,Anti-social behaviour,,
,2019-02,Lancashire Constabulary,Lancashire Constabulary,-2.208270,53.837288,On or near Newfield Drive,E01025218,Pendle 010E,Anti-social behaviour,,
,2019-02,Lancashire Constabulary,Lancashire Constabulary,-2.208270,53.837288,On or near Newfield Drive,E01025218,Pendle 010E,Anti-social behaviour,,
,2019-02,Lancashire Constabulary,Lancashire Constabulary,-2.203042,53.833963,On or near Southfield Square,E01025218,Pendle 010E,Anti-social behaviour,,
d3541a653c6ecea9d9770cc281b0653696cdea015f6d81520844ae318107aedb,2019-02,Lancashire Constabulary,Lancashire Constabulary,-2.207352,53.836131,On or near Bracewell Close,E01025218,Pendle 010E,Drugs,Local resolution,
3ec1aeffb3c5d9dede9561f6cb2f751bc9fdd94545f49c024b4d61958e8c95a5,2019-02,Lancashire Constabulary,Lancashire Constabulary,-2.204588,53.836459,On or near Roberts Street,E01025218,Pendle 010E,Other theft,Unable to prosecute suspect,
da3be1f4f5c0cd43c26a351ac02882bffb8a36a0e41a4486334305648c7e1e66,2019-02,Lancashire Constabulary,Lancashire Constabulary,-2.208270,53.837288,On or near Newfield Drive,E01025218,Pendle 010E,Other theft,Status update unavailable,
45086c4a3abea2e0d06bbce728c4a78028c891a2557f328dac8b11f84cf87d93,2019-02,Lancashire Constabulary,Lancashire Constabulary,-2.207352,53.836131,On or near Bracewell Close,E01025218,Pendle 010E,Other theft,Status update unavailable,
2bd560c1955bb13acbb00a5518d4e9191bbb860eeddcb731e2b530a0c7b7115a,2019-02,Lancashire Constabulary,Lancashire Constabulary,-2.208645,53.836326,On or near Netherfield Road,E01025218,Pendle 010E,Violence and sexual offences,Unable to prosecute suspect,
,2019-02,Lancashire Constabulary,Lancashire Constabulary,-2.206174,53.837490,On or near Wren Street,E01025219,Pendle 010F,Anti-social behaviour,,
bd9b4c73ecef9c5676aa7f47fb69c044a173b6ab2c4affdf48e54f09cad7a72e,2019-02,Lancashire Constabulary,Lancashire Constabulary,-2.201057,53.838433,On or near Tavistock Street,E01025219,Pendle 010F,Burglary,Status update unavailable,
fe712876323cdcf7e57246cc8b79efe6c83a31bffa112653762db556f2d6b988,2019-02,Lancashire Constabulary,Lancashire Constabulary,-2.204289,53.837367,On or near Pine Street,E01025219,Pendle 010F,Burglary,Status update unavailable,
73e0144b5ec2c00bfdaac4772462294195a11283969d537533af3b37cf84670a,2019-02,Lancashire Constabulary,Lancashire Constabulary,-2.202760,53.838664,On or near Earl Street,E01025219,Pendle 010F,Burglary,Status update unavailable,
c0c57aec169961bfb26ddd71b14e79b8cd2f982dab52f77289b378bb2b961964,2019-02,Lancashire Constabulary,Lancashire Constabulary,-2.201491,53.837048,On or near Vincent Road,E01025219,Pendle 010F,Criminal damage and arson,Unable to prosecute suspect,
f4bc1db0d3992b993c11e2dada533483af9f58f1230620bb1e39d50ba36b6bb1,2019-02,Lancashire Constabulary,Lancashire Constabulary,-2.201491,53.837048,On or near Vincent Road,E01025219,Pendle 010F,Drugs,Awaiting court outcome,
4ced3c9968d9bd21e8605c071e0902b3a6f6ab78ebcefbb4375ca06c62e1685e,2019-02,Lancashire Constabulary,Lancashire Constabulary,-2.205022,53.838058,On or near Malvern Court,E01025219,Pendle 010F,Other theft,Status update unavailable,
acc35db9b6318236ce0bd91e2a0eab4344a6472d65e3f49e69c07300487996fe,2019-02,Lancashire Constabulary,Lancashire Constabulary,-2.202634,53.837720,On or near Woodlands Road,E01025219,Pendle 010F,Other theft,Investigation complete; no suspect identified,
273a9bcd036fce84086106a43038536fd6fb5a52645d6c8ccee40b57a60af365,2019-02,Lancashire Constabulary,Lancashire Constabulary,-2.202441,53.838629,On or near Rhoda Street,E01025219,Pendle 010F,Other theft,Status update unavailable,
e448af80c672aa0a2bfed210e371adff1649fd71136dc341f5e86cfc8d525e71,2019-02,Lancashire Constabulary,Lancashire Constabulary,-2.202634,53.837720,On or near Woodlands Road,E01025219,Pendle 010F,Other theft,Further investigation is not in the public interest,
1164a8ad99a393f92d669854fe342fb58bb45f7fd2ff485728f1df5710e772a8,2019-02,Lancashire Constabulary,Lancashire Constabulary,-2.202634,53.837720,On or near Woodlands Road,E01025219,Pendle 010F,Other theft,Status update unavailable,
38debc41f0cb06b5704da6aa8243f4c2d7484b1099bfe5bcb01fb2eae9a657f5,2019-02,Lancashire Constabulary,Lancashire Constabulary,-2.203125,53.838690,On or near Belgrave Street,E01025219,Pendle 010F,Other theft,Status update unavailable,
bc079c4ec5205c93b2d5e136835df56d1d79c6cb27c77a204fb83ea79b40c027,2019-02,Lancashire Constabulary,Lancashire Constabulary,-2.201742,53.838558,On or near Whitehall Street,E01025219,Pendle 010F,Public order,Awaiting court outcome,
f28a147622853058d54286c13ae76ba39e4b25b0b2e8b8a26e2c241b61cd4ee6,2019-02,Lancashire Constabulary,Lancashire Constabulary,-2.200492,53.837787,On or near Hendon Road,E01025219,Pendle 010F,Vehicle crime,Status update unavailable,
6f7d7b708c5b267452c885ac9881da0869be6f374152155c622cd58a984f519b,2019-02,Lancashire Constabulary,Lancashire Constabulary,-2.201057,53.838433,On or near Tavistock Street,E01025219,Pendle 010F,Violence and sexual offences,Unable to prosecute suspect,
e9428212cd98e6734acde5557ef67454baa053a621a3693a74357ff023323f4c,2019-02,Lancashire Constabulary,Lancashire Constabulary,-2.202634,53.837720,On or near Woodlands Road,E01025219,Pendle 010F,Violence and sexual offences,Offender sent to prison,
e782d0754ccd647feaf9ee70391dd1db333185a00e39daf6cf8148f90fcbd15e,2019-02,Lancashire Constabulary,Lancashire Constabulary,-2.204289,53.837367,On or near Pine Street,E01025219,Pendle 010F,Violence and sexual offences,Local resolution,
721ca161fea4430965233c8dfabed3b7b9a8c8e1d3d5bf265a22b66333d13b96,2019-02,Lancashire Constabulary,Lancashire Constabulary,-2.201057,53.838433,On or near Tavistock Street,E01025219,Pendle 010F,Violence and sexual offences,Status update unavailable,
42e18f0ff1351f2f36d54a5461f5f6fc798f8fffe0fd489804138bdc9bd05b4c,2019-02,Lancashire Constabulary,Lancashire Constabulary,-2.201742,53.838558,On or near Whitehall Street,E01025219,Pendle 010F,Violence and sexual offences,Further investigation is not in the public interest,
b1f67ab848b00dadf33acdf22e50f12a2f216e888904494492a46e8150f9acad,2019-02,Lancashire Constabulary,Lancashire Constabulary,-2.202441,53.838629,On or near Rhoda Street,E01025219,Pendle 010F,Violence and sexual offences,Formal action is not in the public interest,
41f3883e173ef0c3089c4187db5c7f0d8c60d8dbb07697ac39aeabbaa0001b7e,2019-02,Lancashire Constabulary,Lancashire Constabulary,-2.204289,53.837367,On or near Pine Street,E01025219,Pendle 010F,Violence and sexual offences,Status update unavailable,
5ed7a00a08e3a385821bd3876961cc9c33379e1ed89ec2537a27730768bf7c6f,2019-02,Lancashire Constabulary,Lancashire Constabulary,-2.206174,53.837490,On or near Wren Street,E01025219,Pendle 010F,Violence and sexual offences,Status update unavailable,
f2edfddd18aaac0d168dce2607bab83a3a8d744d39b08a12c5c29aa78f77b22e,2019-02,Lancashire Constabulary,Lancashire Constabulary,-2.206174,53.837490,On or near Wren Street,E01025219,Pendle 010F,Violence and sexual offences,Status update unavailable,
8da9cc621ad48e33da45c9f71ebc427ed26a5310bfd98b58d0165afd2daa9711,2019-02,Lancashire Constabulary,Lancashire Constabulary,-2.206174,53.837490,On or near Wren Street,E01025219,Pendle 010F,Violence and sexual offences,Unable to prosecute suspect,
b61a1a112bb643515f2e108438e2b7afcc5070a5c7a8c3f310e03ff808afae72,2019-02,Lancashire Constabulary,Lancashire Constabulary,-2.204289,53.837367,On or near Pine Street,E01025219,Pendle 010F,Violence and sexual offences,Status update unavailable,
ecf25c96706c88a14321b27ed09879eeba7d96019116d78ca483ec00d63a9561,2019-02,Lancashire Constabulary,Lancashire Constabulary,-2.201742,53.838558,On or near Whitehall Street,E01025219,Pendle 010F,Other crime,Status update unavailable,
,2019-02,Lancashire Constabulary,Lancashire Constabulary,-2.216253,53.832475,On or near Ripon Street,E01025224,Pendle 011A,Anti-social behaviour,,
,2019-02,Lancashire Constabulary,Lancashire Constabulary,-2.214827,53.832891,On or near Princess Street,E01025224,Pendle 011A,Anti-social behaviour,,
,2019-02,Lancashire Constabulary,Lancashire Constabulary,-2.213717,53.835571,On or near Police Station,E01025224,Pendle 011A,Anti-social behaviour,,
,2019-02,Lancashire Constabulary,Lancashire Constabulary,-2.213717,53.835571,On or near Police Station,E01025224,Pendle 011A,Anti-social behaviour,,
,2019-02,Lancashire Constabulary,Lancashire Constabulary,-2.214169,53.831984,On or near Percy Street,E01025224,Pendle 011A,Anti-social behaviour,,
1fbe924b32208a093a6a54fcb706a6df84c5fb2296706c380feac1e5d35c56fa,2019-02,Lancashire Constabulary,Lancashire Constabulary,-2.218362,53.834745,On or near Kiln Street,E01025224,Pendle 011A,Bicycle theft,Status update unavailable,
7a7671a4c45b806f75aa20318fd8fb81f000ba8884f34a977362e4c3379bb939,2019-02,Lancashire Constabulary,Lancashire Constabulary,-2.213559,53.834520,On or near Netherfield Road,E01025224,Pendle 011A,Burglary,Status update unavailable,
7a0922d9aae53b125ca23b1e6595d2e95178cdf29890a97e45ea69a1d91f4029,2019-02,Lancashire Constabulary,Lancashire Constabulary,-2.213717,53.835571,On or near Police Station,E01025224,Pendle 011A,Burglary,Status update unavailable,
4922aaf0eea380b10f713d7e2a61ea8bb0501d1ddad10c1483e2deef9f4701a4,2019-02,Lancashire Constabulary,Lancashire Constabulary,-2.214169,53.831984,On or near Percy Street,E01025224,Pendle 011A,Criminal damage and arson,Status update unavailable,
c4bb7532741656ba51c5017bc363972fc4f3587e4bd76e76fbce4dd52d9567f6,2019-02,Lancashire Constabulary,Lancashire Constabulary,-2.216253,53.832475,On or near Ripon Street,E01025224,Pendle 011A,Criminal damage and arson,Status update unavailable,
6946d4d934f6fc4cb51048f611d318b0c3f727ff8dbed1fab59568a811e908a3,2019-02,Lancashire Constabulary,Lancashire Constabulary,-2.213717,53.835571,On or near Police Station,E01025224,Pendle 011A,Other theft,Status update unavailable,
4afdebff5075590b0daa10b18298b9d25b29e546dfb614a2ad7ab38d934269f1,2019-02,Lancashire Constabulary,Lancashire Constabulary,-2.212212,53.832437,On or near Hartley Street,E01025224,Pendle 011A,Other theft,Status update unavailable,
a2033a2b451c08d041a59937ceb279d05e145e3756de90f5b13e969f1c2d967b,2019-02,Lancashire Constabulary,Lancashire Constabulary,-2.216253,53.832475,On or near Ripon Street,E01025224,Pendle 011A,Possession of weapons,Status update unavailable,
51dc7708c4450815aff84693badf4c70f37622d51d5b06a1eb73d9c730c00b6d,2019-02,Lancashire Constabulary,Lancashire Constabulary,-2.214451,53.833673,On or near Carradice Close,E01025224,Pendle 011A,Public order,Unable to prosecute suspect,
c995b7cb58481ad3aee7b3e6111cb2363688b06813e6fe2a789e862d04a12fda,2019-02,Lancashire Constabulary,Lancashire Constabulary,-2.218582,53.833297,On or near Claremont Terrace,E01025224,Pendle 011A,Violence and sexual offences,Awaiting court outcome,
1d9999174cf3491f5b01eb6b34f5fbd9bcd789c2e09c8240002c8b6b4e41529c,2019-02,Lancashire Constabulary,Lancashire Constabulary,-2.214169,53.831984,On or near Percy Street,E01025224,Pendle 011A,Violence and sexual offences,Unable to prosecute suspect,
b7360019c15c27efbe776b0e443ff477a04300ecf1405c1a3525b8894922f739,2019-02,Lancashire Constabulary,Lancashire Constabulary,-2.216253,53.832475,On or near Ripon Street,E01025224,Pendle 011A,Violence and sexual offences,Status update unavailable,
5bbd7b4e32dff3ea0c2deccb703077bec3b0ab42276819d4a2146f28526e9f08,2019-02,Lancashire Constabulary,Lancashire Constabulary,-2.214827,53.832891,On or near Princess Street,E01025224,Pendle 011A,Violence and sexual offences,Unable to prosecute suspect,
,2019-02,Lancashire Constabulary,Lancashire Constabulary,-2.215477,53.829142,On or near St Paul'S Road,E01025225,Pendle 011B,Anti-social behaviour,,
,2019-02,Lancashire Constabulary,Lancashire Constabulary,-2.214035,53.829549,On or near Langholme Street,E01025225,Pendle 011B,Anti-social behaviour,,
,2019-02,Lancashire Constabulary,Lancashire Constabulary,-2.216538,53.828672,On or near Church Way,E01025225,Pendle 011B,Anti-social behaviour,,
,2019-02,Lancashire Constabulary,Lancashire Constabulary,-2.214035,53.829549,On or near Langholme Street,E01025225,Pendle 011B,Anti-social behaviour,,
8e53d6da2d82d9d9fad8eb6bd84b1fb68eed239e7c771331bd4b63837d87b738,2019-02,Lancashire Constabulary,Lancashire Constabulary,-2.217585,53.831457,On or near Extwistle Street,E01025225,Pendle 011B,Burglary,Status update unavailable,
c19979aec9b7f5c0f9c1668a56aafe2cd187278b72c9ff2bed698a799c5440bb,2019-02,Lancashire Constabulary,Lancashire Constabulary,-2.218064,53.832894,On or near South View,E01025225,Pendle 011B,Other theft,Status update unavailable,
3f4324189b7d825613ed34636fbac06cfbcb6138df6aebc7e88c5aa0eeb37608,2019-02,Lancashire Constabulary,Lancashire Constabulary,-2.218064,53.832894,On or near South View,E01025225,Pendle 011B,Other theft,Status update unavailable,
2445cda879fa40803c1f4c0e544799b39e1528d5a0f56abd823a19c0b8b92de4,2019-02,Lancashire Constabulary,Lancashire Constabulary,-2.218064,53.832894,On or near South View,E01025225,Pendle 011B,Other theft,Status update unavailable,
35a4269729f9cdf0a5573f63ca12c96464ad5a7f743d2765290b835b946930c6,2019-02,Lancashire Constabulary,Lancashire Constabulary,-2.216806,53.827746,On or near Hill Place,E01025225,Pendle 011B,Public order,Status update unavailable,
42ca3442d44c1504ee2e2f1c4e3ee56646053a6454c4847f139ed6dbb9ea0694,2019-02,Lancashire Constabulary,Lancashire Constabulary,-2.219641,53.829395,On or near Highgate,E01025225,Pendle 011B,Robbery,Unable to prosecute suspect,
72806cbe7f4393ae0d01d3d36e637ff8aadfc6ad900ea3487feffb2bcf59fbb8,2019-02,Lancashire Constabulary,Lancashire Constabulary,-2.216538,53.828672,On or near Church Way,E01025225,Pendle 011B,Violence and sexual offences,Unable to prosecute suspect,
25072edf0ec0835fb7aff0db764bbc0fac1f47be3e1c8d6362a7da9926d4dd56,2019-02,Lancashire Constabulary,Lancashire Constabulary,-2.217275,53.830253,On or near Hibson Road,E01025225,Pendle 011B,Violence and sexual offences,Unable to prosecute suspect,
e247845abff4b5fdffeaf1706983c37a9fe6c099a68667403d87a439cb996110,2019-02,Lancashire Constabulary,Lancashire Constabulary,-2.216399,53.828385,On or near Halifax Road,E01025225,Pendle 011B,Violence and sexual offences,Status update unavailable,
,2019-02,Lancashire Constabulary,Lancashire Constabulary,-2.224381,53.832298,On or near Rupert Street,E01025229,Pendle 011C,Anti-social behaviour,,
,2019-02,Lancashire Constabulary,Lancashire Constabulary,-2.220784,53.833051,On or near Petrol Station,E01025229,Pendle 011C,Anti-social behaviour,,
,2019-02,Lancashire Constabulary,Lancashire Constabulary,-2.218550,53.835733,On or near Mosley Street,E01025229,Pendle 011C,Anti-social behaviour,,
ef358bd0f22adc565ccbfef9a03937ca9ae62754e6518edea362fce80e5663a5,2019-02,Lancashire Constabulary,Lancashire Constabulary,-2.221282,53.838092,On or near Gordon Road,E01025229,Pendle 011C,Bicycle theft,Investigation complete; no suspect identified,
b4925e3d2408e71d215d6db6954602af4f279b14a46ae8e08412038b8f5275c2,2019-02,Lancashire Constabulary,Lancashire Constabulary,-2.218550,53.835733,On or near Mosley Street,E01025229,Pendle 011C,Burglary,Status update unavailable,
ca94800cb4fc5845e39f1509c1d0e01cb8290c013f2cbaef9e9e82be62b97b15,2019-02,Lancashire Constabulary,Lancashire Constabulary,-2.222100,53.834819,On or near St Mary'S Street,E01025229,Pendle 011C,Other theft,Investigation complete; no suspect identified,
4f40c74ca61dfe1b84f07663ef49e373f98f62ff2e1e943d9ca9744a286445b3,2019-02,Lancashire Constabulary,Lancashire Constabulary,-2.223132,53.834511,On or near School Street,E01025229,Pendle 011C,Other theft,Further investigation is not in the public interest,
13168fb56255125bf32b9062b5e4862b67d5cd72fbeed670be639fe92f638ef9,2019-02,Lancashire Constabulary,Lancashire Constabulary,-2.220784,53.833051,On or near Petrol Station,E01025229,Pendle 011C,Public order,Status update unavailable,
356ec52f5f2435e56c313a7e224ac324bf207f59e004273c6c1f050097bf9557,2019-02,Lancashire Constabulary,Lancashire Constabulary,-2.223132,53.834511,On or near School Street,E01025229,Pendle 011C,Public order,Status update unavailable,
f39f27b5082a1326d72d9ea6b54a6cdf46a0688c510d6e7de3206772d14c550c,2019-02,Lancashire Constabulary,Lancashire Constabulary,-2.220784,53.833051,On or near Petrol Station,E01025229,Pendle 011C,Public order,Status update unavailable,
06a90ef45301daa9caaf36ad30d26cf908f7d6bbda00c64729fe3a26a702079c,2019-02,Lancashire Constabulary,Lancashire Constabulary,-2.224381,53.832298,On or near Rupert Street,E01025229,Pendle 011C,Violence and sexual offences,Offender sent to prison,
201cd03d06e707962d526e729620adac87c7e7ba24857e103f980eb74d089cf1,2019-02,Lancashire Constabulary,Lancashire Constabulary,-2.226442,53.831198,On or near Kensington Street,E01025229,Pendle 011C,Violence and sexual offences,Status update unavailable,
366c4af4d095287a30070353bd89b6476b05d6a558c0bdf739d53d5ab29cbfaa,2019-02,Lancashire Constabulary,Lancashire Constabulary,-2.222296,53.834378,On or near Lomeshaye Road,E01025229,Pendle 011C,Violence and sexual offences,Further investigation is not in the public interest,
865fbd26cd8c998343cc063079d48517d78901946935b6bca8f85375b3636d61,2019-02,Lancashire Constabulary,Lancashire Constabulary,-2.226442,53.831198,On or near Kensington Street,E01025229,Pendle 011C,Violence and sexual offences,Status update unavailable,
0acdc4f2667e358e35734931150aa0cc61519537c4900ee43da8fc19d56604ab,2019-02,Lancashire Constabulary,Lancashire Constabulary,-2.224381,53.832298,On or near Rupert Street,E01025229,Pendle 011C,Violence and sexual offences,Status update unavailable,
668bfa10e618f19778c01e72e318153c11a9b9bdf4a8fff2f49fe1cb4a5131a5,2019-02,Lancashire Constabulary,Lancashire Constabulary,-2.220784,53.833051,On or near Petrol Station,E01025229,Pendle 011C,Violence and sexual offences,Status update unavailable,
bf8b04288c30eb450c2db3633b8312c1fd752a9616a074b0ea6acc0a83dfb45e,2019-02,Lancashire Constabulary,Lancashire Constabulary,-2.226442,53.831198,On or near Kensington Street,E01025229,Pendle 011C,Violence and sexual offences,Unable to prosecute suspect,
91ca28581ec51c2b1647449d38218345afdcdb189a00ff7592a3a082a10f9009,2019-02,Lancashire Constabulary,Lancashire Constabulary,-2.222041,53.837947,On or near Howard Street,E01025229,Pendle 011C,Violence and sexual offences,Status update unavailable,
20090d3ad5fa93a552f6827122329f437cb28733089f1cb1c2a733bcb5d72f3d,2019-02,Lancashire Constabulary,Lancashire Constabulary,-2.229231,53.835614,On or near Ecroyd Street,E01025229,Pendle 011C,Other crime,Awaiting court outcome,
,2019-02,Lancashire Constabulary,Lancashire Constabulary,-2.215735,53.838093,On or near Parking Area,E01025230,Pendle 011D,Anti-social behaviour,,
,2019-02,Lancashire Constabulary,Lancashire Constabulary,-2.214805,53.837475,On or near Back Scotland Road,E01025230,Pendle 011D,Anti-social behaviour,,
,2019-02,Lancashire Constabulary,Lancashire Constabulary,-2.220883,53.834498,On or near Bishop Street,E01025230,Pendle 011D,Anti-social behaviour,,
,2019-02,Lancashire Constabulary,Lancashire Constabulary,-2.215573,53.836071,On or near Parking Area,E01025230,Pendle 011D,Anti-social behaviour,,
,2019-02,Lancashire Constabulary,Lancashire Constabulary,-2.215454,53.836485,On or near Ellen Street,E01025230,Pendle 011D,Anti-social behaviour,,
052cb639824f9b85e24c9b12b532b8d49466f8c726ec7d2e372b6ae767f4e26f,2019-02,Lancashire Constabulary,Lancashire Constabulary,-2.215819,53.836628,On or near Booth Street,E01025230,Pendle 011D,Burglary,Status update unavailable,
1c7c0dc6e404a6312a184edebe779618a9ddc682e3e85bc8f1ebf17a783fee02,2019-02,Lancashire Constabulary,Lancashire Constabulary,-2.214805,53.837475,On or near Back Scotland Road,E01025230,Pendle 011D,Burglary,Status update unavailable,
16e4f4e2e4e36f41c55ba648743e185647006740a869ca83f8616d44276ea77f,2019-02,Lancashire Constabulary,Lancashire Constabulary,-2.214805,53.837475,On or near Back Scotland Road,E01025230,Pendle 011D,Burglary,Status update unavailable,
83463a98626477adc71a4aee65f19cbb9530d84e2cd3a175eded46c89c41f7d7,2019-02,Lancashire Constabulary,Lancashire Constabulary,-2.222911,53.835707,On or near Craven Street,E01025230,Pendle 011D,Burglary,Status update unavailable,
e3446ca63fbdca78d087e8820c819d4fb2f3e10d0aaa7ee4b6816d219a4af1bb,2019-02,Lancashire Constabulary,Lancashire Constabulary,-2.222911,53.835707,On or near Craven Street,E01025230,Pendle 011D,Burglary,Status update unavailable,
e38f99a6028447235d46182584a04326302afcda88190433716f275ccd5ecc82,2019-02,Lancashire Constabulary,Lancashire Constabulary,-2.215735,53.838093,On or near Parking Area,E01025230,Pendle 011D,Burglary,Status update unavailable,
97b278df4fdfd57a55bf21703e8b6f72b2be9a52a814b764b3fad3736dc2f98b,2019-02,Lancashire Constabulary,Lancashire Constabulary,-2.215735,53.838093,On or near Parking Area,E01025230,Pendle 011D,Burglary,Status update unavailable,
a9877962584af75507c48c7d6a817e008430461a03c088a55b88cba78833354b,2019-02,Lancashire Constabulary,Lancashire Constabulary,-2.222911,53.835707,On or near Craven Street,E01025230,Pendle 011D,Burglary,Status update unavailable,
019e95bc25f572d6f77321ea43dfde8d4d4f71eafef59d5328238602f29e1fdc,2019-02,Lancashire Constabulary,Lancashire Constabulary,-2.217351,53.836185,On or near Stanley Street,E01025230,Pendle 011D,Other theft,Status update unavailable,
e1f19d8b3fa87d29ce53de9dc9d4e96add8aab8a370b2ac8bbc92048e70bb3d2,2019-02,Lancashire Constabulary,Lancashire Constabulary,-2.218111,53.839032,On or near Supermarket,E01025230,Pendle 011D,Other theft,Status update unavailable,
39e2f952f2018438c9c22cc438ed3bccbd9a8adfc8d4ede479c2937b9433d863,2019-02,Lancashire Constabulary,Lancashire Constabulary,-2.215884,53.837455,On or near Cross Street,E01025230,Pendle 011D,Other theft,Status update unavailable,
9b2e943bf385322ceefd4b993da5a4b8d281695168f8f07d1bace43cc9ad73a8,2019-02,Lancashire Constabulary,Lancashire Constabulary,-2.216286,53.835836,On or near Parking Area,E01025230,Pendle 011D,Other theft,Status update unavailable,
5790f1b08f21806534add30627f575999bb3de54abc07829351514d65e3b250e,2019-02,Lancashire Constabulary,Lancashire Constabulary,-2.214805,53.837475,On or near Back Scotland Road,E01025230,Pendle 011D,Other theft,Status update unavailable,
b79f35b2c3b0d3da0ee2d1f15f1e775930946e03e3401e499f481672128cd0ec,2019-02,Lancashire Constabulary,Lancashire Constabulary,-2.217351,53.836185,On or near Stanley Street,E01025230,Pendle 011D,Other theft,Status update unavailable,
f6680ce118662202e73642addfdbe38efdcb359163ae2a3b5bb6c1569deed004,2019-02,Lancashire Constabulary,Lancashire Constabulary,-2.214805,53.837475,On or near Back Scotland Road,E01025230,Pendle 011D,Public order,Unable to prosecute suspect,
d4fb129d28f2ed7f513a1f53165d6852f8520f279915038c1300b212baa29b7c,2019-02,Lancashire Constabulary,Lancashire Constabulary,-2.215454,53.836485,On or near Ellen Street,E01025230,Pendle 011D,Public order,Unable to prosecute suspect,
74d901131fe1a0e45dead657c507794b606f6f16c440e1c430ed5a7fb93ba3ef,2019-02,Lancashire Constabulary,Lancashire Constabulary,-2.215573,53.836071,On or near Parking Area,E01025230,Pendle 011D,Public order,Unable to prosecute suspect,
3394c4d67f9ae9b388f60e09e18ed8e28d021b90afb2310870eca70143d630c9,2019-02,Lancashire Constabulary,Lancashire Constabulary,-2.215454,53.836485,On or near Ellen Street,E01025230,Pendle 011D,Public order,Status update unavailable,
845f458209359a7c0f020252cbace1520265eff1191cf12e3880695d8bb7c357,2019-02,Lancashire Constabulary,Lancashire Constabulary,-2.218111,53.839032,On or near Supermarket,E01025230,Pendle 011D,Public order,Status update unavailable,
82bed9d02e20be546d5a7425c0b4423c55d97935f3ba29a6cd4a50289468cf5f,2019-02,Lancashire Constabulary,Lancashire Constabulary,-2.218111,53.839032,On or near Supermarket,E01025230,Pendle 011D,Shoplifting,Offender given conditional discharge,
c2d778501805956f616fa0a155baeca2a075e88148ee45767994b9bd0c7c8d21,2019-02,Lancashire Constabulary,Lancashire Constabulary,-2.218111,53.839032,On or near Supermarket,E01025230,Pendle 011D,Shoplifting,Status update unavailable,
4e2806075d8a24a5252536ee7a5ab821c93b1a68126ca11724a74f9419225927,2019-02,Lancashire Constabulary,Lancashire Constabulary,-2.215454,53.836485,On or near Ellen Street,E01025230,Pendle 011D,Shoplifting,Status update unavailable,
a6f43c7895d2b05fe4dbb5014322518acbf6205dcf052c6f87fa8e95a3de6282,2019-02,Lancashire Constabulary,Lancashire Constabulary,-2.218111,53.839032,On or near Supermarket,E01025230,Pendle 011D,Shoplifting,Status update unavailable,
c96a3fc451223ba9344c8166d65c65daae0764d38f3654b1f74ef44e6bd5ad92,2019-02,Lancashire Constabulary,Lancashire Constabulary,-2.218324,53.836255,On or near Albert Street,E01025230,Pendle 011D,Violence and sexual offences,Unable to prosecute suspect,
f1e74b98ba47be5e866eaf9e53b921c01d5f1a349e2bafd6af76a12ca554303b,2019-02,Lancashire Constabulary,Lancashire Constabulary,-2.214805,53.837475,On or near Back Scotland Road,E01025230,Pendle 011D,Violence and sexual offences,Status update unavailable,
1f5436a7a67cc22a9734705e7fcfaa8b48eb43757806d20104241d15a0e09925,2019-02,Lancashire Constabulary,Lancashire Constabulary,-2.218324,53.836255,On or near Albert Street,E01025230,Pendle 011D,Violence and sexual offences,Awaiting court outcome,
e6bb1caafb52cb47ec663388243a0fc26f1e2f90485532f222a151e43906cf00,2019-02,Lancashire Constabulary,Lancashire Constabulary,-2.214805,53.837475,On or near Back Scotland Road,E01025230,Pendle 011D,Violence and sexual offences,Status update unavailable,
9f41a445409fa185122f6566c33230a8168a9876f6a68c8246f8512bf8bea9fa,2019-02,Lancashire Constabulary,Lancashire Constabulary,-2.218324,53.836255,On or near Albert Street,E01025230,Pendle 011D,Violence and sexual offences,Unable to prosecute suspect,
95ff2ddc36a9acaadd9102c9fe664a2355fdb607b068a1b7f506736cc59d9380,2019-02,Lancashire Constabulary,Lancashire Constabulary,-2.220771,53.839082,On or near Beddington Street,E01025230,Pendle 011D,Violence and sexual offences,Formal action is not in the public interest,
c88768b78d3e37152f205e411e2a9825723ece4b9c5b9f422f612e55827bdf55,2019-02,Lancashire Constabulary,Lancashire Constabulary,-2.220454,53.839505,On or near Kendal Street,E01025230,Pendle 011D,Violence and sexual offences,Unable to prosecute suspect,
2c3791a091c12500536d85083abe7c8cd51b02f336e2745b4d6ff84e228e7329,2019-02,Lancashire Constabulary,Lancashire Constabulary,-2.218111,53.839032,On or near Supermarket,E01025230,Pendle 011D,Violence and sexual offences,Status update unavailable,
62181618e30b5a71604c4a46ce172f4e22a0fa35771984ce19e2e4bffc78b027,2019-02,Lancashire Constabulary,Lancashire Constabulary,-2.220454,53.839505,On or near Kendal Street,E01025230,Pendle 011D,Violence and sexual offences,Unable to prosecute suspect,
,2019-02,Lancashire Constabulary,Lancashire Constabulary,-2.228272,53.826916,On or near Elland Road,E01025187,Pendle 012A,Anti-social behaviour,,
,2019-02,Lancashire Constabulary,Lancashire Constabulary,-2.214494,53.827193,On or near Jenny Street,E01025187,Pendle 012A,Anti-social behaviour,,
e11378112b698791350f00d0e4b101d1207f852b6dafa5fe9cbcc6ea0592386b,2019-02,Lancashire Constabulary,Lancashire Constabulary,-2.217322,53.824671,On or near Edge End Avenue,E01025187,Pendle 012A,Criminal damage and arson,Status update unavailable,
2a0d0b952f17e528032c4f1e5c54cba2d046503d22d33cd153fb7161b491c9e1,2019-02,Lancashire Constabulary,Lancashire Constabulary,-2.223640,53.824327,On or near Sports/Recreation Area,E01025187,Pendle 012A,Other theft,Status update unavailable,
05296f5f5273dfbea5c73977b9066632f180bf6f1bf2f07caedaed38ae7d2a2f,2019-02,Lancashire Constabulary,Lancashire Constabulary,-2.227995,53.826278,On or near Mansfield Grove,E01025187,Pendle 012A,Public order,Status update unavailable,
71449c3ea4cd42fafc6b6c3cbd1ecf524e36a9f18d825efa08fa3da4cf0c1fa3,2019-02,Lancashire Constabulary,Lancashire Constabulary,-2.227995,53.826278,On or near Mansfield Grove,E01025187,Pendle 012A,Violence and sexual offences,Unable to prosecute suspect,
c6aefcb56820968602a2c0b44ea9dd831c659f7bbd04080f1870a4133f4d8c76,2019-02,Lancashire Constabulary,Lancashire Constabulary,-2.227995,53.826278,On or near Mansfield Grove,E01025187,Pendle 012A,Violence and sexual offences,Unable to prosecute suspect,
,2019-02,Lancashire Constabulary,Lancashire Constabulary,-2.210816,53.826849,On or near Ada Street,E01025190,Pendle 012B,Anti-social behaviour,,
,2019-02,Lancashire Constabulary,Lancashire Constabulary,-2.212232,53.827539,On or near Ethersall Road,E01025190,Pendle 012B,Anti-social behaviour,,
9bac04115b256ae76fc570a1a42036de7005e3689cf87bd39da7852c1e750cba,2019-02,Lancashire Constabulary,Lancashire Constabulary,-2.210270,53.827093,On or near Bispham Road,E01025190,Pendle 012B,Other theft,Unable to prosecute suspect,
303897f0b81bc0a017221db35273474190d37676d0647fb76b32f2fa3039c9fb,2019-02,Lancashire Constabulary,Lancashire Constabulary,-2.212131,53.828527,On or near Langholme Street,E01025190,Pendle 012B,Other theft,Status update unavailable,
0f597fcc0bfb7ca1107a9d6f4b143ceec79dde7b4b4eef144638adddf98d24a2,2019-02,Lancashire Constabulary,Lancashire Constabulary,-2.210816,53.826849,On or near Ada Street,E01025190,Pendle 012B,Public order,Offender given a caution,
e619eca1dc4aef3945e459100f4cc19cf38082d94e0a1f8a64edfa09016853ff,2019-02,Lancashire Constabulary,Lancashire Constabulary,-2.212232,53.827539,On or near Ethersall Road,E01025190,Pendle 012B,Public order,Court case unable to proceed,
,2019-02,Lancashire Constabulary,Lancashire Constabulary,-2.191132,53.841361,On or near Marsden Hall Road North,E01025209,Pendle 012C,Anti-social behaviour,,
,2019-02,Lancashire Constabulary,Lancashire Constabulary,-2.185154,53.840077,On or near Boulsworth Crescent,E01025209,Pendle 012C,Anti-social behaviour,,
,2019-02,Lancashire Constabulary,Lancashire Constabulary,-2.188031,53.841250,On or near Merclesden Avenue,E01025209,Pendle 012C,Anti-social behaviour,,
,2019-02,Lancashire Constabulary,Lancashire Constabulary,-2.185611,53.836813,On or near Town House Road,E01025209,Pendle 012C,Anti-social behaviour,,
,2019-02,Lancashire Constabulary,Lancashire Constabulary,-2.188666,53.840350,On or near Andrew Road,E01025209,Pendle 012C,Anti-social behaviour,,
,2019-02,Lancashire Constabulary,Lancashire Constabulary,-2.191132,53.841361,On or near Marsden Hall Road North,E01025209,Pendle 012C,Anti-social behaviour,,
,2019-02,Lancashire Constabulary,Lancashire Constabulary,-2.191132,53.841361,On or near Marsden Hall Road North,E01025209,Pendle 012C,Anti-social behaviour,,
4cef2387e5d5e618b7dd3bf17a3a923fdf4d9989f35adb29c96d7f51180d3e32,2019-02,Lancashire Constabulary,Lancashire Constabulary,-2.191132,53.841361,On or near Marsden Hall Road North,E01025209,Pendle 012C,Burglary,Status update unavailable,
d18529d277a60c4bb2572de66e0d5480d1eb90ddfaec9021d871d3757b8a2355,2019-02,Lancashire Constabulary,Lancashire Constabulary,-2.187938,53.840692,On or near Shelfield Road,E01025209,Pendle 012C,Burglary,Status update unavailable,
460f7d010afe43faa8d9839d9eaf56ce9a3d3f24968fce459ea70df1b8b27e90,2019-02,Lancashire Constabulary,Lancashire Constabulary,-2.185154,53.840077,On or near Boulsworth Crescent,E01025209,Pendle 012C,Other theft,Status update unavailable,
a172c0df179cf35c134cdf2b3adc92a50810f5dfcad3f9b98c897b3c9cc67beb,2019-02,Lancashire Constabulary,Lancashire Constabulary,-2.186346,53.834745,On or near Deerstone Road,E01025209,Pendle 012C,Other theft,Status update unavailable,
379ba22217da57956cf4a074aa95c360a8b44b10ebfe32468af317036fb143b9,2019-02,Lancashire Constabulary,Lancashire Constabulary,-2.191132,53.841361,On or near Marsden Hall Road North,E01025209,Pendle 012C,Violence and sexual offences,Formal action is not in the public interest,
b1765aad163276d0778400848e8542252809d16df731ceec76eebd0243ee56f8,2019-02,Lancashire Constabulary,Lancashire Constabulary,-2.187938,53.840692,On or near Shelfield Road,E01025209,Pendle 012C,Violence and sexual offences,Status update unavailable,
b405bc8e7b0d0a09e1cbbb00d48823762a27a6f1047b5c862296fb3be030c048,2019-02,Lancashire Constabulary,Lancashire Constabulary,-2.194584,53.838489,On or near Valley Close,E01025209,Pendle 012C,Violence and sexual offences,Unable to prosecute suspect,
3590cbddbf2b0d1c5757f399ea94faa9971edd9368ded1fe7ebd07501b032f0f,2019-02,Lancashire Constabulary,Lancashire Constabulary,-2.186346,53.834745,On or near Deerstone Road,E01025209,Pendle 012C,Violence and sexual offences,Status update unavailable,
bc1603c1039875ce3005276e3a410cec59bfd9d08d398cfce6d4d534ab49e9b8,2019-02,Lancashire Constabulary,Lancashire Constabulary,-2.191132,53.841361,On or near Marsden Hall Road North,E01025209,Pendle 012C,Violence and sexual offences,Further investigation is not in the public interest,
393811ac593bd4f4a8a0ed60fc6edf5dca891972f34bd549032264878f944166,2019-02,Lancashire Constabulary,Lancashire Constabulary,-2.186703,53.832947,On or near Barkerhouse Road,E01025209,Pendle 012C,Violence and sexual offences,Status update unavailable,
d65c3d0fde72cbad991e4727d5e82686509767a6b046d707a2e296be32804d05,2019-02,Lancashire Constabulary,Lancashire Constabulary,-2.186703,53.832947,On or near Barkerhouse Road,E01025209,Pendle 012C,Violence and sexual offences,Unable to prosecute suspect,
18e353330b785a6499f2ce6d0d59e70d6debbf8f3842448fd6e31befa7a4030a,2019-02,Lancashire Constabulary,Lancashire Constabulary,-2.191132,53.841361,On or near Marsden Hall Road North,E01025209,Pendle 012C,Other crime,Status update unavailable,
,2019-02,Lancashire Constabulary,Lancashire Constabulary,-2.192738,53.833611,On or near Fir Trees Close,E01025216,Pendle 012D,Anti-social behaviour,,
e641db3892548bf5d0faba8a4d21af192f42b21fe7762bf1ddce77ccb38da550,2019-02,Lancashire Constabulary,Lancashire Constabulary,-2.194434,53.835694,On or near Marsden Crescent,E01025216,Pendle 012D,Burglary,Status update unavailable,
8c94a8e3aeec2faf40eedd273497343abca9813bf92fa5bde2f9582a59e27206,2019-02,Lancashire Constabulary,Lancashire Constabulary,-2.198065,53.838609,On or near Hallam Road,E01025216,Pendle 012D,Other theft,Status update unavailable,
93993a1b85e8ef0c9c932c904bf7cd35dd1e8bdce3da8b9e195c133e41a7ab9a,2019-02,Lancashire Constabulary,Lancashire Constabulary,-2.198575,53.834078,On or near Priory Chase,E01025216,Pendle 012D,Public order,Unable to prosecute suspect,
6e94c007a01493f33369815364b32346243e3c8fbb3a8a7a8bd33bb4a5bf8aad,2019-02,Lancashire Constabulary,Lancashire Constabulary,-2.198201,53.835418,On or near Clough Road,E01025216,Pendle 012D,Violence and sexual offences,Unable to prosecute suspect,
87e1eec8e34acc4b6328e160de7e0b2170094522c17d1b32597b097119a295a8,2019-02,Lancashire Constabulary,Lancashire Constabulary,-2.192863,53.834420,On or near Trent Road,E01025216,Pendle 012D,Violence and sexual offences,Unable to prosecute suspect,
06e613679e4b052cc3234467cda6ccd44621830e33d502b0a68656680665c5e0,2019-02,Lancashire Constabulary,Lancashire Constabulary,-2.193858,53.832774,On or near Hartley Drive,E01025216,Pendle 012D,Violence and sexual offences,Status update unavailable,
3f2d8cf23be0c9e1231b992d535c60db9f4868f1398e3a5b04ee88c60743f378,2019-02,Lancashire Constabulary,Lancashire Constabulary,-2.192689,53.832910,On or near Pinewood Drive,E01025216,Pendle 012D,Violence and sexual offences,Unable to prosecute suspect,
,2019-02,Lancashire Constabulary,Lancashire Constabulary,-2.230796,53.824466,On or near Livingstone Street,E01025185,Pendle 013A,Anti-social behaviour,,
,2019-02,Lancashire Constabulary,Lancashire Constabulary,-2.231497,53.824815,On or near Castle Street,E01025185,Pendle 013A,Anti-social behaviour,,
be98ec9bc988bb86d63a904b540d6991f714b9a04564b9e8bf5586f279932bc4,2019-02,Lancashire Constabulary,Lancashire Constabulary,-2.229645,53.825107,On or near Montrose Street,E01025185,Pendle 013A,Criminal damage and arson,Status update unavailable,
6fbca7a0c5cb78c2ab519c377761b01e6f921ff6cfe5d8e882fadec69b1121e4,2019-02,Lancashire Constabulary,Lancashire Constabulary,-2.233176,53.826250,On or near Humphrey Street,E01025185,Pendle 013A,Criminal damage and arson,Status update unavailable,
a11e1b795c26b8cb3d33ea2be1387aababe136eb12145d2f9e3ecaef8c622cab,2019-02,Lancashire Constabulary,Lancashire Constabulary,-2.231406,53.824843,On or near Stanley Street,E01025185,Pendle 013A,Criminal damage and arson,Status update unavailable,
34fbfd254cba22ae246410c2e930add9be53adc4a4a187c957686f6f09bf1d21,2019-02,Lancashire Constabulary,Lancashire Constabulary,-2.233176,53.826250,On or near Humphrey Street,E01025185,Pendle 013A,Other theft,Status update unavailable,
c5da51ec4dc18afb9bd40e61efe850b2f315b5dbee9b97d6e831d48f36bf812c,2019-02,Lancashire Constabulary,Lancashire Constabulary,-2.235553,53.827522,On or near Parking Area,E01025185,Pendle 013A,Vehicle crime,Status update unavailable,
1cf2235e8beceb271364030e1e0d61d6160267013765354f9288e97e51bb4c9a,2019-02,Lancashire Constabulary,Lancashire Constabulary,-2.233286,53.826879,On or near Ann Street,E01025185,Pendle 013A,Violence and sexual offences,Further investigation is not in the public interest,
2633e4118bf104ea4fda1d571194d5e6490fe3d774e641e379e8084e535d2419,2019-02,Lancashire Constabulary,Lancashire Constabulary,-2.230804,53.825877,On or near William Street,E01025185,Pendle 013A,Violence and sexual offences,Unable to prosecute suspect,
9fb64e74e246f67bf919fdfcb734390a380927c3de0c532fd5dcc3dfa72072d7,2019-02,Lancashire Constabulary,Lancashire Constabulary,-2.233226,53.835292,On or near Kirby Road,E01025185,Pendle 013A,Violence and sexual offences,Unable to prosecute suspect,
5615b6181e24ba344bda7cf43984a59a7ef1caa5e517b0e133d23d618dc07aaa,2019-02,Lancashire Constabulary,Lancashire Constabulary,-2.229645,53.825107,On or near Montrose Street,E01025185,Pendle 013A,Violence and sexual offences,Unable to prosecute suspect,
b0ccff90e2182a8b0572a1491d39cfff990ac8ec11524cb67d7a52cdcb938901,2019-02,Lancashire Constabulary,Lancashire Constabulary,-2.231833,53.827889,On or near Victoria Avenue,E01025185,Pendle 013A,Violence and sexual offences,Unable to prosecute suspect,
7f870752a2e705c0b93f508057aadbf6d24143414d419fa621bb94f166e34f4b,2019-02,Lancashire Constabulary,Lancashire Constabulary,-2.234203,53.827893,On or near Hollin Bank,E01025185,Pendle 013A,Violence and sexual offences,Status update unavailable,
9a16a4f6834a1ea1e6fbb344899f24821fb085a7b0747786910bf14dc6b8d007,2019-02,Lancashire Constabulary,Lancashire Constabulary,-2.231376,53.827674,On or near Hardy Street,E01025185,Pendle 013A,Violence and sexual offences,Unable to prosecute suspect,
71831e32240a7b2168675b888a71c382337f6ce85f4645356185d0b3a5323759,2019-02,Lancashire Constabulary,Lancashire Constabulary,-2.235553,53.827522,On or near Parking Area,E01025185,Pendle 013A,Violence and sexual offences,Status update unavailable,
90f244641fb8a905cbacef449a966c8ef68e6bf9d0ed329d6d9678a24e5ce5f9,2019-02,Lancashire Constabulary,Lancashire Constabulary,-2.231376,53.827674,On or near Hardy Street,E01025185,Pendle 013A,Violence and sexual offences,Unable to prosecute suspect,
432970cee021d9400fff040d8afacc5b45d20f8fb3810b985c41904676b0ed44,2019-02,Lancashire Constabulary,Lancashire Constabulary,-2.231497,53.824815,On or near Castle Street,E01025185,Pendle 013A,Violence and sexual offences,Status update unavailable,
c408eb8cbbf4ab5eae0b9ea9b9f302f785655e1981e3edad327c92e5b9283b85,2019-02,Lancashire Constabulary,Lancashire Constabulary,-2.231497,53.824815,On or near Castle Street,E01025185,Pendle 013A,Violence and sexual offences,Unable to prosecute suspect,
6c20f0a5cddef6da7ad4f5120ecb60f3be1852613f6b0e4c9958bfda3e3e295a,2019-02,Lancashire Constabulary,Lancashire Constabulary,-2.231497,53.824815,On or near Castle Street,E01025185,Pendle 013A,Violence and sexual offences,Status update unavailable,
d25756362d7ed12482c9cb3b04c3f5dc3f1debf1181c551e23f779a69d86132d,2019-02,Lancashire Constabulary,Lancashire Constabulary,-2.230804,53.825877,On or near William Street,E01025185,Pendle 013A,Violence and sexual offences,Unable to prosecute suspect,
,2019-02,Lancashire Constabulary,Lancashire Constabulary,-2.235019,53.824494,On or near Bridge Street,E01025186,Pendle 013B,Anti-social behaviour,,
,2019-02,Lancashire Constabulary,Lancashire Constabulary,-2.233245,53.825118,On or near Beatie Street,E01025186,Pendle 013B,Anti-social behaviour,,
,2019-02,Lancashire Constabulary,Lancashire Constabulary,-2.242594,53.823427,On or near Jewel Holme,E01025186,Pendle 013B,Anti-social behaviour,,
,2019-02,Lancashire Constabulary,Lancashire Constabulary,-2.234834,53.824045,On or near Hudson Street,E01025186,Pendle 013B,Anti-social behaviour,,
,2019-02,Lancashire Constabulary,Lancashire Constabulary,-2.234834,53.824045,On or near Hudson Street,E01025186,Pendle 013B,Anti-social behaviour,,
,2019-02,Lancashire Constabulary,Lancashire Constabulary,-2.231964,53.824221,On or near Hartington Street,E01025186,Pendle 013B,Anti-social behaviour,,
,2019-02,Lancashire Constabulary,Lancashire Constabulary,-2.234690,53.825313,On or near Robson Street,E01025186,Pendle 013B,Anti-social behaviour,,
,2019-02,Lancashire Constabulary,Lancashire Constabulary,-2.233245,53.825118,On or near Beatie Street,E01025186,Pendle 013B,Anti-social behaviour,,
3e73f32124374eabf0eb2f856f24244b454b0bbcdc99046e3d4e7af24a8d96ce,2019-02,Lancashire Constabulary,Lancashire Constabulary,-2.233245,53.825118,On or near Beatie Street,E01025186,Pendle 013B,Burglary,Status update unavailable,
b5084541fced71af4a4502196daec3427245ffce3d4420f05a0e101c8a2943eb,2019-02,Lancashire Constabulary,Lancashire Constabulary,-2.235910,53.820753,On or near Riley Street,E01025186,Pendle 013B,Burglary,Status update unavailable,
03d3850c9e9175f140684e36d1abb0fcbab7b6307a84fd35da49e0a09c31c233,2019-02,Lancashire Constabulary,Lancashire Constabulary,-2.240619,53.823449,On or near Quakers View,E01025186,Pendle 013B,Burglary,Status update unavailable,
415ddac2917033102cd9a107aa9da94c422add46fad5f45e51b9233fa1f4079b,2019-02,Lancashire Constabulary,Lancashire Constabulary,-2.236842,53.821740,On or near Railway Terrace,E01025186,Pendle 013B,Other theft,Unable to prosecute suspect,
e4c15e5ad3e84788cbe2a7959b5ffe2747975ddfdb44b2b1e08defa236042bfb,2019-02,Lancashire Constabulary,Lancashire Constabulary,-2.236439,53.820312,On or near Lord Street,E01025186,Pendle 013B,Public order,Status update unavailable,
ca1baa967a2fe0ec1c382bf835e563954a74b5d69ac3b82d528de42c257a6121,2019-02,Lancashire Constabulary,Lancashire Constabulary,-2.233483,53.824173,On or near Parking Area,E01025186,Pendle 013B,Public order,Unable to prosecute suspect,
9247351497279307e8ea07fb88c8df54400c9dbf436d92c2127dd7d2a007e620,2019-02,Lancashire Constabulary,Lancashire Constabulary,-2.237442,53.820409,On or near Sackville Gardens,E01025186,Pendle 013B,Robbery,Status update unavailable,
2201bd31903ec20e7582b557dbeb419abf64560b41ece71a77fefe6637fb2f68,2019-02,Lancashire Constabulary,Lancashire Constabulary,-2.234581,53.824881,On or near Wesley Street,E01025186,Pendle 013B,Shoplifting,Status update unavailable,
d19ef061927301a7a712b324257528ef45d26e965240bfa35cafe8c8a5cba95c,2019-02,Lancashire Constabulary,Lancashire Constabulary,-2.236439,53.820312,On or near Lord Street,E01025186,Pendle 013B,Violence and sexual offences,Unable to prosecute suspect,
b9283fef76c7725d4081d67a571f763db6ef2abce99de4d98a231d398b0ddd57,2019-02,Lancashire Constabulary,Lancashire Constabulary,-2.235019,53.824494,On or near Bridge Street,E01025186,Pendle 013B,Violence and sexual offences,Local resolution,
a65e6ff7ae51ab00be1049c5cf87742126912a96330cb99bc905db23a43fbe03,2019-02,Lancashire Constabulary,Lancashire Constabulary,-2.235838,53.821553,On or near Regent Street,E01025186,Pendle 013B,Violence and sexual offences,Unable to prosecute suspect,
5c739b804a94b34f91c22a7035b13742afa844321041b733b87b9c5ae24cd50c,2019-02,Lancashire Constabulary,Lancashire Constabulary,-2.235627,53.824448,On or near Vine Street,E01025186,Pendle 013B,Violence and sexual offences,Unable to prosecute suspect,
5d2ae0a14bb5e140bacd9fb6c8bf390f05d9a3511f92b08baf19b3e10e909f43,2019-02,Lancashire Constabulary,Lancashire Constabulary,-2.235838,53.821553,On or near Regent Street,E01025186,Pendle 013B,Violence and sexual offences,Investigation complete; no suspect identified,
4493d08f5d59830d631d8d79e6254a17182fad46d60cef1e4b6c2a679cb16502,2019-02,Lancashire Constabulary,Lancashire Constabulary,-2.237500,53.820013,On or near Massey Street,E01025186,Pendle 013B,Violence and sexual offences,Unable to prosecute suspect,
b4ee22663395463191293a8f77aea72084f40a87c66c7d98a8a1393094335f0f,2019-02,Lancashire Constabulary,Lancashire Constabulary,-2.228428,53.819339,On or near Ravens Grove,E01025212,Pendle 013C,Burglary,Status update unavailable,
a6f6b2cff52b5048a942abc9b42ee4b1324bbb7fd83874258311423a56f68b5b,2019-02,Lancashire Constabulary,Lancashire Constabulary,-2.223211,53.817973,On or near Brooden Drive,E01025212,Pendle 013C,Public order,Status update unavailable,
f09ebabc9e08c7e1ed4a237b66f32a424f2eb027500f6602ef982dfa8f24d997,2019-02,Lancashire Constabulary,Lancashire Constabulary,-2.228934,53.820066,On or near Reedley Road,E01025212,Pendle 013C,Violence and sexual offences,Action to be taken by another organisation,
60b762833489f83aab58c79050ab3e3d003c75722da21003c95aa98926bff5e9,2019-02,Lancashire Constabulary,Lancashire Constabulary,-2.231320,53.820277,On or near Reedley Farm Close,E01025212,Pendle 013C,Violence and sexual offences,Unable to prosecute suspect,
,2019-02,Lancashire Constabulary,Lancashire Constabulary,-2.234867,53.816306,On or near Redman Road,E01025213,Pendle 013D,Anti-social behaviour,,
,2019-02,Lancashire Constabulary,Lancashire Constabulary,-2.237306,53.817829,On or near Roundwood Avenue,E01025213,Pendle 013D,Anti-social behaviour,,
2b172307f9e3c0c52728702adc8e90319c61d867f5b717670871567acfd8950a,2019-02,Lancashire Constabulary,Lancashire Constabulary,-2.230104,53.817466,On or near Reedley Drive,E01025213,Pendle 013D,Burglary,Status update unavailable,
46467ceecf8aaf5ca042e67c7edb0c12a0b21bd8ffe67ca3884e46bf6b7a5c1c,2019-02,Lancashire Constabulary,Lancashire Constabulary,-2.230104,53.817466,On or near Reedley Drive,E01025213,Pendle 013D,Other theft,Status update unavailable,
fbfcf5f924f0db8808a0d813e42ee5b2ca7131d1ac0f7f0bffa7867d0bca1310,2019-02,Lancashire Constabulary,Lancashire Constabulary,-2.237306,53.817829,On or near Roundwood Avenue,E01025213,Pendle 013D,Public order,Investigation complete; no suspect identified,
9380fc2084742e5859781d8ab3dd9702abecec349e756c21db2bd60b03cc66cc,2019-02,Lancashire Constabulary,Lancashire Constabulary,-2.249916,53.813283,On or near Wood End,E01025213,Pendle 013D,Public order,Status update unavailable,
95870ec87032fd6eb776e4c8b4ffdb058d469c8f08f2633270c9cb95ca498c1d,2019-02,Lancashire Constabulary,Lancashire Constabulary,-2.234867,53.816306,On or near Redman Road,E01025213,Pendle 013D,Public order,Status update unavailable,
6569284439646e8539886a017106c8f0e34213afd10603c6e905b7fe0056290c,2019-02,Lancashire Constabulary,Lancashire Constabulary,-2.235136,53.818193,On or near Swaledale Avenue,E01025213,Pendle 013D,Violence and sexual offences,Awaiting court outcome,
fe4c9f014847bad983405f3847947caef00aa4b4a2060af135cd12feac1fc451,2019-02,Lancashire Constabulary,Lancashire Constabulary,-2.249916,53.813283,On or near Wood End,E01025213,Pendle 013D,Violence and sexual offences,Status update unavailable,
88ae84384dff48ab2483ebbf8c11b5c8a8b671b3747cb4ee7df8ee9504045276,2019-02,Lancashire Constabulary,Lancashire Constabulary,-2.249916,53.813283,On or near Wood End,E01025213,Pendle 013D,Violence and sexual offences,Unable to prosecute suspect,
,2019-02,Lancashire Constabulary,Lancashire Constabulary,-2.221769,53.818093,On or near Ribchester Way,E01025214,Pendle 013E,Anti-social behaviour,,
940ed2688338e8564ffc2b841c7cf471f670852f90b2016269f07965f3a5cb46,2019-02,Lancashire Constabulary,Lancashire Constabulary,-2.220535,53.823263,On or near Halifax Road,E01025214,Pendle 013E,Burglary,Status update unavailable,
577e72bfd07ecbda2cd47a453df368e8c8f1156c8dc56ad4d39b1bf23ba996ce,2019-02,Lancashire Constabulary,Lancashire Constabulary,-2.207127,53.821319,On or near Height Croft,E01025214,Pendle 013E,Burglary,Status update unavailable,
f7f2ab0be811f474ec4eafb12caa33fc5f51e2163f572e0c29b0dae84e781591,2019-02,Lancashire Constabulary,Lancashire Constabulary,-2.219514,53.822528,On or near Woodlea Gardens,E01025214,Pendle 013E,Violence and sexual offences,Unable to prosecute suspect,
00ae2367819608af002b8c2f9fa1fe034b8fb8b0e5bc9a5873aea1e2c872c046,2019-02,Lancashire Constabulary,Lancashire Constabulary,-2.213707,53.821784,On or near Weatherhill Crescent,E01025214,Pendle 013E,Violence and sexual offences,Status update unavailable,
75de2cef5db9ca0eeb318315fc0d681be1329bc16361cb7dc995c0d9b9f09955,2019-02,Lancashire Constabulary,Lancashire Constabulary,-2.220535,53.823263,On or near Halifax Road,E01025214,Pendle 013E,Violence and sexual offences,Unable to prosecute suspect,
8a5699c06e621676c10644f2c7ac2be0812d8e5c7a171daeae885182f94a68f0,2019-02,Lancashire Constabulary,Lancashire Constabulary,-2.213707,53.821784,On or near Weatherhill Crescent,E01025214,Pendle 013E,Violence and sexual offences,Status update unavailable,
ee5875b4f6c1ef41dee21fd677e4526d5d488c5538b0e23afb53201d5ac8c937,2019-02,Lancashire Constabulary,Lancashire Constabulary,-2.220634,53.818877,On or near Suncliffe Road,E01025214,Pendle 013E,Violence and sexual offences,Formal action is not in the public interest,
,2019-02,Lancashire Constabulary,Lancashire Constabulary,-2.232132,53.821588,On or near Henry Gardens,E01025215,Pendle 013F,Anti-social behaviour,,
,2019-02,Lancashire Constabulary,Lancashire Constabulary,-2.232132,53.821588,On or near Henry Gardens,E01025215,Pendle 013F,Anti-social behaviour,,
,2019-02,Lancashire Constabulary,Lancashire Constabulary,-2.232132,53.821588,On or near Henry Gardens,E01025215,Pendle 013F,Anti-social behaviour,,
,2019-02,Lancashire Constabulary,Lancashire Constabulary,-2.232132,53.821588,On or near Henry Gardens,E01025215,Pendle 013F,Anti-social behaviour,,
,2019-02,Lancashire Constabulary,Lancashire Constabulary,-2.229585,53.822437,On or near Burton Gardens,E01025215,Pendle 013F,Anti-social behaviour,,
,2019-02,Lancashire Constabulary,Lancashire Constabulary,-2.233024,53.823554,On or near Primrose Street,E01025215,Pendle 013F,Anti-social behaviour,,
,2019-02,Lancashire Constabulary,Lancashire Constabulary,-2.229697,53.823597,On or near Wilton Street,E01025215,Pendle 013F,Anti-social behaviour,,
32e15cde7699e72a75d8aeac7ed76f64631a10c047e3c9bb0a99de4bab322ef9,2019-02,Lancashire Constabulary,Lancashire Constabulary,-2.229585,53.822437,On or near Burton Gardens,E01025215,Pendle 013F,Public order,Status update unavailable,
92d3dd00c3fe96953ad3e73d747cf9204290df7ec718b1697afc61e890121060,2019-02,Lancashire Constabulary,Lancashire Constabulary,-2.229697,53.823597,On or near Wilton Street,E01025215,Pendle 013F,Vehicle crime,Status update unavailable,
9d5b7164a4289fab154a16c167748e733ead486def4c36d87ee0e263c685af63,2019-02,Lancashire Constabulary,Lancashire Constabulary,-2.229585,53.822437,On or near Burton Gardens,E01025215,Pendle 013F,Violence and sexual offences,Unable to prosecute suspect,
a13994613809ed4097603684cbd8a5466946d6171acd1d4d58da1448009f981d,2019-02,Lancashire Constabulary,Lancashire Constabulary,-2.233396,53.822151,On or near Birtwistle Close,E01025215,Pendle 013F,Violence and sexual offences,Local resolution,
12366152515186a90f9abc582205fafaada9de47e4431003b975efb40ab8a3e6,2019-02,Lancashire Constabulary,Lancashire Constabulary,-2.229585,53.822437,On or near Burton Gardens,E01025215,Pendle 013F,Violence and sexual offences,Status update unavailable,
c3182330b48c71ddd41aa96dd90f8ec1c1ab6b6b2053dc9f4f02937aca973841,2019-02,Lancashire Constabulary,Lancashire Constabulary,-2.226630,53.823854,On or near Trinity Close,E01025215,Pendle 013F,Violence and sexual offences,Status update unavailable,
393187318b8ebb8fc5161fed1c00f3b1e101c4d7eae940bb858a8f38ea560d43,2019-02,Lancashire Constabulary,Lancashire Constabulary,-2.233396,53.822151,On or near Birtwistle Close,E01025215,Pendle 013F,Violence and sexual offences,Status update unavailable,
6b6bef67f3f9b60517d4f9c90b4098f21a196942e0ea30cace52b0940fafaf7d,2019-02,Lancashire Constabulary,Lancashire Constabulary,-2.233540,53.823409,On or near Craven Street,E01025215,Pendle 013F,Violence and sexual offences,Status update unavailable,
dd543271c3d4f3bdc03e3ffde11940f4575c0ac79aaf83fa70a97e527db2426d,2019-02,Lancashire Constabulary,Lancashire Constabulary,-2.226630,53.823854,On or near Trinity Close,E01025215,Pendle 013F,Other crime,Unable to prosecute suspect,
d2f5b75cab184c2bc1df90cbc43e09f2cfc6c9c217430f105460c2537f8a7944,2019-02,Lancashire Constabulary,Lancashire Constabulary,-3.389354,52.217756,On or near Mill View Close,W01000438,Powys 012A,Violence and sexual offences,Status update unavailable,
,2019-02,Lancashire Constabulary,Lancashire Constabulary,-2.623999,53.803111,On or near Maple Grove,E01025278,Preston 001A,Anti-social behaviour,,
2e512e033ee8b3d53e04396a355be9b4c6f361103ac11d1625054875ed642426,2019-02,Lancashire Constabulary,Lancashire Constabulary,-2.630601,53.804973,On or near Langden Fold,E01025278,Preston 001A,Burglary,Status update unavailable,
f609907c05aba639716a41eaa0ca621bcee42673554502ee2e1ead1846965b12,2019-02,Lancashire Constabulary,Lancashire Constabulary,-2.632091,53.801037,On or near Ribblesdale Drive,E01025278,Preston 001A,Violence and sexual offences,Unable to prosecute suspect,
f5c05313b7e0f72944949507997df004c2f53ad583bc7d7859780352937b98a3,2019-02,Lancashire Constabulary,Lancashire Constabulary,-2.622350,53.804576,On or near Woodlands Grove,E01025278,Preston 001A,Violence and sexual offences,Unable to prosecute suspect,
07931f3f62d972e9400e7a32e320e3bdba396cd840775cee09954004952aa718,2019-02,Lancashire Constabulary,Lancashire Constabulary,-2.635921,53.794294,On or near Longridge Road,E01025278,Preston 001A,Other crime,Unable to prosecute suspect,
,2019-02,Lancashire Constabulary,Lancashire Constabulary,-2.665197,53.879099,On or near Parking Area,E01025279,Preston 001B,Anti-social behaviour,,
e034a54544e5e0e111937242fe9f4982e5a61788b226c15568679a7a65d65950,2019-02,Lancashire Constabulary,Lancashire Constabulary,-2.665197,53.879099,On or near Parking Area,E01025279,Preston 001B,Burglary,Status update unavailable,
5f50b4b5201d9ae3fbba12a623f0fec0ed3fd581f9549df39cf4fc2ba35656d9,2019-02,Lancashire Constabulary,Lancashire Constabulary,-2.638325,53.823618,On or near Cumeragh Lane,E01025279,Preston 001B,Burglary,Status update unavailable,
2dbf30d97d6273d9849abf49625129db03dde67c08b2e6d67d3bc5e618276f4c,2019-02,Lancashire Constabulary,Lancashire Constabulary,-2.635049,53.832974,On or near Ashley Lane,E01025279,Preston 001B,Vehicle crime,Unable to prosecute suspect,
01baafac17ca4f690c8b1ab4c6fa59f54483883fdf2422aeb3f43d54b0d515d0,2019-02,Lancashire Constabulary,Lancashire Constabulary,-2.649645,53.893404,On or near Bleasedale Lane,E01025279,Preston 001B,Vehicle crime,Status update unavailable,
3b1c7a7537bafd44eb526d2cc0b2344da16f97dfb89a39ea6a8a725bc252581e,2019-02,Lancashire Constabulary,Lancashire Constabulary,-2.701413,53.822592,On or near Parking Area,E01025279,Preston 001B,Violence and sexual offences,Status update unavailable,
,2019-02,Lancashire Constabulary,Lancashire Constabulary,-2.657252,53.822581,On or near The Square,E01025282,Preston 001C,Anti-social behaviour,,
,2019-02,Lancashire Constabulary,Lancashire Constabulary,-2.658794,53.818223,On or near Sports/Recreation Area,E01025282,Preston 001C,Anti-social behaviour,,
53d3f4076c6e6761b987575d4a9b837ba8e7d3c3a87654f1d479e673f6019882,2019-02,Lancashire Constabulary,Lancashire Constabulary,-2.671646,53.823059,On or near The Croft,E01025282,Preston 001C,Criminal damage and arson,Unable to prosecute suspect,
bc9dcdf24706eed1ed98d6ff97d73b88fc4c2d36ee1be368d0af2cdabb530be7,2019-02,Lancashire Constabulary,Lancashire Constabulary,-2.671646,53.823059,On or near The Croft,E01025282,Preston 001C,Other theft,Unable to prosecute suspect,
2d0e1514bca826b219382d36b3be9b39c448e780fc08856ddf1e73a0d773f87d,2019-02,Lancashire Constabulary,Lancashire Constabulary,-2.657252,53.822581,On or near The Square,E01025282,Preston 001C,Public order,Investigation complete; no suspect identified,
f7d0c58bbc86db070d79106a503d55ca4e8fa513ae868e263e6e9810e5c38e74,2019-02,Lancashire Constabulary,Lancashire Constabulary,-2.657252,53.822581,On or near The Square,E01025282,Preston 001C,Public order,Further investigation is not in the public interest,
b3f502d05a4954c69ebbac9f91c35e425d02f33e1b8fbd03e9e6dbb27aa494bd,2019-02,Lancashire Constabulary,Lancashire Constabulary,-2.657252,53.822581,On or near The Square,E01025282,Preston 001C,Public order,Unable to prosecute suspect,
84250df5090f866cf3410fe41fe50c23811e3da17320255046bca35524c7f12f,2019-02,Lancashire Constabulary,Lancashire Constabulary,-2.657252,53.822581,On or near The Square,E01025282,Preston 001C,Public order,Status update unavailable,
d28b88413dcdc90b8556270264eb4adaeb7490519097277ef55e13f2e53d915d,2019-02,Lancashire Constabulary,Lancashire Constabulary,-2.657252,53.822581,On or near The Square,E01025282,Preston 001C,Public order,Status update unavailable,
88aab04ff8383c6a0a21b731a2d49605a19996cd0e12f3c4bc8022debbe27a39,2019-02,Lancashire Constabulary,Lancashire Constabulary,-2.657252,53.822581,On or near The Square,E01025282,Preston 001C,Public order,Unable to prosecute suspect,
39c1964ebb4f1544288cc5a6af373b18cc319957fa9bdf0c2dc0071f6d66f8d5,2019-02,Lancashire Constabulary,Lancashire Constabulary,-2.657252,53.822581,On or near The Square,E01025282,Preston 001C,Public order,Status update unavailable,
614bd541eec5126c66dc6679bbd3a2686e271c148ee25a930bf204d61285853d,2019-02,Lancashire Constabulary,Lancashire Constabulary,-2.657252,53.822581,On or near The Square,E01025282,Preston 001C,Public order,Unable to prosecute suspect,
6f48ea70fbfa164b00e247c1373d359fa2d2a854538f1f078bc7f251239cebea,2019-02,Lancashire Constabulary,Lancashire Constabulary,-2.658794,53.818223,On or near Sports/Recreation Area,E01025282,Preston 001C,Public order,Unable to prosecute suspect,
cb91f465c611c53cc593fcf17c73625bc29bb5b7e5061fd776404aae0c24ecaa,2019-02,Lancashire Constabulary,Lancashire Constabulary,-2.657252,53.822581,On or near The Square,E01025282,Preston 001C,Violence and sexual offences,Unable to prosecute suspect,
cce49fe3f6a0696bcc06ff7def8b7ceb8b0414807e89ad18f536454e01adf75e,2019-02,Lancashire Constabulary,Lancashire Constabulary,-2.657252,53.822581,On or near The Square,E01025282,Preston 001C,Violence and sexual offences,Status update unavailable,
865663214295f11cb07db2fbf745adfc95cf156cbbd93f17e27ba944d5bbb5b9,2019-02,Lancashire Constabulary,Lancashire Constabulary,-2.658794,53.818223,On or near Sports/Recreation Area,E01025282,Preston 001C,Violence and sexual offences,Unable to prosecute suspect,
9850133112a6aaefc269ceb096bad276e653c7f697655a6028d2de92b5cc4dcc,2019-02,Lancashire Constabulary,Lancashire Constabulary,-2.658794,53.818223,On or near Sports/Recreation Area,E01025282,Preston 001C,Violence and sexual offences,Status update unavailable,
cd5e2cca01f26ff21ac92d50cc3a996568a629316bd55d2b658d9da9e14ad328,2019-02,Lancashire Constabulary,Lancashire Constabulary,-2.657252,53.822581,On or near The Square,E01025282,Preston 001C,Violence and sexual offences,Unable to prosecute suspect,
0a6942e600cf283cf517b7c973d471d8fbf6efa35c15ae3e82dbe029d3851e80,2019-02,Lancashire Constabulary,Lancashire Constabulary,-2.657252,53.822581,On or near The Square,E01025282,Preston 001C,Violence and sexual offences,Unable to prosecute suspect,
10c1dae60a0253d9da55a0210611e4004329e90411023f66be9fbed4f65839e7,2019-02,Lancashire Constabulary,Lancashire Constabulary,-2.658794,53.818223,On or near Sports/Recreation Area,E01025282,Preston 001C,Violence and sexual offences,Unable to prosecute suspect,
37902418a8dbba3fa020ca2aca64bce136bf9abe1ccb99e25bb3c2c751ec4864,2019-02,Lancashire Constabulary,Lancashire Constabulary,-2.657252,53.822581,On or near The Square,E01025282,Preston 001C,Violence and sexual offences,Unable to prosecute suspect,
97cc4d5685233d8cd05fbdcf23ff103ccaa39368ae65a54af948105c98d54579,2019-02,Lancashire Constabulary,Lancashire Constabulary,-2.657252,53.822581,On or near The Square,E01025282,Preston 001C,Violence and sexual offences,Investigation complete; no suspect identified,
d1072db359fbedb5f148153ba18ff3757c1649fbd920b46ee877970fdc2ad9ae,2019-02,Lancashire Constabulary,Lancashire Constabulary,-2.657252,53.822581,On or near The Square,E01025282,Preston 001C,Violence and sexual offences,Unable to prosecute suspect,
64f7490660e5641fd0e76a887ad564b4a4fd722a6eef74b160dd86645182b1a6,2019-02,Lancashire Constabulary,Lancashire Constabulary,-2.658794,53.818223,On or near Sports/Recreation Area,E01025282,Preston 001C,Violence and sexual offences,Unable to prosecute suspect,
60d48e74a322b556ccb6367e4956e046fa4eb0254e1230f6907cd128a7933235,2019-02,Lancashire Constabulary,Lancashire Constabulary,-2.658794,53.818223,On or near Sports/Recreation Area,E01025282,Preston 001C,Violence and sexual offences,Unable to prosecute suspect,
,2019-02,Lancashire Constabulary,Lancashire Constabulary,-2.733473,53.789953,On or near Hoylake Close,E01025257,Preston 002A,Anti-social behaviour,,
,2019-02,Lancashire Constabulary,Lancashire Constabulary,-2.728266,53.786443,On or near Sports/Recreation Area,E01025257,Preston 002A,Anti-social behaviour,,
482038bdd81b8878cbf2dbfdc7490a6a7e05e74871e6ca268591a849595960de,2019-02,Lancashire Constabulary,Lancashire Constabulary,-2.742731,53.794174,On or near Sandyforth Lane,E01025257,Preston 002A,Vehicle crime,Status update unavailable,
96648d18241bc6aaad6eea3604dad5d71f39e322da39b2da04e0a5dd5b72b1e8,2019-02,Lancashire Constabulary,Lancashire Constabulary,-2.733201,53.795248,On or near Lightfoot Lane,E01025257,Preston 002A,Violence and sexual offences,Further investigation is not in the public interest,
3277fb8c8f56bbe962c43d33d2860e68a88630b4fb5bc04e15a693949d208e16,2019-02,Lancashire Constabulary,Lancashire Constabulary,-2.733201,53.795248,On or near Lightfoot Lane,E01025257,Preston 002A,Violence and sexual offences,Status update unavailable,
28b293d4f7aa41eaa8d16982b82d38513cde55442dbe5bf082b77dec63fd44f9,2019-02,Lancashire Constabulary,Lancashire Constabulary,-2.733201,53.795248,On or near Lightfoot Lane,E01025257,Preston 002A,Other crime,Further investigation is not in the public interest,
,2019-02,Lancashire Constabulary,Lancashire Constabulary,-2.728284,53.808500,On or near Woodplumpton Lane,E01025277,Preston 002B,Anti-social behaviour,,
,2019-02,Lancashire Constabulary,Lancashire Constabulary,-2.716286,53.801319,On or near Pedestrian Subway,E01025277,Preston 002B,Anti-social behaviour,,
,2019-02,Lancashire Constabulary,Lancashire Constabulary,-2.716286,53.801319,On or near Pedestrian Subway,E01025277,Preston 002B,Anti-social behaviour,,
fee550668e8364b6fe165e8eda89364babb688ee269769caf626dea48d6df49c,2019-02,Lancashire Constabulary,Lancashire Constabulary,-2.714270,53.798796,On or near Sports/Recreation Area,E01025277,Preston 002B,Criminal damage and arson,Status update unavailable,
7f5e2b2c9d416f7d3ec80a97f88ef35e4148cb7236d54fbaf315f95b0dd7cc51,2019-02,Lancashire Constabulary,Lancashire Constabulary,-2.727413,53.810770,On or near Parkstone Road,E01025277,Preston 002B,Drugs,Awaiting court outcome,
0e4bb6c9be58f39a618d0037a44e5b7e80e465f6e084a1eb90a45fc3ea7ef26a,2019-02,Lancashire Constabulary,Lancashire Constabulary,-2.716286,53.801319,On or near Pedestrian Subway,E01025277,Preston 002B,Other theft,Unable to prosecute suspect,
aedac008943945a7e32dd55a46503d8999edf7e9599e5b1e1ac040742ee8f7b8,2019-02,Lancashire Constabulary,Lancashire Constabulary,-2.723141,53.809682,On or near Petrol Station,E01025277,Preston 002B,Other theft,Status update unavailable,
ecd8e8efeb3e409a919dcf2d23fdd0707901a56c6ebf7d5325aaf877e25479f6,2019-02,Lancashire Constabulary,Lancashire Constabulary,-2.703723,53.802723,On or near Highrigg Drive,E01025277,Preston 002B,Public order,Status update unavailable,
83e1b483b69a944f831409ffcfd1c8f13fad41722c19c12181cf7a9b79c8acf0,2019-02,Lancashire Constabulary,Lancashire Constabulary,-2.727413,53.810770,On or near Parkstone Road,E01025277,Preston 002B,Vehicle crime,Status update unavailable,
a191fc8cee70c9694f76a7aaeff4eedef47ed65c5c1d6c38e737b21974c4318b,2019-02,Lancashire Constabulary,Lancashire Constabulary,-2.716286,53.801319,On or near Pedestrian Subway,E01025277,Preston 002B,Violence and sexual offences,Offender given a caution,
6f14d0b0325b357ecc62636fe505674d0bb4b5ea86d86e729822588cdb55dafa,2019-02,Lancashire Constabulary,Lancashire Constabulary,-2.703723,53.802723,On or near Highrigg Drive,E01025277,Preston 002B,Violence and sexual offences,Status update unavailable,
7c533d5d3067b39c9b799ebba03d9441033f829e706547d2b336cedd63e8b29c,2019-02,Lancashire Constabulary,Lancashire Constabulary,-2.703723,53.802723,On or near Highrigg Drive,E01025277,Preston 002B,Violence and sexual offences,Unable to prosecute suspect,
,2019-02,Lancashire Constabulary,Lancashire Constabulary,-2.746541,53.792452,On or near Lightfoot Lane,E01025280,Preston 002C,Anti-social behaviour,,
,2019-02,Lancashire Constabulary,Lancashire Constabulary,-2.802673,53.807306,On or near Roots Lane,E01025280,Preston 002C,Anti-social behaviour,,
,2019-02,Lancashire Constabulary,Lancashire Constabulary,-2.749647,53.790401,On or near Tag Lane,E01025280,Preston 002C,Anti-social behaviour,,
,2019-02,Lancashire Constabulary,Lancashire Constabulary,-2.789662,53.824416,On or near Lewth Farm,E01025280,Preston 002C,Anti-social behaviour,,
,2019-02,Lancashire Constabulary,Lancashire Constabulary,-2.747900,53.791194,On or near Tom Benson Way,E01025280,Preston 002C,Anti-social behaviour,,
d420de918abd404743f28888ffe1aac7f870e7155e0515c88f3bbbd072d65118,2019-02,Lancashire Constabulary,Lancashire Constabulary,-2.761499,53.786875,On or near The Granings,E01025280,Preston 002C,Burglary,Status update unavailable,
ae1c3c148c3f39fa5192478aceb707beaaa1536efa470b866d207886c2215c31,2019-02,Lancashire Constabulary,Lancashire Constabulary,-2.761499,53.786875,On or near The Granings,E01025280,Preston 002C,Burglary,Status update unavailable,
c6af229cbfbf0835c9a4eca4a3065c542633260a48c78ee1a0f2cc12d1721e22,2019-02,Lancashire Constabulary,Lancashire Constabulary,-2.783857,53.800761,On or near Hospital,E01025280,Preston 002C,Public order,Action to be taken by another organisation,
415d58da05110b06e37d9653443cc6c1bbaef5ab60cae9893b4963896b1ed98f,2019-02,Lancashire Constabulary,Lancashire Constabulary,-2.783857,53.800761,On or near Hospital,E01025280,Preston 002C,Public order,Further investigation is not in the public interest,
6aa404b1a2b9c3f861f3af6c171e96e66bc734d86df846e2ca5a74ae8f531950,2019-02,Lancashire Constabulary,Lancashire Constabulary,-2.751360,53.789411,On or near Honiton Way,E01025280,Preston 002C,Vehicle crime,Status update unavailable,
6d5bae0cba1ec26f0709a5664f7d514620427fc154da107b282afec16237d6b7,2019-02,Lancashire Constabulary,Lancashire Constabulary,-2.781651,53.790727,On or near Lea Lane,E01025280,Preston 002C,Violence and sexual offences,Unable to prosecute suspect,
a5bb9daddfc787df9f5d071a8d4c31e00b0d91779035d3f7d966214da30a77d3,2019-02,Lancashire Constabulary,Lancashire Constabulary,-2.781651,53.790727,On or near Lea Lane,E01025280,Preston 002C,Violence and sexual offences,Investigation complete; no suspect identified,
e1ae52e06c57e9394285322fb0cda37db53a6313751188ae16e6cf02dc48a357,2019-02,Lancashire Constabulary,Lancashire Constabulary,-2.761499,53.786875,On or near The Granings,E01025280,Preston 002C,Violence and sexual offences,Unable to prosecute suspect,
c1eec0a7bd3a4315743b852b9cf31a0ff7334fb998efbf84fa95ddabd70bfd0d,2019-02,Lancashire Constabulary,Lancashire Constabulary,-2.758620,53.810703,On or near Whittle Green,E01025281,Preston 002D,Burglary,Status update unavailable,
1ea4479e922961b456b22b8e915d6aa2dd9723452e3c499629294c3fe0a28705,2019-02,Lancashire Constabulary,Lancashire Constabulary,-2.737486,53.836954,On or near Sports/Recreation Area,E01025281,Preston 002D,Other theft,Status update unavailable,
,2019-02,Lancashire Constabulary,Lancashire Constabulary,-2.721266,53.783609,On or near Greyfriars Avenue,E01025256,Preston 003A,Anti-social behaviour,,
7c43ea60d54a0d4f8ddc042f32f33bccf1fd7c3adddb60c83c62c026555d1cb2,2019-02,Lancashire Constabulary,Lancashire Constabulary,-2.715487,53.788264,On or near Hawkhurst Crescent,E01025256,Preston 003A,Burglary,Status update unavailable,
833961df322a5e0aaa0489e943a98beb37a25222a17096659b550069df640490,2019-02,Lancashire Constabulary,Lancashire Constabulary,-2.713529,53.786487,On or near Regent Park,E01025256,Preston 003A,Burglary,Status update unavailable,
edd9a69a675ddc7dece2c9fbd34261b88ca8aed33fa184fc13abddcd45a20adc,2019-02,Lancashire Constabulary,Lancashire Constabulary,-2.715861,53.788837,On or near Hawkhurst Avenue,E01025256,Preston 003A,Criminal damage and arson,Status update unavailable,
a770c57dfd8bc54557c6e01c84ac034857c1ca6b2d5a5861ac986374b55e5cd6,2019-02,Lancashire Constabulary,Lancashire Constabulary,-2.714328,53.787911,On or near Clairane Avenue,E01025256,Preston 003A,Criminal damage and arson,Status update unavailable,
1dd76373a02f13e7f050b18347cf2ec7190447da0ca654bf39c82d475b1d845d,2019-02,Lancashire Constabulary,Lancashire Constabulary,-2.712738,53.787256,On or near Petrol Station,E01025256,Preston 003A,Other theft,Status update unavailable,
1079c5631fe207e132c6c41a045466184d7a1ec65063bf5d8cf0b4ee68162190,2019-02,Lancashire Constabulary,Lancashire Constabulary,-2.718519,53.783599,On or near Ridgeford Gardens,E01025256,Preston 003A,Violence and sexual offences,Unable to prosecute suspect,
091e001b7e2fe43fd016ed86377351a0e3d69db883058117d18d5645e010cb79,2019-02,Lancashire Constabulary,Lancashire Constabulary,-2.721515,53.783967,On or near Greyfriars Crescent,E01025256,Preston 003A,Violence and sexual offences,Status update unavailable,
064b2d28f1ff7cbbe548916428af1b06bafc89aebea397f159cb05d673fec151,2019-02,Lancashire Constabulary,Lancashire Constabulary,-2.718519,53.783599,On or near Ridgeford Gardens,E01025256,Preston 003A,Violence and sexual offences,Unable to prosecute suspect,
084642ccb5a0f2b4739e7be4c82b303e0fc50bab9cd3cdeb8f6109798a83d532,2019-02,Lancashire Constabulary,Lancashire Constabulary,-2.721515,53.783967,On or near Greyfriars Crescent,E01025256,Preston 003A,Violence and sexual offences,Further investigation is not in the public interest,
,2019-02,Lancashire Constabulary,Lancashire Constabulary,-2.722896,53.789226,On or near Conway Drive,E01025258,Preston 003B,Anti-social behaviour,,
,2019-02,Lancashire Constabulary,Lancashire Constabulary,-2.717695,53.786866,On or near Black Bull Lane,E01025258,Preston 003B,Anti-social behaviour,,
ebeb6e312c86f842e62847c5217d596bd4e21db2b3e041f2c601bacf58c82687,2019-02,Lancashire Constabulary,Lancashire Constabulary,-2.718744,53.791399,On or near Janice Drive,E01025258,Preston 003B,Violence and sexual offences,Awaiting court outcome,
180399aabb0a5e0df8c59eccb28b26cfcdc71806fb734c9dea001e628a85eefc,2019-02,Lancashire Constabulary,Lancashire Constabulary,-2.722896,53.789226,On or near Conway Drive,E01025258,Preston 003B,Violence and sexual offences,Further investigation is not in the public interest,
472acdac1be5252c8cca5727b09a5986dea63ff85b7ad8aafaee21c7b44b6540,2019-02,Lancashire Constabulary,Lancashire Constabulary,-2.721890,53.787210,On or near Garstone Croft,E01025258,Preston 003B,Violence and sexual offences,Unable to prosecute suspect,
,2019-02,Lancashire Constabulary,Lancashire Constabulary,-2.718438,53.794852,On or near Chestnut Drive,E01025259,Preston 003C,Anti-social behaviour,,
608c2cf8a28b5e2b8694353454292e5705c15f5c1ad2e21f4901b4010aefa697,2019-02,Lancashire Constabulary,Lancashire Constabulary,-2.718651,53.796667,On or near Oakwood Drive,E01025259,Preston 003C,Other theft,Status update unavailable,
1dc48024d26264c92c1a91c2d91b069de9bb1e2d3f949ee4baacfc2ab80e6f95,2019-02,Lancashire Constabulary,Lancashire Constabulary,-2.727256,53.796453,On or near Lightfoot Lane,E01025259,Preston 003C,Vehicle crime,Status update unavailable,
,2019-02,Lancashire Constabulary,Lancashire Constabulary,-2.704359,53.792680,On or near Aysgarth Avenue,E01025299,Preston 003D,Anti-social behaviour,,
,2019-02,Lancashire Constabulary,Lancashire Constabulary,-2.712326,53.792516,On or near Marina Drive,E01025299,Preston 003D,Anti-social behaviour,,
,2019-02,Lancashire Constabulary,Lancashire Constabulary,-2.706095,53.792966,On or near Heversham Avenue,E01025299,Preston 003D,Anti-social behaviour,,
,2019-02,Lancashire Constabulary,Lancashire Constabulary,-2.704879,53.793773,On or near Gatesgarth Avenue,E01025299,Preston 003D,Anti-social behaviour,,
503286fc6c49fcefeb2c4fc0d68c25095600d84eab28a13d503c44bbc2604c07,2019-02,Lancashire Constabulary,Lancashire Constabulary,-2.706095,53.792966,On or near Heversham Avenue,E01025299,Preston 003D,Shoplifting,Status update unavailable,
2f1a470a93f12d21bd11151d808af3e9c25cda490c0a0c47cbec90fb5ad12c5c,2019-02,Lancashire Constabulary,Lancashire Constabulary,-2.706095,53.792966,On or near Heversham Avenue,E01025299,Preston 003D,Shoplifting,Status update unavailable,
de06020d6ea65b3dd9845a7de495a57cd56c434568dff3509330b82ae244ee3b,2019-02,Lancashire Constabulary,Lancashire Constabulary,-2.709691,53.792873,On or near Brooklands Avenue,E01025299,Preston 003D,Vehicle crime,Status update unavailable,
,2019-02,Lancashire Constabulary,Lancashire Constabulary,-2.702050,53.796199,On or near Tiverton Close,E01025301,Preston 003E,Anti-social behaviour,,
,2019-02,Lancashire Constabulary,Lancashire Constabulary,-2.704488,53.797659,On or near Langfield Close,E01025301,Preston 003E,Anti-social behaviour,,
,2019-02,Lancashire Constabulary,Lancashire Constabulary,-2.698917,53.798581,On or near Haywood Close,E01025301,Preston 003E,Anti-social behaviour,,
e85ffc2676fd1ebf5842b6b70efef635e372ecd53a82721fe37a5419825b9501,2019-02,Lancashire Constabulary,Lancashire Constabulary,-2.705248,53.795857,On or near Meadowfield,E01025301,Preston 003E,Criminal damage and arson,Status update unavailable,
99bf35ac33d556d54267495ada6a3b59c0ff6bee5d630887a1e362f79df814de,2019-02,Lancashire Constabulary,Lancashire Constabulary,-2.699439,53.798012,On or near Briar Bank Row,E01025301,Preston 003E,Public order,Status update unavailable,
5fd3d3f2eea6ccff48f52a0a584acdfc0b3831abe9c278a74bc2e870396a7164,2019-02,Lancashire Constabulary,Lancashire Constabulary,-2.702050,53.796199,On or near Tiverton Close,E01025301,Preston 003E,Public order,Unable to prosecute suspect,
c533d82275ec7ac34b97f89592444058872822a98eaa05a72b263d6bdd6ea4c4,2019-02,Lancashire Constabulary,Lancashire Constabulary,-2.706395,53.796389,On or near Martinfield,E01025301,Preston 003E,Vehicle crime,Status update unavailable,
9cd1cdbe8b850120177bd76d742b30efc8dab085de3ffc7cc6568fe3873225f4,2019-02,Lancashire Constabulary,Lancashire Constabulary,-2.706965,53.796889,On or near Ashfield,E01025301,Preston 003E,Vehicle crime,Status update unavailable,
bbd3a005f11625389a070a0ba98b5c110d580c2f893e03eed9655b13282704b7,2019-02,Lancashire Constabulary,Lancashire Constabulary,-2.703319,53.793998,On or near Singleton Close,E01025302,Preston 003F,Public order,Status update unavailable,
807f65acb8e4c62407ece6acdc7b4f87140cfc206add713805ce1032856021b5,2019-02,Lancashire Constabulary,Lancashire Constabulary,-2.704834,53.794709,On or near Broadwood Drive,E01025302,Preston 003F,Vehicle crime,Status update unavailable,
e5b5a32a713cd88407425a3169b8be980c1134b42e863db8db7501a72674fa09,2019-02,Lancashire Constabulary,Lancashire Constabulary,-2.710876,53.796533,On or near Brookfield Drive,E01025302,Preston 003F,Vehicle crime,Status update unavailable,
0b373c9b96d77beef78eee9f17ebf56ab73e8da3c10425f0991111c8475cddde,2019-02,Lancashire Constabulary,Lancashire Constabulary,-2.709663,53.797502,On or near Moorfield Close,E01025302,Preston 003F,Vehicle crime,Status update unavailable,
84d24ec3cf877c7d78c58494538715677c418978adcc9a18bff6fd9fba9580b7,2019-02,Lancashire Constabulary,Lancashire Constabulary,-2.703319,53.793998,On or near Singleton Close,E01025302,Preston 003F,Vehicle crime,Status update unavailable,
a684bb3afb51787e309a280e5d253e7840359091b255d17f92871c98e3d4d8e8,2019-02,Lancashire Constabulary,Lancashire Constabulary,-2.706319,53.793684,On or near Goodwood Avenue,E01025302,Preston 003F,Violence and sexual offences,Status update unavailable,
,2019-02,Lancashire Constabulary,Lancashire Constabulary,-2.673856,53.787552,On or near Wookey Close,E01025253,Preston 004A,Anti-social behaviour,,
,2019-02,Lancashire Constabulary,Lancashire Constabulary,-2.674737,53.788536,On or near Fernyhalgh Court,E01025253,Preston 004A,Anti-social behaviour,,
87a3593c1d07479deec06d99cc981b4f82e376bcbd09fcec8b6950d334bb9346,2019-02,Lancashire Constabulary,Lancashire Constabulary,-2.683125,53.790987,On or near Loxley Green,E01025253,Preston 004A,Shoplifting,Status update unavailable,
c595e498e5c9239dcc6aa92ca00252dfd757edbeb437343580c7f1e88b4911f1,2019-02,Lancashire Constabulary,Lancashire Constabulary,-2.683125,53.790987,On or near Loxley Green,E01025253,Preston 004A,Shoplifting,Awaiting court outcome,
270a4320bb72b04b3a0ae011dda2fb1ff69dea864c1b221e0deafab0b648a2b0,2019-02,Lancashire Constabulary,Lancashire Constabulary,-2.683125,53.790987,On or near Loxley Green,E01025253,Preston 004A,Vehicle crime,Status update unavailable,
666cd578652d24388765f2f3380f02afa5ac6c9ee096c54035a8abde04a95ff8,2019-02,Lancashire Constabulary,Lancashire Constabulary,-2.676526,53.793092,On or near Ladybank Avenue,E01025253,Preston 004A,Violence and sexual offences,Unable to prosecute suspect,
12edf8df8db0e64d7cbbbea2b1ea8e46c4e37b359a2d97007fa863bb51bf740d,2019-02,Lancashire Constabulary,Lancashire Constabulary,-2.669266,53.789088,On or near Ashdown Mews,E01025253,Preston 004A,Violence and sexual offences,Unable to prosecute suspect,
,2019-02,Lancashire Constabulary,Lancashire Constabulary,-2.684788,53.784992,On or near Tanglewood,E01025254,Preston 004B,Anti-social behaviour,,
1bdfdf40358fa1099d12c23568d5a2a8a3dcdc18dee0590767680470fceeaf42,2019-02,Lancashire Constabulary,Lancashire Constabulary,-2.684788,53.784992,On or near Tanglewood,E01025254,Preston 004B,Violence and sexual offences,Status update unavailable,
,2019-02,Lancashire Constabulary,Lancashire Constabulary,-2.653009,53.791964,On or near Petrol Station,E01025255,Preston 004C,Anti-social behaviour,,
,2019-02,Lancashire Constabulary,Lancashire Constabulary,-2.653009,53.791964,On or near Petrol Station,E01025255,Preston 004C,Anti-social behaviour,,
a41cbdd5723e6d938c32142262044d0ef9749b0bd7f65b0635706415362346d3,2019-02,Lancashire Constabulary,Lancashire Constabulary,-2.668706,53.786287,On or near Springsands Close,E01025255,Preston 004C,Burglary,Status update unavailable,
181e0f0172c8813441fff75f9e6f031228339ee3e0afb44e1cffd9ce0133ccb1,2019-02,Lancashire Constabulary,Lancashire Constabulary,-2.664856,53.789508,On or near Sumners Barn,E01025255,Preston 004C,Drugs,Unable to prosecute suspect,
c3b8f5716994eb01f9197b187ed8ea60a0d59c5c9410d58d0602cd81a648ad5e,2019-02,Lancashire Constabulary,Lancashire Constabulary,-2.653009,53.791964,On or near Petrol Station,E01025255,Preston 004C,Public order,Investigation complete; no suspect identified,
03d30f9ee9897918d7f23cf515ea13be76f7aa768aeb17bee9598ebff43dcd53,2019-02,Lancashire Constabulary,Lancashire Constabulary,-2.667180,53.789585,On or near Teil Green,E01025255,Preston 004C,Violence and sexual offences,Unable to prosecute suspect,
,2019-02,Lancashire Constabulary,Lancashire Constabulary,-2.707055,53.792269,On or near Parking Area,E01025300,Preston 004D,Anti-social behaviour,,
,2019-02,Lancashire Constabulary,Lancashire Constabulary,-2.701381,53.792491,On or near Castle Mount,E01025300,Preston 004D,Anti-social behaviour,,
,2019-02,Lancashire Constabulary,Lancashire Constabulary,-2.697999,53.788097,On or near Fairways,E01025300,Preston 004D,Anti-social behaviour,,
,2019-02,Lancashire Constabulary,Lancashire Constabulary,-2.707055,53.792269,On or near Parking Area,E01025300,Preston 004D,Anti-social behaviour,,
,2019-02,Lancashire Constabulary,Lancashire Constabulary,-2.707055,53.792269,On or near Parking Area,E01025300,Preston 004D,Anti-social behaviour,,
,2019-02,Lancashire Constabulary,Lancashire Constabulary,-2.707055,53.792269,On or near Parking Area,E01025300,Preston 004D,Anti-social behaviour,,
,2019-02,Lancashire Constabulary,Lancashire Constabulary,-2.700213,53.789837,On or near Churchfield,E01025300,Preston 004D,Anti-social behaviour,,
7df3d1b85a5e811765bf005ee8d1106cb9eb2d9490c81390179f81d54d17f3fe,2019-02,Lancashire Constabulary,Lancashire Constabulary,-2.707055,53.792269,On or near Parking Area,E01025300,Preston 004D,Burglary,Status update unavailable,
c344a7917957098328c7394d5dcc803ab08a33949b021ecc4373d025b4b6d7fa,2019-02,Lancashire Constabulary,Lancashire Constabulary,-2.707055,53.792269,On or near Parking Area,E01025300,Preston 004D,Drugs,Offender given conditional discharge,
1e850afa6ea51e0aa24c439fb19f9f350da11c71dfe00e9167b9165c616a431a,2019-02,Lancashire Constabulary,Lancashire Constabulary,-2.707055,53.792269,On or near Parking Area,E01025300,Preston 004D,Other theft,Unable to prosecute suspect,
5e3457a536679d43e4cedc6906427ea8eb87075c84fe1ccbe47873a79b9a02a5,2019-02,Lancashire Constabulary,Lancashire Constabulary,-2.707055,53.792269,On or near Parking Area,E01025300,Preston 004D,Other theft,Status update unavailable,
177ed9a3502bb6b6626d86948d07d1280f31b6bb8418a67c38ae6c049112ff48,2019-02,Lancashire Constabulary,Lancashire Constabulary,-2.707055,53.792269,On or near Parking Area,E01025300,Preston 004D,Public order,Awaiting court outcome,
f7c9241bfcc3e4ff774d46ed6c95558733a33031ab879d6093b272459ecca86c,2019-02,Lancashire Constabulary,Lancashire Constabulary,-2.707055,53.792269,On or near Parking Area,E01025300,Preston 004D,Public order,Status update unavailable,
78bd7b626e6ac49a688c336f8e71c39972c945666007c57403d4c1591270892d,2019-02,Lancashire Constabulary,Lancashire Constabulary,-2.707055,53.792269,On or near Parking Area,E01025300,Preston 004D,Violence and sexual offences,Unable to prosecute suspect,
73e9cf66032aa7c0a96d1e66d3b669ad2c1477af4c168a93984de81b3c1aa49f,2019-02,Lancashire Constabulary,Lancashire Constabulary,-2.707055,53.792269,On or near Parking Area,E01025300,Preston 004D,Violence and sexual offences,Unable to prosecute suspect,
77ea0701c10943cecea13bebd38c5d5f4717d66184b3f3f11e020a42a76def28,2019-02,Lancashire Constabulary,Lancashire Constabulary,-2.707055,53.792269,On or near Parking Area,E01025300,Preston 004D,Violence and sexual offences,Unable to prosecute suspect,
e360819c679994886585c6c4fe7d4738c8d183551e0e44082efaca6db0b0b86d,2019-02,Lancashire Constabulary,Lancashire Constabulary,-2.707055,53.792269,On or near Parking Area,E01025300,Preston 004D,Violence and sexual offences,Status update unavailable,
,2019-02,Lancashire Constabulary,Lancashire Constabulary,-2.692221,53.797622,On or near Oliver'S Place,E01025303,Preston 004E,Anti-social behaviour,,
896853ade0c21906198ca5e9eeccdeca60f1e6faf7ec25b4b87c43b2e09b3d5a,2019-02,Lancashire Constabulary,Lancashire Constabulary,-2.700188,53.794691,On or near Tower Green,E01025303,Preston 004E,Criminal damage and arson,Status update unavailable,
bb76d8122d5c0ac82890b05e55af0e85fcf1e30ecd93efc3f8432e1d82421b78,2019-02,Lancashire Constabulary,Lancashire Constabulary,-2.697434,53.794329,On or near Deborah Avenue,E01025303,Preston 004E,Violence and sexual offences,Unable to prosecute suspect,
,2019-02,Lancashire Constabulary,Lancashire Constabulary,-2.744784,53.780652,On or near Hayling Place,E01025260,Preston 005A,Anti-social behaviour,,
,2019-02,Lancashire Constabulary,Lancashire Constabulary,-2.742382,53.780424,On or near Ventnor Place,E01025260,Preston 005A,Anti-social behaviour,,
,2019-02,Lancashire Constabulary,Lancashire Constabulary,-2.740386,53.778279,On or near Worthing Road,E01025260,Preston 005A,Anti-social behaviour,,
9eed1bd405ee496d665ccf2e1f9f6c7a6d2801741d286448fe6eec20f690f1f3,2019-02,Lancashire Constabulary,Lancashire Constabulary,-2.742784,53.777438,On or near Cromer Place,E01025260,Preston 005A,Bicycle theft,Status update unavailable,
a80c56a14777fddba1c3f7275dbfe8b73509b20044f8183a475a5a8bfbc3fb8f,2019-02,Lancashire Constabulary,Lancashire Constabulary,-2.749102,53.775142,On or near Valentines Lane,E01025260,Preston 005A,Bicycle theft,Status update unavailable,
683248e09d58410d04a6216edbf04dd14d7c4dbe5ba53dbb8ef81785dd4242ac,2019-02,Lancashire Constabulary,Lancashire Constabulary,-2.746074,53.776384,On or near Dunbar Road,E01025260,Preston 005A,Burglary,Status update unavailable,
da676a481850a7ccbef41e9cf8fc3993582409eca097b6bdf391c2f73fcfc271,2019-02,Lancashire Constabulary,Lancashire Constabulary,-2.745309,53.776883,On or near Bardsea Place,E01025260,Preston 005A,Criminal damage and arson,Status update unavailable,
69b230dc8a80eecdfd3339dde645536bb8942f0dc696bb8ae3ea545b2b927a0b,2019-02,Lancashire Constabulary,Lancashire Constabulary,-2.746074,53.776384,On or near Dunbar Road,E01025260,Preston 005A,Other theft,Unable to prosecute suspect,
6fc58c45a332beb482734dd20f84b7e54b88e9133da93f7feaba887132f021a4,2019-02,Lancashire Constabulary,Lancashire Constabulary,-2.746074,53.776384,On or near Dunbar Road,E01025260,Preston 005A,Other theft,Status update unavailable,
67ff478c4d81393a77788f04215af9d13ab738151817b0d33b6ef7f72694bf28,2019-02,Lancashire Constabulary,Lancashire Constabulary,-2.743036,53.778811,On or near Clevedon Road,E01025260,Preston 005A,Public order,Further investigation is not in the public interest,
77fbd42061993f3d4a85c3a7b441d76340433ab7198df0a9163b6c70c16a5fc9,2019-02,Lancashire Constabulary,Lancashire Constabulary,-2.743036,53.778811,On or near Clevedon Road,E01025260,Preston 005A,Violence and sexual offences,Unable to prosecute suspect,
41850fcef35fc6a93573ee38770516040e6ca34adf0bfa81d972e3dfe26b6bd2,2019-02,Lancashire Constabulary,Lancashire Constabulary,-2.745309,53.776883,On or near Bardsea Place,E01025260,Preston 005A,Violence and sexual offences,Status update unavailable,
67061f7a86804991763a08422fb58b8e2c7caa7e1903a9bbfe4fe0bf91c34894,2019-02,Lancashire Constabulary,Lancashire Constabulary,-2.743605,53.779203,On or near Cottam Avenue,E01025260,Preston 005A,Violence and sexual offences,Status update unavailable,
3bf2159fe119015b2f74234d6c2860b9029e91f56ed46b48bd5704fe0ff938d5,2019-02,Lancashire Constabulary,Lancashire Constabulary,-2.743605,53.779203,On or near Cottam Avenue,E01025260,Preston 005A,Violence and sexual offences,Awaiting court outcome,
071c2567cf51f15d6d0950ce4cdb9170246265dbfd33cc23082bd4f0ac171285,2019-02,Lancashire Constabulary,Lancashire Constabulary,-2.745646,53.777051,On or near Creswell Avenue,E01025260,Preston 005A,Violence and sexual offences,Status update unavailable,
c9e45de9f5a45b2809192b52357498cedc8d2907249b1be0c2506e3cb70309e4,2019-02,Lancashire Constabulary,Lancashire Constabulary,-2.742382,53.780424,On or near Ventnor Place,E01025260,Preston 005A,Violence and sexual offences,Status update unavailable,
b7b26e8db92240191397c1e4baaedafc894c6dce7ce9026b4d6cd15045190126,2019-02,Lancashire Constabulary,Lancashire Constabulary,-2.743036,53.778811,On or near Clevedon Road,E01025260,Preston 005A,Violence and sexual offences,Further investigation is not in the public interest,
911ec7b082c33d789916c6560e7cb6970dc5b6e138204da83d0feabfebe7d5fc,2019-02,Lancashire Constabulary,Lancashire Constabulary,-2.742572,53.776576,On or near Brighton Crescent,E01025260,Preston 005A,Violence and sexual offences,Unable to prosecute suspect,
0217911acb0b21586c2a932a2832a5c2da439c44837082909bc82b7526006b16,2019-02,Lancashire Constabulary,Lancashire Constabulary,-2.743605,53.779203,On or near Cottam Avenue,E01025260,Preston 005A,Violence and sexual offences,Status update unavailable,
,2019-02,Lancashire Constabulary,Lancashire Constabulary,-2.749063,53.781497,On or near Dunoon Close,E01025262,Preston 005B,Anti-social behaviour,,
,2019-02,Lancashire Constabulary,Lancashire Constabulary,-2.749063,53.781497,On or near Dunoon Close,E01025262,Preston 005B,Anti-social behaviour,,
,2019-02,Lancashire Constabulary,Lancashire Constabulary,-2.749063,53.781497,On or near Dunoon Close,E01025262,Preston 005B,Anti-social behaviour,,
,2019-02,Lancashire Constabulary,Lancashire Constabulary,-2.749063,53.781497,On or near Dunoon Close,E01025262,Preston 005B,Anti-social behaviour,,
,2019-02,Lancashire Constabulary,Lancashire Constabulary,-2.749063,53.781497,On or near Dunoon Close,E01025262,Preston 005B,Anti-social behaviour,,
,2019-02,Lancashire Constabulary,Lancashire Constabulary,-2.749063,53.781497,On or near Dunoon Close,E01025262,Preston 005B,Anti-social behaviour,,
,2019-02,Lancashire Constabulary,Lancashire Constabulary,-2.749063,53.781497,On or near Dunoon Close,E01025262,Preston 005B,Anti-social behaviour,,
,2019-02,Lancashire Constabulary,Lancashire Constabulary,-2.749063,53.781497,On or near Dunoon Close,E01025262,Preston 005B,Anti-social behaviour,,
,2019-02,Lancashire Constabulary,Lancashire Constabulary,-2.749063,53.781497,On or near Dunoon Close,E01025262,Preston 005B,Anti-social behaviour,,
,2019-02,Lancashire Constabulary,Lancashire Constabulary,-2.749063,53.781497,On or near Dunoon Close,E01025262,Preston 005B,Anti-social behaviour,,
,2019-02,Lancashire Constabulary,Lancashire Constabulary,-2.749063,53.781497,On or near Dunoon Close,E01025262,Preston 005B,Anti-social behaviour,,
4ec5237debb87afb9bb3daf4f42736fbf6519afaf1976104cac1c656dd5c8499,2019-02,Lancashire Constabulary,Lancashire Constabulary,-2.749063,53.781497,On or near Dunoon Close,E01025262,Preston 005B,Public order,Status update unavailable,
9d4b7de1a2790cb66c30539308f24dcb3eaf60216d26c9f660382b7ba8bc3e12,2019-02,Lancashire Constabulary,Lancashire Constabulary,-2.749063,53.781497,On or near Dunoon Close,E01025262,Preston 005B,Violence and sexual offences,Awaiting court outcome,
dbd97e142de444089387646e07368af9e6bad475d9c7ef5724d29e1b78a0f789,2019-02,Lancashire Constabulary,Lancashire Constabulary,-2.740585,53.782656,On or near Ashbourne Crescent,E01025262,Preston 005B,Violence and sexual offences,Status update unavailable,
f41da0ffc4df0ccde7f3c94a8cbb003c27af4c8ad14cd5cc8e39cf052dae4665,2019-02,Lancashire Constabulary,Lancashire Constabulary,-2.740079,53.782344,On or near Dovedale Avenue,E01025262,Preston 005B,Violence and sexual offences,Unable to prosecute suspect,
faa88bd787ada5fd1361609f6d2f310b4ae8734af559ae5e203bf516ab8f8171,2019-02,Lancashire Constabulary,Lancashire Constabulary,-2.749063,53.781497,On or near Dunoon Close,E01025262,Preston 005B,Violence and sexual offences,Awaiting court outcome,
1eb2dee6e2c2abc1132b06d18b236cdb8829b7831826377a6dd1c0e06c3e462c,2019-02,Lancashire Constabulary,Lancashire Constabulary,-2.738956,53.782387,On or near Matlock Place,E01025262,Preston 005B,Violence and sexual offences,Unable to prosecute suspect,
9c32d7006bc3bb22e0fb9b9b754d3d41b7dc54287912ad0efd26ee49788b29df,2019-02,Lancashire Constabulary,Lancashire Constabulary,-2.740585,53.782656,On or near Ashbourne Crescent,E01025262,Preston 005B,Violence and sexual offences,Status update unavailable,
8c00cfeb7022c54696fc61f697f6ed8a6c6ab394e05210c5734b3c110bc748b7,2019-02,Lancashire Constabulary,Lancashire Constabulary,-2.749063,53.781497,On or near Dunoon Close,E01025262,Preston 005B,Violence and sexual offences,Awaiting court outcome,
b7bef22418939d3a941cc3166878546481f68ac930af8f9f0e566047a23a75dc,2019-02,Lancashire Constabulary,Lancashire Constabulary,-2.749063,53.781497,On or near Dunoon Close,E01025262,Preston 005B,Violence and sexual offences,Status update unavailable,
439c3e8474fe671545cda142361845d8543d65ba0aaca671fb26904e77095347,2019-02,Lancashire Constabulary,Lancashire Constabulary,-2.746413,53.781801,On or near Whitby Avenue,E01025262,Preston 005B,Violence and sexual offences,Unable to prosecute suspect,
,2019-02,Lancashire Constabulary,Lancashire Constabulary,-2.745800,53.787477,On or near Village Green Lane,E01025263,Preston 005C,Anti-social behaviour,,
,2019-02,Lancashire Constabulary,Lancashire Constabulary,-2.745670,53.788682,On or near Turnfield,E01025263,Preston 005C,Anti-social behaviour,,
814fa0b3be44df63769a5cbfdce4600ce54ee7fd2748468e6b0bbccef12d2b76,2019-02,Lancashire Constabulary,Lancashire Constabulary,-2.742940,53.788798,On or near Bowlingfield,E01025263,Preston 005C,Burglary,Status update unavailable,
d99c5b664a6a2036846fd6b68e8e044fedfa7a051b4626873781ab63bce169c7,2019-02,Lancashire Constabulary,Lancashire Constabulary,-2.743586,53.789297,On or near Tanterton Hall Road,E01025263,Preston 005C,Criminal damage and arson,Status update unavailable,
a356baab8b164a85a5a993517f6da44b7ec00277014f2ec83ab7bd04d0479510,2019-02,Lancashire Constabulary,Lancashire Constabulary,-2.743586,53.789297,On or near Tanterton Hall Road,E01025263,Preston 005C,Criminal damage and arson,Status update unavailable,
8889811d3421ca507856e3c3af8df1a600493c98870ed625fdbbed82b5d88e6a,2019-02,Lancashire Constabulary,Lancashire Constabulary,-2.747981,53.788892,On or near Petrol Station,E01025263,Preston 005C,Drugs,Offender given penalty notice,
7d029a6129d9840f21d34ebfa8033239e7c7c5fa7e2a606284dd05c29333c212,2019-02,Lancashire Constabulary,Lancashire Constabulary,-2.747058,53.785653,On or near Marlfield Close,E01025263,Preston 005C,Other theft,Status update unavailable,
660199f8ee3fa8179024aa44027d92e343ff510b1e5a90d1a88635a6c71c35f9,2019-02,Lancashire Constabulary,Lancashire Constabulary,-2.747058,53.785653,On or near Marlfield Close,E01025263,Preston 005C,Public order,Status update unavailable,
c7a43341f9e0f9588826513babc73382e3cf20abffde9535fbcc6c6361590211,2019-02,Lancashire Constabulary,Lancashire Constabulary,-2.745800,53.787477,On or near Village Green Lane,E01025263,Preston 005C,Violence and sexual offences,Unable to prosecute suspect,
020e355afd8462362a8da1f56d5e4eb44ca460ea4be2598e2991d7eef79a177b,2019-02,Lancashire Constabulary,Lancashire Constabulary,-2.742940,53.788798,On or near Bowlingfield,E01025263,Preston 005C,Violence and sexual offences,Awaiting court outcome,
09ac3cf98059521c9aa1d8cf2104cf06aa8bd2f86ed1327cec418441fb08025b,2019-02,Lancashire Constabulary,Lancashire Constabulary,-2.748290,53.787497,On or near Goldburn Close,E01025263,Preston 005C,Violence and sexual offences,Unable to prosecute suspect,
530419395631877cdadbb3e1dbb3c904bc3a2a53c6be7ac9bdca9bbeea449292,2019-02,Lancashire Constabulary,Lancashire Constabulary,-2.747058,53.785653,On or near Marlfield Close,E01025263,Preston 005C,Violence and sexual offences,Unable to prosecute suspect,
37cfe25cfae9172783cc86b990f3e27463307bfdbd3e38a3c24fa045991ba181,2019-02,Lancashire Constabulary,Lancashire Constabulary,-2.745800,53.787477,On or near Village Green Lane,E01025263,Preston 005C,Violence and sexual offences,Status update unavailable,
,2019-02,Lancashire Constabulary,Lancashire Constabulary,-2.739237,53.788012,On or near Sheraton Park,E01025264,Preston 005D,Anti-social behaviour,,
,2019-02,Lancashire Constabulary,Lancashire Constabulary,-2.741347,53.786264,On or near Mason House Crescent,E01025264,Preston 005D,Anti-social behaviour,,
,2019-02,Lancashire Constabulary,Lancashire Constabulary,-2.741347,53.786264,On or near Mason House Crescent,E01025264,Preston 005D,Anti-social behaviour,,
,2019-02,Lancashire Constabulary,Lancashire Constabulary,-2.745426,53.786922,On or near Maple Leaf Close,E01025264,Preston 005D,Anti-social behaviour,,
,2019-02,Lancashire Constabulary,Lancashire Constabulary,-2.739237,53.788012,On or near Sheraton Park,E01025264,Preston 005D,Anti-social behaviour,,
,2019-02,Lancashire Constabulary,Lancashire Constabulary,-2.739237,53.788012,On or near Sheraton Park,E01025264,Preston 005D,Anti-social behaviour,,
,2019-02,Lancashire Constabulary,Lancashire Constabulary,-2.743896,53.785385,On or near Sylvancroft,E01025264,Preston 005D,Anti-social behaviour,,
,2019-02,Lancashire Constabulary,Lancashire Constabulary,-2.741347,53.786264,On or near Mason House Crescent,E01025264,Preston 005D,Anti-social behaviour,,
,2019-02,Lancashire Constabulary,Lancashire Constabulary,-2.741347,53.786264,On or near Mason House Crescent,E01025264,Preston 005D,Anti-social behaviour,,
,2019-02,Lancashire Constabulary,Lancashire Constabulary,-2.739237,53.788012,On or near Sheraton Park,E01025264,Preston 005D,Anti-social behaviour,,
,2019-02,Lancashire Constabulary,Lancashire Constabulary,-2.739237,53.788012,On or near Sheraton Park,E01025264,Preston 005D,Anti-social behaviour,,
,2019-02,Lancashire Constabulary,Lancashire Constabulary,-2.738672,53.783485,On or near Sports/Recreation Area,E01025264,Preston 005D,Anti-social behaviour,,
b155c493214ddd5715046fc8b0dd12d956d6cc528717ff29c6688f034a96ea74,2019-02,Lancashire Constabulary,Lancashire Constabulary,-2.738424,53.785779,On or near Dukes Meadow,E01025264,Preston 005D,Criminal damage and arson,Status update unavailable,
5de4714bcfdf381564a046aff4c1565829ec3d0cf6ffbb9262afb325dfed289e,2019-02,Lancashire Constabulary,Lancashire Constabulary,-2.741276,53.785716,On or near Thistlecroft,E01025264,Preston 005D,Criminal damage and arson,Unable to prosecute suspect,
a60fc9368f9d704320690c64394dcf7502870195e246af49260e552c41599cc3,2019-02,Lancashire Constabulary,Lancashire Constabulary,-2.743296,53.786656,On or near Pool House Court,E01025264,Preston 005D,Violence and sexual offences,Unable to prosecute suspect,
36ad744284cd4a067b8d02b56eee9f0f693d59bf031b8a94ab63208bbc143a43,2019-02,Lancashire Constabulary,Lancashire Constabulary,-2.741276,53.785716,On or near Thistlecroft,E01025264,Preston 005D,Violence and sexual offences,Unable to prosecute suspect,
0246873457869da75a97549e195de636c6617b69dcd88dd2a6d790ddec9c452e,2019-02,Lancashire Constabulary,Lancashire Constabulary,-2.741276,53.785716,On or near Thistlecroft,E01025264,Preston 005D,Violence and sexual offences,Unable to prosecute suspect,
,2019-02,Lancashire Constabulary,Lancashire Constabulary,-2.718289,53.777245,On or near Brook Street North,E01025239,Preston 006A,Anti-social behaviour,,
,2019-02,Lancashire Constabulary,Lancashire Constabulary,-2.719872,53.780175,On or near Hillpark Avenue,E01025239,Preston 006A,Anti-social behaviour,,
18a8da5b29976d8d1adeeb6c9639e8d2f179bc4456f5a5393760fb2c4b635315,2019-02,Lancashire Constabulary,Lancashire Constabulary,-2.717638,53.777312,On or near Fowler Street,E01025239,Preston 006A,Bicycle theft,Status update unavailable,
11efc55f5ac4cbf00de1c067fbfcdd9352ae38a7ec31711dc04846fb30ad05c5,2019-02,Lancashire Constabulary,Lancashire Constabulary,-2.718289,53.777245,On or near Brook Street North,E01025239,Preston 006A,Violence and sexual offences,Further investigation is not in the public interest,
8d9c3422f08ecf9a6e2ee4bddb3c08a25c97158c6ee67a1bb57081785e40bd62,2019-02,Lancashire Constabulary,Lancashire Constabulary,-2.725199,53.781051,On or near St Anthony'S Crescent,E01025239,Preston 006A,Violence and sexual offences,Unable to prosecute suspect,
,2019-02,Lancashire Constabulary,Lancashire Constabulary,-2.720609,53.781582,On or near Beacon Grove,E01025241,Preston 006B,Anti-social behaviour,,
,2019-02,Lancashire Constabulary,Lancashire Constabulary,-2.720609,53.781582,On or near Beacon Grove,E01025241,Preston 006B,Anti-social behaviour,,
e91153e883ce0fbd58ab7be9bfdf6ec95ea54f363322cf2bd6d4c1fb5072bd98,2019-02,Lancashire Constabulary,Lancashire Constabulary,-2.720915,53.782605,On or near Beacon Avenue,E01025241,Preston 006B,Violence and sexual offences,Unable to prosecute suspect,
,2019-02,Lancashire Constabulary,Lancashire Constabulary,-2.709743,53.778905,On or near The Triangle,E01025242,Preston 006C,Anti-social behaviour,,
,2019-02,Lancashire Constabulary,Lancashire Constabulary,-2.709743,53.778905,On or near The Triangle,E01025242,Preston 006C,Anti-social behaviour,,
07b080c04b49e291ee413d932e5e3b3a3584361adc4c16ede8e58043f7ec7cab,2019-02,Lancashire Constabulary,Lancashire Constabulary,-2.705260,53.786653,On or near Heathway,E01025242,Preston 006C,Public order,Unable to prosecute suspect,
88b377b8e193e4a2a6c0410d172c2abaa6e3ceee00e374b0a79b9a46c6bae879,2019-02,Lancashire Constabulary,Lancashire Constabulary,-2.707311,53.778632,On or near Highgate Avenue,E01025242,Preston 006C,Violence and sexual offences,Unable to prosecute suspect,
17e01b5ce990998d5f26fa2646d6a5abecc2d2e3afcad9e086f4c3c1a80059dc,2019-02,Lancashire Constabulary,Lancashire Constabulary,-2.705709,53.783567,On or near Croftgate,E01025242,Preston 006C,Violence and sexual offences,Unable to prosecute suspect,
,2019-02,Lancashire Constabulary,Lancashire Constabulary,-2.706192,53.778899,On or near Highgate Close,E01025243,Preston 006D,Anti-social behaviour,,
,2019-02,Lancashire Constabulary,Lancashire Constabulary,-2.701467,53.776734,On or near Lower Bank Road,E01025243,Preston 006D,Anti-social behaviour,,
,2019-02,Lancashire Constabulary,Lancashire Constabulary,-2.687733,53.777578,On or near Sir Tom Finney Way,E01025243,Preston 006D,Anti-social behaviour,,
,2019-02,Lancashire Constabulary,Lancashire Constabulary,-2.695889,53.778915,On or near Chapel Road,E01025243,Preston 006D,Anti-social behaviour,,
,2019-02,Lancashire Constabulary,Lancashire Constabulary,-2.703744,53.778608,On or near Vicarage Lane,E01025243,Preston 006D,Anti-social behaviour,,
,2019-02,Lancashire Constabulary,Lancashire Constabulary,-2.689215,53.777245,On or near Garrison Road,E01025243,Preston 006D,Anti-social behaviour,,
93632104c9e3694a8088c930d9d083d83a994824d9155379543050567bd09d3d,2019-02,Lancashire Constabulary,Lancashire Constabulary,-2.697349,53.778241,On or near Police Station,E01025243,Preston 006D,Burglary,Offender given a caution,
668b1872c66d5e88669fcd466a348a4af093f998e2dff12f12406b61bdcb4ef0,2019-02,Lancashire Constabulary,Lancashire Constabulary,-2.693541,53.777355,On or near Chapman Road,E01025243,Preston 006D,Burglary,Status update unavailable,
84d0a52c7939ffa580106c118273183b41ece5bf03868f5e9a81480189e6cbcb,2019-02,Lancashire Constabulary,Lancashire Constabulary,-2.687733,53.777578,On or near Sir Tom Finney Way,E01025243,Preston 006D,Burglary,Status update unavailable,
b32e1056d8631e2eb6caf4fcfb240e3ffdb91883c18fa705f88f6fabb4318923,2019-02,Lancashire Constabulary,Lancashire Constabulary,-2.706192,53.778899,On or near Highgate Close,E01025243,Preston 006D,Burglary,Status update unavailable,
b04ef89b574982c6231dd13d965d4e355d9a978f04d3395a3f5a28518e436f20,2019-02,Lancashire Constabulary,Lancashire Constabulary,-2.689215,53.777245,On or near Garrison Road,E01025243,Preston 006D,Burglary,Status update unavailable,
2cf89fec00b7727bf5731688ae8aa1a7e1b5a446f470eefeec789015fa797f0a,2019-02,Lancashire Constabulary,Lancashire Constabulary,-2.706192,53.778899,On or near Highgate Close,E01025243,Preston 006D,Burglary,Status update unavailable,
47fbc880e7268e3a50b3c470bd60fe3fd4d1eb1d02dc4bb7b5a1dcce0d23c7ab,2019-02,Lancashire Constabulary,Lancashire Constabulary,-2.687733,53.777578,On or near Sir Tom Finney Way,E01025243,Preston 006D,Burglary,Status update unavailable,
e5782c6c3f0817f39448807143d6f52e0607fd506094a9106f30aae0d6efbedd,2019-02,Lancashire Constabulary,Lancashire Constabulary,-2.707568,53.776761,On or near Eaves Lane,E01025243,Preston 006D,Criminal damage and arson,Status update unavailable,
b7c4c93311f25d442b24fc4e9960452f0c9097be4d8ce89fa1f5e64e1aacd7c9,2019-02,Lancashire Constabulary,Lancashire Constabulary,-2.687733,53.777578,On or near Sir Tom Finney Way,E01025243,Preston 006D,Criminal damage and arson,Status update unavailable,
6e81daa401e260671e52f7c089b24bd1c5a8991729b4aa9f729894fea05a2bfb,2019-02,Lancashire Constabulary,Lancashire Constabulary,-2.701078,53.777069,On or near Higher Bank Road,E01025243,Preston 006D,Criminal damage and arson,Unable to prosecute suspect,
57b554e3964464eed8b64495482c1110ec136d2db3fd7fb6fddc761c830e5e64,2019-02,Lancashire Constabulary,Lancashire Constabulary,-2.702722,53.777383,On or near Albert Road,E01025243,Preston 006D,Other theft,Unable to prosecute suspect,
a1221ce1601c1d3cc16f5e6c040e86cc0e1336ae1a1f5754b5aa8592ecf75938,2019-02,Lancashire Constabulary,Lancashire Constabulary,-2.698687,53.778368,On or near Watling Street Road,E01025243,Preston 006D,Other theft,Unable to prosecute suspect,
f80d251e93108e918da77d343685f41095e5a77bf5c6c5062ed754b7e7f1cea2,2019-02,Lancashire Constabulary,Lancashire Constabulary,-2.699027,53.780541,On or near Halkin Close,E01025243,Preston 006D,Public order,Unable to prosecute suspect,
17838f645e8d2e0b1af03fd86a84fdc71eca96c14f66b3c047b34865acf22088,2019-02,Lancashire Constabulary,Lancashire Constabulary,-2.703744,53.778608,On or near Vicarage Lane,E01025243,Preston 006D,Public order,Local resolution,
2cd7a62384cb26daf8733dc691ff70895cb3c9078096dc2df41bea9e0bd04e92,2019-02,Lancashire Constabulary,Lancashire Constabulary,-2.707568,53.776761,On or near Eaves Lane,E01025243,Preston 006D,Vehicle crime,Status update unavailable,
bf2af49416b42109fa21e0dda8b948b840ba4457680dd3a04f05464a9aaaaa75,2019-02,Lancashire Constabulary,Lancashire Constabulary,-2.697858,53.780530,On or near Lulworth Road,E01025243,Preston 006D,Vehicle crime,Status update unavailable,
4421596063a376f7d2db49b61598ac0a01e35b2c771c30c826afd2e6aeb3e402,2019-02,Lancashire Constabulary,Lancashire Constabulary,-2.707568,53.776761,On or near Eaves Lane,E01025243,Preston 006D,Vehicle crime,Status update unavailable,
a2ae6462b5880a4d7258751232b82ef5e27f9fecf5620be608e0ac58f04e8643,2019-02,Lancashire Constabulary,Lancashire Constabulary,-2.702722,53.777383,On or near Albert Road,E01025243,Preston 006D,Vehicle crime,Status update unavailable,
332faa7e718aaaff93ee9711ac31ac57f6f6ee892d9c62bbbab9486d75351799,2019-02,Lancashire Constabulary,Lancashire Constabulary,-2.706760,53.777431,On or near West Road,E01025243,Preston 006D,Vehicle crime,Status update unavailable,
5897af93b3b9363270c97fa0f649785276ea28ab62de6e41b10f77ee2d49ca73,2019-02,Lancashire Constabulary,Lancashire Constabulary,-2.702722,53.777383,On or near Albert Road,E01025243,Preston 006D,Violence and sexual offences,Awaiting court outcome,
b85a904a653c4b7377a2f8d44b2e58de3d2db2877b6ab4c39a14189a85da3546,2019-02,Lancashire Constabulary,Lancashire Constabulary,-2.701467,53.776734,On or near Lower Bank Road,E01025243,Preston 006D,Violence and sexual offences,Unable to prosecute suspect,
ecc9acc1ca5b7ae040347f0ffdc02f0b54504c3344b7505adb52986e7ceb5f19,2019-02,Lancashire Constabulary,Lancashire Constabulary,-2.687733,53.777578,On or near Sir Tom Finney Way,E01025243,Preston 006D,Violence and sexual offences,Status update unavailable,
7c9f1bfd8a49a5067a7e6581ac4be6533a6158697789b651d1627bc3909dbf6f,2019-02,Lancashire Constabulary,Lancashire Constabulary,-2.702722,53.777383,On or near Albert Road,E01025243,Preston 006D,Violence and sexual offences,Status update unavailable,
98cc1a85295727841ec4add161a803aea17145a4ab636589af669ed961e39435,2019-02,Lancashire Constabulary,Lancashire Constabulary,-2.693541,53.777355,On or near Chapman Road,E01025243,Preston 006D,Violence and sexual offences,Status update unavailable,
7008348101bdc37ba854581f2706432b97b3a976b67bf029cf70e19c1502f0a1,2019-02,Lancashire Constabulary,Lancashire Constabulary,-2.699027,53.780541,On or near Halkin Close,E01025243,Preston 006D,Other crime,Unable to prosecute suspect,
,2019-02,Lancashire Constabulary,Lancashire Constabulary,-2.691536,53.780908,On or near Sports/Recreation Area,E01025251,Preston 006E,Anti-social behaviour,,
,2019-02,Lancashire Constabulary,Lancashire Constabulary,-2.685239,53.784683,On or near Gregson Way,E01025251,Preston 006E,Anti-social behaviour,,
,2019-02,Lancashire Constabulary,Lancashire Constabulary,-2.685239,53.784683,On or near Gregson Way,E01025251,Preston 006E,Anti-social behaviour,,
,2019-02,Lancashire Constabulary,Lancashire Constabulary,-2.685239,53.784683,On or near Gregson Way,E01025251,Preston 006E,Anti-social behaviour,,
,2019-02,Lancashire Constabulary,Lancashire Constabulary,-2.691536,53.780908,On or near Sports/Recreation Area,E01025251,Preston 006E,Anti-social behaviour,,
,2019-02,Lancashire Constabulary,Lancashire Constabulary,-2.685239,53.784683,On or near Gregson Way,E01025251,Preston 006E,Anti-social behaviour,,
,2019-02,Lancashire Constabulary,Lancashire Constabulary,-2.685239,53.784683,On or near Gregson Way,E01025251,Preston 006E,Anti-social behaviour,,
,2019-02,Lancashire Constabulary,Lancashire Constabulary,-2.691536,53.780908,On or near Sports/Recreation Area,E01025251,Preston 006E,Anti-social behaviour,,
824dcd9d90f9a0f5c08151e79eea0cad41476bcbe89ae8acf9068002fbc87523,2019-02,Lancashire Constabulary,Lancashire Constabulary,-2.686517,53.782088,On or near Korea Road,E01025251,Preston 006E,Vehicle crime,Status update unavailable,
f2433e94a49e6e7ba49d78785d1a90f1c34f80e50b0ce6005776df7d26f24b31,2019-02,Lancashire Constabulary,Lancashire Constabulary,-2.693433,53.779073,On or near Bedford Road,E01025251,Preston 006E,Vehicle crime,Status update unavailable,
c6d613759ec7632bfdd6bc5e98ed62fd7b479d9ecdadd0910370bc3834d6b644,2019-02,Lancashire Constabulary,Lancashire Constabulary,-2.689908,53.779713,On or near Allenby Avenue,E01025251,Preston 006E,Vehicle crime,Status update unavailable,
e2f8795189ebf62b986e051d9c18998a774cf9b925357d42cdb0f10b041cdfb7,2019-02,Lancashire Constabulary,Lancashire Constabulary,-2.694082,53.779797,On or near Devonshire Road,E01025251,Preston 006E,Violence and sexual offences,Unable to prosecute suspect,
43ad105ad476cc0cccd8d6f98a7bda99318d85696d1a317d414a53a574c51695,2019-02,Lancashire Constabulary,Lancashire Constabulary,-2.688926,53.781849,On or near Fulwood Hall Lane,E01025251,Preston 006E,Violence and sexual offences,Status update unavailable,
,2019-02,Lancashire Constabulary,Lancashire Constabulary,-2.653606,53.784465,On or near Sulby Grove,E01025234,Preston 007A,Anti-social behaviour,,
cec2fa69f10bc32b9039b74a52eec35ab41a5718f1a6c69fac11802fc56151bd,2019-02,Lancashire Constabulary,Lancashire Constabulary,-2.641352,53.793052,On or near Rough Hey Place,E01025234,Preston 007A,Criminal damage and arson,Status update unavailable,
5e28737762e53a93e63e3bf7246bba2348e08933cd6324ee216e9ee8595acea8,2019-02,Lancashire Constabulary,Lancashire Constabulary,-2.647230,53.788328,On or near B6242,E01025234,Preston 007A,Drugs,Status update unavailable,
8276e9f087771d65774667273b634a34fd303fab3654989327ca2d8e51accf0e,2019-02,Lancashire Constabulary,Lancashire Constabulary,-2.656956,53.782253,On or near Parking Area,E01025234,Preston 007A,Other theft,Status update unavailable,
4aed6dbbb91871690ce490ab897dfb962de44ad9608d3f73908a6c27e420dd9b,2019-02,Lancashire Constabulary,Lancashire Constabulary,-2.647230,53.788328,On or near B6242,E01025234,Preston 007A,Other theft,Status update unavailable,
4ec74ed1c8514e7161cdd95d81427da89182d5de278715c15ce81b52dd8da9a2,2019-02,Lancashire Constabulary,Lancashire Constabulary,-2.654535,53.783714,On or near Glen Grove,E01025234,Preston 007A,Vehicle crime,Unable to prosecute suspect,
0439d232c581ff370d99f603f3cdafff169a4cb59809022148dc73e703f2fbaf,2019-02,Lancashire Constabulary,Lancashire Constabulary,-2.658599,53.781534,On or near Grafton Road,E01025234,Preston 007A,Violence and sexual offences,Unable to prosecute suspect,
2af9fd12dd58425bd29621dfc3ec9acd0e7e8d6c911e25ad4b79eace4eb8f818,2019-02,Lancashire Constabulary,Lancashire Constabulary,-2.660620,53.782665,On or near Oakworth Avenue,E01025234,Preston 007A,Violence and sexual offences,Unable to prosecute suspect,
60049f99e9518f1a3d4a12c60fe694b4322b5f2c2772cd210f11214f16c1bd21,2019-02,Lancashire Constabulary,Lancashire Constabulary,-2.637878,53.794203,On or near Jeffrey Hill Close,E01025234,Preston 007A,Violence and sexual offences,Status update unavailable,
98c3eef0f16f128d1b8ef780c4f985e63175cd91a4d9dcd75c14c5fc35977b4a,2019-02,Lancashire Constabulary,Lancashire Constabulary,-2.658599,53.781534,On or near Grafton Road,E01025234,Preston 007A,Violence and sexual offences,Status update unavailable,
20064d59bd6ae52d239677d5d7345b4296f7dac329b10c4fbf11c19f531e165e,2019-02,Lancashire Constabulary,Lancashire Constabulary,-2.658939,53.780984,On or near Lauderdale Road,E01025234,Preston 007A,Violence and sexual offences,Status update unavailable,
,2019-02,Lancashire Constabulary,Lancashire Constabulary,-2.674716,53.773966,On or near Dalby Close,E01025235,Preston 007B,Anti-social behaviour,,
,2019-02,Lancashire Constabulary,Lancashire Constabulary,-2.677608,53.777357,On or near Manor House Lane,E01025235,Preston 007B,Anti-social behaviour,,
1ab5aaf26558346248b7bd884b5c8610e9ea84fa61b756a7bd53f7d4b8d50ff3,2019-02,Lancashire Constabulary,Lancashire Constabulary,-2.668951,53.777882,On or near Hamilton Grove,E01025235,Preston 007B,Criminal damage and arson,Status update unavailable,
a0764e22223855f882065a1c87521e26908aa0d6b63fee0939abc1795f65ca66,2019-02,Lancashire Constabulary,Lancashire Constabulary,-2.671645,53.779314,On or near Spinney Brow,E01025235,Preston 007B,Criminal damage and arson,Unable to prosecute suspect,
e8ffd7436be64232c835ae2e4a66346c93ad3655f140644bc81da1ddf70570ad,2019-02,Lancashire Constabulary,Lancashire Constabulary,-2.671214,53.777042,On or near Cromwell Road,E01025235,Preston 007B,Drugs,Status update unavailable,
4e039a08c38bc31abb9b875416cff783058430e637ad128f95b4d74e5f904aa6,2019-02,Lancashire Constabulary,Lancashire Constabulary,-2.674716,53.773966,On or near Dalby Close,E01025235,Preston 007B,Shoplifting,Status update unavailable,
ae24018bf20b3eefc13c8bac228d3c0df285dc650b2b752b51212972e41a72cc,2019-02,Lancashire Constabulary,Lancashire Constabulary,-2.674716,53.773966,On or near Dalby Close,E01025235,Preston 007B,Shoplifting,Awaiting court outcome,
d3b0a26363474e97bd59e69bdd76e2807e92e7491165da5a02efe70bfe0cff7d,2019-02,Lancashire Constabulary,Lancashire Constabulary,-2.674716,53.773966,On or near Dalby Close,E01025235,Preston 007B,Violence and sexual offences,Unable to prosecute suspect,
,2019-02,Lancashire Constabulary,Lancashire Constabulary,-2.662185,53.783770,On or near Troutbeck Place,E01025237,Preston 007C,Anti-social behaviour,,
,2019-02,Lancashire Constabulary,Lancashire Constabulary,-2.665982,53.781997,On or near Burnsall Place,E01025237,Preston 007C,Anti-social behaviour,,
34f9a3220830c7e002b36d294d7ed5b066e0b18a785f1693c5a5fb854bd38896,2019-02,Lancashire Constabulary,Lancashire Constabulary,-2.665850,53.782330,On or near Langcliffe Road,E01025237,Preston 007C,Burglary,Offender given community sentence,
580dcfc4f31d1dbf75164205e265e64335b23ebfc5c7cc6c51f7369712f12486,2019-02,Lancashire Constabulary,Lancashire Constabulary,-2.675817,53.782076,On or near Kingsmuir Avenue,E01025237,Preston 007C,Burglary,Status update unavailable,
b3dbef92320d6f28e03b9ff27baefd0a37617f17f6b1956603bdcc8ea5191065,2019-02,Lancashire Constabulary,Lancashire Constabulary,-2.667482,53.782851,On or near Wharfedale Avenue,E01025237,Preston 007C,Burglary,Awaiting court outcome,
0fff14932278fbd16c66877f5e8c1a6604bb1eae11dc1627aa0af12755973034,2019-02,Lancashire Constabulary,Lancashire Constabulary,-2.665982,53.781997,On or near Burnsall Place,E01025237,Preston 007C,Burglary,Status update unavailable,
a5656c0febadc573537ce12a2affadd04e2e5719cd02e2a933a2225dfc3ba7fc,2019-02,Lancashire Constabulary,Lancashire Constabulary,-2.665850,53.782330,On or near Langcliffe Road,E01025237,Preston 007C,Burglary,Status update unavailable,
333f65fd60965d862cdf723208160c73ea6b723197687fba30f3dab5b7f0d707,2019-02,Lancashire Constabulary,Lancashire Constabulary,-2.666634,53.782964,On or near Ellerbeck Avenue,E01025237,Preston 007C,Criminal damage and arson,Status update unavailable,
405d5d94c77bdc66bddc24eb2f6a14f4a68abe38adf5c911e6084a61036c573a,2019-02,Lancashire Constabulary,Lancashire Constabulary,-2.662185,53.783770,On or near Troutbeck Place,E01025237,Preston 007C,Other theft,Status update unavailable,
09e948fab36bb27d5cdd3c378619d64076730f80a925294b416cfd215c6fcd63,2019-02,Lancashire Constabulary,Lancashire Constabulary,-2.667402,53.784461,On or near Skipton Crescent,E01025237,Preston 007C,Other theft,Status update unavailable,
36c4513d784caf80ef9b2fec640f18de5e73fe8e4f5faa91d6b0a7014acb630d,2019-02,Lancashire Constabulary,Lancashire Constabulary,-2.668057,53.781751,On or near Ingleton Road,E01025237,Preston 007C,Shoplifting,Status update unavailable,
524cb9a6b75b3ff5a6d681100c12de4ddd92f63327736100521f957ed93b2de2,2019-02,Lancashire Constabulary,Lancashire Constabulary,-2.668057,53.781751,On or near Ingleton Road,E01025237,Preston 007C,Shoplifting,Status update unavailable,
c195d6297ed4105bb57b752562aaa81405b678c8c6dba9ce39a2b153f33d7c12,2019-02,Lancashire Constabulary,Lancashire Constabulary,-2.677231,53.783183,On or near Glencourse Drive,E01025237,Preston 007C,Vehicle crime,Investigation complete; no suspect identified,
68e2b0ee1dba7e5db328ae387986165037b374c82826a18c96b91e53fbd22141,2019-02,Lancashire Constabulary,Lancashire Constabulary,-2.674001,53.782365,On or near Moorland Crescent,E01025237,Preston 007C,Vehicle crime,Status update unavailable,
d07f660bc29252bd759a186b7ea6660a2b439592d3e0145f78679ea847d2680b,2019-02,Lancashire Constabulary,Lancashire Constabulary,-2.677231,53.783183,On or near Glencourse Drive,E01025237,Preston 007C,Vehicle crime,Status update unavailable,
0fd6c4995b8e09e6620c3e9cfcec0850c75cdd91c4bcbd588a12cf5fdbbcec85,2019-02,Lancashire Constabulary,Lancashire Constabulary,-2.668057,53.781751,On or near Ingleton Road,E01025237,Preston 007C,Vehicle crime,Status update unavailable,
c7093e5147fe68994ee574fbc87fb994a7a745d688cfeba38021841d9f969b50,2019-02,Lancashire Constabulary,Lancashire Constabulary,-2.663545,53.784329,On or near Hawkshead Road,E01025237,Preston 007C,Violence and sexual offences,Status update unavailable,
65257a0ea6cf3e4323af65a9e1d730ef175fe3e21a9d076f0a196a43cef9981a,2019-02,Lancashire Constabulary,Lancashire Constabulary,-2.677231,53.783183,On or near Glencourse Drive,E01025237,Preston 007C,Violence and sexual offences,Status update unavailable,
,2019-02,Lancashire Constabulary,Lancashire Constabulary,-2.664743,53.782399,On or near Malham Place,E01025238,Preston 007D,Anti-social behaviour,,
,2019-02,Lancashire Constabulary,Lancashire Constabulary,-2.663717,53.782728,On or near Marsett Place,E01025238,Preston 007D,Anti-social behaviour,,
,2019-02,Lancashire Constabulary,Lancashire Constabulary,-2.663919,53.781136,On or near Heathfield Drive,E01025238,Preston 007D,Anti-social behaviour,,
a9c7e9284939f9a1cf4b489861fc3ade5cc7988e19f3c585df144fbf38ac36d5,2019-02,Lancashire Constabulary,Lancashire Constabulary,-2.664643,53.780854,On or near Trawden Crescent,E01025238,Preston 007D,Burglary,Status update unavailable,
fe95c37353890d1c5e7a0c15a2b320cfb56e2e0dee27ca791a0b34dc8c28c272,2019-02,Lancashire Constabulary,Lancashire Constabulary,-2.661726,53.780663,On or near Garsdale Road,E01025238,Preston 007D,Criminal damage and arson,Status update unavailable,
b8ecc137e82e47f6536c38c6129d4469c931f5bc5ce44123e7e6ebea015713b1,2019-02,Lancashire Constabulary,Lancashire Constabulary,-2.663919,53.781136,On or near Heathfield Drive,E01025238,Preston 007D,Criminal damage and arson,Status update unavailable,
982bd69f3ee5b5408e79f670c4d1b912998544e142a0a2a3f43bdf8993e1a5d4,2019-02,Lancashire Constabulary,Lancashire Constabulary,-2.663973,53.781675,On or near Mearley Road,E01025238,Preston 007D,Criminal damage and arson,Status update unavailable,
bc281814e2334fc9013600115734b4ceb66e97889ae4941706acd25059346403,2019-02,Lancashire Constabulary,Lancashire Constabulary,-2.664743,53.782399,On or near Malham Place,E01025238,Preston 007D,Other theft,Status update unavailable,
8716c2ff37032474bb6a6f4be751fe00802767bd18499e20629cd5e4a802897c,2019-02,Lancashire Constabulary,Lancashire Constabulary,-2.665733,53.780650,On or near Harrop Place,E01025238,Preston 007D,Vehicle crime,Status update unavailable,
ebe27c8fed048a728ad07a7d3fd9d3a779046df5ae78167118b7c09febb4e85d,2019-02,Lancashire Constabulary,Lancashire Constabulary,-2.663919,53.781136,On or near Heathfield Drive,E01025238,Preston 007D,Violence and sexual offences,Unable to prosecute suspect,
b68fae17fcbe2725c67cc22a136d9d942e4182092740ad52a6be33a7f06e498d,2019-02,Lancashire Constabulary,Lancashire Constabulary,-2.661726,53.780663,On or near Garsdale Road,E01025238,Preston 007D,Violence and sexual offences,Status update unavailable,
cd8e44dda612799f482ad47bfb31566325c3c7cb5caeade00ec98adf6786d3c4,2019-02,Lancashire Constabulary,Lancashire Constabulary,-2.663717,53.782728,On or near Marsett Place,E01025238,Preston 007D,Violence and sexual offences,Status update unavailable,
79626b3881fced8f3539bac42dc2a51f57a6edb2a0481c490d84aa80bf68d3c3,2019-02,Lancashire Constabulary,Lancashire Constabulary,-2.663412,53.783647,On or near Leyburn Close,E01025238,Preston 007D,Violence and sexual offences,Status update unavailable,
,2019-02,Lancashire Constabulary,Lancashire Constabulary,-2.686321,53.775671,On or near Supermarket,E01025245,Preston 007E,Anti-social behaviour,,
,2019-02,Lancashire Constabulary,Lancashire Constabulary,-2.681013,53.770246,On or near Basil Street,E01025245,Preston 007E,Anti-social behaviour,,
,2019-02,Lancashire Constabulary,Lancashire Constabulary,-2.680804,53.773240,On or near Supermarket,E01025245,Preston 007E,Anti-social behaviour,,
,2019-02,Lancashire Constabulary,Lancashire Constabulary,-2.685404,53.774373,On or near Manor House Crescent,E01025245,Preston 007E,Anti-social behaviour,,
,2019-02,Lancashire Constabulary,Lancashire Constabulary,-2.677768,53.773176,On or near Shopping Area,E01025245,Preston 007E,Anti-social behaviour,,
,2019-02,Lancashire Constabulary,Lancashire Constabulary,-2.681013,53.770246,On or near Basil Street,E01025245,Preston 007E,Anti-social behaviour,,
,2019-02,Lancashire Constabulary,Lancashire Constabulary,-2.685404,53.774373,On or near Manor House Crescent,E01025245,Preston 007E,Anti-social behaviour,,
,2019-02,Lancashire Constabulary,Lancashire Constabulary,-2.686321,53.775671,On or near Supermarket,E01025245,Preston 007E,Anti-social behaviour,,
,2019-02,Lancashire Constabulary,Lancashire Constabulary,-2.689193,53.774091,On or near Parkside,E01025245,Preston 007E,Anti-social behaviour,,
,2019-02,Lancashire Constabulary,Lancashire Constabulary,-2.681013,53.770246,On or near Basil Street,E01025245,Preston 007E,Anti-social behaviour,,
,2019-02,Lancashire Constabulary,Lancashire Constabulary,-2.683095,53.772292,On or near Cam Street,E01025245,Preston 007E,Anti-social behaviour,,
,2019-02,Lancashire Constabulary,Lancashire Constabulary,-2.681013,53.770246,On or near Basil Street,E01025245,Preston 007E,Anti-social behaviour,,
,2019-02,Lancashire Constabulary,Lancashire Constabulary,-2.679820,53.771502,On or near St Oswalds Close,E01025245,Preston 007E,Anti-social behaviour,,
,2019-02,Lancashire Constabulary,Lancashire Constabulary,-2.677768,53.773176,On or near Shopping Area,E01025245,Preston 007E,Anti-social behaviour,,
,2019-02,Lancashire Constabulary,Lancashire Constabulary,-2.689193,53.774091,On or near Parkside,E01025245,Preston 007E,Anti-social behaviour,,
,2019-02,Lancashire Constabulary,Lancashire Constabulary,-2.689193,53.774091,On or near Parkside,E01025245,Preston 007E,Anti-social behaviour,,
,2019-02,Lancashire Constabulary,Lancashire Constabulary,-2.679730,53.776293,On or near Laburnum Close,E01025245,Preston 007E,Anti-social behaviour,,
,2019-02,Lancashire Constabulary,Lancashire Constabulary,-2.684956,53.774798,On or near Sage Lane,E01025245,Preston 007E,Anti-social behaviour,,
82fbb7a95776aa72acba9613338496179a8538337175ca24f1f36f1be1bb4210,2019-02,Lancashire Constabulary,Lancashire Constabulary,-2.677086,53.776074,On or near Ronaldsway,E01025245,Preston 007E,Burglary,Status update unavailable,
07a52eb3bc5b044c8b4092ffdfd0477a89a3a97e315ecf4952e6cce21c94d92d,2019-02,Lancashire Constabulary,Lancashire Constabulary,-2.677086,53.776074,On or near Ronaldsway,E01025245,Preston 007E,Burglary,Action to be taken by another organisation,
a53071dba5a874a65d80ff2054b4a86a0e8940d87f9867f8fa7fe24ad5543a47,2019-02,Lancashire Constabulary,Lancashire Constabulary,-2.677086,53.776074,On or near Ronaldsway,E01025245,Preston 007E,Burglary,Status update unavailable,
198fd203b215c7c7b2b3c2fc60d2a0bdab809c948e74d41141372ed2fa5da56e,2019-02,Lancashire Constabulary,Lancashire Constabulary,-2.680207,53.771985,On or near William Young Close,E01025245,Preston 007E,Burglary,Status update unavailable,
d7ca1163bf890fb931556e06a35f3d5d12b708c5b6b40817307eb57769a083d1,2019-02,Lancashire Constabulary,Lancashire Constabulary,-2.680207,53.771985,On or near William Young Close,E01025245,Preston 007E,Burglary,Status update unavailable,
d3922c8ea1b463a6e24d674c05a0270f47df1d484f2751773d80abd7591c2de0,2019-02,Lancashire Constabulary,Lancashire Constabulary,-2.683170,53.773172,On or near Blackpool Road,E01025245,Preston 007E,Burglary,Status update unavailable,
1c361e0c7f57d164fb4c50e1a3f981719f0540f8a797a1d9051a6d73006ff223,2019-02,Lancashire Constabulary,Lancashire Constabulary,-2.677086,53.776074,On or near Ronaldsway,E01025245,Preston 007E,Burglary,Status update unavailable,
6ebbd7210afb987ebbdffa080c2cb0eef6d3beac230fe6458a5755ab644bfef3,2019-02,Lancashire Constabulary,Lancashire Constabulary,-2.685404,53.774373,On or near Manor House Crescent,E01025245,Preston 007E,Criminal damage and arson,Status update unavailable,
2ec3f909054059865666d0072ed2cfdc1fbe31bb3a385d37ca9813775118d486,2019-02,Lancashire Constabulary,Lancashire Constabulary,-2.682017,53.770393,On or near Raven Street,E01025245,Preston 007E,Other theft,Further investigation is not in the public interest,
1549a48618fc84c5f8871321d3b18f0e92f5bb2eb581070fe47ca3a111dd4f60,2019-02,Lancashire Constabulary,Lancashire Constabulary,-2.687512,53.776123,On or near Flintoff Way,E01025245,Preston 007E,Other theft,Status update unavailable,
5dc73e47b824a42a80b197fff5acf310a89f3d9d20df35205a9422e500698b6d,2019-02,Lancashire Constabulary,Lancashire Constabulary,-2.687512,53.776123,On or near Flintoff Way,E01025245,Preston 007E,Other theft,Status update unavailable,
7975d3718ceaac8e93d9b8da7fa48e487ec75dd96df926a84c9d837a4a043c5d,2019-02,Lancashire Constabulary,Lancashire Constabulary,-2.686321,53.775671,On or near Supermarket,E01025245,Preston 007E,Other theft,Unable to prosecute suspect,
c4d33c91ba76bf7d9f6d7a4ae1d243f75a980bf1a875232e9ce1537fe9314176,2019-02,Lancashire Constabulary,Lancashire Constabulary,-2.687512,53.776123,On or near Flintoff Way,E01025245,Preston 007E,Other theft,Status update unavailable,
3149ef84960e801f91052eb3940244fbd7e9117b62112a20605266c3c13ce057,2019-02,Lancashire Constabulary,Lancashire Constabulary,-2.683436,53.774636,On or near Primrose Lane,E01025245,Preston 007E,Public order,Offender given conditional discharge,
0e8cb31cbaba6dd58500a9e92669ab45cb9498157e8be4b59208fbedf5b2e48b,2019-02,Lancashire Constabulary,Lancashire Constabulary,-2.678972,53.774464,On or near Shopping Area,E01025245,Preston 007E,Public order,Further investigation is not in the public interest,
d97577582b2395690da2d627158df6edb9761723284066af8f3a74f8a7078efb,2019-02,Lancashire Constabulary,Lancashire Constabulary,-2.679820,53.771502,On or near St Oswalds Close,E01025245,Preston 007E,Shoplifting,Further investigation is not in the public interest,
c4d24a949630099dab007a9190e3a3dde35fdaf5fa07462a9f0cf435f57a06c3,2019-02,Lancashire Constabulary,Lancashire Constabulary,-2.678972,53.774464,On or near Shopping Area,E01025245,Preston 007E,Shoplifting,Status update unavailable,
36771ad530a072fed239bca0ca92a90b7942f06f4480f8937175a0f4561bd6b1,2019-02,Lancashire Constabulary,Lancashire Constabulary,-2.677768,53.773176,On or near Shopping Area,E01025245,Preston 007E,Shoplifting,Status update unavailable,
183c6caf6d2777952eed94c53205835b1afffa12396140d5cab9e579b668910d,2019-02,Lancashire Constabulary,Lancashire Constabulary,-2.678972,53.774464,On or near Shopping Area,E01025245,Preston 007E,Shoplifting,Awaiting court outcome,
0fbaf513add64784ba00a72bc88e3cc52931be3838993555af7d0d6a57fb04aa,2019-02,Lancashire Constabulary,Lancashire Constabulary,-2.679820,53.771502,On or near St Oswalds Close,E01025245,Preston 007E,Shoplifting,Local resolution,
82a98e136b291cb9c9838523bca0e1ab5c4ebfc8039d54f7db05bc0f7c12b2f1,2019-02,Lancashire Constabulary,Lancashire Constabulary,-2.678972,53.774464,On or near Shopping Area,E01025245,Preston 007E,Shoplifting,Status update unavailable,
2e7a94cb01c8837d916bf697b39f86cb3ad7ddeb687b42bc5b38742a5951e86d,2019-02,Lancashire Constabulary,Lancashire Constabulary,-2.678972,53.774464,On or near Shopping Area,E01025245,Preston 007E,Shoplifting,Status update unavailable,
d0c77dc46173302b80cc6285df582202abee5d6890c763e913004a006195b0e7,2019-02,Lancashire Constabulary,Lancashire Constabulary,-2.686321,53.775671,On or near Supermarket,E01025245,Preston 007E,Shoplifting,Status update unavailable,
fda0c4c77d50ed55ccc38e5fa73f958add7deeb056ab1978a00fed17d3bfcc9a,2019-02,Lancashire Constabulary,Lancashire Constabulary,-2.678972,53.774464,On or near Shopping Area,E01025245,Preston 007E,Shoplifting,Status update unavailable,
cde85a57e624b86b78935882fc11361ea800e32f4191d52e50b54ccbdb45b031,2019-02,Lancashire Constabulary,Lancashire Constabulary,-2.678972,53.774464,On or near Shopping Area,E01025245,Preston 007E,Shoplifting,Status update unavailable,
51bc7b22e8930da3d4d10fb38613aa00cc18c6f0cd0ae6066c5940b36feed9cf,2019-02,Lancashire Constabulary,Lancashire Constabulary,-2.686321,53.775671,On or near Supermarket,E01025245,Preston 007E,Shoplifting,Status update unavailable,
9f372f7fc1e1826da853259aa379e566d9e1d10ca4d69fdc1f0d97ddb1561dac,2019-02,Lancashire Constabulary,Lancashire Constabulary,-2.679820,53.771502,On or near St Oswalds Close,E01025245,Preston 007E,Shoplifting,Status update unavailable,
7020d0b3fd8903cdb406b1aa1337363598ecf7413bfc6fdf350b77ba4d3f256d,2019-02,Lancashire Constabulary,Lancashire Constabulary,-2.686321,53.775671,On or near Supermarket,E01025245,Preston 007E,Shoplifting,Local resolution,
6ef7932d8ec84473c2f3c95756a6168ae094342bba46e5ec2ab7b941714abd31,2019-02,Lancashire Constabulary,Lancashire Constabulary,-2.679820,53.771502,On or near St Oswalds Close,E01025245,Preston 007E,Shoplifting,Status update unavailable,
57a2c0dfe288435fdac9200a6a1f64f6fe2d2d52a88cd68c9d22821e43544e8b,2019-02,Lancashire Constabulary,Lancashire Constabulary,-2.678972,53.774464,On or near Shopping Area,E01025245,Preston 007E,Shoplifting,Status update unavailable,
3eae34b29c85a206b812a76d50446db6c03fc6a505fdbf93d4755f2ec9c51832,2019-02,Lancashire Constabulary,Lancashire Constabulary,-2.686321,53.775671,On or near Supermarket,E01025245,Preston 007E,Shoplifting,Status update unavailable,
a829adb617206bb753a6943dedd1a153d4e4278da849d900def6393654ab0713,2019-02,Lancashire Constabulary,Lancashire Constabulary,-2.686859,53.773304,On or near Lowthorpe Place,E01025245,Preston 007E,Vehicle crime,Status update unavailable,
632212c81119ae10dacef3eaf7cd3cf26e9a70dd85f2f1b9a0d884595ea9eef2,2019-02,Lancashire Constabulary,Lancashire Constabulary,-2.686859,53.773304,On or near Lowthorpe Place,E01025245,Preston 007E,Vehicle crime,Status update unavailable,
c6f3f5fdb22a2a6fde697bcc06faed5854ff9725b7248516bbb809f04975eea4,2019-02,Lancashire Constabulary,Lancashire Constabulary,-2.685404,53.774373,On or near Manor House Crescent,E01025245,Preston 007E,Vehicle crime,Status update unavailable,
9863f00e08db14e42ffc68b181990abf5c5b3660fd7747bee91308dfe3b8cc27,2019-02,Lancashire Constabulary,Lancashire Constabulary,-2.683711,53.773799,On or near Primrose Road,E01025245,Preston 007E,Violence and sexual offences,Unable to prosecute suspect,
8c594af8b9d6e448d6df8315ff343064224dd6f93f244606f7d0a55acd1feec5,2019-02,Lancashire Constabulary,Lancashire Constabulary,-2.681013,53.770246,On or near Basil Street,E01025245,Preston 007E,Violence and sexual offences,Status update unavailable,
fba7b31ccf79fa78724213372fbf7283723212f80aaf73b0a4ecb8aea715f73c,2019-02,Lancashire Constabulary,Lancashire Constabulary,-2.677768,53.773176,On or near Shopping Area,E01025245,Preston 007E,Violence and sexual offences,Local resolution,
601e86568186402240892ca30a9dd0ed15779553a62cae489a66739a9b4bfee9,2019-02,Lancashire Constabulary,Lancashire Constabulary,-2.682017,53.770393,On or near Raven Street,E01025245,Preston 007E,Violence and sexual offences,Unable to prosecute suspect,
1a25b91e43382263d61ceb9503b202e9f5d6ffe1b27e152250a94c8585d09f1b,2019-02,Lancashire Constabulary,Lancashire Constabulary,-2.679571,53.775808,On or near Daisy Lane,E01025245,Preston 007E,Violence and sexual offences,Awaiting court outcome,
2352a4657b103f1325669cdccabdf553b37aa427442833bb860800ea01d4d8c3,2019-02,Lancashire Constabulary,Lancashire Constabulary,-2.682017,53.770393,On or near Raven Street,E01025245,Preston 007E,Violence and sexual offences,Local resolution,
37613f3964e22048b8b5eb00047c17e8d4a34b94b22618a87bb8e4f578243b72,2019-02,Lancashire Constabulary,Lancashire Constabulary,-2.679730,53.776293,On or near Laburnum Close,E01025245,Preston 007E,Violence and sexual offences,Unable to prosecute suspect,
20dcd8fbe8b7fc55533d4ca413ab22ca871ebf0c704dd04f7605db3bcac2e744,2019-02,Lancashire Constabulary,Lancashire Constabulary,-2.679820,53.771502,On or near St Oswalds Close,E01025245,Preston 007E,Violence and sexual offences,Further investigation is not in the public interest,
f5785ba8a41d2038aeab12695b5717c2da0edfdb134f9a3af9fce9f6195030e8,2019-02,Lancashire Constabulary,Lancashire Constabulary,-2.677086,53.776074,On or near Ronaldsway,E01025245,Preston 007E,Violence and sexual offences,Further investigation is not in the public interest,
89d9a0bddf66e26790373feee4f895c2c79e9a95205cf17611f3254ee4ee8f83,2019-02,Lancashire Constabulary,Lancashire Constabulary,-2.680804,53.773240,On or near Supermarket,E01025245,Preston 007E,Violence and sexual offences,Status update unavailable,
9e73cdc46d72694e2bf79fc623226d49614b3e69083d3d52afad13ffcf6c4541,2019-02,Lancashire Constabulary,Lancashire Constabulary,-2.679571,53.775808,On or near Daisy Lane,E01025245,Preston 007E,Violence and sexual offences,Awaiting court outcome,
6a949864097cc9fa859a29cb7660d29b7107b02e40ecd6bb04997cfe56c22b31,2019-02,Lancashire Constabulary,Lancashire Constabulary,-2.679571,53.775808,On or near Daisy Lane,E01025245,Preston 007E,Violence and sexual offences,Status update unavailable,
f2e2ff94e5d313cdc34f544a9298ab8f457f6fefbad480b1d7d2d4fe29d7aaf3,2019-02,Lancashire Constabulary,Lancashire Constabulary,-2.682017,53.770393,On or near Raven Street,E01025245,Preston 007E,Violence and sexual offences,Unable to prosecute suspect,
52a5b339af0d952af437864285bcc7b81fbb5cf1677e6f570040bad8ef6f7145,2019-02,Lancashire Constabulary,Lancashire Constabulary,-2.683436,53.774636,On or near Primrose Lane,E01025245,Preston 007E,Violence and sexual offences,Unable to prosecute suspect,
6a3b37f7f145262b4c00eb4110a56ecd5203b4a96a49b23726f89408ae1f3182,2019-02,Lancashire Constabulary,Lancashire Constabulary,-2.679730,53.776293,On or near Laburnum Close,E01025245,Preston 007E,Violence and sexual offences,Investigation complete; no suspect identified,
0ca19af8e627c58fa52d77204ef6cf0fa833f27664b54cb19938a05a3416e1ed,2019-02,Lancashire Constabulary,Lancashire Constabulary,-2.677768,53.773176,On or near Shopping Area,E01025245,Preston 007E,Violence and sexual offences,Status update unavailable,
01a05686037b13ae2f00f6e186f8d90df5c8421d9f508dd502dd379511c6aeaf,2019-02,Lancashire Constabulary,Lancashire Constabulary,-2.686321,53.775671,On or near Supermarket,E01025245,Preston 007E,Violence and sexual offences,Status update unavailable,
7da7c2f6a3c673f57c9850068f93902f68f8b8881f3e360e3d848d513af2df56,2019-02,Lancashire Constabulary,Lancashire Constabulary,-2.681013,53.770246,On or near Basil Street,E01025245,Preston 007E,Violence and sexual offences,Unable to prosecute suspect,
ea669b7f83adb223ccb95dc988d0d73ca13766167fac0216336a75e7db822a6c,2019-02,Lancashire Constabulary,Lancashire Constabulary,-2.685191,53.771534,On or near St Gregory Road,E01025245,Preston 007E,Violence and sexual offences,Status update unavailable,
61156dba5d63aef85522537837bceb6410659883c499cfcab195d4b7ce05dc52,2019-02,Lancashire Constabulary,Lancashire Constabulary,-2.682017,53.770393,On or near Raven Street,E01025245,Preston 007E,Violence and sexual offences,Status update unavailable,
590badea2cbcbf3588a5a67b09a1a791421a016052f81b82bcfc0fb03c7ccd3b,2019-02,Lancashire Constabulary,Lancashire Constabulary,-2.681859,53.773746,On or near Clifton Grove,E01025245,Preston 007E,Violence and sexual offences,Unable to prosecute suspect,
c820227dcf107c0b0fb29d36f2b67887b5d692c2979a5a96f284f19e716668f7,2019-02,Lancashire Constabulary,Lancashire Constabulary,-2.681013,53.770246,On or near Basil Street,E01025245,Preston 007E,Violence and sexual offences,Further investigation is not in the public interest,
b0111538a6026bc3e530644ecec02696ad9704ac5afec149b99fc9fb2f144a38,2019-02,Lancashire Constabulary,Lancashire Constabulary,-2.680728,53.771362,On or near Church Court,E01025245,Preston 007E,Violence and sexual offences,Unable to prosecute suspect,
7feb2c31d627f92a9ddcdc7f92482669785bb3f85ea75e42b4f8eb3a14d9634c,2019-02,Lancashire Constabulary,Lancashire Constabulary,-2.681013,53.770246,On or near Basil Street,E01025245,Preston 007E,Other crime,Status update unavailable,
,2019-02,Lancashire Constabulary,Lancashire Constabulary,-2.681639,53.777981,On or near Manor Park,E01025252,Preston 007F,Anti-social behaviour,,
,2019-02,Lancashire Constabulary,Lancashire Constabulary,-2.681639,53.777981,On or near Manor Park,E01025252,Preston 007F,Anti-social behaviour,,
ad76a6c507fedb56993e29f0cca88ddc6aba51f4df6f311da8c91667013467d2,2019-02,Lancashire Constabulary,Lancashire Constabulary,-2.681904,53.778402,On or near Watling Street Road,E01025252,Preston 007F,Burglary,Status update unavailable,
a8cfb39100f822568e378628e943adc1a153b0e788d35bc7db12f891e5c8b595,2019-02,Lancashire Constabulary,Lancashire Constabulary,-2.687616,53.777848,On or near Watling Street Road,E01025252,Preston 007F,Burglary,Status update unavailable,
47c20a7a3fb165d6cd1839f475bb9316a3c50483811c24e705540a11072505e4,2019-02,Lancashire Constabulary,Lancashire Constabulary,-2.680228,53.780793,On or near Grasmere Close,E01025252,Preston 007F,Vehicle crime,Status update unavailable,
aa68e81396e9198e8f09255fd815495b0f994b076db21c0623059f2fb3b148af,2019-02,Lancashire Constabulary,Lancashire Constabulary,-2.679899,53.781092,On or near Coniston Road,E01025252,Preston 007F,Vehicle crime,Status update unavailable,
0a6d1fc0f26b6b411fb7c9265dbc6f04d1170c07d68a320b0c436365adf89470,2019-02,Lancashire Constabulary,Lancashire Constabulary,-2.678633,53.780703,On or near Lucerne Road,E01025252,Preston 007F,Vehicle crime,Status update unavailable,
11f5fd40cef454def3e2e7469806ce04432efc944c2bf8e64fd0ce45e3bc6183,2019-02,Lancashire Constabulary,Lancashire Constabulary,-2.675878,53.780171,On or near Carleton Avenue,E01025252,Preston 007F,Violence and sexual offences,Status update unavailable,
8276d2080f9a1c059f5aeccc4fbe32b49f6279fae462e2ce2a18461e139c7e6a,2019-02,Lancashire Constabulary,Lancashire Constabulary,-2.676962,53.780623,On or near Watling Street Road,E01025252,Preston 007F,Other crime,Status update unavailable,
,2019-02,Lancashire Constabulary,Lancashire Constabulary,-2.729842,53.771432,On or near Parkfield Avenue,E01025233,Preston 008A,Anti-social behaviour,,
,2019-02,Lancashire Constabulary,Lancashire Constabulary,-2.733688,53.770078,On or near Park View Avenue,E01025233,Preston 008A,Anti-social behaviour,,
,2019-02,Lancashire Constabulary,Lancashire Constabulary,-2.734923,53.769568,On or near Blackpool Road,E01025233,Preston 008A,Anti-social behaviour,,
2e3bf1ee1dead30e3eb640ec755064eb94c9bde6f8a7e2b9825c82687bed4f09,2019-02,Lancashire Constabulary,Lancashire Constabulary,-2.737973,53.766115,On or near Mulgrave Avenue,E01025233,Preston 008A,Burglary,Status update unavailable,
875f8073e43e1e73cd65f95a38bdc4f3aec603906faac566a8669fd61293a5bf,2019-02,Lancashire Constabulary,Lancashire Constabulary,-2.733157,53.769219,On or near Grosvenor Place,E01025233,Preston 008A,Burglary,Status update unavailable,
bf4bf7b54e45b9091cba04cb47042172acbc4e6c670b9671c842759edb394ca5,2019-02,Lancashire Constabulary,Lancashire Constabulary,-2.734923,53.769568,On or near Blackpool Road,E01025233,Preston 008A,Violence and sexual offences,Unable to prosecute suspect,
c84d84fa456bb35bef466bee500fba37b6a7bdcb2b980e5ef03e4e4defd86568,2019-02,Lancashire Constabulary,Lancashire Constabulary,-2.739384,53.769612,On or near Cottam Lane,E01025233,Preston 008A,Violence and sexual offences,Status update unavailable,
318af9cb5deb8aee7617044b4f00b2ed57079bfd041a502b6cf1a520e6ad894b,2019-02,Lancashire Constabulary,Lancashire Constabulary,-2.732163,53.768776,On or near Rose Terrace,E01025233,Preston 008A,Violence and sexual offences,Unable to prosecute suspect,
51f1bd35609eed9c6bbc8c625aa551fe18e507fcc6f959656efc90dcc8041161,2019-02,Lancashire Constabulary,Lancashire Constabulary,-2.737070,53.770903,On or near St Andrew'S Avenue,E01025233,Preston 008A,Violence and sexual offences,Status update unavailable,
,2019-02,Lancashire Constabulary,Lancashire Constabulary,-2.732192,53.778303,On or near Austin Crescent,E01025240,Preston 008B,Anti-social behaviour,,
,2019-02,Lancashire Constabulary,Lancashire Constabulary,-2.732192,53.778303,On or near Austin Crescent,E01025240,Preston 008B,Anti-social behaviour,,
fa98698f2579e5452c8c423c835a429acd08213d1880c441678e8080596c6765,2019-02,Lancashire Constabulary,Lancashire Constabulary,-2.729795,53.776547,On or near Melbert Avenue,E01025240,Preston 008B,Burglary,Unable to prosecute suspect,
2dcb418a903322f525417db95f551dfc77cefd03522ed313ca86d5a2688bb44c,2019-02,Lancashire Constabulary,Lancashire Constabulary,-2.729795,53.776547,On or near Melbert Avenue,E01025240,Preston 008B,Criminal damage and arson,Unable to prosecute suspect,
e996641c4086533a85d9e4307231899f014635bf4dffafd699b3d640ded2a871,2019-02,Lancashire Constabulary,Lancashire Constabulary,-2.725831,53.777272,On or near Dunkirk Avenue,E01025240,Preston 008B,Violence and sexual offences,Status update unavailable,
bc3a67f938597f14858c39216428b2ca9a4ee64e6dd2a2192f10464fa2eb1818,2019-02,Lancashire Constabulary,Lancashire Constabulary,-2.728262,53.779172,On or near Pineway,E01025240,Preston 008B,Other crime,Status update unavailable,
39bad0aae2e4252cbe0c1efb4c291ae18c8c577f78deed4a778cdc1eae3ea9bf,2019-02,Lancashire Constabulary,Lancashire Constabulary,-2.734488,53.782019,On or near Lower Greenfield,E01025261,Preston 008C,Burglary,Status update unavailable,
e8659014c79686064e3a37d3a62a6a08d6bb00d659305da106e2f815809703a9,2019-02,Lancashire Constabulary,Lancashire Constabulary,-2.734551,53.783007,On or near Higher Greenfield,E01025261,Preston 008C,Burglary,Status update unavailable,
326eaa0ac1cd8a74f1aebd230ad78694564384cf377518e1fa9e24fab271279b,2019-02,Lancashire Constabulary,Lancashire Constabulary,-2.734120,53.778327,On or near Woodplumpton Road,E01025261,Preston 008C,Drugs,Offender given a caution,
3ccbd73a38d7ba03fe015ce1f1531fc8221998167e52e6f3923ff373a243f471,2019-02,Lancashire Constabulary,Lancashire Constabulary,-2.739421,53.779445,On or near Petrol Station,E01025261,Preston 008C,Robbery,Status update unavailable,
fea2492223b66ec3b5474d0c0fe2ddf8614641884425fc95dbd1d70b9b6502d3,2019-02,Lancashire Constabulary,Lancashire Constabulary,-2.739443,53.781566,On or near Dovedale Close,E01025261,Preston 008C,Violence and sexual offences,Unable to prosecute suspect,
f5ebe0daa1cafa12f9aa8718f95607b0fc7f3f2eca704f76fbb7d35a68bdf6c1,2019-02,Lancashire Constabulary,Lancashire Constabulary,-2.739443,53.781566,On or near Dovedale Close,E01025261,Preston 008C,Violence and sexual offences,Status update unavailable,
e44d77c0b73b60a1622eb30fdae7f570846b6d5e259c5afcadf7595074af6326,2019-02,Lancashire Constabulary,Lancashire Constabulary,-2.740953,53.779453,On or near Marshall Grove,E01025261,Preston 008C,Violence and sexual offences,Unable to prosecute suspect,
c82147dc8a40a597bd50ecc6b913654d19d64eb91c8fe6ac47949627f00026d1,2019-02,Lancashire Constabulary,Lancashire Constabulary,-2.739443,53.781566,On or near Dovedale Close,E01025261,Preston 008C,Violence and sexual offences,Unable to prosecute suspect,
a387d1292b8b82962a0583cddd70e2ff011262c2b5ad6428f5c8b557a9ce6b1f,2019-02,Lancashire Constabulary,Lancashire Constabulary,-2.739443,53.781566,On or near Dovedale Close,E01025261,Preston 008C,Violence and sexual offences,Unable to prosecute suspect,
0eed7dbd5b6edd572cfa83517824a07f8e5837d1c4742b8a43b4e831f3f18603,2019-02,Lancashire Constabulary,Lancashire Constabulary,-2.739443,53.781566,On or near Dovedale Close,E01025261,Preston 008C,Violence and sexual offences,Unable to prosecute suspect,
c1f9061860ec4ba9c169de004f200fe24bb855683fb917156ee17aa0a203efe5,2019-02,Lancashire Constabulary,Lancashire Constabulary,-2.736360,53.781477,On or near Mayfield Avenue,E01025261,Preston 008C,Violence and sexual offences,Unable to prosecute suspect,
c0103616cef0116872a244e55500516722f7891c0f02abd7770a32a1743a97df,2019-02,Lancashire Constabulary,Lancashire Constabulary,-2.740953,53.779453,On or near Marshall Grove,E01025261,Preston 008C,Violence and sexual offences,Unable to prosecute suspect,
cfad229f5079e9d34551989f6b706fc82d0ed3b6a4ac3bd82b9f9153fdf4da9a,2019-02,Lancashire Constabulary,Lancashire Constabulary,-2.734551,53.783007,On or near Higher Greenfield,E01025261,Preston 008C,Violence and sexual offences,Status update unavailable,
85c45613fd0b83745ea279e33d3242aec5e6759d6b8fd74b19faef1abac5541a,2019-02,Lancashire Constabulary,Lancashire Constabulary,-2.740953,53.779453,On or near Marshall Grove,E01025261,Preston 008C,Other crime,Unable to prosecute suspect,
9cd0d7c5af1b7c0cc08827da8f3e9953fd2b0761e5c7e790b80e753faf49215c,2019-02,Lancashire Constabulary,Lancashire Constabulary,-2.747896,53.772211,On or near West Park Avenue,E01025266,Preston 008D,Criminal damage and arson,Status update unavailable,
4a6148e9ff9d7cc6120a2bb15950ae9e075c01bfeca07e46f2c49ed7b7b003ce,2019-02,Lancashire Constabulary,Lancashire Constabulary,-2.745068,53.771869,On or near Lime Grove,E01025266,Preston 008D,Violence and sexual offences,Status update unavailable,
,2019-02,Lancashire Constabulary,Lancashire Constabulary,-2.722961,53.771860,On or near Blackpool Road,E01025309,Preston 008E,Anti-social behaviour,,
,2019-02,Lancashire Constabulary,Lancashire Constabulary,-2.722961,53.771860,On or near Blackpool Road,E01025309,Preston 008E,Anti-social behaviour,,
d137ef8972560a5f1a77dee185b62003f86f44e8da16246384ee4cabf152fc44,2019-02,Lancashire Constabulary,Lancashire Constabulary,-2.722961,53.771860,On or near Blackpool Road,E01025309,Preston 008E,Drugs,Awaiting court outcome,
5896a0c0c41594b40275f210403dcb8cf2ec3562784b562ab98be7b3e9f51cb3,2019-02,Lancashire Constabulary,Lancashire Constabulary,-2.720780,53.774732,On or near Worden Road,E01025309,Preston 008E,Other theft,Status update unavailable,
98163b477335eb8355caa2075dbe88e16037735235a607d807ffc4e4ddb964d0,2019-02,Lancashire Constabulary,Lancashire Constabulary,-2.722961,53.771860,On or near Blackpool Road,E01025309,Preston 008E,Public order,Status update unavailable,
2b065c4ea2222df29513a16e3b82af982669d84ce09c181366fb869d21d1e059,2019-02,Lancashire Constabulary,Lancashire Constabulary,-2.721554,53.774709,On or near Hamer Road,E01025309,Preston 008E,Vehicle crime,Status update unavailable,
e0c48897d3b27e7346a23910cc4ebcbba16a1347babf80c3e8198ce9ee2ef286,2019-02,Lancashire Constabulary,Lancashire Constabulary,-2.728584,53.774990,On or near Drakes Croft,E01025309,Preston 008E,Violence and sexual offences,Unable to prosecute suspect,
0abc2a346c8fa731dac06f64d5a18a10c99ee5b139c94f914d80e58be1a045be,2019-02,Lancashire Constabulary,Lancashire Constabulary,-2.665335,53.778531,On or near Fairfax Road,E01025236,Preston 009A,Criminal damage and arson,Status update unavailable,
de58c67fb2418d88a8557bddf98ab14c5248b4bf1617b30847c84270c3453444,2019-02,Lancashire Constabulary,Lancashire Constabulary,-2.663207,53.777356,On or near Dawnay Road,E01025236,Preston 009A,Criminal damage and arson,Status update unavailable,
225aaebd1b444bd87d12a1896d7434013546d547c64eb73c07a336f584541929,2019-02,Lancashire Constabulary,Lancashire Constabulary,-2.662385,53.777172,On or near Derry Road,E01025236,Preston 009A,Public order,Unable to prosecute suspect,
7942843e434e124421d08559adb80d8617d81b3b56c929777182671ed454f4f0,2019-02,Lancashire Constabulary,Lancashire Constabulary,-2.661402,53.776440,On or near Supermarket,E01025236,Preston 009A,Public order,Status update unavailable,
ec5058fc9d183a0a53f7317755c53598aca92577692eaf6256cc43f23c3a2ed6,2019-02,Lancashire Constabulary,Lancashire Constabulary,-2.660830,53.778646,On or near Chatburn Road,E01025236,Preston 009A,Robbery,Status update unavailable,
1be40efa3726a3f4b08a8c3cbb7652902bf1951ff6fff3d1c5a417732b68e427,2019-02,Lancashire Constabulary,Lancashire Constabulary,-2.667558,53.775157,On or near Langdale Road,E01025236,Preston 009A,Robbery,Status update unavailable,
63ef29b9d46869f4ee2d65303a9ed2b21e139fa1bec326eec47906c79280788d,2019-02,Lancashire Constabulary,Lancashire Constabulary,-2.659748,53.781267,On or near Lauderdale Crescent,E01025236,Preston 009A,Vehicle crime,Status update unavailable,
58245289c7bff62bf488d8481a51876e049b143c24f4630940e2a346e18d691f,2019-02,Lancashire Constabulary,Lancashire Constabulary,-2.664247,53.775921,On or near Melba Road,E01025236,Preston 009A,Violence and sexual offences,Status update unavailable,
3eec6c77b54a750d724e862d97b66bae442f0d701db7110359caf0a0399ffac7,2019-02,Lancashire Constabulary,Lancashire Constabulary,-2.662385,53.777172,On or near Derry Road,E01025236,Preston 009A,Violence and sexual offences,Unable to prosecute suspect,
ad82f146012cf76ee8a87b7f18055acfdd6155d1f79e848b770256d1d604db20,2019-02,Lancashire Constabulary,Lancashire Constabulary,-2.662385,53.777172,On or near Derry Road,E01025236,Preston 009A,Violence and sexual offences,Status update unavailable,
399f37ad1fb3cfa0e0e6bc13437b7eaf27f1e8d4b24be321456451d5a34ed0e4,2019-02,Lancashire Constabulary,Lancashire Constabulary,-2.662385,53.777172,On or near Derry Road,E01025236,Preston 009A,Violence and sexual offences,Unable to prosecute suspect,
,2019-02,Lancashire Constabulary,Lancashire Constabulary,-2.650064,53.774318,On or near Pope Close,E01025283,Preston 009B,Anti-social behaviour,,
,2019-02,Lancashire Constabulary,Lancashire Constabulary,-2.650289,53.772187,On or near Burholme Close,E01025283,Preston 009B,Anti-social behaviour,,
,2019-02,Lancashire Constabulary,Lancashire Constabulary,-2.649816,53.772980,On or near Burholme Road,E01025283,Preston 009B,Anti-social behaviour,,
,2019-02,Lancashire Constabulary,Lancashire Constabulary,-2.650064,53.774318,On or near Pope Close,E01025283,Preston 009B,Anti-social behaviour,,
,2019-02,Lancashire Constabulary,Lancashire Constabulary,-2.651905,53.771693,On or near Whitmore Drive,E01025283,Preston 009B,Anti-social behaviour,,
,2019-02,Lancashire Constabulary,Lancashire Constabulary,-2.648037,53.773727,On or near Birkett Drive,E01025283,Preston 009B,Anti-social behaviour,,
,2019-02,Lancashire Constabulary,Lancashire Constabulary,-2.650064,53.774318,On or near Pope Close,E01025283,Preston 009B,Anti-social behaviour,,
,2019-02,Lancashire Constabulary,Lancashire Constabulary,-2.649366,53.771329,On or near Grizedale Crescent,E01025283,Preston 009B,Anti-social behaviour,,
,2019-02,Lancashire Constabulary,Lancashire Constabulary,-2.650064,53.774318,On or near Pope Close,E01025283,Preston 009B,Anti-social behaviour,,
,2019-02,Lancashire Constabulary,Lancashire Constabulary,-2.646904,53.774066,On or near Birkett Place,E01025283,Preston 009B,Anti-social behaviour,,
,2019-02,Lancashire Constabulary,Lancashire Constabulary,-2.650683,53.773120,On or near Woodacre Road,E01025283,Preston 009B,Anti-social behaviour,,
0cc0957c8f94ce1a409f9f769c479e237cec94681d977551d177cf873a60cb86,2019-02,Lancashire Constabulary,Lancashire Constabulary,-2.651905,53.771693,On or near Whitmore Drive,E01025283,Preston 009B,Criminal damage and arson,Status update unavailable,
315fd268bfe54f6c0616d7acccd04a29e2cc7a089d7deab526e3baa0124c4a55,2019-02,Lancashire Constabulary,Lancashire Constabulary,-2.649748,53.773493,On or near Waddington Road,E01025283,Preston 009B,Criminal damage and arson,Status update unavailable,
42f8311067a0d4c3ef0cc01e679801a8e0e114fcee19c3d7744b8df6d244095c,2019-02,Lancashire Constabulary,Lancashire Constabulary,-2.653511,53.772484,On or near Slaidburn Road,E01025283,Preston 009B,Other theft,Unable to prosecute suspect,
6c97c309aec2fb605d0916c770894d9c244f4ab3c88c23a3b73aa17a1b6eb42c,2019-02,Lancashire Constabulary,Lancashire Constabulary,-2.648037,53.773727,On or near Birkett Drive,E01025283,Preston 009B,Other theft,Unable to prosecute suspect,
3ce6ba7bfc90a3190bfc15ff4be24faf2a7f78d77615aa9dbe272a5e53348235,2019-02,Lancashire Constabulary,Lancashire Constabulary,-2.650064,53.774318,On or near Pope Close,E01025283,Preston 009B,Public order,Status update unavailable,
242b8e0c9e81e4610764141f9182d4b0dcd9d49d4bf826da58254a52bb97d221,2019-02,Lancashire Constabulary,Lancashire Constabulary,-2.649366,53.771329,On or near Grizedale Crescent,E01025283,Preston 009B,Public order,Status update unavailable,
cba9905c4890a45d5d5e49b09e1f0b29e12a26453320bb8578f4055c01cb0e6d,2019-02,Lancashire Constabulary,Lancashire Constabulary,-2.650064,53.774318,On or near Pope Close,E01025283,Preston 009B,Public order,Status update unavailable,
c78cddc8fa4e79931da805aac31b85c503ec7ff2fb793d0e49e21062fb441112,2019-02,Lancashire Constabulary,Lancashire Constabulary,-2.650064,53.774318,On or near Pope Close,E01025283,Preston 009B,Public order,Status update unavailable,
fb345703afc31a45f17632e1731d41e5d55ac3e6d64daf1a38639595fa921b25,2019-02,Lancashire Constabulary,Lancashire Constabulary,-2.652842,53.770465,On or near Whitmore Grove,E01025283,Preston 009B,Public order,Status update unavailable,
72511f47ae2c2795fad0be817f10a9765cb05c12c9c8b999660aa6525ca3d92a,2019-02,Lancashire Constabulary,Lancashire Constabulary,-2.651905,53.771693,On or near Whitmore Drive,E01025283,Preston 009B,Vehicle crime,Status update unavailable,
a895ecac9e0a46f950d56cc45928116f7d981d62dcdf754aa09419245335de7a,2019-02,Lancashire Constabulary,Lancashire Constabulary,-2.650064,53.774318,On or near Pope Close,E01025283,Preston 009B,Vehicle crime,Status update unavailable,
e0052571939ac2ad6e0770430b79c821c8b4252c02ca017f7bc8b1d3fd42083a,2019-02,Lancashire Constabulary,Lancashire Constabulary,-2.651905,53.771693,On or near Whitmore Drive,E01025283,Preston 009B,Vehicle crime,Status update unavailable,
f228094360c5748313ca8ebf888cd23220e66da91cf3e04308170b4c9ca7e62b,2019-02,Lancashire Constabulary,Lancashire Constabulary,-2.649816,53.772980,On or near Burholme Road,E01025283,Preston 009B,Vehicle crime,Status update unavailable,
11273a1334652d3500d682ac560ef4eddc857a0bb73f23d2fe2def6a81e721ad,2019-02,Lancashire Constabulary,Lancashire Constabulary,-2.651905,53.771693,On or near Whitmore Drive,E01025283,Preston 009B,Vehicle crime,Status update unavailable,
f7b27c5c7c1a78be243e1b55a0ac19626f42505b104b9c80cf5920c9caa406e8,2019-02,Lancashire Constabulary,Lancashire Constabulary,-2.650064,53.774318,On or near Pope Close,E01025283,Preston 009B,Vehicle crime,Status update unavailable,
0a1abf140233b621315cd457ef6bda8be32c354ebcfaebfd477d4f8fdc5387e8,2019-02,Lancashire Constabulary,Lancashire Constabulary,-2.650064,53.774318,On or near Pope Close,E01025283,Preston 009B,Vehicle crime,Status update unavailable,
18089350019d5543f9b3ebdfb1652f14196d859e0a5b26ac51d53a031dfe8451,2019-02,Lancashire Constabulary,Lancashire Constabulary,-2.650289,53.772187,On or near Burholme Close,E01025283,Preston 009B,Vehicle crime,Status update unavailable,
b5ef17488e4cf2847e7d69c84dad0d50ff0c09add024a9b4f26a8fcb7bcc64e9,2019-02,Lancashire Constabulary,Lancashire Constabulary,-2.648037,53.773727,On or near Birkett Drive,E01025283,Preston 009B,Violence and sexual offences,Unable to prosecute suspect,
1288e0e12a8383dbe9b5edeb3227feb90c8295748c387fc3343f672bffb0d807,2019-02,Lancashire Constabulary,Lancashire Constabulary,-2.648846,53.772042,On or near Hazelhurst Road,E01025283,Preston 009B,Violence and sexual offences,Unable to prosecute suspect,
85441afc46dfaec8b61af98887f8961d99cf816d5ae04af130c4c69c0fa0713a,2019-02,Lancashire Constabulary,Lancashire Constabulary,-2.648047,53.774392,On or near Bowland Place,E01025283,Preston 009B,Violence and sexual offences,Further investigation is not in the public interest,
3478003a7c7f6495035091e3d9fe45fbeb288f37d3e36485936cacfc22915e67,2019-02,Lancashire Constabulary,Lancashire Constabulary,-2.648047,53.774392,On or near Bowland Place,E01025283,Preston 009B,Violence and sexual offences,Status update unavailable,
b1a5566273543074b0275274e5364c970b8f59415d90145eb774152ee3c75b65,2019-02,Lancashire Constabulary,Lancashire Constabulary,-2.648037,53.773727,On or near Birkett Drive,E01025283,Preston 009B,Violence and sexual offences,Unable to prosecute suspect,
23523819debc44a2d9a03ea49eca8b4de549eeecd24586b4da078e718f951bad,2019-02,Lancashire Constabulary,Lancashire Constabulary,-2.648917,53.770792,On or near Marl Hill Crescent,E01025283,Preston 009B,Violence and sexual offences,Investigation complete; no suspect identified,
9c1add55d8221be965731b39dbfc63db3cb3eaac92e711481327d8b6dc4bdb58,2019-02,Lancashire Constabulary,Lancashire Constabulary,-2.650064,53.774318,On or near Pope Close,E01025283,Preston 009B,Violence and sexual offences,Status update unavailable,
0767aa939129761161d851f63e748ba7c602b284ea0d45067aab32c96326070f,2019-02,Lancashire Constabulary,Lancashire Constabulary,-2.650064,53.774318,On or near Pope Close,E01025283,Preston 009B,Violence and sexual offences,Status update unavailable,
5b33e494677fa65d844e3c871dbb29ac262555ed358a66b077d73cf5a73c01e6,2019-02,Lancashire Constabulary,Lancashire Constabulary,-2.649816,53.772980,On or near Burholme Road,E01025283,Preston 009B,Violence and sexual offences,Unable to prosecute suspect,
,2019-02,Lancashire Constabulary,Lancashire Constabulary,-2.655028,53.771550,On or near Grizedale Close,E01025284,Preston 009C,Anti-social behaviour,,
,2019-02,Lancashire Constabulary,Lancashire Constabulary,-2.651863,53.773868,On or near Pope Lane,E01025284,Preston 009C,Anti-social behaviour,,
f1096c972e29e5b2ecf23ec6d41e0c17ae029301a1aedb7cd0c9fe7ed3dc2dd1,2019-02,Lancashire Constabulary,Lancashire Constabulary,-2.655028,53.771550,On or near Grizedale Close,E01025284,Preston 009C,Burglary,Status update unavailable,
ed417f9caad48caa2231e7de3b7ae1c6b259c2624550357051b62855bd90cd9a,2019-02,Lancashire Constabulary,Lancashire Constabulary,-2.657594,53.771644,On or near Hospital,E01025284,Preston 009C,Burglary,Status update unavailable,
8a7704e17ad972b3ab559f0085bf1ed501a1e3d2573b746e3f35c596224a497a,2019-02,Lancashire Constabulary,Lancashire Constabulary,-2.655058,53.770534,On or near The Glen,E01025284,Preston 009C,Other theft,Status update unavailable,
62460351e3d34a2d9e2ee153ac047dc86aedc79f86783a5e79ed43e4faeeb3cd,2019-02,Lancashire Constabulary,Lancashire Constabulary,-2.658405,53.774012,On or near Thornfield Avenue,E01025284,Preston 009C,Possession of weapons,Status update unavailable,
74f9fee68a460f25647fa2a7f9e8ecb14376d646bd256af3682d2f5e7a469e52,2019-02,Lancashire Constabulary,Lancashire Constabulary,-2.655028,53.771550,On or near Grizedale Close,E01025284,Preston 009C,Vehicle crime,Status update unavailable,
4505bab79be0c0b6c23e33a0463da20dd28eada145144feef4f27869eac76edc,2019-02,Lancashire Constabulary,Lancashire Constabulary,-2.652025,53.776465,On or near Glenview Court,E01025284,Preston 009C,Vehicle crime,Status update unavailable,
608a2dc8c1c12eb3e76897af09f0cde7110994c180761d7c0fb496a539716b4c,2019-02,Lancashire Constabulary,Lancashire Constabulary,-2.655028,53.771550,On or near Grizedale Close,E01025284,Preston 009C,Vehicle crime,Further investigation is not in the public interest,
7cdecff016a80bda9067f3c991d3c4d208c687747cd4235ed15263845fd3f2d0,2019-02,Lancashire Constabulary,Lancashire Constabulary,-2.651863,53.773868,On or near Pope Lane,E01025284,Preston 009C,Vehicle crime,Status update unavailable,
38d8695189ca639b8ba9152c0f529e9f0c353d69c74aaa1d6a917ea71e629cd0,2019-02,Lancashire Constabulary,Lancashire Constabulary,-2.655028,53.771550,On or near Grizedale Close,E01025284,Preston 009C,Violence and sexual offences,Offender sent to prison,
9e6632a1adbb8bd017dbdbf1ccde5e9d4270dd1cc5a914e4ae9c9a035238152f,2019-02,Lancashire Constabulary,Lancashire Constabulary,-2.662991,53.774230,On or near Heather Grove,E01025284,Preston 009C,Violence and sexual offences,Unable to prosecute suspect,
bf37417961d880dc92b082821ec9096fd1b62dc746cf2eeaffa9ea02e24aa447,2019-02,Lancashire Constabulary,Lancashire Constabulary,-2.655028,53.771550,On or near Grizedale Close,E01025284,Preston 009C,Violence and sexual offences,Status update unavailable,
ea8024d2fc143a56df033e7bd78ab559270a6437c14e8914f05488882ed2a8e5,2019-02,Lancashire Constabulary,Lancashire Constabulary,-2.651863,53.773868,On or near Pope Lane,E01025284,Preston 009C,Violence and sexual offences,Further investigation is not in the public interest,
5ff7a694016b06bb9e655dabb8cd52954cd083ac96562228e80ee6fdfcb0f617,2019-02,Lancashire Constabulary,Lancashire Constabulary,-2.651863,53.773868,On or near Pope Lane,E01025284,Preston 009C,Violence and sexual offences,Further investigation is not in the public interest,
bd8c2e194501bb3b143771eb9a34a7aab163f285395f11c1c297fc445cb15d86,2019-02,Lancashire Constabulary,Lancashire Constabulary,-2.659723,53.774877,On or near Moorside Avenue,E01025284,Preston 009C,Violence and sexual offences,Status update unavailable,
3aae2fd217659cc37b37230a05c4afc81230f8153a5825e2c357bac4ac318daa,2019-02,Lancashire Constabulary,Lancashire Constabulary,-2.657841,53.772901,On or near Sandycroft,E01025284,Preston 009C,Violence and sexual offences,Status update unavailable,
,2019-02,Lancashire Constabulary,Lancashire Constabulary,-2.672149,53.771940,On or near Morris Road,E01025285,Preston 009D,Anti-social behaviour,,
,2019-02,Lancashire Constabulary,Lancashire Constabulary,-2.669655,53.772503,On or near Belmont Crescent,E01025285,Preston 009D,Anti-social behaviour,,
,2019-02,Lancashire Constabulary,Lancashire Constabulary,-2.670749,53.771652,On or near Maldon Place,E01025285,Preston 009D,Anti-social behaviour,,
,2019-02,Lancashire Constabulary,Lancashire Constabulary,-2.672149,53.771940,On or near Morris Road,E01025285,Preston 009D,Anti-social behaviour,,
a02357db757406c67eb4fc4bd6625a81c1b654c5fb2c741b2b049911aed24312,2019-02,Lancashire Constabulary,Lancashire Constabulary,-2.668431,53.770919,On or near Sycamore Road,E01025285,Preston 009D,Criminal damage and arson,Status update unavailable,
0a251f9cd3b928bdfa1b284081bd81ebd3d4ad3062d9a759a5d32bbab15e458e,2019-02,Lancashire Constabulary,Lancashire Constabulary,-2.668201,53.773616,On or near Burwood Drive,E01025285,Preston 009D,Vehicle crime,Status update unavailable,
a6845392c04c76af043bbd95cc67ae1f5448a4540c074b49563a32a5197a4d94,2019-02,Lancashire Constabulary,Lancashire Constabulary,-2.668716,53.769767,On or near Willow Crescent,E01025285,Preston 009D,Violence and sexual offences,Unable to prosecute suspect,
096c80afc7723d578c4e84a192660537f5e9d0f08ae94bf9f072e2811abf79f1,2019-02,Lancashire Constabulary,Lancashire Constabulary,-2.670749,53.771652,On or near Maldon Place,E01025285,Preston 009D,Violence and sexual offences,Unable to prosecute suspect,
c7370af806bfa57066b409a4e7b967c41e6121f40d9d6b6c4f87b709ac1d939e,2019-02,Lancashire Constabulary,Lancashire Constabulary,-2.667652,53.771534,On or near Cedar Road,E01025285,Preston 009D,Violence and sexual offences,Status update unavailable,
32abf40a9cbeafb30e8e6907e806899abe560150db02437bc881001d3cff2082,2019-02,Lancashire Constabulary,Lancashire Constabulary,-2.671255,53.771047,On or near Lynn Place,E01025285,Preston 009D,Violence and sexual offences,Status update unavailable,
e7a83ef22a973eb5df27b76632c59a89897195a802c286b6cdcc940ba86b0a7a,2019-02,Lancashire Constabulary,Lancashire Constabulary,-2.669655,53.772503,On or near Belmont Crescent,E01025285,Preston 009D,Violence and sexual offences,Unable to prosecute suspect,
f058375744f26f3306cc83e878f7197b9f830307a09a6a3d4409f2e6a6fd6c2a,2019-02,Lancashire Constabulary,Lancashire Constabulary,-2.670927,53.772334,On or near Hampstead Road,E01025285,Preston 009D,Violence and sexual offences,Unable to prosecute suspect,
b5f4472b15a4f0c7dad526e3b9156b39d4aa5259c1b8bdb4cf5f2eb00b1d9926,2019-02,Lancashire Constabulary,Lancashire Constabulary,-2.669655,53.772503,On or near Belmont Crescent,E01025285,Preston 009D,Violence and sexual offences,Unable to prosecute suspect,
a35671c9956fdabee66e152eacb8cc172c26ffda492e25348237a103f6909a56,2019-02,Lancashire Constabulary,Lancashire Constabulary,-2.668901,53.768993,On or near Blackpool Road,E01025285,Preston 009D,Violence and sexual offences,Awaiting court outcome,
eff01a9f4a4ec1571fb88305d366b27bc6613762224079b374d29e8a2cf877a0,2019-02,Lancashire Constabulary,Lancashire Constabulary,-2.669655,53.772503,On or near Belmont Crescent,E01025285,Preston 009D,Violence and sexual offences,Awaiting court outcome,
48ccfd8266946098af0b2431ac9f6fdb60ffd7afda446d5e5d30c00b76271fc7,2019-02,Lancashire Constabulary,Lancashire Constabulary,-2.670927,53.772334,On or near Hampstead Road,E01025285,Preston 009D,Violence and sexual offences,Unable to prosecute suspect,
8ecbd5c284f4e717f0c91373fd7a65a1f8241b741dfc3f43d88f12c735c20b3c,2019-02,Lancashire Constabulary,Lancashire Constabulary,-2.670927,53.772334,On or near Hampstead Road,E01025285,Preston 009D,Violence and sexual offences,Further investigation is not in the public interest,
,2019-02,Lancashire Constabulary,Lancashire Constabulary,-2.667480,53.769342,On or near Waverley Gardens,E01025286,Preston 009E,Anti-social behaviour,,
,2019-02,Lancashire Constabulary,Lancashire Constabulary,-2.656118,53.766484,On or near Farringdon Close,E01025286,Preston 009E,Anti-social behaviour,,
,2019-02,Lancashire Constabulary,Lancashire Constabulary,-2.653245,53.766140,On or near Windermere Road,E01025286,Preston 009E,Anti-social behaviour,,
,2019-02,Lancashire Constabulary,Lancashire Constabulary,-2.651366,53.767273,On or near Orrest Road,E01025286,Preston 009E,Anti-social behaviour,,
,2019-02,Lancashire Constabulary,Lancashire Constabulary,-2.646419,53.786930,On or near Longridge Road,E01025286,Preston 009E,Anti-social behaviour,,
,2019-02,Lancashire Constabulary,Lancashire Constabulary,-2.635568,53.789011,On or near Roman Way,E01025286,Preston 009E,Anti-social behaviour,,
c593f36e5b7a63e83b38c9d47b9e40deb6fff847dad9927001d8416f84d8c03b,2019-02,Lancashire Constabulary,Lancashire Constabulary,-2.651366,53.767273,On or near Orrest Road,E01025286,Preston 009E,Burglary,Local resolution,
b7b7e63f315135cd42e65accb6764ae10de13085831e8fbad5f522d06c10701e,2019-02,Lancashire Constabulary,Lancashire Constabulary,-2.667480,53.769342,On or near Waverley Gardens,E01025286,Preston 009E,Criminal damage and arson,Status update unavailable,
64d9d72a8773eeae6af4e7ebb07d9b029bb35f099c27ab510f00038a5cc910c0,2019-02,Lancashire Constabulary,Lancashire Constabulary,-2.666334,53.770733,On or near Hawthorn Road,E01025286,Preston 009E,Other theft,Status update unavailable,
16d48f29bc30867cee6dae795fa13855a630c85f8f3303a609916d4d51a7e21d,2019-02,Lancashire Constabulary,Lancashire Constabulary,-2.626136,53.769269,On or near Park/Open Space,E01025286,Preston 009E,Other theft,Status update unavailable,
51bc0a60ce700267eaf36044abd51a9d1fdf16df0e5fa91eb4650d4b33f0df79,2019-02,Lancashire Constabulary,Lancashire Constabulary,-2.666334,53.770733,On or near Hawthorn Road,E01025286,Preston 009E,Other theft,Status update unavailable,
c7de808e0859dd6d7bb81ae27c40fd704fb2a32c7ffc7c633f731cb0ff11474e,2019-02,Lancashire Constabulary,Lancashire Constabulary,-2.667480,53.769342,On or near Waverley Gardens,E01025286,Preston 009E,Public order,Status update unavailable,
122a3ab07b817471b7efc5f2455801f728af4034b1c0c85da2fbe045d3bf87ab,2019-02,Lancashire Constabulary,Lancashire Constabulary,-2.653245,53.766140,On or near Windermere Road,E01025286,Preston 009E,Public order,Status update unavailable,
48e3248d066a565dd3dfb8002f56aa2a8c482c598be1a345807623a662ba804f,2019-02,Lancashire Constabulary,Lancashire Constabulary,-2.664211,53.769828,On or near Mimosa Road,E01025286,Preston 009E,Violence and sexual offences,Unable to prosecute suspect,
44fb9f005a0ea834f85512f50454b94bbef106d7c7060f0113da5506eebe5fd9,2019-02,Lancashire Constabulary,Lancashire Constabulary,-2.653243,53.767012,On or near Mardale Road,E01025286,Preston 009E,Violence and sexual offences,Status update unavailable,
66f7a7ab3567c1bdb4b5fc66f733579871e23af75323c81e9b1a05e0a14b6fed,2019-02,Lancashire Constabulary,Lancashire Constabulary,-2.656174,53.766196,On or near Farringdon Crescent,E01025286,Preston 009E,Violence and sexual offences,Further investigation is not in the public interest,
13c3871703f000e8ef2dde9a823b22447186b90ec828c0b731e52c9dad77820c,2019-02,Lancashire Constabulary,Lancashire Constabulary,-2.667480,53.769342,On or near Waverley Gardens,E01025286,Preston 009E,Violence and sexual offences,Unable to prosecute suspect,
0e0924478b190e721120c8db4954b16f8ac895c9ff8b78d1954cd895dfcfffe9,2019-02,Lancashire Constabulary,Lancashire Constabulary,-2.651375,53.769772,On or near Greenthorn Crescent,E01025286,Preston 009E,Violence and sexual offences,Unable to prosecute suspect,
562ae4c1868fc9dc6afc758644e84d027f3e43e3b69f57a8ad51c8e1a2901eaa,2019-02,Lancashire Constabulary,Lancashire Constabulary,-2.656174,53.766196,On or near Farringdon Crescent,E01025286,Preston 009E,Violence and sexual offences,Further investigation is not in the public interest,
b6a9307175ba23b1cc1518e0a51c5c7269dbf83ce460b3ae59dd2a802a153ea7,2019-02,Lancashire Constabulary,Lancashire Constabulary,-2.667480,53.769342,On or near Waverley Gardens,E01025286,Preston 009E,Violence and sexual offences,Unable to prosecute suspect,
30f9e7403d40baeab66c3f1f402a2a7d5a04b81f7f55ba13e4315fa0a854ba1d,2019-02,Lancashire Constabulary,Lancashire Constabulary,-2.653243,53.767012,On or near Mardale Road,E01025286,Preston 009E,Violence and sexual offences,Status update unavailable,
,2019-02,Lancashire Constabulary,Lancashire Constabulary,-2.650873,53.781451,On or near Poplar Grove,E01025287,Preston 009F,Anti-social behaviour,,
,2019-02,Lancashire Constabulary,Lancashire Constabulary,-2.653672,53.781885,On or near Hazel Grove,E01025287,Preston 009F,Anti-social behaviour,,
,2019-02,Lancashire Constabulary,Lancashire Constabulary,-2.650269,53.780681,On or near Cypress Close,E01025287,Preston 009F,Anti-social behaviour,,
,2019-02,Lancashire Constabulary,Lancashire Constabulary,-2.652401,53.780166,On or near Maple Grove,E01025287,Preston 009F,Anti-social behaviour,,
,2019-02,Lancashire Constabulary,Lancashire Constabulary,-2.655801,53.781226,On or near Grange Place,E01025287,Preston 009F,Anti-social behaviour,,
,2019-02,Lancashire Constabulary,Lancashire Constabulary,-2.652401,53.780166,On or near Maple Grove,E01025287,Preston 009F,Anti-social behaviour,,
,2019-02,Lancashire Constabulary,Lancashire Constabulary,-2.654387,53.780047,On or near Fir Trees Place,E01025287,Preston 009F,Anti-social behaviour,,
,2019-02,Lancashire Constabulary,Lancashire Constabulary,-2.657258,53.781227,On or near Supermarket,E01025287,Preston 009F,Anti-social behaviour,,
,2019-02,Lancashire Constabulary,Lancashire Constabulary,-2.650873,53.781451,On or near Poplar Grove,E01025287,Preston 009F,Anti-social behaviour,,
,2019-02,Lancashire Constabulary,Lancashire Constabulary,-2.654172,53.780866,On or near Fir Trees Avenue,E01025287,Preston 009F,Anti-social behaviour,,
,2019-02,Lancashire Constabulary,Lancashire Constabulary,-2.654387,53.780047,On or near Fir Trees Place,E01025287,Preston 009F,Anti-social behaviour,,
,2019-02,Lancashire Constabulary,Lancashire Constabulary,-2.650873,53.781451,On or near Poplar Grove,E01025287,Preston 009F,Anti-social behaviour,,
,2019-02,Lancashire Constabulary,Lancashire Constabulary,-2.650269,53.780681,On or near Cypress Close,E01025287,Preston 009F,Anti-social behaviour,,
,2019-02,Lancashire Constabulary,Lancashire Constabulary,-2.650269,53.780681,On or near Cypress Close,E01025287,Preston 009F,Anti-social behaviour,,
,2019-02,Lancashire Constabulary,Lancashire Constabulary,-2.650873,53.781451,On or near Poplar Grove,E01025287,Preston 009F,Anti-social behaviour,,
,2019-02,Lancashire Constabulary,Lancashire Constabulary,-2.650541,53.781605,On or near Yewtree Avenue,E01025287,Preston 009F,Anti-social behaviour,,
,2019-02,Lancashire Constabulary,Lancashire Constabulary,-2.652401,53.780166,On or near Maple Grove,E01025287,Preston 009F,Anti-social behaviour,,
cff3da406c9a62084ca56c1b6d991f21b6f91722fd8455aff2237e32fe6cf515,2019-02,Lancashire Constabulary,Lancashire Constabulary,-2.650541,53.781605,On or near Yewtree Avenue,E01025287,Preston 009F,Burglary,Status update unavailable,
fda082d2501f29b99c21cd7f1e29d7b51335bb8cec29a5e5191e3e02259187ea,2019-02,Lancashire Constabulary,Lancashire Constabulary,-2.653672,53.781885,On or near Hazel Grove,E01025287,Preston 009F,Criminal damage and arson,Status update unavailable,
543179f865858d5b4e7f5476ae28377bbaf7415a3675cc8bcec1631751389a90,2019-02,Lancashire Constabulary,Lancashire Constabulary,-2.657258,53.781227,On or near Supermarket,E01025287,Preston 009F,Criminal damage and arson,Status update unavailable,
fc39d96347211507673aa85ebe7cdf6068b9ecc0a3c2079a343727d791a7593d,2019-02,Lancashire Constabulary,Lancashire Constabulary,-2.654387,53.780047,On or near Fir Trees Place,E01025287,Preston 009F,Criminal damage and arson,Status update unavailable,
0f81c6f8b2b7c17422b0aaed2388c2ef8516082e4c0b45cc0c3e24312a6f021a,2019-02,Lancashire Constabulary,Lancashire Constabulary,-2.657847,53.780999,On or near Lauderdale Road,E01025287,Preston 009F,Criminal damage and arson,Status update unavailable,
c0b9ba8d03d29c8389dd4ea6986a179d01c40fc39fefafcb39272619707bbc04,2019-02,Lancashire Constabulary,Lancashire Constabulary,-2.650873,53.781451,On or near Poplar Grove,E01025287,Preston 009F,Criminal damage and arson,Status update unavailable,
b5d95b8f965c7867bd828b1805f116fc53d323e3509a2750fd5425d9e92b59aa,2019-02,Lancashire Constabulary,Lancashire Constabulary,-2.655643,53.777910,On or near Fair Oak Close,E01025287,Preston 009F,Criminal damage and arson,Status update unavailable,
8f72c24f711525d5c056bec27e3e882b45659b9f4cdf7a6853c9dacaceedd64c,2019-02,Lancashire Constabulary,Lancashire Constabulary,-2.655643,53.777910,On or near Fair Oak Close,E01025287,Preston 009F,Criminal damage and arson,Status update unavailable,
da82508219b7a95fb5d9a9465724a62f603b19493bf217ad3dc2fbbea5db454d,2019-02,Lancashire Constabulary,Lancashire Constabulary,-2.657258,53.781227,On or near Supermarket,E01025287,Preston 009F,Criminal damage and arson,Status update unavailable,
752fbf5a7b91df798c5aea98d211ac0dafe38f74455baf5aaffc03f3ccd613ff,2019-02,Lancashire Constabulary,Lancashire Constabulary,-2.650873,53.781451,On or near Poplar Grove,E01025287,Preston 009F,Other theft,Unable to prosecute suspect,
1746ce47803dbd4f069ff327cbcca2bef007097e8b53c4ea54e5fea98d82897c,2019-02,Lancashire Constabulary,Lancashire Constabulary,-2.657141,53.776635,On or near Bayliss Close,E01025287,Preston 009F,Other theft,Status update unavailable,
3965fa7d4cbe3e47522015bc2e99938dd316f0ace7ccff9ff9dbef8bc9918f3d,2019-02,Lancashire Constabulary,Lancashire Constabulary,-2.657959,53.777520,On or near Acer Grove,E01025287,Preston 009F,Public order,Unable to prosecute suspect,
3ff819ac09259fbb0cfe7dfd8723f36d2f120d4c67087adce2954241fd18dd75,2019-02,Lancashire Constabulary,Lancashire Constabulary,-2.657258,53.781227,On or near Supermarket,E01025287,Preston 009F,Public order,Status update unavailable,
9d7173a7e0e1f5d233276ba479117a4f848194c4ae21fd7ef8c9ec12ff746e33,2019-02,Lancashire Constabulary,Lancashire Constabulary,-2.659138,53.777199,On or near Ribbleton Hall Crescent,E01025287,Preston 009F,Public order,Unable to prosecute suspect,
c87f95009052faeb410b70a9925a454ef807354d6264fe1e80d4628da5194269,2019-02,Lancashire Constabulary,Lancashire Constabulary,-2.657258,53.781227,On or near Supermarket,E01025287,Preston 009F,Robbery,Status update unavailable,
1efe3a9ce1b91ff8c0ebce5afcedf2ce9e1d8c1782cf3f9786e665f4e56aff8a,2019-02,Lancashire Constabulary,Lancashire Constabulary,-2.655801,53.777289,On or near Burnslack Road,E01025287,Preston 009F,Theft from the person,Status update unavailable,
e7ebda55835b4d3854825ab9c8d84040ccd1b7cbe1a453cff9a79da358f52fd2,2019-02,Lancashire Constabulary,Lancashire Constabulary,-2.654644,53.780990,On or near Grange Avenue,E01025287,Preston 009F,Violence and sexual offences,Offender given community sentence,
86d68f8a3f0c73efe93634df6f0bfe2996dfcc49c692b25bb4e732b00becf36b,2019-02,Lancashire Constabulary,Lancashire Constabulary,-2.654387,53.780047,On or near Fir Trees Place,E01025287,Preston 009F,Violence and sexual offences,Status update unavailable,
358d54f0b2fb0afcfc716062922124efcf732327fcbc64a526e22349f2aa8de2,2019-02,Lancashire Constabulary,Lancashire Constabulary,-2.651916,53.781220,On or near Alder Road,E01025287,Preston 009F,Violence and sexual offences,Further investigation is not in the public interest,
7be684344031ac25bdda2bdc1586beabe3e17a65c4fdfb418f1b11a6d56075eb,2019-02,Lancashire Constabulary,Lancashire Constabulary,-2.659138,53.777199,On or near Ribbleton Hall Crescent,E01025287,Preston 009F,Violence and sexual offences,Status update unavailable,
c0c2ac82254db71838af387c7fa019f5db5756e6eddd8823f7851676e26f4d0f,2019-02,Lancashire Constabulary,Lancashire Constabulary,-2.655643,53.777910,On or near Fair Oak Close,E01025287,Preston 009F,Violence and sexual offences,Unable to prosecute suspect,
571b79e1772f144fc26181484371f55b45c211d0c11d355626989fe080788775,2019-02,Lancashire Constabulary,Lancashire Constabulary,-2.654172,53.780866,On or near Fir Trees Avenue,E01025287,Preston 009F,Violence and sexual offences,Further investigation is not in the public interest,
52e4f0784ffdd22d801e8bd3dea0288166d0e1fe78bd2a557b9560c612c740da,2019-02,Lancashire Constabulary,Lancashire Constabulary,-2.655801,53.781226,On or near Grange Place,E01025287,Preston 009F,Violence and sexual offences,Unable to prosecute suspect,
2f57b03cf3321c70174a916badb47e1ba8ee8b4afcfe57303225d53d9c67f5f3,2019-02,Lancashire Constabulary,Lancashire Constabulary,-2.657959,53.777520,On or near Acer Grove,E01025287,Preston 009F,Violence and sexual offences,Status update unavailable,
f12355213414c817bf2958114a7a080c7186c0605678f4bcf3a450b1b866928a,2019-02,Lancashire Constabulary,Lancashire Constabulary,-2.655161,53.776187,On or near Ribbleton Hall Drive,E01025287,Preston 009F,Violence and sexual offences,Status update unavailable,
2efd5704212b478ec7db7de70a7a60321f5a4629d9697e8189932ae39ef2685d,2019-02,Lancashire Constabulary,Lancashire Constabulary,-2.654387,53.780047,On or near Fir Trees Place,E01025287,Preston 009F,Violence and sexual offences,Status update unavailable,
1008868b7cb139c3a696b3b2a3678a7f102494d8dbe0755bba722dcab2cc3a87,2019-02,Lancashire Constabulary,Lancashire Constabulary,-2.654387,53.780047,On or near Fir Trees Place,E01025287,Preston 009F,Violence and sexual offences,Status update unavailable,
3d4bff0dc4182331c0c239fe8c4e86264035043dd53bc5802bcfc513e4a9dd94,2019-02,Lancashire Constabulary,Lancashire Constabulary,-2.650873,53.781451,On or near Poplar Grove,E01025287,Preston 009F,Violence and sexual offences,Unable to prosecute suspect,
,2019-02,Lancashire Constabulary,Lancashire Constabulary,-2.761496,53.764090,On or near Sutton Drive,E01025270,Preston 010A,Anti-social behaviour,,
,2019-02,Lancashire Constabulary,Lancashire Constabulary,-2.765942,53.767513,On or near Savick Avenue,E01025270,Preston 010A,Anti-social behaviour,,
d0af3452f42ca48993596ed0e4f4ec0ba0eaab610dc3d0521003910c52bcbb47,2019-02,Lancashire Constabulary,Lancashire Constabulary,-2.769871,53.764171,On or near Parkfield Close,E01025270,Preston 010A,Criminal damage and arson,Status update unavailable,
0d4789cfa978559037f3961bf4b0801dfc9b69a507a35c47f7a73465acdf857f,2019-02,Lancashire Constabulary,Lancashire Constabulary,-2.791417,53.761163,On or near Petrol Station,E01025270,Preston 010A,Shoplifting,Status update unavailable,
ec29b3a0bc5a5080d5de08b6d888b7107d5ff913b88adfc78b8fcd0093ae2276,2019-02,Lancashire Constabulary,Lancashire Constabulary,-2.762861,53.763227,On or near Finney Park Drive,E01025270,Preston 010A,Violence and sexual offences,Unable to prosecute suspect,
0241d6ee37689d5b17acb1149788ade894ebd8e4398b59398179872fd3d3676c,2019-02,Lancashire Constabulary,Lancashire Constabulary,-2.764871,53.766180,On or near Victoria Park Drive,E01025270,Preston 010A,Violence and sexual offences,Status update unavailable,
bd7cc048d8348a4b974b216a6494107120a7f20d44777d9e29761738d0594261,2019-02,Lancashire Constabulary,Lancashire Constabulary,-2.764871,53.766180,On or near Victoria Park Drive,E01025270,Preston 010A,Violence and sexual offences,Status update unavailable,
eb326c76915e173e8a79544696a5992b75cbd4b1b57e70ad2c1c67de170ccb21,2019-02,Lancashire Constabulary,Lancashire Constabulary,-2.765942,53.767513,On or near Savick Avenue,E01025270,Preston 010A,Violence and sexual offences,Status update unavailable,
,2019-02,Lancashire Constabulary,Lancashire Constabulary,-2.775897,53.781641,On or near Sidgreaves Lane,E01025272,Preston 010B,Anti-social behaviour,,
3c496519c60eb85a07102e0c26729d798719b6a6cf3bc4ac8d212c78635d1ed2,2019-02,Lancashire Constabulary,Lancashire Constabulary,-2.775897,53.781641,On or near Sidgreaves Lane,E01025272,Preston 010B,Criminal damage and arson,Status update unavailable,
f783de34215a62f027847d0f0228c7600ff87486fe0f8eb83d204ec386a7cde0,2019-02,Lancashire Constabulary,Lancashire Constabulary,-2.759958,53.779703,On or near Canberra Lane,E01025272,Preston 010B,Vehicle crime,Status update unavailable,
7bcc9f0ea99e729a9106daab1db51d653a604e3251ee545fa240a142e1147997,2019-02,Lancashire Constabulary,Lancashire Constabulary,-2.783119,53.785576,On or near Lea Lane,E01025272,Preston 010B,Vehicle crime,Status update unavailable,
3152c77b0619e7c2aed9c2c8f8a734d4fb9edcdd904280e5101424bb4ccf1955,2019-02,Lancashire Constabulary,Lancashire Constabulary,-2.754446,53.780358,On or near Millersgate,E01025272,Preston 010B,Violence and sexual offences,Unable to prosecute suspect,
f8c13ff7581ae2de503f9730444b3f2ecc74b2f0696e1746e44bd42f2f500843,2019-02,Lancashire Constabulary,Lancashire Constabulary,-2.775897,53.781641,On or near Sidgreaves Lane,E01025272,Preston 010B,Violence and sexual offences,Status update unavailable,
d8995a60eee663f4f17c39763b781768c64913c988be44f01cfe914dcfa60760,2019-02,Lancashire Constabulary,Lancashire Constabulary,-2.775897,53.781641,On or near Sidgreaves Lane,E01025272,Preston 010B,Violence and sexual offences,Unable to prosecute suspect,
233e958be103cf6dc944608e0f21813eede473b802246e269a8a6a0e55ba11d4,2019-02,Lancashire Constabulary,Lancashire Constabulary,-2.775897,53.781641,On or near Sidgreaves Lane,E01025272,Preston 010B,Violence and sexual offences,Status update unavailable,
e35a46a6c0e9711fc932d54b31e441a526940acbcc44694e40d26881e59bc219,2019-02,Lancashire Constabulary,Lancashire Constabulary,-2.761687,53.783872,On or near Wiltshire Mews,E01025272,Preston 010B,Violence and sexual offences,Unable to prosecute suspect,
,2019-02,Lancashire Constabulary,Lancashire Constabulary,-2.755267,53.785521,On or near Swallowfields,E01025273,Preston 010C,Anti-social behaviour,,
d68e5be84ef2db63769e6210c719779af3d10700316be843362e785fc93a0ce6,2019-02,Lancashire Constabulary,Lancashire Constabulary,-2.751744,53.787125,On or near Poppyfield,E01025273,Preston 010C,Robbery,Status update unavailable,
40abe23d6c26bc8bdbddb25477e749edcc95a4ca7dabff02cb73d78f04af72bc,2019-02,Lancashire Constabulary,Lancashire Constabulary,-2.756085,53.782091,On or near Valentines Meadow,E01025273,Preston 010C,Vehicle crime,Status update unavailable,
7a394e41ecfaa296ad09c2395156e54169090c0d4c2bbe54aa57413b9943d68a,2019-02,Lancashire Constabulary,Lancashire Constabulary,-2.755793,53.786929,On or near Sandyfields,E01025273,Preston 010C,Vehicle crime,Status update unavailable,
15b87ae4d2d616df6b0296545085d1c0906d98e8a26ba88954a2c50795f99240,2019-02,Lancashire Constabulary,Lancashire Constabulary,-2.756056,53.783862,On or near Roseberry Avenue,E01025273,Preston 010C,Violence and sexual offences,Status update unavailable,
,2019-02,Lancashire Constabulary,Lancashire Constabulary,-2.726734,53.761897,On or near Customs Way,E01025288,Preston 010D,Anti-social behaviour,,
,2019-02,Lancashire Constabulary,Lancashire Constabulary,-2.745726,53.761052,On or near Perry Road,E01025288,Preston 010D,Anti-social behaviour,,
,2019-02,Lancashire Constabulary,Lancashire Constabulary,-2.737212,53.759082,On or near Victoria Quay,E01025288,Preston 010D,Anti-social behaviour,,
,2019-02,Lancashire Constabulary,Lancashire Constabulary,-2.726739,53.763910,On or near Douglas Street,E01025288,Preston 010D,Anti-social behaviour,,
,2019-02,Lancashire Constabulary,Lancashire Constabulary,-2.740765,53.762737,On or near Pedders Lane,E01025288,Preston 010D,Anti-social behaviour,,
,2019-02,Lancashire Constabulary,Lancashire Constabulary,-2.728306,53.764179,On or near Calder Street,E01025288,Preston 010D,Anti-social behaviour,,
,2019-02,Lancashire Constabulary,Lancashire Constabulary,-2.726734,53.761897,On or near Customs Way,E01025288,Preston 010D,Anti-social behaviour,,
,2019-02,Lancashire Constabulary,Lancashire Constabulary,-2.726734,53.761897,On or near Customs Way,E01025288,Preston 010D,Anti-social behaviour,,
,2019-02,Lancashire Constabulary,Lancashire Constabulary,-2.727839,53.763499,On or near Mersey Street,E01025288,Preston 010D,Anti-social behaviour,,
,2019-02,Lancashire Constabulary,Lancashire Constabulary,-2.741181,53.762231,On or near Pedders Way,E01025288,Preston 010D,Anti-social behaviour,,
,2019-02,Lancashire Constabulary,Lancashire Constabulary,-2.752814,53.760450,On or near Nile Close,E01025288,Preston 010D,Anti-social behaviour,,
,2019-02,Lancashire Constabulary,Lancashire Constabulary,-2.726734,53.761897,On or near Customs Way,E01025288,Preston 010D,Anti-social behaviour,,
,2019-02,Lancashire Constabulary,Lancashire Constabulary,-2.736057,53.762433,On or near Supermarket,E01025288,Preston 010D,Anti-social behaviour,,
,2019-02,Lancashire Constabulary,Lancashire Constabulary,-2.760909,53.757649,On or near Wallend Road,E01025288,Preston 010D,Anti-social behaviour,,
,2019-02,Lancashire Constabulary,Lancashire Constabulary,-2.736033,53.759332,On or near Navigation Way,E01025288,Preston 010D,Anti-social behaviour,,
,2019-02,Lancashire Constabulary,Lancashire Constabulary,-2.723443,53.760164,On or near Channel Way,E01025288,Preston 010D,Anti-social behaviour,,
,2019-02,Lancashire Constabulary,Lancashire Constabulary,-2.748569,53.759722,On or near Lockside Road,E01025288,Preston 010D,Anti-social behaviour,,
,2019-02,Lancashire Constabulary,Lancashire Constabulary,-2.729095,53.763302,On or near Dart Street,E01025288,Preston 010D,Anti-social behaviour,,
,2019-02,Lancashire Constabulary,Lancashire Constabulary,-2.738063,53.761764,On or near Petrol Station,E01025288,Preston 010D,Anti-social behaviour,,
957b23bed5f65ae6bdd7fe2e49f87a81754cc4a06d3e30c65839a56c37cedcff,2019-02,Lancashire Constabulary,Lancashire Constabulary,-2.728490,53.763423,On or near Clyde Street,E01025288,Preston 010D,Burglary,Status update unavailable,
6c9b448033cbcbe16f3c85c042c2f36a2488206fea3052f17b871f0b2009e7c2,2019-02,Lancashire Constabulary,Lancashire Constabulary,-2.732060,53.762862,On or near Watery Lane,E01025288,Preston 010D,Burglary,Status update unavailable,
54c642df2562863dede41952d32bc28cb640b7eec535e0fb728dfff1b312e714,2019-02,Lancashire Constabulary,Lancashire Constabulary,-2.726734,53.761897,On or near Customs Way,E01025288,Preston 010D,Burglary,Status update unavailable,
9cc8dd164eb0b7db19e7a2bf427f96ddb0a20a04c8c8df26cf19a67a1ddb1ac0,2019-02,Lancashire Constabulary,Lancashire Constabulary,-2.725860,53.763969,On or near Swansea Street,E01025288,Preston 010D,Burglary,Status update unavailable,
ae999ea6feccc97744f8976c00122a0cf813ee75bd91c28e167ff8cbd82f3aec,2019-02,Lancashire Constabulary,Lancashire Constabulary,-2.726739,53.763910,On or near Douglas Street,E01025288,Preston 010D,Burglary,Status update unavailable,
c9ceafb48fd7e6632517ef241ae9c05197cef47f6c7d0a66d3f38df5a730db49,2019-02,Lancashire Constabulary,Lancashire Constabulary,-2.727839,53.763499,On or near Mersey Street,E01025288,Preston 010D,Criminal damage and arson,Status update unavailable,
9bdf66d7d12669b292936bce3db2947247e6dd7bd8fd711f79721c266e73169a,2019-02,Lancashire Constabulary,Lancashire Constabulary,-2.740765,53.762737,On or near Pedders Lane,E01025288,Preston 010D,Criminal damage and arson,Status update unavailable,
0d1eda944a7f48eee36a7999fe96cf48e2216f607399f241987d428bc4b5bb8b,2019-02,Lancashire Constabulary,Lancashire Constabulary,-2.752814,53.760450,On or near Nile Close,E01025288,Preston 010D,Criminal damage and arson,Status update unavailable,
67dbd2d07537a89d650c441ee9e89a14d3b9e22b958a59fd4e9eeb79cb2a9f8f,2019-02,Lancashire Constabulary,Lancashire Constabulary,-2.745726,53.761052,On or near Perry Road,E01025288,Preston 010D,Other theft,Formal action is not in the public interest,
85f0131747e5bf6bd163930dff117249691dfccced1de85b13eac548c0aacdff,2019-02,Lancashire Constabulary,Lancashire Constabulary,-2.736057,53.762433,On or near Supermarket,E01025288,Preston 010D,Other theft,Status update unavailable,
990dbbf7ba20733ae2f7ca1efc7a37413759f2da0d9ebc6887b9997e5f6da480,2019-02,Lancashire Constabulary,Lancashire Constabulary,-2.736057,53.762433,On or near Supermarket,E01025288,Preston 010D,Other theft,Status update unavailable,
cd6afd9dc74e1c7d514422dbe9f4c516926695140cf46b685c6bcdda71010f45,2019-02,Lancashire Constabulary,Lancashire Constabulary,-2.736057,53.762433,On or near Supermarket,E01025288,Preston 010D,Other theft,Status update unavailable,
3eaa30032224a96d2a525b11027c2dec7d778970230929486f7f79e118fd656d,2019-02,Lancashire Constabulary,Lancashire Constabulary,-2.729095,53.763302,On or near Dart Street,E01025288,Preston 010D,Other theft,Status update unavailable,
f1f3f365d5db06e22bf61c6469ed7baad66c54a302a696a8e5d9a619645b303f,2019-02,Lancashire Constabulary,Lancashire Constabulary,-2.736057,53.762433,On or near Supermarket,E01025288,Preston 010D,Other theft,Status update unavailable,
96a4b286a31ed5f42159ada263dadd3328f7b15c55331b772e4456499f67ad24,2019-02,Lancashire Constabulary,Lancashire Constabulary,-2.729095,53.763302,On or near Dart Street,E01025288,Preston 010D,Public order,Status update unavailable,
48d23006d16546c61f24ef3fd88b0b4f4f648fdc4e48ca11467426e14f41e441,2019-02,Lancashire Constabulary,Lancashire Constabulary,-2.729095,53.763302,On or near Dart Street,E01025288,Preston 010D,Public order,Status update unavailable,
31a46cbb708744831191fb29e3ea3c3db1d0ca742589f6bbc60f4ad1921e0daa,2019-02,Lancashire Constabulary,Lancashire Constabulary,-2.726734,53.761897,On or near Customs Way,E01025288,Preston 010D,Public order,Status update unavailable,
cb4136b01f1c5bedc96438e92eda9caf94a8299700b4f61120fb9185e08e43bc,2019-02,Lancashire Constabulary,Lancashire Constabulary,-2.745726,53.761052,On or near Perry Road,E01025288,Preston 010D,Public order,Status update unavailable,
d40374382b20d6ffc2e80aa223d9b207720ca4f049e6c7f7938b57e08e8f2d66,2019-02,Lancashire Constabulary,Lancashire Constabulary,-2.736057,53.762433,On or near Supermarket,E01025288,Preston 010D,Shoplifting,Unable to prosecute suspect,
0ddb06804390bd56fe4b5a0b4bbdd73040aa966634aa4062dae48d5a8213c658,2019-02,Lancashire Constabulary,Lancashire Constabulary,-2.732060,53.762862,On or near Watery Lane,E01025288,Preston 010D,Shoplifting,Status update unavailable,
f640aefb9490ae2a04baf28c6e75d8a347794c13c1deafecb9f08984456cc5f1,2019-02,Lancashire Constabulary,Lancashire Constabulary,-2.736057,53.762433,On or near Supermarket,E01025288,Preston 010D,Shoplifting,Status update unavailable,
73ac571d321516605618d301dd3a786ebe1397964fc8992c080e4cc024fe4f12,2019-02,Lancashire Constabulary,Lancashire Constabulary,-2.727839,53.763499,On or near Mersey Street,E01025288,Preston 010D,Violence and sexual offences,Unable to prosecute suspect,
144f4749ebb13457a091502b5f3f3899010f7144d16f58816814ef9d010e7a5b,2019-02,Lancashire Constabulary,Lancashire Constabulary,-2.726739,53.763910,On or near Douglas Street,E01025288,Preston 010D,Violence and sexual offences,Unable to prosecute suspect,
b5bb81bcf476e21c005c73cda9422ad6877b5fee47aed22278687fddae8982da,2019-02,Lancashire Constabulary,Lancashire Constabulary,-2.729095,53.763302,On or near Dart Street,E01025288,Preston 010D,Violence and sexual offences,Status update unavailable,
91e3d5ad2fefcccdc915f5c3a0007f100830289520cf12452917759fed8f1aff,2019-02,Lancashire Constabulary,Lancashire Constabulary,-2.726734,53.761897,On or near Customs Way,E01025288,Preston 010D,Violence and sexual offences,Unable to prosecute suspect,
fb5149cd0b0b3e63202497739c46ab3365b9e4d02e830a8ee69455384f0166a5,2019-02,Lancashire Constabulary,Lancashire Constabulary,-2.726734,53.761897,On or near Customs Way,E01025288,Preston 010D,Violence and sexual offences,Unable to prosecute suspect,
da9c937193cebd647d2f7019bdb055ecd8b383449c5dbf1c0bee95a5b4448718,2019-02,Lancashire Constabulary,Lancashire Constabulary,-2.736057,53.762433,On or near Supermarket,E01025288,Preston 010D,Violence and sexual offences,Unable to prosecute suspect,
ef26fbed4a55501f9d1041f6b587566ef6122a2b146feadea74b2c716fd1258f,2019-02,Lancashire Constabulary,Lancashire Constabulary,-2.736057,53.762433,On or near Supermarket,E01025288,Preston 010D,Violence and sexual offences,Status update unavailable,
,2019-02,Lancashire Constabulary,Lancashire Constabulary,-2.687209,53.772466,On or near Lowthorpe Road,E01025246,Preston 011A,Anti-social behaviour,,
,2019-02,Lancashire Constabulary,Lancashire Constabulary,-2.687209,53.772466,On or near Lowthorpe Road,E01025246,Preston 011A,Anti-social behaviour,,
,2019-02,Lancashire Constabulary,Lancashire Constabulary,-2.685529,53.768970,On or near Rook Street,E01025246,Preston 011A,Anti-social behaviour,,
,2019-02,Lancashire Constabulary,Lancashire Constabulary,-2.687209,53.772466,On or near Lowthorpe Road,E01025246,Preston 011A,Anti-social behaviour,,
,2019-02,Lancashire Constabulary,Lancashire Constabulary,-2.686117,53.768742,On or near Albatros Street,E01025246,Preston 011A,Anti-social behaviour,,
e8662f937572566db32f2d119d315e299b5e4a0942be9088811e947b4f235143,2019-02,Lancashire Constabulary,Lancashire Constabulary,-2.684526,53.769785,On or near Skeffington Road,E01025246,Preston 011A,Burglary,Status update unavailable,
e6f99e02c3b21a6f857550bdab859b13ee644cbb736794e07e272c49eb2ed5a2,2019-02,Lancashire Constabulary,Lancashire Constabulary,-2.683724,53.770868,On or near Harewood Road,E01025246,Preston 011A,Burglary,Status update unavailable,
f321fa9fc89453145eb6e3739d393436600570548a2a3776c6bbc8830954885e,2019-02,Lancashire Constabulary,Lancashire Constabulary,-2.685654,53.770147,On or near Supermarket,E01025246,Preston 011A,Burglary,Status update unavailable,
0f802fdea4b848eb1d2605591310b2ea662c642a39ef8f38953ae7db12f4c7fd,2019-02,Lancashire Constabulary,Lancashire Constabulary,-2.686584,53.770421,On or near Chatham Place,E01025246,Preston 011A,Other theft,Status update unavailable,
715f8756b24dcbe39e41955763be5c172cfb6df8f1330290ad5f0a70607a553b,2019-02,Lancashire Constabulary,Lancashire Constabulary,-2.684526,53.769785,On or near Skeffington Road,E01025246,Preston 011A,Other theft,Status update unavailable,
5717dd54a4bd70e08a8da3d07db4b2ce7df4f66bbf52f172a756f6bcb755e22d,2019-02,Lancashire Constabulary,Lancashire Constabulary,-2.684404,53.770739,On or near Exe Street,E01025246,Preston 011A,Possession of weapons,Awaiting court outcome,
9f9d36d2075a3c0e633c16bc21e49e7e2b3ad2baaf7844c2360cc9b6346b742d,2019-02,Lancashire Constabulary,Lancashire Constabulary,-2.687209,53.772466,On or near Lowthorpe Road,E01025246,Preston 011A,Public order,Unable to prosecute suspect,
44ddfb4fd138e0abcc8968b7e6fe78e1bdf3b0c9271498418945deba97619658,2019-02,Lancashire Constabulary,Lancashire Constabulary,-2.684404,53.770739,On or near Exe Street,E01025246,Preston 011A,Shoplifting,Status update unavailable,
9499022be33fc48efce754e590081e35dc9e32fcf4b8a12004eb54659ee9297e,2019-02,Lancashire Constabulary,Lancashire Constabulary,-2.685654,53.770147,On or near Supermarket,E01025246,Preston 011A,Shoplifting,Status update unavailable,
da0165e8dfc87252859169266395811a070defa4bf9289284d39422015ad3079,2019-02,Lancashire Constabulary,Lancashire Constabulary,-2.684404,53.770739,On or near Exe Street,E01025246,Preston 011A,Shoplifting,Further investigation is not in the public interest,
6eb59a4e6801b95a9f1d90cab18127abf001eeafd59b0390481a955ad95236d7,2019-02,Lancashire Constabulary,Lancashire Constabulary,-2.689234,53.770127,On or near St Stephen'S Road,E01025246,Preston 011A,Vehicle crime,Status update unavailable,
3cb1ec3c943704cf7fc97232776f66c67a9dd3a27c66b4254772ca2d766cda26,2019-02,Lancashire Constabulary,Lancashire Constabulary,-2.687613,53.769336,On or near St George'S Road,E01025246,Preston 011A,Vehicle crime,Status update unavailable,
372fe2ff65f6d84a0cda2dacb5c6faf6d4d569730fec410f03a88cf06c4fd7d4,2019-02,Lancashire Constabulary,Lancashire Constabulary,-2.687209,53.772466,On or near Lowthorpe Road,E01025246,Preston 011A,Violence and sexual offences,Further investigation is not in the public interest,
82c04608e383cae3f9d8135dae945aecb918cbd3855c86d8251eefe3c1827646,2019-02,Lancashire Constabulary,Lancashire Constabulary,-2.689234,53.770127,On or near St Stephen'S Road,E01025246,Preston 011A,Violence and sexual offences,Status update unavailable,
1b821ac64df6d01f1d485703f0f89cecb2a687839a48345b5f17c7bff282b347,2019-02,Lancashire Constabulary,Lancashire Constabulary,-2.688789,53.768853,On or near Kingfisher Street,E01025246,Preston 011A,Violence and sexual offences,Unable to prosecute suspect,
5071f249fd03660c70150ee42003b942fd15b6d330397dbb6f5148165b4feab8,2019-02,Lancashire Constabulary,Lancashire Constabulary,-2.686117,53.768742,On or near Albatros Street,E01025246,Preston 011A,Violence and sexual offences,Unable to prosecute suspect,
73b9afc5b83fd04d2fffe5f81827ed70bd5601bab98b93c1cb63860d170a616a,2019-02,Lancashire Constabulary,Lancashire Constabulary,-2.686117,53.768742,On or near Albatros Street,E01025246,Preston 011A,Violence and sexual offences,Unable to prosecute suspect,
2f51e0e6c5ec4ec90d725f2774def8e31ab5c3de8e66049caf2519c440388fa3,2019-02,Lancashire Constabulary,Lancashire Constabulary,-2.687397,53.768169,On or near Bullfinch Street,E01025246,Preston 011A,Violence and sexual offences,Further investigation is not in the public interest,
186a4b67578cbebbb880e34b5b0f5c12e65a000cc63c4f4b7526ec5059e3727a,2019-02,Lancashire Constabulary,Lancashire Constabulary,-2.687209,53.772466,On or near Lowthorpe Road,E01025246,Preston 011A,Violence and sexual offences,Status update unavailable,
6ab0633aeb24711ae3de26287992264bf91a9642c5afc4d04cdcbe9b318a835f,2019-02,Lancashire Constabulary,Lancashire Constabulary,-2.683724,53.770868,On or near Harewood Road,E01025246,Preston 011A,Other crime,Status update unavailable,
,2019-02,Lancashire Constabulary,Lancashire Constabulary,-2.707002,53.772926,On or near Wove Court,E01025274,Preston 011B,Anti-social behaviour,,
,2019-02,Lancashire Constabulary,Lancashire Constabulary,-2.709031,53.772645,On or near Broughton Street,E01025274,Preston 011B,Anti-social behaviour,,
df4f393b833ed5d5e4b29ed8f58ece3967ee526820e032aa918b7529508707a7,2019-02,Lancashire Constabulary,Lancashire Constabulary,-2.710357,53.771235,On or near Elliott Street,E01025274,Preston 011B,Burglary,Status update unavailable,
04fe795cbecb57ba39e549318032adb731f5d3fd113d0d879880f3bfb754cd8c,2019-02,Lancashire Constabulary,Lancashire Constabulary,-2.710025,53.773088,On or near Dallas Street,E01025274,Preston 011B,Burglary,Status update unavailable,
c4dd99e4a54b1780de846f5537a4eb196de8178bc2350a7a8a8d5923cd09ceb0,2019-02,Lancashire Constabulary,Lancashire Constabulary,-2.711980,53.772052,On or near Lowndes Street,E01025274,Preston 011B,Public order,Status update unavailable,
24401897fa680e2de9638ce3241ead9676a142b832f71151dd998c756de91dbe,2019-02,Lancashire Constabulary,Lancashire Constabulary,-2.711980,53.772052,On or near Lowndes Street,E01025274,Preston 011B,Public order,Status update unavailable,
1157f77bf47a761e07a7a00c38f8214e586dadaf32b8c7ec433a25697290618b,2019-02,Lancashire Constabulary,Lancashire Constabulary,-2.711438,53.770536,On or near Supermarket,E01025274,Preston 011B,Shoplifting,Status update unavailable,
0cc4971610f0f1816020f03926e40dcdc90db21350d0c891faac82cd4997a16e,2019-02,Lancashire Constabulary,Lancashire Constabulary,-2.711438,53.770536,On or near Supermarket,E01025274,Preston 011B,Shoplifting,Status update unavailable,
753ea2bd0c2eb2315393b0688857377bb3f854045b1184b373905acc71908050,2019-02,Lancashire Constabulary,Lancashire Constabulary,-2.709390,53.771456,On or near Otway Street,E01025274,Preston 011B,Violence and sexual offences,Unable to prosecute suspect,
28f87d13a86442251e6bf7934762598ab9183f87646c4b3e8436b24815a25a3e,2019-02,Lancashire Constabulary,Lancashire Constabulary,-2.710202,53.771928,On or near Eldon Street,E01025274,Preston 011B,Violence and sexual offences,Status update unavailable,
1b1af0e4b689c0c5f7fe3af75ad6e4d2904f25c66c83eaf28fe0b961a3ae96ac,2019-02,Lancashire Constabulary,Lancashire Constabulary,-2.711127,53.770080,On or near Villiers Street,E01025274,Preston 011B,Violence and sexual offences,Unable to prosecute suspect,
1f5a9f52866893814f66d73b03ebdf670510418bbc80006114a4bb332f31c16c,2019-02,Lancashire Constabulary,Lancashire Constabulary,-2.711174,53.772848,On or near Jemmett Street,E01025274,Preston 011B,Violence and sexual offences,Status update unavailable,
21b827659df9049b513275e4bd64def26a85d190bc6bcacfbdc2a82df1f8002c,2019-02,Lancashire Constabulary,Lancashire Constabulary,-2.709390,53.771456,On or near Otway Street,E01025274,Preston 011B,Violence and sexual offences,Unable to prosecute suspect,
6c7ec630f3d32bfc256e47265e2b3ddd7830136ce3cdf0ecc75afef1104e9609,2019-02,Lancashire Constabulary,Lancashire Constabulary,-2.709889,53.771345,On or near Moor Hall Street,E01025274,Preston 011B,Violence and sexual offences,Unable to prosecute suspect,
a300343512fe9b21b7f8a70720ccfd381359e23fbde9855b36379a740496703d,2019-02,Lancashire Constabulary,Lancashire Constabulary,-2.708654,53.770975,On or near Ripon Street,E01025274,Preston 011B,Violence and sexual offences,Unable to prosecute suspect,
,2019-02,Lancashire Constabulary,Lancashire Constabulary,-2.704989,53.770493,On or near Petrol Station,E01025275,Preston 011C,Anti-social behaviour,,
,2019-02,Lancashire Constabulary,Lancashire Constabulary,-2.701075,53.770498,On or near Butler Place,E01025275,Preston 011C,Anti-social behaviour,,
,2019-02,Lancashire Constabulary,Lancashire Constabulary,-2.700715,53.769853,On or near Lockhart Road,E01025275,Preston 011C,Anti-social behaviour,,
,2019-02,Lancashire Constabulary,Lancashire Constabulary,-2.702766,53.770929,On or near St Thomas' Road,E01025275,Preston 011C,Anti-social behaviour,,
,2019-02,Lancashire Constabulary,Lancashire Constabulary,-2.709360,53.768796,On or near Elliott Walk,E01025275,Preston 011C,Anti-social behaviour,,
,2019-02,Lancashire Constabulary,Lancashire Constabulary,-2.709360,53.768796,On or near Elliott Walk,E01025275,Preston 011C,Anti-social behaviour,,
,2019-02,Lancashire Constabulary,Lancashire Constabulary,-2.704989,53.770493,On or near Petrol Station,E01025275,Preston 011C,Anti-social behaviour,,
,2019-02,Lancashire Constabulary,Lancashire Constabulary,-2.709360,53.768796,On or near Elliott Walk,E01025275,Preston 011C,Anti-social behaviour,,
f2388a1c8f4169dced390e024833a864dfa13d5029742e4164a119811d2fe08f,2019-02,Lancashire Constabulary,Lancashire Constabulary,-2.704172,53.769743,On or near Kenmure Place,E01025275,Preston 011C,Burglary,Status update unavailable,
5cd3f1fc06926d64fff5980ed810283a73200bda3a1c78592aed8e981115c659,2019-02,Lancashire Constabulary,Lancashire Constabulary,-2.704172,53.769743,On or near Kenmure Place,E01025275,Preston 011C,Burglary,Status update unavailable,
cdec0f4161b3ed0c0abadd8d3f63eba44b170e1ec715cd57b903b6b835ad1c40,2019-02,Lancashire Constabulary,Lancashire Constabulary,-2.702766,53.770929,On or near St Thomas' Road,E01025275,Preston 011C,Burglary,Status update unavailable,
3a9e2f508b8337efd58a80f48629618fb382f84c0466e93f5935441eafd412d9,2019-02,Lancashire Constabulary,Lancashire Constabulary,-2.702766,53.770929,On or near St Thomas' Road,E01025275,Preston 011C,Criminal damage and arson,Status update unavailable,
23433a94395524b67141d05791454913dfd7c3da1b98b6486aed231f1170f98c,2019-02,Lancashire Constabulary,Lancashire Constabulary,-2.702766,53.770929,On or near St Thomas' Road,E01025275,Preston 011C,Criminal damage and arson,Status update unavailable,
4f501a0829c1e18840017fa7341e3f2d0ebcd4437f9a6331d88cadf6147171f0,2019-02,Lancashire Constabulary,Lancashire Constabulary,-2.706678,53.770753,On or near Havelock Street,E01025275,Preston 011C,Other theft,Status update unavailable,
1f47f2c1c03004efac9e392ee36962b02f577f675d4a9a605ea7b4b12a0d83bf,2019-02,Lancashire Constabulary,Lancashire Constabulary,-2.704989,53.770493,On or near Petrol Station,E01025275,Preston 011C,Other theft,Status update unavailable,
3104017bc90be1e430ac1ced111eada7b8c8a72484b081112c3a46e95604a818,2019-02,Lancashire Constabulary,Lancashire Constabulary,-2.702629,53.769977,On or near Shuttleworth Road,E01025275,Preston 011C,Other theft,Unable to prosecute suspect,
5f3e44ba246e24ea7bd5ba872bba2c940bb1e4d227c09e31cccc520504853633,2019-02,Lancashire Constabulary,Lancashire Constabulary,-2.709360,53.768796,On or near Elliott Walk,E01025275,Preston 011C,Public order,Status update unavailable,
8f2c05a15f0a0c856414c389c2ffb721e16d794e5ec714c05493e59751b1d54e,2019-02,Lancashire Constabulary,Lancashire Constabulary,-2.700715,53.769853,On or near Lockhart Road,E01025275,Preston 011C,Public order,Status update unavailable,
bd22b0f8167f33b0761e10d942defb52d7222636b09d3d33c39b9a9645d2ea9e,2019-02,Lancashire Constabulary,Lancashire Constabulary,-2.700012,53.770460,On or near Kent Street,E01025275,Preston 011C,Violence and sexual offences,Unable to prosecute suspect,
5cafa32b1361719c3d14850bbcf62b665400f032f47de0fbdcaec86238ed6598,2019-02,Lancashire Constabulary,Lancashire Constabulary,-2.702629,53.769977,On or near Shuttleworth Road,E01025275,Preston 011C,Violence and sexual offences,Formal action is not in the public interest,
f4915a52d47d84acac179e11d3bccfc030ca0e5b37ae5f075b412c6505039056,2019-02,Lancashire Constabulary,Lancashire Constabulary,-2.700012,53.770460,On or near Kent Street,E01025275,Preston 011C,Violence and sexual offences,Status update unavailable,
9604a0c3da52f8ab44b06c0e66429be24716747f0f7c1bb9f11094b1cb6b903c,2019-02,Lancashire Constabulary,Lancashire Constabulary,-2.700715,53.769853,On or near Lockhart Road,E01025275,Preston 011C,Violence and sexual offences,Status update unavailable,
,2019-02,Lancashire Constabulary,Lancashire Constabulary,-2.691857,53.769995,On or near St Anthony'S Road,E01025294,Preston 011D,Anti-social behaviour,,
,2019-02,Lancashire Constabulary,Lancashire Constabulary,-2.695498,53.769983,On or near St Christopher'S Road,E01025294,Preston 011D,Anti-social behaviour,,
,2019-02,Lancashire Constabulary,Lancashire Constabulary,-2.692464,53.769991,On or near St Cuthbert'S Road,E01025294,Preston 011D,Anti-social behaviour,,
,2019-02,Lancashire Constabulary,Lancashire Constabulary,-2.697617,53.769656,On or near St Anne'S Street,E01025294,Preston 011D,Anti-social behaviour,,
,2019-02,Lancashire Constabulary,Lancashire Constabulary,-2.695498,53.769983,On or near St Christopher'S Road,E01025294,Preston 011D,Anti-social behaviour,,
,2019-02,Lancashire Constabulary,Lancashire Constabulary,-2.691857,53.769995,On or near St Anthony'S Road,E01025294,Preston 011D,Anti-social behaviour,,
,2019-02,Lancashire Constabulary,Lancashire Constabulary,-2.697617,53.769656,On or near St Anne'S Street,E01025294,Preston 011D,Anti-social behaviour,,
67b58d72fbe780ea5e3b36ebb103b55db6875cd0dfd2cbd11e5e37a7d19a3285,2019-02,Lancashire Constabulary,Lancashire Constabulary,-2.697617,53.769656,On or near St Anne'S Street,E01025294,Preston 011D,Criminal damage and arson,Status update unavailable,
8bdcca528307cdc9d2026f149f3be4dc3e2d9de490ed69fa338aa761c5036c79,2019-02,Lancashire Constabulary,Lancashire Constabulary,-2.696090,53.769979,On or near St Philip'S Road,E01025294,Preston 011D,Drugs,Status update unavailable,
8a2a4e41697b4948a2b21bec23217a3a7d1a92d4966a8329f6bf9c660b6a26fb,2019-02,Lancashire Constabulary,Lancashire Constabulary,-2.691857,53.769995,On or near St Anthony'S Road,E01025294,Preston 011D,Public order,Unable to prosecute suspect,
45b63488c13beca2779ccfe877497a106348aa601f1e765ab11afd975313a32e,2019-02,Lancashire Constabulary,Lancashire Constabulary,-2.697737,53.770482,On or near Charnock Fold,E01025294,Preston 011D,Public order,Status update unavailable,
f0a5a6a5a78e78d1d8b5617c2de792365a6ddeff2515d276eaec4bebe0d911ff,2019-02,Lancashire Constabulary,Lancashire Constabulary,-2.693981,53.769973,On or near St Andrew'S Road,E01025294,Preston 011D,Vehicle crime,Awaiting court outcome,
6801f21b8f45d5568b910969c8cc800d5f8d3052327df136d49d3689dc043a16,2019-02,Lancashire Constabulary,Lancashire Constabulary,-2.692464,53.769991,On or near St Cuthbert'S Road,E01025294,Preston 011D,Violence and sexual offences,Unable to prosecute suspect,
a7401e460e362e437a97c633e11e09ae4c08cd5ecab8e65c5cb816be2caf9223,2019-02,Lancashire Constabulary,Lancashire Constabulary,-2.692464,53.769991,On or near St Cuthbert'S Road,E01025294,Preston 011D,Violence and sexual offences,Unable to prosecute suspect,
685fe59834b7bc5eaf1b6c213e58fec7b2de62997d70f5d5f14d6ebd0c0b70e6,2019-02,Lancashire Constabulary,Lancashire Constabulary,-2.696090,53.769979,On or near St Philip'S Road,E01025294,Preston 011D,Violence and sexual offences,Awaiting court outcome,
b4c9177cb97574f9feaf22709295cd5304083bdb2eb1791b73df1f368ab417c8,2019-02,Lancashire Constabulary,Lancashire Constabulary,-2.695498,53.769983,On or near St Christopher'S Road,E01025294,Preston 011D,Violence and sexual offences,Status update unavailable,
7f6670674a546450b1c2da6f5b97d154ae190e7c826d52283102b6d981e0b627,2019-02,Lancashire Constabulary,Lancashire Constabulary,-2.696090,53.769979,On or near St Philip'S Road,E01025294,Preston 011D,Violence and sexual offences,Awaiting court outcome,
4f0229cc49bd05a3302dd7dac19e32c5ab9759af2c6ac514f7b6f4d85d4a2232,2019-02,Lancashire Constabulary,Lancashire Constabulary,-2.697737,53.770482,On or near Charnock Fold,E01025294,Preston 011D,Violence and sexual offences,Unable to prosecute suspect,
,2019-02,Lancashire Constabulary,Lancashire Constabulary,-2.713979,53.775456,On or near Ainslie Road,E01025276,Preston 012A,Anti-social behaviour,,
f1d14c7c40fbad95149bd221cffe0cbb9fa7764be94d6d3c2c712595a1ad72cf,2019-02,Lancashire Constabulary,Lancashire Constabulary,-2.709499,53.774323,On or near Brackenbury Road,E01025276,Preston 012A,Burglary,Status update unavailable,
0fa5f6164df20544b8e1cc461b191bd0a6c3eb387e8cba6cfaeae2a73ddc8f9b,2019-02,Lancashire Constabulary,Lancashire Constabulary,-2.712976,53.772666,On or near Plungington Road,E01025276,Preston 012A,Burglary,Status update unavailable,
bcab4abcd9e5ffb1db32d9875a2875110672f8356973c5778a68a2bfae3dc6f1,2019-02,Lancashire Constabulary,Lancashire Constabulary,-2.712037,53.774568,On or near Cornthwaite Road,E01025276,Preston 012A,Criminal damage and arson,Status update unavailable,
b074ddf8643ce41c9060a4fffd4ff2e424ea89a5b30a024e85b5ce01e4d31ecf,2019-02,Lancashire Constabulary,Lancashire Constabulary,-2.713814,53.776454,On or near Blundell Road,E01025276,Preston 012A,Criminal damage and arson,Status update unavailable,
c19ddaaa2a4613deb09d266fffc232badf07ee54ef89d1511d743a2e4719f6bd,2019-02,Lancashire Constabulary,Lancashire Constabulary,-2.712037,53.774568,On or near Cornthwaite Road,E01025276,Preston 012A,Other theft,Unable to prosecute suspect,
4b3779a47acb4bffb89480458fe5801be55dd1631f75199ebd142f2e131a52b7,2019-02,Lancashire Constabulary,Lancashire Constabulary,-2.709499,53.774323,On or near Brackenbury Road,E01025276,Preston 012A,Public order,Status update unavailable,
1eaee1aee1083468b5c22ea735bcceb8038553b239cc26574fbe1433e05069a0,2019-02,Lancashire Constabulary,Lancashire Constabulary,-2.709499,53.774323,On or near Brackenbury Road,E01025276,Preston 012A,Violence and sexual offences,Offender given community sentence,
14ee64de2e4a34b4271595410c4d6ce3d3524322a595e35d2c148d6fdff5b709,2019-02,Lancashire Constabulary,Lancashire Constabulary,-2.713979,53.775456,On or near Ainslie Road,E01025276,Preston 012A,Violence and sexual offences,Unable to prosecute suspect,
a174de861d81c2ad40c4970178f40aa2a286d4290a6d913c8e1c268a6b806982,2019-02,Lancashire Constabulary,Lancashire Constabulary,-2.712976,53.772666,On or near Plungington Road,E01025276,Preston 012A,Violence and sexual offences,Investigation complete; no suspect identified,
09e6c97c6fddb6c9ff8da60e74681efbdfdf33ec8f8351a19eb4cd4e8f681261,2019-02,Lancashire Constabulary,Lancashire Constabulary,-2.712976,53.772666,On or near Plungington Road,E01025276,Preston 012A,Violence and sexual offences,Unable to prosecute suspect,
b8632231294d4bc0e79261401054ad3805bf8620e2612b0729283014d90be764,2019-02,Lancashire Constabulary,Lancashire Constabulary,-2.712976,53.772666,On or near Plungington Road,E01025276,Preston 012A,Violence and sexual offences,Status update unavailable,
,2019-02,Lancashire Constabulary,Lancashire Constabulary,-2.714442,53.771435,On or near Parking Area,E01025308,Preston 012B,Anti-social behaviour,,
,2019-02,Lancashire Constabulary,Lancashire Constabulary,-2.716450,53.776187,On or near Robinson Street,E01025308,Preston 012B,Anti-social behaviour,,
,2019-02,Lancashire Constabulary,Lancashire Constabulary,-2.715000,53.773895,On or near Linton Street,E01025308,Preston 012B,Anti-social behaviour,,
,2019-02,Lancashire Constabulary,Lancashire Constabulary,-2.717921,53.775252,On or near The Fieldings,E01025308,Preston 012B,Anti-social behaviour,,
45fb0b6f4cf281dcd8be3d8e4a225e3d0dd7fbf1370b248cb31978e02edfd4b1,2019-02,Lancashire Constabulary,Lancashire Constabulary,-2.716450,53.776187,On or near Robinson Street,E01025308,Preston 012B,Burglary,Status update unavailable,
23c9e1bac63531c99375348c0108cd827513e735b7b6dfaef2304d16a2b74398,2019-02,Lancashire Constabulary,Lancashire Constabulary,-2.715840,53.775993,On or near Boundary Road,E01025308,Preston 012B,Burglary,Status update unavailable,
e1f89e3c8e72e1c9bdec6888dc69dd79745abb9b3ed5d14d4dec151c25f222ac,2019-02,Lancashire Constabulary,Lancashire Constabulary,-2.715840,53.775993,On or near Boundary Road,E01025308,Preston 012B,Criminal damage and arson,Status update unavailable,
b8b03cefde4c46b4057f1bb996df01553a5e0751a4322c5c19dab75399f33186,2019-02,Lancashire Constabulary,Lancashire Constabulary,-2.715000,53.773895,On or near Linton Street,E01025308,Preston 012B,Criminal damage and arson,Status update unavailable,
ad67f96726709854ef5334c37240aff01395719ce31249ac07739e13e4ccd951,2019-02,Lancashire Constabulary,Lancashire Constabulary,-2.715000,53.773895,On or near Linton Street,E01025308,Preston 012B,Criminal damage and arson,Status update unavailable,
4e439ee2254d3a98af5feadceb08fc596e44787ecb072f86517df2d66670f43c,2019-02,Lancashire Constabulary,Lancashire Constabulary,-2.715720,53.775212,On or near Queen'S Road,E01025308,Preston 012B,Drugs,Awaiting court outcome,
b8b34ce8331443652e68fd403eed3b43f0eaee12f8b3a3ecbf4174d980cb5316,2019-02,Lancashire Constabulary,Lancashire Constabulary,-2.714442,53.771435,On or near Parking Area,E01025308,Preston 012B,Public order,Status update unavailable,
5bd1efe648b835ec6b7665c43885025f34f41af230774c0876bc7836926ee6a3,2019-02,Lancashire Constabulary,Lancashire Constabulary,-2.718379,53.776265,On or near Douglas Road,E01025308,Preston 012B,Violence and sexual offences,Unable to prosecute suspect,
c1856cec9918bd72f7a40aec2f668d69241b291e4494ccdbcafad6f41750cb0a,2019-02,Lancashire Constabulary,Lancashire Constabulary,-2.716450,53.776187,On or near Robinson Street,E01025308,Preston 012B,Violence and sexual offences,Unable to prosecute suspect,
1207da116b1eb3ecc92d1f4b9ae88b0443f3c091ba44216c4b949037faa757c3,2019-02,Lancashire Constabulary,Lancashire Constabulary,-2.714442,53.771435,On or near Parking Area,E01025308,Preston 012B,Violence and sexual offences,Unable to prosecute suspect,
a21d2b96d385c5b3e5ee0bef6b2b315c204229faf1693826b77d6567f8b517e0,2019-02,Lancashire Constabulary,Lancashire Constabulary,-2.716450,53.776187,On or near Robinson Street,E01025308,Preston 012B,Violence and sexual offences,Status update unavailable,
3eb1ba5313b05625bd5b3667aecda44ddfdc6833c7911c3d0b87f8840b16ec21,2019-02,Lancashire Constabulary,Lancashire Constabulary,-2.716214,53.773905,On or near Brook Street,E01025308,Preston 012B,Violence and sexual offences,Status update unavailable,
3b5c8b0081f6a063eb28222e88089c3d13d9b4562546505b83cc1153a8d5bb47,2019-02,Lancashire Constabulary,Lancashire Constabulary,-2.719595,53.773759,On or near Cintra Terrace,E01025308,Preston 012B,Violence and sexual offences,Further investigation is not in the public interest,
,2019-02,Lancashire Constabulary,Lancashire Constabulary,-2.718500,53.769137,On or near Maynard Street,E01025310,Preston 012C,Anti-social behaviour,,
9fc738980cd7f2cbde3e91abf0510f57b05a5ee15c72351ea9f3edc5055d7e8b,2019-02,Lancashire Constabulary,Lancashire Constabulary,-2.716999,53.767465,On or near Brierley Street,E01025310,Preston 012C,Burglary,Status update unavailable,
b5f831a0ac3dbfd4be731541db1ca8227e0f7e17f7844ec198892b1b09978f70,2019-02,Lancashire Constabulary,Lancashire Constabulary,-2.717700,53.766751,On or near Evans Street,E01025310,Preston 012C,Burglary,Status update unavailable,
5de6caa6373afca7c4eb13bc3c8dfe8c44c275794f3fff44abd912f7534c78f8,2019-02,Lancashire Constabulary,Lancashire Constabulary,-2.716368,53.771343,On or near Greenbank Avenue,E01025310,Preston 012C,Burglary,Status update unavailable,
d0d8def423bef94d80bfde2c7e38c8ed909661c847550c782b3f5a9b3249cf80,2019-02,Lancashire Constabulary,Lancashire Constabulary,-2.716999,53.767465,On or near Brierley Street,E01025310,Preston 012C,Burglary,Status update unavailable,
260a47f3a500fd9702b69b70f0935698391c0c01d8ad5a383ad6a8d16717909a,2019-02,Lancashire Constabulary,Lancashire Constabulary,-2.720080,53.772848,On or near Coniston Avenue,E01025310,Preston 012C,Burglary,Status update unavailable,
a56fc98804aa5d6076e73ba0ba7175b337a51cdae2adac73cf67ad14a4b51ca4,2019-02,Lancashire Constabulary,Lancashire Constabulary,-2.718899,53.771202,On or near Haig Avenue,E01025310,Preston 012C,Criminal damage and arson,Status update unavailable,
b4734ad47186fcafefa7a41f0f9715b71e0e5fb43bcfa79b4c7099f9bc3c3c30,2019-02,Lancashire Constabulary,Lancashire Constabulary,-2.720318,53.770807,On or near Inkerman Street,E01025310,Preston 012C,Criminal damage and arson,Status update unavailable,
d26476ea373ab6d8ed38ce8e56f8f48cbfa4dd492703f85893f9b6c46bef32a4,2019-02,Lancashire Constabulary,Lancashire Constabulary,-2.716999,53.767465,On or near Brierley Street,E01025310,Preston 012C,Other theft,Status update unavailable,
5ed94c966fe4d76a4128acf5b18838e6b3c5aabd152a935a7c7067b7fb81cbad,2019-02,Lancashire Constabulary,Lancashire Constabulary,-2.719914,53.769344,On or near De Lacy Street,E01025310,Preston 012C,Other theft,Status update unavailable,
d85dcec29d31f0e72e2186b88c5a942341d52791668de78f3ceb70ec6a4ff343,2019-02,Lancashire Constabulary,Lancashire Constabulary,-2.714450,53.770986,On or near Eldon Street,E01025310,Preston 012C,Public order,Status update unavailable,
c4ce9ce8c03d6c4f993d6544b73cde20de4a58e52c75d3080bafea60fc034dad,2019-02,Lancashire Constabulary,Lancashire Constabulary,-2.720080,53.772848,On or near Coniston Avenue,E01025310,Preston 012C,Vehicle crime,Status update unavailable,
377b030033aded8e79d8ed4143a59243af3a285be88f3d952ab4210a07291b2d,2019-02,Lancashire Constabulary,Lancashire Constabulary,-2.717700,53.766751,On or near Evans Street,E01025310,Preston 012C,Violence and sexual offences,Unable to prosecute suspect,
dbed97021a7e5ad690d717bdfe9347370512e655cf83c5336bee47e6fab07539,2019-02,Lancashire Constabulary,Lancashire Constabulary,-2.718608,53.768354,On or near Brookhouse Street,E01025310,Preston 012C,Violence and sexual offences,Status update unavailable,
,2019-02,Lancashire Constabulary,Lancashire Constabulary,-2.727113,53.770640,On or near Kimberley Road,E01025311,Preston 012D,Anti-social behaviour,,
,2019-02,Lancashire Constabulary,Lancashire Constabulary,-2.730243,53.770064,On or near Armstrong Street,E01025311,Preston 012D,Anti-social behaviour,,
,2019-02,Lancashire Constabulary,Lancashire Constabulary,-2.725917,53.772571,On or near Arnott Road,E01025311,Preston 012D,Anti-social behaviour,,
63d7b73e3fd87bbb451f2a438f85dba0b1bed1e48a180da01a09416bd551e710,2019-02,Lancashire Constabulary,Lancashire Constabulary,-2.727113,53.770640,On or near Kimberley Road,E01025311,Preston 012D,Criminal damage and arson,Status update unavailable,
1c9f8d32825d94580350cd207b0bb32c1c62391597b84233fa54a16700acffe1,2019-02,Lancashire Constabulary,Lancashire Constabulary,-2.728814,53.769893,On or near Tomlinson Road,E01025311,Preston 012D,Criminal damage and arson,Status update unavailable,
9345aef365229884040631fa6d38af52e6f74ec751f504b97a618dfb3aac5c32,2019-02,Lancashire Constabulary,Lancashire Constabulary,-2.725917,53.772571,On or near Arnott Road,E01025311,Preston 012D,Violence and sexual offences,Unable to prosecute suspect,
9385517d6a19b8ad567669ed9b586b5ff925889245014906e931bd8b66f3fccc,2019-02,Lancashire Constabulary,Lancashire Constabulary,-2.727113,53.770640,On or near Kimberley Road,E01025311,Preston 012D,Violence and sexual offences,Unable to prosecute suspect,
2c97641f3a7467f22df8f357dcdcfb763a9765a842a75c4fe67300cf5754fa72,2019-02,Lancashire Constabulary,Lancashire Constabulary,-2.726743,53.770319,On or near Mafeking Road,E01025311,Preston 012D,Violence and sexual offences,Unable to prosecute suspect,
18b93094107e6939112b79a61d9b4673a63825551bfaa57be2b768260bd7b75a,2019-02,Lancashire Constabulary,Lancashire Constabulary,-2.725917,53.772571,On or near Arnott Road,E01025311,Preston 012D,Violence and sexual offences,Status update unavailable,
da0891d19100a08f536fdcdfef9c02287e16535dee85634f122243349e46d019,2019-02,Lancashire Constabulary,Lancashire Constabulary,-2.728814,53.769893,On or near Tomlinson Road,E01025311,Preston 012D,Violence and sexual offences,Status update unavailable,
7f184fd51c9862a98d3302f5c98907f44e5bf47d96bd5a28d2039de550e2b00c,2019-02,Lancashire Constabulary,Lancashire Constabulary,-2.728469,53.770083,On or near Plumpton Road,E01025311,Preston 012D,Violence and sexual offences,Unable to prosecute suspect,
9e7a2169b16bc0ea2f5f5436a0242beb31d38f6a5b1a7246fd30ce289dd77a0e,2019-02,Lancashire Constabulary,Lancashire Constabulary,-2.725917,53.772571,On or near Arnott Road,E01025311,Preston 012D,Violence and sexual offences,Status update unavailable,
779170e39781eaad6d51a31f907195926e3e4401dd3dbf61729cd7b7d57846e1,2019-02,Lancashire Constabulary,Lancashire Constabulary,-2.730243,53.770064,On or near Armstrong Street,E01025311,Preston 012D,Other crime,Further investigation is not in the public interest,
,2019-02,Lancashire Constabulary,Lancashire Constabulary,-2.724865,53.767876,On or near Fazackerley Street,E01025312,Preston 012E,Anti-social behaviour,,
,2019-02,Lancashire Constabulary,Lancashire Constabulary,-2.725250,53.768188,On or near Alert Street,E01025312,Preston 012E,Anti-social behaviour,,
f28f6855375ee7c914b666f0e056c4b637ecf587c1c519ea4469beee9de38227,2019-02,Lancashire Constabulary,Lancashire Constabulary,-2.724865,53.767876,On or near Fazackerley Street,E01025312,Preston 012E,Burglary,Status update unavailable,
ebdc28734f115336e32169ec83fcc768e11102724e17cf3ffa7fd36330158a62,2019-02,Lancashire Constabulary,Lancashire Constabulary,-2.723643,53.766499,On or near Tulketh Brow,E01025312,Preston 012E,Burglary,Status update unavailable,
1dfff9e769633e875e61b93d6d7a439259643c034a72a82c6eefcaf8b2e1a16c,2019-02,Lancashire Constabulary,Lancashire Constabulary,-2.725250,53.768188,On or near Alert Street,E01025312,Preston 012E,Burglary,Status update unavailable,
ac735f55676dd923fde0393d7fbdaa6a5a0712e26ffe61c8475d106e89278d85,2019-02,Lancashire Constabulary,Lancashire Constabulary,-2.721759,53.766349,On or near Park/Open Space,E01025312,Preston 012E,Public order,Unable to prosecute suspect,
9c0e3a945b8b112c9afed9339cf6b083fb661f3a62d62dc8f8717673235de5b0,2019-02,Lancashire Constabulary,Lancashire Constabulary,-2.722705,53.768393,On or near Ashley Mews,E01025312,Preston 012E,Vehicle crime,Status update unavailable,
871af487ab50f38f3de46ebcdbbd83d3d84c0f2d82574d157d07b9d19179b812,2019-02,Lancashire Constabulary,Lancashire Constabulary,-2.726623,53.769501,On or near Tulketh Brow,E01025312,Preston 012E,Vehicle crime,Unable to prosecute suspect,
8e6951f65123741ae7e4548721cdf602e6465a8a0ffb0591134887645087f465,2019-02,Lancashire Constabulary,Lancashire Constabulary,-2.723643,53.770931,On or near Ridley Road,E01025312,Preston 012E,Violence and sexual offences,Awaiting court outcome,
c4b72b232f2c39f4cd3a1d2d39c388bb532a9a29c8b1d7f70ee9db0f9530349f,2019-02,Lancashire Constabulary,Lancashire Constabulary,-2.723643,53.770931,On or near Ridley Road,E01025312,Preston 012E,Violence and sexual offences,Unable to prosecute suspect,
fa5cb950f4675802a6d4e6cbfff8eb7bff623d66cdaf346a187eeb0e9bd0be29,2019-02,Lancashire Constabulary,Lancashire Constabulary,-2.721138,53.769912,On or near Parker Street,E01025312,Preston 012E,Violence and sexual offences,Status update unavailable,
b122664adf0b448fdc7bc072e6156fb4b1dcb282974bd0fc1074b272c8431b13,2019-02,Lancashire Constabulary,Lancashire Constabulary,-2.723643,53.770931,On or near Ridley Road,E01025312,Preston 012E,Violence and sexual offences,Unable to prosecute suspect,
,2019-02,Lancashire Constabulary,Lancashire Constabulary,-2.711116,53.767653,On or near Harcourt Street,E01025313,Preston 012F,Anti-social behaviour,,
,2019-02,Lancashire Constabulary,Lancashire Constabulary,-2.711115,53.764903,On or near Greenbank Place,E01025313,Preston 012F,Anti-social behaviour,,
,2019-02,Lancashire Constabulary,Lancashire Constabulary,-2.713014,53.768648,On or near Hammond Street,E01025313,Preston 012F,Anti-social behaviour,,
,2019-02,Lancashire Constabulary,Lancashire Constabulary,-2.710879,53.766198,On or near Hawkins Street,E01025313,Preston 012F,Anti-social behaviour,,
,2019-02,Lancashire Constabulary,Lancashire Constabulary,-2.712912,53.770653,On or near Emmanuel Street,E01025313,Preston 012F,Anti-social behaviour,,
,2019-02,Lancashire Constabulary,Lancashire Constabulary,-2.712383,53.770773,On or near Wildman Street,E01025313,Preston 012F,Anti-social behaviour,,
,2019-02,Lancashire Constabulary,Lancashire Constabulary,-2.712912,53.770653,On or near Emmanuel Street,E01025313,Preston 012F,Anti-social behaviour,,
f0b200fcd949f1cce949f98b9a537d6df48cf55fbd461f4b2781e91f37fecd1b,2019-02,Lancashire Constabulary,Lancashire Constabulary,-2.713441,53.770524,On or near Norris Street,E01025313,Preston 012F,Burglary,Status update unavailable,
994041a72fe6bc81a9d6280cb904c222c248ef2ca916aefad96205639811abe7,2019-02,Lancashire Constabulary,Lancashire Constabulary,-2.712912,53.770653,On or near Emmanuel Street,E01025313,Preston 012F,Burglary,Awaiting court outcome,
ea9ed1e14192b9f62b5c00a0b06133f420fea105a818389f7f7a53c0d94cc85a,2019-02,Lancashire Constabulary,Lancashire Constabulary,-2.716593,53.769409,On or near Maynard Street,E01025313,Preston 012F,Burglary,Status update unavailable,
26ca8596749a9816c96c52c91fb44f4d9915f92ff5ed906919cce1740aedcf1d,2019-02,Lancashire Constabulary,Lancashire Constabulary,-2.715771,53.768362,On or near Selby Street,E01025313,Preston 012F,Burglary,Status update unavailable,
9250749a4bd3c9e3a5666506e77e32bd57b32a593715ea36f87cc4b27f39c3c2,2019-02,Lancashire Constabulary,Lancashire Constabulary,-2.713014,53.768648,On or near Hammond Street,E01025313,Preston 012F,Criminal damage and arson,Formal action is not in the public interest,
7f5c82c841eba76c14264eaa0f1cba4f8feea2c4dd3bf9cc1a18a34bf8448784,2019-02,Lancashire Constabulary,Lancashire Constabulary,-2.714193,53.769288,On or near Villiers Court,E01025313,Preston 012F,Criminal damage and arson,Status update unavailable,
57bc3c113e83a3dffb4df2b1903e6af374fe5c8d9b42f2af2a4fcce48c22e543,2019-02,Lancashire Constabulary,Lancashire Constabulary,-2.710189,53.763928,On or near Bhailok Street,E01025313,Preston 012F,Criminal damage and arson,Status update unavailable,
46fb7c75bd05f6584bbeb607b06a05cc896f9babc88f06446e3a9e295015cfac,2019-02,Lancashire Constabulary,Lancashire Constabulary,-2.712383,53.770773,On or near Wildman Street,E01025313,Preston 012F,Other theft,Unable to prosecute suspect,
d93ca4352155938be861b625505c071e71bbd2878fedc9ce553d59b391973c25,2019-02,Lancashire Constabulary,Lancashire Constabulary,-2.712383,53.770773,On or near Wildman Street,E01025313,Preston 012F,Public order,Unable to prosecute suspect,
5ab7b626f9327773f53c449a450d4b28c8aeee034e470bece6b8fbe36a054787,2019-02,Lancashire Constabulary,Lancashire Constabulary,-2.711198,53.768884,On or near Parking Area,E01025313,Preston 012F,Public order,Status update unavailable,
e96995cf02f79cf32e824821dd0f2807ea4be5266f32c9b43485e10673a49135,2019-02,Lancashire Constabulary,Lancashire Constabulary,-2.707600,53.763332,On or near St Peter'S Square,E01025313,Preston 012F,Public order,Status update unavailable,
20db26ba64e04792a9eda719338c7a02ed8fea84679e9f403234a9af7afd0ff3,2019-02,Lancashire Constabulary,Lancashire Constabulary,-2.711936,53.768574,On or near Barlow Street,E01025313,Preston 012F,Public order,Status update unavailable,
ce201d4a946ca6a51093fc23445e0e33dfe6e8ee4855f0e85c38922b0f3d5526,2019-02,Lancashire Constabulary,Lancashire Constabulary,-2.713387,53.768269,On or near Hammond Court,E01025313,Preston 012F,Public order,Unable to prosecute suspect,
91e39983ec77492b265fdecf9e2671f20f8d4cf578b7ec64d79878465b010844,2019-02,Lancashire Constabulary,Lancashire Constabulary,-2.711695,53.769582,On or near Parking Area,E01025313,Preston 012F,Robbery,Status update unavailable,
d212fe26af8edf2a890839921060cf38784293aeda2615b4865906282bfb99bd,2019-02,Lancashire Constabulary,Lancashire Constabulary,-2.707600,53.763332,On or near St Peter'S Square,E01025313,Preston 012F,Vehicle crime,Status update unavailable,
eeb6ce8d7b833570da675e136f5bfedd1bea08e9f0df45a3c05ec7244f8c7552,2019-02,Lancashire Constabulary,Lancashire Constabulary,-2.713776,53.769749,On or near Ripon Street,E01025313,Preston 012F,Vehicle crime,Status update unavailable,
9f528e542d2823d03d3fb0fb629745889c5bbd46c5440bc48ab6e170aa9e6ca6,2019-02,Lancashire Constabulary,Lancashire Constabulary,-2.707600,53.763332,On or near St Peter'S Square,E01025313,Preston 012F,Vehicle crime,Status update unavailable,
d157d7dfd51aac8d209aa15ac23be826b760d8ea6ebb16296b9f7934d950e841,2019-02,Lancashire Constabulary,Lancashire Constabulary,-2.715627,53.769729,On or near Seymour Court,E01025313,Preston 012F,Violence and sexual offences,Unable to prosecute suspect,
1a81665ba5a764622ca7f54c5e9913567e76573e90cd8fab8a96ed4e10b0f182,2019-02,Lancashire Constabulary,Lancashire Constabulary,-2.713776,53.769749,On or near Ripon Street,E01025313,Preston 012F,Violence and sexual offences,Unable to prosecute suspect,
dd76bdcc216387a8775a22350f005a9d1900717bd8e81816145d3837cedaa144,2019-02,Lancashire Constabulary,Lancashire Constabulary,-2.709655,53.767392,On or near Moorbrook Street,E01025313,Preston 012F,Violence and sexual offences,Offender fined,
2e17326f7b452f16a5ecc2ad05dbc5b9458772f5562bd33bdfe574f6893f0b30,2019-02,Lancashire Constabulary,Lancashire Constabulary,-2.710661,53.766730,On or near Eversleigh Street,E01025313,Preston 012F,Violence and sexual offences,Unable to prosecute suspect,
53774affa762201cf8479d04bde7aa4ca5e169363803205eedb3072651e774e5,2019-02,Lancashire Constabulary,Lancashire Constabulary,-2.710661,53.766730,On or near Eversleigh Street,E01025313,Preston 012F,Violence and sexual offences,Unable to prosecute suspect,
9855a9bc879ca5cfae6abbbe19faf03b612e8db6458344831426c5eb11b2082a,2019-02,Lancashire Constabulary,Lancashire Constabulary,-2.710661,53.766730,On or near Eversleigh Street,E01025313,Preston 012F,Violence and sexual offences,Unable to prosecute suspect,
536e9a49d8c3681cb62f690a009dea0d373fea0ce0e9f7b298aabdb1e7193d2f,2019-02,Lancashire Constabulary,Lancashire Constabulary,-2.716593,53.769409,On or near Maynard Street,E01025313,Preston 012F,Violence and sexual offences,Status update unavailable,
a4ecc74b70121723733be9264fc2402cecea2a56887bbca024fdb9a4b47ea4b8,2019-02,Lancashire Constabulary,Lancashire Constabulary,-2.708684,53.762841,On or near Stocks Street,E01025313,Preston 012F,Violence and sexual offences,Status update unavailable,
8a4af00f4742955fad7511ed53fa8c0a68b58d4b00f20b67f195a2fd5047f4de,2019-02,Lancashire Constabulary,Lancashire Constabulary,-2.708684,53.762841,On or near Stocks Street,E01025313,Preston 012F,Violence and sexual offences,Status update unavailable,
e92df9796780a125fec711dc81f35780452976f77b9464329c6272c634426c6a,2019-02,Lancashire Constabulary,Lancashire Constabulary,-2.708684,53.762841,On or near Stocks Street,E01025313,Preston 012F,Violence and sexual offences,Status update unavailable,
407c168754b9c9b8b8c5b857464be320b3bfab637d115c028a22a582b4f0d6a9,2019-02,Lancashire Constabulary,Lancashire Constabulary,-2.710879,53.766198,On or near Hawkins Street,E01025313,Preston 012F,Violence and sexual offences,Status update unavailable,
7535b6cc9dd99f526ec551831755d0e9cb9116f1d0d257f3cdb43c13d7ed0af7,2019-02,Lancashire Constabulary,Lancashire Constabulary,-2.707600,53.763332,On or near St Peter'S Square,E01025313,Preston 012F,Violence and sexual offences,Status update unavailable,
f0d4d6db4ce002094d10ada1f5ebb2af091fb448415830bd6c153e25a9b21ee2,2019-02,Lancashire Constabulary,Lancashire Constabulary,-2.712912,53.770653,On or near Emmanuel Street,E01025313,Preston 012F,Violence and sexual offences,Status update unavailable,
d329869bc4cddccb15560bed040eebb322a6364fa90165d5545bf5d97c293929,2019-02,Lancashire Constabulary,Lancashire Constabulary,-2.712383,53.770773,On or near Wildman Street,E01025313,Preston 012F,Violence and sexual offences,Status update unavailable,
4d7b78fa64aa5486807e0a6ca837ee18b87d21d16e20d4fe8d6444d5a99c4959,2019-02,Lancashire Constabulary,Lancashire Constabulary,-2.708684,53.762841,On or near Stocks Street,E01025313,Preston 012F,Violence and sexual offences,Status update unavailable,
e8fb94a6c0f704770e633401191e1e9cc193f06ac9f1b5a86c7e112b6732dc42,2019-02,Lancashire Constabulary,Lancashire Constabulary,-2.709655,53.767392,On or near Moorbrook Street,E01025313,Preston 012F,Violence and sexual offences,Status update unavailable,
6eff1fddbaf54a1c07856000df92f313a97c71c8d175c56bc6f3dbca50ee9084,2019-02,Lancashire Constabulary,Lancashire Constabulary,-2.712383,53.770773,On or near Wildman Street,E01025313,Preston 012F,Violence and sexual offences,Unable to prosecute suspect,
4e0f59436efc3ca251bb3c555df0e142ba26863275a6724d90d3df657622258e,2019-02,Lancashire Constabulary,Lancashire Constabulary,-2.712383,53.770773,On or near Wildman Street,E01025313,Preston 012F,Violence and sexual offences,Unable to prosecute suspect,
c4dc7b2a6edac2037e382a0d18bbc8f121430421f6283b0057a16d2d8d0a3e17,2019-02,Lancashire Constabulary,Lancashire Constabulary,-2.712383,53.770773,On or near Wildman Street,E01025313,Preston 012F,Violence and sexual offences,Unable to prosecute suspect,
,2019-02,Lancashire Constabulary,Lancashire Constabulary,-2.707196,53.760072,On or near Ladywell Street,E01025314,Preston 012G,Anti-social behaviour,,
,2019-02,Lancashire Constabulary,Lancashire Constabulary,-2.711945,53.763720,On or near Maudland Bank,E01025314,Preston 012G,Anti-social behaviour,,
,2019-02,Lancashire Constabulary,Lancashire Constabulary,-2.716365,53.762292,On or near Ingot Street,E01025314,Preston 012G,Anti-social behaviour,,
,2019-02,Lancashire Constabulary,Lancashire Constabulary,-2.715387,53.761830,On or near Vine Street,E01025314,Preston 012G,Anti-social behaviour,,
,2019-02,Lancashire Constabulary,Lancashire Constabulary,-2.717853,53.764116,On or near Carlton Street,E01025314,Preston 012G,Anti-social behaviour,,
,2019-02,Lancashire Constabulary,Lancashire Constabulary,-2.717310,53.762529,On or near Bromley Street,E01025314,Preston 012G,Anti-social behaviour,,
,2019-02,Lancashire Constabulary,Lancashire Constabulary,-2.711945,53.763720,On or near Maudland Bank,E01025314,Preston 012G,Anti-social behaviour,,
,2019-02,Lancashire Constabulary,Lancashire Constabulary,-2.716365,53.762292,On or near Ingot Street,E01025314,Preston 012G,Anti-social behaviour,,
,2019-02,Lancashire Constabulary,Lancashire Constabulary,-2.716850,53.759556,On or near Cooper Road,E01025314,Preston 012G,Anti-social behaviour,,
,2019-02,Lancashire Constabulary,Lancashire Constabulary,-2.714088,53.764840,On or near Fylde Road,E01025314,Preston 012G,Anti-social behaviour,,
c740a05eb1e72d2d0c3a31953c72a3385a2e70da24d4f2a2ea3273d6190f245d,2019-02,Lancashire Constabulary,Lancashire Constabulary,-2.721479,53.762405,On or near Kingfisher Court,E01025314,Preston 012G,Burglary,Status update unavailable,
5d2f1cdc213ee46c5271cba12d5252c861f4d33c7c1cde47e2236bfbcc48bd44,2019-02,Lancashire Constabulary,Lancashire Constabulary,-2.721139,53.763809,On or near Maddy Street,E01025314,Preston 012G,Burglary,Status update unavailable,
a0e9e65b351054b745895073f8d843ae816c064b3d03a5b9011a81562556a324,2019-02,Lancashire Constabulary,Lancashire Constabulary,-2.716781,53.763556,On or near Priory Street,E01025314,Preston 012G,Burglary,Status update unavailable,
3aa6852353c9505e4356e2e1ee3cb3db1afc4cb7a96a3b6289ed49c13b754933,2019-02,Lancashire Constabulary,Lancashire Constabulary,-2.716115,53.760064,On or near Nelson Terrace,E01025314,Preston 012G,Burglary,Status update unavailable,
3b75945490c8a4778816aa549e6063fb88a16cbb0eca7f8f60aea1488d568cd0,2019-02,Lancashire Constabulary,Lancashire Constabulary,-2.722094,53.763758,On or near West View Terrace,E01025314,Preston 012G,Burglary,Status update unavailable,
90e5040d695cca16d3f1e7b5eca881525f9884d57252e05b303925a526e07c74,2019-02,Lancashire Constabulary,Lancashire Constabulary,-2.715698,53.763176,On or near Weston Street,E01025314,Preston 012G,Burglary,Status update unavailable,
44957e35554555734db4ba2210f2da645f7df481f3fd90922b806ce0a3e6d759,2019-02,Lancashire Constabulary,Lancashire Constabulary,-2.719385,53.763235,On or near St Mark'S Place West,E01025314,Preston 012G,Burglary,Status update unavailable,
d60dac66302675dbe4c27a20dc911382e51177a2e1e7dc0ccd41b29d4121ffb0,2019-02,Lancashire Constabulary,Lancashire Constabulary,-2.719385,53.763235,On or near St Mark'S Place West,E01025314,Preston 012G,Burglary,Status update unavailable,
c832472c4a0c1b070e0e6060d1fbc03b09c8c99bba246b41b6deeb7ef73e4de7,2019-02,Lancashire Constabulary,Lancashire Constabulary,-2.705929,53.760502,On or near Corporation Street,E01025314,Preston 012G,Burglary,Status update unavailable,
9df3eb3693b90cfe433b1636deda32eccd81feae6a82061898e91fb47c1480d7,2019-02,Lancashire Constabulary,Lancashire Constabulary,-2.719564,53.763090,On or near Wellington Street,E01025314,Preston 012G,Criminal damage and arson,Status update unavailable,
4c74ad0420d712514a103d2e3e789bf7c850e214570509b187c4adc74bdd45c2,2019-02,Lancashire Constabulary,Lancashire Constabulary,-2.720184,53.764749,On or near Newsham Street,E01025314,Preston 012G,Other theft,Investigation complete; no suspect identified,
2a31e2c24fb17b2a8684c65edf9aa687de63626aa5ce82e55a067929e6876e96,2019-02,Lancashire Constabulary,Lancashire Constabulary,-2.713346,53.764080,On or near Peel Street,E01025314,Preston 012G,Public order,Status update unavailable,
f93675b7675c6114a37799ea33dcd6292272accf1dc553cd28f94ad4fb4b6cc8,2019-02,Lancashire Constabulary,Lancashire Constabulary,-2.712933,53.763876,On or near Tuson Drive,E01025314,Preston 012G,Vehicle crime,Status update unavailable,
8377c565e908e236edc5aa9b913059ea44220bcb5fddc01343df36bf0abeaa63,2019-02,Lancashire Constabulary,Lancashire Constabulary,-2.711945,53.763720,On or near Maudland Bank,E01025314,Preston 012G,Vehicle crime,Status update unavailable,
a5fc6caf7bac754c4fc0fa92419447d32b63dcef0e07c494758ca2fee51b6813,2019-02,Lancashire Constabulary,Lancashire Constabulary,-2.711945,53.763720,On or near Maudland Bank,E01025314,Preston 012G,Violence and sexual offences,Unable to prosecute suspect,
c800abe69ad18f5f9dc1e3f9fb4af28518f68e55d3fef2df20ca762e9495cc2f,2019-02,Lancashire Constabulary,Lancashire Constabulary,-2.722094,53.763758,On or near West View Terrace,E01025314,Preston 012G,Violence and sexual offences,Status update unavailable,
f7e47d6726ebbb31b51c88f85c32ed7cc8635250e502cb52a7bb2b58c40e673b,2019-02,Lancashire Constabulary,Lancashire Constabulary,-2.717310,53.762529,On or near Bromley Street,E01025314,Preston 012G,Violence and sexual offences,Status update unavailable,
1c857af5aa6210c6713461901b4debbea68301fd2fd629bc2472431d3d2df755,2019-02,Lancashire Constabulary,Lancashire Constabulary,-2.715963,53.764514,On or near Malthouse Court,E01025314,Preston 012G,Violence and sexual offences,Unable to prosecute suspect,
c0549e8e212693e6728cae8a4834cd40fb698003f8a81ebfd4e5b151b200b074,2019-02,Lancashire Constabulary,Lancashire Constabulary,-2.719385,53.763235,On or near St Mark'S Place West,E01025314,Preston 012G,Violence and sexual offences,Unable to prosecute suspect,
a5d79c81a5685e3fef2b9c21352e6cfbd266a71f72b70e5a40f173c6df27b714,2019-02,Lancashire Constabulary,Lancashire Constabulary,-2.719385,53.763235,On or near St Mark'S Place West,E01025314,Preston 012G,Violence and sexual offences,Unable to prosecute suspect,
,2019-02,Lancashire Constabulary,Lancashire Constabulary,-2.731683,53.765597,On or near Tulketh Road,E01025231,Preston 013A,Anti-social behaviour,,
,2019-02,Lancashire Constabulary,Lancashire Constabulary,-2.731683,53.765597,On or near Tulketh Road,E01025231,Preston 013A,Anti-social behaviour,,
76db6dda1c03d0446ddbb6906702c6af37d4883ecc704b55ecd84613fa2a8a80,2019-02,Lancashire Constabulary,Lancashire Constabulary,-2.736378,53.765127,On or near Oakfield,E01025231,Preston 013A,Burglary,Status update unavailable,
8f0343088d552fb640db116ab2091b72b789cf4710c68d0d00b7feedbd7db0f5,2019-02,Lancashire Constabulary,Lancashire Constabulary,-2.732727,53.765455,On or near Hastings Road,E01025231,Preston 013A,Vehicle crime,Status update unavailable,
104e2055cefa71dfb93eab6ab85cc4623cd3b671218a9b23edd7ff41bf4e540d,2019-02,Lancashire Constabulary,Lancashire Constabulary,-2.731078,53.767443,On or near Victoria Parade,E01025231,Preston 013A,Violence and sexual offences,Unable to prosecute suspect,
e50b99709653f82c3b78786f94083afd2019ac9dcb3275798362ac134cdf6d0a,2019-02,Lancashire Constabulary,Lancashire Constabulary,-2.735461,53.764792,On or near Egerton Road,E01025231,Preston 013A,Violence and sexual offences,Unable to prosecute suspect,
,2019-02,Lancashire Constabulary,Lancashire Constabulary,-2.725843,53.764742,On or near Tulketh Road,E01025232,Preston 013B,Anti-social behaviour,,
,2019-02,Lancashire Constabulary,Lancashire Constabulary,-2.726742,53.765869,On or near Poulton Street,E01025232,Preston 013B,Anti-social behaviour,,
,2019-02,Lancashire Constabulary,Lancashire Constabulary,-2.723316,53.765135,On or near Bray Street,E01025232,Preston 013B,Anti-social behaviour,,
,2019-02,Lancashire Constabulary,Lancashire Constabulary,-2.723316,53.765135,On or near Bray Street,E01025232,Preston 013B,Anti-social behaviour,,
,2019-02,Lancashire Constabulary,Lancashire Constabulary,-2.727317,53.766630,On or near Threlfall Street,E01025232,Preston 013B,Anti-social behaviour,,
,2019-02,Lancashire Constabulary,Lancashire Constabulary,-2.728764,53.767008,On or near Bank Place,E01025232,Preston 013B,Anti-social behaviour,,
72ac089dd0916e21e61bf35ba423795e3f29ae7a94cd8743dccaa9d5904ea978,2019-02,Lancashire Constabulary,Lancashire Constabulary,-2.721837,53.764722,On or near Parking Area,E01025232,Preston 013B,Burglary,Status update unavailable,
254baed2b6accb550f26a1dc59970a44f338ac66783690fe14b51ab8bb71514f,2019-02,Lancashire Constabulary,Lancashire Constabulary,-2.728925,53.765748,On or near Brunswick Place,E01025232,Preston 013B,Burglary,Status update unavailable,
79ce5047a1fa4ac48e8f9ed32233493dfc49ce2af18a37fb5cff6850b86471bb,2019-02,Lancashire Constabulary,Lancashire Constabulary,-2.726742,53.765869,On or near Poulton Street,E01025232,Preston 013B,Burglary,Status update unavailable,
be08b9038bad5334fa033e8935d809a5e26f99b8e485c5999945c478b6db7223,2019-02,Lancashire Constabulary,Lancashire Constabulary,-2.723653,53.765304,On or near Cannon Hill,E01025232,Preston 013B,Burglary,Status update unavailable,
d410ce591c53c48ffbf85b3516228de8fbc8ac567a8734edaa5b3f027d50e79e,2019-02,Lancashire Constabulary,Lancashire Constabulary,-2.722736,53.764024,On or near Tulketh Road,E01025232,Preston 013B,Burglary,Status update unavailable,
23f53288db95886c6c36e5502354fbc2a730046ed6ac1105dd727dbc852ac1e6,2019-02,Lancashire Constabulary,Lancashire Constabulary,-2.723653,53.765304,On or near Cannon Hill,E01025232,Preston 013B,Burglary,Status update unavailable,
c371307b0a22bffb36f034b4f429f540fb35ddddc4bf535c2b54f800ec74b6c9,2019-02,Lancashire Constabulary,Lancashire Constabulary,-2.722736,53.764024,On or near Tulketh Road,E01025232,Preston 013B,Criminal damage and arson,Unable to prosecute suspect,
66188a70441bd93def8807d94b916b6316238e04db647563935139a0380e6759,2019-02,Lancashire Constabulary,Lancashire Constabulary,-2.727828,53.766357,On or near Brampton Street,E01025232,Preston 013B,Drugs,Status update unavailable,
27bc6e2b183bd511ae0762c48f2a9c749617b4504f87ca733b12b8ba7ea38d17,2019-02,Lancashire Constabulary,Lancashire Constabulary,-2.727828,53.766357,On or near Brampton Street,E01025232,Preston 013B,Drugs,Status update unavailable,
99772c390ff1a0a15104b2f835c2b0dfd0bd015bfdd3df8d0d9e1b04c0f58f42,2019-02,Lancashire Constabulary,Lancashire Constabulary,-2.728293,53.766094,On or near Elton Street,E01025232,Preston 013B,Drugs,Offender given a caution,
b8d4a15a9c31c897ac4ee9ad14f1cd359f10d52013e906f47f4d41699a0265b3,2019-02,Lancashire Constabulary,Lancashire Constabulary,-2.726742,53.765869,On or near Poulton Street,E01025232,Preston 013B,Other theft,Further investigation is not in the public interest,
2930ba662b608674827a515a7b7a8580a6c2587b81d24f71bf9658eafb7a2146,2019-02,Lancashire Constabulary,Lancashire Constabulary,-2.726595,53.767021,On or near Webster Street,E01025232,Preston 013B,Public order,Status update unavailable,
a6bb7d3c3a910543dd4800ebf6dcac8ea64add6bc72b1fec1c92d8878ecbf607,2019-02,Lancashire Constabulary,Lancashire Constabulary,-2.722736,53.764024,On or near Tulketh Road,E01025232,Preston 013B,Public order,Status update unavailable,
07f44a1d6db90314861381e27d0539682965c6758355d14ee610bfa38779fed7,2019-02,Lancashire Constabulary,Lancashire Constabulary,-2.725039,53.765646,On or near Francis Street,E01025232,Preston 013B,Vehicle crime,Status update unavailable,
1d14cbcb85cb20e1f894051e1ee80796897844ba900797382685f85475e9be3a,2019-02,Lancashire Constabulary,Lancashire Constabulary,-2.726742,53.765869,On or near Poulton Street,E01025232,Preston 013B,Vehicle crime,Status update unavailable,
66f1b153e3f702db8d0950efbf8c06d9c355ef4affe1ce24dde3046f93d30c22,2019-02,Lancashire Constabulary,Lancashire Constabulary,-2.727317,53.766630,On or near Threlfall Street,E01025232,Preston 013B,Vehicle crime,Status update unavailable,
8a30f277642613069bd97827afd53978e6441f0c4a94b8d071c65292845958c2,2019-02,Lancashire Constabulary,Lancashire Constabulary,-2.725039,53.765646,On or near Francis Street,E01025232,Preston 013B,Vehicle crime,Status update unavailable,
f1696c2127e7cad07b93c9590f57b64bb976057129dfe2385b7fdc08df8b7d35,2019-02,Lancashire Constabulary,Lancashire Constabulary,-2.726742,53.765869,On or near Poulton Street,E01025232,Preston 013B,Violence and sexual offences,Unable to prosecute suspect,
3b15c170f3aa5a930dfe17af217556b8694ec22d4cdbd723dbc0ad51b0049772,2019-02,Lancashire Constabulary,Lancashire Constabulary,-2.729973,53.765823,On or near Prospect Place,E01025232,Preston 013B,Violence and sexual offences,Unable to prosecute suspect,
2765732b6efb4a3ae07aa05cf39e8f247f63d81c1695fbad9c49e45ea585d674,2019-02,Lancashire Constabulary,Lancashire Constabulary,-2.724359,53.765794,On or near Hall Street,E01025232,Preston 013B,Violence and sexual offences,Awaiting court outcome,
74f953b4a1b10d277d7ca8980b4fcde462a0f9380c882ebc953896aca1b3efc4,2019-02,Lancashire Constabulary,Lancashire Constabulary,-2.722736,53.764024,On or near Tulketh Road,E01025232,Preston 013B,Violence and sexual offences,Status update unavailable,
0c92c0a0d6915346f558a7a1eae2f2e87913405939a0d9c1fdfc7c37fcae8af4,2019-02,Lancashire Constabulary,Lancashire Constabulary,-2.724359,53.765794,On or near Hall Street,E01025232,Preston 013B,Violence and sexual offences,Status update unavailable,
9bb597a5b65977bcde66ea33630460fcf302e91b9e99add23117d28fc7caf8b5,2019-02,Lancashire Constabulary,Lancashire Constabulary,-2.726742,53.765869,On or near Poulton Street,E01025232,Preston 013B,Violence and sexual offences,Unable to prosecute suspect,
4c41909569c67c69d9cb1c335bceb8b2749bb9b7a781d9f15a12e26214563639,2019-02,Lancashire Constabulary,Lancashire Constabulary,-2.725847,53.765884,On or near Hesketh Street,E01025232,Preston 013B,Violence and sexual offences,Unable to prosecute suspect,
40683832fc844d0ae77e6c0ed02d5b7157bade9d01cd817ddb5012c0be63dc13,2019-02,Lancashire Constabulary,Lancashire Constabulary,-2.724307,53.765390,On or near Rossall Street,E01025232,Preston 013B,Violence and sexual offences,Status update unavailable,
d79f8df0f748e4b931cdabbba97a5047828392641643fb8a97d90ab2f1d49250,2019-02,Lancashire Constabulary,Lancashire Constabulary,-2.725843,53.764742,On or near Tulketh Road,E01025232,Preston 013B,Other crime,Status update unavailable,
40ed07593d45b2c783d57f3e934be1fe9191c08e95d37a8ccc4dfef4260ae816,2019-02,Lancashire Constabulary,Lancashire Constabulary,-2.755656,53.770050,On or near Staveley Place,E01025265,Preston 013C,Burglary,Unable to prosecute suspect,
dcb61d9a4b4f073b065f8b6cf753643527c142f2346139496c4b75a051173c8a,2019-02,Lancashire Constabulary,Lancashire Constabulary,-2.757158,53.775074,On or near Alder Coppice,E01025265,Preston 013C,Burglary,Status update unavailable,
1ff1f4d671bbbf627e2034bd2fa9c35f08156086c369c3d2ff98da8e38a8c96d,2019-02,Lancashire Constabulary,Lancashire Constabulary,-2.755656,53.770050,On or near Staveley Place,E01025265,Preston 013C,Burglary,Status update unavailable,
75f0725dc72591e87bd58c58c12eef76c89a506c2ea9615b138bc84a596439eb,2019-02,Lancashire Constabulary,Lancashire Constabulary,-2.755656,53.770050,On or near Staveley Place,E01025265,Preston 013C,Criminal damage and arson,Status update unavailable,
d25d7a9db7bb41fb2828b6550620d2b29abb93806e8964f606502d33e54fad06,2019-02,Lancashire Constabulary,Lancashire Constabulary,-2.755656,53.770050,On or near Staveley Place,E01025265,Preston 013C,Criminal damage and arson,Unable to prosecute suspect,
8df2d527eff7f76997bb9e407bcdb2612db481106a8157dbab7681721e3f19a0,2019-02,Lancashire Constabulary,Lancashire Constabulary,-2.754582,53.774434,On or near Hazel Coppice,E01025265,Preston 013C,Criminal damage and arson,Status update unavailable,
eb106e7bd252d0141621a4da37defc9f303002693802a5a4f4349473da86ad3f,2019-02,Lancashire Constabulary,Lancashire Constabulary,-2.755656,53.770050,On or near Staveley Place,E01025265,Preston 013C,Other theft,Further investigation is not in the public interest,
f097218cffa507d5fb1f9d0248ca4af884c9dc75999f8c16109adf1cf3165432,2019-02,Lancashire Constabulary,Lancashire Constabulary,-2.755708,53.774607,On or near Willow Coppice,E01025265,Preston 013C,Violence and sexual offences,Unable to prosecute suspect,
df321e4657a1697e009ee47d30aead234f87104d6d02cf20f8f5d26086103a1a,2019-02,Lancashire Constabulary,Lancashire Constabulary,-2.763167,53.774245,On or near Freshfields,E01025265,Preston 013C,Violence and sexual offences,Unable to prosecute suspect,
,2019-02,Lancashire Constabulary,Lancashire Constabulary,-2.754131,53.771273,On or near Greendale Mews,E01025267,Preston 013D,Anti-social behaviour,,
,2019-02,Lancashire Constabulary,Lancashire Constabulary,-2.751805,53.771000,On or near Lyndhurst Drive,E01025267,Preston 013D,Anti-social behaviour,,
45a12c8b1f2972ddf3f1de6917d5eb0da2de4b423e48b1160283f0e8a81678c1,2019-02,Lancashire Constabulary,Lancashire Constabulary,-2.747951,53.770997,On or near Queensway,E01025267,Preston 013D,Burglary,Status update unavailable,
479b93cf2a6df18f7b5ea9e0faf7f6ac3be5ec04431105cef29a3e262b86d8f7,2019-02,Lancashire Constabulary,Lancashire Constabulary,-2.751219,53.771372,On or near Lichfield Road,E01025267,Preston 013D,Criminal damage and arson,Status update unavailable,
1a345188c54aa399b3a8de86cc5baba34353e58edcd6cb7846e68e16b70cdeed,2019-02,Lancashire Constabulary,Lancashire Constabulary,-2.754131,53.771273,On or near Greendale Mews,E01025267,Preston 013D,Criminal damage and arson,Status update unavailable,
2d25b10a6de161e969dfbf42a53185ad5a6bd20ff71a10f575d008009fd4248b,2019-02,Lancashire Constabulary,Lancashire Constabulary,-2.746771,53.769494,On or near Broadway,E01025267,Preston 013D,Other theft,Status update unavailable,
178d2989814b2ecb7e34fde56077697cf3e4ffbe2d53f0b7c38394c2d9286df4,2019-02,Lancashire Constabulary,Lancashire Constabulary,-2.753217,53.768528,On or near Pedestrian Subway,E01025267,Preston 013D,Vehicle crime,Status update unavailable,
9845df8ef8e001b00b19ac490350276a4cd120779a47e455992cdacc9dd80dbd,2019-02,Lancashire Constabulary,Lancashire Constabulary,-2.753566,53.767708,On or near Bartle Place,E01025267,Preston 013D,Violence and sexual offences,Unable to prosecute suspect,
068fc16538856e2f2c0e64bce357269e7436e7f24c55c288ac12608d344dd13e,2019-02,Lancashire Constabulary,Lancashire Constabulary,-2.751219,53.771372,On or near Lichfield Road,E01025267,Preston 013D,Violence and sexual offences,Unable to prosecute suspect,
ea9b7af41ef74408151218b82d83527d3c155461c471284f6b4fef2a03096adf,2019-02,Lancashire Constabulary,Lancashire Constabulary,-2.751219,53.771372,On or near Lichfield Road,E01025267,Preston 013D,Violence and sexual offences,Unable to prosecute suspect,
034aa7e82e0aa7ffac4e9ab01b8f7b941be037f47d9f5ec275f21462e4c52788,2019-02,Lancashire Constabulary,Lancashire Constabulary,-2.754131,53.771273,On or near Greendale Mews,E01025267,Preston 013D,Violence and sexual offences,Unable to prosecute suspect,
,2019-02,Lancashire Constabulary,Lancashire Constabulary,-2.758820,53.770479,On or near Birkdale Drive,E01025268,Preston 013E,Anti-social behaviour,,
,2019-02,Lancashire Constabulary,Lancashire Constabulary,-2.757847,53.763627,On or near Thurnham Road,E01025268,Preston 013E,Anti-social behaviour,,
,2019-02,Lancashire Constabulary,Lancashire Constabulary,-2.757905,53.770233,On or near Hendon Place,E01025268,Preston 013E,Anti-social behaviour,,
,2019-02,Lancashire Constabulary,Lancashire Constabulary,-2.756193,53.769516,On or near Heywood Road,E01025268,Preston 013E,Anti-social behaviour,,
,2019-02,Lancashire Constabulary,Lancashire Constabulary,-2.757905,53.770233,On or near Hendon Place,E01025268,Preston 013E,Anti-social behaviour,,
,2019-02,Lancashire Constabulary,Lancashire Constabulary,-2.756193,53.769516,On or near Heywood Road,E01025268,Preston 013E,Anti-social behaviour,,
,2019-02,Lancashire Constabulary,Lancashire Constabulary,-2.755679,53.763704,On or near Overton Road,E01025268,Preston 013E,Anti-social behaviour,,
,2019-02,Lancashire Constabulary,Lancashire Constabulary,-2.761066,53.763805,On or near Sutton Drive,E01025268,Preston 013E,Anti-social behaviour,,
,2019-02,Lancashire Constabulary,Lancashire Constabulary,-2.757847,53.763627,On or near Thurnham Road,E01025268,Preston 013E,Anti-social behaviour,,
,2019-02,Lancashire Constabulary,Lancashire Constabulary,-2.757847,53.763627,On or near Thurnham Road,E01025268,Preston 013E,Anti-social behaviour,,
,2019-02,Lancashire Constabulary,Lancashire Constabulary,-2.757905,53.770233,On or near Hendon Place,E01025268,Preston 013E,Anti-social behaviour,,
,2019-02,Lancashire Constabulary,Lancashire Constabulary,-2.756193,53.769516,On or near Heywood Road,E01025268,Preston 013E,Anti-social behaviour,,
,2019-02,Lancashire Constabulary,Lancashire Constabulary,-2.761066,53.763805,On or near Sutton Drive,E01025268,Preston 013E,Anti-social behaviour,,
f20721d95c6fd4ca965f829b8785d68e3ce1759b5ac3701aced926081eb8582f,2019-02,Lancashire Constabulary,Lancashire Constabulary,-2.756193,53.769516,On or near Heywood Road,E01025268,Preston 013E,Burglary,Status update unavailable,
ca2535dabe4049d48a35a943283b20363d551a0d8c3bfa6b5d4da34a8575f74b,2019-02,Lancashire Constabulary,Lancashire Constabulary,-2.756193,53.769516,On or near Heywood Road,E01025268,Preston 013E,Burglary,Status update unavailable,
43cfede53d1818882318beca281a59d6a2d49f6dd53d7b27cdb73bcfa1e114ea,2019-02,Lancashire Constabulary,Lancashire Constabulary,-2.758945,53.768133,On or near Charles Way,E01025268,Preston 013E,Burglary,Status update unavailable,
b6e0b00ddc95f48dc215ccb08826de7617f2b0029359b494b2f594c0ac8dd506,2019-02,Lancashire Constabulary,Lancashire Constabulary,-2.761066,53.763805,On or near Sutton Drive,E01025268,Preston 013E,Criminal damage and arson,Status update unavailable,
fccb895ec5ca7498c7fd590869c7c1ec5fc1bbf8162c71367f6e5df766320854,2019-02,Lancashire Constabulary,Lancashire Constabulary,-2.758820,53.770479,On or near Birkdale Drive,E01025268,Preston 013E,Public order,Offender given penalty notice,
6ebb0fd34201dedcdb63812fac53f9c66b1f52825e1fd8fd7c2fe6d54a89fe2c,2019-02,Lancashire Constabulary,Lancashire Constabulary,-2.758820,53.770479,On or near Birkdale Drive,E01025268,Preston 013E,Public order,Offender given conditional discharge,
4caf42b40ffcc8bccc0d00ccd49e33799bc6c70854e7a99e0abe19575fef4cf5,2019-02,Lancashire Constabulary,Lancashire Constabulary,-2.757847,53.763627,On or near Thurnham Road,E01025268,Preston 013E,Vehicle crime,Status update unavailable,
872d2b23eb3ea5a4262be876e565e06bd2d9b4da8b9a98260fd62eef12524e20,2019-02,Lancashire Constabulary,Lancashire Constabulary,-2.758293,53.770716,On or near Cartmel Place,E01025268,Preston 013E,Violence and sexual offences,Unable to prosecute suspect,
fe2c4ddad899913f971f2fa818f4dc1d8af91899036876df1adb0dc28d58d4ae,2019-02,Lancashire Constabulary,Lancashire Constabulary,-2.758293,53.770716,On or near Cartmel Place,E01025268,Preston 013E,Violence and sexual offences,Unable to prosecute suspect,
2d016e65fc699ee12c720158ad5f6171caabad756445092136d1b02f9da39fda,2019-02,Lancashire Constabulary,Lancashire Constabulary,-2.758107,53.769630,On or near Formby Place,E01025268,Preston 013E,Violence and sexual offences,Offender given community sentence,
1ef0cb41284bc75bb850842b0a4fc08116bc3612ee50d1b81c2ca43b0737a811,2019-02,Lancashire Constabulary,Lancashire Constabulary,-2.758820,53.770479,On or near Birkdale Drive,E01025268,Preston 013E,Violence and sexual offences,Status update unavailable,
14b7013367f65a382f5a82b34f63c7bf9de21f356452f14d0fe92d5a1960363c,2019-02,Lancashire Constabulary,Lancashire Constabulary,-2.757919,53.766800,On or near Layton Road,E01025268,Preston 013E,Violence and sexual offences,Further investigation is not in the public interest,
d197824a26888af3550195a91f1e67a8b319b6ba25cff5de46e77dc8919dccbc,2019-02,Lancashire Constabulary,Lancashire Constabulary,-2.757933,53.767555,On or near The Ploughlands,E01025268,Preston 013E,Violence and sexual offences,Unable to prosecute suspect,
,2019-02,Lancashire Constabulary,Lancashire Constabulary,-2.757378,53.765365,On or near Preesall Close,E01025269,Preston 013F,Anti-social behaviour,,
,2019-02,Lancashire Constabulary,Lancashire Constabulary,-2.755220,53.766871,On or near Supermarket,E01025269,Preston 013F,Anti-social behaviour,,
,2019-02,Lancashire Constabulary,Lancashire Constabulary,-2.749044,53.763404,On or near Staining Avenue,E01025269,Preston 013F,Anti-social behaviour,,
,2019-02,Lancashire Constabulary,Lancashire Constabulary,-2.749773,53.764289,On or near Westleigh Road,E01025269,Preston 013F,Anti-social behaviour,,
,2019-02,Lancashire Constabulary,Lancashire Constabulary,-2.759128,53.761498,On or near Pedestrian Subway,E01025269,Preston 013F,Anti-social behaviour,,
,2019-02,Lancashire Constabulary,Lancashire Constabulary,-2.755220,53.766871,On or near Supermarket,E01025269,Preston 013F,Anti-social behaviour,,
,2019-02,Lancashire Constabulary,Lancashire Constabulary,-2.749686,53.765369,On or near Westby Place,E01025269,Preston 013F,Anti-social behaviour,,
,2019-02,Lancashire Constabulary,Lancashire Constabulary,-2.755220,53.766871,On or near Supermarket,E01025269,Preston 013F,Anti-social behaviour,,
,2019-02,Lancashire Constabulary,Lancashire Constabulary,-2.749686,53.765369,On or near Westby Place,E01025269,Preston 013F,Anti-social behaviour,,
,2019-02,Lancashire Constabulary,Lancashire Constabulary,-2.755220,53.766871,On or near Supermarket,E01025269,Preston 013F,Anti-social behaviour,,
a91a3568ae607d1227330f216f019874525a05fb7bbd521639fafbaa81f9c4c6,2019-02,Lancashire Constabulary,Lancashire Constabulary,-2.755220,53.766871,On or near Supermarket,E01025269,Preston 013F,Burglary,Status update unavailable,
e075f974904685cc7c8a25c7583281e672a1afc8182719f3e8064b9ff5b21d08,2019-02,Lancashire Constabulary,Lancashire Constabulary,-2.755220,53.766871,On or near Supermarket,E01025269,Preston 013F,Criminal damage and arson,Unable to prosecute suspect,
b7d73eb4c43c42ba1c88186e20133a97f530b2c4ec20436c67fc288b844812d1,2019-02,Lancashire Constabulary,Lancashire Constabulary,-2.756872,53.765090,On or near Preesall Road,E01025269,Preston 013F,Other theft,Status update unavailable,
590620f3d60141d09cbff039b7942febb7ed79ed2b14cefceb8a9b90580f1c56,2019-02,Lancashire Constabulary,Lancashire Constabulary,-2.756872,53.765090,On or near Preesall Road,E01025269,Preston 013F,Public order,Status update unavailable,
6a15f80d5cf586b3c51a29e502687220b9724b6416709e24913773492dc828db,2019-02,Lancashire Constabulary,Lancashire Constabulary,-2.755220,53.766871,On or near Supermarket,E01025269,Preston 013F,Violence and sexual offences,Status update unavailable,
c3e13e63bad7b005cfb43c92c0c5d3529c1c747a217757e7af6999bc8c9cac01,2019-02,Lancashire Constabulary,Lancashire Constabulary,-2.753772,53.765657,On or near Larchwood,E01025269,Preston 013F,Violence and sexual offences,Unable to prosecute suspect,
d980684eb99482c811d56b6bb0141d22399145b821b9e846928149846a9612da,2019-02,Lancashire Constabulary,Lancashire Constabulary,-2.755246,53.762376,On or near Ryelands Crescent,E01025269,Preston 013F,Violence and sexual offences,Unable to prosecute suspect,
,2019-02,Lancashire Constabulary,Lancashire Constabulary,-2.761549,53.768700,On or near Sheffield Drive,E01025271,Preston 013G,Anti-social behaviour,,
,2019-02,Lancashire Constabulary,Lancashire Constabulary,-2.759490,53.768066,On or near Charles Way,E01025271,Preston 013G,Anti-social behaviour,,
,2019-02,Lancashire Constabulary,Lancashire Constabulary,-2.761623,53.769455,On or near Nelson Drive,E01025271,Preston 013G,Anti-social behaviour,,
b8331e02d6a00607363dd0fd5f0b014a85a7990117748e588e5041503784c9f7,2019-02,Lancashire Constabulary,Lancashire Constabulary,-2.762451,53.769908,On or near Nelson Crescent,E01025271,Preston 013G,Criminal damage and arson,Unable to prosecute suspect,
95d41e05882c111d4e3496e2dd1a0166b78777079c14000fcb5985048a92dd98,2019-02,Lancashire Constabulary,Lancashire Constabulary,-2.759455,53.766134,On or near Greaves-Town Lane,E01025271,Preston 013G,Criminal damage and arson,Status update unavailable,
ac2a4001c525ce05299bcfe73b60f5217abbf0039f4d46cb925eeaa1f9fb52f6,2019-02,Lancashire Constabulary,Lancashire Constabulary,-2.763858,53.767203,On or near Supermarket,E01025271,Preston 013G,Other theft,Status update unavailable,
c4fc5ea968e43e03c2e9e07a4b8d93a40447c81cd604c3b7e8ce7032fcc33e14,2019-02,Lancashire Constabulary,Lancashire Constabulary,-2.762451,53.769908,On or near Nelson Crescent,E01025271,Preston 013G,Vehicle crime,Status update unavailable,
b07c57d1e265623daa7668e936910be6dea3273ee5b97ee4fc7bd0afce852dee,2019-02,Lancashire Constabulary,Lancashire Constabulary,-2.759490,53.768066,On or near Charles Way,E01025271,Preston 013G,Vehicle crime,Status update unavailable,
aa08f954b8f53bbcb9b3d7679c1c220b87f7715fe4c10c1402473c90de189a50,2019-02,Lancashire Constabulary,Lancashire Constabulary,-2.759490,53.768066,On or near Charles Way,E01025271,Preston 013G,Violence and sexual offences,Local resolution,
50ef1e4b5ec7782a1300344a920a0551acbc24638ada6b60fc2073c479cbb209,2019-02,Lancashire Constabulary,Lancashire Constabulary,-2.763318,53.770010,On or near Brook Place,E01025271,Preston 013G,Violence and sexual offences,Unable to prosecute suspect,
,2019-02,Lancashire Constabulary,Lancashire Constabulary,-2.683935,53.767964,On or near St Chad'S Road,E01025295,Preston 014A,Anti-social behaviour,,
,2019-02,Lancashire Constabulary,Lancashire Constabulary,-2.681870,53.766924,On or near Chester Road,E01025295,Preston 014A,Anti-social behaviour,,
,2019-02,Lancashire Constabulary,Lancashire Constabulary,-2.681244,53.762029,On or near Goodier Street,E01025295,Preston 014A,Anti-social behaviour,,
,2019-02,Lancashire Constabulary,Lancashire Constabulary,-2.683514,53.767310,On or near Isherwood Street,E01025295,Preston 014A,Anti-social behaviour,,
,2019-02,Lancashire Constabulary,Lancashire Constabulary,-2.681244,53.762029,On or near Goodier Street,E01025295,Preston 014A,Anti-social behaviour,,
,2019-02,Lancashire Constabulary,Lancashire Constabulary,-2.689010,53.766587,On or near Herbert Street,E01025295,Preston 014A,Anti-social behaviour,,
,2019-02,Lancashire Constabulary,Lancashire Constabulary,-2.690183,53.761376,On or near Church Street,E01025295,Preston 014A,Anti-social behaviour,,
,2019-02,Lancashire Constabulary,Lancashire Constabulary,-2.690727,53.764959,On or near Carrol Street,E01025295,Preston 014A,Anti-social behaviour,,
,2019-02,Lancashire Constabulary,Lancashire Constabulary,-2.681870,53.766924,On or near Chester Road,E01025295,Preston 014A,Anti-social behaviour,,
,2019-02,Lancashire Constabulary,Lancashire Constabulary,-2.683200,53.762899,On or near Park/Open Space,E01025295,Preston 014A,Anti-social behaviour,,
,2019-02,Lancashire Constabulary,Lancashire Constabulary,-2.689752,53.763778,On or near Deepdale Street,E01025295,Preston 014A,Anti-social behaviour,,
,2019-02,Lancashire Constabulary,Lancashire Constabulary,-2.683340,53.767797,On or near Lutwidge Avenue,E01025295,Preston 014A,Anti-social behaviour,,
,2019-02,Lancashire Constabulary,Lancashire Constabulary,-2.681244,53.762029,On or near Goodier Street,E01025295,Preston 014A,Anti-social behaviour,,
c679886091533e410546289998ab3748501f461c43a2aab6c50c91e7abe7b0b0,2019-02,Lancashire Constabulary,Lancashire Constabulary,-2.689855,53.763589,On or near Conference/Exhibition Centre,E01025295,Preston 014A,Burglary,Awaiting court outcome,
9f50d7f695aba93b38b41495464d753fedfe93ef71f5ed73e7d16861a26f93aa,2019-02,Lancashire Constabulary,Lancashire Constabulary,-2.691709,53.766508,On or near Deepdale Road,E01025295,Preston 014A,Burglary,Status update unavailable,
c709cc4c50a56976ffd4fc0267b35dcd390374bc2755a62c6a4cf731e2afb681,2019-02,Lancashire Constabulary,Lancashire Constabulary,-2.684875,53.766116,On or near Deepdale Mill Street,E01025295,Preston 014A,Burglary,Status update unavailable,
a0282c50950e94126ec66dafd1c95ae959ce889e4d17dac34dd8848592022909,2019-02,Lancashire Constabulary,Lancashire Constabulary,-2.683514,53.767310,On or near Isherwood Street,E01025295,Preston 014A,Criminal damage and arson,Status update unavailable,
b097d99a58e125a722c2d0a3d6b99546a5e5bcb05eb38752315cf7e0d68ddbca,2019-02,Lancashire Constabulary,Lancashire Constabulary,-2.682261,53.766733,On or near Andrew Street,E01025295,Preston 014A,Criminal damage and arson,Unable to prosecute suspect,
97830d162174cba414cbac4a4af38347e5657837af08a1835cb6f6622a4f4f8f,2019-02,Lancashire Constabulary,Lancashire Constabulary,-2.678443,53.763294,On or near Maitland Close,E01025295,Preston 014A,Criminal damage and arson,Status update unavailable,
e8e2b084ce15093f8597f4f63abb2b462ccdd88f89144421e609b60e5811402b,2019-02,Lancashire Constabulary,Lancashire Constabulary,-2.689758,53.766915,On or near Porter Street,E01025295,Preston 014A,Criminal damage and arson,Status update unavailable,
d4687acea3c2fef9b47c30b4a5d564559d1af4e8b1eaacdcf3cb9f37ee109100,2019-02,Lancashire Constabulary,Lancashire Constabulary,-2.688883,53.766246,On or near Peel Hall Street,E01025295,Preston 014A,Criminal damage and arson,Status update unavailable,
a13b95172ac7aed9d2b646374291f4e102b6f9a512911ebce7d3b66616586e0f,2019-02,Lancashire Constabulary,Lancashire Constabulary,-2.681244,53.762029,On or near Goodier Street,E01025295,Preston 014A,Other theft,Status update unavailable,
d1d0bc2203dacca62228878f19b6edbd8071a5aea189bed385b3e0def2f1a0c3,2019-02,Lancashire Constabulary,Lancashire Constabulary,-2.689681,53.763149,On or near Ribbleton Street,E01025295,Preston 014A,Other theft,Status update unavailable,
871539129f9daaf4feb4f96fc8f62128d18c4c2da57d21ca6858ff204ca03fab,2019-02,Lancashire Constabulary,Lancashire Constabulary,-2.684875,53.766116,On or near Deepdale Mill Street,E01025295,Preston 014A,Public order,Awaiting court outcome,
a221a6301e61059a4b548a8eb43a62b977bed4dbc7ac0500d23ba8903135e66b,2019-02,Lancashire Constabulary,Lancashire Constabulary,-2.678443,53.763294,On or near Maitland Close,E01025295,Preston 014A,Public order,Status update unavailable,
d3625a2188cad5e4368baa8b934c6d1efcd9fc6c23502b5454660774e15671f4,2019-02,Lancashire Constabulary,Lancashire Constabulary,-2.681244,53.762029,On or near Goodier Street,E01025295,Preston 014A,Robbery,Awaiting court outcome,
4a1322746688c0fe6f30d4aaca08370fcd491cf88be387281e1d1c9ad0a40352,2019-02,Lancashire Constabulary,Lancashire Constabulary,-2.678443,53.763294,On or near Maitland Close,E01025295,Preston 014A,Shoplifting,Status update unavailable,
93476341d9d645740bad4d32e478fd1b6680d485a31a9af5904cea0b4a99ea83,2019-02,Lancashire Constabulary,Lancashire Constabulary,-2.690727,53.764959,On or near Carrol Street,E01025295,Preston 014A,Shoplifting,Unable to prosecute suspect,
9b34c886b99c1c672c09acd68d9edf11f1e00c99701b490ab62f78e3b558db3c,2019-02,Lancashire Constabulary,Lancashire Constabulary,-2.690727,53.764959,On or near Carrol Street,E01025295,Preston 014A,Theft from the person,Awaiting court outcome,
340283e4458eb4b227214923c75643f7b0f7158f1bb90ed9dcc146f658420280,2019-02,Lancashire Constabulary,Lancashire Constabulary,-2.681244,53.762029,On or near Goodier Street,E01025295,Preston 014A,Vehicle crime,Status update unavailable,
079724e515305e628381d4c8719969c030589f6269caa2acd518136aae478c0c,2019-02,Lancashire Constabulary,Lancashire Constabulary,-2.682833,53.766460,On or near Gillett Street,E01025295,Preston 014A,Violence and sexual offences,Unable to prosecute suspect,
e755be8ec8b229d2ccc0d0b99b4717034b42358c10fee53d3853c8471f595d69,2019-02,Lancashire Constabulary,Lancashire Constabulary,-2.681244,53.762029,On or near Goodier Street,E01025295,Preston 014A,Violence and sexual offences,Status update unavailable,
8b655a088936fc64c60d23e3c649cc3c7640d764283bc2c3ff4a2df96c69c8c5,2019-02,Lancashire Constabulary,Lancashire Constabulary,-2.682546,53.761860,On or near Plevna Road,E01025295,Preston 014A,Violence and sexual offences,Unable to prosecute suspect,
0d5a30d46fae180e3eb2ba775ca3381696057c7231cb287bfcc58ebc7cb1f4b6,2019-02,Lancashire Constabulary,Lancashire Constabulary,-2.690183,53.761376,On or near Church Street,E01025295,Preston 014A,Violence and sexual offences,Unable to prosecute suspect,
771acdc1050220218c1990382c9b603afddf16bab06482fe3b9fd7485160a830,2019-02,Lancashire Constabulary,Lancashire Constabulary,-2.682546,53.761860,On or near Plevna Road,E01025295,Preston 014A,Violence and sexual offences,Unable to prosecute suspect,
f07b69e4b00a68dd1caac47c802bbc4082bfb63079daca90e62bf30528cc1b02,2019-02,Lancashire Constabulary,Lancashire Constabulary,-2.690244,53.766031,On or near Golbourne Street,E01025295,Preston 014A,Violence and sexual offences,Unable to prosecute suspect,
a67bc8d50301d908a39628efa81c34849b71a40506bc061b694ee27097a815bb,2019-02,Lancashire Constabulary,Lancashire Constabulary,-2.690183,53.761376,On or near Church Street,E01025295,Preston 014A,Violence and sexual offences,Status update unavailable,
35dea66d4f28013248af7f400c55721784c761e7064ea17209ef920519b9f7c0,2019-02,Lancashire Constabulary,Lancashire Constabulary,-2.690244,53.766031,On or near Golbourne Street,E01025295,Preston 014A,Violence and sexual offences,Unable to prosecute suspect,
41571de6c150757536d2c699673e52c1bf83ddfb89ef561daa32969fb45e25af,2019-02,Lancashire Constabulary,Lancashire Constabulary,-2.678443,53.763294,On or near Maitland Close,E01025295,Preston 014A,Violence and sexual offences,Unable to prosecute suspect,
e2d8a83028bc7ba1589de3e33d72c026a4179e1a1861831e4a9403feaab4f09c,2019-02,Lancashire Constabulary,Lancashire Constabulary,-2.690183,53.761376,On or near Church Street,E01025295,Preston 014A,Violence and sexual offences,Status update unavailable,
0139260c11afd2ec5ab0db581f94d9df0a810bf4c79015e108e84c99c84e409f,2019-02,Lancashire Constabulary,Lancashire Constabulary,-2.682216,53.762077,On or near Stefano Road,E01025295,Preston 014A,Violence and sexual offences,Unable to prosecute suspect,
40db01ae5a3ee35e967710629db4d8e0e4c760cf19fc659bb6551b8237176952,2019-02,Lancashire Constabulary,Lancashire Constabulary,-2.678443,53.763294,On or near Maitland Close,E01025295,Preston 014A,Violence and sexual offences,Unable to prosecute suspect,
dec5d5170ffea0509eb0c89059b7a1bc4c4bd2d43d13c34e6d516b2284560366,2019-02,Lancashire Constabulary,Lancashire Constabulary,-2.683340,53.767797,On or near Lutwidge Avenue,E01025295,Preston 014A,Violence and sexual offences,Further investigation is not in the public interest,
,2019-02,Lancashire Constabulary,Lancashire Constabulary,-2.671291,53.769509,On or near Burns Street,E01025296,Preston 014B,Anti-social behaviour,,
,2019-02,Lancashire Constabulary,Lancashire Constabulary,-2.674121,53.768091,On or near Tennyson Road,E01025296,Preston 014B,Anti-social behaviour,,
,2019-02,Lancashire Constabulary,Lancashire Constabulary,-2.674121,53.768091,On or near Tennyson Road,E01025296,Preston 014B,Anti-social behaviour,,
,2019-02,Lancashire Constabulary,Lancashire Constabulary,-2.674121,53.768091,On or near Tennyson Road,E01025296,Preston 014B,Anti-social behaviour,,
,2019-02,Lancashire Constabulary,Lancashire Constabulary,-2.669624,53.766768,On or near Sports/Recreation Area,E01025296,Preston 014B,Anti-social behaviour,,
,2019-02,Lancashire Constabulary,Lancashire Constabulary,-2.664486,53.766132,On or near Fermor Road,E01025296,Preston 014B,Anti-social behaviour,,
,2019-02,Lancashire Constabulary,Lancashire Constabulary,-2.672933,53.768754,On or near Robin Street,E01025296,Preston 014B,Anti-social behaviour,,
4454e8bed51a89edee14c94dd2ddcf572f58e53e9e2a48d87c45fd4a8c578ca8,2019-02,Lancashire Constabulary,Lancashire Constabulary,-2.674121,53.768091,On or near Tennyson Road,E01025296,Preston 014B,Burglary,Status update unavailable,
82f74607955a07285b8e696420bf5490b90e5d8d44e7856b9327d3246e975419,2019-02,Lancashire Constabulary,Lancashire Constabulary,-2.672933,53.768754,On or near Robin Street,E01025296,Preston 014B,Criminal damage and arson,Local resolution,
aa1eff085c32ccc261e93650d468e61389533b2e611a8e7359ec68bf1511ec0e,2019-02,Lancashire Constabulary,Lancashire Constabulary,-2.674240,53.769843,On or near Browning Road,E01025296,Preston 014B,Drugs,Further investigation is not in the public interest,
9b73b8a224670a075e1b815ac086e1e1eb4988059346e7937d8c140aba07f462,2019-02,Lancashire Constabulary,Lancashire Constabulary,-2.674245,53.770185,On or near Browning Crescent,E01025296,Preston 014B,Other theft,Status update unavailable,
8c46209cea6fc4d5b76ae462f8e3b4845ddb8d51341438762af114dc0de7975b,2019-02,Lancashire Constabulary,Lancashire Constabulary,-2.674245,53.770185,On or near Browning Crescent,E01025296,Preston 014B,Other theft,Status update unavailable,
a861d6d1ca8ca2f145eaac0e437386220813c9890fcd5adda1cf353df29b5a63,2019-02,Lancashire Constabulary,Lancashire Constabulary,-2.674245,53.770185,On or near Browning Crescent,E01025296,Preston 014B,Other theft,Status update unavailable,
55aef694c9c0719d327f505e7627d913a0c1e0a92b0138c69033cc0912640156,2019-02,Lancashire Constabulary,Lancashire Constabulary,-2.671705,53.767844,On or near Miller Road,E01025296,Preston 014B,Other theft,Status update unavailable,
ec3cb4a25ce94f644a93cb51003dfdca421d942ef05d6088cac442b816fce39b,2019-02,Lancashire Constabulary,Lancashire Constabulary,-2.674245,53.770185,On or near Browning Crescent,E01025296,Preston 014B,Other theft,Status update unavailable,
21fec1626a36baa7807b32e694c41ea283a83023df9ac8034ba09bf6439ae926,2019-02,Lancashire Constabulary,Lancashire Constabulary,-2.671291,53.769509,On or near Burns Street,E01025296,Preston 014B,Other theft,Status update unavailable,
63daf1b0d773d65c3261eb195f1b01e5b902b923383d64dd1bfd2b0cde5f46b2,2019-02,Lancashire Constabulary,Lancashire Constabulary,-2.675480,53.769612,On or near Emerson Road,E01025296,Preston 014B,Other theft,Status update unavailable,
0a3f39466fd1ab74b88f1401953e16f82f8659a2e2d4f5e1ff38b3c5a142671b,2019-02,Lancashire Constabulary,Lancashire Constabulary,-2.674245,53.770185,On or near Browning Crescent,E01025296,Preston 014B,Other theft,Status update unavailable,
12b4dbcd2a00cdffea4bdf7fc4fdaa39aa2f6d9d4858b0f97886942c91570a78,2019-02,Lancashire Constabulary,Lancashire Constabulary,-2.674814,53.769678,On or near Rydal Road,E01025296,Preston 014B,Public order,Offender given community sentence,
70d037de7604078f7d4fb29eb559c621dbf601d4528baa4052dae4b81d266d07,2019-02,Lancashire Constabulary,Lancashire Constabulary,-2.672552,53.768675,On or near Thompson Street,E01025296,Preston 014B,Public order,Unable to prosecute suspect,
0ab61253c566c41cb3293d7af3b92c8f25c8c98d05902342b6dfe20c63cc328d,2019-02,Lancashire Constabulary,Lancashire Constabulary,-2.671705,53.767844,On or near Miller Road,E01025296,Preston 014B,Public order,Unable to prosecute suspect,
11b748b4ea122c8b6f168c69f7f8f3895dadef70676f9f151d29052294707f95,2019-02,Lancashire Constabulary,Lancashire Constabulary,-2.671705,53.767844,On or near Miller Road,E01025296,Preston 014B,Shoplifting,Investigation complete; no suspect identified,
c7d7f1a5eda3661fe3e7ace667da9a379cc3bf40d635c5c8ea669418a07ff534,2019-02,Lancashire Constabulary,Lancashire Constabulary,-2.671705,53.767844,On or near Miller Road,E01025296,Preston 014B,Shoplifting,Status update unavailable,
9c9c0a78383178868245d84e6be76b9eca84feb5dddec978242c7d6d67ac1e99,2019-02,Lancashire Constabulary,Lancashire Constabulary,-2.671705,53.767844,On or near Miller Road,E01025296,Preston 014B,Shoplifting,Status update unavailable,
972420515c0fbb732c9465135cbc1059cadecd5ecca021899f6e67349cefc43e,2019-02,Lancashire Constabulary,Lancashire Constabulary,-2.672552,53.768675,On or near Thompson Street,E01025296,Preston 014B,Vehicle crime,Status update unavailable,
61bc99fa2d08a0362f056edfad8a65132bf4669650c20979aeed62579ec5656c,2019-02,Lancashire Constabulary,Lancashire Constabulary,-2.671705,53.767844,On or near Miller Road,E01025296,Preston 014B,Violence and sexual offences,Status update unavailable,
90c50e6e5c1692808792cf9ea6525c836f1b74505dc5b5005edadd3817724afc,2019-02,Lancashire Constabulary,Lancashire Constabulary,-2.672093,53.769370,On or near Chaucer Street,E01025296,Preston 014B,Violence and sexual offences,Status update unavailable,
834bc7fd2c3bff08146942257528d3ed600c5b11ae3ed89bbfafb9f16e69ea2b,2019-02,Lancashire Constabulary,Lancashire Constabulary,-2.664486,53.766132,On or near Fermor Road,E01025296,Preston 014B,Violence and sexual offences,Unable to prosecute suspect,
5396b6738433f5c0280734c67a4e5a2ca9ce74e88639b98db4e62da7d8e8b904,2019-02,Lancashire Constabulary,Lancashire Constabulary,-2.664486,53.766132,On or near Fermor Road,E01025296,Preston 014B,Violence and sexual offences,Status update unavailable,
01d55bae41ca363f5a6230693a369493fe7ad51af98d181e9b46bff5ee018833,2019-02,Lancashire Constabulary,Lancashire Constabulary,-2.665848,53.765918,On or near Heaton Place,E01025296,Preston 014B,Violence and sexual offences,Status update unavailable,
58d3b6cde394ec847fa21bb89c6e867988b59b1c3bac306acf38060062f86b35,2019-02,Lancashire Constabulary,Lancashire Constabulary,-2.671291,53.769509,On or near Burns Street,E01025296,Preston 014B,Violence and sexual offences,Status update unavailable,
b77961a878d443ab099e35f19b604ad3af2debc37ff638b26e972390299e7ee5,2019-02,Lancashire Constabulary,Lancashire Constabulary,-2.671705,53.767844,On or near Miller Road,E01025296,Preston 014B,Violence and sexual offences,Status update unavailable,
,2019-02,Lancashire Constabulary,Lancashire Constabulary,-2.674105,53.765215,On or near Tunbridge Place,E01025297,Preston 014C,Anti-social behaviour,,
,2019-02,Lancashire Constabulary,Lancashire Constabulary,-2.680225,53.764695,On or near Wilbraham Street,E01025297,Preston 014C,Anti-social behaviour,,
,2019-02,Lancashire Constabulary,Lancashire Constabulary,-2.680225,53.764695,On or near Wilbraham Street,E01025297,Preston 014C,Anti-social behaviour,,
,2019-02,Lancashire Constabulary,Lancashire Constabulary,-2.679032,53.765008,On or near St Joseph'S Terrace,E01025297,Preston 014C,Anti-social behaviour,,
,2019-02,Lancashire Constabulary,Lancashire Constabulary,-2.680225,53.764695,On or near Wilbraham Street,E01025297,Preston 014C,Anti-social behaviour,,
3a58418131b59b60744560648996d74fb9b4fd8fa3e9e8e121a4ce2ec9eeda7b,2019-02,Lancashire Constabulary,Lancashire Constabulary,-2.676161,53.763837,On or near Derby Square,E01025297,Preston 014C,Bicycle theft,Status update unavailable,
2e5506734df580599adaf29b2b584aaf5ac1cfacf4e1efd2ad4441aef12049f9,2019-02,Lancashire Constabulary,Lancashire Constabulary,-2.680225,53.764695,On or near Wilbraham Street,E01025297,Preston 014C,Burglary,Status update unavailable,
45d79868e7bf529c2cbdb89361df6d3c4d8656c0ad103c0439ef8d3e08b31941,2019-02,Lancashire Constabulary,Lancashire Constabulary,-2.677970,53.764052,On or near Caroline Street,E01025297,Preston 014C,Burglary,Status update unavailable,
37985feb1f06912474e2e3846af3bf63d2b5d462a889f48bfeb0cabbbccc2527,2019-02,Lancashire Constabulary,Lancashire Constabulary,-2.677970,53.764052,On or near Caroline Street,E01025297,Preston 014C,Burglary,Status update unavailable,
71ec5d18c48d2e2afd7b5e8d603216916be1f66c8e13244b6fa0dd0be51e8712,2019-02,Lancashire Constabulary,Lancashire Constabulary,-2.675739,53.764945,On or near Delaware Street,E01025297,Preston 014C,Burglary,Status update unavailable,
1f5b725544c0f00ed0d2b5f7493331f52d548c671302df4d79553ee897ecc972,2019-02,Lancashire Constabulary,Lancashire Constabulary,-2.676288,53.764196,On or near Maitland Street,E01025297,Preston 014C,Burglary,Unable to prosecute suspect,
de36809b0d87b4fd554acf4e425ea53a3a7ed752f150918bf9e8335b0389fa52,2019-02,Lancashire Constabulary,Lancashire Constabulary,-2.673503,53.764572,On or near Tunbridge Street,E01025297,Preston 014C,Burglary,Status update unavailable,
b8583cade4166fa349d3a2896025e0ab1a62e557a7e959b62c831c558d1b351d,2019-02,Lancashire Constabulary,Lancashire Constabulary,-2.680123,53.765855,On or near Skeffington Road,E01025297,Preston 014C,Criminal damage and arson,Unable to prosecute suspect,
d813e6d9c6230ff0d16f8f15e2b9a6745b8ae3d83509867b54c4eaff86d200f6,2019-02,Lancashire Constabulary,Lancashire Constabulary,-2.680225,53.764695,On or near Wilbraham Street,E01025297,Preston 014C,Criminal damage and arson,Status update unavailable,
6951a0496b5b7b82ab49037024935fbb71c05444a0c8a52450ebb704b833af12,2019-02,Lancashire Constabulary,Lancashire Constabulary,-2.676161,53.763837,On or near Derby Square,E01025297,Preston 014C,Criminal damage and arson,Status update unavailable,
9c25044c3e4306901ea2ac64e4e4e354e9e514f02d5db80732c753bfec0a41bd,2019-02,Lancashire Constabulary,Lancashire Constabulary,-2.673503,53.764572,On or near Tunbridge Street,E01025297,Preston 014C,Criminal damage and arson,Status update unavailable,
593760538202c060066c6b88315039dfa3aec6175c2fb5829f7f6b2d9bf97bc9,2019-02,Lancashire Constabulary,Lancashire Constabulary,-2.680225,53.764695,On or near Wilbraham Street,E01025297,Preston 014C,Criminal damage and arson,Formal action is not in the public interest,
9f16c793c285985fe5a0f2f87d87dd1ec5222e63223b93e37d728399e2d8e04d,2019-02,Lancashire Constabulary,Lancashire Constabulary,-2.680123,53.765855,On or near Skeffington Road,E01025297,Preston 014C,Criminal damage and arson,Awaiting court outcome,
94082c2f22bed474b04b433686fbe3eceba7c1eda45fff9195498f482446c3fe,2019-02,Lancashire Constabulary,Lancashire Constabulary,-2.680225,53.764695,On or near Wilbraham Street,E01025297,Preston 014C,Criminal damage and arson,Status update unavailable,
dcf36a707ab6d453cad4e4c7f7bbef558bc19826bd90ee3c6f70b4e743c77dfa,2019-02,Lancashire Constabulary,Lancashire Constabulary,-2.674731,53.764547,On or near Salisbury Street,E01025297,Preston 014C,Drugs,Status update unavailable,
a97a9dc7a5610e06c3e95d392c7f877a02c4c55d9282fd76ffd64996329b48fc,2019-02,Lancashire Constabulary,Lancashire Constabulary,-2.680559,53.765646,On or near Bootle Street,E01025297,Preston 014C,Other theft,Status update unavailable,
83fb4c80c88208c442ec6df56e5e718fbbb60effa3a20e3f10c55a9dfb0101e1,2019-02,Lancashire Constabulary,Lancashire Constabulary,-2.680354,53.764173,On or near Geoffrey Street,E01025297,Preston 014C,Other theft,Status update unavailable,
292fef7a4d2b2728e05e752b6c7b90cc1ea2fdf1a5bed55e2ce04175b6ba4057,2019-02,Lancashire Constabulary,Lancashire Constabulary,-2.679610,53.766029,On or near Fitzgerald Street,E01025297,Preston 014C,Other theft,Status update unavailable,
b333cf1f58d10b82c23e68d1c32b93af68cf6dd2c3e38d4ad934917604c07177,2019-02,Lancashire Constabulary,Lancashire Constabulary,-2.680046,53.763007,On or near Owtram Street,E01025297,Preston 014C,Other theft,Status update unavailable,
a270396674f4b0d72ec979b842cc4544e4a125e6a6ce042fbde9450557da8749,2019-02,Lancashire Constabulary,Lancashire Constabulary,-2.680559,53.765646,On or near Bootle Street,E01025297,Preston 014C,Public order,Awaiting court outcome,
74c2414776a02f3da1c6c407d9fda76be54b807b241c9e64323309c19bb7322f,2019-02,Lancashire Constabulary,Lancashire Constabulary,-2.676161,53.763837,On or near Derby Square,E01025297,Preston 014C,Public order,Unable to prosecute suspect,
dba23eeb89850fd2a9ebdd66dea5115bef8a155a0af96b1f986820b4e2969084,2019-02,Lancashire Constabulary,Lancashire Constabulary,-2.676288,53.764196,On or near Maitland Street,E01025297,Preston 014C,Public order,Status update unavailable,
1fab546743d6f76f28adba0777cbd8e21f4e9b668a6e6ea808fe507f2c4fc67e,2019-02,Lancashire Constabulary,Lancashire Constabulary,-2.680046,53.763007,On or near Owtram Street,E01025297,Preston 014C,Public order,Status update unavailable,
d42336b251e06016ab2bc0fcd71287e155fd824a36ce5fb426e46056b1d7d966,2019-02,Lancashire Constabulary,Lancashire Constabulary,-2.680559,53.765646,On or near Bootle Street,E01025297,Preston 014C,Public order,Further investigation is not in the public interest,
1c839ad2411e5e5390417bc1956bbb7354d788803aac356a60240fa339fe042f,2019-02,Lancashire Constabulary,Lancashire Constabulary,-2.680046,53.763007,On or near Owtram Street,E01025297,Preston 014C,Public order,Status update unavailable,
e792dcdeb3b5f585941396326ecaa7f2f278eb7c4c307ac4384a555e9962d38a,2019-02,Lancashire Constabulary,Lancashire Constabulary,-2.677970,53.764052,On or near Caroline Street,E01025297,Preston 014C,Public order,Unable to prosecute suspect,
57414f541d60406a40ff135a9ce70c27241f716ed30ec175315739f18c09f163,2019-02,Lancashire Constabulary,Lancashire Constabulary,-2.675354,53.765532,On or near Taunton Street,E01025297,Preston 014C,Vehicle crime,Unable to prosecute suspect,
28d4819b22deef2df95ad707180f775a926f8720781bd8128093af35402b85b2,2019-02,Lancashire Constabulary,Lancashire Constabulary,-2.680559,53.765646,On or near Bootle Street,E01025297,Preston 014C,Vehicle crime,Status update unavailable,
79602ec1db503ad598f4ff82af9146b832f7094be994f464f958e685e15b0e81,2019-02,Lancashire Constabulary,Lancashire Constabulary,-2.680559,53.765646,On or near Bootle Street,E01025297,Preston 014C,Vehicle crime,Status update unavailable,
bb5210c0909e71a50de062631c235bc52501a5a26a497909636a0f63ee53a277,2019-02,Lancashire Constabulary,Lancashire Constabulary,-2.680046,53.763007,On or near Owtram Street,E01025297,Preston 014C,Vehicle crime,Status update unavailable,
8879f69b5ec6fa4caec33fce04a9cde5f9b44025997be4477120b1518fabca65,2019-02,Lancashire Constabulary,Lancashire Constabulary,-2.680559,53.765646,On or near Bootle Street,E01025297,Preston 014C,Vehicle crime,Status update unavailable,
af4d579ab7cf643ced84d32b4a75ac831e0febf3fdb74f377ba453ddf0be3001,2019-02,Lancashire Constabulary,Lancashire Constabulary,-2.680225,53.764695,On or near Wilbraham Street,E01025297,Preston 014C,Violence and sexual offences,Unable to prosecute suspect,
84048a9d68d12faf1b3ec9510153195b239285494f2f4e6f1863890b7171db93,2019-02,Lancashire Constabulary,Lancashire Constabulary,-2.680225,53.764695,On or near Wilbraham Street,E01025297,Preston 014C,Violence and sexual offences,Unable to prosecute suspect,
f6087f7dd0637a07d81d5246c97a39ce0075880c6edb5a417ea23bf75633249f,2019-02,Lancashire Constabulary,Lancashire Constabulary,-2.674731,53.764547,On or near Salisbury Street,E01025297,Preston 014C,Violence and sexual offences,Awaiting court outcome,
aeaf07d39d2a73c225a8edb42dea9fae4f740ee862f866e568bb2c4c4bc07516,2019-02,Lancashire Constabulary,Lancashire Constabulary,-2.677970,53.764052,On or near Caroline Street,E01025297,Preston 014C,Violence and sexual offences,Unable to prosecute suspect,
e69f0f1b85aa0b6f7a318371813a23c8e97f80b0d2be74c8949e0386b233b57f,2019-02,Lancashire Constabulary,Lancashire Constabulary,-2.677970,53.764052,On or near Caroline Street,E01025297,Preston 014C,Violence and sexual offences,Awaiting court outcome,
65c2df2afd6b6446d8e18332022381e34813e27182b560f1578f1e0fdb4f0f76,2019-02,Lancashire Constabulary,Lancashire Constabulary,-2.680225,53.764695,On or near Wilbraham Street,E01025297,Preston 014C,Violence and sexual offences,Unable to prosecute suspect,
cdcf6c4dc625f68bc08f3a44e1238d5af5eff8615701b05243debc798e02862d,2019-02,Lancashire Constabulary,Lancashire Constabulary,-2.680225,53.764695,On or near Wilbraham Street,E01025297,Preston 014C,Violence and sexual offences,Status update unavailable,
4155c5157107cd472829737aa5bacaaadce351fa75f8611ebfe97c76163efe2c,2019-02,Lancashire Constabulary,Lancashire Constabulary,-2.680225,53.764695,On or near Wilbraham Street,E01025297,Preston 014C,Violence and sexual offences,Unable to prosecute suspect,
5c9a74920faf2b1629a1ed0a1f062a4b44a02ca6032aa4cc0d3384a51fe5f4c0,2019-02,Lancashire Constabulary,Lancashire Constabulary,-2.672463,53.765018,On or near Oxley Road,E01025297,Preston 014C,Violence and sexual offences,Status update unavailable,
ee4d0002c18f124a0b82ecfce4a51fd6b85449c796ab800e3124d8c5d9a9b6a5,2019-02,Lancashire Constabulary,Lancashire Constabulary,-2.673503,53.764572,On or near Tunbridge Street,E01025297,Preston 014C,Violence and sexual offences,Status update unavailable,
bff2446dc2a5e13783025704edfe807232267362644050f616bd66da7bfc966a,2019-02,Lancashire Constabulary,Lancashire Constabulary,-2.673503,53.764572,On or near Tunbridge Street,E01025297,Preston 014C,Violence and sexual offences,Status update unavailable,
d86d987e07784e509aedbeb1b423f35188d834b28c1ba36629ad7bb8e350058a,2019-02,Lancashire Constabulary,Lancashire Constabulary,-2.680225,53.764695,On or near Wilbraham Street,E01025297,Preston 014C,Violence and sexual offences,Unable to prosecute suspect,
975f34fc412cdcbc9d796080d5e2c6fcab45e27c5996b30a6d3e6c947debdbce,2019-02,Lancashire Constabulary,Lancashire Constabulary,-2.680225,53.764695,On or near Wilbraham Street,E01025297,Preston 014C,Violence and sexual offences,Status update unavailable,
62ff46196981c29a65b49066c393886b8f84449b82d0970494025d4b12b953f2,2019-02,Lancashire Constabulary,Lancashire Constabulary,-2.681968,53.763616,On or near Park/Open Space,E01025297,Preston 014C,Violence and sexual offences,Unable to prosecute suspect,
85aee2c935b5ac330025932632aff9798de1c1cabb4b9c1425c8dc1d230f74fd,2019-02,Lancashire Constabulary,Lancashire Constabulary,-2.680225,53.764695,On or near Wilbraham Street,E01025297,Preston 014C,Violence and sexual offences,Unable to prosecute suspect,
d64502872d02453b40b2014f39cdb93221cdfcf4a5c9c44e827088d426d1b75e,2019-02,Lancashire Constabulary,Lancashire Constabulary,-2.680225,53.764695,On or near Wilbraham Street,E01025297,Preston 014C,Violence and sexual offences,Unable to prosecute suspect,
906670d6c8ef48adef44eb02ce5e4d9a15794f352b977e7ab707b02b5f40240b,2019-02,Lancashire Constabulary,Lancashire Constabulary,-2.676288,53.764196,On or near Maitland Street,E01025297,Preston 014C,Violence and sexual offences,Unable to prosecute suspect,
e0d60999e3c7596231c56cb3201fcc7c9b38457e8c0d4036c4a20d16f6ef0b2d,2019-02,Lancashire Constabulary,Lancashire Constabulary,-2.681968,53.763616,On or near Park/Open Space,E01025297,Preston 014C,Violence and sexual offences,Status update unavailable,
b8e1de52fd9aa724aba94bb47036b8bfcf97b10bdf231e2858736a5669825a78,2019-02,Lancashire Constabulary,Lancashire Constabulary,-2.674105,53.765215,On or near Tunbridge Place,E01025297,Preston 014C,Violence and sexual offences,Unable to prosecute suspect,
d335c2564c90b2c3bf00cad923748db1008db3a90aff578a65397a7702701bc4,2019-02,Lancashire Constabulary,Lancashire Constabulary,-2.674105,53.765215,On or near Tunbridge Place,E01025297,Preston 014C,Violence and sexual offences,Unable to prosecute suspect,
5dec7841159dac171ab5f7377f57c9ce63d632eb3952c9dd106a72d6cd97782a,2019-02,Lancashire Constabulary,Lancashire Constabulary,-2.677970,53.764052,On or near Caroline Street,E01025297,Preston 014C,Violence and sexual offences,Formal action is not in the public interest,
7e034a168e099055a732fc3d4b166f6d6f325c8041e496a94ad4c384d4a316e8,2019-02,Lancashire Constabulary,Lancashire Constabulary,-2.674105,53.765215,On or near Tunbridge Place,E01025297,Preston 014C,Violence and sexual offences,Status update unavailable,
,2019-02,Lancashire Constabulary,Lancashire Constabulary,-2.680457,53.766824,On or near Holman Street,E01025298,Preston 014D,Anti-social behaviour,,
,2019-02,Lancashire Constabulary,Lancashire Constabulary,-2.675955,53.767029,On or near Alston Street,E01025298,Preston 014D,Anti-social behaviour,,
,2019-02,Lancashire Constabulary,Lancashire Constabulary,-2.679584,53.767243,On or near Collinson Street,E01025298,Preston 014D,Anti-social behaviour,,
,2019-02,Lancashire Constabulary,Lancashire Constabulary,-2.675955,53.767029,On or near Alston Street,E01025298,Preston 014D,Anti-social behaviour,,
,2019-02,Lancashire Constabulary,Lancashire Constabulary,-2.680457,53.766824,On or near Holman Street,E01025298,Preston 014D,Anti-social behaviour,,
,2019-02,Lancashire Constabulary,Lancashire Constabulary,-2.677151,53.768793,On or near Thorn Street,E01025298,Preston 014D,Anti-social behaviour,,
,2019-02,Lancashire Constabulary,Lancashire Constabulary,-2.678079,53.767970,On or near Ansdell Street,E01025298,Preston 014D,Anti-social behaviour,,
,2019-02,Lancashire Constabulary,Lancashire Constabulary,-2.679584,53.767243,On or near Collinson Street,E01025298,Preston 014D,Anti-social behaviour,,
,2019-02,Lancashire Constabulary,Lancashire Constabulary,-2.679584,53.767243,On or near Collinson Street,E01025298,Preston 014D,Anti-social behaviour,,
,2019-02,Lancashire Constabulary,Lancashire Constabulary,-2.677861,53.765778,On or near Cemetery Road,E01025298,Preston 014D,Anti-social behaviour,,
,2019-02,Lancashire Constabulary,Lancashire Constabulary,-2.680457,53.766824,On or near Holman Street,E01025298,Preston 014D,Anti-social behaviour,,
,2019-02,Lancashire Constabulary,Lancashire Constabulary,-2.679584,53.767243,On or near Collinson Street,E01025298,Preston 014D,Anti-social behaviour,,
0e48a62bef5497ed5861a80f0800fbb92e49228ee64b1042686a8c5079e9c22e,2019-02,Lancashire Constabulary,Lancashire Constabulary,-2.678079,53.767970,On or near Ansdell Street,E01025298,Preston 014D,Burglary,Status update unavailable,
0eb329e0fa3054ae862d07f001bba46ca58259d96d5c4aedc75053fe32c4ed8a,2019-02,Lancashire Constabulary,Lancashire Constabulary,-2.679208,53.767425,On or near Eccles Street,E01025298,Preston 014D,Drugs,Awaiting court outcome,
2301b6b697e732e6eeed3a76399c01de45f8b6c73d268044bf922556319289d2,2019-02,Lancashire Constabulary,Lancashire Constabulary,-2.678761,53.767032,On or near Petrol Station,E01025298,Preston 014D,Other theft,Status update unavailable,
008c25cec13d8f518ac48d8b25c690637a4abf82533e9aa82c66e498e45ef181,2019-02,Lancashire Constabulary,Lancashire Constabulary,-2.679208,53.767425,On or near Eccles Street,E01025298,Preston 014D,Other theft,Status update unavailable,
889857c27b02e98be34241fb68eb2be755ab7294ab5434d7c459874e96a8a8e5,2019-02,Lancashire Constabulary,Lancashire Constabulary,-2.681518,53.768652,On or near Dodgson Place,E01025298,Preston 014D,Public order,Status update unavailable,
c9cde7ff72126f82edfb549914aef0236186066371fcb0f3af76970a617879fe,2019-02,Lancashire Constabulary,Lancashire Constabulary,-2.680457,53.766824,On or near Holman Street,E01025298,Preston 014D,Public order,Status update unavailable,
c20b3172a45a95e94070bb12cad7e68de041f1aea6ac93224b37a7f35e1c8a22,2019-02,Lancashire Constabulary,Lancashire Constabulary,-2.679208,53.767425,On or near Eccles Street,E01025298,Preston 014D,Shoplifting,Status update unavailable,
28db7322121df63f8b7e650d80f04a0eb21dde1c3da98543c87e985156c1ebfe,2019-02,Lancashire Constabulary,Lancashire Constabulary,-2.677861,53.765778,On or near Cemetery Road,E01025298,Preston 014D,Violence and sexual offences,Unable to prosecute suspect,
f4c2b4f97251d6cde7088695d5c2f2214340731f0ff0b5eb26dc1454cfbb03e1,2019-02,Lancashire Constabulary,Lancashire Constabulary,-2.680457,53.766824,On or near Holman Street,E01025298,Preston 014D,Violence and sexual offences,Status update unavailable,
13a72f8bd5dc3dafd51eec8394d443636b93e8be239f9ad01c140b4b9f1b8541,2019-02,Lancashire Constabulary,Lancashire Constabulary,-2.679208,53.767425,On or near Eccles Street,E01025298,Preston 014D,Violence and sexual offences,Local resolution,
f5b3612c2c9c633a409674674895ea278d21c6643da2eb21abc3d7509a12b26d,2019-02,Lancashire Constabulary,Lancashire Constabulary,-2.676817,53.767816,On or near Crompton Street,E01025298,Preston 014D,Violence and sexual offences,Status update unavailable,
0f586f95741beaeb002107b4795b9272d2cb7cb2bc9037c06311fea4035941fc,2019-02,Lancashire Constabulary,Lancashire Constabulary,-2.675689,53.768424,On or near Cecilia Street,E01025298,Preston 014D,Violence and sexual offences,Status update unavailable,
2df402ea6369fd0b5e56fd980c9c99948d591c5a6c396462efbf42f8d0871c76,2019-02,Lancashire Constabulary,Lancashire Constabulary,-2.677989,53.768986,On or near West View,E01025298,Preston 014D,Violence and sexual offences,Offender given a caution,
8ed80fd2494abe586ca096bbf306ada088c8360a6a6da3c9389cc7425d5c4843,2019-02,Lancashire Constabulary,Lancashire Constabulary,-2.675689,53.768424,On or near Cecilia Street,E01025298,Preston 014D,Other crime,Status update unavailable,
,2019-02,Lancashire Constabulary,Lancashire Constabulary,-2.690077,53.768747,On or near Goldfinch Street,E01025244,Preston 015A,Anti-social behaviour,,
,2019-02,Lancashire Constabulary,Lancashire Constabulary,-2.690608,53.767845,On or near Dove Street,E01025244,Preston 015A,Anti-social behaviour,,
,2019-02,Lancashire Constabulary,Lancashire Constabulary,-2.687542,53.767737,On or near Castleton Road,E01025244,Preston 015A,Anti-social behaviour,,
e5f1e31626d09825271c188c23200e41795568bc52956274acaa78967443421d,2019-02,Lancashire Constabulary,Lancashire Constabulary,-2.694812,53.767020,On or near Suffolk Road,E01025244,Preston 015A,Criminal damage and arson,Status update unavailable,
81f4a0674b6ce5c26e2d03ce5a6c3b1a0934f20ffc08919f3d594e1cd8026c7d,2019-02,Lancashire Constabulary,Lancashire Constabulary,-2.693791,53.766775,On or near Burrow Road,E01025244,Preston 015A,Criminal damage and arson,Status update unavailable,
695a084dd436d0e8e3e71fc34fc672d3dfe519cf5f77e51fc3a5c9121a36e872,2019-02,Lancashire Constabulary,Lancashire Constabulary,-2.687542,53.767737,On or near Castleton Road,E01025244,Preston 015A,Vehicle crime,Status update unavailable,
080d3a75629afa3c9d22edaa4771284c2fda14f2f104bef86f1f3c7007e1f325,2019-02,Lancashire Constabulary,Lancashire Constabulary,-2.688131,53.768506,On or near Holmrook Road,E01025244,Preston 015A,Vehicle crime,Status update unavailable,
8160cac372c1cda046eec8b7a64cbd94c39fd333b88004b6d00ef01652c07172,2019-02,Lancashire Constabulary,Lancashire Constabulary,-2.693132,53.767255,On or near Nottingham Road,E01025244,Preston 015A,Vehicle crime,Status update unavailable,
915d386fc810f188730629337cec2fdc0e8a426a7f3778f7925f09c33ad223a4,2019-02,Lancashire Constabulary,Lancashire Constabulary,-2.688152,53.768902,On or near Linnet Street,E01025244,Preston 015A,Violence and sexual offences,Status update unavailable,
7ec56ab81ca2f7ec3b86968b7b716d253ca66f90054d399beeae91d0fbbdd7db,2019-02,Lancashire Constabulary,Lancashire Constabulary,-2.694812,53.767020,On or near Suffolk Road,E01025244,Preston 015A,Violence and sexual offences,Status update unavailable,
,2019-02,Lancashire Constabulary,Lancashire Constabulary,-2.706524,53.766107,On or near Victoria Street,E01025292,Preston 015B,Anti-social behaviour,,
,2019-02,Lancashire Constabulary,Lancashire Constabulary,-2.706776,53.766654,On or near Ashmoor Street,E01025292,Preston 015B,Anti-social behaviour,,
,2019-02,Lancashire Constabulary,Lancashire Constabulary,-2.704098,53.763479,On or near Warwick Street,E01025292,Preston 015B,Anti-social behaviour,,
,2019-02,Lancashire Constabulary,Lancashire Constabulary,-2.698795,53.768453,On or near Rye Street,E01025292,Preston 015B,Anti-social behaviour,,
,2019-02,Lancashire Constabulary,Lancashire Constabulary,-2.706087,53.762667,On or near Fylde Street,E01025292,Preston 015B,Anti-social behaviour,,
,2019-02,Lancashire Constabulary,Lancashire Constabulary,-2.699337,53.769987,On or near Milner Street,E01025292,Preston 015B,Anti-social behaviour,,
,2019-02,Lancashire Constabulary,Lancashire Constabulary,-2.701923,53.764031,On or near Atkinson Close,E01025292,Preston 015B,Anti-social behaviour,,
,2019-02,Lancashire Constabulary,Lancashire Constabulary,-2.698795,53.768453,On or near Rye Street,E01025292,Preston 015B,Anti-social behaviour,,
,2019-02,Lancashire Constabulary,Lancashire Constabulary,-2.703836,53.766860,On or near Thorpe Close,E01025292,Preston 015B,Anti-social behaviour,,
,2019-02,Lancashire Constabulary,Lancashire Constabulary,-2.704664,53.765570,On or near Moor Lane,E01025292,Preston 015B,Anti-social behaviour,,
,2019-02,Lancashire Constabulary,Lancashire Constabulary,-2.706087,53.762667,On or near Fylde Street,E01025292,Preston 015B,Anti-social behaviour,,
,2019-02,Lancashire Constabulary,Lancashire Constabulary,-2.698573,53.768769,On or near Leicester Road,E01025292,Preston 015B,Anti-social behaviour,,
,2019-02,Lancashire Constabulary,Lancashire Constabulary,-2.706776,53.766654,On or near Ashmoor Street,E01025292,Preston 015B,Anti-social behaviour,,
9699094ad82e8ea6d2039d657b39a07fdf92cfc22b8ec34b74f76f1880a97974,2019-02,Lancashire Constabulary,Lancashire Constabulary,-2.703902,53.766266,On or near Appleby Street,E01025292,Preston 015B,Bicycle theft,Status update unavailable,
0ea424fb13ed87fedaafbeb5879781f8bdb7eeb787af279145a4ce03b1b30f74,2019-02,Lancashire Constabulary,Lancashire Constabulary,-2.703836,53.766860,On or near Thorpe Close,E01025292,Preston 015B,Bicycle theft,Status update unavailable,
cb85146f437b154924a7c8dd365aebbf236332595f831b70840ee8dc7b02b2cb,2019-02,Lancashire Constabulary,Lancashire Constabulary,-2.698573,53.768769,On or near Leicester Road,E01025292,Preston 015B,Bicycle theft,Status update unavailable,
449a2703bbf9115b6ab9c5b9458c6e2f10b42fc4d0589733928c12b0497871ea,2019-02,Lancashire Constabulary,Lancashire Constabulary,-2.699696,53.764206,On or near Melling Street,E01025292,Preston 015B,Burglary,Status update unavailable,
89229ff2cb9037caf8d95b89b67bb9f53bc1fe3ed216be48511fa7f640ca5ede,2019-02,Lancashire Constabulary,Lancashire Constabulary,-2.703902,53.766266,On or near Appleby Street,E01025292,Preston 015B,Burglary,Status update unavailable,
6d5426c5dfcaa1ff0e47e93dd9e44b803650609d85fbc6f3f1f1c501ec00f2dd,2019-02,Lancashire Constabulary,Lancashire Constabulary,-2.702325,53.769017,On or near St George'S Road,E01025292,Preston 015B,Burglary,Status update unavailable,
067b9d8cd5e685a9bb238aef1049bc674e7326515fc2c1c6e151ba2d796a3e43,2019-02,Lancashire Constabulary,Lancashire Constabulary,-2.698573,53.768769,On or near Leicester Road,E01025292,Preston 015B,Burglary,Status update unavailable,
ac3995f7c8fb1c59d59183e5fdd14cc3352132c0f089ec51b5b5aa0bba3fd919,2019-02,Lancashire Constabulary,Lancashire Constabulary,-2.701037,53.767344,On or near Frank Street,E01025292,Preston 015B,Burglary,Status update unavailable,
fd62a4262456c08c351808911654ecd022e97a0cb79247e90bea6d58e98ce7df,2019-02,Lancashire Constabulary,Lancashire Constabulary,-2.705946,53.763306,On or near Adelphi Place,E01025292,Preston 015B,Burglary,Status update unavailable,
08078db5862ca415610589390de2898715329198429a9188bdd2d1913ef22ea1,2019-02,Lancashire Constabulary,Lancashire Constabulary,-2.701923,53.764031,On or near Atkinson Close,E01025292,Preston 015B,Drugs,Further investigation is not in the public interest,
6dad8bb9ea5a1333a911745c052cb64f3a551cfb32c08758480034d707bc49a2,2019-02,Lancashire Constabulary,Lancashire Constabulary,-2.701923,53.764031,On or near Atkinson Close,E01025292,Preston 015B,Drugs,Unable to prosecute suspect,
f8228df109007e9d51203efd7b92c89cde7dc2dd0914cbee739f4a86e98c44cc,2019-02,Lancashire Constabulary,Lancashire Constabulary,-2.701923,53.764031,On or near Atkinson Close,E01025292,Preston 015B,Drugs,Status update unavailable,
72e22e686589414d36cdf71a85d1ea4c85ec5e9de4954a05f1b0fa6ae94f497e,2019-02,Lancashire Constabulary,Lancashire Constabulary,-2.706087,53.762667,On or near Fylde Street,E01025292,Preston 015B,Other theft,Status update unavailable,
1bc410208507b83e29930d773dcab0878b49a88d0a349f66a00fb77ca46a0176,2019-02,Lancashire Constabulary,Lancashire Constabulary,-2.698573,53.768769,On or near Leicester Road,E01025292,Preston 015B,Other theft,Status update unavailable,
1e5039a6735ef087467c32b93aae6f738841905d302bc01de3da409f625ea58f,2019-02,Lancashire Constabulary,Lancashire Constabulary,-2.700613,53.765567,On or near North Road,E01025292,Preston 015B,Other theft,Status update unavailable,
36b1a3432ec18734b7911d11c16967694e0553436380a3e65f2aca7e6521320d,2019-02,Lancashire Constabulary,Lancashire Constabulary,-2.698573,53.768769,On or near Leicester Road,E01025292,Preston 015B,Other theft,Status update unavailable,
709500948f3910f58e5c3fc85abc19f97940762b280dfade422e45b8d7af10cd,2019-02,Lancashire Constabulary,Lancashire Constabulary,-2.701240,53.764916,On or near Fish Street,E01025292,Preston 015B,Other theft,Unable to prosecute suspect,
8fd1171a8fa6c1a1d55763a184c061e1dc1c968fa80f5d044e229d1514a4e6e8,2019-02,Lancashire Constabulary,Lancashire Constabulary,-2.706087,53.762667,On or near Fylde Street,E01025292,Preston 015B,Public order,Status update unavailable,
b98fb6261992d82532bc3f2cb40152dc1df593dcc919d590e6f80dacda982be9,2019-02,Lancashire Constabulary,Lancashire Constabulary,-2.703902,53.766266,On or near Appleby Street,E01025292,Preston 015B,Public order,Unable to prosecute suspect,
802b8aac92c81fc70a9d2b8c9f9f552b8782402dfb3dffc89cce0447af9de209,2019-02,Lancashire Constabulary,Lancashire Constabulary,-2.705832,53.763747,On or near St Peter'S Street,E01025292,Preston 015B,Public order,Unable to prosecute suspect,
2042420d814727a4508570c063fa8f5913a3fdc5a3596b0c6f8e13dd97c5f778,2019-02,Lancashire Constabulary,Lancashire Constabulary,-2.700613,53.765567,On or near North Road,E01025292,Preston 015B,Shoplifting,Offender given conditional discharge,
7e32a836faeaf9847884c9b484e7158fd6839bfc3d761a24261ab125282dd9f9,2019-02,Lancashire Constabulary,Lancashire Constabulary,-2.699337,53.769987,On or near Milner Street,E01025292,Preston 015B,Violence and sexual offences,Offender given a caution,
9fbefd155e51b130b23b5d37e7fee0e32cbad4dc42e3f0889dcd639f662aaa37,2019-02,Lancashire Constabulary,Lancashire Constabulary,-2.701923,53.764031,On or near Atkinson Close,E01025292,Preston 015B,Violence and sexual offences,Offender given a caution,
fb535e6888aeffb5b926bddb0ff6eb1878bf0a0aa2903816623dae16838a4e23,2019-02,Lancashire Constabulary,Lancashire Constabulary,-2.698795,53.768453,On or near Rye Street,E01025292,Preston 015B,Violence and sexual offences,Unable to prosecute suspect,
46eabd57ee530bfc7da8c20bd99e6a78924fa5758e0e016398dda1480f74ca10,2019-02,Lancashire Constabulary,Lancashire Constabulary,-2.706087,53.762667,On or near Fylde Street,E01025292,Preston 015B,Violence and sexual offences,Unable to prosecute suspect,
2c863545a0034c0c2b8ae0dd2c302e2826b31121abfbe84c8a7452fa2bdbede7,2019-02,Lancashire Constabulary,Lancashire Constabulary,-2.697957,53.769105,On or near St George'S Road,E01025292,Preston 015B,Violence and sexual offences,Unable to prosecute suspect,
86c5f4fcb58b190c9be01174a23655240af886de0f5f6653f62a6993aa53efec,2019-02,Lancashire Constabulary,Lancashire Constabulary,-2.704664,53.765570,On or near Moor Lane,E01025292,Preston 015B,Violence and sexual offences,Status update unavailable,
8791caeadb4ca08ffa28052a955c1a4d2eb5c14f5240978484bcd4c8463d98f3,2019-02,Lancashire Constabulary,Lancashire Constabulary,-2.704664,53.765570,On or near Moor Lane,E01025292,Preston 015B,Violence and sexual offences,Status update unavailable,
f8413de7a0ab7fcd43c49c48480691fef131892be0227f8e8856857336003ef2,2019-02,Lancashire Constabulary,Lancashire Constabulary,-2.697605,53.768955,On or near Varley Street,E01025292,Preston 015B,Violence and sexual offences,Unable to prosecute suspect,
fa892029ba82c514e2f57f84f4d520105d57d6c1048887432c4731bd51bdf6eb,2019-02,Lancashire Constabulary,Lancashire Constabulary,-2.705832,53.763747,On or near St Peter'S Street,E01025292,Preston 015B,Violence and sexual offences,Unable to prosecute suspect,
05bb505635e3d6c77b66fcf6af32785adbab85f307fba51d5d2642ce01e93e8a,2019-02,Lancashire Constabulary,Lancashire Constabulary,-2.704098,53.763479,On or near Warwick Street,E01025292,Preston 015B,Violence and sexual offences,Unable to prosecute suspect,
4d25f31fea4da49843ef1f196586adc993f53dd803b392e06803f640e24dfb62,2019-02,Lancashire Constabulary,Lancashire Constabulary,-2.701240,53.764916,On or near Fish Street,E01025292,Preston 015B,Violence and sexual offences,Unable to prosecute suspect,
0620ce9d5e2ebd962c208e0844905b6fc35091418ab01114b22e9a0642f31af1,2019-02,Lancashire Constabulary,Lancashire Constabulary,-2.706087,53.762667,On or near Fylde Street,E01025292,Preston 015B,Violence and sexual offences,Unable to prosecute suspect,
071a8119802e3b3dd8303cbf210566fa06d0ec9805f4369b91a29db36873a47f,2019-02,Lancashire Constabulary,Lancashire Constabulary,-2.705946,53.763306,On or near Adelphi Place,E01025292,Preston 015B,Violence and sexual offences,Unable to prosecute suspect,
413162e65b9d18ec34bf10b385282824c2ddbd6920c15b48f9950d22033f7af2,2019-02,Lancashire Constabulary,Lancashire Constabulary,-2.706087,53.762667,On or near Fylde Street,E01025292,Preston 015B,Violence and sexual offences,Unable to prosecute suspect,
36c8504f97640ec79ae4cf85eb0e1de6f076f97dfcfd33a8db18c9aa0b10dbca,2019-02,Lancashire Constabulary,Lancashire Constabulary,-2.698573,53.768769,On or near Leicester Road,E01025292,Preston 015B,Violence and sexual offences,Unable to prosecute suspect,
8511e2aa83b7acb848e744eb842ae9dffd13dcc7dd182776d01c1a7524efefb1,2019-02,Lancashire Constabulary,Lancashire Constabulary,-2.699337,53.769987,On or near Milner Street,E01025292,Preston 015B,Other crime,Status update unavailable,
,2019-02,Lancashire Constabulary,Lancashire Constabulary,-2.694821,53.762949,On or near Egan Street,E01025293,Preston 015C,Anti-social behaviour,,
,2019-02,Lancashire Constabulary,Lancashire Constabulary,-2.693466,53.763568,On or near Jutland Street,E01025293,Preston 015C,Anti-social behaviour,,
,2019-02,Lancashire Constabulary,Lancashire Constabulary,-2.690741,53.762092,On or near Edmund Street,E01025293,Preston 015C,Anti-social behaviour,,
,2019-02,Lancashire Constabulary,Lancashire Constabulary,-2.690741,53.762092,On or near Edmund Street,E01025293,Preston 015C,Anti-social behaviour,,
,2019-02,Lancashire Constabulary,Lancashire Constabulary,-2.690741,53.762092,On or near Edmund Street,E01025293,Preston 015C,Anti-social behaviour,,
,2019-02,Lancashire Constabulary,Lancashire Constabulary,-2.693839,53.765984,On or near Stanleyfield Close,E01025293,Preston 015C,Anti-social behaviour,,
,2019-02,Lancashire Constabulary,Lancashire Constabulary,-2.694821,53.762949,On or near Egan Street,E01025293,Preston 015C,Anti-social behaviour,,
,2019-02,Lancashire Constabulary,Lancashire Constabulary,-2.694821,53.762949,On or near Egan Street,E01025293,Preston 015C,Anti-social behaviour,,
,2019-02,Lancashire Constabulary,Lancashire Constabulary,-2.695877,53.764444,On or near Shaw Street,E01025293,Preston 015C,Anti-social behaviour,,
,2019-02,Lancashire Constabulary,Lancashire Constabulary,-2.694821,53.762949,On or near Egan Street,E01025293,Preston 015C,Anti-social behaviour,,
,2019-02,Lancashire Constabulary,Lancashire Constabulary,-2.694821,53.762949,On or near Egan Street,E01025293,Preston 015C,Anti-social behaviour,,
,2019-02,Lancashire Constabulary,Lancashire Constabulary,-2.694821,53.762949,On or near Egan Street,E01025293,Preston 015C,Anti-social behaviour,,
,2019-02,Lancashire Constabulary,Lancashire Constabulary,-2.690796,53.762666,On or near Driscoll Street,E01025293,Preston 015C,Anti-social behaviour,,
e967fc87b56176bf75dee6b8a20a6ee44bb7cdb52977d76b281873249d166333,2019-02,Lancashire Constabulary,Lancashire Constabulary,-2.693044,53.763750,On or near Schleswig Street,E01025293,Preston 015C,Burglary,Status update unavailable,
65b71f39e82a9e7ffa6d0778c54fa1e30348fd745ff4ad21b99cb53893a26046,2019-02,Lancashire Constabulary,Lancashire Constabulary,-2.693839,53.765984,On or near Stanleyfield Close,E01025293,Preston 015C,Burglary,Status update unavailable,
d77a8e567542eb9d5d70360613e48b25096f9f5f85460429c2fdb7a757176581,2019-02,Lancashire Constabulary,Lancashire Constabulary,-2.692021,53.762444,On or near South Meadow Street,E01025293,Preston 015C,Burglary,Status update unavailable,
a6c6fe52cf2c1203cffd58f2b6574ebd88503b7e60b16a3ce9c90c419e8011e5,2019-02,Lancashire Constabulary,Lancashire Constabulary,-2.694821,53.762949,On or near Egan Street,E01025293,Preston 015C,Burglary,Status update unavailable,
bda6d525b9922ce4e43a97592d42c3ae2c3c40da25ae181016704b8cd3fc59c3,2019-02,Lancashire Constabulary,Lancashire Constabulary,-2.690741,53.762092,On or near Edmund Street,E01025293,Preston 015C,Burglary,Status update unavailable,
f2fbd63db8572e62805318ded9d2aab324484a1e72d9089ffdc39759cc07641e,2019-02,Lancashire Constabulary,Lancashire Constabulary,-2.693601,53.765338,On or near Stanleyfield Road,E01025293,Preston 015C,Burglary,Status update unavailable,
5b6cda65be49992a2fcfed13daf4f3b2ebe01fc2bbc0ef825f09a0445196feea,2019-02,Lancashire Constabulary,Lancashire Constabulary,-2.690741,53.762092,On or near Edmund Street,E01025293,Preston 015C,Criminal damage and arson,Unable to prosecute suspect,
bf65346e79f704142419b6bd433089f825a914ef22bb53ff09573c281b212cc3,2019-02,Lancashire Constabulary,Lancashire Constabulary,-2.693184,53.767650,On or near Argyll Road,E01025293,Preston 015C,Criminal damage and arson,Status update unavailable,
7fd7e99a21865c409774800899c01510db3d2709b9419a54cec0d3d60209f87a,2019-02,Lancashire Constabulary,Lancashire Constabulary,-2.693184,53.767650,On or near Argyll Road,E01025293,Preston 015C,Criminal damage and arson,Unable to prosecute suspect,
0e3bf7d8a62e485fe33e2a56f4cc12889236d89bcb34a3ef24c08b3dd9b614f3,2019-02,Lancashire Constabulary,Lancashire Constabulary,-2.694821,53.762949,On or near Egan Street,E01025293,Preston 015C,Criminal damage and arson,Status update unavailable,
c5452c7f33d0932475e8a6a2cab7458964c944b29699dc7b1e4e0bd0843d9e54,2019-02,Lancashire Constabulary,Lancashire Constabulary,-2.696321,53.766562,On or near St Paul'S Avenue,E01025293,Preston 015C,Other theft,Status update unavailable,
8f5c0f2623395d95d598b1988d2f45a184a20eb93847b22b769546514382b74b,2019-02,Lancashire Constabulary,Lancashire Constabulary,-2.697200,53.763735,On or near St Ignatius' Square,E01025293,Preston 015C,Public order,Unable to prosecute suspect,
06df5e190a09c79f18aba6d02230549116cb4e857bc0595ecec237da5d3ba829,2019-02,Lancashire Constabulary,Lancashire Constabulary,-2.690741,53.762092,On or near Edmund Street,E01025293,Preston 015C,Public order,Status update unavailable,
f9f2fcb07a459ffda3928d24671c0ec9226d2155c63cbebff64526f5f5da569d,2019-02,Lancashire Constabulary,Lancashire Constabulary,-2.692444,53.763232,On or near East Street,E01025293,Preston 015C,Public order,Status update unavailable,
5c31fe5cdb463479929bfb137f1b95a8d5ab94848c341259214d804ae26a011b,2019-02,Lancashire Constabulary,Lancashire Constabulary,-2.690741,53.762092,On or near Edmund Street,E01025293,Preston 015C,Public order,Status update unavailable,
8b9f5fa0bdf436899a8fc812b38adb3462c2bed6286b433a35b34938cfd262d3,2019-02,Lancashire Constabulary,Lancashire Constabulary,-2.690741,53.762092,On or near Edmund Street,E01025293,Preston 015C,Shoplifting,Status update unavailable,
c725fdde8b729713348909ca72b87b1c5c8abd9971773a367702dcb8d7e99068,2019-02,Lancashire Constabulary,Lancashire Constabulary,-2.690247,53.761582,On or near Church Street,E01025293,Preston 015C,Theft from the person,Status update unavailable,
9572338bd081a054d9c9020b96ec99331bef569359eb16c4ffaf4c28aa0ba5cb,2019-02,Lancashire Constabulary,Lancashire Constabulary,-2.694586,53.765251,On or near Noor Street,E01025293,Preston 015C,Vehicle crime,Status update unavailable,
0345fa767ef31a913c847b8c3e8d3895d49a86d0552258e5aa0baab4930b4d03,2019-02,Lancashire Constabulary,Lancashire Constabulary,-2.694586,53.765251,On or near Noor Street,E01025293,Preston 015C,Vehicle crime,Status update unavailable,
17a919a3d5ac0459ef9f47268525442dd95190ab3f84caa933078b9685814f70,2019-02,Lancashire Constabulary,Lancashire Constabulary,-2.692269,53.763674,On or near Holstein Street,E01025293,Preston 015C,Vehicle crime,Status update unavailable,
ffafb475731c8643f2ad8e0319202961229a7bf8391ab2ebef1b5b2d9baa115e,2019-02,Lancashire Constabulary,Lancashire Constabulary,-2.692341,53.762505,On or near Hopwood Street,E01025293,Preston 015C,Violence and sexual offences,Unable to prosecute suspect,
1ffa1ec7b30be21715e437a973b622e52be002d1eb684584c0e0a174d7588c88,2019-02,Lancashire Constabulary,Lancashire Constabulary,-2.693839,53.765984,On or near Stanleyfield Close,E01025293,Preston 015C,Violence and sexual offences,Unable to prosecute suspect,
5808ef6892444686375230ee9bd088042014ff3fd1d34c36a98949c8f9af9983,2019-02,Lancashire Constabulary,Lancashire Constabulary,-2.692341,53.762505,On or near Hopwood Street,E01025293,Preston 015C,Violence and sexual offences,Unable to prosecute suspect,
99498369f341db4d222f6a66853423a0b5763b246771e19633f649a182cec10c,2019-02,Lancashire Constabulary,Lancashire Constabulary,-2.695144,53.763217,On or near Pump Street,E01025293,Preston 015C,Violence and sexual offences,Status update unavailable,
601625b79db0dcb875c248fb422891cd04fab8b6c5a3a0a1f3020c7ec63a2a3a,2019-02,Lancashire Constabulary,Lancashire Constabulary,-2.692341,53.762505,On or near Hopwood Street,E01025293,Preston 015C,Violence and sexual offences,Awaiting court outcome,
7cef04411a6e302ceb86e90ff46957b77a077241da0212998c0160b9f3f66c0a,2019-02,Lancashire Constabulary,Lancashire Constabulary,-2.692341,53.762505,On or near Hopwood Street,E01025293,Preston 015C,Violence and sexual offences,Awaiting court outcome,
a702149f8d9e7f9de055e874ab259f7bd994c92f011599d4c5a4ae483dfbdbe5,2019-02,Lancashire Constabulary,Lancashire Constabulary,-2.690741,53.762092,On or near Edmund Street,E01025293,Preston 015C,Violence and sexual offences,Further investigation is not in the public interest,
240b1640561b75a0de4ea201853f95f5830803937f4aedccdc9731b0100eb617,2019-02,Lancashire Constabulary,Lancashire Constabulary,-2.692368,53.765111,On or near Supermarket,E01025293,Preston 015C,Violence and sexual offences,Status update unavailable,
f60256cf85c657611d727e0877a3e79e5d69b14bba41ce74f693ad2dc68dcb93,2019-02,Lancashire Constabulary,Lancashire Constabulary,-2.694821,53.762949,On or near Egan Street,E01025293,Preston 015C,Violence and sexual offences,Unable to prosecute suspect,
d71b45a47d0179340fd4681b265c51647b419aaec14df7b9170cba8628ee7893,2019-02,Lancashire Constabulary,Lancashire Constabulary,-2.693839,53.765984,On or near Stanleyfield Close,E01025293,Preston 015C,Violence and sexual offences,Status update unavailable,
c3f9acd918a68b5c878705383033d04493af3af837fc484338bd9698867cbd50,2019-02,Lancashire Constabulary,Lancashire Constabulary,-2.694821,53.762949,On or near Egan Street,E01025293,Preston 015C,Violence and sexual offences,Status update unavailable,
6529e592c74ef9743be88d1db5a5b2d1175c71f0d6973f99b62751506dc8b67e,2019-02,Lancashire Constabulary,Lancashire Constabulary,-2.690741,53.762092,On or near Edmund Street,E01025293,Preston 015C,Violence and sexual offences,Unable to prosecute suspect,
f4f77580d0facb06e9e00eb4b21e74b6f555a2adf3486c6074847522d2c85306,2019-02,Lancashire Constabulary,Lancashire Constabulary,-2.696104,53.767166,On or near St Paul'S Road,E01025293,Preston 015C,Violence and sexual offences,Local resolution,
,2019-02,Lancashire Constabulary,Lancashire Constabulary,-2.676405,53.762029,On or near Chatsworth Street,E01025247,Preston 016A,Anti-social behaviour,,
,2019-02,Lancashire Constabulary,Lancashire Constabulary,-2.678009,53.761778,On or near Rutland Street,E01025247,Preston 016A,Anti-social behaviour,,
,2019-02,Lancashire Constabulary,Lancashire Constabulary,-2.676405,53.762029,On or near Chatsworth Street,E01025247,Preston 016A,Anti-social behaviour,,
,2019-02,Lancashire Constabulary,Lancashire Constabulary,-2.678009,53.761778,On or near Rutland Street,E01025247,Preston 016A,Anti-social behaviour,,
,2019-02,Lancashire Constabulary,Lancashire Constabulary,-2.678009,53.761778,On or near Rutland Street,E01025247,Preston 016A,Anti-social behaviour,,
8dc00cc778282fdc44a1a096896f63411049bccb96fd754b01866f66ade272a9,2019-02,Lancashire Constabulary,Lancashire Constabulary,-2.682502,53.761051,On or near Mercer Street,E01025247,Preston 016A,Other theft,Unable to prosecute suspect,
6c27f30550b3443b7e05ac16c858b0874d783ae04cc5ab6e62e31d056792fd49,2019-02,Lancashire Constabulary,Lancashire Constabulary,-2.676996,53.762008,On or near Scotforth Road,E01025247,Preston 016A,Possession of weapons,Status update unavailable,
403552291d22d484f1e41f4925ffe63a7411d024c89ccc4b34db18f8c5346a1a,2019-02,Lancashire Constabulary,Lancashire Constabulary,-2.680190,53.760624,On or near John William Street,E01025247,Preston 016A,Public order,Unable to prosecute suspect,
70daa36690ac237b0081ff10be04b701c6f3313d882fabb17e841b2b073a8542,2019-02,Lancashire Constabulary,Lancashire Constabulary,-2.682502,53.761051,On or near Mercer Street,E01025247,Preston 016A,Public order,Status update unavailable,
56c516ff104a9d8e943514bda75233943a8a44b60dab1dd4e68afcac81bb0a69,2019-02,Lancashire Constabulary,Lancashire Constabulary,-2.682502,53.761051,On or near Mercer Street,E01025247,Preston 016A,Shoplifting,Status update unavailable,
f9192ccfbb9ace17be1f7f857cb4bb61a77b513032f533701faae85221253b09,2019-02,Lancashire Constabulary,Lancashire Constabulary,-2.677480,53.761871,On or near Annis Street,E01025247,Preston 016A,Vehicle crime,Status update unavailable,
5cac4b216074bdfef5592490cbc16d78d77f3941d0d5f667565ddebc517a14b3,2019-02,Lancashire Constabulary,Lancashire Constabulary,-2.678009,53.761778,On or near Rutland Street,E01025247,Preston 016A,Violence and sexual offences,Unable to prosecute suspect,
67982f60f364b0896e4f669980a308d483a067f87b38a7ee8e8926e97a4475fd,2019-02,Lancashire Constabulary,Lancashire Constabulary,-2.679098,53.761556,On or near Lex Street,E01025247,Preston 016A,Violence and sexual offences,Unable to prosecute suspect,
01b09a888d1db68204c990bf40e19627bc40c3a10638d72ee653b1de0fbc4afe,2019-02,Lancashire Constabulary,Lancashire Constabulary,-2.682502,53.761051,On or near Mercer Street,E01025247,Preston 016A,Violence and sexual offences,Status update unavailable,
04f768e3d0b73e803114d17f73749574bf8c68c880815e9c21634292546f8bee,2019-02,Lancashire Constabulary,Lancashire Constabulary,-2.682502,53.761051,On or near Mercer Street,E01025247,Preston 016A,Violence and sexual offences,Status update unavailable,
1c56730dc381b3a23e8ae817a7d8634f919851d7e76806f56bf8ca743de662a6,2019-02,Lancashire Constabulary,Lancashire Constabulary,-2.682502,53.761051,On or near Mercer Street,E01025247,Preston 016A,Violence and sexual offences,Status update unavailable,
3b9237e5cef0ec40a680dbe8a5d912edeea68a43a5a50d1269b2c3fa77a04565,2019-02,Lancashire Constabulary,Lancashire Constabulary,-2.676437,53.763063,On or near Shopping Area,E01025247,Preston 016A,Violence and sexual offences,Status update unavailable,
b60e2c52a6cafd534882d5aad4864a0caab9d2ff355ea0258b4051510fba4d24,2019-02,Lancashire Constabulary,Lancashire Constabulary,-2.679098,53.761556,On or near Lex Street,E01025247,Preston 016A,Violence and sexual offences,Unable to prosecute suspect,
358ca92d595a3edfb1c92d033356b9cd8e137047c8e6abeb4887d45d0b6a8c24,2019-02,Lancashire Constabulary,Lancashire Constabulary,-2.682502,53.761051,On or near Mercer Street,E01025247,Preston 016A,Violence and sexual offences,Status update unavailable,
1a9302b7d290e2d38eaa91d14bc2091012095dc94b37671e583de0c3f7ba9363,2019-02,Lancashire Constabulary,Lancashire Constabulary,-2.678009,53.761778,On or near Rutland Street,E01025247,Preston 016A,Violence and sexual offences,Status update unavailable,
41ff40865efbf615b074dc9802171fb835b1f02c6cfc49f3f34dabe6eb6d893b,2019-02,Lancashire Constabulary,Lancashire Constabulary,-2.679098,53.761556,On or near Lex Street,E01025247,Preston 016A,Violence and sexual offences,Status update unavailable,
3ed43f3f400f77467c9e8e95b2ce9418a6966e51cebbe9c3e7dd7fb0d0a7a903,2019-02,Lancashire Constabulary,Lancashire Constabulary,-2.678009,53.761778,On or near Rutland Street,E01025247,Preston 016A,Violence and sexual offences,Status update unavailable,
0d008ebfba2b13fca03f3dcf7606a68cb15808af65353ada3c7ba9ea7f702546,2019-02,Lancashire Constabulary,Lancashire Constabulary,-2.678600,53.761756,On or near Surrey Street,E01025247,Preston 016A,Violence and sexual offences,Further investigation is not in the public interest,
4309248129326757463268dc59f0d986889d3c2df505c663c839683a0928a2a7,2019-02,Lancashire Constabulary,Lancashire Constabulary,-2.678009,53.761778,On or near Rutland Street,E01025247,Preston 016A,Violence and sexual offences,Unable to prosecute suspect,
ed18add2cdd52b1a93bb9004dc9d8145c8fc5e4c91d40f899a39c8d68a7c4b04,2019-02,Lancashire Constabulary,Lancashire Constabulary,-2.678600,53.761756,On or near Surrey Street,E01025247,Preston 016A,Violence and sexual offences,Unable to prosecute suspect,
,2019-02,Lancashire Constabulary,Lancashire Constabulary,-2.668684,53.762981,On or near Callon Street,E01025248,Preston 016B,Anti-social behaviour,,
,2019-02,Lancashire Constabulary,Lancashire Constabulary,-2.664096,53.765406,On or near Iddesleigh Road,E01025248,Preston 016B,Anti-social behaviour,,
,2019-02,Lancashire Constabulary,Lancashire Constabulary,-2.667925,53.763920,On or near Waldon Street,E01025248,Preston 016B,Anti-social behaviour,,
a120e0c93f0961195e8d93819575c6bdf2c77c267d6ed46d587a0e7fca534fdb,2019-02,Lancashire Constabulary,Lancashire Constabulary,-2.670110,53.762955,On or near Nevett Street,E01025248,Preston 016B,Violence and sexual offences,Unable to prosecute suspect,
24ec81fa8341376db49ae7e79408f21a846b81f449d1c5a7291aff1e957d94a6,2019-02,Lancashire Constabulary,Lancashire Constabulary,-2.664096,53.765406,On or near Iddesleigh Road,E01025248,Preston 016B,Violence and sexual offences,Further investigation is not in the public interest,
224e5b7fc970ce655eb430499003aa76e0e060f7f8f9fa2dfef88b64cdc24088,2019-02,Lancashire Constabulary,Lancashire Constabulary,-2.666474,53.764251,On or near Pinfold Street,E01025248,Preston 016B,Violence and sexual offences,Unable to prosecute suspect,
78d74558c9edcce54e9075ce545e231e08c9d30fecf07959c1917c30eff61518,2019-02,Lancashire Constabulary,Lancashire Constabulary,-2.670110,53.762955,On or near Nevett Street,E01025248,Preston 016B,Violence and sexual offences,Further investigation is not in the public interest,
28645834a3a7de34c780be471d14159de99e8f12c9bbc3b4b3d8ad1f1ab060b0,2019-02,Lancashire Constabulary,Lancashire Constabulary,-2.668684,53.762981,On or near Callon Street,E01025248,Preston 016B,Violence and sexual offences,Status update unavailable,
3f0ddd98812fb986f093a020c1ef1f98775a6adfedfca62ee0587da558f54393,2019-02,Lancashire Constabulary,Lancashire Constabulary,-2.664323,53.763454,On or near Neston Street,E01025248,Preston 016B,Violence and sexual offences,Defendant found not guilty,
,2019-02,Lancashire Constabulary,Lancashire Constabulary,-2.658973,53.763789,On or near Butterlands,E01025249,Preston 016C,Anti-social behaviour,,
,2019-02,Lancashire Constabulary,Lancashire Constabulary,-2.658973,53.763789,On or near Butterlands,E01025249,Preston 016C,Anti-social behaviour,,
,2019-02,Lancashire Constabulary,Lancashire Constabulary,-2.658973,53.763789,On or near Butterlands,E01025249,Preston 016C,Anti-social behaviour,,
,2019-02,Lancashire Constabulary,Lancashire Constabulary,-2.658973,53.763789,On or near Butterlands,E01025249,Preston 016C,Anti-social behaviour,,
a5734087f4f25e72927366b39d9221f58bd362c75d11c6b16c28cb765958fdd4,2019-02,Lancashire Constabulary,Lancashire Constabulary,-2.656618,53.765501,On or near Petrol Station,E01025249,Preston 016C,Other theft,Status update unavailable,
1ad42c742835ebebd23ddeccb53b107a48f75b3c6d7c406e221d074bc31045c7,2019-02,Lancashire Constabulary,Lancashire Constabulary,-2.656618,53.765501,On or near Petrol Station,E01025249,Preston 016C,Other theft,Status update unavailable,
4fac7eb624312dc5bf2a4c363147b39c1a2f8d11ce49ed41f5ebf753927cb8ad,2019-02,Lancashire Constabulary,Lancashire Constabulary,-2.654995,53.765510,On or near Crawford Avenue,E01025249,Preston 016C,Public order,Further investigation is not in the public interest,
6f521a26becd8d9ba6879435a07d67deab24f61eacff2870c412df2a65617044,2019-02,Lancashire Constabulary,Lancashire Constabulary,-2.656618,53.765501,On or near Petrol Station,E01025249,Preston 016C,Shoplifting,Status update unavailable,
dda18f3692a272ea7bd356ef8ba17e483f77fb3277b9c547581a2be356cda711,2019-02,Lancashire Constabulary,Lancashire Constabulary,-2.657384,53.764976,On or near Cairnsmore Avenue,E01025249,Preston 016C,Violence and sexual offences,Unable to prosecute suspect,
2ed77d3d8e34f6ec1c1a007d70d9ce6b4c240111df15188d5d3fe86d503c9adc,2019-02,Lancashire Constabulary,Lancashire Constabulary,-2.654995,53.765510,On or near Crawford Avenue,E01025249,Preston 016C,Violence and sexual offences,Status update unavailable,
1e8c613cfc7921bbac8c243bdfa9758a505b0342b5c1769147aae6673fa99ec1,2019-02,Lancashire Constabulary,Lancashire Constabulary,-2.657384,53.764976,On or near Cairnsmore Avenue,E01025249,Preston 016C,Violence and sexual offences,Further investigation is not in the public interest,
,2019-02,Lancashire Constabulary,Lancashire Constabulary,-2.674286,53.763246,On or near Redmayne Street,E01025250,Preston 016D,Anti-social behaviour,,
,2019-02,Lancashire Constabulary,Lancashire Constabulary,-2.672515,53.762555,On or near Samuel Street,E01025250,Preston 016D,Anti-social behaviour,,
,2019-02,Lancashire Constabulary,Lancashire Constabulary,-2.674286,53.763246,On or near Redmayne Street,E01025250,Preston 016D,Anti-social behaviour,,
,2019-02,Lancashire Constabulary,Lancashire Constabulary,-2.672515,53.762555,On or near Samuel Street,E01025250,Preston 016D,Anti-social behaviour,,
,2019-02,Lancashire Constabulary,Lancashire Constabulary,-2.668471,53.761031,On or near Tamar Street,E01025250,Preston 016D,Anti-social behaviour,,
,2019-02,Lancashire Constabulary,Lancashire Constabulary,-2.674286,53.763246,On or near Redmayne Street,E01025250,Preston 016D,Anti-social behaviour,,
,2019-02,Lancashire Constabulary,Lancashire Constabulary,-2.672515,53.762555,On or near Samuel Street,E01025250,Preston 016D,Anti-social behaviour,,
,2019-02,Lancashire Constabulary,Lancashire Constabulary,-2.673347,53.761453,On or near Cliffe Court,E01025250,Preston 016D,Anti-social behaviour,,
,2019-02,Lancashire Constabulary,Lancashire Constabulary,-2.672515,53.762555,On or near Samuel Street,E01025250,Preston 016D,Anti-social behaviour,,
310a23f4a101d8952a590bb3e1e0c527d20d51bb46601c146ba4f45924a3840b,2019-02,Lancashire Constabulary,Lancashire Constabulary,-2.673347,53.761453,On or near Cliffe Court,E01025250,Preston 016D,Burglary,Status update unavailable,
18525d07b53ac7892c4c5b230415fc891d158793adad16077f157dc2e9324d89,2019-02,Lancashire Constabulary,Lancashire Constabulary,-2.672761,53.763686,On or near Knowles Street,E01025250,Preston 016D,Burglary,Status update unavailable,
a29f895fe50176de5e16b6fc7521c9f363969517df0a9797114a3901105eaeb6,2019-02,Lancashire Constabulary,Lancashire Constabulary,-2.672515,53.762555,On or near Samuel Street,E01025250,Preston 016D,Burglary,Unable to prosecute suspect,
a53fe9e456134696db98ec9e350213a4c7a6aff86bebb197769ed1c83d008d9a,2019-02,Lancashire Constabulary,Lancashire Constabulary,-2.672761,53.763686,On or near Knowles Street,E01025250,Preston 016D,Criminal damage and arson,Status update unavailable,
5e894ee119184f2b346e7b39612cf449b1737ad6eb0332f1c3a5c7f21556421f,2019-02,Lancashire Constabulary,Lancashire Constabulary,-2.674286,53.763246,On or near Redmayne Street,E01025250,Preston 016D,Criminal damage and arson,Status update unavailable,
c3e24f384004d4708f163f64bf3853e80529034dab237536af69ecbf77f5a582,2019-02,Lancashire Constabulary,Lancashire Constabulary,-2.672515,53.762555,On or near Samuel Street,E01025250,Preston 016D,Drugs,Awaiting court outcome,
eb66ef7c283f72fe101f9c2051c78715549f2cac5ede4c20c3aed3433a00c8b9,2019-02,Lancashire Constabulary,Lancashire Constabulary,-2.671811,53.764078,On or near Mete Street,E01025250,Preston 016D,Drugs,Awaiting court outcome,
5d43a9759852676df98b9ef83aa78812028be14cc7aa7f24e508ac39edce263e,2019-02,Lancashire Constabulary,Lancashire Constabulary,-2.672515,53.762555,On or near Samuel Street,E01025250,Preston 016D,Drugs,Status update unavailable,
819b2b5a9fa4dbda08fa7333388d7d7da3886bf435863d17e82daa4a2a357c0b,2019-02,Lancashire Constabulary,Lancashire Constabulary,-2.672761,53.763686,On or near Knowles Street,E01025250,Preston 016D,Other theft,Status update unavailable,
32d717371a3e770d905221edbad0ee1ccd3774399d83a5cfa4d7bf686287a3ac,2019-02,Lancashire Constabulary,Lancashire Constabulary,-2.672515,53.762555,On or near Samuel Street,E01025250,Preston 016D,Possession of weapons,Status update unavailable,
044573c74295a95e88570f28ad218830313c2fea1ec66677a68af432ec2d6ede,2019-02,Lancashire Constabulary,Lancashire Constabulary,-2.672761,53.763686,On or near Knowles Street,E01025250,Preston 016D,Public order,Status update unavailable,
666f4ae33436ae03cd8c03121405e09fc8d011928e1f20ecef028bd2d8f96502,2019-02,Lancashire Constabulary,Lancashire Constabulary,-2.674784,53.763117,On or near Cave Street,E01025250,Preston 016D,Vehicle crime,Awaiting court outcome,
57b69f8db1feab2af2d157ba0e81f9a2811cdb542a1ee4ec7868afdefe5bf061,2019-02,Lancashire Constabulary,Lancashire Constabulary,-2.674286,53.763246,On or near Redmayne Street,E01025250,Preston 016D,Violence and sexual offences,Status update unavailable,
c5f6b311d144b914089a0a9f861723e807b282c8f5d0d38e95ae71dc10962206,2019-02,Lancashire Constabulary,Lancashire Constabulary,-2.674286,53.763246,On or near Redmayne Street,E01025250,Preston 016D,Violence and sexual offences,Status update unavailable,
8304c0102c3ee7c7926f4170f275f09b0c186b95455ce77f15994cb925858362,2019-02,Lancashire Constabulary,Lancashire Constabulary,-2.671172,53.764872,On or near New Hall Lane,E01025250,Preston 016D,Violence and sexual offences,Status update unavailable,
d9c99065207a1304a06249eeb9a5bc214074eb125f3e38d83d4f3724c78b813c,2019-02,Lancashire Constabulary,Lancashire Constabulary,-2.670846,53.761566,On or near Felstead Street,E01025250,Preston 016D,Violence and sexual offences,Status update unavailable,
835ba112537149d5c29190971c39a6df8a13b0b7ca5978282e8f912fc62e7d6d,2019-02,Lancashire Constabulary,Lancashire Constabulary,-2.672761,53.763686,On or near Knowles Street,E01025250,Preston 016D,Violence and sexual offences,Unable to prosecute suspect,
53335eb6a058ea6582c936db574c16b44647348114911e546721d36979773c3b,2019-02,Lancashire Constabulary,Lancashire Constabulary,-2.671172,53.764872,On or near New Hall Lane,E01025250,Preston 016D,Violence and sexual offences,Unable to prosecute suspect,
89264a44c9479bfe80baa120cd96745f8ab8cbc2af6e6ae836d3777b9739a240,2019-02,Lancashire Constabulary,Lancashire Constabulary,-2.671811,53.764078,On or near Mete Street,E01025250,Preston 016D,Violence and sexual offences,Status update unavailable,
81f19018359504a26dd9b4a277a7fede3cc6002ffb739d4b3bdaa6a684ac2316,2019-02,Lancashire Constabulary,Lancashire Constabulary,-2.672515,53.762555,On or near Samuel Street,E01025250,Preston 016D,Violence and sexual offences,Unable to prosecute suspect,
0c8095133b2a8629568feb006b078e653b9d244002b67600d827d7d60828e0a9,2019-02,Lancashire Constabulary,Lancashire Constabulary,-2.674784,53.763117,On or near Cave Street,E01025250,Preston 016D,Violence and sexual offences,Further investigation is not in the public interest,
9047142dc1fcf763b8703638a1c20cb634490ee541f11e881f4867b480a6ab18,2019-02,Lancashire Constabulary,Lancashire Constabulary,-2.671172,53.764872,On or near New Hall Lane,E01025250,Preston 016D,Violence and sexual offences,Formal action is not in the public interest,
34f0f21d300b13ad1718d3f2c5a5dac48ee387136d7365fc0cec49dba477455c,2019-02,Lancashire Constabulary,Lancashire Constabulary,-2.674286,53.763246,On or near Redmayne Street,E01025250,Preston 016D,Violence and sexual offences,Further investigation is not in the public interest,
e49879e1e6b34573b92cfd0e3b27ec4dbb31afca458f5264fe8325b375e4a612,2019-02,Lancashire Constabulary,Lancashire Constabulary,-2.673344,53.764087,On or near New Hall Lane,E01025250,Preston 016D,Violence and sexual offences,Status update unavailable,
77f2a5ee6f159264161bfdb8c3846397af1c130a5bf130aac9ceb4d3648355c8,2019-02,Lancashire Constabulary,Lancashire Constabulary,-2.672515,53.762555,On or near Samuel Street,E01025250,Preston 016D,Violence and sexual offences,Status update unavailable,
d3122b04e22e7b6c322bcd74385dffcd0ff33e1d378880c6eb91e6429d8a9db0,2019-02,Lancashire Constabulary,Lancashire Constabulary,-2.671699,53.760852,On or near Walton View,E01025250,Preston 016D,Other crime,Further investigation is not in the public interest,
31e7eafa7d20e2418d0f05216370c7d1c031f8cd40a52220d2b450f35ad8fac4,2019-02,Lancashire Constabulary,Lancashire Constabulary,-2.671811,53.764078,On or near Mete Street,E01025250,Preston 016D,Other crime,Status update unavailable,
,2019-02,Lancashire Constabulary,Lancashire Constabulary,-2.682563,53.755424,On or near Hoghton View,E01025304,Preston 016E,Anti-social behaviour,,
8b63672ba72122783ec59e194476d62562cd89c63e9d56de796f8a4d640edee8,2019-02,Lancashire Constabulary,Lancashire Constabulary,-2.685398,53.755327,On or near Bence Road,E01025304,Preston 016E,Burglary,Status update unavailable,
dfbf0ae3ed8557d1b40752c9dbfd2293fe31a9bc466c23f44093a9e1121af0cc,2019-02,Lancashire Constabulary,Lancashire Constabulary,-2.688134,53.750152,On or near Malvern Street,E01025304,Preston 016E,Vehicle crime,Status update unavailable,
e3dbd3a303dc8c42054e3bcac91015aeb9eaf449027cf9e7d9a822c0d3e8b82d,2019-02,Lancashire Constabulary,Lancashire Constabulary,-2.688134,53.750152,On or near Malvern Street,E01025304,Preston 016E,Violence and sexual offences,Unable to prosecute suspect,
736db468e7afbe8f0a29be563922cf4fbc91d5b606b5c1116f4f33545f6513a7,2019-02,Lancashire Constabulary,Lancashire Constabulary,-2.689754,53.754619,On or near Selborne Street,E01025304,Preston 016E,Violence and sexual offences,Further investigation is not in the public interest,
d66de861c29a7ca03ca4c871c88124a7ded4121b3da1bd7afc6874aecae8b142,2019-02,Lancashire Constabulary,Lancashire Constabulary,-2.686424,53.755007,On or near Ruskin Street,E01025304,Preston 016E,Violence and sexual offences,Unable to prosecute suspect,
,2019-02,Lancashire Constabulary,Lancashire Constabulary,-2.684438,53.758838,On or near Primrose Hill,E01025305,Preston 016F,Anti-social behaviour,,
,2019-02,Lancashire Constabulary,Lancashire Constabulary,-2.686493,53.758350,On or near Richmond Street,E01025305,Preston 016F,Anti-social behaviour,,
,2019-02,Lancashire Constabulary,Lancashire Constabulary,-2.686493,53.758350,On or near Richmond Street,E01025305,Preston 016F,Anti-social behaviour,,
,2019-02,Lancashire Constabulary,Lancashire Constabulary,-2.684438,53.758838,On or near Primrose Hill,E01025305,Preston 016F,Anti-social behaviour,,
,2019-02,Lancashire Constabulary,Lancashire Constabulary,-2.685869,53.756340,On or near James Street,E01025305,Preston 016F,Anti-social behaviour,,
,2019-02,Lancashire Constabulary,Lancashire Constabulary,-2.684130,53.755757,On or near Brixton Road,E01025305,Preston 016F,Anti-social behaviour,,
,2019-02,Lancashire Constabulary,Lancashire Constabulary,-2.686493,53.758350,On or near Richmond Street,E01025305,Preston 016F,Anti-social behaviour,,
adb1ccc29e90abdc46bb8c5463bc2cb076c88589959b4eff99d925fbbbe59859,2019-02,Lancashire Constabulary,Lancashire Constabulary,-2.684438,53.758838,On or near Primrose Hill,E01025305,Preston 016F,Burglary,Status update unavailable,
0d6655b79196fa27856975f1d031b87e572a2d08f8c1c22823e3dcb7ea5b9c2a,2019-02,Lancashire Constabulary,Lancashire Constabulary,-2.684438,53.758838,On or near Primrose Hill,E01025305,Preston 016F,Drugs,Offender given penalty notice,
9ca82048c2719365dd3021326f68e79f94e1e94120666c9404dcff8f46016848,2019-02,Lancashire Constabulary,Lancashire Constabulary,-2.683128,53.757533,On or near Montjoly Street,E01025305,Preston 016F,Other theft,Status update unavailable,
40b2617cf58dad62cb0d1f650fc39553425180558a27d5d08879cc5982c1c26c,2019-02,Lancashire Constabulary,Lancashire Constabulary,-2.685869,53.756340,On or near James Street,E01025305,Preston 016F,Possession of weapons,Status update unavailable,
e626b3b86bb6a29cb22ac2962bc2b948f81e7804a1edc5bf9adfb5b9303e6a05,2019-02,Lancashire Constabulary,Lancashire Constabulary,-2.684101,53.756755,On or near Thomas Street,E01025305,Preston 016F,Possession of weapons,Offender given a caution,
238ee36d2c34f4fbed268b2f27821f5835558a3492c3ba98fe89bec997b874bf,2019-02,Lancashire Constabulary,Lancashire Constabulary,-2.681076,53.757284,On or near Brockholes View,E01025305,Preston 016F,Possession of weapons,Defendant found not guilty,
cee148770b6d8dc5d3de9957efb40acfccb4a906a216decc0417d6cd91dcb2d6,2019-02,Lancashire Constabulary,Lancashire Constabulary,-2.686493,53.758350,On or near Richmond Street,E01025305,Preston 016F,Public order,Status update unavailable,
8e2d69446d30eb28ec157ee4d0e13591814ddeb6e119269677af837fd3d78aab,2019-02,Lancashire Constabulary,Lancashire Constabulary,-2.686493,53.758350,On or near Richmond Street,E01025305,Preston 016F,Theft from the person,Status update unavailable,
4dfb5ffb613005c6bb545429c728a9f2ee210454f9b9033b640f83acbb3f4a74,2019-02,Lancashire Constabulary,Lancashire Constabulary,-2.681413,53.756554,On or near Ashleigh Street,E01025305,Preston 016F,Violence and sexual offences,Unable to prosecute suspect,
be7b5582494d241dea8f531dac71628ddd3189cc264428f3e0e33b7240d570fc,2019-02,Lancashire Constabulary,Lancashire Constabulary,-2.684522,53.756537,On or near Coronation Crescent,E01025305,Preston 016F,Violence and sexual offences,Unable to prosecute suspect,
d1bfb1947bce0b7c960e39dc163386d813ba472c84a7e332c946b546665e2764,2019-02,Lancashire Constabulary,Lancashire Constabulary,-2.682737,53.756816,On or near London Road,E01025305,Preston 016F,Violence and sexual offences,Status update unavailable,
da848a9d65602f75a1abacf21138f4d58523e1fbe60548fac343567ac4002311,2019-02,Lancashire Constabulary,Lancashire Constabulary,-2.686493,53.758350,On or near Richmond Street,E01025305,Preston 016F,Violence and sexual offences,Status update unavailable,
8eaf2802cffa2273005567d7152515ee0e9f0750630fa28ee449e85e19d3ca4b,2019-02,Lancashire Constabulary,Lancashire Constabulary,-2.685391,53.755884,On or near Roman Road,E01025305,Preston 016F,Violence and sexual offences,Status update unavailable,
3b825da4de3a11f435651aea23cb7254a0425160d5c20c4383dedda862d845b1,2019-02,Lancashire Constabulary,Lancashire Constabulary,-2.685574,53.760548,On or near Witton Street,E01025305,Preston 016F,Violence and sexual offences,Status update unavailable,
12358dec81f4ab962fe1f7d7ba9b69b3d9e6c3871ba3ec9d92ea4095bd41766b,2019-02,Lancashire Constabulary,Lancashire Constabulary,-2.684438,53.758838,On or near Primrose Hill,E01025305,Preston 016F,Violence and sexual offences,Status update unavailable,
c5b477dbd82c9fcab830eff1e68bdf9b972d356277908854ed648e639e38ea3e,2019-02,Lancashire Constabulary,Lancashire Constabulary,-2.686493,53.758350,On or near Richmond Street,E01025305,Preston 016F,Violence and sexual offences,Unable to prosecute suspect,
,2019-02,Lancashire Constabulary,Lancashire Constabulary,-2.715306,53.756222,On or near Hartington Road,E01025289,Preston 017A,Anti-social behaviour,,
,2019-02,Lancashire Constabulary,Lancashire Constabulary,-2.714182,53.757909,On or near Euston Street,E01025289,Preston 017A,Anti-social behaviour,,
,2019-02,Lancashire Constabulary,Lancashire Constabulary,-2.712683,53.758952,On or near Slade Street,E01025289,Preston 017A,Anti-social behaviour,,
,2019-02,Lancashire Constabulary,Lancashire Constabulary,-2.713283,53.753196,On or near Beech Terrace,E01025289,Preston 017A,Anti-social behaviour,,
,2019-02,Lancashire Constabulary,Lancashire Constabulary,-2.714715,53.757124,On or near Carnarvon Road,E01025289,Preston 017A,Anti-social behaviour,,
,2019-02,Lancashire Constabulary,Lancashire Constabulary,-2.714590,53.754204,On or near Ribble Court,E01025289,Preston 017A,Anti-social behaviour,,
,2019-02,Lancashire Constabulary,Lancashire Constabulary,-2.714347,53.753306,On or near Colman Court,E01025289,Preston 017A,Anti-social behaviour,,
,2019-02,Lancashire Constabulary,Lancashire Constabulary,-2.713771,53.758676,On or near Gerrard Street,E01025289,Preston 017A,Anti-social behaviour,,
,2019-02,Lancashire Constabulary,Lancashire Constabulary,-2.713942,53.758962,On or near Kingswood Street,E01025289,Preston 017A,Anti-social behaviour,,
5d9d48dd07ca325ef9aee6d440cb64efe7a0c3ba0890ee002fd5916678d8883c,2019-02,Lancashire Constabulary,Lancashire Constabulary,-2.711529,53.757943,On or near Bow Lane,E01025289,Preston 017A,Bicycle theft,Status update unavailable,
763496d68e3a68d19910ea87aab4bfdb8f53d86a5a8b3f7ced58e1b19aa584fe,2019-02,Lancashire Constabulary,Lancashire Constabulary,-2.712388,53.759457,On or near Marsh Lane,E01025289,Preston 017A,Burglary,Status update unavailable,
9ebd856ffd8ee72302dcde2d628f2e130b2f11ff8ef7a513bbf9e58de09e6fed,2019-02,Lancashire Constabulary,Lancashire Constabulary,-2.714183,53.754350,On or near Beech Street,E01025289,Preston 017A,Burglary,Status update unavailable,
2f14ad729861a098ce227eeb2a904c45d61fa23aa3a393f3e114e7d3267d073c,2019-02,Lancashire Constabulary,Lancashire Constabulary,-2.711529,53.757943,On or near Bow Lane,E01025289,Preston 017A,Burglary,Status update unavailable,
12c9fdac45832ee98b194ec46c62421cd80f39694b2cbddef8632541fba18b18,2019-02,Lancashire Constabulary,Lancashire Constabulary,-2.716258,53.754212,On or near Broadgate,E01025289,Preston 017A,Other theft,Status update unavailable,
6445bfd5616bf0bdfcaf00f2fc6dd4e5634d65487db49f5a5782f7a825240a86,2019-02,Lancashire Constabulary,Lancashire Constabulary,-2.712676,53.757613,On or near Maple Crescent,E01025289,Preston 017A,Other theft,Status update unavailable,
17e4b9552310590323f5e53b431984fa385822134a3fcb8d37c701ea1fa25405,2019-02,Lancashire Constabulary,Lancashire Constabulary,-2.716258,53.754212,On or near Broadgate,E01025289,Preston 017A,Public order,Status update unavailable,
dd3d6a9d8ba524363e118487843f379fc3e0ae4216ac719a45539218fe171830,2019-02,Lancashire Constabulary,Lancashire Constabulary,-2.711529,53.757943,On or near Bow Lane,E01025289,Preston 017A,Violence and sexual offences,Further investigation is not in the public interest,
722c7e02b1a8bd5794087c853a434009960cc799f84d393b71ed5957db7c8e7f,2019-02,Lancashire Constabulary,Lancashire Constabulary,-2.715543,53.753173,On or near Brixey Street,E01025289,Preston 017A,Violence and sexual offences,Unable to prosecute suspect,
ca6d0ef371f77b0086f65d42e2d484d602612443408b14ecb330975a38d891c6,2019-02,Lancashire Constabulary,Lancashire Constabulary,-2.717823,53.758804,On or near Guild Way,E01025289,Preston 017A,Violence and sexual offences,Status update unavailable,
c639cafa8ba11042bdb63f2eab405a7c8444ebe7614b41f7dd6f51fe4ac432af,2019-02,Lancashire Constabulary,Lancashire Constabulary,-2.716377,53.757627,On or near Portland Street,E01025289,Preston 017A,Violence and sexual offences,Status update unavailable,
ee7b6c8f43cdd8099e48090e6405041f3dd7bec2b585093f838cb324a1c93bce,2019-02,Lancashire Constabulary,Lancashire Constabulary,-2.714347,53.753306,On or near Colman Court,E01025289,Preston 017A,Violence and sexual offences,Unable to prosecute suspect,
f497776362cf61b4b4f40fa12dc9036863cf2e6a24c0b4f2e82ee3bfddc9554f,2019-02,Lancashire Constabulary,Lancashire Constabulary,-2.716377,53.757627,On or near Portland Street,E01025289,Preston 017A,Violence and sexual offences,Status update unavailable,
94502ac2c902798541589ca5d88451a885f3c3bfb75c250f820ec0827048d64d,2019-02,Lancashire Constabulary,Lancashire Constabulary,-2.712683,53.758952,On or near Slade Street,E01025289,Preston 017A,Violence and sexual offences,Unable to prosecute suspect,
b25ffec9769e7884b4340f85672eb1e8bb1a8c38b577f273c7bc1849c5746bb0,2019-02,Lancashire Constabulary,Lancashire Constabulary,-2.714243,53.757046,On or near Burleigh Road,E01025289,Preston 017A,Violence and sexual offences,Status update unavailable,
dcaa3823f130098901f0ea6c890dddf661feb71eeddc78d335df73ba134dd61b,2019-02,Lancashire Constabulary,Lancashire Constabulary,-2.714183,53.754350,On or near Beech Street,E01025289,Preston 017A,Violence and sexual offences,Unable to prosecute suspect,
a461eca20affdaa650fe7a8341d6d843f67f25d30e42ecb88a39f63e92c3461b,2019-02,Lancashire Constabulary,Lancashire Constabulary,-2.716377,53.757627,On or near Portland Street,E01025289,Preston 017A,Violence and sexual offences,Status update unavailable,
9644aca7ea8050d70dadc6715e45d870d046f577b8a8eea69decb82d579684ef,2019-02,Lancashire Constabulary,Lancashire Constabulary,-2.712676,53.757613,On or near Maple Crescent,E01025289,Preston 017A,Violence and sexual offences,Status update unavailable,
f195a5c910337c242fd846344eb3ef8e5a65a08930a8cb6edf9a9df3e1c076cb,2019-02,Lancashire Constabulary,Lancashire Constabulary,-2.715543,53.753173,On or near Brixey Street,E01025289,Preston 017A,Violence and sexual offences,Further investigation is not in the public interest,
6715f6d69180b962735b152a44e34f1a6b8933edc315712cb4572788a1e9f539,2019-02,Lancashire Constabulary,Lancashire Constabulary,-2.711529,53.757943,On or near Bow Lane,E01025289,Preston 017A,Violence and sexual offences,Status update unavailable,
,2019-02,Lancashire Constabulary,Lancashire Constabulary,-2.708886,53.755945,On or near Christian Road,E01025290,Preston 017B,Anti-social behaviour,,
,2019-02,Lancashire Constabulary,Lancashire Constabulary,-2.711814,53.753304,On or near Hind Street,E01025290,Preston 017B,Anti-social behaviour,,
,2019-02,Lancashire Constabulary,Lancashire Constabulary,-2.710809,53.756680,On or near Petrol Station,E01025290,Preston 017B,Anti-social behaviour,,
,2019-02,Lancashire Constabulary,Lancashire Constabulary,-2.712619,53.752490,On or near Beech Street South,E01025290,Preston 017B,Anti-social behaviour,,
,2019-02,Lancashire Constabulary,Lancashire Constabulary,-2.708886,53.755945,On or near Christian Road,E01025290,Preston 017B,Anti-social behaviour,,
,2019-02,Lancashire Constabulary,Lancashire Constabulary,-2.711814,53.753304,On or near Hind Street,E01025290,Preston 017B,Anti-social behaviour,,
,2019-02,Lancashire Constabulary,Lancashire Constabulary,-2.708886,53.755945,On or near Christian Road,E01025290,Preston 017B,Anti-social behaviour,,
,2019-02,Lancashire Constabulary,Lancashire Constabulary,-2.708886,53.755945,On or near Christian Road,E01025290,Preston 017B,Anti-social behaviour,,
d7d23ff50b2092c75024af6f3b8daa632479b871fbf1d8af6c296b5ce7333259,2019-02,Lancashire Constabulary,Lancashire Constabulary,-2.709516,53.753713,On or near West Cliff,E01025290,Preston 017B,Criminal damage and arson,Status update unavailable,
ee08c6dcca4326ec0baa9f8487008797eadbe691fadda4f221cb47c447c8c878,2019-02,Lancashire Constabulary,Lancashire Constabulary,-2.711814,53.753304,On or near Hind Street,E01025290,Preston 017B,Criminal damage and arson,Unable to prosecute suspect,
f826ae097c06e4f71cfbf18f29e3d8dbcea3565a43bf29f9c0338a2775092e21,2019-02,Lancashire Constabulary,Lancashire Constabulary,-2.710809,53.756680,On or near Petrol Station,E01025290,Preston 017B,Other theft,Further investigation is not in the public interest,
bf5e9028096c01d0bd77b67b9b04e79a2ac40aff7004cbc767d1924973743a3f,2019-02,Lancashire Constabulary,Lancashire Constabulary,-2.711441,53.756335,On or near Spring Bank,E01025290,Preston 017B,Public order,Status update unavailable,
7603e6284408eda1b98aeea6810cff6e159207d91e23737d9068ccb1d279c93a,2019-02,Lancashire Constabulary,Lancashire Constabulary,-2.711530,53.757107,On or near Ladyman Street,E01025290,Preston 017B,Public order,Status update unavailable,
a8f601cc5c939230741651d07d7884f56c246df585df3b4bfe1768efd0852843,2019-02,Lancashire Constabulary,Lancashire Constabulary,-2.708886,53.755945,On or near Christian Road,E01025290,Preston 017B,Violence and sexual offences,Status update unavailable,
711eb50b5a8c8dfdb90bb09095517dde2a7c80db1ebc19197428126b3225410a,2019-02,Lancashire Constabulary,Lancashire Constabulary,-2.708827,53.756917,On or near Fishergate,E01025290,Preston 017B,Violence and sexual offences,Status update unavailable,
3fdc63d73a4c5255055ef2a0524056d42e54f3a69e27cf4d7db7f244d2906e40,2019-02,Lancashire Constabulary,Lancashire Constabulary,-2.711441,53.756335,On or near Spring Bank,E01025290,Preston 017B,Violence and sexual offences,Further investigation is not in the public interest,
0f1e5b35d2995373579e24046cfc1b8dfc6ca19efb639aaaca4f17496f9c8a31,2019-02,Lancashire Constabulary,Lancashire Constabulary,-2.711441,53.756335,On or near Spring Bank,E01025290,Preston 017B,Violence and sexual offences,Further investigation is not in the public interest,
a021ea13954f54f13cf8074aa08206bf05068bb1950148516c554a112942275d,2019-02,Lancashire Constabulary,Lancashire Constabulary,-2.712690,53.756678,On or near Good Street,E01025290,Preston 017B,Violence and sexual offences,Unable to prosecute suspect,
26d0d2c0fdbe86173070ce14ee4ac9411c5b973f3904d18ec73aa47e367c721a,2019-02,Lancashire Constabulary,Lancashire Constabulary,-2.708886,53.755945,On or near Christian Road,E01025290,Preston 017B,Violence and sexual offences,Status update unavailable,
fd523dc426926af1e7d2bafcc95047144caa900ee860e384b245535de80f2c97,2019-02,Lancashire Constabulary,Lancashire Constabulary,-2.710053,53.755876,On or near Walton'S Parade,E01025290,Preston 017B,Other crime,Status update unavailable,
f3ac5e45706f051b7f67addb2f41a0fde81c2107836dccc067496022c2ede87e,2019-02,Lancashire Constabulary,Lancashire Constabulary,-2.710053,53.755876,On or near Walton'S Parade,E01025290,Preston 017B,Other crime,Unable to prosecute suspect,
,2019-02,Lancashire Constabulary,Lancashire Constabulary,-2.712160,53.751324,On or near Hassett Close,E01025291,Preston 017C,Anti-social behaviour,,
,2019-02,Lancashire Constabulary,Lancashire Constabulary,-2.710294,53.752207,On or near Meadow Court,E01025291,Preston 017C,Anti-social behaviour,,
,2019-02,Lancashire Constabulary,Lancashire Constabulary,-2.712160,53.751324,On or near Hassett Close,E01025291,Preston 017C,Anti-social behaviour,,
,2019-02,Lancashire Constabulary,Lancashire Constabulary,-2.715488,53.752617,On or near Bird Street,E01025291,Preston 017C,Anti-social behaviour,,
,2019-02,Lancashire Constabulary,Lancashire Constabulary,-2.710294,53.752207,On or near Meadow Court,E01025291,Preston 017C,Anti-social behaviour,,
,2019-02,Lancashire Constabulary,Lancashire Constabulary,-2.715589,53.752337,On or near Tay Street,E01025291,Preston 017C,Anti-social behaviour,,
,2019-02,Lancashire Constabulary,Lancashire Constabulary,-2.707828,53.750748,On or near Sports/Recreation Area,E01025291,Preston 017C,Anti-social behaviour,,
f035eced54529415b33385fb429fba41ac10167c0a32bdd138ceda531bca3b05,2019-02,Lancashire Constabulary,Lancashire Constabulary,-2.715488,53.752617,On or near Bird Street,E01025291,Preston 017C,Other theft,Status update unavailable,
02d68335c1f626b7ed227dc1025859e5ef6cc956161aea60548ca7a71dcc5d3d,2019-02,Lancashire Constabulary,Lancashire Constabulary,-2.716074,53.751400,On or near Broadgate,E01025291,Preston 017C,Other theft,Status update unavailable,
3cdc3ca0e7d1c003ac823e93fcfc8725dbe663c399ef9d56bed376b0a6afd962,2019-02,Lancashire Constabulary,Lancashire Constabulary,-2.710294,53.752207,On or near Meadow Court,E01025291,Preston 017C,Public order,Unable to prosecute suspect,
10d862cd7a916c80799262dbdf016305b0280717dd230fbfb2bcb876f23ce39f,2019-02,Lancashire Constabulary,Lancashire Constabulary,-2.710294,53.752207,On or near Meadow Court,E01025291,Preston 017C,Public order,Status update unavailable,
,2019-02,Lancashire Constabulary,Lancashire Constabulary,-2.703833,53.754007,On or near East Cliff,E01025306,Preston 017D,Anti-social behaviour,,
,2019-02,Lancashire Constabulary,Lancashire Constabulary,-2.702518,53.757862,On or near Fishergate,E01025306,Preston 017D,Anti-social behaviour,,
,2019-02,Lancashire Constabulary,Lancashire Constabulary,-2.695547,53.753642,On or near Bank Parade,E01025306,Preston 017D,Anti-social behaviour,,
,2019-02,Lancashire Constabulary,Lancashire Constabulary,-2.695547,53.753642,On or near Bank Parade,E01025306,Preston 017D,Anti-social behaviour,,
,2019-02,Lancashire Constabulary,Lancashire Constabulary,-2.695547,53.753642,On or near Bank Parade,E01025306,Preston 017D,Anti-social behaviour,,
,2019-02,Lancashire Constabulary,Lancashire Constabulary,-2.695547,53.753642,On or near Bank Parade,E01025306,Preston 017D,Anti-social behaviour,,
,2019-02,Lancashire Constabulary,Lancashire Constabulary,-2.701226,53.754966,On or near Camden Place,E01025306,Preston 017D,Anti-social behaviour,,
,2019-02,Lancashire Constabulary,Lancashire Constabulary,-2.695547,53.753642,On or near Bank Parade,E01025306,Preston 017D,Anti-social behaviour,,
,2019-02,Lancashire Constabulary,Lancashire Constabulary,-2.695547,53.753642,On or near Bank Parade,E01025306,Preston 017D,Anti-social behaviour,,
,2019-02,Lancashire Constabulary,Lancashire Constabulary,-2.703709,53.758340,On or near Fox Street,E01025306,Preston 017D,Anti-social behaviour,,
,2019-02,Lancashire Constabulary,Lancashire Constabulary,-2.695547,53.753642,On or near Bank Parade,E01025306,Preston 017D,Anti-social behaviour,,
,2019-02,Lancashire Constabulary,Lancashire Constabulary,-2.702478,53.758230,On or near Chapel Walks,E01025306,Preston 017D,Anti-social behaviour,,
,2019-02,Lancashire Constabulary,Lancashire Constabulary,-2.695547,53.753642,On or near Bank Parade,E01025306,Preston 017D,Anti-social behaviour,,
,2019-02,Lancashire Constabulary,Lancashire Constabulary,-2.703709,53.758340,On or near Fox Street,E01025306,Preston 017D,Anti-social behaviour,,
,2019-02,Lancashire Constabulary,Lancashire Constabulary,-2.695547,53.753642,On or near Bank Parade,E01025306,Preston 017D,Anti-social behaviour,,
,2019-02,Lancashire Constabulary,Lancashire Constabulary,-2.695585,53.754154,On or near Cadogan Place,E01025306,Preston 017D,Anti-social behaviour,,
,2019-02,Lancashire Constabulary,Lancashire Constabulary,-2.703857,53.759049,On or near Fleet Street,E01025306,Preston 017D,Anti-social behaviour,,
,2019-02,Lancashire Constabulary,Lancashire Constabulary,-2.695585,53.754154,On or near Cadogan Place,E01025306,Preston 017D,Anti-social behaviour,,
,2019-02,Lancashire Constabulary,Lancashire Constabulary,-2.701517,53.757876,On or near Shopping Area,E01025306,Preston 017D,Anti-social behaviour,,
,2019-02,Lancashire Constabulary,Lancashire Constabulary,-2.699463,53.754769,On or near Regent Street,E01025306,Preston 017D,Anti-social behaviour,,
,2019-02,Lancashire Constabulary,Lancashire Constabulary,-2.697067,53.753894,On or near Porter Place,E01025306,Preston 017D,Anti-social behaviour,,
,2019-02,Lancashire Constabulary,Lancashire Constabulary,-2.703833,53.754007,On or near East Cliff,E01025306,Preston 017D,Anti-social behaviour,,
,2019-02,Lancashire Constabulary,Lancashire Constabulary,-2.702478,53.758230,On or near Chapel Walks,E01025306,Preston 017D,Anti-social behaviour,,
,2019-02,Lancashire Constabulary,Lancashire Constabulary,-2.703833,53.754007,On or near East Cliff,E01025306,Preston 017D,Anti-social behaviour,,
,2019-02,Lancashire Constabulary,Lancashire Constabulary,-2.702518,53.757862,On or near Fishergate,E01025306,Preston 017D,Anti-social behaviour,,
,2019-02,Lancashire Constabulary,Lancashire Constabulary,-2.695547,53.753642,On or near Bank Parade,E01025306,Preston 017D,Anti-social behaviour,,
,2019-02,Lancashire Constabulary,Lancashire Constabulary,-2.702518,53.757862,On or near Fishergate,E01025306,Preston 017D,Anti-social behaviour,,
,2019-02,Lancashire Constabulary,Lancashire Constabulary,-2.703833,53.754007,On or near East Cliff,E01025306,Preston 017D,Anti-social behaviour,,
,2019-02,Lancashire Constabulary,Lancashire Constabulary,-2.703833,53.754007,On or near East Cliff,E01025306,Preston 017D,Anti-social behaviour,,
,2019-02,Lancashire Constabulary,Lancashire Constabulary,-2.701517,53.757876,On or near Shopping Area,E01025306,Preston 017D,Anti-social behaviour,,
,2019-02,Lancashire Constabulary,Lancashire Constabulary,-2.702518,53.757862,On or near Fishergate,E01025306,Preston 017D,Anti-social behaviour,,
,2019-02,Lancashire Constabulary,Lancashire Constabulary,-2.702478,53.758230,On or near Chapel Walks,E01025306,Preston 017D,Anti-social behaviour,,
,2019-02,Lancashire Constabulary,Lancashire Constabulary,-2.703588,53.756597,On or near Mount Street,E01025306,Preston 017D,Anti-social behaviour,,
,2019-02,Lancashire Constabulary,Lancashire Constabulary,-2.703833,53.754007,On or near East Cliff,E01025306,Preston 017D,Anti-social behaviour,,
,2019-02,Lancashire Constabulary,Lancashire Constabulary,-2.699581,53.756369,On or near Cross Street,E01025306,Preston 017D,Anti-social behaviour,,
8f7211dd59f0ec3bbfd6fb27ad2f3e501ecee84ff0fbd88e629aa77ab110c58a,2019-02,Lancashire Constabulary,Lancashire Constabulary,-2.705882,53.757698,On or near Corporation Street,E01025306,Preston 017D,Burglary,Status update unavailable,
5bbc0e0c94b9bfc6cdc401d6c230e4014c170f5d02dc51d090dd4d993b2f55ad,2019-02,Lancashire Constabulary,Lancashire Constabulary,-2.695547,53.753642,On or near Bank Parade,E01025306,Preston 017D,Burglary,Status update unavailable,
d6642bb7373790fe7a51590c2856db196756d7942c93b8fd078cbfb8db833fc5,2019-02,Lancashire Constabulary,Lancashire Constabulary,-2.702993,53.757266,On or near Chapel Street,E01025306,Preston 017D,Burglary,Status update unavailable,
665ef56de4a46ac8f6b96bce7e693638d68383c4a3b6fd8c88406069af7a13a9,2019-02,Lancashire Constabulary,Lancashire Constabulary,-2.696550,53.754688,On or near Great Avenham Street,E01025306,Preston 017D,Burglary,Status update unavailable,
64d1d15a992fe6fb820fd922156577de080e7d1400a983ad46cff22afcc3b944,2019-02,Lancashire Constabulary,Lancashire Constabulary,-2.702518,53.757862,On or near Fishergate,E01025306,Preston 017D,Criminal damage and arson,Status update unavailable,
23283465a0040e92cb77f30cf698267a49dc0a01810bfdf141764f4ccaa695c3,2019-02,Lancashire Constabulary,Lancashire Constabulary,-2.703056,53.755566,On or near Garden Street,E01025306,Preston 017D,Criminal damage and arson,Status update unavailable,
cdb827b48aef6637853b67fe7f28238b0bd2e2f27f6df08b4f33e3d98c7e5484,2019-02,Lancashire Constabulary,Lancashire Constabulary,-2.703381,53.758728,On or near Nightclub,E01025306,Preston 017D,Criminal damage and arson,Status update unavailable,
62e05aa3176606eb3dbf90ca2444bea016dc7cbf3a47aa7799251d840f91681a,2019-02,Lancashire Constabulary,Lancashire Constabulary,-2.705763,53.756944,On or near Shopping Area,E01025306,Preston 017D,Drugs,Offender given a caution,
f7c935d5914ecdb04589296a09dfd542e6eeb13f6127d9763870a49307664403,2019-02,Lancashire Constabulary,Lancashire Constabulary,-2.701517,53.757876,On or near Shopping Area,E01025306,Preston 017D,Other theft,Status update unavailable,
69e1cc06400c28b6288b32f52d75786a30d932e978f02a0b1730d9bc62ca5729,2019-02,Lancashire Constabulary,Lancashire Constabulary,-2.704312,53.757222,On or near Theatre Street,E01025306,Preston 017D,Other theft,Local resolution,
165b7f75d7e23436585b20eb5037c08a8f941134fa1cd9be3ed79ac03987ff72,2019-02,Lancashire Constabulary,Lancashire Constabulary,-2.702518,53.757862,On or near Fishergate,E01025306,Preston 017D,Other theft,Status update unavailable,
43cc2f617eb2d2d04d629dbfcd78bd66c146f01995d182a7b3881a769d9592fa,2019-02,Lancashire Constabulary,Lancashire Constabulary,-2.701517,53.757876,On or near Shopping Area,E01025306,Preston 017D,Other theft,Status update unavailable,
86ec7a1e2221b2cd7e51806e87d4482f84b304fafb362806cb46037fc2eb3687,2019-02,Lancashire Constabulary,Lancashire Constabulary,-2.703857,53.759049,On or near Fleet Street,E01025306,Preston 017D,Other theft,Status update unavailable,
63843d50cb8cb32290a3098b0b20e2e47bd5c0928df1a900b9e8c677ef40fd1d,2019-02,Lancashire Constabulary,Lancashire Constabulary,-2.702499,53.758563,On or near Shopping Area,E01025306,Preston 017D,Other theft,Status update unavailable,
832c281dbc8e4225e9f8bfa4f2f460c7615c45624557f308a0e9ba7351af5f7c,2019-02,Lancashire Constabulary,Lancashire Constabulary,-2.701226,53.754966,On or near Camden Place,E01025306,Preston 017D,Other theft,Status update unavailable,
737a9e8e9eadf14049a6d19249ef5ebbcc6260f739ea598e4fa4169e859af490,2019-02,Lancashire Constabulary,Lancashire Constabulary,-2.700209,53.754972,On or near Starkie Street,E01025306,Preston 017D,Other theft,Unable to prosecute suspect,
db77709bc37234f048e3ed51dede067412c8232cb4aadb8c4ac81ae70b4b8a16,2019-02,Lancashire Constabulary,Lancashire Constabulary,-2.695585,53.754154,On or near Cadogan Place,E01025306,Preston 017D,Other theft,Status update unavailable,
bf193eb29c77dce7122b691324f99acd6903c6c42b565e7ab038c991843e316e,2019-02,Lancashire Constabulary,Lancashire Constabulary,-2.702518,53.757862,On or near Fishergate,E01025306,Preston 017D,Other theft,Status update unavailable,
2da74305e5a0738b82e86e6d0f7b3efba71cd22295062be23d60e47c69fd39d2,2019-02,Lancashire Constabulary,Lancashire Constabulary,-2.702518,53.757862,On or near Fishergate,E01025306,Preston 017D,Other theft,Status update unavailable,
80b668f0ae0f85fde25b03abcc30a2018cb045caf925f01b2d67c911dfa27ab0,2019-02,Lancashire Constabulary,Lancashire Constabulary,-2.703857,53.759049,On or near Fleet Street,E01025306,Preston 017D,Public order,Status update unavailable,
158452532a60db1fc244c546735aa85e47eccab692c7320757dc22571636d04d,2019-02,Lancashire Constabulary,Lancashire Constabulary,-2.701517,53.757876,On or near Shopping Area,E01025306,Preston 017D,Public order,Further investigation is not in the public interest,
ec62f1f43b9b3024eb87f8362efe8fa3918426f2933a8f78f7e7daa228340758,2019-02,Lancashire Constabulary,Lancashire Constabulary,-2.702518,53.757862,On or near Fishergate,E01025306,Preston 017D,Robbery,Status update unavailable,
a27cb56a05c59a1491486d3db3db06411d77e5b35d133ab9cde6f03301856014,2019-02,Lancashire Constabulary,Lancashire Constabulary,-2.705763,53.756944,On or near Shopping Area,E01025306,Preston 017D,Shoplifting,Offender fined,
7bc5fa4f7e6431904e5518f45f301664ed5c55e7ef440f37aa55e9300b24c994,2019-02,Lancashire Constabulary,Lancashire Constabulary,-2.701517,53.757876,On or near Shopping Area,E01025306,Preston 017D,Shoplifting,Status update unavailable,
402992d653460e796b3b160ba484f4e325a096aafdb3a3e62066e15466bad397,2019-02,Lancashire Constabulary,Lancashire Constabulary,-2.704312,53.757222,On or near Theatre Street,E01025306,Preston 017D,Shoplifting,Offender given a caution,
628f660f49984a873fa643216cd3e16b1ba007166790c1334967f8577bf379fb,2019-02,Lancashire Constabulary,Lancashire Constabulary,-2.701517,53.757876,On or near Shopping Area,E01025306,Preston 017D,Shoplifting,Status update unavailable,
cd9a3803f130c20bdff8582bd3514043dee06e16be1610c0de6b6b14571b2d57,2019-02,Lancashire Constabulary,Lancashire Constabulary,-2.701517,53.757876,On or near Shopping Area,E01025306,Preston 017D,Shoplifting,Unable to prosecute suspect,
dbefd7f479ec074d640a226ced3109fd8cc8779aed2ffcdec39b75d06413f29e,2019-02,Lancashire Constabulary,Lancashire Constabulary,-2.705763,53.756944,On or near Shopping Area,E01025306,Preston 017D,Shoplifting,Offender given a caution,
74769e51a872e8100b90f6dc5a53bc0514a4710dc9f9fa2ec00fe6f5c682f398,2019-02,Lancashire Constabulary,Lancashire Constabulary,-2.705763,53.756944,On or near Shopping Area,E01025306,Preston 017D,Shoplifting,Offender given suspended prison sentence,
f408c27514f2975127d26dd8631600269bb81941bdaf342927a1cd301fc98043,2019-02,Lancashire Constabulary,Lancashire Constabulary,-2.704312,53.757222,On or near Theatre Street,E01025306,Preston 017D,Shoplifting,Status update unavailable,
de4b2252a04faf54e4615a9d05d472cf704954ce856090e3bb5f6ad2fcc8b373,2019-02,Lancashire Constabulary,Lancashire Constabulary,-2.705763,53.756944,On or near Shopping Area,E01025306,Preston 017D,Shoplifting,Offender given community sentence,
8f06ed26afbf1c85b32ba6e3b46f0fe950c698539d73b74ce3f8f82ffe5003c4,2019-02,Lancashire Constabulary,Lancashire Constabulary,-2.702499,53.758563,On or near Shopping Area,E01025306,Preston 017D,Shoplifting,Status update unavailable,
aabbef44034860aff2a91a34dc5610a4007f665f778a7ede2d495961374baa19,2019-02,Lancashire Constabulary,Lancashire Constabulary,-2.702774,53.759568,On or near Parking Area,E01025306,Preston 017D,Shoplifting,Status update unavailable,
780105392e2429adec536cb0e3eda4f93f1d2f0464f602f39235efeda8aead61,2019-02,Lancashire Constabulary,Lancashire Constabulary,-2.705763,53.756944,On or near Shopping Area,E01025306,Preston 017D,Shoplifting,Offender given community sentence,
42958a9ef4a2d0e4548ea9d0128d0bb8f37eb2b2f7e7a568dd846db5995fafea,2019-02,Lancashire Constabulary,Lancashire Constabulary,-2.703899,53.757961,On or near Surgeon'S Court,E01025306,Preston 017D,Shoplifting,Status update unavailable,
b91daa401b889fe6f8d6c1c3f50d798a624b592fc774a8a24f2a3c7be2eb2dac,2019-02,Lancashire Constabulary,Lancashire Constabulary,-2.701517,53.757876,On or near Shopping Area,E01025306,Preston 017D,Shoplifting,Status update unavailable,
37a596edcbccc2aad17e0fb46a1cc3d4745ad5841c8156b65f39d645aa161c6a,2019-02,Lancashire Constabulary,Lancashire Constabulary,-2.705763,53.756944,On or near Shopping Area,E01025306,Preston 017D,Shoplifting,Status update unavailable,
a57f1e7e54ca9fddfd41a258e2a2f767fd2a707da8948adac2c850d4a3539cf0,2019-02,Lancashire Constabulary,Lancashire Constabulary,-2.705763,53.756944,On or near Shopping Area,E01025306,Preston 017D,Shoplifting,Awaiting court outcome,
406dbcdf9483ddc2fd8da367356a1881e43ed93a155132eb521919781c19bd87,2019-02,Lancashire Constabulary,Lancashire Constabulary,-2.704312,53.757222,On or near Theatre Street,E01025306,Preston 017D,Shoplifting,Status update unavailable,
c91d2ca6bb95dddc0b51a2f23665a90e4c2e231108b3476222c521edac488271,2019-02,Lancashire Constabulary,Lancashire Constabulary,-2.704312,53.757222,On or near Theatre Street,E01025306,Preston 017D,Theft from the person,Status update unavailable,
2a180e9b022a2fdff604ca9f1324d7a95f339a0d721f3840086b8471a16da1ec,2019-02,Lancashire Constabulary,Lancashire Constabulary,-2.705763,53.756944,On or near Shopping Area,E01025306,Preston 017D,Theft from the person,Status update unavailable,
be6bb0ac072b2d94ede66e924ee46b256243ee4e93971532cee7f50e6a4adfb4,2019-02,Lancashire Constabulary,Lancashire Constabulary,-2.705763,53.756944,On or near Shopping Area,E01025306,Preston 017D,Theft from the person,Status update unavailable,
e9378840c3fc754c2fda095e51b7d785a5689135dd485f3b89df639793abfcc3,2019-02,Lancashire Constabulary,Lancashire Constabulary,-2.705763,53.756944,On or near Shopping Area,E01025306,Preston 017D,Theft from the person,Status update unavailable,
8952d7c0a13e1cb451d1f59e12c7ddee559b10c79595efc17b2d1f1d00466927,2019-02,Lancashire Constabulary,Lancashire Constabulary,-2.702499,53.758563,On or near Shopping Area,E01025306,Preston 017D,Violence and sexual offences,Status update unavailable,
f52b1aef7e14a1e9c74068696b11d7d870707416858406236d57d9b9785b8cee,2019-02,Lancashire Constabulary,Lancashire Constabulary,-2.705882,53.757698,On or near Corporation Street,E01025306,Preston 017D,Violence and sexual offences,Status update unavailable,
8f3ea77fb742c9cd541ddb74cca2d5d837c43583a18547518180343dc0fbc2d6,2019-02,Lancashire Constabulary,Lancashire Constabulary,-2.702518,53.757862,On or near Fishergate,E01025306,Preston 017D,Violence and sexual offences,Status update unavailable,
3389f58bdca7c2c6dadee0f909c65c000d16eddcee0d7425a23a02e950ef1b50,2019-02,Lancashire Constabulary,Lancashire Constabulary,-2.705003,53.755052,On or near Parking Area,E01025306,Preston 017D,Violence and sexual offences,Status update unavailable,
7da20d99a0387432646c4a21aae76864758086997dc97436bc0b15b9f88d52db,2019-02,Lancashire Constabulary,Lancashire Constabulary,-2.703833,53.754007,On or near East Cliff,E01025306,Preston 017D,Violence and sexual offences,Status update unavailable,
3bcce86358de159bf75f23c04f3a32c1b700b166ec60daa13d6b1ed63d76d74c,2019-02,Lancashire Constabulary,Lancashire Constabulary,-2.703899,53.757961,On or near Surgeon'S Court,E01025306,Preston 017D,Violence and sexual offences,Status update unavailable,
a6d2bc9662741aa9bdd3a8c06e0d3e282041e39741f398733efa78b3adf7347b,2019-02,Lancashire Constabulary,Lancashire Constabulary,-2.695585,53.754154,On or near Cadogan Place,E01025306,Preston 017D,Violence and sexual offences,Unable to prosecute suspect,
ede6173dd42b3bef3e1182e293d14b0f48b3c6736455709778e7be9f98ed5990,2019-02,Lancashire Constabulary,Lancashire Constabulary,-2.702499,53.758563,On or near Shopping Area,E01025306,Preston 017D,Violence and sexual offences,Status update unavailable,
7b0f2be9f02107d62273241d1eacd4bd76b111d00ba91a5f9ed95560e2d1cd89,2019-02,Lancashire Constabulary,Lancashire Constabulary,-2.703857,53.759049,On or near Fleet Street,E01025306,Preston 017D,Violence and sexual offences,Status update unavailable,
c112fc6e796fea4b812b57b4e0ad2967a23b579af964c61ba9cc3e373139271c,2019-02,Lancashire Constabulary,Lancashire Constabulary,-2.702499,53.758563,On or near Shopping Area,E01025306,Preston 017D,Other crime,Unable to prosecute suspect,
,2019-02,Lancashire Constabulary,Lancashire Constabulary,-2.695340,53.759530,On or near Church Row,E01033223,Preston 017F,Anti-social behaviour,,
,2019-02,Lancashire Constabulary,Lancashire Constabulary,-2.704696,53.760240,On or near Back Seed Street,E01033223,Preston 017F,Anti-social behaviour,,
,2019-02,Lancashire Constabulary,Lancashire Constabulary,-2.703111,53.760671,On or near Union Street,E01033223,Preston 017F,Anti-social behaviour,,
,2019-02,Lancashire Constabulary,Lancashire Constabulary,-2.703111,53.760671,On or near Union Street,E01033223,Preston 017F,Anti-social behaviour,,
,2019-02,Lancashire Constabulary,Lancashire Constabulary,-2.700974,53.760792,On or near Nightclub,E01033223,Preston 017F,Anti-social behaviour,,
,2019-02,Lancashire Constabulary,Lancashire Constabulary,-2.697914,53.761079,On or near Old Vicarage,E01033223,Preston 017F,Anti-social behaviour,,
,2019-02,Lancashire Constabulary,Lancashire Constabulary,-2.697839,53.758374,On or near Fishergate,E01033223,Preston 017F,Anti-social behaviour,,
,2019-02,Lancashire Constabulary,Lancashire Constabulary,-2.706451,53.761802,On or near Hope Street,E01033223,Preston 017F,Anti-social behaviour,,
,2019-02,Lancashire Constabulary,Lancashire Constabulary,-2.699333,53.758806,On or near Cheapside,E01033223,Preston 017F,Anti-social behaviour,,
,2019-02,Lancashire Constabulary,Lancashire Constabulary,-2.699941,53.759773,On or near Market Street,E01033223,Preston 017F,Anti-social behaviour,,
,2019-02,Lancashire Constabulary,Lancashire Constabulary,-2.697839,53.758374,On or near Fishergate,E01033223,Preston 017F,Anti-social behaviour,,
,2019-02,Lancashire Constabulary,Lancashire Constabulary,-2.699941,53.759773,On or near Market Street,E01033223,Preston 017F,Anti-social behaviour,,
,2019-02,Lancashire Constabulary,Lancashire Constabulary,-2.704710,53.761066,On or near Friargate,E01033223,Preston 017F,Anti-social behaviour,,
,2019-02,Lancashire Constabulary,Lancashire Constabulary,-2.698175,53.757599,On or near Main Sprit Weind,E01033223,Preston 017F,Anti-social behaviour,,
,2019-02,Lancashire Constabulary,Lancashire Constabulary,-2.699941,53.759773,On or near Market Street,E01033223,Preston 017F,Anti-social behaviour,,
,2019-02,Lancashire Constabulary,Lancashire Constabulary,-2.697839,53.758374,On or near Fishergate,E01033223,Preston 017F,Anti-social behaviour,,
,2019-02,Lancashire Constabulary,Lancashire Constabulary,-2.697839,53.758374,On or near Fishergate,E01033223,Preston 017F,Anti-social behaviour,,
,2019-02,Lancashire Constabulary,Lancashire Constabulary,-2.701872,53.761892,On or near Parking Area,E01033223,Preston 017F,Anti-social behaviour,,
,2019-02,Lancashire Constabulary,Lancashire Constabulary,-2.697839,53.758374,On or near Fishergate,E01033223,Preston 017F,Anti-social behaviour,,
,2019-02,Lancashire Constabulary,Lancashire Constabulary,-2.696002,53.761953,On or near Pedestrian Subway,E01033223,Preston 017F,Anti-social behaviour,,
,2019-02,Lancashire Constabulary,Lancashire Constabulary,-2.699333,53.758806,On or near Cheapside,E01033223,Preston 017F,Anti-social behaviour,,
,2019-02,Lancashire Constabulary,Lancashire Constabulary,-2.701648,53.760275,On or near Shopping Area,E01033223,Preston 017F,Anti-social behaviour,,
,2019-02,Lancashire Constabulary,Lancashire Constabulary,-2.701648,53.760275,On or near Shopping Area,E01033223,Preston 017F,Anti-social behaviour,,
,2019-02,Lancashire Constabulary,Lancashire Constabulary,-2.699333,53.758806,On or near Cheapside,E01033223,Preston 017F,Anti-social behaviour,,
,2019-02,Lancashire Constabulary,Lancashire Constabulary,-2.701648,53.760275,On or near Shopping Area,E01033223,Preston 017F,Anti-social behaviour,,
,2019-02,Lancashire Constabulary,Lancashire Constabulary,-2.690757,53.761220,On or near Church Street,E01033223,Preston 017F,Anti-social behaviour,,
,2019-02,Lancashire Constabulary,Lancashire Constabulary,-2.704303,53.761231,On or near Clayton'S Gate,E01033223,Preston 017F,Anti-social behaviour,,
,2019-02,Lancashire Constabulary,Lancashire Constabulary,-2.706143,53.761489,On or near Edward Street,E01033223,Preston 017F,Anti-social behaviour,,
,2019-02,Lancashire Constabulary,Lancashire Constabulary,-2.703111,53.760671,On or near Union Street,E01033223,Preston 017F,Anti-social behaviour,,
,2019-02,Lancashire Constabulary,Lancashire Constabulary,-2.699830,53.757662,On or near Temple Court,E01033223,Preston 017F,Anti-social behaviour,,
,2019-02,Lancashire Constabulary,Lancashire Constabulary,-2.699941,53.759773,On or near Market Street,E01033223,Preston 017F,Anti-social behaviour,,
,2019-02,Lancashire Constabulary,Lancashire Constabulary,-2.704710,53.761066,On or near Friargate,E01033223,Preston 017F,Anti-social behaviour,,
,2019-02,Lancashire Constabulary,Lancashire Constabulary,-2.701648,53.760275,On or near Shopping Area,E01033223,Preston 017F,Anti-social behaviour,,
,2019-02,Lancashire Constabulary,Lancashire Constabulary,-2.700974,53.760792,On or near Nightclub,E01033223,Preston 017F,Anti-social behaviour,,
,2019-02,Lancashire Constabulary,Lancashire Constabulary,-2.698291,53.761841,On or near Ormskirk Road,E01033223,Preston 017F,Anti-social behaviour,,
,2019-02,Lancashire Constabulary,Lancashire Constabulary,-2.700303,53.762405,On or near Sizehouse Street,E01033223,Preston 017F,Anti-social behaviour,,
,2019-02,Lancashire Constabulary,Lancashire Constabulary,-2.695340,53.759530,On or near Church Row,E01033223,Preston 017F,Anti-social behaviour,,
,2019-02,Lancashire Constabulary,Lancashire Constabulary,-2.703739,53.761980,On or near Patten Street,E01033223,Preston 017F,Anti-social behaviour,,
,2019-02,Lancashire Constabulary,Lancashire Constabulary,-2.701872,53.761892,On or near Parking Area,E01033223,Preston 017F,Anti-social behaviour,,
,2019-02,Lancashire Constabulary,Lancashire Constabulary,-2.693614,53.760592,On or near Pole Street,E01033223,Preston 017F,Anti-social behaviour,,
,2019-02,Lancashire Constabulary,Lancashire Constabulary,-2.701872,53.761892,On or near Parking Area,E01033223,Preston 017F,Anti-social behaviour,,
,2019-02,Lancashire Constabulary,Lancashire Constabulary,-2.699333,53.758806,On or near Cheapside,E01033223,Preston 017F,Anti-social behaviour,,
,2019-02,Lancashire Constabulary,Lancashire Constabulary,-2.693945,53.759538,On or near Church Street,E01033223,Preston 017F,Anti-social behaviour,,
,2019-02,Lancashire Constabulary,Lancashire Constabulary,-2.700255,53.757704,On or near Shopping Area,E01033223,Preston 017F,Anti-social behaviour,,
,2019-02,Lancashire Constabulary,Lancashire Constabulary,-2.692725,53.760984,On or near Percy Street,E01033223,Preston 017F,Anti-social behaviour,,
,2019-02,Lancashire Constabulary,Lancashire Constabulary,-2.701648,53.760275,On or near Shopping Area,E01033223,Preston 017F,Anti-social behaviour,,
,2019-02,Lancashire Constabulary,Lancashire Constabulary,-2.700564,53.758961,On or near Anchor Court,E01033223,Preston 017F,Anti-social behaviour,,
,2019-02,Lancashire Constabulary,Lancashire Constabulary,-2.699333,53.758806,On or near Cheapside,E01033223,Preston 017F,Anti-social behaviour,,
,2019-02,Lancashire Constabulary,Lancashire Constabulary,-2.697839,53.758374,On or near Fishergate,E01033223,Preston 017F,Anti-social behaviour,,
d491c94024c3afbeacfae61163f1beee9647842b52043d2a341b73469c2ea39f,2019-02,Lancashire Constabulary,Lancashire Constabulary,-2.699506,53.757331,On or near Cannon Street,E01033223,Preston 017F,Bicycle theft,Status update unavailable,
55d281f2cb20d8f6e3743835e69089d62d8464174c49a16baf98739c2b170004,2019-02,Lancashire Constabulary,Lancashire Constabulary,-2.697839,53.758374,On or near Fishergate,E01033223,Preston 017F,Bicycle theft,Status update unavailable,
82768323ea5392c0eb43c4028f59d7742e4ea10d1cbf170bed73df3a1f53667e,2019-02,Lancashire Constabulary,Lancashire Constabulary,-2.700255,53.757704,On or near Shopping Area,E01033223,Preston 017F,Burglary,Status update unavailable,
c94d03ce45e2152d09be81f85d69656fc669852fc219dfbf933b6e6731a3a142,2019-02,Lancashire Constabulary,Lancashire Constabulary,-2.700974,53.760792,On or near Nightclub,E01033223,Preston 017F,Burglary,Status update unavailable,
9a430d3d6b15a68646f09d2a1c2ccd1722b618224dfd2e999274e7cbc2947237,2019-02,Lancashire Constabulary,Lancashire Constabulary,-2.693945,53.759538,On or near Church Street,E01033223,Preston 017F,Burglary,Status update unavailable,
4eacc7638cba450ec57ccc12a8ba9abc40890695b5105ad71ce72ded3e4260d2,2019-02,Lancashire Constabulary,Lancashire Constabulary,-2.705458,53.763165,On or near Moor Lane,E01033223,Preston 017F,Burglary,Status update unavailable,
e6d34729b1c30d36ad16176ee2395053bf2a41f969fcf733fd460e433569b804,2019-02,Lancashire Constabulary,Lancashire Constabulary,-2.693945,53.759538,On or near Church Street,E01033223,Preston 017F,Burglary,Further investigation is not in the public interest,
1bf766d6d05350767b66ce3121d484332f2bfb9bafad13ac31963b5dbcff019c,2019-02,Lancashire Constabulary,Lancashire Constabulary,-2.704071,53.760055,On or near Hill Street,E01033223,Preston 017F,Burglary,Status update unavailable,
6d4a7726dd4b60a49f3794d1d9ea37e1f1409d44518aae5da39a3d177f888e6f,2019-02,Lancashire Constabulary,Lancashire Constabulary,-2.704071,53.760055,On or near Hill Street,E01033223,Preston 017F,Burglary,Status update unavailable,
4dd82c3dde5e4a233fc0f7dc740f53b577116456299701f4c4dbb004e58b8d8b,2019-02,Lancashire Constabulary,Lancashire Constabulary,-2.699333,53.758806,On or near Cheapside,E01033223,Preston 017F,Burglary,Awaiting court outcome,
7da8d1a5ec9d8428c2fac2f93795d1bc9d123af7d8834ccbb7906933c4f3bbe4,2019-02,Lancashire Constabulary,Lancashire Constabulary,-2.699830,53.757662,On or near Temple Court,E01033223,Preston 017F,Burglary,Status update unavailable,
f0a0ce53473db82207831ef3df88c7a18368463e82e2fc2d81c90c1a54b2de7a,2019-02,Lancashire Constabulary,Lancashire Constabulary,-2.699506,53.757331,On or near Cannon Street,E01033223,Preston 017F,Burglary,Status update unavailable,
55fb9868fb5a88368d34fcbd8cb3d38cb7db88fe17d981d799845a0f8f4c37a6,2019-02,Lancashire Constabulary,Lancashire Constabulary,-2.704303,53.761231,On or near Clayton'S Gate,E01033223,Preston 017F,Burglary,Status update unavailable,
51a29d3b3aaba779907d4fa86b80b67b0d9eb6ccdecef3824d359f75f0dac9f3,2019-02,Lancashire Constabulary,Lancashire Constabulary,-2.695340,53.759530,On or near Church Row,E01033223,Preston 017F,Criminal damage and arson,Status update unavailable,
22d54705f9ea51eb6b869153ee933b48dac89d7a04c7148dfe4b0b06f01ac366,2019-02,Lancashire Constabulary,Lancashire Constabulary,-2.695340,53.759530,On or near Church Row,E01033223,Preston 017F,Criminal damage and arson,Status update unavailable,
7c5fef42a7b0f871f2055c1e4e1631c2f0438c390064b4dd45f82b6fe78df317,2019-02,Lancashire Constabulary,Lancashire Constabulary,-2.693614,53.760592,On or near Pole Street,E01033223,Preston 017F,Criminal damage and arson,Status update unavailable,
26548c061c19afe1a3d8ac161cf9ee605f13eae4a0f7b9eeea1ebb2050ad89e5,2019-02,Lancashire Constabulary,Lancashire Constabulary,-2.697839,53.758374,On or near Fishergate,E01033223,Preston 017F,Criminal damage and arson,Status update unavailable,
a0ab26c3f949fab1095cb65700fe33c594ed89434b13f89cdb4ad677d2dd1e36,2019-02,Lancashire Constabulary,Lancashire Constabulary,-2.699941,53.759773,On or near Market Street,E01033223,Preston 017F,Criminal damage and arson,Status update unavailable,
efd33396aa64486b057b5b835cf0d3cd9abc8f79333632588b5b49faf4d28787,2019-02,Lancashire Constabulary,Lancashire Constabulary,-2.690757,53.761220,On or near Church Street,E01033223,Preston 017F,Criminal damage and arson,Status update unavailable,
ac85598c6fb85fce488796ed996a8cc4e3d6d72691e10eb522e908c1e1780731,2019-02,Lancashire Constabulary,Lancashire Constabulary,-2.695340,53.759530,On or near Church Row,E01033223,Preston 017F,Criminal damage and arson,Status update unavailable,
1a7891e2d531a0b975bcb8b81e098d8166b162b4bdffae1e9b7ae48f5fac5dd1,2019-02,Lancashire Constabulary,Lancashire Constabulary,-2.697914,53.761079,On or near Old Vicarage,E01033223,Preston 017F,Other theft,Unable to prosecute suspect,
fdf766f62521c173ed09d69ed64b098fe76dd33ffde7a31f3cc6ab073fb2f38e,2019-02,Lancashire Constabulary,Lancashire Constabulary,-2.700974,53.760792,On or near Nightclub,E01033223,Preston 017F,Other theft,Status update unavailable,
9d268c39c15a8cac905de534185d8b95987a66e6c85776992bbb1329e915105e,2019-02,Lancashire Constabulary,Lancashire Constabulary,-2.699830,53.757662,On or near Temple Court,E01033223,Preston 017F,Other theft,Status update unavailable,
e48f06a4cd3e100259d8e31b0be88cd9a0088f0d5316e20f0814217adb48663a,2019-02,Lancashire Constabulary,Lancashire Constabulary,-2.696184,53.761008,On or near Parking Area,E01033223,Preston 017F,Other theft,Status update unavailable,
132f50671176be160b183b53b950d419ecf231a7d5f16b151aaf2923de589083,2019-02,Lancashire Constabulary,Lancashire Constabulary,-2.697839,53.758374,On or near Fishergate,E01033223,Preston 017F,Other theft,Action to be taken by another organisation,
4e0b4c6bc47d3bfa5e13203955f48301fbf0cbe28474b8cf97fbce022883e29a,2019-02,Lancashire Constabulary,Lancashire Constabulary,-2.697914,53.761079,On or near Old Vicarage,E01033223,Preston 017F,Other theft,Status update unavailable,
e42dc2b3a311ad2b5eee311a7e62ef2f39a6479d22ab1cc415728585a5c30fdd,2019-02,Lancashire Constabulary,Lancashire Constabulary,-2.703111,53.760671,On or near Union Street,E01033223,Preston 017F,Other theft,Status update unavailable,
de0444b08ab2e1b3376892a2f5a74ed0df599f22a86017d54a0673b306f8760f,2019-02,Lancashire Constabulary,Lancashire Constabulary,-2.700974,53.760792,On or near Nightclub,E01033223,Preston 017F,Other theft,Status update unavailable,
9699453d54cea7631b1c12435c8cef2709b70a3d21e06662760b28927adc16e6,2019-02,Lancashire Constabulary,Lancashire Constabulary,-2.697839,53.758374,On or near Fishergate,E01033223,Preston 017F,Other theft,Status update unavailable,
efc0ddcd8dcefb432196fec3071610b14e310ee6205fd43a943742b553e73195,2019-02,Lancashire Constabulary,Lancashire Constabulary,-2.706143,53.761489,On or near Edward Street,E01033223,Preston 017F,Other theft,Status update unavailable,
7d65ffe9cda2be03fc4cadc4c160d63b1ded7a8a4e02381ead439a36f7d4c220,2019-02,Lancashire Constabulary,Lancashire Constabulary,-2.697839,53.758374,On or near Fishergate,E01033223,Preston 017F,Other theft,Status update unavailable,
5ab535209580dfea4af155dbd3718670cff50661a32c385747c28f88ae28c619,2019-02,Lancashire Constabulary,Lancashire Constabulary,-2.699784,53.761302,On or near Parking Area,E01033223,Preston 017F,Other theft,Status update unavailable,
2ec4aec3d29ca81bd744e9911bb866d749e88855932404abcaef8bd7048dc877,2019-02,Lancashire Constabulary,Lancashire Constabulary,-2.703111,53.760671,On or near Union Street,E01033223,Preston 017F,Other theft,Status update unavailable,
664a47678d069b2ae1d72401b1799dac12d3796f54abc2c32882a893425f549c,2019-02,Lancashire Constabulary,Lancashire Constabulary,-2.698175,53.757599,On or near Main Sprit Weind,E01033223,Preston 017F,Public order,Unable to prosecute suspect,
41398d3705af531c2e0ba5b9f13a2eb61b2cb95599abfa92a18f9f8bf27f8961,2019-02,Lancashire Constabulary,Lancashire Constabulary,-2.698175,53.757599,On or near Main Sprit Weind,E01033223,Preston 017F,Public order,Status update unavailable,
1d775f83be6c96a2c3351dbab5c5bdd3f8953b11a3eb3b3ebaf7d55aa71863bd,2019-02,Lancashire Constabulary,Lancashire Constabulary,-2.699333,53.758806,On or near Cheapside,E01033223,Preston 017F,Public order,Status update unavailable,
1f8eee2339a213a67c82a8da0fcd40a14881f4e95796326c731a9deca4680023,2019-02,Lancashire Constabulary,Lancashire Constabulary,-2.699941,53.759773,On or near Market Street,E01033223,Preston 017F,Public order,Status update unavailable,
2189b13793d79963c6ac2120b512cbc391f91c5b1215a6006e3b7a3daaaa00f2,2019-02,Lancashire Constabulary,Lancashire Constabulary,-2.698291,53.761841,On or near Ormskirk Road,E01033223,Preston 017F,Public order,Offender given a caution,
757748465925b997a8762593fc680725534dbda3f313cd8ec48ded179f9999d8,2019-02,Lancashire Constabulary,Lancashire Constabulary,-2.706451,53.761802,On or near Hope Street,E01033223,Preston 017F,Public order,Status update unavailable,
70882974dfa70a5ecf4cdfd25c664bf6a9c51554d0ef745a1c4255f1e8e21950,2019-02,Lancashire Constabulary,Lancashire Constabulary,-2.696184,53.761008,On or near Parking Area,E01033223,Preston 017F,Public order,Status update unavailable,
1671855b52841088dcdde498b2bc6eb42fce84b2055154977b1af3507044345d,2019-02,Lancashire Constabulary,Lancashire Constabulary,-2.701648,53.760275,On or near Shopping Area,E01033223,Preston 017F,Public order,Status update unavailable,
38f8580c87076a63a779da5b0c3b25ee65f1baf7f1e5d75c1d5d792e6efeab5f,2019-02,Lancashire Constabulary,Lancashire Constabulary,-2.703111,53.760671,On or near Union Street,E01033223,Preston 017F,Public order,Status update unavailable,
31106b6b62f0346e7419312c34f8e8e4cc1a442f03461e4b9c44688575a1c579,2019-02,Lancashire Constabulary,Lancashire Constabulary,-2.706451,53.761802,On or near Hope Street,E01033223,Preston 017F,Public order,Status update unavailable,
61ac01592d397c45111c40b041d02f6d61d96e77c559e08bc54cfa89bf33481a,2019-02,Lancashire Constabulary,Lancashire Constabulary,-2.706451,53.761802,On or near Hope Street,E01033223,Preston 017F,Public order,Unable to prosecute suspect,
844d6733f17a55a4616753916ba4575fde3e283514730466e20d39c6143676df,2019-02,Lancashire Constabulary,Lancashire Constabulary,-2.700756,53.763229,On or near Melbourne Street,E01033223,Preston 017F,Public order,Further investigation is not in the public interest,
3e96475545436face7b2adb42f0e37c2946ec8388e122afdb40cc65451f86e70,2019-02,Lancashire Constabulary,Lancashire Constabulary,-2.698291,53.761841,On or near Ormskirk Road,E01033223,Preston 017F,Public order,Offender given a caution,
e234c114009913b8d29cc484b9f0f5c21c3689d2cff21cc86353cada313cd114,2019-02,Lancashire Constabulary,Lancashire Constabulary,-2.697839,53.758374,On or near Fishergate,E01033223,Preston 017F,Public order,Awaiting court outcome,
eff3d28f3d8d4dba0a8be49f93b10a8ae6d75f7cfdc652d9628c4dc70d939051,2019-02,Lancashire Constabulary,Lancashire Constabulary,-2.697839,53.758374,On or near Fishergate,E01033223,Preston 017F,Public order,Further investigation is not in the public interest,
90973b3c280678e83e18ba8bce0a2a8d2f7be4c195c3da2361ef28bce47d1fba,2019-02,Lancashire Constabulary,Lancashire Constabulary,-2.698291,53.761841,On or near Ormskirk Road,E01033223,Preston 017F,Public order,Offender given a caution,
9d11d8f2ae29d3b81a2ec3bbb62cbca02eb936afcd8850f4269facccd12eb6c0,2019-02,Lancashire Constabulary,Lancashire Constabulary,-2.695340,53.759530,On or near Church Row,E01033223,Preston 017F,Robbery,Unable to prosecute suspect,
2aa75af049ca4ae6a3c90e88376bf642255997227f4c6bea0e8e14de3d4a4ba3,2019-02,Lancashire Constabulary,Lancashire Constabulary,-2.700255,53.757704,On or near Shopping Area,E01033223,Preston 017F,Shoplifting,Investigation complete; no suspect identified,
c03d5b0436c38165be3bc105ba1fca2e646c24672f14a8260cc54f282396f3f7,2019-02,Lancashire Constabulary,Lancashire Constabulary,-2.699830,53.757662,On or near Temple Court,E01033223,Preston 017F,Shoplifting,Status update unavailable,
cf90c13f31fa1656f5392527785961a3e3416763df648e695b8f0b7a51aa715d,2019-02,Lancashire Constabulary,Lancashire Constabulary,-2.699830,53.757662,On or near Temple Court,E01033223,Preston 017F,Shoplifting,Status update unavailable,
bb3307e50e31a5d6e934a11075a14906357c4de62b611feb1b15d383c1fde1c9,2019-02,Lancashire Constabulary,Lancashire Constabulary,-2.706143,53.761489,On or near Edward Street,E01033223,Preston 017F,Shoplifting,Status update unavailable,
ae5bac0fdfe653deea9b86406a053775c47782e847d2cf50f91584ffd28799f2,2019-02,Lancashire Constabulary,Lancashire Constabulary,-2.700255,53.757704,On or near Shopping Area,E01033223,Preston 017F,Shoplifting,Status update unavailable,
d88e6cafcc104590764bccd19a025d69b9bea0dfdd5acd0b9817d54408d1ee4a,2019-02,Lancashire Constabulary,Lancashire Constabulary,-2.700255,53.757704,On or near Shopping Area,E01033223,Preston 017F,Shoplifting,Status update unavailable,
1fc2c48ffe9f5fac69a3eada431ee77b693d7204b760cd41040737a821d7d51b,2019-02,Lancashire Constabulary,Lancashire Constabulary,-2.697914,53.761079,On or near Old Vicarage,E01033223,Preston 017F,Shoplifting,Status update unavailable,
d1097fa046dbeb3171cfe61aeccd89c8e4e87050a4b864973c0fe4b88f21264c,2019-02,Lancashire Constabulary,Lancashire Constabulary,-2.701648,53.760275,On or near Shopping Area,E01033223,Preston 017F,Shoplifting,Unable to prosecute suspect,
5dfceb6ab17e21f769efe8e2f688b5c42ac185ab01df5554eb1f5be51d2cc619,2019-02,Lancashire Constabulary,Lancashire Constabulary,-2.700974,53.760792,On or near Nightclub,E01033223,Preston 017F,Shoplifting,Status update unavailable,
d1c9f67dc695c8dc76d1a27b66015cf7e270761114ba0d98f43e353c63490fc5,2019-02,Lancashire Constabulary,Lancashire Constabulary,-2.700255,53.757704,On or near Shopping Area,E01033223,Preston 017F,Shoplifting,Status update unavailable,
f4b078968d03af82cbcbc5764a365380df13d179c9b88a09f1455ca583820bee,2019-02,Lancashire Constabulary,Lancashire Constabulary,-2.701648,53.760275,On or near Shopping Area,E01033223,Preston 017F,Shoplifting,Awaiting court outcome,
c40f7d85dbe95ce2c6363b72c605b0dd04186d13b32040bb39359b198532917a,2019-02,Lancashire Constabulary,Lancashire Constabulary,-2.699333,53.758806,On or near Cheapside,E01033223,Preston 017F,Shoplifting,Status update unavailable,
7be096e94cf063041c331c04ea9a033ec2f12f4cc24f1309542a45f080c6ed41,2019-02,Lancashire Constabulary,Lancashire Constabulary,-2.696002,53.761953,On or near Pedestrian Subway,E01033223,Preston 017F,Shoplifting,Status update unavailable,
eae908e543328dc4f2993b379a38c4c2ec3d395fb855d9803b7d25cf4a6b8b99,2019-02,Lancashire Constabulary,Lancashire Constabulary,-2.699830,53.757662,On or near Temple Court,E01033223,Preston 017F,Shoplifting,Status update unavailable,
92e79f0e21005029ca3de4da66f210e31f48139b0b4e6879df6cfc2e8d6f7d9b,2019-02,Lancashire Constabulary,Lancashire Constabulary,-2.700255,53.757704,On or near Shopping Area,E01033223,Preston 017F,Shoplifting,Status update unavailable,
7885c4c3999a1857b06e4b8c7916afd23104fc17f5e1de56b817f380eb7e7a4c,2019-02,Lancashire Constabulary,Lancashire Constabulary,-2.700255,53.757704,On or near Shopping Area,E01033223,Preston 017F,Shoplifting,Status update unavailable,
8eda9f26df964a92524b4c3a036555be987fcbbb7f027d5f5c3dd5eeb22b65b4,2019-02,Lancashire Constabulary,Lancashire Constabulary,-2.700255,53.757704,On or near Shopping Area,E01033223,Preston 017F,Shoplifting,Status update unavailable,
e62f0b61d707238378c961607197520746d747e4b398c22b4ebe293f3035b420,2019-02,Lancashire Constabulary,Lancashire Constabulary,-2.700974,53.760792,On or near Nightclub,E01033223,Preston 017F,Shoplifting,Status update unavailable,
3669d3ffee877f9ce5fbb85df19ef2777dc1a91aa55dfdc147852ce2c403a209,2019-02,Lancashire Constabulary,Lancashire Constabulary,-2.700564,53.758961,On or near Anchor Court,E01033223,Preston 017F,Shoplifting,Status update unavailable,
142b6852c2c34b1eaaa41588a82277634bb3b9c3374d346380d9099e0f9a7aeb,2019-02,Lancashire Constabulary,Lancashire Constabulary,-2.697839,53.758374,On or near Fishergate,E01033223,Preston 017F,Shoplifting,Status update unavailable,
e48b86093efc5323ffd42515c1cb4dedff3c9e33f6e54906a3325d35f7e70f5c,2019-02,Lancashire Constabulary,Lancashire Constabulary,-2.700255,53.757704,On or near Shopping Area,E01033223,Preston 017F,Shoplifting,Status update unavailable,
4facca89478a4c4ee5dd56b52865c6358ec102abecd4342aa9f9755236818340,2019-02,Lancashire Constabulary,Lancashire Constabulary,-2.700255,53.757704,On or near Shopping Area,E01033223,Preston 017F,Shoplifting,Status update unavailable,
c730132e32bf5517e190eeafca80f1c49fedda220d010a087bd7ab23bbcc4cf6,2019-02,Lancashire Constabulary,Lancashire Constabulary,-2.704696,53.760240,On or near Back Seed Street,E01033223,Preston 017F,Shoplifting,Status update unavailable,
732af5ff3b6c410a2bc02fb099c9284e3c7ffa350c0ebdff65d8b8564c080fd3,2019-02,Lancashire Constabulary,Lancashire Constabulary,-2.700255,53.757704,On or near Shopping Area,E01033223,Preston 017F,Shoplifting,Offender sent to prison,
d428beff749125ac2d9ee3fd5db5a9caf347a30c4685ab2fb5c2054e87cdf3c4,2019-02,Lancashire Constabulary,Lancashire Constabulary,-2.700255,53.757704,On or near Shopping Area,E01033223,Preston 017F,Shoplifting,Status update unavailable,
c3b41beb570dfa4b50f72c65a0ce2cea52a3b523cb2da7d9eb1b817baeace8aa,2019-02,Lancashire Constabulary,Lancashire Constabulary,-2.701648,53.760275,On or near Shopping Area,E01033223,Preston 017F,Shoplifting,Investigation complete; no suspect identified,
687a3d97cfab73c2503031b1738211f75e1e5eeac84ccadf333158845238ffb0,2019-02,Lancashire Constabulary,Lancashire Constabulary,-2.701648,53.760275,On or near Shopping Area,E01033223,Preston 017F,Shoplifting,Further investigation is not in the public interest,
ec6376d885d038818fe2bf5996f9925a8f4655b7484313499af43ecbbc61c454,2019-02,Lancashire Constabulary,Lancashire Constabulary,-2.700564,53.758961,On or near Anchor Court,E01033223,Preston 017F,Shoplifting,Status update unavailable,
ff8844c0d4fe8c17c507fea498e3b5e4e482231044fc90a4112a94073b666dab,2019-02,Lancashire Constabulary,Lancashire Constabulary,-2.690618,53.761041,On or near Stanley Street,E01033223,Preston 017F,Shoplifting,Awaiting court outcome,
341ce8f6ab442366b2101936538b3f19d9c77b81b52b2b898397c93c5c72788c,2019-02,Lancashire Constabulary,Lancashire Constabulary,-2.700564,53.758961,On or near Anchor Court,E01033223,Preston 017F,Shoplifting,Status update unavailable,
4d5463bfaad4a7a8b7feec08173f15f34315c4b74a548322015651b916e37df8,2019-02,Lancashire Constabulary,Lancashire Constabulary,-2.700255,53.757704,On or near Shopping Area,E01033223,Preston 017F,Shoplifting,Investigation complete; no suspect identified,
2f452b308f04b00b787cce60e957fe401ba1810ec205a6535030ffff1d54abd7,2019-02,Lancashire Constabulary,Lancashire Constabulary,-2.696002,53.761953,On or near Pedestrian Subway,E01033223,Preston 017F,Shoplifting,Offender given penalty notice,
67015fd04ffb175ed8113d7fdc4a147f7b83928c15314cb22a56014e518efb34,2019-02,Lancashire Constabulary,Lancashire Constabulary,-2.697914,53.761079,On or near Old Vicarage,E01033223,Preston 017F,Shoplifting,Local resolution,
b8b807872e9b5a3f3b471755c9f38f0095cba5a85ae20fd8d85c935845ef0501,2019-02,Lancashire Constabulary,Lancashire Constabulary,-2.700255,53.757704,On or near Shopping Area,E01033223,Preston 017F,Shoplifting,Investigation complete; no suspect identified,
9d00f6e1a525390b4a057359c502c7e8575d5e1f92e6bc5e0443ac82dc5bd4c5,2019-02,Lancashire Constabulary,Lancashire Constabulary,-2.696002,53.761953,On or near Pedestrian Subway,E01033223,Preston 017F,Shoplifting,Formal action is not in the public interest,
14de99e6eac06f1a6261a4b10bb5a3f9e74918e98855ab4f902f765652e5053d,2019-02,Lancashire Constabulary,Lancashire Constabulary,-2.699333,53.758806,On or near Cheapside,E01033223,Preston 017F,Shoplifting,Status update unavailable,
814af4ed38291fba76d9e1a3b7baa0394ead5af0ec162730e60e39f46e4f2696,2019-02,Lancashire Constabulary,Lancashire Constabulary,-2.700974,53.760792,On or near Nightclub,E01033223,Preston 017F,Shoplifting,Unable to prosecute suspect,
5175bf90f024efd962ee8ea1b314f17265d51080bf64c03931d7c3a314eb2be2,2019-02,Lancashire Constabulary,Lancashire Constabulary,-2.699941,53.759773,On or near Market Street,E01033223,Preston 017F,Theft from the person,Unable to prosecute suspect,
b1525b4bf7c43e435615fabacd86d56b31ab5323bf87b7365ca7b5268a2d7579,2019-02,Lancashire Constabulary,Lancashire Constabulary,-2.698175,53.757599,On or near Main Sprit Weind,E01033223,Preston 017F,Theft from the person,Status update unavailable,
bf6b206479d8c6edb64dcc6b00eead60892eeda9c0cf1c4d03f666c7694a9bd8,2019-02,Lancashire Constabulary,Lancashire Constabulary,-2.699830,53.757662,On or near Temple Court,E01033223,Preston 017F,Theft from the person,Status update unavailable,
55cff597fd19b78b8e2703822173d6f5d3b14f8248db8fb6bfd58185bc3cf8f8,2019-02,Lancashire Constabulary,Lancashire Constabulary,-2.699830,53.757662,On or near Temple Court,E01033223,Preston 017F,Theft from the person,Status update unavailable,
3d7fb3d75af4bc81a7e8af5e5bff787497cd4ff233fb84efc5fad5c237b0486b,2019-02,Lancashire Constabulary,Lancashire Constabulary,-2.696002,53.761953,On or near Pedestrian Subway,E01033223,Preston 017F,Theft from the person,Status update unavailable,
b8493208912e70ea8a0d4ed5fa883f005fbdb548a9eddaae9e6a5c1af31b1d3e,2019-02,Lancashire Constabulary,Lancashire Constabulary,-2.698175,53.757599,On or near Main Sprit Weind,E01033223,Preston 017F,Theft from the person,Status update unavailable,
3211d392a8d0d5d48131153440edb107a1af8d53b845d11b31dbd3a89d458b96,2019-02,Lancashire Constabulary,Lancashire Constabulary,-2.697839,53.758374,On or near Fishergate,E01033223,Preston 017F,Theft from the person,Status update unavailable,
57b665c89d93360c4965b0c305a9d5d51320ccc5f70fa3e235c15fe5d10bdc3a,2019-02,Lancashire Constabulary,Lancashire Constabulary,-2.697555,53.762295,On or near North Road,E01033223,Preston 017F,Theft from the person,Status update unavailable,
974536fd8b6b3513694d1520e58316d62db7f555c6add31fabf3573e98111167,2019-02,Lancashire Constabulary,Lancashire Constabulary,-2.699333,53.758806,On or near Cheapside,E01033223,Preston 017F,Theft from the person,Status update unavailable,
411742b91beab33c9e638a9307df08cf8090eb06cb425326f27931d1d799f850,2019-02,Lancashire Constabulary,Lancashire Constabulary,-2.700564,53.758961,On or near Anchor Court,E01033223,Preston 017F,Theft from the person,Status update unavailable,
d11937e1795f1d2c2c904e6340fe9ac7fde808ed4109a26de4d622f13a14ae42,2019-02,Lancashire Constabulary,Lancashire Constabulary,-2.701648,53.760275,On or near Shopping Area,E01033223,Preston 017F,Violence and sexual offences,Awaiting court outcome,
48b71814acf91a42f45a9f6ab4d51e58412a083466933a3cf921d1d0d1ee2927,2019-02,Lancashire Constabulary,Lancashire Constabulary,-2.697839,53.758374,On or near Fishergate,E01033223,Preston 017F,Violence and sexual offences,Awaiting court outcome,
d0cfa137d6d796959f1a0f10898c48ff5463b2a2384af56adbcea57e79f25f9e,2019-02,Lancashire Constabulary,Lancashire Constabulary,-2.701090,53.762292,On or near Police Station,E01033223,Preston 017F,Violence and sexual offences,Further investigation is not in the public interest,
d04478631b8773c58626dbc9efc66945704d0c389a0ca1581dd2a88820242e72,2019-02,Lancashire Constabulary,Lancashire Constabulary,-2.690757,53.761220,On or near Church Street,E01033223,Preston 017F,Violence and sexual offences,Status update unavailable,
d2c03130dff845433d12d68a408227ea10c3aa211eb7638b59941f06d1db569c,2019-02,Lancashire Constabulary,Lancashire Constabulary,-2.700564,53.758961,On or near Anchor Court,E01033223,Preston 017F,Violence and sexual offences,Status update unavailable,
7867141e9ae01a9c64dc44af04bc596d9d030ad46d5b68a95cb41847de98ba6a,2019-02,Lancashire Constabulary,Lancashire Constabulary,-2.700756,53.763229,On or near Melbourne Street,E01033223,Preston 017F,Violence and sexual offences,Unable to prosecute suspect,
8d3c36991fd388151101d59be6efbef0c4561a5b1ef5276ff4d3e5dd8f0f887b,2019-02,Lancashire Constabulary,Lancashire Constabulary,-2.697839,53.758374,On or near Fishergate,E01033223,Preston 017F,Violence and sexual offences,Status update unavailable,
737551af538db3d0734a84cdacc13215789960f3e5387cdeb96febea2fe3c69a,2019-02,Lancashire Constabulary,Lancashire Constabulary,-2.697839,53.758374,On or near Fishergate,E01033223,Preston 017F,Violence and sexual offences,Awaiting court outcome,
6115dfb6721e85078522f079731de07d3cf153ce43c04c75b2942c2cd46aa5d5,2019-02,Lancashire Constabulary,Lancashire Constabulary,-2.697839,53.758374,On or near Fishergate,E01033223,Preston 017F,Violence and sexual offences,Offender given a caution,
f2bd3a60529798dca2cfea9c09ff5f3acf088e382558678be793ba381168a624,2019-02,Lancashire Constabulary,Lancashire Constabulary,-2.701648,53.760275,On or near Shopping Area,E01033223,Preston 017F,Violence and sexual offences,Status update unavailable,
c102eac260beb9f8e631685efbbfc15bb90fc9049bffa2fc530f59a24fda0db1,2019-02,Lancashire Constabulary,Lancashire Constabulary,-2.697839,53.758374,On or near Fishergate,E01033223,Preston 017F,Violence and sexual offences,Status update unavailable,
8e4752118bbe07b64374294608c1e4cf12d8521e2cf1ab3a7b5639b00a8559c0,2019-02,Lancashire Constabulary,Lancashire Constabulary,-2.697839,53.758374,On or near Fishergate,E01033223,Preston 017F,Violence and sexual offences,Status update unavailable,
27b733dd8a9b5a0dcb86d1d1fcaeb85fcf813414f5c7a420129ab6c798e0afba,2019-02,Lancashire Constabulary,Lancashire Constabulary,-2.699333,53.758806,On or near Cheapside,E01033223,Preston 017F,Violence and sexual offences,Status update unavailable,
8face3df38bed45540f04cfb74b7fce2b18f93e3bb5d6d8cdc98999dac482c3c,2019-02,Lancashire Constabulary,Lancashire Constabulary,-2.700564,53.758961,On or near Anchor Court,E01033223,Preston 017F,Violence and sexual offences,Unable to prosecute suspect,
384815f94519c60893dc46c88df5c70c3d954657e61b0353b7c1857b51c8da4a,2019-02,Lancashire Constabulary,Lancashire Constabulary,-2.699941,53.759773,On or near Market Street,E01033223,Preston 017F,Violence and sexual offences,Status update unavailable,
dce50d33415fb9258cda6fe6d449127b652d4605a3e38ae79f55061b27be4aad,2019-02,Lancashire Constabulary,Lancashire Constabulary,-2.699941,53.759773,On or near Market Street,E01033223,Preston 017F,Violence and sexual offences,Status update unavailable,
43ce6a770c7822961542976c3c47762d0bb462791befdabe2ffb263bf7143f33,2019-02,Lancashire Constabulary,Lancashire Constabulary,-2.701648,53.760275,On or near Shopping Area,E01033223,Preston 017F,Violence and sexual offences,Awaiting court outcome,
e7cd1e3db259b24f3fc96e625a2c222345fd7715e9c8bba4b31ee08ed042bfe5,2019-02,Lancashire Constabulary,Lancashire Constabulary,-2.699941,53.759773,On or near Market Street,E01033223,Preston 017F,Violence and sexual offences,Status update unavailable,
ee4c7aa6f647b638b83a55849d4f09a84cdbc859ec263642b985d7022094ab39,2019-02,Lancashire Constabulary,Lancashire Constabulary,-2.699941,53.759773,On or near Market Street,E01033223,Preston 017F,Violence and sexual offences,Status update unavailable,
829a105f9b1801cfade953ddeed7ee3af606fe428c65703c86526a67aa3d3cfb,2019-02,Lancashire Constabulary,Lancashire Constabulary,-2.704303,53.761231,On or near Clayton'S Gate,E01033223,Preston 017F,Violence and sexual offences,Awaiting court outcome,
dba6058b617025cefd40459d68922fc0d1a054c4343e071a8be49707648f57f9,2019-02,Lancashire Constabulary,Lancashire Constabulary,-2.699333,53.758806,On or near Cheapside,E01033223,Preston 017F,Violence and sexual offences,Status update unavailable,
0829c052736b2f7cea71be41e10f9c1e4a2d4460b08c6c9b969bf2b87b6eae46,2019-02,Lancashire Constabulary,Lancashire Constabulary,-2.690618,53.761041,On or near Stanley Street,E01033223,Preston 017F,Violence and sexual offences,Awaiting court outcome,
5ec168658cfdb662514de61b16c128fa25780f211240db0951c64370f0a6c1b6,2019-02,Lancashire Constabulary,Lancashire Constabulary,-2.699941,53.759773,On or near Market Street,E01033223,Preston 017F,Violence and sexual offences,Status update unavailable,
8cdb1dd1058f93066665de5c4782a779bfd14236872d5086fa1c6127bc314d72,2019-02,Lancashire Constabulary,Lancashire Constabulary,-2.703111,53.760671,On or near Union Street,E01033223,Preston 017F,Violence and sexual offences,Status update unavailable,
47655c5197edbdc070bbb66edb8a11486e52ba5a08c0877ced9b1c372ca1dcaf,2019-02,Lancashire Constabulary,Lancashire Constabulary,-2.693614,53.760592,On or near Pole Street,E01033223,Preston 017F,Violence and sexual offences,Status update unavailable,
fe44f8c437c9b569746f563fc6cda4579a5452ebcb4a0ef9c5e1d7826257942c,2019-02,Lancashire Constabulary,Lancashire Constabulary,-2.700974,53.760792,On or near Nightclub,E01033223,Preston 017F,Violence and sexual offences,Status update unavailable,
851ed4572648037675f38704df8ea345d4660ff3445751f62f2bfb83df422c00,2019-02,Lancashire Constabulary,Lancashire Constabulary,-2.699333,53.758806,On or near Cheapside,E01033223,Preston 017F,Violence and sexual offences,Status update unavailable,
431e375b2f92d658bf17a16318e6a32f103b6a422d9b7492725dee04dab3df48,2019-02,Lancashire Constabulary,Lancashire Constabulary,-2.706143,53.761489,On or near Edward Street,E01033223,Preston 017F,Violence and sexual offences,Status update unavailable,
e8295460c475f06a1ff6ba6544b10e2217f6bed7556968e5c04d026d2c038843,2019-02,Lancashire Constabulary,Lancashire Constabulary,-2.697839,53.758374,On or near Fishergate,E01033223,Preston 017F,Violence and sexual offences,Status update unavailable,
01a5aab1c50d2a3efe68c554b0ebf768537c54250d8001fd8037bc8293fe950c,2019-02,Lancashire Constabulary,Lancashire Constabulary,-2.699333,53.758806,On or near Cheapside,E01033223,Preston 017F,Violence and sexual offences,Status update unavailable,
da2d8e1167c05fb69c13cfb5d4cf492a21d32d3c033ece9748ac58392d6d0a37,2019-02,Lancashire Constabulary,Lancashire Constabulary,-2.697839,53.758374,On or near Fishergate,E01033223,Preston 017F,Violence and sexual offences,Status update unavailable,
2720931b51f270aaea4af88ffff22d7e84cac46dbec1dc8eef0eb1c33e4b645d,2019-02,Lancashire Constabulary,Lancashire Constabulary,-2.697839,53.758374,On or near Fishergate,E01033223,Preston 017F,Violence and sexual offences,Unable to prosecute suspect,
7a9b4698c334115360987415f16da1a6a6d9911538dd3ee8461f1c4a4a72aefa,2019-02,Lancashire Constabulary,Lancashire Constabulary,-2.697839,53.758374,On or near Fishergate,E01033223,Preston 017F,Violence and sexual offences,Status update unavailable,
ee8f20fa29232714104dece69336b41f6932966a52b1e640124f080b1d468c86,2019-02,Lancashire Constabulary,Lancashire Constabulary,-2.697839,53.758374,On or near Fishergate,E01033223,Preston 017F,Violence and sexual offences,Status update unavailable,
874180e8eb15a4ddecac6e36d1d1af498046f32d9c9285420fbab82f2eec9491,2019-02,Lancashire Constabulary,Lancashire Constabulary,-2.701648,53.760275,On or near Shopping Area,E01033223,Preston 017F,Violence and sexual offences,Status update unavailable,
9b8a4e0c88ec75bc52f38d519039475af56d49049be7c97a1e5e9b6c1e25a589,2019-02,Lancashire Constabulary,Lancashire Constabulary,-2.695340,53.759530,On or near Church Row,E01033223,Preston 017F,Violence and sexual offences,Status update unavailable,
c5610b02cd5cecd874a21efc0a19221402ab73134f1bd09b5fcbc16d00f09ac2,2019-02,Lancashire Constabulary,Lancashire Constabulary,-2.699830,53.757662,On or near Temple Court,E01033223,Preston 017F,Violence and sexual offences,Status update unavailable,
fba896ceecb6b917e31cbd788e5cc59f3ea3a5b8b2699f58771b641854b0fd66,2019-02,Lancashire Constabulary,Lancashire Constabulary,-2.696184,53.761008,On or near Parking Area,E01033223,Preston 017F,Violence and sexual offences,Status update unavailable,
b838c950e0a0b3df81b74f70bbbf538f9637343fa3afd5939868907427eb6186,2019-02,Lancashire Constabulary,Lancashire Constabulary,-2.697839,53.758374,On or near Fishergate,E01033223,Preston 017F,Violence and sexual offences,Unable to prosecute suspect,
50cc180503cfa0def1dae7fbadecdb760224c0daa705b53f5c7392086e93d6f0,2019-02,Lancashire Constabulary,Lancashire Constabulary,-2.704071,53.760055,On or near Hill Street,E01033223,Preston 017F,Violence and sexual offences,Further investigation is not in the public interest,
31462c457cf2c29c56ad8913a13f3f3fad02e685bbcf918f401c8ea483b25423,2019-02,Lancashire Constabulary,Lancashire Constabulary,-2.700974,53.760792,On or near Nightclub,E01033223,Preston 017F,Violence and sexual offences,Unable to prosecute suspect,
d387165fbef731c249e252bd747deaacdf549af74a85901132908f2b39447454,2019-02,Lancashire Constabulary,Lancashire Constabulary,-2.696184,53.761008,On or near Parking Area,E01033223,Preston 017F,Violence and sexual offences,Awaiting court outcome,
299f28e9111aa72aa38724533fea8dfee225c5bf961953fd357dfdf73a6ca605,2019-02,Lancashire Constabulary,Lancashire Constabulary,-2.697839,53.758374,On or near Fishergate,E01033223,Preston 017F,Violence and sexual offences,Offender given a caution,
5857cf27597445f2eee53c13765fc3d9fe7e97920069e4582b701b9ffefa5b41,2019-02,Lancashire Constabulary,Lancashire Constabulary,-2.703111,53.760671,On or near Union Street,E01033223,Preston 017F,Violence and sexual offences,Status update unavailable,
07c6297ccafa4e01a138662d0c3c34f1afac398fcd4b7e93a0c16911f2f72aa5,2019-02,Lancashire Constabulary,Lancashire Constabulary,-2.698175,53.757599,On or near Main Sprit Weind,E01033223,Preston 017F,Violence and sexual offences,Unable to prosecute suspect,
f96d0b640c7f399351f265f39709f03d1761125d8ac35bfd1d413f0e0a2f9b51,2019-02,Lancashire Constabulary,Lancashire Constabulary,-2.701648,53.760275,On or near Shopping Area,E01033223,Preston 017F,Violence and sexual offences,Status update unavailable,
0e9fd9667145a7f78e0edbe7698f2d942421d75e927b295ae2b84d6b74f8f63d,2019-02,Lancashire Constabulary,Lancashire Constabulary,-2.697839,53.758374,On or near Fishergate,E01033223,Preston 017F,Violence and sexual offences,Unable to prosecute suspect,
5c41db9abc8f88fa88a6760e26bb191c6c61772b688f6e2251312eac5623866e,2019-02,Lancashire Constabulary,Lancashire Constabulary,-2.697839,53.758374,On or near Fishergate,E01033223,Preston 017F,Violence and sexual offences,Status update unavailable,
903739d35b4b22f72e7a67b2271c9387febf94ceefa1ba10dcfda8551bcdfc0d,2019-02,Lancashire Constabulary,Lancashire Constabulary,-2.699941,53.759773,On or near Market Street,E01033223,Preston 017F,Violence and sexual offences,Status update unavailable,
b5d8431048417367ecbfbc2e3159657aae2011bffacde0c0ae194bd5ee5e42b7,2019-02,Lancashire Constabulary,Lancashire Constabulary,-2.696184,53.761008,On or near Parking Area,E01033223,Preston 017F,Violence and sexual offences,Local resolution,
,2019-02,Lancashire Constabulary,Lancashire Constabulary,-2.697335,53.759977,On or near Lord Street,E01033224,Preston 017G,Anti-social behaviour,,
,2019-02,Lancashire Constabulary,Lancashire Constabulary,-2.695436,53.758901,On or near Nightclub,E01033224,Preston 017G,Anti-social behaviour,,
,2019-02,Lancashire Constabulary,Lancashire Constabulary,-2.693335,53.759308,On or near Back Grimshaw Street,E01033224,Preston 017G,Anti-social behaviour,,
,2019-02,Lancashire Constabulary,Lancashire Constabulary,-2.688441,53.757799,On or near Albyn Bank Road,E01033224,Preston 017G,Anti-social behaviour,,
,2019-02,Lancashire Constabulary,Lancashire Constabulary,-2.699306,53.759903,On or near Birley Street,E01033224,Preston 017G,Anti-social behaviour,,
,2019-02,Lancashire Constabulary,Lancashire Constabulary,-2.697335,53.759977,On or near Lord Street,E01033224,Preston 017G,Anti-social behaviour,,
,2019-02,Lancashire Constabulary,Lancashire Constabulary,-2.697335,53.759977,On or near Lord Street,E01033224,Preston 017G,Anti-social behaviour,,
,2019-02,Lancashire Constabulary,Lancashire Constabulary,-2.693667,53.758327,On or near Blelock Street,E01033224,Preston 017G,Anti-social behaviour,,
,2019-02,Lancashire Constabulary,Lancashire Constabulary,-2.699374,53.760379,On or near Earl Street,E01033224,Preston 017G,Anti-social behaviour,,
,2019-02,Lancashire Constabulary,Lancashire Constabulary,-2.697197,53.758953,On or near Nightclub,E01033224,Preston 017G,Anti-social behaviour,,
,2019-02,Lancashire Constabulary,Lancashire Constabulary,-2.696060,53.755329,On or near Berwick Road,E01033224,Preston 017G,Anti-social behaviour,,
,2019-02,Lancashire Constabulary,Lancashire Constabulary,-2.697197,53.758953,On or near Nightclub,E01033224,Preston 017G,Anti-social behaviour,,
,2019-02,Lancashire Constabulary,Lancashire Constabulary,-2.695553,53.756806,On or near Avenham Lane,E01033224,Preston 017G,Anti-social behaviour,,
,2019-02,Lancashire Constabulary,Lancashire Constabulary,-2.693667,53.758327,On or near Blelock Street,E01033224,Preston 017G,Anti-social behaviour,,
,2019-02,Lancashire Constabulary,Lancashire Constabulary,-2.693335,53.759308,On or near Back Grimshaw Street,E01033224,Preston 017G,Anti-social behaviour,,
,2019-02,Lancashire Constabulary,Lancashire Constabulary,-2.699306,53.759903,On or near Birley Street,E01033224,Preston 017G,Anti-social behaviour,,
,2019-02,Lancashire Constabulary,Lancashire Constabulary,-2.686975,53.759066,On or near Grosvenor Street,E01033224,Preston 017G,Anti-social behaviour,,
e09205003ea17e8ac5b028a8a474e4659a2a66af33b1b3540e9711b60c5277be,2019-02,Lancashire Constabulary,Lancashire Constabulary,-2.697197,53.758953,On or near Nightclub,E01033224,Preston 017G,Bicycle theft,Status update unavailable,
18eb8fb492d232ff8c69a150e4f274dce5195fd4feda83d61e926aac9f4b697b,2019-02,Lancashire Constabulary,Lancashire Constabulary,-2.699374,53.760379,On or near Earl Street,E01033224,Preston 017G,Burglary,Status update unavailable,
f75038ff03eea7c16530446f49f2aefcbc6036ff70cf7b6d0f6bd232c8224c0e,2019-02,Lancashire Constabulary,Lancashire Constabulary,-2.695436,53.758901,On or near Nightclub,E01033224,Preston 017G,Burglary,Status update unavailable,
cd7e944d39d3baa181876f644ad90e9fddf5b258b171b56fe55d70e2658e17ec,2019-02,Lancashire Constabulary,Lancashire Constabulary,-2.689033,53.758776,On or near Queen Street,E01033224,Preston 017G,Burglary,Status update unavailable,
e940c90dd9d8c91583615aff6d2ac56bbd9d880f6a847e1c9e6cfc1364ca3506,2019-02,Lancashire Constabulary,Lancashire Constabulary,-2.697197,53.758953,On or near Nightclub,E01033224,Preston 017G,Criminal damage and arson,Unable to prosecute suspect,
b0bdcff2945fe9cd29e743d917f511c360a278284b6475f2c59857ff803b4f89,2019-02,Lancashire Constabulary,Lancashire Constabulary,-2.689033,53.758776,On or near Queen Street,E01033224,Preston 017G,Criminal damage and arson,Status update unavailable,
440e07b703836aa23b06cb3df5b8c373696eea7f5361794b7cde1f4dd240da81,2019-02,Lancashire Constabulary,Lancashire Constabulary,-2.692113,53.758812,On or near Grimshaw Street,E01033224,Preston 017G,Criminal damage and arson,Local resolution,
a501d02ae9ec83a488e91bb0f42a7a6a2e54c771eaae7fe426a978d7d788db53,2019-02,Lancashire Constabulary,Lancashire Constabulary,-2.692113,53.758812,On or near Grimshaw Street,E01033224,Preston 017G,Criminal damage and arson,Status update unavailable,
90be337e69f92ad8d10931bad8662cc4b3ed8c9e5e319d303e65c198da0720da,2019-02,Lancashire Constabulary,Lancashire Constabulary,-2.697335,53.759977,On or near Lord Street,E01033224,Preston 017G,Drugs,Offender given community sentence,
0d757d18e2628823a335b66815a4c476b6e9bac62575b6cf4f18d7d175ce5eba,2019-02,Lancashire Constabulary,Lancashire Constabulary,-2.697335,53.759977,On or near Lord Street,E01033224,Preston 017G,Drugs,Status update unavailable,
55f703224a9dbbb76eb851ce91a501c3ac29413ee8105e9e02b078a37edbf722,2019-02,Lancashire Constabulary,Lancashire Constabulary,-2.697335,53.759977,On or near Lord Street,E01033224,Preston 017G,Other theft,Status update unavailable,
5a98f9076d2911362e6ba05d5c81fe20dfc746fcdec8f34d25d9bbebdd82e302,2019-02,Lancashire Constabulary,Lancashire Constabulary,-2.697335,53.759977,On or near Lord Street,E01033224,Preston 017G,Other theft,Status update unavailable,
83beb3296a0d07cc2cc582ba3b0ac0fcaec3993a5ae8f1d50006524dc508bbb3,2019-02,Lancashire Constabulary,Lancashire Constabulary,-2.695553,53.756806,On or near Avenham Lane,E01033224,Preston 017G,Other theft,Status update unavailable,
fbc07b3f5f4d9e6f4af0e7747b12b3e4437739c1f2195f3e8dfbdea5416a0376,2019-02,Lancashire Constabulary,Lancashire Constabulary,-2.691412,53.758591,On or near Walker Place,E01033224,Preston 017G,Other theft,Status update unavailable,
81453fcb6f81cc696ed98dbab889c67fe39f8cf95fe6a166aaa450171f323a75,2019-02,Lancashire Constabulary,Lancashire Constabulary,-2.697197,53.758953,On or near Nightclub,E01033224,Preston 017G,Other theft,Status update unavailable,
59f2b63da3d91aef9852a08c0169b2135b6a6fb1a195900bcacfecb91f25a0da,2019-02,Lancashire Constabulary,Lancashire Constabulary,-2.697335,53.759977,On or near Lord Street,E01033224,Preston 017G,Other theft,Status update unavailable,
dacb79acdecc4dfe0a656c539b9d5bb23298851f7c9734e323716a11faae7005,2019-02,Lancashire Constabulary,Lancashire Constabulary,-2.697197,53.758953,On or near Nightclub,E01033224,Preston 017G,Other theft,Status update unavailable,
9e2df34b40bcf5f9c7f4cdcaf37a829d00fe05262f3d7715af455ae9df37357d,2019-02,Lancashire Constabulary,Lancashire Constabulary,-2.697197,53.758953,On or near Nightclub,E01033224,Preston 017G,Other theft,Status update unavailable,
5faf18b19f015fe17cf9253bf653fb343ada3b0cd2181fdfda38854764ed196c,2019-02,Lancashire Constabulary,Lancashire Constabulary,-2.697335,53.759977,On or near Lord Street,E01033224,Preston 017G,Other theft,Further investigation is not in the public interest,
d3e15594cf0f9e41d0cc28a69df1540251b51e5db51a8fbf597dd1be47dc2a84,2019-02,Lancashire Constabulary,Lancashire Constabulary,-2.695436,53.758901,On or near Nightclub,E01033224,Preston 017G,Other theft,Status update unavailable,
02905fa716c2a5d5146fb8c9b68e55ed7fc87170a13ab8d78ea582e871e63d3d,2019-02,Lancashire Constabulary,Lancashire Constabulary,-2.697197,53.758953,On or near Nightclub,E01033224,Preston 017G,Other theft,Status update unavailable,
c1c9fb63f25f3990379cbc09298c9e735588751c97b6401c6b7cf6e0e223d304,2019-02,Lancashire Constabulary,Lancashire Constabulary,-2.695183,53.758255,On or near Nightclub,E01033224,Preston 017G,Possession of weapons,Unable to prosecute suspect,
35ce8488e61fdda0a267e263f44ebeefddb2396255a8b7c7e80210981016a31d,2019-02,Lancashire Constabulary,Lancashire Constabulary,-2.697197,53.758953,On or near Nightclub,E01033224,Preston 017G,Possession of weapons,Awaiting court outcome,
5a08f3a3e27ea4ce69116d604c13e8e42e17b641e3d85edb690bbabaa461eaa9,2019-02,Lancashire Constabulary,Lancashire Constabulary,-2.689428,53.756958,On or near Larkhill Road,E01033224,Preston 017G,Public order,Offender sent to prison,
c388ad559b12f1f8ce1fce8fdef764eb1d7ed3a7559a0b996b753ee555ae5361,2019-02,Lancashire Constabulary,Lancashire Constabulary,-2.697335,53.759977,On or near Lord Street,E01033224,Preston 017G,Public order,Unable to prosecute suspect,
077c37490fd434c53eedbaac807545e6a3f3647eb2d7d7cba4dd7b0ed1ba83d8,2019-02,Lancashire Constabulary,Lancashire Constabulary,-2.697197,53.758953,On or near Nightclub,E01033224,Preston 017G,Public order,Status update unavailable,
41d76ac2962b30cbe73eb9534a1ed923587639a635644fc47019ced1527e8c7f,2019-02,Lancashire Constabulary,Lancashire Constabulary,-2.697197,53.758953,On or near Nightclub,E01033224,Preston 017G,Public order,Status update unavailable,
7329e542073adba2b0916590b5b897c2f8f2ad2f94b27fecdb2bc76794121d3d,2019-02,Lancashire Constabulary,Lancashire Constabulary,-2.697197,53.758953,On or near Nightclub,E01033224,Preston 017G,Public order,Status update unavailable,
ac8c30621ece0436da8986ca05b961b5696c0c9d8c27e949434aa99671ac4a58,2019-02,Lancashire Constabulary,Lancashire Constabulary,-2.693667,53.758327,On or near Blelock Street,E01033224,Preston 017G,Public order,Status update unavailable,
ef5a16eaf6e281f1eb7e240d2ab2e71350e2f7be9323a45e411dc2504dc38736,2019-02,Lancashire Constabulary,Lancashire Constabulary,-2.689428,53.756958,On or near Larkhill Road,E01033224,Preston 017G,Public order,Unable to prosecute suspect,
c36e7e7d1b26307d8872d675acafaa6c6d8949d572622467d64f942aa8c5b069,2019-02,Lancashire Constabulary,Lancashire Constabulary,-2.693667,53.758327,On or near Blelock Street,E01033224,Preston 017G,Public order,Status update unavailable,
3e6fdb7a267d45c44a8a787049fe3dcf235a25630d3850e97b32cc0ad5352b63,2019-02,Lancashire Constabulary,Lancashire Constabulary,-2.697197,53.758953,On or near Nightclub,E01033224,Preston 017G,Public order,Awaiting court outcome,
8f3e5f9b26623276c4f12cd8982abe89fcb1aca359235dddbaec5537ca405e30,2019-02,Lancashire Constabulary,Lancashire Constabulary,-2.695436,53.758901,On or near Nightclub,E01033224,Preston 017G,Public order,Formal action is not in the public interest,
514bf66b68df2eca78c5f74e61c328cad5d36e25710efc248b18e431ea690876,2019-02,Lancashire Constabulary,Lancashire Constabulary,-2.697335,53.759977,On or near Lord Street,E01033224,Preston 017G,Public order,Awaiting court outcome,
03dffb8fe8054da763b5197f6c2d9d477ef5728029a715d5046ad2a331950a58,2019-02,Lancashire Constabulary,Lancashire Constabulary,-2.687826,53.758252,On or near Greenwood Street,E01033224,Preston 017G,Public order,Status update unavailable,
fb0f617cf3e3fb9843832ab1deab8e2a5a763437ca20a9d93ccb3d5f641cc8de,2019-02,Lancashire Constabulary,Lancashire Constabulary,-2.699306,53.759903,On or near Birley Street,E01033224,Preston 017G,Public order,Further investigation is not in the public interest,
7e5107aaee2c8b876f62f9ad09fc337c570f18a9c4f79bbec3aa559be2795e80,2019-02,Lancashire Constabulary,Lancashire Constabulary,-2.689033,53.758776,On or near Queen Street,E01033224,Preston 017G,Robbery,Unable to prosecute suspect,
40dce51fbfbd894fea3c83a9674f9d73c54c6df1b187125bd89f0a52304cd24d,2019-02,Lancashire Constabulary,Lancashire Constabulary,-2.689033,53.758776,On or near Queen Street,E01033224,Preston 017G,Shoplifting,Status update unavailable,
74af1523b01174f5ce8a0064f0d349ae970dc09cb633fa4c7c94efcb30f96845,2019-02,Lancashire Constabulary,Lancashire Constabulary,-2.686975,53.759066,On or near Grosvenor Street,E01033224,Preston 017G,Shoplifting,Unable to prosecute suspect,
23add9c7e0723c776b1922726b09ff0930a120d02c89d12e6ba24af226ce2107,2019-02,Lancashire Constabulary,Lancashire Constabulary,-2.689033,53.758776,On or near Queen Street,E01033224,Preston 017G,Shoplifting,Awaiting court outcome,
7059dd093059dd42c5bcb600c8c9c5e50d2909125bb2a1ab5c70e001875f7005,2019-02,Lancashire Constabulary,Lancashire Constabulary,-2.686975,53.759066,On or near Grosvenor Street,E01033224,Preston 017G,Shoplifting,Awaiting court outcome,
31192a43f77fd4086b29978a1db79c7e06447a64f12632cd101b86079632a513,2019-02,Lancashire Constabulary,Lancashire Constabulary,-2.697197,53.758953,On or near Nightclub,E01033224,Preston 017G,Shoplifting,Status update unavailable,
8884f5037b954f592a4f67501a87d290d402993ab2ec34d956ba1630ba949a1e,2019-02,Lancashire Constabulary,Lancashire Constabulary,-2.697197,53.758953,On or near Nightclub,E01033224,Preston 017G,Shoplifting,Formal action is not in the public interest,
8b9e2c5a29eba40de3479eeabacb6fcf6ad3c716102f70b9ae5a04a845ce2483,2019-02,Lancashire Constabulary,Lancashire Constabulary,-2.697197,53.758953,On or near Nightclub,E01033224,Preston 017G,Shoplifting,Status update unavailable,
fed06bb686859f5fef7ab679984c5fa7f69b48876d6b22bb764057b6f823e527,2019-02,Lancashire Constabulary,Lancashire Constabulary,-2.689033,53.758776,On or near Queen Street,E01033224,Preston 017G,Shoplifting,Status update unavailable,
aa6540ad3d71384171572ad83b0f3b40bb824bdbde4c88085f74474650df3820,2019-02,Lancashire Constabulary,Lancashire Constabulary,-2.697197,53.758953,On or near Nightclub,E01033224,Preston 017G,Theft from the person,Status update unavailable,
691dede53bf6120ec00d742518fdd848ece638fbec2a92b86d85130a78261048,2019-02,Lancashire Constabulary,Lancashire Constabulary,-2.695183,53.758255,On or near Nightclub,E01033224,Preston 017G,Theft from the person,Status update unavailable,
70391595233326f9a8aec22bcc8b3b41cbc0888474083ba7243ca53d9ccac786,2019-02,Lancashire Constabulary,Lancashire Constabulary,-2.697335,53.759977,On or near Lord Street,E01033224,Preston 017G,Vehicle crime,Status update unavailable,
bc5c4cce1809b17bb25a14069ce70fc163ae47562129e98ab8e4521bfee27668,2019-02,Lancashire Constabulary,Lancashire Constabulary,-2.697335,53.759977,On or near Lord Street,E01033224,Preston 017G,Vehicle crime,Status update unavailable,
31589f9c6eac46d4423e10eb5e1005d5fc50f0483ae33e5e16f4ad4841b6deb1,2019-02,Lancashire Constabulary,Lancashire Constabulary,-2.696060,53.755329,On or near Berwick Road,E01033224,Preston 017G,Vehicle crime,Unable to prosecute suspect,
5894d3030d3c736ac61d1b014d85b56c0ca38216e11fc26de68d7c8f5f8c9943,2019-02,Lancashire Constabulary,Lancashire Constabulary,-2.693667,53.758327,On or near Blelock Street,E01033224,Preston 017G,Violence and sexual offences,Status update unavailable,
10020459df7258e6beb39ca075ffaf4ad6779342ee9f39732b60e60e9e4f0ade,2019-02,Lancashire Constabulary,Lancashire Constabulary,-2.692113,53.758812,On or near Grimshaw Street,E01033224,Preston 017G,Violence and sexual offences,Unable to prosecute suspect,
d739dfddef0cbb0b89cd45ed6ad1afe6d3135d92212fbf79004106a90adfacbc,2019-02,Lancashire Constabulary,Lancashire Constabulary,-2.697335,53.759977,On or near Lord Street,E01033224,Preston 017G,Violence and sexual offences,Unable to prosecute suspect,
e3dec1744bf9a3b4463e46a882e1c4d1cd80339835459029579f90d2ae9fb163,2019-02,Lancashire Constabulary,Lancashire Constabulary,-2.697335,53.759977,On or near Lord Street,E01033224,Preston 017G,Violence and sexual offences,Status update unavailable,
3e58eb1ada4509a51929b194d5a41463a236cf49a94ef29f1a78718aa4c2a7e6,2019-02,Lancashire Constabulary,Lancashire Constabulary,-2.686975,53.759066,On or near Grosvenor Street,E01033224,Preston 017G,Violence and sexual offences,Status update unavailable,
8f52bae02ab0fd44f6f891b91fe6344679b02917561aca6fc38238b9f36e522d,2019-02,Lancashire Constabulary,Lancashire Constabulary,-2.697197,53.758953,On or near Nightclub,E01033224,Preston 017G,Violence and sexual offences,Status update unavailable,
abd9f8eb477d1963be344a67ed73c0bc8b9e557cca259923fb31002d43a71a84,2019-02,Lancashire Constabulary,Lancashire Constabulary,-2.693335,53.759308,On or near Back Grimshaw Street,E01033224,Preston 017G,Violence and sexual offences,Unable to prosecute suspect,
5e023c005ae510d1c764ec1aa3295010331acd3e72f589c04a1aa638db610397,2019-02,Lancashire Constabulary,Lancashire Constabulary,-2.689428,53.756958,On or near Larkhill Road,E01033224,Preston 017G,Violence and sexual offences,Unable to prosecute suspect,
57d3e029b0f000bf730c965ec61492d6a242a1c5620e810d63fcf3ad838df1a6,2019-02,Lancashire Constabulary,Lancashire Constabulary,-2.697197,53.758953,On or near Nightclub,E01033224,Preston 017G,Violence and sexual offences,Status update unavailable,
0acca1e81e315fb57208617151dda2ee8f615224a320fc71c2038b45aac39f24,2019-02,Lancashire Constabulary,Lancashire Constabulary,-2.697335,53.759977,On or near Lord Street,E01033224,Preston 017G,Violence and sexual offences,Status update unavailable,
812481dcf0150c41ecdf6155fa64199595ec4156ef0300ebf32314b42b401712,2019-02,Lancashire Constabulary,Lancashire Constabulary,-2.697335,53.759977,On or near Lord Street,E01033224,Preston 017G,Violence and sexual offences,Offender given community sentence,
d4c8883bfc810182933a912773d5921a9ceb92582df287c2879710e7c722b619,2019-02,Lancashire Constabulary,Lancashire Constabulary,-2.697459,53.756480,On or near Parking Area,E01033224,Preston 017G,Violence and sexual offences,Status update unavailable,
8db03b42a54f4cb55cdd91fa5a42b03fe4c083c9ad6818281ae62e36c36e64cd,2019-02,Lancashire Constabulary,Lancashire Constabulary,-2.697335,53.759977,On or near Lord Street,E01033224,Preston 017G,Violence and sexual offences,Status update unavailable,
d54811b1ab31a791319d319ff03e6ba6356fd0cadaa54cb0e73ea3120fc82a8c,2019-02,Lancashire Constabulary,Lancashire Constabulary,-2.686983,53.757709,On or near Larkhill Street,E01033224,Preston 017G,Violence and sexual offences,Status update unavailable,
242e6cfe967a2433089d1d8ad2846371e785c1938491316eb4e3b12c541ab41e,2019-02,Lancashire Constabulary,Lancashire Constabulary,-2.697335,53.759977,On or near Lord Street,E01033224,Preston 017G,Violence and sexual offences,Unable to prosecute suspect,
f477aba14b6ba66871bc8f602883d13144225063ec619e1289bc724276633871,2019-02,Lancashire Constabulary,Lancashire Constabulary,-2.697197,53.758953,On or near Nightclub,E01033224,Preston 017G,Violence and sexual offences,Status update unavailable,
2e7328bd086e5cf08e1434cadbd3f871beaf16810f329e3e1154b2bc46f52547,2019-02,Lancashire Constabulary,Lancashire Constabulary,-2.689428,53.756958,On or near Larkhill Road,E01033224,Preston 017G,Violence and sexual offences,Status update unavailable,
d4c8301f09c1d54de001f1529e5e141928e9c4064f2f5d5a6ce968084620cd70,2019-02,Lancashire Constabulary,Lancashire Constabulary,-2.695436,53.758901,On or near Nightclub,E01033224,Preston 017G,Violence and sexual offences,Offender given community sentence,
01a6af97183877e4ca815308c9a69d240fd8b4d731ff170b13ffa455b88af555,2019-02,Lancashire Constabulary,Lancashire Constabulary,-2.697335,53.759977,On or near Lord Street,E01033224,Preston 017G,Violence and sexual offences,Offender given community sentence,
c4b8b92d6cd8151243ae49b50b120fff72b11dcdb811c9dd9990adabb7ff119b,2019-02,Lancashire Constabulary,Lancashire Constabulary,-2.697197,53.758953,On or near Nightclub,E01033224,Preston 017G,Violence and sexual offences,Status update unavailable,
97f144f61df8478e23d37022e5963bc0ad3d9668f0a7a06dea95dd91301c9483,2019-02,Lancashire Constabulary,Lancashire Constabulary,-2.689428,53.756958,On or near Larkhill Road,E01033224,Preston 017G,Violence and sexual offences,Status update unavailable,
f5809b4c6c5ebffa506d4bf56c5c1eea2d5016631bfbee66c51375c4414fbfa9,2019-02,Lancashire Constabulary,Lancashire Constabulary,-2.687826,53.758252,On or near Greenwood Street,E01033224,Preston 017G,Violence and sexual offences,Unable to prosecute suspect,
371aac3a882d959847cf43906aca1b92959129c25d5b47b04ef92fa8280257a2,2019-02,Lancashire Constabulary,Lancashire Constabulary,-2.695553,53.756806,On or near Avenham Lane,E01033224,Preston 017G,Violence and sexual offences,Status update unavailable,
ac4d895f6cd39527fcb3b5fa0d53adf3ba1175edef87a86adb064b209f8b344d,2019-02,Lancashire Constabulary,Lancashire Constabulary,-2.697335,53.759977,On or near Lord Street,E01033224,Preston 017G,Violence and sexual offences,Offender given a caution,
4f95719086e42fe2f0224b8b28117e802d7c8fe3fb37aca466d30503aabe90ba,2019-02,Lancashire Constabulary,Lancashire Constabulary,-2.697197,53.758953,On or near Nightclub,E01033224,Preston 017G,Violence and sexual offences,Status update unavailable,
fa8802e718e9dff9a522be40e5eed3ee12e6d0c76887c11a0e3330ff690b3b03,2019-02,Lancashire Constabulary,Lancashire Constabulary,-2.689428,53.756958,On or near Larkhill Road,E01033224,Preston 017G,Violence and sexual offences,Status update unavailable,
033b931e5e32c374f70d7e7c74b20ee5d9ea92e5a353ec19edd76d69153e3e31,2019-02,Lancashire Constabulary,Lancashire Constabulary,-2.695436,53.758901,On or near Nightclub,E01033224,Preston 017G,Violence and sexual offences,Status update unavailable,
513780b5950f7a625cf37c6203b790f1a76850bb3777cea5505512c625b60768,2019-02,Lancashire Constabulary,Lancashire Constabulary,-2.697197,53.758953,On or near Nightclub,E01033224,Preston 017G,Violence and sexual offences,Local resolution,
,2019-02,Lancashire Constabulary,Lancashire Constabulary,-2.693020,53.757701,On or near Oak Street,E01033226,Preston 017H,Anti-social behaviour,,
,2019-02,Lancashire Constabulary,Lancashire Constabulary,-2.692140,53.756789,On or near Arundel Place,E01033226,Preston 017H,Anti-social behaviour,,
,2019-02,Lancashire Constabulary,Lancashire Constabulary,-2.693020,53.757701,On or near Oak Street,E01033226,Preston 017H,Anti-social behaviour,,
,2019-02,Lancashire Constabulary,Lancashire Constabulary,-2.693020,53.757701,On or near Oak Street,E01033226,Preston 017H,Anti-social behaviour,,
,2019-02,Lancashire Constabulary,Lancashire Constabulary,-2.693020,53.757701,On or near Oak Street,E01033226,Preston 017H,Anti-social behaviour,,
,2019-02,Lancashire Constabulary,Lancashire Constabulary,-2.693020,53.757701,On or near Oak Street,E01033226,Preston 017H,Anti-social behaviour,,
,2019-02,Lancashire Constabulary,Lancashire Constabulary,-2.691493,53.756146,On or near St Austin'S Place,E01033226,Preston 017H,Anti-social behaviour,,
,2019-02,Lancashire Constabulary,Lancashire Constabulary,-2.693020,53.757701,On or near Oak Street,E01033226,Preston 017H,Anti-social behaviour,,
,2019-02,Lancashire Constabulary,Lancashire Constabulary,-2.692501,53.756590,On or near St Austin'S Road,E01033226,Preston 017H,Anti-social behaviour,,
,2019-02,Lancashire Constabulary,Lancashire Constabulary,-2.694296,53.755986,On or near Charlotte Place,E01033226,Preston 017H,Anti-social behaviour,,
,2019-02,Lancashire Constabulary,Lancashire Constabulary,-2.694470,53.757324,On or near Syke Hill,E01033226,Preston 017H,Anti-social behaviour,,
,2019-02,Lancashire Constabulary,Lancashire Constabulary,-2.693314,53.755318,On or near Hudson Street,E01033226,Preston 017H,Anti-social behaviour,,
,2019-02,Lancashire Constabulary,Lancashire Constabulary,-2.693020,53.757701,On or near Oak Street,E01033226,Preston 017H,Anti-social behaviour,,
,2019-02,Lancashire Constabulary,Lancashire Constabulary,-2.693020,53.757701,On or near Oak Street,E01033226,Preston 017H,Anti-social behaviour,,
,2019-02,Lancashire Constabulary,Lancashire Constabulary,-2.693314,53.755318,On or near Hudson Street,E01033226,Preston 017H,Anti-social behaviour,,
,2019-02,Lancashire Constabulary,Lancashire Constabulary,-2.693620,53.756367,On or near Berry Street,E01033226,Preston 017H,Anti-social behaviour,,
,2019-02,Lancashire Constabulary,Lancashire Constabulary,-2.694296,53.755986,On or near Charlotte Place,E01033226,Preston 017H,Anti-social behaviour,,
,2019-02,Lancashire Constabulary,Lancashire Constabulary,-2.693646,53.757958,On or near Laurel Street,E01033226,Preston 017H,Anti-social behaviour,,
,2019-02,Lancashire Constabulary,Lancashire Constabulary,-2.693020,53.757701,On or near Oak Street,E01033226,Preston 017H,Anti-social behaviour,,
fe8861a77a3ec2ccbb39d76ce5d6610010234cd76c6f25b1b4c2fb46a3830a90,2019-02,Lancashire Constabulary,Lancashire Constabulary,-2.690754,53.754541,On or near Wadham Road,E01033226,Preston 017H,Burglary,Status update unavailable,
73a313ea0bb24e6aa53cb6027b72b70255f65d30dd3c4bc7e3bceeadc2739be0,2019-02,Lancashire Constabulary,Lancashire Constabulary,-2.692140,53.756789,On or near Arundel Place,E01033226,Preston 017H,Other theft,Status update unavailable,
69e8e939b5d62db17a55e8a48d9e8298ed974254bef790af2d25ffaf55175051,2019-02,Lancashire Constabulary,Lancashire Constabulary,-2.690843,53.756321,On or near Dickson Street,E01033226,Preston 017H,Shoplifting,Status update unavailable,
48e8b6c6d9d6f74ff58a97b67cdf64cc8df362d469f7154d9eb22c8dfea79ae8,2019-02,Lancashire Constabulary,Lancashire Constabulary,-2.693620,53.756367,On or near Berry Street,E01033226,Preston 017H,Violence and sexual offences,Court case unable to proceed,
254c29c16b791956476ff9cc36a053adace351ef8cac17d7d9a74f9ffd5ef67c,2019-02,Lancashire Constabulary,Lancashire Constabulary,-2.692140,53.756789,On or near Arundel Place,E01033226,Preston 017H,Violence and sexual offences,Investigation complete; no suspect identified,
c9ff53f3794367af0c498c02e317abd5cdd854743d176b69f4135f73db1c5a5a,2019-02,Lancashire Constabulary,Lancashire Constabulary,-2.693620,53.756367,On or near Berry Street,E01033226,Preston 017H,Violence and sexual offences,Unable to prosecute suspect,
38e95d6905300a3ff955ef0f120dce8f4480959906a4e8dea9a5fe46da863343,2019-02,Lancashire Constabulary,Lancashire Constabulary,-2.690191,53.757250,On or near Princess Street,E01033226,Preston 017H,Violence and sexual offences,Status update unavailable,
56e7b6068a80611a3f615fca8fc137d5ae98a1c3e5dba2034422ab31da5f2b30,2019-02,Lancashire Constabulary,Lancashire Constabulary,-2.694364,53.756453,On or near Knowsley Street,E01033226,Preston 017H,Violence and sexual offences,Unable to prosecute suspect,
b9c62be59f6071fddfa55a1cd506c039132809e6c9f2bff5bd1602f24f1b6dc7,2019-02,Lancashire Constabulary,Lancashire Constabulary,-2.693620,53.756367,On or near Berry Street,E01033226,Preston 017H,Violence and sexual offences,Unable to prosecute suspect,
3461f305728b090b42e2a530e579390a99b315277524cec83d7752690b6d1b88,2019-02,Lancashire Constabulary,Lancashire Constabulary,-2.692140,53.756789,On or near Arundel Place,E01033226,Preston 017H,Violence and sexual offences,Status update unavailable,
b4c71ceb7e76f7c0dde3d95b26d4cee0eec228070a31a346d777948b67718609,2019-02,Lancashire Constabulary,Lancashire Constabulary,-2.690191,53.757250,On or near Princess Street,E01033226,Preston 017H,Violence and sexual offences,Status update unavailable,
1f27f8af194c483d5a58bc43f33e79cbd2784937917a5ab921e453b6d120af3e,2019-02,Lancashire Constabulary,Lancashire Constabulary,-2.694364,53.756453,On or near Knowsley Street,E01033226,Preston 017H,Violence and sexual offences,Status update unavailable,
c007051e19011324f44cb26e5229bb49e5bc70a5950e8c3ab9be1f247e2d14b7,2019-02,Lancashire Constabulary,Lancashire Constabulary,-2.692140,53.756789,On or near Arundel Place,E01033226,Preston 017H,Violence and sexual offences,Unable to prosecute suspect,
7f4962602bb0b80bca3e97958cf5f4ae751dc9a06721ad8865759f5d36651c3d,2019-02,Lancashire Constabulary,Lancashire Constabulary,-2.692140,53.756789,On or near Arundel Place,E01033226,Preston 017H,Violence and sexual offences,Further investigation is not in the public interest,
8f2984f46f7f8d8d85cceedda951d1f9d72024720e3bbc05a40f23b15a41a84f,2019-02,Lancashire Constabulary,Lancashire Constabulary,-2.692140,53.756789,On or near Arundel Place,E01033226,Preston 017H,Violence and sexual offences,Further investigation is not in the public interest,
b8b8f721ea9da8a6c3099b2a8264f0b5a03ec1f3c5d4a60bd027857b933d6a74,2019-02,Lancashire Constabulary,Lancashire Constabulary,-2.693620,53.756367,On or near Berry Street,E01033226,Preston 017H,Violence and sexual offences,Awaiting court outcome,
0a8bb5d11bc0e3e3c99cb0e9c2d79fdc0e1605043b4dc74861bc79750b371d85,2019-02,Lancashire Constabulary,Lancashire Constabulary,-2.693620,53.756367,On or near Berry Street,E01033226,Preston 017H,Violence and sexual offences,Unable to prosecute suspect,
16cf004cd61ad8f88b078dcbc442921be4c1876cac9b1fccbd1db4565d5978ab,2019-02,Lancashire Constabulary,Lancashire Constabulary,-2.693020,53.757701,On or near Oak Street,E01033226,Preston 017H,Violence and sexual offences,Unable to prosecute suspect,
4821e9494cd5e202aa12701d1f8be77e7c141c5ab324915110b4a280121017a6,2019-02,Lancashire Constabulary,Lancashire Constabulary,-2.694470,53.757324,On or near Syke Hill,E01033226,Preston 017H,Violence and sexual offences,Unable to prosecute suspect,
ca13a89d77a923429349138be4777b7e993a94e85837960b63a5a864be84e780,2019-02,Lancashire Constabulary,Lancashire Constabulary,-1.938089,52.298472,On or near Greenfields,E01032236,Redditch 006A,Violence and sexual offences,Status update unavailable,
e83303a412490ec69c4fdac0e1a7a0579c6687f895e390f9f3723f9c9e134bd3,2019-02,Lancashire Constabulary,Lancashire Constabulary,-3.375989,51.684013,On or near Navigation Street,W01001205,Rhondda Cynon Taf 006B,Violence and sexual offences,Status update unavailable,
,2019-02,Lancashire Constabulary,Lancashire Constabulary,-2.482038,53.836932,On or near The Dene,E01025315,Ribble Valley 001A,Anti-social behaviour,,
ab55b28d6ee2440f918af6afdc3b477db72bdb1538c46d7703f691603a51f4ad,2019-02,Lancashire Constabulary,Lancashire Constabulary,-2.476352,53.844648,On or near Sports/Recreation Area,E01025315,Ribble Valley 001A,Other theft,Status update unavailable,
3eb1bbd224c829a6f1440962ad914b9f5f9bd971ba46e61c4090fe9235160318,2019-02,Lancashire Constabulary,Lancashire Constabulary,-2.476352,53.844648,On or near Sports/Recreation Area,E01025315,Ribble Valley 001A,Other theft,Status update unavailable,
72f0c2bd007cb423a355d44518a3caf9c627668dd1e47c225ef70d2d8ede34c6,2019-02,Lancashire Constabulary,Lancashire Constabulary,-2.482038,53.836932,On or near The Dene,E01025315,Ribble Valley 001A,Violence and sexual offences,Status update unavailable,
1019b32df18dc2638c4285c84b32609a4e648ed9085833e4555d37683d424e40,2019-02,Lancashire Constabulary,Lancashire Constabulary,-2.482038,53.836932,On or near The Dene,E01025315,Ribble Valley 001A,Violence and sexual offences,Status update unavailable,
d423062e8d381837f6826718c38ded4de15a575fd8e79d9c52acbda65691bba9,2019-02,Lancashire Constabulary,Lancashire Constabulary,-2.476352,53.844648,On or near Sports/Recreation Area,E01025315,Ribble Valley 001A,Violence and sexual offences,Unable to prosecute suspect,
,2019-02,Lancashire Constabulary,Lancashire Constabulary,-2.457438,53.945782,On or near Hallgate Hill,E01025320,Ribble Valley 001B,Anti-social behaviour,,
,2019-02,Lancashire Constabulary,Lancashire Constabulary,-2.329871,53.939908,On or near Main Street,E01025320,Ribble Valley 001B,Anti-social behaviour,,
26a413448b0244dd1006d63e1a8dd8fbee4c1f0e0faa1a402825ca9b7928c453,2019-02,Lancashire Constabulary,Lancashire Constabulary,-2.383153,53.984312,On or near B6478,E01025320,Ribble Valley 001B,Other theft,Status update unavailable,
86310e8a04f1bd822c5f8e475f7411d3f38c65c6886cd502aadf62a7ea902b7d,2019-02,Lancashire Constabulary,Lancashire Constabulary,-2.458606,53.978574,On or near Wood House Lane,E01025320,Ribble Valley 001B,Other theft,Status update unavailable,
,2019-02,Lancashire Constabulary,Lancashire Constabulary,-2.268566,53.910554,On or near Robin Lane,E01025331,Ribble Valley 001C,Anti-social behaviour,,
f1489d6e8479c2e38c1210b5a6160b7aa3960d0a98368beb658360259e1d8af1,2019-02,Lancashire Constabulary,Lancashire Constabulary,-2.271405,53.932838,On or near A59,E01025331,Ribble Valley 001C,Other theft,Status update unavailable,
b464fe43f086f1820688a2f107dedcd380d04b9d7bf589cb6d841f468b8527b7,2019-02,Lancashire Constabulary,Lancashire Constabulary,-2.309899,53.919254,On or near Park/Open Space,E01025331,Ribble Valley 001C,Other theft,Status update unavailable,
,2019-02,Lancashire Constabulary,Lancashire Constabulary,-2.412980,53.887063,On or near Queensway,E01025348,Ribble Valley 001D,Anti-social behaviour,,
79a0ed028d11a74218637779e8ef76c85fde3a9f25d4c3e87177cbe7d33cfeec,2019-02,Lancashire Constabulary,Lancashire Constabulary,-2.412980,53.887063,On or near Queensway,E01025348,Ribble Valley 001D,Burglary,Status update unavailable,
f47acd02536091c08a4c8bc46799caea54ee3a64dc4f0ff0b11fb5c517a31960,2019-02,Lancashire Constabulary,Lancashire Constabulary,-2.400851,53.902600,On or near Pendle View,E01025348,Ribble Valley 001D,Violence and sexual offences,Unable to prosecute suspect,
533192a80ea3994c89b133dfe05e413e2a06c3c3ec7f7f627f9ea9d9860cb623,2019-02,Lancashire Constabulary,Lancashire Constabulary,-2.369817,53.907724,On or near Main Street,E01025349,Ribble Valley 001E,Other theft,Status update unavailable,
798eaa913758d4d8e59cd40a1c242878b3d7713ab898609ddad95f46e0e73169,2019-02,Lancashire Constabulary,Lancashire Constabulary,-2.369817,53.907724,On or near Main Street,E01025349,Ribble Valley 001E,Vehicle crime,Status update unavailable,
,2019-02,Lancashire Constabulary,Lancashire Constabulary,-2.391698,53.866157,On or near Brownlow Street,E01025334,Ribble Valley 002A,Anti-social behaviour,,
,2019-02,Lancashire Constabulary,Lancashire Constabulary,-2.391698,53.866157,On or near Brownlow Street,E01025334,Ribble Valley 002A,Anti-social behaviour,,
,2019-02,Lancashire Constabulary,Lancashire Constabulary,-2.391698,53.866157,On or near Brownlow Street,E01025334,Ribble Valley 002A,Anti-social behaviour,,
,2019-02,Lancashire Constabulary,Lancashire Constabulary,-2.395005,53.863683,On or near Petrol Station,E01025334,Ribble Valley 002A,Anti-social behaviour,,
,2019-02,Lancashire Constabulary,Lancashire Constabulary,-2.393716,53.865719,On or near Hall Street,E01025334,Ribble Valley 002A,Anti-social behaviour,,
90a40610e92d8507dd23f4529d0e1bd58c261e7b2778c4274c1a8be2981c54ae,2019-02,Lancashire Constabulary,Lancashire Constabulary,-2.389531,53.863728,On or near Beechwood Avenue,E01025334,Ribble Valley 002A,Burglary,Status update unavailable,
cea4c7e4506914d9d212b3b375cc13cfb46f5a990342af250258dd3c614e3854,2019-02,Lancashire Constabulary,Lancashire Constabulary,-2.394204,53.864288,On or near Little Moor View,E01025334,Ribble Valley 002A,Burglary,Status update unavailable,
5020eaab79da6b854ef6a0000405230fa6f3e6b15a149f7b59b8a52e162fab22,2019-02,Lancashire Constabulary,Lancashire Constabulary,-2.394547,53.865123,On or near Craven Street,E01025334,Ribble Valley 002A,Burglary,Status update unavailable,
d408dea83c1b992dac26b07bb4357531edaab7d97af760cc7076b9547d37c6e6,2019-02,Lancashire Constabulary,Lancashire Constabulary,-2.395005,53.863683,On or near Petrol Station,E01025334,Ribble Valley 002A,Drugs,Status update unavailable,
f3d04ddc65961a0f939acc97d17dbc9dc88a8822c58cb14436a53ac28f84a7c1,2019-02,Lancashire Constabulary,Lancashire Constabulary,-2.390792,53.865198,On or near Sports/Recreation Area,E01025334,Ribble Valley 002A,Other theft,Status update unavailable,
c7d3cd102f498f288008dee9d65cf2920a4b378757639185b79aa2b4719ed858,2019-02,Lancashire Constabulary,Lancashire Constabulary,-2.395005,53.863683,On or near Petrol Station,E01025334,Ribble Valley 002A,Other theft,Status update unavailable,
3fd0a70a029e37fcb497e3434a2383e1f725b91625cab4ee66da73dc37217396,2019-02,Lancashire Constabulary,Lancashire Constabulary,-2.394204,53.864288,On or near Little Moor View,E01025334,Ribble Valley 002A,Vehicle crime,Status update unavailable,
,2019-02,Lancashire Constabulary,Lancashire Constabulary,-2.392018,53.874344,On or near Brennand Street,E01025344,Ribble Valley 002B,Anti-social behaviour,,
,2019-02,Lancashire Constabulary,Lancashire Constabulary,-2.395192,53.873929,On or near Blacklane Croft,E01025344,Ribble Valley 002B,Anti-social behaviour,,
,2019-02,Lancashire Constabulary,Lancashire Constabulary,-2.396029,53.873899,On or near Castlekeep View,E01025344,Ribble Valley 002B,Anti-social behaviour,,
d8f9f5bc423a2bac2cc441fbd0f4715f58d3dbd76cd28266685af42737d50b71,2019-02,Lancashire Constabulary,Lancashire Constabulary,-2.389341,53.874416,On or near Church Brow Gardens,E01025344,Ribble Valley 002B,Burglary,Status update unavailable,
a913cc48e363f4f4768cd9089789e0321f3371b49250521e8c2768b9691971aa,2019-02,Lancashire Constabulary,Lancashire Constabulary,-2.391702,53.874794,On or near St Mary'S Street,E01025344,Ribble Valley 002B,Burglary,Status update unavailable,
ba836ffa9c3539cddd0a7ddbc9bc191f288dc1b174bbab767db7979faabcd288,2019-02,Lancashire Constabulary,Lancashire Constabulary,-2.390503,53.873405,On or near Church Street,E01025344,Ribble Valley 002B,Burglary,Status update unavailable,
732e6f804434a907eab96a8b29f5576c20f056b55901c2be5aead90d0da40c32,2019-02,Lancashire Constabulary,Lancashire Constabulary,-2.392600,53.873192,On or near King Street,E01025344,Ribble Valley 002B,Shoplifting,Status update unavailable,
8681f456b63015a0f86ac9e057b12fe6a1d9c92093589c183750b07358766979,2019-02,Lancashire Constabulary,Lancashire Constabulary,-2.397045,53.871973,On or near Albemarle Street,E01025344,Ribble Valley 002B,Vehicle crime,Status update unavailable,
,2019-02,Lancashire Constabulary,Lancashire Constabulary,-2.391028,53.872639,On or near Market Place,E01025346,Ribble Valley 002D,Anti-social behaviour,,
,2019-02,Lancashire Constabulary,Lancashire Constabulary,-2.391028,53.872639,On or near Market Place,E01025346,Ribble Valley 002D,Anti-social behaviour,,
4a3bcb3233c146ae430b43a2a826b539e01d738f3596ba4c197b8c7f2c63a469,2019-02,Lancashire Constabulary,Lancashire Constabulary,-2.389074,53.873455,On or near Theatre/Concert Hall,E01025346,Ribble Valley 002D,Burglary,Status update unavailable,
db585cc868904a207d30f0911bcf500b95f6b6a6988212b5962678501ed638f0,2019-02,Lancashire Constabulary,Lancashire Constabulary,-2.391028,53.872639,On or near Market Place,E01025346,Ribble Valley 002D,Burglary,Status update unavailable,
5029082d97711dc9a2b9e474ef0e48471c7309a3760998b1afc75c40a546aff6,2019-02,Lancashire Constabulary,Lancashire Constabulary,-2.391028,53.872639,On or near Market Place,E01025346,Ribble Valley 002D,Other theft,Status update unavailable,
b26321d587a91c026059718b3bd711e2585e8f245866730fe473df495dd6eb84,2019-02,Lancashire Constabulary,Lancashire Constabulary,-2.377428,53.875640,On or near Up-Brooks,E01025346,Ribble Valley 002D,Other theft,Status update unavailable,
89252b0cf3d720e93c446d2945dd134b813dd1d4150cb9992e162ed6dddb5102,2019-02,Lancashire Constabulary,Lancashire Constabulary,-2.388353,53.872819,On or near Supermarket,E01025346,Ribble Valley 002D,Other theft,Status update unavailable,
f53c79bf0924b4e39b5d86e1905492be647534fe73a54c4a7ac3233be6ec1f12,2019-02,Lancashire Constabulary,Lancashire Constabulary,-2.391028,53.872639,On or near Market Place,E01025346,Ribble Valley 002D,Other theft,Status update unavailable,
3d969b46d21124c22a3a98d75dd5c562b15974fc529cae028530c3ec9804752c,2019-02,Lancashire Constabulary,Lancashire Constabulary,-2.387676,53.870349,On or near Peel Street,E01025346,Ribble Valley 002D,Shoplifting,Status update unavailable,
f59e99e329ed619319071d4da6250fdf050605e63111ed33e5e5a2139d9658de,2019-02,Lancashire Constabulary,Lancashire Constabulary,-2.387806,53.869540,On or near Grafton Street,E01025346,Ribble Valley 002D,Violence and sexual offences,Status update unavailable,
ac70fbb9c4123ee473905e3839f55e74b4f00d68b9e7c6c1b8f3bfa7aa47ec2b,2019-02,Lancashire Constabulary,Lancashire Constabulary,-2.390209,53.872831,On or near Harris Court,E01025346,Ribble Valley 002D,Violence and sexual offences,Unable to prosecute suspect,
3db931c0d3f9735c8a94a0a352819bbb82542ba1cd19cf08e833beab3d7b91f2,2019-02,Lancashire Constabulary,Lancashire Constabulary,-2.389109,53.872331,On or near Wellgate,E01025346,Ribble Valley 002D,Violence and sexual offences,Local resolution,
55acbccc6b9a70b71d5d0e41623e28c85e9d1a0a558b071dee515d272234ae7a,2019-02,Lancashire Constabulary,Lancashire Constabulary,-2.391028,53.872639,On or near Market Place,E01025346,Ribble Valley 002D,Violence and sexual offences,Status update unavailable,
a8add1ec19b46bc21756f0524f7d0bed1dc7dbef09325959543737a58bfb04ee,2019-02,Lancashire Constabulary,Lancashire Constabulary,-2.389109,53.872331,On or near Wellgate,E01025346,Ribble Valley 002D,Violence and sexual offences,Status update unavailable,
81e07ddcfefaa9fc7db451d0fd1d17cb7ed595056fa0b1ceeb4057e304897c7b,2019-02,Lancashire Constabulary,Lancashire Constabulary,-2.391028,53.872639,On or near Market Place,E01025346,Ribble Valley 002D,Violence and sexual offences,Status update unavailable,
1b73dcb6e9307ea98faf2a50bc5ab4ae420b6c3d6a3f5eb03661138e35d147b1,2019-02,Lancashire Constabulary,Lancashire Constabulary,-2.385720,53.872567,On or near Taylor Street,E01025346,Ribble Valley 002D,Violence and sexual offences,Status update unavailable,
f1e94d824c1e641017e979908f95318365ed00ccf1a0471f05602f2c38d127b0,2019-02,Lancashire Constabulary,Lancashire Constabulary,-2.391028,53.872639,On or near Market Place,E01025346,Ribble Valley 002D,Violence and sexual offences,Local resolution,
,2019-02,Lancashire Constabulary,Lancashire Constabulary,-2.386594,53.876689,On or near Longsight Avenue,E01025347,Ribble Valley 002E,Anti-social behaviour,,
,2019-02,Lancashire Constabulary,Lancashire Constabulary,-2.386007,53.874040,On or near Brook Street,E01025347,Ribble Valley 002E,Anti-social behaviour,,
0720309a5e6475cd78aab4d2d67947c84838e74db2f0f4f324f778a2aa8c4312,2019-02,Lancashire Constabulary,Lancashire Constabulary,-2.386104,53.873060,On or near River Lea Gardens,E01025347,Ribble Valley 002E,Other theft,Status update unavailable,
4a2f4153a9e671f0e4f6c1cbd2751936c2f1f0019b023a06eaf22966fd0dd887,2019-02,Lancashire Constabulary,Lancashire Constabulary,-2.386635,53.874478,On or near Salthill Road,E01025347,Ribble Valley 002E,Shoplifting,Unable to prosecute suspect,
fccbed2d92e1c091d7e65e3163174b4e3467b43baa7b0bc9604fdbb1f33488de,2019-02,Lancashire Constabulary,Lancashire Constabulary,-2.384699,53.874035,On or near Whittle Close,E01025347,Ribble Valley 002E,Vehicle crime,Status update unavailable,
abcefaa70500cb0b8b24de2bb6f9ab9ac68d79957c283e47dc47c31721c57ff8,2019-02,Lancashire Constabulary,Lancashire Constabulary,-2.386635,53.874478,On or near Salthill Road,E01025347,Ribble Valley 002E,Violence and sexual offences,Unable to prosecute suspect,
5f934c0332a69a8545f5fac0689d1bcae1191a3bae0e3b442ec9a965c97ec612,2019-02,Lancashire Constabulary,Lancashire Constabulary,-2.373483,53.881827,On or near Deanfield Drive,E01025347,Ribble Valley 002E,Violence and sexual offences,Unable to prosecute suspect,
,2019-02,Lancashire Constabulary,Lancashire Constabulary,-2.412265,53.871625,On or near Nelson Street,E01025329,Ribble Valley 003A,Anti-social behaviour,,
0384d68c4804ef4670e916bc1f0163a954f26dd04c478e51e1036e99d5180c37,2019-02,Lancashire Constabulary,Lancashire Constabulary,-2.404658,53.868181,On or near Hargreaves Court,E01025329,Ribble Valley 003A,Burglary,Status update unavailable,
65dca9ab20c58548cea229c538d1212bbc45645e25647ec5326fb81ae9789c0c,2019-02,Lancashire Constabulary,Lancashire Constabulary,-2.412265,53.871625,On or near Nelson Street,E01025329,Ribble Valley 003A,Violence and sexual offences,Status update unavailable,
9f7bc4dd325773c7b533eadf9157c778261b6b40f9f6c6c11472163afc6375a9,2019-02,Lancashire Constabulary,Lancashire Constabulary,-2.406613,53.865946,On or near Hazel Grove,E01025329,Ribble Valley 003A,Violence and sexual offences,Status update unavailable,
a8226633281117fefb99e520f41da0e9b60fa0c4c453585212cc62b1020d726b,2019-02,Lancashire Constabulary,Lancashire Constabulary,-2.408995,53.866917,On or near Shireburn Avenue,E01025329,Ribble Valley 003A,Violence and sexual offences,Unable to prosecute suspect,
,2019-02,Lancashire Constabulary,Lancashire Constabulary,-2.401205,53.869685,On or near Beech Street,E01025330,Ribble Valley 003B,Anti-social behaviour,,
4003f34637fcc3837a76be94c46a9296c7175e2fe0cbd783b3a78b197280c10c,2019-02,Lancashire Constabulary,Lancashire Constabulary,-2.402157,53.869088,On or near Faraday Avenue,E01025330,Ribble Valley 003B,Burglary,Status update unavailable,
fd963a089ce3b98e9a6f934de8425d07f31d32965bffe4bab32374e356a3d640,2019-02,Lancashire Constabulary,Lancashire Constabulary,-2.397320,53.870516,On or near Pump Street,E01025330,Ribble Valley 003B,Other theft,Status update unavailable,
4f18c8b8ff56885ebb718046af07b800622874584a973b2f44f48a2863ba867f,2019-02,Lancashire Constabulary,Lancashire Constabulary,-2.401205,53.869685,On or near Beech Street,E01025330,Ribble Valley 003B,Other theft,Status update unavailable,
68c041399ed0a0e4a71b48e429c97ae9a1a79a07da35db582472cefa5af4896b,2019-02,Lancashire Constabulary,Lancashire Constabulary,-2.398835,53.869917,On or near Bawdlands,E01025330,Ribble Valley 003B,Other theft,Status update unavailable,
9a936726de92a7d1f53c707051868d5c8132ec3f1e81fbc3989de78878a0cc97,2019-02,Lancashire Constabulary,Lancashire Constabulary,-2.411757,53.872543,On or near Meadowlands,E01025330,Ribble Valley 003B,Violence and sexual offences,Unable to prosecute suspect,
e5e17a1dc7edc4c32701203d1e6181c19aa8f7d5faad3bfc9971820e60675de7,2019-02,Lancashire Constabulary,Lancashire Constabulary,-2.409482,53.871643,On or near Meadow View,E01025330,Ribble Valley 003B,Violence and sexual offences,Further investigation is not in the public interest,
c03783a8ba60d50882d62a0be428027b1573016a1064b372a950d6669d46dfc2,2019-02,Lancashire Constabulary,Lancashire Constabulary,-2.411757,53.872543,On or near Meadowlands,E01025330,Ribble Valley 003B,Violence and sexual offences,Status update unavailable,
1f2b415f80d90d45c2696b7643d35406db0f139498140e7a4afa17ed5b7906d2,2019-02,Lancashire Constabulary,Lancashire Constabulary,-2.411757,53.872543,On or near Meadowlands,E01025330,Ribble Valley 003B,Violence and sexual offences,Status update unavailable,
7367c1c802180af449cc7d2f0a815a010f9bd76b4cbde73bef314f9a718df207,2019-02,Lancashire Constabulary,Lancashire Constabulary,-2.411757,53.872543,On or near Meadowlands,E01025330,Ribble Valley 003B,Violence and sexual offences,Unable to prosecute suspect,
5129552330885d0d5a46615d3bbc470ecdd3bfa1023d288d56eb8745f025c5c8,2019-02,Lancashire Constabulary,Lancashire Constabulary,-2.411757,53.872543,On or near Meadowlands,E01025330,Ribble Valley 003B,Violence and sexual offences,Unable to prosecute suspect,
beed1e083c657ed41d1938d558bd3d2c90c6c0cc12f29c787a6297b2da16bfba,2019-02,Lancashire Constabulary,Lancashire Constabulary,-2.397320,53.870516,On or near Pump Street,E01025330,Ribble Valley 003B,Violence and sexual offences,Unable to prosecute suspect,
f040dece5fd28694624a9a5f2113b59afd6cbf8eae2141e8d3baa0f9680575ae,2019-02,Lancashire Constabulary,Lancashire Constabulary,-2.397320,53.870516,On or near Pump Street,E01025330,Ribble Valley 003B,Violence and sexual offences,Formal action is not in the public interest,
,2019-02,Lancashire Constabulary,Lancashire Constabulary,-2.390522,53.872201,On or near King Lane,E01025335,Ribble Valley 003C,Anti-social behaviour,,
,2019-02,Lancashire Constabulary,Lancashire Constabulary,-2.391752,53.870399,On or near Supermarket,E01025335,Ribble Valley 003C,Anti-social behaviour,,
,2019-02,Lancashire Constabulary,Lancashire Constabulary,-2.391093,53.871444,On or near Parking Area,E01025335,Ribble Valley 003C,Anti-social behaviour,,
,2019-02,Lancashire Constabulary,Lancashire Constabulary,-2.391093,53.871444,On or near Parking Area,E01025335,Ribble Valley 003C,Anti-social behaviour,,
,2019-02,Lancashire Constabulary,Lancashire Constabulary,-2.388340,53.868127,On or near Mearley Brook Fold,E01025335,Ribble Valley 003C,Anti-social behaviour,,
,2019-02,Lancashire Constabulary,Lancashire Constabulary,-2.391752,53.870399,On or near Supermarket,E01025335,Ribble Valley 003C,Anti-social behaviour,,
,2019-02,Lancashire Constabulary,Lancashire Constabulary,-2.391752,53.870399,On or near Supermarket,E01025335,Ribble Valley 003C,Anti-social behaviour,,
,2019-02,Lancashire Constabulary,Lancashire Constabulary,-2.388807,53.869303,On or near Brotherton Meadows,E01025335,Ribble Valley 003C,Anti-social behaviour,,
,2019-02,Lancashire Constabulary,Lancashire Constabulary,-2.389536,53.869184,On or near Peel Street,E01025335,Ribble Valley 003C,Anti-social behaviour,,
15a3a454d41319c064b90a6546e243053e169c4e0cbb432bc43680b852b99765,2019-02,Lancashire Constabulary,Lancashire Constabulary,-2.391752,53.870399,On or near Supermarket,E01025335,Ribble Valley 003C,Burglary,Status update unavailable,
fb18e966743dc49b96b546f71c633cce17e8609ce37c6e2ab9e07a2b63024b06,2019-02,Lancashire Constabulary,Lancashire Constabulary,-2.388711,53.868728,On or near Carlton Place,E01025335,Ribble Valley 003C,Criminal damage and arson,Status update unavailable,
f0693654b015d2267f5609c411baa52020c1672f6113dbe7bfa00b3b93dfe514,2019-02,Lancashire Constabulary,Lancashire Constabulary,-2.388711,53.868728,On or near Carlton Place,E01025335,Ribble Valley 003C,Criminal damage and arson,Unable to prosecute suspect,
98c2377724ea98462e075d902cebd04c8ce1fa7df83a9dc0db5c8744dc98d246,2019-02,Lancashire Constabulary,Lancashire Constabulary,-2.391240,53.870922,On or near Lowergate,E01025335,Ribble Valley 003C,Public order,Status update unavailable,
cf4fceb4d8d3e4e082e1d3317fdd5442332ca97323b74223486d7e22740cd86d,2019-02,Lancashire Constabulary,Lancashire Constabulary,-2.382830,53.867561,On or near Goosebutts Lane,E01025335,Ribble Valley 003C,Vehicle crime,Status update unavailable,
49f6ae87951b58ca375951400df99ab29e969efd4297c1f8b4758d5153dc6264,2019-02,Lancashire Constabulary,Lancashire Constabulary,-2.391240,53.870922,On or near Lowergate,E01025335,Ribble Valley 003C,Violence and sexual offences,Unable to prosecute suspect,
297177bce75595b7440e9f3e3d0891c9df7bbdeaa5b46e530f2ee8a8d159c2d1,2019-02,Lancashire Constabulary,Lancashire Constabulary,-2.388711,53.868728,On or near Carlton Place,E01025335,Ribble Valley 003C,Violence and sexual offences,Unable to prosecute suspect,
,2019-02,Lancashire Constabulary,Lancashire Constabulary,-2.400119,53.865788,On or near Reeford Grove,E01025338,Ribble Valley 003D,Anti-social behaviour,,
,2019-02,Lancashire Constabulary,Lancashire Constabulary,-2.393447,53.867841,On or near Mearley Street,E01025338,Ribble Valley 003D,Anti-social behaviour,,
,2019-02,Lancashire Constabulary,Lancashire Constabulary,-2.398031,53.868491,On or near Parking Area,E01025338,Ribble Valley 003D,Anti-social behaviour,,
,2019-02,Lancashire Constabulary,Lancashire Constabulary,-2.391919,53.871936,On or near Castle Street,E01025338,Ribble Valley 003D,Anti-social behaviour,,
,2019-02,Lancashire Constabulary,Lancashire Constabulary,-2.398977,53.868856,On or near Monk Street,E01025338,Ribble Valley 003D,Anti-social behaviour,,
,2019-02,Lancashire Constabulary,Lancashire Constabulary,-2.398977,53.868856,On or near Monk Street,E01025338,Ribble Valley 003D,Anti-social behaviour,,
,2019-02,Lancashire Constabulary,Lancashire Constabulary,-2.393447,53.867841,On or near Mearley Street,E01025338,Ribble Valley 003D,Anti-social behaviour,,
7dadfe4a94f29e58f7d6633480f47347e32af152d98baddecee0ce58834ec211,2019-02,Lancashire Constabulary,Lancashire Constabulary,-2.396820,53.867524,On or near Wilson Street,E01025338,Ribble Valley 003D,Burglary,Status update unavailable,
eb9ca7b6fa7005322de43cbf638d009485fcf9c2d3b5fc68850181fa610cdede,2019-02,Lancashire Constabulary,Lancashire Constabulary,-2.394478,53.867496,On or near Greenacre Street,E01025338,Ribble Valley 003D,Burglary,Unable to prosecute suspect,
7eb1ce1a0b98e20447891dd9c86149161e28fc2a7e6e2e1458cc58535f8d54aa,2019-02,Lancashire Constabulary,Lancashire Constabulary,-2.391919,53.871936,On or near Castle Street,E01025338,Ribble Valley 003D,Burglary,Status update unavailable,
708b32dc66c1fea5af535af6fd37ca2adfc9ed2f1246dcbf3b78d48d877705c8,2019-02,Lancashire Constabulary,Lancashire Constabulary,-2.394293,53.872099,On or near Old Station Court,E01025338,Ribble Valley 003D,Criminal damage and arson,Status update unavailable,
355de16edcaeb735db63cbe56d3bc5edaded146a79aa98677f60ec6c0fb15957,2019-02,Lancashire Constabulary,Lancashire Constabulary,-2.394293,53.872099,On or near Old Station Court,E01025338,Ribble Valley 003D,Other theft,Status update unavailable,
3d59aa4bf1fbc8f14154096f22c16ee25665e51a3b52b5646ebc26ffd07c0914,2019-02,Lancashire Constabulary,Lancashire Constabulary,-2.391919,53.871936,On or near Castle Street,E01025338,Ribble Valley 003D,Public order,Status update unavailable,
304bd726c562b1292b7c8ed0728cd955c8d78efe3297dc1ece75c0799590a1fe,2019-02,Lancashire Constabulary,Lancashire Constabulary,-2.394575,53.871379,On or near Parson Lane,E01025338,Ribble Valley 003D,Shoplifting,Status update unavailable,
d6b137380c4159a39d1bd5f5a48af7ccd6cf6543c4718b4554514ea71c3a1739,2019-02,Lancashire Constabulary,Lancashire Constabulary,-2.392504,53.869444,On or near Moor Lane,E01025338,Ribble Valley 003D,Shoplifting,Further investigation is not in the public interest,
0776c7180b9c39c178b2d42deb84650db6ad5b65365cae68aac897731344c789,2019-02,Lancashire Constabulary,Lancashire Constabulary,-2.394575,53.871379,On or near Parson Lane,E01025338,Ribble Valley 003D,Shoplifting,Investigation complete; no suspect identified,
4f994c5f87b1acc9fcc91a640472543c6d003159c06200c288be3382a8289b30,2019-02,Lancashire Constabulary,Lancashire Constabulary,-2.392959,53.872579,On or near New Market Street,E01025338,Ribble Valley 003D,Vehicle crime,Status update unavailable,
646860488582af127d664299073cd0f9bbd5e187571ea06b920ea0835d2f0bb0,2019-02,Lancashire Constabulary,Lancashire Constabulary,-2.398981,53.866061,On or near Victoria Street,E01025338,Ribble Valley 003D,Vehicle crime,Status update unavailable,
ae93a2540e48db98dde540add7e67f27c22ad9a414a0e7ac6c15b5d8e4d562be,2019-02,Lancashire Constabulary,Lancashire Constabulary,-2.395722,53.870377,On or near Sports/Recreation Area,E01025338,Ribble Valley 003D,Vehicle crime,Status update unavailable,
a1dd0e4956642536fee2f6f7e7dc985e7d709cd112aee4f932064f9ea01d30a1,2019-02,Lancashire Constabulary,Lancashire Constabulary,-2.394528,53.871226,On or near Rock Street,E01025338,Ribble Valley 003D,Violence and sexual offences,Status update unavailable,
915cf1569ecbb071a688bb6810890d6730922c7184ef36aab0420854ccd0a46e,2019-02,Lancashire Constabulary,Lancashire Constabulary,-2.398977,53.868856,On or near Monk Street,E01025338,Ribble Valley 003D,Violence and sexual offences,Unable to prosecute suspect,
181263e7e6123b755fd1c0eea2d15cb9e8d3334e4c10eebfc5d02160a8d3efa2,2019-02,Lancashire Constabulary,Lancashire Constabulary,-2.394478,53.867496,On or near Greenacre Street,E01025338,Ribble Valley 003D,Violence and sexual offences,Status update unavailable,
e78225b58f8b8025402c806531d13595cf6e651cccb6297ee4d93966863e719a,2019-02,Lancashire Constabulary,Lancashire Constabulary,-2.396820,53.867524,On or near Wilson Street,E01025338,Ribble Valley 003D,Violence and sexual offences,Unable to prosecute suspect,
8ea57fa50fefa99c69b83f0a866538b20d5e368e30f96515187f472796c2cc92,2019-02,Lancashire Constabulary,Lancashire Constabulary,-2.398724,53.861505,On or near Whalley Road,E01025339,Ribble Valley 003E,Burglary,Status update unavailable,
68619770744b2c7199768872cf4094d47182ee7d5394235880559c54070ce0f0,2019-02,Lancashire Constabulary,Lancashire Constabulary,-2.404472,53.864695,On or near Windsor Avenue,E01025339,Ribble Valley 003E,Criminal damage and arson,Status update unavailable,
398a855beea4c8fc23c6c9e2a81601ea8dee54a0defc590c70a4caf2e61cf89a,2019-02,Lancashire Constabulary,Lancashire Constabulary,-2.404098,53.863716,On or near Kemple View,E01025339,Ribble Valley 003E,Vehicle crime,Status update unavailable,
df741e0f8925e77f79f1c19a01d27305436c75141132135eb02e6d1fbf2d2754,2019-02,Lancashire Constabulary,Lancashire Constabulary,-2.407700,53.863587,On or near Stirling Close,E01025339,Ribble Valley 003E,Violence and sexual offences,Unable to prosecute suspect,
f68ae9e933507237ebfb32c2aa7cf111395e52f0f01d08aec199b7c09dafb369,2019-02,Lancashire Constabulary,Lancashire Constabulary,-2.596625,53.872782,On or near Park/Open Space,E01025322,Ribble Valley 004A,Burglary,Status update unavailable,
79ba4930367f6c4b6fb13d84d5c2fb55cd5f4b6350a21c589ccdda9cb0e30a25,2019-02,Lancashire Constabulary,Lancashire Constabulary,-2.577573,53.885305,On or near Church Raike,E01025322,Ribble Valley 004A,Criminal damage and arson,Status update unavailable,
f195ceabffb7038e2920bed7d6ac8c0ed777018a461057118549528813d3889e,2019-02,Lancashire Constabulary,Lancashire Constabulary,-2.623741,53.864465,On or near Loud Bridge Road,E01025322,Ribble Valley 004A,Public order,Unable to prosecute suspect,
4f113b61bc006f7a9fcc4670dd1c9c4a710113b9d470da4c5ff718736b9ff6af,2019-02,Lancashire Constabulary,Lancashire Constabulary,-2.574361,53.885150,On or near Talbot Street,E01025322,Ribble Valley 004A,Violence and sexual offences,Status update unavailable,
,2019-02,Lancashire Constabulary,Lancashire Constabulary,-2.605854,53.832559,On or near Stanley Street,E01025326,Ribble Valley 004B,Anti-social behaviour,,
2f6d139ea73379b56ae803ee6e4685952da1b3cab5e6b0fbdfcb81e565265333,2019-02,Lancashire Constabulary,Lancashire Constabulary,-2.549764,53.872610,On or near Park/Open Space,E01025326,Ribble Valley 004B,Burglary,Status update unavailable,
83dbf81036088815008feb6415f09d036f28750fdaf42ecd96be5128ddfd3a83,2019-02,Lancashire Constabulary,Lancashire Constabulary,-2.604957,53.832564,On or near Petrol Station,E01025326,Ribble Valley 004B,Other theft,Status update unavailable,
299d97a25bda4a2b8b272e42c8404f5e162fa1af83cdfc2688b23dd6b16ac9c7,2019-02,Lancashire Constabulary,Lancashire Constabulary,-2.564029,53.849939,On or near Forty Acre Lane,E01025326,Ribble Valley 004B,Other theft,Status update unavailable,
056cdea34af0efe12b07424bab81bad0dfe2f349d395f91170de3fad845bf1b9,2019-02,Lancashire Constabulary,Lancashire Constabulary,-2.604957,53.832564,On or near Petrol Station,E01025326,Ribble Valley 004B,Other theft,Status update unavailable,
d4ba595a3ee32087b0286e5732640510ac1cc4510f55896c64f2bc08d5a57871,2019-02,Lancashire Constabulary,Lancashire Constabulary,-2.605854,53.832559,On or near Stanley Street,E01025326,Ribble Valley 004B,Public order,Offender given penalty notice,
6543520d2e2663db1765df55fb6e2abce1e1f2a597f3adf1d2ff27a9f74f9237,2019-02,Lancashire Constabulary,Lancashire Constabulary,-2.604957,53.832564,On or near Petrol Station,E01025326,Ribble Valley 004B,Shoplifting,Investigation complete; no suspect identified,
629a32c5aad96135ae9c562536725463aaea3db9b1c3ffe72a41855e6b4dd1a0,2019-02,Lancashire Constabulary,Lancashire Constabulary,-2.604957,53.832564,On or near Petrol Station,E01025326,Ribble Valley 004B,Shoplifting,Status update unavailable,
a053242b076aa634f39573b9d16348fa4daf13a8810cb0eba89eba1896d3c45e,2019-02,Lancashire Constabulary,Lancashire Constabulary,-2.604957,53.832564,On or near Petrol Station,E01025326,Ribble Valley 004B,Shoplifting,Status update unavailable,
d46cceef511153bc4c0769440aeb9592cfe7702f4500d28705712d889850479c,2019-02,Lancashire Constabulary,Lancashire Constabulary,-2.604957,53.832564,On or near Petrol Station,E01025326,Ribble Valley 004B,Shoplifting,Status update unavailable,
ac246522a0a00cc3fe1100b6a58c5f3241acab6f342bd2d4a61db09c6ea1afb0,2019-02,Lancashire Constabulary,Lancashire Constabulary,-2.604957,53.832564,On or near Petrol Station,E01025326,Ribble Valley 004B,Shoplifting,Status update unavailable,
7ff195dc78ae16c82a867150ea2db6adfab9c59516a9f86c5ac55ccd2d6d510a,2019-02,Lancashire Constabulary,Lancashire Constabulary,-2.604957,53.832564,On or near Petrol Station,E01025326,Ribble Valley 004B,Shoplifting,Status update unavailable,
26458bcc27965b3a322ef5576dd1fec9ce4818381cdc11bab37bc59dfd80ece7,2019-02,Lancashire Constabulary,Lancashire Constabulary,-2.604957,53.832564,On or near Petrol Station,E01025326,Ribble Valley 004B,Shoplifting,Status update unavailable,
1e8487e4b84e6fd4cb66c3770d683f70ff0a9ce7af1873f1f69dab9c38789639,2019-02,Lancashire Constabulary,Lancashire Constabulary,-2.604957,53.832564,On or near Petrol Station,E01025326,Ribble Valley 004B,Shoplifting,Status update unavailable,
81c41553ed71f8015aa883b544d15ecc095cc8bb66802f2ca1e41abc1bd05af8,2019-02,Lancashire Constabulary,Lancashire Constabulary,-2.604957,53.832564,On or near Petrol Station,E01025326,Ribble Valley 004B,Shoplifting,Status update unavailable,
cc9212ccaf90f169a95dd8bc699652b7b4a22f5ff71550577f3532ea135ab2f3,2019-02,Lancashire Constabulary,Lancashire Constabulary,-2.604957,53.832564,On or near Petrol Station,E01025326,Ribble Valley 004B,Shoplifting,Status update unavailable,
6033b45a133a96bc666d1d9b03a99fa6bd7305939496f577c33c72a0e63bc54a,2019-02,Lancashire Constabulary,Lancashire Constabulary,-2.604957,53.832564,On or near Petrol Station,E01025326,Ribble Valley 004B,Shoplifting,Status update unavailable,
96aa1dde409bd1e13fddfbb17a0be3a675bd2e891d384d290691c71f9e86d7d1,2019-02,Lancashire Constabulary,Lancashire Constabulary,-2.604265,53.834077,On or near Thornfield Avenue,E01025326,Ribble Valley 004B,Vehicle crime,Status update unavailable,
d288b8344627f490b5e5c67342128499f3d94d9ed1a718260e350d8f64ce58e7,2019-02,Lancashire Constabulary,Lancashire Constabulary,-2.597824,53.832096,On or near Jeffrey Avenue,E01025326,Ribble Valley 004B,Vehicle crime,Status update unavailable,
a794216b5c6972cdd1bee32841297af92a3fbc2c84c9fae80d31637a129ffa73,2019-02,Lancashire Constabulary,Lancashire Constabulary,-2.596699,53.833117,On or near Green Lane,E01025326,Ribble Valley 004B,Violence and sexual offences,Unable to prosecute suspect,
c3a0deb84675d9f96def0cfb6ecb6c4daded06979f658702e426fd4b9a3fcc07,2019-02,Lancashire Constabulary,Lancashire Constabulary,-2.549067,53.871661,On or near Park/Open Space,E01025326,Ribble Valley 004B,Violence and sexual offences,Status update unavailable,
cb511b7b21cd9c565575ef8151439765f3d11cd581a9a68d1b868cda71121ea2,2019-02,Lancashire Constabulary,Lancashire Constabulary,-2.599442,53.833679,On or near Lune Street,E01025326,Ribble Valley 004B,Violence and sexual offences,Action to be taken by another organisation,
3baed55f86f0e1dd821ecb30435624aa6319103d60cd50acffa159297e3e4d27,2019-02,Lancashire Constabulary,Lancashire Constabulary,-2.592526,53.834558,On or near Wyndene Close,E01025327,Ribble Valley 004C,Drugs,Local resolution,
598976dc2000ca6999fd30f4496da2d37f231f0882c8fe18a3d9862408634317,2019-02,Lancashire Constabulary,Lancashire Constabulary,-2.592526,53.834558,On or near Wyndene Close,E01025327,Ribble Valley 004C,Drugs,Offender given penalty notice,
7c9d24e381b68d7c6ac471a0aa6315acb850ded06d4fbc22cd7c9b34cfb468d9,2019-02,Lancashire Constabulary,Lancashire Constabulary,-2.592526,53.834558,On or near Wyndene Close,E01025327,Ribble Valley 004C,Other theft,Status update unavailable,
b30c8d8d7851ec374921ccf590fb795ca354eb4fb53e30eaa109dec62447760e,2019-02,Lancashire Constabulary,Lancashire Constabulary,-2.592526,53.834558,On or near Wyndene Close,E01025327,Ribble Valley 004C,Other theft,Status update unavailable,
4d70df308e9b0ca1136d9f4a5efa712a900b62e0edec26b67c8360e5f00346d2,2019-02,Lancashire Constabulary,Lancashire Constabulary,-2.594567,53.833847,On or near Wellbrow Drive,E01025327,Ribble Valley 004C,Robbery,Local resolution,
ae2ac3c3f96f445314f39baa674fd6cd84c8cd9427c464df2cfcad921329539b,2019-02,Lancashire Constabulary,Lancashire Constabulary,-2.594567,53.833847,On or near Wellbrow Drive,E01025327,Ribble Valley 004C,Shoplifting,Unable to prosecute suspect,
,2019-02,Lancashire Constabulary,Lancashire Constabulary,-2.531763,53.814368,On or near Ribblesdale Road,E01025342,Ribble Valley 004D,Anti-social behaviour,,
,2019-02,Lancashire Constabulary,Lancashire Constabulary,-2.537074,53.814057,On or near Manor Avenue,E01025342,Ribble Valley 004D,Anti-social behaviour,,
fea06f581f9826bdff6a5b8da62cfcef27f0500f639d16b97697ff76abc4d19b,2019-02,Lancashire Constabulary,Lancashire Constabulary,-2.567648,53.824198,On or near Asturian Gate,E01025342,Ribble Valley 004D,Burglary,Status update unavailable,
a781f22473f2608c1005de08a24ea23a8df253209594f7292f21c635753b3c92,2019-02,Lancashire Constabulary,Lancashire Constabulary,-2.532242,53.811472,On or near Church Street,E01025342,Ribble Valley 004D,Violence and sexual offences,Unable to prosecute suspect,
2b0940679ef3435198ff139778269b1a46c1f8489b5548ea528eae9684b89b59,2019-02,Lancashire Constabulary,Lancashire Constabulary,-2.532242,53.811472,On or near Church Street,E01025342,Ribble Valley 004D,Violence and sexual offences,Status update unavailable,
,2019-02,Lancashire Constabulary,Lancashire Constabulary,-2.352471,53.892191,On or near Clough Bank,E01025321,Ribble Valley 005A,Anti-social behaviour,,
ccc60fc7bafb08b43215a6fae9c81cca0a4a58144c04233c9a735bc118780eb8,2019-02,Lancashire Constabulary,Lancashire Constabulary,-2.353994,53.892312,On or near Crow Trees Gardens,E01025321,Ribble Valley 005A,Vehicle crime,Status update unavailable,
7aa06a62a82a805d440934df435f0c979aed46d7930b5b64aabe19d55790d98c,2019-02,Lancashire Constabulary,Lancashire Constabulary,-2.353994,53.892312,On or near Crow Trees Gardens,E01025321,Ribble Valley 005A,Vehicle crime,Status update unavailable,
63a628d0ac7b3609c95cf3eba1db405372b483b55d6bbc7e477c01955828fd28,2019-02,Lancashire Constabulary,Lancashire Constabulary,-2.349143,53.892695,On or near Kayley Lane,E01025321,Ribble Valley 005A,Vehicle crime,Status update unavailable,
3ac911e776c2e2c780afb04b481773a3195569d8efe5a87d271d6e8d10edd236,2019-02,Lancashire Constabulary,Lancashire Constabulary,-2.349143,53.892695,On or near Kayley Lane,E01025321,Ribble Valley 005A,Vehicle crime,Status update unavailable,
2092465644005e8d7f5d2cc9e277d7053aede71138ff3efb40b613d6e9fcdfd2,2019-02,Lancashire Constabulary,Lancashire Constabulary,-2.349812,53.892675,On or near Victoria Avenue,E01025321,Ribble Valley 005A,Vehicle crime,Status update unavailable,
5b017816c1e46394a91290466ed0b774460f6f6faee0f161c697d518acfce41a,2019-02,Lancashire Constabulary,Lancashire Constabulary,-2.356853,53.893966,On or near Greenfield Avenue,E01025321,Ribble Valley 005A,Vehicle crime,Status update unavailable,
be87f90665c33e99c683d01379beadfe13ce59681c6bbe6b790e9bf06b18be84,2019-02,Lancashire Constabulary,Lancashire Constabulary,-2.357513,53.894594,On or near Darkwood Crescent,E01025321,Ribble Valley 005A,Violence and sexual offences,Investigation complete; no suspect identified,
,2019-02,Lancashire Constabulary,Lancashire Constabulary,-2.357295,53.806593,On or near East View,E01025340,Ribble Valley 005B,Anti-social behaviour,,
,2019-02,Lancashire Constabulary,Lancashire Constabulary,-2.356878,53.805849,On or near Westfield Avenue,E01025340,Ribble Valley 005B,Anti-social behaviour,,
75c38bd32f7828365b918bf408ba19c2056f9198cfd7e1421b84bb036594bd22,2019-02,Lancashire Constabulary,Lancashire Constabulary,-2.351495,53.806763,On or near Petrol Station,E01025340,Ribble Valley 005B,Other theft,Status update unavailable,
a4a47826a68a0e12df4227fc9439d0b475ee4772be35ffdcda6312109838d49b,2019-02,Lancashire Constabulary,Lancashire Constabulary,-2.340161,53.805987,On or near Clough Lane,E01025340,Ribble Valley 005B,Violence and sexual offences,Unable to prosecute suspect,
e7890a1605084dd7ad79d8612e2147a3871be726148e7f6183024debe2938c87,2019-02,Lancashire Constabulary,Lancashire Constabulary,-2.340161,53.805987,On or near Clough Lane,E01025340,Ribble Valley 005B,Violence and sexual offences,Unable to prosecute suspect,
aec5d8fe8854a371ab54439b43f7bc9d5e2e46fa8c9bb95ad79736cd8f5b4a2b,2019-02,Lancashire Constabulary,Lancashire Constabulary,-2.358659,53.808135,On or near George Lane,E01025341,Ribble Valley 005C,Burglary,Status update unavailable,
54d83edbce4225db60e5f6bc873713fbb8c72b145f530a99b37ad6f8a99fd4d4,2019-02,Lancashire Constabulary,Lancashire Constabulary,-2.351721,53.808390,On or near Woodhead Road,E01025341,Ribble Valley 005C,Violence and sexual offences,Status update unavailable,
,2019-02,Lancashire Constabulary,Lancashire Constabulary,-2.340223,53.830461,On or near Watt Street,E01025343,Ribble Valley 005D,Anti-social behaviour,,
0c8344107041d9a33bf56c2a65787a233de46b171d400ac848594b2d04d602a3,2019-02,Lancashire Constabulary,Lancashire Constabulary,-2.343832,53.831458,On or near Whins Avenue,E01025343,Ribble Valley 005D,Public order,Status update unavailable,
ca9c6b70213e09adfd136cd8afc4cd8ae58f6cb3e2a9ed856612960034cae840,2019-02,Lancashire Constabulary,Lancashire Constabulary,-2.331536,53.829083,On or near Padiham Road,E01025343,Ribble Valley 005D,Violence and sexual offences,Status update unavailable,
5e0de3a1c13b7ab1143c983eee7be77550f1cbdf01154ff15738da52fae93fe5,2019-02,Lancashire Constabulary,Lancashire Constabulary,-2.341090,53.830612,On or near Pendle Street West,E01025343,Ribble Valley 005D,Violence and sexual offences,Unable to prosecute suspect,
8db9fe9b1fface94b1fbaa82d1e3c8664ce7f570b5885fde71a813259d216307,2019-02,Lancashire Constabulary,Lancashire Constabulary,-2.335267,53.833936,On or near Stubbins Lane,E01025343,Ribble Valley 005D,Violence and sexual offences,Status update unavailable,
,2019-02,Lancashire Constabulary,Lancashire Constabulary,-2.400044,53.840424,On or near Paynter Close,E01025354,Ribble Valley 005E,Anti-social behaviour,,
,2019-02,Lancashire Constabulary,Lancashire Constabulary,-2.395357,53.839819,On or near Holm Road,E01025354,Ribble Valley 005E,Anti-social behaviour,,
,2019-02,Lancashire Constabulary,Lancashire Constabulary,-2.393558,53.847240,On or near A671,E01025354,Ribble Valley 005E,Anti-social behaviour,,
,2019-02,Lancashire Constabulary,Lancashire Constabulary,-2.395357,53.839819,On or near Holm Road,E01025354,Ribble Valley 005E,Anti-social behaviour,,
9e69b16eb38e2ab51f80ae78b99ceade50c32a8454aac69d4e0188b1c7b0c6af,2019-02,Lancashire Constabulary,Lancashire Constabulary,-2.398475,53.836861,On or near Willow Drive,E01025354,Ribble Valley 005E,Public order,Status update unavailable,
e590f9c0495d95e0dab7124151128339a3aac6c7f7206e5ec0b9a7dacb9c24f0,2019-02,Lancashire Constabulary,Lancashire Constabulary,-2.401315,53.841462,On or near The Brambles,E01025354,Ribble Valley 005E,Vehicle crime,Status update unavailable,
585e2bbb46975651d64f0f3e0d8950178f2aa4ee6f3d6c70f66c1d3a09397afe,2019-02,Lancashire Constabulary,Lancashire Constabulary,-2.356739,53.880620,On or near A59,E01025354,Ribble Valley 005E,Vehicle crime,Status update unavailable,
bf76306cbdbd1835def15d983c61b697266d13aeefc610adcf07def5611477f6,2019-02,Lancashire Constabulary,Lancashire Constabulary,-2.397339,53.854931,On or near Whalley Road,E01025354,Ribble Valley 005E,Violence and sexual offences,Status update unavailable,
9a2eaa28e89531b7cc8c8d3c448f148d66bf33d3d2406c3528dd008151aa2266,2019-02,Lancashire Constabulary,Lancashire Constabulary,-2.403247,53.833753,On or near Petrol Station,E01025354,Ribble Valley 005E,Violence and sexual offences,Local resolution,
b563b3164b65f4109a622aa8872ee395c081234035e9520ac5fd9b9adca52de1,2019-02,Lancashire Constabulary,Lancashire Constabulary,-2.401315,53.841462,On or near The Brambles,E01025354,Ribble Valley 005E,Violence and sexual offences,Unable to prosecute suspect,
,2019-02,Lancashire Constabulary,Lancashire Constabulary,-2.611301,53.820550,On or near Ennerdale Road,E01025316,Ribble Valley 006A,Anti-social behaviour,,
2a93cb96101ee1bdb0ea41f04bb4f6ad1693a2c83d6df26bf6f743aac82fce94,2019-02,Lancashire Constabulary,Lancashire Constabulary,-2.609615,53.823732,On or near Eskdale Road,E01025316,Ribble Valley 006A,Violence and sexual offences,Action to be taken by another organisation,
076e6dd0e264b920e5ecd9be5a95d482e3953da2550afe3aa42b349321b3f270,2019-02,Lancashire Constabulary,Lancashire Constabulary,-2.613405,53.820036,On or near Parking Area,E01025316,Ribble Valley 006A,Violence and sexual offences,Unable to prosecute suspect,
8ba068325f8869797bef394e09b2819d5046175f6a6173e63859b366464470ef,2019-02,Lancashire Constabulary,Lancashire Constabulary,-2.609615,53.823732,On or near Eskdale Road,E01025316,Ribble Valley 006A,Violence and sexual offences,Unable to prosecute suspect,
70799ff2988b296ca9d294e1ecb91e23be26be6b5b0b221407d4dc7f815e7c60,2019-02,Lancashire Constabulary,Lancashire Constabulary,-2.613405,53.820036,On or near Parking Area,E01025316,Ribble Valley 006A,Violence and sexual offences,Unable to prosecute suspect,
c41da5b4b820a654b126e46b42abad92aac9b2b2fccd8bdff3a1243fdce6dee4,2019-02,Lancashire Constabulary,Lancashire Constabulary,-2.607422,53.813910,On or near Preston Road,E01025316,Ribble Valley 006A,Other crime,Status update unavailable,
273e323f0e16305e248c6f32fe63601cf2a6b986fa441a30e04c96493df1bb84,2019-02,Lancashire Constabulary,Lancashire Constabulary,-2.597945,53.826721,On or near Dovedale Gardens,E01025317,Ribble Valley 006B,Burglary,Status update unavailable,
32c7a2ee93b91a50fac87124f72ca8f0cdec22fff07bb9141363b1f0fcb8452b,2019-02,Lancashire Constabulary,Lancashire Constabulary,-2.607556,53.824210,On or near Doctors Row,E01025317,Ribble Valley 006B,Burglary,Status update unavailable,
0a14ab0af0833a282cfdc190202898358c8e1df4badfdd1414684d289060bc8d,2019-02,Lancashire Constabulary,Lancashire Constabulary,-2.595114,53.827382,On or near Cherry Orchard,E01025317,Ribble Valley 006B,Other theft,Status update unavailable,
5a5cc2fb4249aba310f813be05c88a98918ebfe5a1f39a0000c4937ff8e0ad95,2019-02,Lancashire Constabulary,Lancashire Constabulary,-2.607094,53.823754,On or near Lodge View,E01025317,Ribble Valley 006B,Violence and sexual offences,Unable to prosecute suspect,
9fc3a1710a9107cc303a37292bae7492e4774d44007168c085aa6cbd11151f6e,2019-02,Lancashire Constabulary,Lancashire Constabulary,-2.607094,53.823754,On or near Lodge View,E01025317,Ribble Valley 006B,Violence and sexual offences,Unable to prosecute suspect,
0def7d8917d692e78f095c9a90b5bcee112bca04dbc0afcf2cc741c2e72c8b42,2019-02,Lancashire Constabulary,Lancashire Constabulary,-2.607556,53.824210,On or near Doctors Row,E01025317,Ribble Valley 006B,Violence and sexual offences,Unable to prosecute suspect,
0064c4c61767cfd7fca8c0db56ab1f2d9b3c85aa7ed998fa23b982364b291631,2019-02,Lancashire Constabulary,Lancashire Constabulary,-2.607094,53.823754,On or near Lodge View,E01025317,Ribble Valley 006B,Violence and sexual offences,Unable to prosecute suspect,
97c9f89ac75ddca9f3e2e972c240986cc8a0dcce3e0b51122aa901ef4f405af6,2019-02,Lancashire Constabulary,Lancashire Constabulary,-2.607287,53.823474,On or near The Backs,E01025317,Ribble Valley 006B,Violence and sexual offences,Status update unavailable,
9e4992beb5855b4673b38af7c04386ec30c1014e7fac53b70f0067c7d7524dee,2019-02,Lancashire Constabulary,Lancashire Constabulary,-2.607094,53.823754,On or near Lodge View,E01025317,Ribble Valley 006B,Violence and sexual offences,Unable to prosecute suspect,
,2019-02,Lancashire Constabulary,Lancashire Constabulary,-2.608991,53.828894,On or near Arndale Road,E01025325,Ribble Valley 006C,Anti-social behaviour,,
,2019-02,Lancashire Constabulary,Lancashire Constabulary,-2.599959,53.829452,On or near Market Place,E01025325,Ribble Valley 006C,Anti-social behaviour,,
,2019-02,Lancashire Constabulary,Lancashire Constabulary,-2.599378,53.830237,On or near Dixon Road,E01025325,Ribble Valley 006C,Anti-social behaviour,,
,2019-02,Lancashire Constabulary,Lancashire Constabulary,-2.607592,53.828811,On or near B5269,E01025325,Ribble Valley 006C,Anti-social behaviour,,
,2019-02,Lancashire Constabulary,Lancashire Constabulary,-2.607592,53.828811,On or near B5269,E01025325,Ribble Valley 006C,Anti-social behaviour,,
,2019-02,Lancashire Constabulary,Lancashire Constabulary,-2.608599,53.830154,On or near Victoria Street,E01025325,Ribble Valley 006C,Anti-social behaviour,,
22c86c3215f0f60ca2185e3e3f59de67b29706275214536dbc321c9908e892dd,2019-02,Lancashire Constabulary,Lancashire Constabulary,-2.603069,53.831207,On or near Supermarket,E01025325,Ribble Valley 006C,Criminal damage and arson,Status update unavailable,
06d6023d0dd7ed17da9d1057bf1fe22b0d06cec09e732a54ce33316ce66cbdef,2019-02,Lancashire Constabulary,Lancashire Constabulary,-2.607507,53.832389,On or near Ashton Street,E01025325,Ribble Valley 006C,Public order,Status update unavailable,
5484e2598d49c4bc6028043fba36175bd1162d1058dffbb9871d7186b57de785,2019-02,Lancashire Constabulary,Lancashire Constabulary,-2.603069,53.831207,On or near Supermarket,E01025325,Ribble Valley 006C,Shoplifting,Status update unavailable,
231b93c093cb762c80ca67329b1a9863bae3b53dc738c706e519c80acdebd995,2019-02,Lancashire Constabulary,Lancashire Constabulary,-2.602610,53.831003,On or near Shopping Area,E01025325,Ribble Valley 006C,Vehicle crime,Status update unavailable,
6c552143328d2282fa41a2befa382167eb458ad7fb687966682c21ea2154ebf0,2019-02,Lancashire Constabulary,Lancashire Constabulary,-2.598127,53.833047,On or near Hornby Road,E01025325,Ribble Valley 006C,Violence and sexual offences,Status update unavailable,
a2fd160f96411faea4df144be607df73545e1d10905ccb818c079640523890fa,2019-02,Lancashire Constabulary,Lancashire Constabulary,-2.607592,53.828811,On or near B5269,E01025325,Ribble Valley 006C,Violence and sexual offences,Status update unavailable,
4f63ab58c25d1e955a0ad71d413cdcb3b5d90e9dad7ffa5306efa0ce3be8d3d6,2019-02,Lancashire Constabulary,Lancashire Constabulary,-2.607507,53.832389,On or near Ashton Street,E01025325,Ribble Valley 006C,Violence and sexual offences,Unable to prosecute suspect,
d3953b5ef6d967832b94fc5931fac62b97bcc7f9320750a68e6500498f25ba9b,2019-02,Lancashire Constabulary,Lancashire Constabulary,-2.598127,53.833047,On or near Hornby Road,E01025325,Ribble Valley 006C,Violence and sexual offences,Action to be taken by another organisation,
38066d4ed627844f224e3bb5205630c39a88a08ef2d4d60cae6118bcff57b6e6,2019-02,Lancashire Constabulary,Lancashire Constabulary,-2.598127,53.833047,On or near Hornby Road,E01025325,Ribble Valley 006C,Violence and sexual offences,Further investigation is not in the public interest,
3c1b81d3a4b250656ce6c59b7a4fc2c3c32bf992e63c2f1b7808ad8d97a14435,2019-02,Lancashire Constabulary,Lancashire Constabulary,-2.593261,53.828515,On or near Lower Lane,E01025328,Ribble Valley 006D,Other theft,Status update unavailable,
b7252ac262f8b29a58a581da103b3830793ffc2267327fb972ba28017184ac7a,2019-02,Lancashire Constabulary,Lancashire Constabulary,-2.593261,53.828515,On or near Lower Lane,E01025328,Ribble Valley 006D,Violence and sexual offences,Status update unavailable,
46c3c25caaaf3967cc850b178babb5d4697bb4dc77a7d2b9c0de49127a227b6e,2019-02,Lancashire Constabulary,Lancashire Constabulary,-2.593261,53.828515,On or near Lower Lane,E01025328,Ribble Valley 006D,Violence and sexual offences,Status update unavailable,
a1abccf7d8b1d1f0521968e7de5dccdc40e9673667c23b56ae94f9f15d65df56,2019-02,Lancashire Constabulary,Lancashire Constabulary,-2.601418,53.826299,On or near Chapel Hill,E01025328,Ribble Valley 006D,Violence and sexual offences,Unable to prosecute suspect,
6e4f76c3745ee034d6855c7e4055b92b03f01e4a4f0387b5e0a57b6b2a04f95e,2019-02,Lancashire Constabulary,Lancashire Constabulary,-2.422222,53.815307,On or near Billington Gardens,E01025318,Ribble Valley 007A,Violence and sexual offences,Status update unavailable,
,2019-02,Lancashire Constabulary,Lancashire Constabulary,-2.423009,53.816518,On or near The Meadows,E01025319,Ribble Valley 007B,Anti-social behaviour,,
,2019-02,Lancashire Constabulary,Lancashire Constabulary,-2.437354,53.824520,On or near Pashmire Brow,E01025319,Ribble Valley 007B,Anti-social behaviour,,
6d38592e8cf951bf1a9bc1358add63325346ac0a245971991b9499d21537a085,2019-02,Lancashire Constabulary,Lancashire Constabulary,-2.457592,53.821982,On or near Highwoods Park,E01025319,Ribble Valley 007B,Criminal damage and arson,Status update unavailable,
,2019-02,Lancashire Constabulary,Lancashire Constabulary,-2.449824,53.803028,On or near Whalley Road,E01025333,Ribble Valley 007C,Anti-social behaviour,,
202c7b12ab6fe3954021bb60bf375577c3d5e217be05c9c2093d2a49f01b6156,2019-02,Lancashire Constabulary,Lancashire Constabulary,-2.448611,53.804624,On or near Parking Area,E01025333,Ribble Valley 007C,Public order,Status update unavailable,
e1e819f3b7a83f5ac497d8f6b5004ef06f68d008351c45966b03cd81b7f4ed10,2019-02,Lancashire Constabulary,Lancashire Constabulary,-2.449824,53.803028,On or near Whalley Road,E01025333,Ribble Valley 007C,Public order,Status update unavailable,
37e10da99d6abe499cd827eff5c68a0cb3858fd679df64c247df257136f0f904,2019-02,Lancashire Constabulary,Lancashire Constabulary,-2.449824,53.803028,On or near Whalley Road,E01025333,Ribble Valley 007C,Vehicle crime,Status update unavailable,
c6ed415bad9723f10071ae901534cc72cc7bab5c9ed0fdafe17bc7c68d3174e3,2019-02,Lancashire Constabulary,Lancashire Constabulary,-2.448323,53.804670,On or near Olive Bank,E01025333,Ribble Valley 007C,Violence and sexual offences,Status update unavailable,
b0750d3ad372e1413e0e4c5a50c3eef45a61d76582104e90b5e44c03cc6fb17d,2019-02,Lancashire Constabulary,Lancashire Constabulary,-2.438706,53.808489,On or near Parking Area,E01025333,Ribble Valley 007C,Violence and sexual offences,Unable to prosecute suspect,
3741014fbf626c88df478ceb4723ca916313f6e68590886a40c1fb8edb85afb8,2019-02,Lancashire Constabulary,Lancashire Constabulary,-2.438706,53.808489,On or near Parking Area,E01025333,Ribble Valley 007C,Violence and sexual offences,Unable to prosecute suspect,
0910a9a44204524932173b0d9a68cce92305e761c199acdc57a316ee751e6999,2019-02,Lancashire Constabulary,Lancashire Constabulary,-2.438706,53.808489,On or near Parking Area,E01025333,Ribble Valley 007C,Violence and sexual offences,Status update unavailable,
3922095bc7cb6f060621fc8d946d0678e7754199c9598ea8f029ce4b9d835638,2019-02,Lancashire Constabulary,Lancashire Constabulary,-2.438706,53.808489,On or near Parking Area,E01025333,Ribble Valley 007C,Violence and sexual offences,Awaiting court outcome,
151dab31c6bbd6247c4299de9793448147ddea39dbf6b862b4a07e11e79f3a8e,2019-02,Lancashire Constabulary,Lancashire Constabulary,-2.447109,53.804719,On or near Police Station,E01025333,Ribble Valley 007C,Violence and sexual offences,Unable to prosecute suspect,
6c207420c3e60fb21391edd30c342d6cb6894dee732c448b05feeb045025a0b9,2019-02,Lancashire Constabulary,Lancashire Constabulary,-2.387613,53.807623,On or near Accrington Road,E01025350,Ribble Valley 007D,Burglary,Status update unavailable,
40dac2fcd466de87cc4049865e2b7af4485c02c867a9747e6a1afa34effee2d5,2019-02,Lancashire Constabulary,Lancashire Constabulary,-2.404979,53.821164,On or near Manor Road,E01025350,Ribble Valley 007D,Criminal damage and arson,Status update unavailable,
215c670853ac4f8ad31511dec7118ad819638aaf598617a10fb4246d41964b2b,2019-02,Lancashire Constabulary,Lancashire Constabulary,-2.406054,53.820738,On or near Parking Area,E01025350,Ribble Valley 007D,Other theft,Status update unavailable,
157fde5527c56f98453bf0d28e8ba9b91738cd5cd11eaab5d38b336249bf142f,2019-02,Lancashire Constabulary,Lancashire Constabulary,-2.404775,53.823601,On or near Brooke'S Lane,E01025350,Ribble Valley 007D,Violence and sexual offences,Status update unavailable,
ca6be0d65398d5a6d47f4fdcd3a87151666e72fc14c2657e8fb0fbf19f4161bf,2019-02,Lancashire Constabulary,Lancashire Constabulary,-2.406054,53.820738,On or near Parking Area,E01025350,Ribble Valley 007D,Violence and sexual offences,Status update unavailable,
,2019-02,Lancashire Constabulary,Lancashire Constabulary,-2.405526,53.819607,On or near Waters Edge,E01025351,Ribble Valley 007E,Anti-social behaviour,,
,2019-02,Lancashire Constabulary,Lancashire Constabulary,-2.411781,53.823918,On or near The Arches,E01025351,Ribble Valley 007E,Anti-social behaviour,,
,2019-02,Lancashire Constabulary,Lancashire Constabulary,-2.407706,53.821937,On or near George Street,E01025351,Ribble Valley 007E,Anti-social behaviour,,
,2019-02,Lancashire Constabulary,Lancashire Constabulary,-2.441382,53.856439,On or near B6243,E01025351,Ribble Valley 007E,Anti-social behaviour,,
,2019-02,Lancashire Constabulary,Lancashire Constabulary,-2.407518,53.821407,On or near Church Lane,E01025351,Ribble Valley 007E,Anti-social behaviour,,
,2019-02,Lancashire Constabulary,Lancashire Constabulary,-2.435656,53.861440,On or near New Lane,E01025351,Ribble Valley 007E,Anti-social behaviour,,
5314e841379c5abdc185fb902951d2f5607e2ff1febdb1ed964f56ab5328a0bb,2019-02,Lancashire Constabulary,Lancashire Constabulary,-2.412680,53.824194,On or near Parking Area,E01025351,Ribble Valley 007E,Burglary,Status update unavailable,
e7c4e5534ad432b2fadd4251edfa335716c294cc233d44507dfcaf59c5b89308,2019-02,Lancashire Constabulary,Lancashire Constabulary,-2.406591,53.819810,On or near King Street,E01025351,Ribble Valley 007E,Criminal damage and arson,Status update unavailable,
3032b092e50e37c66f348136fc450b7f3da6276c268a55ffe0d582f6ecf014d8,2019-02,Lancashire Constabulary,Lancashire Constabulary,-2.428065,53.828238,On or near Sports/Recreation Area,E01025351,Ribble Valley 007E,Criminal damage and arson,Offender given a caution,
639c08d2b854cd33ec01901d54fbad57ba698ae8f653cc4d9ddd0cd00c85164b,2019-02,Lancashire Constabulary,Lancashire Constabulary,-2.418170,53.856774,On or near Henthorn Road,E01025351,Ribble Valley 007E,Other theft,Status update unavailable,
03a928b2461d2acee9fe4f8589a292a4c24f5202863d11712eb35ab3145913c0,2019-02,Lancashire Constabulary,Lancashire Constabulary,-2.441382,53.856439,On or near B6243,E01025351,Ribble Valley 007E,Other theft,Status update unavailable,
5d1e70c98e62a0aaa3cbec9277b94c4022b291fb8899f2c2e3e81cd677feb6ba,2019-02,Lancashire Constabulary,Lancashire Constabulary,-2.405260,53.820381,On or near Queen Street,E01025351,Ribble Valley 007E,Public order,Status update unavailable,
b4c9b51d9bc6464a6a9694a64c439b690d38d3c39a2a441e163c46d8c749b549,2019-02,Lancashire Constabulary,Lancashire Constabulary,-2.422327,53.831737,On or near Victoria Close,E01025351,Ribble Valley 007E,Vehicle crime,Status update unavailable,
535723e6a78f63933c430e5f630667f55668213ab8aa9671c2f6e5782edab44a,2019-02,Lancashire Constabulary,Lancashire Constabulary,-2.406591,53.819810,On or near King Street,E01025351,Ribble Valley 007E,Vehicle crime,Status update unavailable,
eee5e593662158c6c09865929402b7af7e60e29834986a373436d874bd57db16,2019-02,Lancashire Constabulary,Lancashire Constabulary,-2.417266,53.827018,On or near Moor Lane,E01025351,Ribble Valley 007E,Violence and sexual offences,Unable to prosecute suspect,
ee87079a690bdc48e2a3bdf791056594930a4fd44faf0f87f2dd7a800188b25a,2019-02,Lancashire Constabulary,Lancashire Constabulary,-2.404411,53.820555,On or near Nightclub,E01025351,Ribble Valley 007E,Violence and sexual offences,Status update unavailable,
2a75962b6cc0bc5874074aa82f365c19dad206dd339f0fe79cd996e4f3947b9d,2019-02,Lancashire Constabulary,Lancashire Constabulary,-2.418212,53.868665,On or near Edisford Road,E01025351,Ribble Valley 007E,Violence and sexual offences,Unable to prosecute suspect,
158c71f2e0b4ac1b66636d28ddc59dbd7698b40ebd298421fe299b14a612bcec,2019-02,Lancashire Constabulary,Lancashire Constabulary,-2.428065,53.828238,On or near Sports/Recreation Area,E01025351,Ribble Valley 007E,Violence and sexual offences,Unable to prosecute suspect,
c307cd0bd86c26133b488c08d8a770c9d9a669f371b1a789f8e8322897792e20,2019-02,Lancashire Constabulary,Lancashire Constabulary,-2.424443,53.830678,On or near Lynwood Close,E01025351,Ribble Valley 007E,Violence and sexual offences,Status update unavailable,
649144c7aab121cf55709fe21f26edea2a258e838396f8be1856714fe09a3cf2,2019-02,Lancashire Constabulary,Lancashire Constabulary,-2.428065,53.828238,On or near Sports/Recreation Area,E01025351,Ribble Valley 007E,Violence and sexual offences,Offender given a caution,
11b8d41244b1e4b3a1eeb7df551adc172ffa009597301fb644686f5432decea9,2019-02,Lancashire Constabulary,Lancashire Constabulary,-2.407706,53.821937,On or near George Street,E01025351,Ribble Valley 007E,Violence and sexual offences,Status update unavailable,
1dd0d974c762fd0246952b2ed30166d9a9804a929a5365f9c8634b6b7e890d97,2019-02,Lancashire Constabulary,Lancashire Constabulary,-2.424443,53.830678,On or near Lynwood Close,E01025351,Ribble Valley 007E,Violence and sexual offences,Unable to prosecute suspect,
830303c4e20bbc7c443284b154ce301ca626400c43da67e3b58e17b252a3c493,2019-02,Lancashire Constabulary,Lancashire Constabulary,-2.406059,53.821304,On or near Parking Area,E01025351,Ribble Valley 007E,Violence and sexual offences,Unable to prosecute suspect,
9e4cd5f32be07c10b3311d3cf02801ebac9a414c84542eb50966212fb983e1d8,2019-02,Lancashire Constabulary,Lancashire Constabulary,-2.413577,53.822762,On or near Broad Lane,E01025351,Ribble Valley 007E,Other crime,Status update unavailable,
,2019-02,Lancashire Constabulary,Lancashire Constabulary,-2.536064,53.780105,On or near Abbott Brow,E01025323,Ribble Valley 008A,Anti-social behaviour,,
e2010910ba4df5a9c85b9ef4cf2b11b417407e669e9310ca003d1fb8cdbb001b,2019-02,Lancashire Constabulary,Lancashire Constabulary,-2.536064,53.780105,On or near Abbott Brow,E01025323,Ribble Valley 008A,Public order,Further investigation is not in the public interest,
125007519c481228725c619db7bf005369f05c286e6631b059514e0a37b0c94e,2019-02,Lancashire Constabulary,Lancashire Constabulary,-2.536064,53.780105,On or near Abbott Brow,E01025323,Ribble Valley 008A,Public order,Unable to prosecute suspect,
7eb1a69cdcd853509065704b799a2791bae28cb195e1ac184a0e00044956699f,2019-02,Lancashire Constabulary,Lancashire Constabulary,-2.536064,53.780105,On or near Abbott Brow,E01025323,Ribble Valley 008A,Public order,Status update unavailable,
bab2f7fca84df0575fb331e98ebbb1c729e7e1f36876a61ccf46826b10ad1f09,2019-02,Lancashire Constabulary,Lancashire Constabulary,-2.494293,53.802628,On or near Park Gate Road,E01025323,Ribble Valley 008A,Vehicle crime,Status update unavailable,
,2019-02,Lancashire Constabulary,Lancashire Constabulary,-2.481382,53.788992,On or near Beech Close,E01025324,Ribble Valley 008B,Anti-social behaviour,,
,2019-02,Lancashire Constabulary,Lancashire Constabulary,-2.479228,53.785100,On or near Brooklyn Road,E01025324,Ribble Valley 008B,Anti-social behaviour,,
,2019-02,Lancashire Constabulary,Lancashire Constabulary,-2.481824,53.787795,On or near Knowsley Road West,E01025324,Ribble Valley 008B,Anti-social behaviour,,
8bfd862071e04fa716c332bf1f1a4ca70e36446037b670694b431704afe44db3,2019-02,Lancashire Constabulary,Lancashire Constabulary,-2.486932,53.791118,On or near Clayton Grove,E01025324,Ribble Valley 008B,Burglary,Status update unavailable,
055234f01fd8054dfa4338830c46653995be6827fbe39ca262452fb6ef95aba6,2019-02,Lancashire Constabulary,Lancashire Constabulary,-2.480285,53.778013,On or near Moorfield Avenue,E01025324,Ribble Valley 008B,Burglary,Status update unavailable,
8a7f70f7d3c2a43c5fbdaa20ae711a8364da7cec1fbb986cd7ace15de1904d05,2019-02,Lancashire Constabulary,Lancashire Constabulary,-2.479228,53.785100,On or near Brooklyn Road,E01025324,Ribble Valley 008B,Public order,Offender given conditional discharge,
a346c2fd5ff7b8b817039fcbb7eea5f934318529721c3b1230a591e685e75cb1,2019-02,Lancashire Constabulary,Lancashire Constabulary,-2.481264,53.778674,On or near Mayfield Road,E01025324,Ribble Valley 008B,Violence and sexual offences,Unable to prosecute suspect,
f51722a94cc51ed644f76a1b8292c764865cff6e5fafb4c0dcc53f253bf9fd1a,2019-02,Lancashire Constabulary,Lancashire Constabulary,-2.451845,53.798886,On or near Hillcrest Road,E01025332,Ribble Valley 008C,Burglary,Status update unavailable,
bcec582fc1eda3ee99dda64127f9dd9fbb34b7f8316dcda027cb55cf2b01b997,2019-02,Lancashire Constabulary,Lancashire Constabulary,-2.456806,53.801357,On or near Lowerfield,E01025332,Ribble Valley 008C,Burglary,Status update unavailable,
ad42eb96c30ffdb50b20e4946c8cec7658ec21b801837fc91cfcb3576b49662b,2019-02,Lancashire Constabulary,Lancashire Constabulary,-2.454941,53.800259,On or near Fields End,E01025332,Ribble Valley 008C,Other theft,Formal action is not in the public interest,
287148280215ef5b3a87a678d912fc38b5f73ae5cd38ae3e8f83a5835bf028a5,2019-02,Lancashire Constabulary,Lancashire Constabulary,-2.453386,53.802494,On or near Cronshaw Drive,E01025332,Ribble Valley 008C,Vehicle crime,Status update unavailable,
233db3dca74d94fe6d56a4513705be91c88c23923b0ae49db32a8481e3eb8362,2019-02,Lancashire Constabulary,Lancashire Constabulary,-2.454067,53.802275,On or near Hacking Close,E01025332,Ribble Valley 008C,Vehicle crime,Investigation complete; no suspect identified,
681cf0a758ffdadb977446e14ee4c810defe98335abfad95853e06a34dc4ded7,2019-02,Lancashire Constabulary,Lancashire Constabulary,-2.454941,53.800259,On or near Fields End,E01025332,Ribble Valley 008C,Violence and sexual offences,Status update unavailable,
1768807555e16fcda209d69e05cc5369c729dabc17b7adbfdd48bf465392bcf2,2019-02,Lancashire Constabulary,Lancashire Constabulary,-2.454941,53.800259,On or near Fields End,E01025332,Ribble Valley 008C,Violence and sexual offences,Unable to prosecute suspect,
,2019-02,Lancashire Constabulary,Lancashire Constabulary,-2.549363,53.777042,On or near A59,E01025336,Ribble Valley 008D,Anti-social behaviour,,
77ccb652268803c8916e398457e6a483fabd70bb3e50db0a58295dffaad125cf,2019-02,Lancashire Constabulary,Lancashire Constabulary,-2.531115,53.773979,On or near Stoops Fold,E01025336,Ribble Valley 008D,Other theft,Unable to prosecute suspect,
6c0b9b24d8fbc98a2b0cfa147585eea160d9afda47588fa9ca4247ccaa6df70b,2019-02,Lancashire Constabulary,Lancashire Constabulary,-2.551983,53.762793,On or near Further Lane,E01025337,Ribble Valley 008E,Other theft,Investigation complete; no suspect identified,
f0bf5f3bdf73912b62472899fa2d9de87c6d74a3b2e4f7f9289a68c901de1247,2019-02,Lancashire Constabulary,Lancashire Constabulary,-2.551983,53.762793,On or near Further Lane,E01025337,Ribble Valley 008E,Other theft,Status update unavailable,
a6f0a945321bb1235ba57e06540760334f1fb16b5f900b8e8c276d271c557bb7,2019-02,Lancashire Constabulary,Lancashire Constabulary,-2.504403,53.774606,On or near Higher Ramsgreave Road,E01025337,Ribble Valley 008E,Vehicle crime,Status update unavailable,
586d08aca9ef0b0a0b6365dc4c184fa913abe30462ac45d50e268e0aa064213a,2019-02,Lancashire Constabulary,Lancashire Constabulary,-2.470667,53.801258,On or near The Dales,E01025352,Ribble Valley 008F,Burglary,Status update unavailable,
e3b97141ef55105c407acf915724ecc81c1545e8f15e369e8a6c4b6d65076745,2019-02,Lancashire Constabulary,Lancashire Constabulary,-2.473851,53.791503,On or near Durham Drive,E01025352,Ribble Valley 008F,Burglary,Status update unavailable,
c10ebfa0e2c9a0833dd6c52c77db370626e9fc0198ea91303ae772dc3b7ef933,2019-02,Lancashire Constabulary,Lancashire Constabulary,-2.470667,53.801258,On or near The Dales,E01025352,Ribble Valley 008F,Drugs,Awaiting court outcome,
,2019-02,Lancashire Constabulary,Lancashire Constabulary,-2.472916,53.785269,On or near Hollowhead Avenue,E01025353,Ribble Valley 008G,Anti-social behaviour,,
4e81f46cb75bce6b2d2e60bd6b815a6f2aefa2e829cf593f9e6371d3463b03b9,2019-02,Lancashire Constabulary,Lancashire Constabulary,-2.477688,53.787164,On or near Valley Road,E01025353,Ribble Valley 008G,Violence and sexual offences,Status update unavailable,
46adaf8f63751598ab9ac51a71c17525a63b8bae67583b57ed34041743cf55af,2019-02,Lancashire Constabulary,Lancashire Constabulary,-2.174817,53.638769,On or near Gandy Lane,E01005492,Rochdale 006B,Theft from the person,Status update unavailable,
aa4fd35f95d9ab14da664063de1b759c6f0f16e341df5de0c7139a69dd174197,2019-02,Lancashire Constabulary,Lancashire Constabulary,-2.198536,53.552669,On or near Durnford Street,E01005539,Rochdale 024B,Violence and sexual offences,Status update unavailable,
,2019-02,Lancashire Constabulary,Lancashire Constabulary,-2.291618,53.714473,On or near Fairview,E01025355,Rossendale 001A,Anti-social behaviour,,
b2e91fedcb10279bd4635ab4fde6aa7db85a1a1fb4dfd483822e283408af9678,2019-02,Lancashire Constabulary,Lancashire Constabulary,-2.287541,53.718779,On or near Stables Close,E01025355,Rossendale 001A,Criminal damage and arson,Status update unavailable,
5d483e9fc5df5a869471458938bfd617c64fcb6b48e4df14b482661ea075d384,2019-02,Lancashire Constabulary,Lancashire Constabulary,-2.284131,53.709664,On or near Pendleton Avenue,E01025355,Rossendale 001A,Violence and sexual offences,Status update unavailable,
e742dc5dfe3da52e0db67858e93d4eead1c63334491a0e4559c52467642d2430,2019-02,Lancashire Constabulary,Lancashire Constabulary,-2.284131,53.709664,On or near Pendleton Avenue,E01025355,Rossendale 001A,Violence and sexual offences,Status update unavailable,
5af6adbb5e987a6a237e6a9455dad4da702839129fa03d05c3224fac623ff69b,2019-02,Lancashire Constabulary,Lancashire Constabulary,-2.290335,53.713065,On or near Mill Row,E01025355,Rossendale 001A,Violence and sexual offences,Unable to prosecute suspect,
ab2b31636158a26197577777f4655b9389232ee1dd090bcc07de706997e1ae35,2019-02,Lancashire Constabulary,Lancashire Constabulary,-2.288177,53.712064,On or near Lime Tree Grove,E01025355,Rossendale 001A,Other crime,Status update unavailable,
,2019-02,Lancashire Constabulary,Lancashire Constabulary,-2.288223,53.723254,On or near Kershaw Close,E01025361,Rossendale 001B,Anti-social behaviour,,
,2019-02,Lancashire Constabulary,Lancashire Constabulary,-2.288223,53.723254,On or near Kershaw Close,E01025361,Rossendale 001B,Anti-social behaviour,,
,2019-02,Lancashire Constabulary,Lancashire Constabulary,-2.285779,53.724787,On or near Parrock Street,E01025361,Rossendale 001B,Anti-social behaviour,,
,2019-02,Lancashire Constabulary,Lancashire Constabulary,-2.286347,53.723627,On or near Hill Street,E01025361,Rossendale 001B,Anti-social behaviour,,
3d2aec2b972a031813b1df71928b9f56044d89eb0dfa44fcbc01fcd20b36837e,2019-02,Lancashire Constabulary,Lancashire Constabulary,-2.285779,53.724787,On or near Parrock Street,E01025361,Rossendale 001B,Criminal damage and arson,Further investigation is not in the public interest,
04f767161512d8abb8e5f72f93cfce75e8f1fb6014b48df33433d5de65a42a12,2019-02,Lancashire Constabulary,Lancashire Constabulary,-2.285779,53.724787,On or near Parrock Street,E01025361,Rossendale 001B,Criminal damage and arson,Investigation complete; no suspect identified,
c43a708ff07497e6232d5429dd66b03b53b1fd2f885a4b920277d5eba6bad008,2019-02,Lancashire Constabulary,Lancashire Constabulary,-2.290549,53.735247,On or near Goodshaw Fold Road,E01025361,Rossendale 001B,Other theft,Status update unavailable,
89c68c6857c800ffa36246c3a03bab2157d259a756dc5ea90bdd6d3a19a04ac2,2019-02,Lancashire Constabulary,Lancashire Constabulary,-2.286347,53.723627,On or near Hill Street,E01025361,Rossendale 001B,Public order,Further investigation is not in the public interest,
5861c23e672938ebfca34acfa6aaff3bbbddfdf4989695e964f0b66bddbf20c5,2019-02,Lancashire Constabulary,Lancashire Constabulary,-2.285779,53.724787,On or near Parrock Street,E01025361,Rossendale 001B,Public order,Unable to prosecute suspect,
b9015388b0ee72af2695ad5e0bbbe0def4ca3e5fbc75640e764c51d26e97b506,2019-02,Lancashire Constabulary,Lancashire Constabulary,-2.285648,53.723350,On or near Back York Street,E01025361,Rossendale 001B,Public order,Unable to prosecute suspect,
5d7a8436bec230e10a62aec1172dabadb7175360670f7c589f44f951f973828c,2019-02,Lancashire Constabulary,Lancashire Constabulary,-2.285648,53.723350,On or near Back York Street,E01025361,Rossendale 001B,Vehicle crime,Status update unavailable,
c29b3184db589b1b688765e23bc939a705be276f6b5141b261f56d3ba7442a4f,2019-02,Lancashire Constabulary,Lancashire Constabulary,-2.285648,53.723350,On or near Back York Street,E01025361,Rossendale 001B,Vehicle crime,Status update unavailable,
b1184ebb702c5b2146e1d1eb642ba0a683a537ff55f0e48f160700c6341c9c60,2019-02,Lancashire Constabulary,Lancashire Constabulary,-2.285648,53.723350,On or near Back York Street,E01025361,Rossendale 001B,Vehicle crime,Status update unavailable,
87719fbfe85538f5045cd0ca2b28fe83216de1abdb898e8673538bca570d08b6,2019-02,Lancashire Constabulary,Lancashire Constabulary,-2.285185,53.726658,On or near Albert Road,E01025361,Rossendale 001B,Violence and sexual offences,Status update unavailable,
32b72fe995b2d1d64331263f78366df12f7733a8b05a5cd5236c59e795caeef8,2019-02,Lancashire Constabulary,Lancashire Constabulary,-2.287170,53.728847,On or near Edward Street,E01025361,Rossendale 001B,Violence and sexual offences,Unable to prosecute suspect,
160842c781d872ccf4956c1a101ad9485efdfa332a2e52749a9f1b464329e457,2019-02,Lancashire Constabulary,Lancashire Constabulary,-2.287768,53.729843,On or near Heap Street,E01025361,Rossendale 001B,Violence and sexual offences,Status update unavailable,
372ac2560ebef7fcc76e1faf41d15f4f4d17b2b068aafb7ea15a017a0e72ee25,2019-02,Lancashire Constabulary,Lancashire Constabulary,-2.288000,53.723766,On or near Back Lord Street,E01025361,Rossendale 001B,Violence and sexual offences,Unable to prosecute suspect,
a4eb1dce6664990afa96ec0380d25cd7812c54a72da71077bccf03d11be1d0fa,2019-02,Lancashire Constabulary,Lancashire Constabulary,-2.285779,53.724787,On or near Parrock Street,E01025361,Rossendale 001B,Other crime,Unable to prosecute suspect,
4edd38f10830329110ea6b451831d3ca237b03ab2515de0d07363b803271416a,2019-02,Lancashire Constabulary,Lancashire Constabulary,-2.286594,53.730996,On or near Compston Avenue,E01025362,Rossendale 001C,Violence and sexual offences,Status update unavailable,
0ab5104131b941829387ef3aa570d8171acc75ad1470ea161acaa3afec49b352,2019-02,Lancashire Constabulary,Lancashire Constabulary,-2.282861,53.732659,On or near Ullswater Way,E01025362,Rossendale 001C,Violence and sexual offences,Status update unavailable,
f862fbf1c045aace36fc610b1d4e66cb0b10db35290f85684cd95f09ede935ee,2019-02,Lancashire Constabulary,Lancashire Constabulary,-2.289495,53.740741,On or near Loveclough Park,E01025362,Rossendale 001C,Violence and sexual offences,Status update unavailable,
,2019-02,Lancashire Constabulary,Lancashire Constabulary,-2.232407,53.709336,On or near Pilling Barn Lane,E01025393,Rossendale 001D,Anti-social behaviour,,
,2019-02,Lancashire Constabulary,Lancashire Constabulary,-2.232407,53.709336,On or near Pilling Barn Lane,E01025393,Rossendale 001D,Anti-social behaviour,,
999461c8da43f01bdd67878511d31dce02f8cdbcca4b3cab9df613b36e10290d,2019-02,Lancashire Constabulary,Lancashire Constabulary,-2.243752,53.722121,On or near Hargreaves Fold Lane,E01025393,Rossendale 001D,Vehicle crime,Status update unavailable,
b82aee37a28333123123b7a22bebd6dd1e9aa5fc7f7f1458638c3ad90743bd79,2019-02,Lancashire Constabulary,Lancashire Constabulary,-2.239428,53.729239,On or near Shepherds Green,E01025393,Rossendale 001D,Violence and sexual offences,Further investigation is not in the public interest,
,2019-02,Lancashire Constabulary,Lancashire Constabulary,-2.325382,53.703492,On or near Warner Street,E01025363,Rossendale 002A,Anti-social behaviour,,
,2019-02,Lancashire Constabulary,Lancashire Constabulary,-2.326063,53.703356,On or near Helmshore Road,E01025363,Rossendale 002A,Anti-social behaviour,,
,2019-02,Lancashire Constabulary,Lancashire Constabulary,-2.326063,53.703356,On or near Helmshore Road,E01025363,Rossendale 002A,Anti-social behaviour,,
,2019-02,Lancashire Constabulary,Lancashire Constabulary,-2.325065,53.703646,On or near Warner Street,E01025363,Rossendale 002A,Anti-social behaviour,,
cda7b6dcb612d73c9ad534e1bfe05a9eb37ac3ecc1dc3c0848c8e0afd8d13f2a,2019-02,Lancashire Constabulary,Lancashire Constabulary,-2.328553,53.700293,On or near Highfield Court,E01025363,Rossendale 002A,Burglary,Status update unavailable,
2d671df68aa593efa448550f3be5ca2faf1aab76c5212ec68fb8b25dda075090,2019-02,Lancashire Constabulary,Lancashire Constabulary,-2.328553,53.700293,On or near Highfield Court,E01025363,Rossendale 002A,Burglary,Status update unavailable,
74c02314ca3e84be5b37d546675ae2f7f1c265cb0ed6bc6be15c66211650085a,2019-02,Lancashire Constabulary,Lancashire Constabulary,-2.328155,53.695818,On or near Clarence Avenue,E01025363,Rossendale 002A,Burglary,Status update unavailable,
8e5eaca16154cf74a486e5f739d064a30f8538093be1ebea81436c67c2e6af78,2019-02,Lancashire Constabulary,Lancashire Constabulary,-2.326662,53.694707,On or near Dean Road,E01025363,Rossendale 002A,Criminal damage and arson,Status update unavailable,
892aa78e8e20f49d7334c2806ee9689d7cdb609c8d1e8cb9fd377574007e8fb4,2019-02,Lancashire Constabulary,Lancashire Constabulary,-2.326662,53.694707,On or near Dean Road,E01025363,Rossendale 002A,Other theft,Status update unavailable,
37ba5a67a69e43be077c783d74e4d474554158144913a98a871617b67306c11e,2019-02,Lancashire Constabulary,Lancashire Constabulary,-2.330057,53.696936,On or near Jubilee Road,E01025363,Rossendale 002A,Other theft,Investigation complete; no suspect identified,
e16576515c47ad2dbf3815b312f8e22ddbd40fec847c601c5590bd66a24f927e,2019-02,Lancashire Constabulary,Lancashire Constabulary,-2.330057,53.696936,On or near Jubilee Road,E01025363,Rossendale 002A,Other theft,Status update unavailable,
d6b219d26bbed719305efa1a6dda78e241c8067d18b6e976121abc99dd878914,2019-02,Lancashire Constabulary,Lancashire Constabulary,-2.324468,53.700897,On or near Lyndale Avenue,E01025363,Rossendale 002A,Other theft,Status update unavailable,
1dde26250c3ac8a7fcfbeb47049b0aba3428a0d788a0e085ac2b0ac16e646f43,2019-02,Lancashire Constabulary,Lancashire Constabulary,-2.325065,53.703646,On or near Warner Street,E01025363,Rossendale 002A,Public order,Status update unavailable,
a11ac34c27bff2b9c684909e0439f72e5782818611df03939e4f1c078a708116,2019-02,Lancashire Constabulary,Lancashire Constabulary,-2.325692,53.698467,On or near Cambridge Street,E01025363,Rossendale 002A,Vehicle crime,Status update unavailable,
85c98b0c72f90ce9336014833a7c1b772dacf76f524283f75e44c74e255a3c32,2019-02,Lancashire Constabulary,Lancashire Constabulary,-2.326940,53.701250,On or near Rawsthorne Avenue,E01025363,Rossendale 002A,Violence and sexual offences,Status update unavailable,
b1d5796100c2b74b4e08b167729e7266fd2a6a1329ca588c1ba041913eae953b,2019-02,Lancashire Constabulary,Lancashire Constabulary,-2.330034,53.699786,On or near Grane Park,E01025363,Rossendale 002A,Violence and sexual offences,Unable to prosecute suspect,
dfa51e218873481a4a08af817748696296f043a9f20596518cd018ca6fac1d73,2019-02,Lancashire Constabulary,Lancashire Constabulary,-2.314208,53.698111,On or near Ryde Close,E01025364,Rossendale 002B,Violence and sexual offences,Unable to prosecute suspect,
c565e268259db53ca2e6f469cd28ddb042458267d1f876f7695ee6a4b4536df0,2019-02,Lancashire Constabulary,Lancashire Constabulary,-2.320921,53.700538,On or near Hall Street,E01025364,Rossendale 002B,Violence and sexual offences,Unable to prosecute suspect,
5726f07353df1c1574fb3e69f2192f45e2c43d5d4645cda650b4593955dc9259,2019-02,Lancashire Constabulary,Lancashire Constabulary,-2.320921,53.700538,On or near Hall Street,E01025364,Rossendale 002B,Other crime,Further investigation is not in the public interest,
,2019-02,Lancashire Constabulary,Lancashire Constabulary,-2.317292,53.703361,On or near Hillside Road,E01025366,Rossendale 002C,Anti-social behaviour,,
,2019-02,Lancashire Constabulary,Lancashire Constabulary,-2.321221,53.702146,On or near Hope Street,E01025366,Rossendale 002C,Anti-social behaviour,,
2e2569c9622ddc77971beae864122f966af1c1201f80ecc5bd3a6926aed3a0cf,2019-02,Lancashire Constabulary,Lancashire Constabulary,-2.313616,53.703991,On or near Kirkhill Avenue,E01025366,Rossendale 002C,Burglary,Status update unavailable,
6c9b95ba5e6aa66e687f2390bdbb3313bdbbf9e3d078c4d1857e413889d4b86b,2019-02,Lancashire Constabulary,Lancashire Constabulary,-2.321893,53.702837,On or near Princess Street,E01025366,Rossendale 002C,Burglary,Status update unavailable,
fb56b1b66fde30a69c7839b093b7606731f06f2a3aa03038fbe764cb38d8d4fb,2019-02,Lancashire Constabulary,Lancashire Constabulary,-2.322677,53.702376,On or near Police Station,E01025366,Rossendale 002C,Public order,Status update unavailable,
298a12bc6b491d419d741ca8bc8ec374c717ec5aa3905b89d10c91571a534335,2019-02,Lancashire Constabulary,Lancashire Constabulary,-2.321893,53.702837,On or near Princess Street,E01025366,Rossendale 002C,Vehicle crime,Status update unavailable,
abc138700edbeb61b84b2aeb62a13929bc24d58941ee41e91463592217e0eccc,2019-02,Lancashire Constabulary,Lancashire Constabulary,-2.323160,53.704047,On or near Park Street,E01025366,Rossendale 002C,Vehicle crime,Status update unavailable,
5030cdda864dd9b68a22e1fc03aa214011a22f32922a407154aeb0c2770a849d,2019-02,Lancashire Constabulary,Lancashire Constabulary,-2.317292,53.703361,On or near Hillside Road,E01025366,Rossendale 002C,Violence and sexual offences,Status update unavailable,
3bd664cb4bcc1360bc9c19fff0c149130b93c43111dcfad6706b9d2309362d42,2019-02,Lancashire Constabulary,Lancashire Constabulary,-2.323571,53.704396,On or near Beaconsfield Street,E01025366,Rossendale 002C,Violence and sexual offences,Formal action is not in the public interest,
c3ba6207c7c253211a4fb764caf34ea39ca72a9968b170001b6ded8ad597d73d,2019-02,Lancashire Constabulary,Lancashire Constabulary,-2.322899,53.703670,On or near Store Street,E01025366,Rossendale 002C,Violence and sexual offences,Unable to prosecute suspect,
,2019-02,Lancashire Constabulary,Lancashire Constabulary,-2.326884,53.715514,On or near Carr Hall Street,E01025395,Rossendale 002D,Anti-social behaviour,,
8d9852922f8b004e2021e909002e59de5219b786911001387258f34e1775fbba,2019-02,Lancashire Constabulary,Lancashire Constabulary,-2.319850,53.715030,On or near Park/Open Space,E01025395,Rossendale 002D,Burglary,Status update unavailable,
03af393ee0c9ef882b239363e38c6f65636e91552599b9a1b74a425f2b67a9c8,2019-02,Lancashire Constabulary,Lancashire Constabulary,-2.329131,53.725827,On or near The Close,E01025395,Rossendale 002D,Other theft,Status update unavailable,
924bafaee9415a2da10abafeee93c3c888c1a78046b7ce91060743026f029c08,2019-02,Lancashire Constabulary,Lancashire Constabulary,-2.324353,53.727188,On or near King'S Highway,E01025395,Rossendale 002D,Public order,Unable to prosecute suspect,
3ee86e367260280af2eacf7ccf0cd75070d24f4403f1a05e49ef8864a18005a9,2019-02,Lancashire Constabulary,Lancashire Constabulary,-2.324722,53.721965,On or near Ormerod Street,E01025395,Rossendale 002D,Shoplifting,Unable to prosecute suspect,
eaf305ec005673e711ce2e9b00ec8237d5c1c0eb3500014928f8c3d7bc7b9594,2019-02,Lancashire Constabulary,Lancashire Constabulary,-2.328998,53.726213,On or near Roundhill View,E01025395,Rossendale 002D,Violence and sexual offences,Status update unavailable,
a5dd32e6b560d6002ea7084a5d8743d8186d48a6581de915e96dc51d8c577f5d,2019-02,Lancashire Constabulary,Lancashire Constabulary,-2.324722,53.721965,On or near Ormerod Street,E01025395,Rossendale 002D,Violence and sexual offences,Status update unavailable,
1ebb00b295b8f995c88acb2053e3d77fbb0e11956aacd90ec0b1184f801f1898,2019-02,Lancashire Constabulary,Lancashire Constabulary,-2.324722,53.721965,On or near Ormerod Street,E01025395,Rossendale 002D,Violence and sexual offences,Status update unavailable,
,2019-02,Lancashire Constabulary,Lancashire Constabulary,-2.325436,53.712453,On or near Cross Street North,E01025396,Rossendale 002E,Anti-social behaviour,,
,2019-02,Lancashire Constabulary,Lancashire Constabulary,-2.325436,53.712453,On or near Cross Street North,E01025396,Rossendale 002E,Anti-social behaviour,,
,2019-02,Lancashire Constabulary,Lancashire Constabulary,-2.325436,53.712453,On or near Cross Street North,E01025396,Rossendale 002E,Anti-social behaviour,,
,2019-02,Lancashire Constabulary,Lancashire Constabulary,-2.322570,53.710106,On or near Higher Lane,E01025396,Rossendale 002E,Anti-social behaviour,,
,2019-02,Lancashire Constabulary,Lancashire Constabulary,-2.325144,53.713883,On or near Old Carr Mill Street,E01025396,Rossendale 002E,Anti-social behaviour,,
,2019-02,Lancashire Constabulary,Lancashire Constabulary,-2.326000,53.710969,On or near Cross Street South,E01025396,Rossendale 002E,Anti-social behaviour,,
df39021f211e3e4f6dda486b5d9099d45936b715b487eeeb020dc7cbd8bd250f,2019-02,Lancashire Constabulary,Lancashire Constabulary,-2.324420,53.710389,On or near West View,E01025396,Rossendale 002E,Burglary,Status update unavailable,
601227da5f8e5a9e6d5ab46aa5bc41154ab37a69679b05df211caa3e51e22a12,2019-02,Lancashire Constabulary,Lancashire Constabulary,-2.324420,53.710389,On or near West View,E01025396,Rossendale 002E,Other theft,Status update unavailable,
6aa892fd763b3b747f3c5f3f334d222de15d7d0071fb762df3e23e5348a10efa,2019-02,Lancashire Constabulary,Lancashire Constabulary,-2.325144,53.713883,On or near Old Carr Mill Street,E01025396,Rossendale 002E,Other theft,Status update unavailable,
af15f9641dcbd07c4d3d4c2a79dc2491af99d5e9d6eeeed505adef96d4b24b16,2019-02,Lancashire Constabulary,Lancashire Constabulary,-2.324458,53.707387,On or near George Street,E01025396,Rossendale 002E,Possession of weapons,Status update unavailable,
8b77e0ed1e7751c3dbab2595d93958c8de88ed874ca8cf8531bc1c6a124d8e01,2019-02,Lancashire Constabulary,Lancashire Constabulary,-2.324458,53.707387,On or near George Street,E01025396,Rossendale 002E,Possession of weapons,Awaiting court outcome,
fa0ea82335608c357ebe6279d80270fe060fda0dedf2a5d6760bd4e62fb79fc9,2019-02,Lancashire Constabulary,Lancashire Constabulary,-2.323897,53.711235,On or near Bus/Coach Station,E01025396,Rossendale 002E,Violence and sexual offences,Status update unavailable,
5236dea73090650b0e6dd715f0774bfc09f867c2f8d93ad242af8011bda19a06,2019-02,Lancashire Constabulary,Lancashire Constabulary,-2.322221,53.706089,On or near Clegg Street,E01025396,Rossendale 002E,Violence and sexual offences,Unable to prosecute suspect,
b89f3dcb632fd3c76bb9570655b815b876ff757f1b102240be4cbc2e01e36d8e,2019-02,Lancashire Constabulary,Lancashire Constabulary,-2.322221,53.706089,On or near Clegg Street,E01025396,Rossendale 002E,Violence and sexual offences,Status update unavailable,
3012ad85b44b01d717d9a1371edf4c2217f27066cc0931443f89c180836307c9,2019-02,Lancashire Constabulary,Lancashire Constabulary,-2.323897,53.711235,On or near Bus/Coach Station,E01025396,Rossendale 002E,Violence and sexual offences,Status update unavailable,
dcfd5bd252801f396c9a452181d2fe4d14abcfa4ec268c6c4c9803f8a74228e0,2019-02,Lancashire Constabulary,Lancashire Constabulary,-2.323897,53.711235,On or near Bus/Coach Station,E01025396,Rossendale 002E,Violence and sexual offences,Local resolution,
6e9265228fca447cacd510ccf64a7fc9ccf4c75f55548382fa8fa1a74fa71647,2019-02,Lancashire Constabulary,Lancashire Constabulary,-2.324119,53.706714,On or near Davitt Close,E01025396,Rossendale 002E,Violence and sexual offences,Unable to prosecute suspect,
f1acd77b6d3ab1ffc051bdbadde5e25a4b12ab9a5441abbca1602dd79ab123e1,2019-02,Lancashire Constabulary,Lancashire Constabulary,-2.322570,53.710106,On or near Higher Lane,E01025396,Rossendale 002E,Violence and sexual offences,Unable to prosecute suspect,
7724aef3f7bf4d36049e99da815b3a788dc6b564ca53c885690b96cbcf5b28bc,2019-02,Lancashire Constabulary,Lancashire Constabulary,-2.324119,53.706714,On or near Davitt Close,E01025396,Rossendale 002E,Violence and sexual offences,Unable to prosecute suspect,
46f504158b8faf5155a214a77ff5eca83f39023dc964b3e7a285d491d90fafb0,2019-02,Lancashire Constabulary,Lancashire Constabulary,-2.322570,53.710106,On or near Higher Lane,E01025396,Rossendale 002E,Violence and sexual offences,Unable to prosecute suspect,
b6ed2a0efef9f70cb4fc8bb3277a5c99ba79b0492601876e3c8c7e08592a76c6,2019-02,Lancashire Constabulary,Lancashire Constabulary,-2.323897,53.711235,On or near Bus/Coach Station,E01025396,Rossendale 002E,Violence and sexual offences,Local resolution,
d8766f26c2e911b56f013d286dca0fafd264cfcf1786cd50d4af32d0de19afeb,2019-02,Lancashire Constabulary,Lancashire Constabulary,-2.322221,53.706089,On or near Clegg Street,E01025396,Rossendale 002E,Violence and sexual offences,Status update unavailable,
f964473aa722689de721c3ea94f20b2c3f7990ba2952cf5d0789fd23c60f70a7,2019-02,Lancashire Constabulary,Lancashire Constabulary,-2.323902,53.711963,On or near Hud Rake,E01025396,Rossendale 002E,Violence and sexual offences,Status update unavailable,
,2019-02,Lancashire Constabulary,Lancashire Constabulary,-2.326603,53.704720,On or near Ratcliffe Street,E01025397,Rossendale 002F,Anti-social behaviour,,
,2019-02,Lancashire Constabulary,Lancashire Constabulary,-2.325979,53.704327,On or near Deardengate,E01025397,Rossendale 002F,Anti-social behaviour,,
,2019-02,Lancashire Constabulary,Lancashire Constabulary,-2.327177,53.704485,On or near Rudd Street,E01025397,Rossendale 002F,Anti-social behaviour,,
,2019-02,Lancashire Constabulary,Lancashire Constabulary,-2.325979,53.704327,On or near Deardengate,E01025397,Rossendale 002F,Anti-social behaviour,,
,2019-02,Lancashire Constabulary,Lancashire Constabulary,-2.327507,53.704071,On or near Sunnybank Street,E01025397,Rossendale 002F,Anti-social behaviour,,
,2019-02,Lancashire Constabulary,Lancashire Constabulary,-2.328451,53.706540,On or near Prinny Hill Road,E01025397,Rossendale 002F,Anti-social behaviour,,
,2019-02,Lancashire Constabulary,Lancashire Constabulary,-2.326889,53.706445,On or near John Street,E01025397,Rossendale 002F,Anti-social behaviour,,
,2019-02,Lancashire Constabulary,Lancashire Constabulary,-2.333247,53.705781,On or near Bentwood Road,E01025397,Rossendale 002F,Anti-social behaviour,,
c41c8ceafcb9fb8b144874e1035d4d849ae60ccbdb44c6fb1cce52366e2d003f,2019-02,Lancashire Constabulary,Lancashire Constabulary,-2.331876,53.701039,On or near Waterside Road,E01025397,Rossendale 002F,Burglary,Status update unavailable,
6044ab891d3d8cf672ba9c30b06745d15fd718035928ab75dbcac24ca2301e92,2019-02,Lancashire Constabulary,Lancashire Constabulary,-2.327185,53.703505,On or near Peel Street,E01025397,Rossendale 002F,Burglary,Status update unavailable,
351753db58f3f2722cd1048d45bdfb49f91c7350ddb5a314ef50424af16bb980,2019-02,Lancashire Constabulary,Lancashire Constabulary,-2.323952,53.704710,On or near Salisbury Street,E01025397,Rossendale 002F,Burglary,Status update unavailable,
ed07000dd1a1591c5ea90718ff18d4a7fc6f63943f69ff9db17430f67686350d,2019-02,Lancashire Constabulary,Lancashire Constabulary,-2.333247,53.705781,On or near Bentwood Road,E01025397,Rossendale 002F,Other theft,Status update unavailable,
96d50ba53d846e02c8c28c88b4a3cde62b29b0041db3b54311e9c2885b0e7ebd,2019-02,Lancashire Constabulary,Lancashire Constabulary,-2.326889,53.706445,On or near John Street,E01025397,Rossendale 002F,Other theft,Status update unavailable,
093d8e75bfcb21412b1265441669520ec14707447104e2266ed7f243cd58f7cc,2019-02,Lancashire Constabulary,Lancashire Constabulary,-2.329445,53.705809,On or near Lincoln Street,E01025397,Rossendale 002F,Public order,Status update unavailable,
7903d3a4982f46b34e3c4007a5ff236700716c6926f600b0f890f564801e6b97,2019-02,Lancashire Constabulary,Lancashire Constabulary,-2.325979,53.704327,On or near Deardengate,E01025397,Rossendale 002F,Public order,Status update unavailable,
45580e988f917f6fdbbb1c8f2c5932ea2fd4e5e820fdb92e0a850939494e6b6f,2019-02,Lancashire Constabulary,Lancashire Constabulary,-2.326603,53.704720,On or near Ratcliffe Street,E01025397,Rossendale 002F,Public order,Status update unavailable,
08ddfd39462ef6b88d04bb0f47133c834517159e6429fa6d4023cccbce241a5a,2019-02,Lancashire Constabulary,Lancashire Constabulary,-2.326889,53.706445,On or near John Street,E01025397,Rossendale 002F,Shoplifting,Status update unavailable,
63a48aade2061e1d3835581f18a49c33714dae82bb78356a5dfad44181f84eb3,2019-02,Lancashire Constabulary,Lancashire Constabulary,-2.326889,53.706445,On or near John Street,E01025397,Rossendale 002F,Shoplifting,Status update unavailable,
4a7c3b866d4b467f7c8e6129c268483cab8866d4d5d532cfeecc3f9504645dbe,2019-02,Lancashire Constabulary,Lancashire Constabulary,-2.327710,53.704861,On or near Thomas Street,E01025397,Rossendale 002F,Vehicle crime,Status update unavailable,
ef5c0e319545d95acaffe66cd41283db37db7b380b03d458e12f34cfd6428d54,2019-02,Lancashire Constabulary,Lancashire Constabulary,-2.327710,53.704861,On or near Thomas Street,E01025397,Rossendale 002F,Vehicle crime,Status update unavailable,
f4ee8b76db8963d248f17a85e251d1889e9c0e02b125bbae8dde8572e6dd4272,2019-02,Lancashire Constabulary,Lancashire Constabulary,-2.325380,53.705164,On or near Pleasant Street,E01025397,Rossendale 002F,Vehicle crime,Status update unavailable,
e5d37ca38217446f9c59a09da1b72c8562d3828e9aeda331bf4a4c5c9eea7c13,2019-02,Lancashire Constabulary,Lancashire Constabulary,-2.323952,53.704710,On or near Salisbury Street,E01025397,Rossendale 002F,Violence and sexual offences,Formal action is not in the public interest,
f0ec21a49fd1068d26783abc42cbc513a5f120d1220e4ae5cdae34a7e5caecad,2019-02,Lancashire Constabulary,Lancashire Constabulary,-2.328012,53.704690,On or near Marsden Street,E01025397,Rossendale 002F,Violence and sexual offences,Status update unavailable,
1c9e069761037ed892ecc5b6ac5d9d2c1b672bea644a79e4321baa37e9477100,2019-02,Lancashire Constabulary,Lancashire Constabulary,-2.360811,53.705054,On or near Park/Open Space,E01025397,Rossendale 002F,Violence and sexual offences,Status update unavailable,
e001e657a57d777b41db9d7b1dd6ac448915e7044aab08dd70aa910b3c9b5d29,2019-02,Lancashire Constabulary,Lancashire Constabulary,-2.328012,53.704690,On or near Marsden Street,E01025397,Rossendale 002F,Violence and sexual offences,Unable to prosecute suspect,
77cd3e256b65851edab902eee4130f1073e55c810025216d5ff017fe05309f6c,2019-02,Lancashire Constabulary,Lancashire Constabulary,-2.326603,53.704720,On or near Ratcliffe Street,E01025397,Rossendale 002F,Violence and sexual offences,Unable to prosecute suspect,
1eb29f7fcccb0bb8a4a4c4b38bacae504f5bde2dd5223cbf90aa343f7de499d7,2019-02,Lancashire Constabulary,Lancashire Constabulary,-2.325979,53.704327,On or near Deardengate,E01025397,Rossendale 002F,Violence and sexual offences,Unable to prosecute suspect,
2831b29b384374910d5f0a3bd0d24ec604beae5aee332bd6e5ed7197f5769395,2019-02,Lancashire Constabulary,Lancashire Constabulary,-2.327376,53.706705,On or near Union Street,E01025397,Rossendale 002F,Violence and sexual offences,Status update unavailable,
5ee8a40b7e3f51c631c969546b2dedd78461144098ce29c28db15cb19990245f,2019-02,Lancashire Constabulary,Lancashire Constabulary,-2.327507,53.704071,On or near Sunnybank Street,E01025397,Rossendale 002F,Violence and sexual offences,Status update unavailable,
613fd7129d8a4e2e5a4f9dcc54b2887263a9f1658138acccbcc4fbf39b7e84e4,2019-02,Lancashire Constabulary,Lancashire Constabulary,-2.329449,53.706411,On or near Lincoln Place,E01025397,Rossendale 002F,Violence and sexual offences,Unable to prosecute suspect,
bb3827e1cf58810adb9a44cf4e7298b7e834d372152da846b01323c8851881a9,2019-02,Lancashire Constabulary,Lancashire Constabulary,-2.327710,53.704861,On or near Thomas Street,E01025397,Rossendale 002F,Violence and sexual offences,Unable to prosecute suspect,
03172bf5f3cbafca1fcd9b65807192221bbcb8e16a1120c2b85932ca31915ed8,2019-02,Lancashire Constabulary,Lancashire Constabulary,-2.329449,53.706411,On or near Lincoln Place,E01025397,Rossendale 002F,Violence and sexual offences,Unable to prosecute suspect,
,2019-02,Lancashire Constabulary,Lancashire Constabulary,-2.319626,53.703454,On or near Fir Street,E01025398,Rossendale 002G,Anti-social behaviour,,
,2019-02,Lancashire Constabulary,Lancashire Constabulary,-2.317426,53.705024,On or near Cedar Avenue,E01025398,Rossendale 002G,Anti-social behaviour,,
,2019-02,Lancashire Constabulary,Lancashire Constabulary,-2.320146,53.704217,On or near Lilac Avenue,E01025398,Rossendale 002G,Anti-social behaviour,,
b7cbf95c5297073b06e463972df771851eeff41a26c40267b99cc8dd1490af53,2019-02,Lancashire Constabulary,Lancashire Constabulary,-2.318680,53.704598,On or near Maple Avenue,E01025398,Rossendale 002G,Public order,Status update unavailable,
68d51a8aa288052ea15009bef94111ed206199f47c30e70dcb30e3cc7e02a4f9,2019-02,Lancashire Constabulary,Lancashire Constabulary,-2.316359,53.704209,On or near Ash Avenue,E01025398,Rossendale 002G,Public order,Status update unavailable,
40473d88bf81aeb544a83880814dbe4d4f22d1d2aa079d07eb43e8c402f260f4,2019-02,Lancashire Constabulary,Lancashire Constabulary,-2.319626,53.703454,On or near Fir Street,E01025398,Rossendale 002G,Vehicle crime,Status update unavailable,
8d5fae871840533d16aa8d455e8bf6387045ab030f606bfa98ee8679da8f8283,2019-02,Lancashire Constabulary,Lancashire Constabulary,-2.316359,53.704209,On or near Ash Avenue,E01025398,Rossendale 002G,Violence and sexual offences,Investigation complete; no suspect identified,
6f7a0e79820942ea789b559de62d9fdd637db684662b750b158f7503dbe1735d,2019-02,Lancashire Constabulary,Lancashire Constabulary,-2.320029,53.704711,On or near South View,E01025398,Rossendale 002G,Violence and sexual offences,Status update unavailable,
8cb89a4e614dc3dab893316dd788079ea10ed5b489141282793166c9f1f797d7,2019-02,Lancashire Constabulary,Lancashire Constabulary,-2.317270,53.704422,On or near Rosewood Avenue,E01025398,Rossendale 002G,Violence and sexual offences,Unable to prosecute suspect,
2437bec1c3b53e853ea3e064ef6a5eb66e2fe3062ed79036ea7d9ab7c1b13455,2019-02,Lancashire Constabulary,Lancashire Constabulary,-2.316359,53.704209,On or near Ash Avenue,E01025398,Rossendale 002G,Violence and sexual offences,Unable to prosecute suspect,
4a0d83ebe5b1fa431a2d794bcbf17cd77bb404da6b87540708baa5c3cc4de87e,2019-02,Lancashire Constabulary,Lancashire Constabulary,-2.318680,53.704598,On or near Maple Avenue,E01025398,Rossendale 002G,Violence and sexual offences,Offender given a caution,
,2019-02,Lancashire Constabulary,Lancashire Constabulary,-2.193780,53.727012,On or near Heald Close,E01025367,Rossendale 003A,Anti-social behaviour,,
f23a3ae8e162f21ba7e6d7c01c028029cb5e11831212f4b639a3ca476c41983b,2019-02,Lancashire Constabulary,Lancashire Constabulary,-2.197086,53.727321,On or near Fell View,E01025367,Rossendale 003A,Violence and sexual offences,Unable to prosecute suspect,
5ba8d1fc78cdc4f890e1307d1c699b697d7e7c4ae2021842c95b77d552758f69,2019-02,Lancashire Constabulary,Lancashire Constabulary,-2.193780,53.727012,On or near Heald Close,E01025367,Rossendale 003A,Violence and sexual offences,Status update unavailable,
fad8e54aaa5770628b67d1efee1846c04f1ebd4a7e793a37ee0c416d737a2c87,2019-02,Lancashire Constabulary,Lancashire Constabulary,-2.193780,53.727012,On or near Heald Close,E01025367,Rossendale 003A,Violence and sexual offences,Status update unavailable,
39ddf8e13150fa1a2f4824665e81622960bd548a8145c6e98ee485d50f9a288b,2019-02,Lancashire Constabulary,Lancashire Constabulary,-2.204756,53.733861,On or near Bacup Old Road,E01025367,Rossendale 003A,Violence and sexual offences,Awaiting court outcome,
a4aaa28b9b16e5a89897697674accdf4a29492a1f6eb557f98f28637df31ee8b,2019-02,Lancashire Constabulary,Lancashire Constabulary,-2.197086,53.727321,On or near Fell View,E01025367,Rossendale 003A,Violence and sexual offences,Status update unavailable,
c460ee40775a62d78d6dfa78cae7d65e3a4534f79c0e24e18a46cb5bf09ab471,2019-02,Lancashire Constabulary,Lancashire Constabulary,-2.197086,53.727321,On or near Fell View,E01025367,Rossendale 003A,Violence and sexual offences,Unable to prosecute suspect,
,2019-02,Lancashire Constabulary,Lancashire Constabulary,-2.200815,53.705312,On or near St John'S Court,E01025368,Rossendale 003B,Anti-social behaviour,,
7d631533dd393893f2b9daffba997bcf1a6ace381aead1793814ebe052e2fdb7,2019-02,Lancashire Constabulary,Lancashire Constabulary,-2.192542,53.708184,On or near Rosemount,E01025368,Rossendale 003B,Criminal damage and arson,Action to be taken by another organisation,
698699fd935d7fecbfbfe756326aeb473a08e6129ea1c8e47a98db8fbb19e938,2019-02,Lancashire Constabulary,Lancashire Constabulary,-2.200980,53.704880,On or near Myrtle Bank Road,E01025368,Rossendale 003B,Other theft,Status update unavailable,
0a3da1de33574f6d0736d2f683a611ca217702328636ed2e1b2e45e9875de470,2019-02,Lancashire Constabulary,Lancashire Constabulary,-2.202843,53.708014,On or near Hammerton Street,E01025368,Rossendale 003B,Vehicle crime,Status update unavailable,
6e0ff2b7612c97de040fa270558a5513e5db3295346f5bca1bf3d7c52b4ada79,2019-02,Lancashire Constabulary,Lancashire Constabulary,-2.201844,53.708250,On or near Russell Street,E01025368,Rossendale 003B,Violence and sexual offences,Unable to prosecute suspect,
1b573893cf8e26652908047efb56c6c080c6f8cfccb714ddba2b3b4e8ebd5ca2,2019-02,Lancashire Constabulary,Lancashire Constabulary,-2.192542,53.708184,On or near Rosemount,E01025368,Rossendale 003B,Violence and sexual offences,Unable to prosecute suspect,
0e7e666f48744f6b5a1b428e246f9e6003dd7e54438da9003a5be3e8850e0ed3,2019-02,Lancashire Constabulary,Lancashire Constabulary,-2.192542,53.708184,On or near Rosemount,E01025368,Rossendale 003B,Violence and sexual offences,Unable to prosecute suspect,
ab31241f82ce354b262e81b4c1c962fda3159b14feef14621bbb14f4ea4f5b4f,2019-02,Lancashire Constabulary,Lancashire Constabulary,-2.198630,53.704489,On or near Earnshaw Row,E01025368,Rossendale 003B,Violence and sexual offences,Unable to prosecute suspect,
2e6b6e743501a25e9e511a674fb6bfae7f7573798f882ff44899c5423b1d506e,2019-02,Lancashire Constabulary,Lancashire Constabulary,-2.199842,53.707633,On or near Sports/Recreation Area,E01025368,Rossendale 003B,Violence and sexual offences,Status update unavailable,
40160618264d0a7a5dcdbf4975a213055cc07566ffbcbf9e815c579df8815b56,2019-02,Lancashire Constabulary,Lancashire Constabulary,-2.192542,53.708184,On or near Rosemount,E01025368,Rossendale 003B,Violence and sexual offences,Unable to prosecute suspect,
b34bd34d69804dc15ece16d8c8483b235f0ad1c36884cf496e04b55695afee84,2019-02,Lancashire Constabulary,Lancashire Constabulary,-2.184010,53.710966,On or near Todmorden Road,E01025368,Rossendale 003B,Other crime,Status update unavailable,
,2019-02,Lancashire Constabulary,Lancashire Constabulary,-2.201007,53.707361,On or near Blackthorn Lane,E01025369,Rossendale 003C,Anti-social behaviour,,
,2019-02,Lancashire Constabulary,Lancashire Constabulary,-2.201483,53.702363,On or near Bank Street,E01025369,Rossendale 003C,Anti-social behaviour,,
,2019-02,Lancashire Constabulary,Lancashire Constabulary,-2.198540,53.698152,On or near Hemp Street,E01025369,Rossendale 003C,Anti-social behaviour,,
,2019-02,Lancashire Constabulary,Lancashire Constabulary,-2.203358,53.704903,On or near Ash Street,E01025369,Rossendale 003C,Anti-social behaviour,,
98a5ed6ac4ae08f5d7d9cb71913b601588e7030754caf393e9c93f33eabd5812,2019-02,Lancashire Constabulary,Lancashire Constabulary,-2.200572,53.701852,On or near King Street,E01025369,Rossendale 003C,Burglary,Status update unavailable,
13ddeac1e2e4b0d1d4624ee6c64c646496f8004fe0404d074ff43a62cfac421c,2019-02,Lancashire Constabulary,Lancashire Constabulary,-2.201483,53.702363,On or near Bank Street,E01025369,Rossendale 003C,Burglary,Status update unavailable,
40f18721459190515f3efe42f0c7d6549a0f2bbf84a20fa971706e785e4cba2e,2019-02,Lancashire Constabulary,Lancashire Constabulary,-2.201483,53.702363,On or near Bank Street,E01025369,Rossendale 003C,Burglary,Status update unavailable,
6d02e5217d9dcf9f1ff0de996a8f5e8df29b906d586d69a5349ef3c7c28b8662,2019-02,Lancashire Constabulary,Lancashire Constabulary,-2.200572,53.701852,On or near King Street,E01025369,Rossendale 003C,Other theft,Status update unavailable,
7d16d38357e4b38abd06c5e70776827ff1d75fcbeb5a200fbf4eae720b42139d,2019-02,Lancashire Constabulary,Lancashire Constabulary,-2.201486,53.703019,On or near Maitland Street,E01025369,Rossendale 003C,Other theft,Status update unavailable,
c387000dc5ea8f09cc79ae6aa6bc320cf8ca61be8b4a38df93949c6555e565c9,2019-02,Lancashire Constabulary,Lancashire Constabulary,-2.199298,53.701648,On or near Industrial Place,E01025369,Rossendale 003C,Other theft,Status update unavailable,
95285fd57b0bbd967d26714801023c554a79e1ff3ddc8e450a3f87a542c6b7a9,2019-02,Lancashire Constabulary,Lancashire Constabulary,-2.201486,53.703019,On or near Maitland Street,E01025369,Rossendale 003C,Other theft,Status update unavailable,
6b40b70ac962b49aca335e97e69984c94f4fcd5e698563033c97c9536d81093c,2019-02,Lancashire Constabulary,Lancashire Constabulary,-2.200211,53.702482,On or near Union Street,E01025369,Rossendale 003C,Public order,Unable to prosecute suspect,
27ede8a2ef3da666c0cf8a3bf074035a7473d0395e6d09fe102980a4cbed16a8,2019-02,Lancashire Constabulary,Lancashire Constabulary,-2.199929,53.703759,On or near Yorkshire Street,E01025369,Rossendale 003C,Public order,Further investigation is not in the public interest,
2f411874d6acf2b2dda14fa8dcee6517ffa051b8475591fed650f2cd5a18feac,2019-02,Lancashire Constabulary,Lancashire Constabulary,-2.197153,53.696357,On or near Green Hill Road,E01025369,Rossendale 003C,Public order,Unable to prosecute suspect,
2c1cd560589c71109556344e874fee7c84c7212f4738f416433fc9520f0893a9,2019-02,Lancashire Constabulary,Lancashire Constabulary,-2.200750,53.701088,On or near Parking Area,E01025369,Rossendale 003C,Shoplifting,Awaiting court outcome,
b1d2c681651e1be2c34c6baac6caf2f2e06bf5238c9e3779d97b470f07d61c61,2019-02,Lancashire Constabulary,Lancashire Constabulary,-2.200750,53.701088,On or near Parking Area,E01025369,Rossendale 003C,Shoplifting,Awaiting court outcome,
7ba0a3324062254f861580a48aef08682b0cc95d2369b3eddc9144a34cb9bdaf,2019-02,Lancashire Constabulary,Lancashire Constabulary,-2.200572,53.701852,On or near King Street,E01025369,Rossendale 003C,Shoplifting,Status update unavailable,
fadf3cb70e37bf8f0873aecd4604255e8fa3c06a1c8ff8a3c7adb0f343f618d8,2019-02,Lancashire Constabulary,Lancashire Constabulary,-2.198851,53.696723,On or near Grafton Villas,E01025369,Rossendale 003C,Violence and sexual offences,Status update unavailable,
3eaf4c96b1a6818352877fd3f97ab63e32c84ab5bfda6eed7ac2c7bb5e78252d,2019-02,Lancashire Constabulary,Lancashire Constabulary,-2.199929,53.703759,On or near Yorkshire Street,E01025369,Rossendale 003C,Violence and sexual offences,Unable to prosecute suspect,
29bb719d953bbe1d3e9d8763b43f809744bca478ecbc97c9f1b73d2cc33395ca,2019-02,Lancashire Constabulary,Lancashire Constabulary,-2.197153,53.696357,On or near Green Hill Road,E01025369,Rossendale 003C,Violence and sexual offences,Unable to prosecute suspect,
37504af8f8d4c6d7b58d8524c99d7ee0f2834c52c254560499241281bb90e53c,2019-02,Lancashire Constabulary,Lancashire Constabulary,-2.201229,53.706336,On or near Blackthorn Crescent,E01025369,Rossendale 003C,Violence and sexual offences,Unable to prosecute suspect,
386735063959a3c4c79f59f0f116b7e1edb41aa40fba17d69b6148177f10a01d,2019-02,Lancashire Constabulary,Lancashire Constabulary,-2.199929,53.703759,On or near Yorkshire Street,E01025369,Rossendale 003C,Violence and sexual offences,Unable to prosecute suspect,
eaeb37a8b81ab01946ac73c160349a9be8ce796b0283d8d09620f495f1223ce1,2019-02,Lancashire Constabulary,Lancashire Constabulary,-2.202749,53.704140,On or near Rose Bank Street,E01025369,Rossendale 003C,Violence and sexual offences,Status update unavailable,
c7956fbd36b753bb1fbdeb3120fb295bf61b46f184faace8cff8a1ed6aca57e5,2019-02,Lancashire Constabulary,Lancashire Constabulary,-2.199929,53.703759,On or near Yorkshire Street,E01025369,Rossendale 003C,Violence and sexual offences,Status update unavailable,
89ce1f8bddd9b7c3dce7e128b311f2854a302445918a5f914b2c8645c59847bf,2019-02,Lancashire Constabulary,Lancashire Constabulary,-2.199298,53.701648,On or near Industrial Place,E01025369,Rossendale 003C,Violence and sexual offences,Further investigation is not in the public interest,
7799b91ce60bceba871fdbe6e3aae11bfdd1d598656bfdcabd336ba0adcf3b2c,2019-02,Lancashire Constabulary,Lancashire Constabulary,-2.203099,53.701336,On or near Maden Way,E01025369,Rossendale 003C,Violence and sexual offences,Unable to prosecute suspect,
2ca7d7c8d0a653d7cb14cbef49ed27f4e9153029ba3f7dc10a4e9c9f3eefbe5a,2019-02,Lancashire Constabulary,Lancashire Constabulary,-2.201064,53.700305,On or near Market Street,E01025369,Rossendale 003C,Violence and sexual offences,Awaiting court outcome,
,2019-02,Lancashire Constabulary,Lancashire Constabulary,-2.194215,53.702950,On or near Thorn Bank,E01025381,Rossendale 003D,Anti-social behaviour,,
,2019-02,Lancashire Constabulary,Lancashire Constabulary,-2.195603,53.701851,On or near Gladstone Street,E01025381,Rossendale 003D,Anti-social behaviour,,
,2019-02,Lancashire Constabulary,Lancashire Constabulary,-2.193631,53.701162,On or near Britannia Avenue,E01025381,Rossendale 003D,Anti-social behaviour,,
,2019-02,Lancashire Constabulary,Lancashire Constabulary,-2.189318,53.705448,On or near Greave Clough Drive,E01025381,Rossendale 003D,Anti-social behaviour,,
4489df523a872f9e254e458e9b9e5b4e6d257a215b20ba6aa8609e30fb9aca7b,2019-02,Lancashire Constabulary,Lancashire Constabulary,-2.194496,53.701530,On or near Pendle Close,E01025381,Rossendale 003D,Criminal damage and arson,Status update unavailable,
afb9d3b399cb82e057dbe1e733fa1805970d68f6783793b1273702271b738e66,2019-02,Lancashire Constabulary,Lancashire Constabulary,-2.193631,53.701162,On or near Britannia Avenue,E01025381,Rossendale 003D,Vehicle crime,Status update unavailable,
6934df13c0cee82c929771856d55f479d7164027f324ab84801f130b7d63bebc,2019-02,Lancashire Constabulary,Lancashire Constabulary,-2.193683,53.702636,On or near Thorn Drive,E01025381,Rossendale 003D,Violence and sexual offences,Unable to prosecute suspect,
4e023f2cda649e972c9dd60b5125b5b0521e4f7df0b34b21222bb3d3c2c8bad0,2019-02,Lancashire Constabulary,Lancashire Constabulary,-2.194215,53.702950,On or near Thorn Bank,E01025381,Rossendale 003D,Violence and sexual offences,Status update unavailable,
58e68aafb14d039c402778e0953b731e6ee92e8ec8c2c720ee811f0c5a9f728f,2019-02,Lancashire Constabulary,Lancashire Constabulary,-2.189416,53.707083,On or near Greave Road,E01025381,Rossendale 003D,Violence and sexual offences,Status update unavailable,
cb89b239b3a229737e74087718f942a08ff5d412f26a578b1863a7a5b37bc6c7,2019-02,Lancashire Constabulary,Lancashire Constabulary,-2.193524,53.704138,On or near Ashworth Street,E01025381,Rossendale 003D,Violence and sexual offences,Formal action is not in the public interest,
ec00bd8bb7d688cf7ca8941c68a8e4e11ce9fcbd7f8b699d2cd4cb70e0142423,2019-02,Lancashire Constabulary,Lancashire Constabulary,-2.193683,53.702636,On or near Thorn Drive,E01025381,Rossendale 003D,Violence and sexual offences,Further investigation is not in the public interest,
f65465b74e861a247f6c7dd548528113e3ea67167060e12fac9361f67b0e3edd,2019-02,Lancashire Constabulary,Lancashire Constabulary,-2.194685,53.703030,On or near Thorn Gardens,E01025381,Rossendale 003D,Violence and sexual offences,Action to be taken by another organisation,
bf8a38e19d21f7541de2bd34209b4b9c62861753d20ded2370fde1b042a40d45,2019-02,Lancashire Constabulary,Lancashire Constabulary,-2.198540,53.701532,On or near Quarry Street,E01025382,Rossendale 003E,Vehicle crime,Status update unavailable,
e3bb7c4de46a54efe304be4959f99b29de74e9e7a6574c48eb5f6210b58ddf69,2019-02,Lancashire Constabulary,Lancashire Constabulary,-2.197355,53.703988,On or near Springfield Avenue,E01025382,Rossendale 003E,Vehicle crime,Status update unavailable,
39c88edcf206d129aeeb4c164af53379a5365ae2c11bf2715d89aac573c0b9d3,2019-02,Lancashire Constabulary,Lancashire Constabulary,-2.196861,53.701930,On or near Co-Operation Street,E01025382,Rossendale 003E,Violence and sexual offences,Status update unavailable,
1b6c14544134a6f5f70290d0c3d31ff6d1a3a28bb5af0568c58294a2c7c9b910,2019-02,Lancashire Constabulary,Lancashire Constabulary,-2.197106,53.702514,On or near Crimea Street,E01025382,Rossendale 003E,Violence and sexual offences,Unable to prosecute suspect,
924ce0524a7bb25c15c3f7d25e40d822753a1278b291990ed1168e6b06d3dc56,2019-02,Lancashire Constabulary,Lancashire Constabulary,-2.199895,53.702959,On or near St James Street,E01025382,Rossendale 003E,Violence and sexual offences,Local resolution,
9697f122f7bddc7ac561323e0282eb8e68a1730f80a152a01216648d8cd39a4c,2019-02,Lancashire Constabulary,Lancashire Constabulary,-2.198568,53.701038,On or near Parking Area,E01025382,Rossendale 003E,Violence and sexual offences,Unable to prosecute suspect,
834ffd719f7e79fddfa91a5750f6d4f994a42c089b305caf83795674aa70b54d,2019-02,Lancashire Constabulary,Lancashire Constabulary,-2.199895,53.702959,On or near St James Street,E01025382,Rossendale 003E,Violence and sexual offences,Status update unavailable,
,2019-02,Lancashire Constabulary,Lancashire Constabulary,-2.196480,53.691675,On or near Height Barn Lane,E01025383,Rossendale 003F,Anti-social behaviour,,
,2019-02,Lancashire Constabulary,Lancashire Constabulary,-2.188430,53.696569,On or near Onchan Drive,E01025383,Rossendale 003F,Anti-social behaviour,,
dd985563d93a4a92ab4d52690dd2d204c60aacd3db9477fb96655e15b6ac7c3d,2019-02,Lancashire Constabulary,Lancashire Constabulary,-2.178895,53.690975,On or near Warren Drive,E01025383,Rossendale 003F,Vehicle crime,Status update unavailable,
427ff18a6b0198a4a556f4d62f3694cb60ca7e0f6dd9bd823ed639254aa8d9cf,2019-02,Lancashire Constabulary,Lancashire Constabulary,-2.196720,53.694506,On or near Mersey Street,E01025383,Rossendale 003F,Violence and sexual offences,Unable to prosecute suspect,
7f31568757fe4362732dc443d8d822564511c61a23cda4482321077eae6fc7d9,2019-02,Lancashire Constabulary,Lancashire Constabulary,-2.189321,53.699255,On or near Siskin Avenue,E01025383,Rossendale 003F,Violence and sexual offences,Status update unavailable,
8db2114559c0960a804aaac66e2c5aaa3ff11eda6f52152690245ba5d7109b8c,2019-02,Lancashire Constabulary,Lancashire Constabulary,-2.196480,53.691675,On or near Height Barn Lane,E01025383,Rossendale 003F,Violence and sexual offences,Unable to prosecute suspect,
eff8deac5225e04215e0b3b2ffa7942122df0007564208a82534a19cdf0e907d,2019-02,Lancashire Constabulary,Lancashire Constabulary,-2.196480,53.691675,On or near Height Barn Lane,E01025383,Rossendale 003F,Violence and sexual offences,Unable to prosecute suspect,
da98452f03da9a0ef4b7586c257830ef71b7cf5012d96cf0ce8277b2afb9fb1d,2019-02,Lancashire Constabulary,Lancashire Constabulary,-2.189321,53.699255,On or near Siskin Avenue,E01025383,Rossendale 003F,Violence and sexual offences,Unable to prosecute suspect,
fd54458e7a0cc9ed076cfe95d56046ab5bcf9eea299135af68e63223466959d4,2019-02,Lancashire Constabulary,Lancashire Constabulary,-2.196720,53.694506,On or near Mersey Street,E01025383,Rossendale 003F,Violence and sexual offences,Unable to prosecute suspect,
d903f5cd1e6aad4f6da1ed1972fc0cc806f8dccfcd0dd7aee3e5810df1cc01c3,2019-02,Lancashire Constabulary,Lancashire Constabulary,-2.178895,53.690975,On or near Warren Drive,E01025383,Rossendale 003F,Other crime,Unable to prosecute suspect,
d4eceacd2c92e360edafbb4b43b6b837c044f1a1896ad44c67e1dc47d4e6897a,2019-02,Lancashire Constabulary,Lancashire Constabulary,-2.177455,53.690510,On or near Edge Lane,E01025383,Rossendale 003F,Other crime,Status update unavailable,
,2019-02,Lancashire Constabulary,Lancashire Constabulary,-2.283989,53.704389,On or near Parking Area,E01025356,Rossendale 004A,Anti-social behaviour,,
,2019-02,Lancashire Constabulary,Lancashire Constabulary,-2.290089,53.712481,On or near Sunny Lea Street,E01025356,Rossendale 004A,Anti-social behaviour,,
,2019-02,Lancashire Constabulary,Lancashire Constabulary,-2.283989,53.704389,On or near Parking Area,E01025356,Rossendale 004A,Anti-social behaviour,,
,2019-02,Lancashire Constabulary,Lancashire Constabulary,-2.289926,53.708662,On or near Margaret Street,E01025356,Rossendale 004A,Anti-social behaviour,,
d18f98772e442f37fce7afdf6a9f374f56d8754ea5c9eaf59335da10011bab9b,2019-02,Lancashire Constabulary,Lancashire Constabulary,-2.289101,53.707567,On or near Elm Street,E01025356,Rossendale 004A,Burglary,Status update unavailable,
5079cf4df49e0a526177b4180cb3755fc352c72da581423e411570337d5501d1,2019-02,Lancashire Constabulary,Lancashire Constabulary,-2.291380,53.708568,On or near Collinge Fold Lane,E01025356,Rossendale 004A,Burglary,Status update unavailable,
7358fc88f7e7f6e4224feb3992c097e5723ba38f8b699318dfafe70596ef8f8f,2019-02,Lancashire Constabulary,Lancashire Constabulary,-2.288754,53.705582,On or near Beech Street,E01025356,Rossendale 004A,Burglary,Status update unavailable,
39d1d0e7f0eb65d3ad2c5578fcecbeaabdf30adc9aba197d81dc6d1d54b767f8,2019-02,Lancashire Constabulary,Lancashire Constabulary,-2.290537,53.707141,On or near Holland Avenue,E01025356,Rossendale 004A,Burglary,Unable to prosecute suspect,
4cbdc76f4750a14e6df7e52399bed0c92bbe55391b6ba33eaf6970f2c96c420e,2019-02,Lancashire Constabulary,Lancashire Constabulary,-2.289101,53.707567,On or near Elm Street,E01025356,Rossendale 004A,Criminal damage and arson,Local resolution,
2042b9f89029372ed16b682a5cfe0b7e9fab262704cffd2d1f79798a16dd2345,2019-02,Lancashire Constabulary,Lancashire Constabulary,-2.286428,53.704428,On or near Haslingden Old Road,E01025356,Rossendale 004A,Criminal damage and arson,Status update unavailable,
0f8c0d2eb1601a2bd846e7d8b4ee80b94e8308a99f3b067ae7a94be54efd6130,2019-02,Lancashire Constabulary,Lancashire Constabulary,-2.288806,53.706606,On or near Prospect Road,E01025356,Rossendale 004A,Criminal damage and arson,Local resolution,
2888610f7e30c40dcb4c6dea545f010dc7d4139c596ce762d8e5ee5f09f26032,2019-02,Lancashire Constabulary,Lancashire Constabulary,-2.288806,53.706606,On or near Prospect Road,E01025356,Rossendale 004A,Criminal damage and arson,Unable to prosecute suspect,
7ffbea2f343c42ef59867909369ab0f17ce804bb5940dffcb7ebb94e5537d4d9,2019-02,Lancashire Constabulary,Lancashire Constabulary,-2.286428,53.704428,On or near Haslingden Old Road,E01025356,Rossendale 004A,Other theft,Status update unavailable,
b0205b4321f83a8752cd80745cb32080f7df14a0a170335e4e187bfaee791fcc,2019-02,Lancashire Constabulary,Lancashire Constabulary,-2.286428,53.704428,On or near Haslingden Old Road,E01025356,Rossendale 004A,Other theft,Status update unavailable,
49b5e7766ae61ab6d6abff561f11313951bc5e817590c1e5f764af262f5c28e4,2019-02,Lancashire Constabulary,Lancashire Constabulary,-2.288190,53.705161,On or near Greenfield Street,E01025356,Rossendale 004A,Other theft,Status update unavailable,
fcdde3234fd3a4aba3de1a385351156befc40cc485662b1475a58c35a042261a,2019-02,Lancashire Constabulary,Lancashire Constabulary,-2.283989,53.704389,On or near Parking Area,E01025356,Rossendale 004A,Robbery,Unable to prosecute suspect,
482124e7e8c3474b5a331a3f46927f8a1fd2b8afaa7648860e11295928c3a110,2019-02,Lancashire Constabulary,Lancashire Constabulary,-2.287663,53.707723,On or near Park/Open Space,E01025356,Rossendale 004A,Shoplifting,Formal action is not in the public interest,
2e77200c7477b559bfc75576437bcfef0739d08dc14e6a5dce85d04a74e1bf7a,2019-02,Lancashire Constabulary,Lancashire Constabulary,-2.283989,53.704389,On or near Parking Area,E01025356,Rossendale 004A,Vehicle crime,Unable to prosecute suspect,
959c28167018636e303f6daa7618bc358b5515155579e0657f4dedeaaf3c6827,2019-02,Lancashire Constabulary,Lancashire Constabulary,-2.289697,53.708312,On or near Alexandria Street,E01025356,Rossendale 004A,Vehicle crime,Further investigation is not in the public interest,
4b9006e082d8524642ed1e97775a43774ab3d4a9bd52aaed9282175d40cec552,2019-02,Lancashire Constabulary,Lancashire Constabulary,-2.288806,53.706606,On or near Prospect Road,E01025356,Rossendale 004A,Violence and sexual offences,Status update unavailable,
,2019-02,Lancashire Constabulary,Lancashire Constabulary,-2.282349,53.701453,On or near Sports/Recreation Area,E01025373,Rossendale 004C,Anti-social behaviour,,
,2019-02,Lancashire Constabulary,Lancashire Constabulary,-2.286756,53.701317,On or near Shopping Area,E01025373,Rossendale 004C,Anti-social behaviour,,
c2f51de22fad03f027894902d175bbfed17ff373e5133432274a2255cc9abce6,2019-02,Lancashire Constabulary,Lancashire Constabulary,-2.274224,53.702928,On or near Sports/Recreation Area,E01025373,Rossendale 004C,Burglary,Status update unavailable,
a336eb9874dee8424136bea61e85f91758bd62918b9db38828b32e073b74a488,2019-02,Lancashire Constabulary,Lancashire Constabulary,-2.284452,53.701152,On or near Lord Street,E01025373,Rossendale 004C,Criminal damage and arson,Status update unavailable,
cbcd51affc4037df0cad22879cd6951c11ece29ba4b6557c3c6259f0974ad38f,2019-02,Lancashire Constabulary,Lancashire Constabulary,-2.274224,53.702928,On or near Sports/Recreation Area,E01025373,Rossendale 004C,Public order,Status update unavailable,
4f1cac3a65f24fcf78e8b7488a5789ba8020203f44f9794d166a5799a5925e25,2019-02,Lancashire Constabulary,Lancashire Constabulary,-2.285457,53.704125,On or near Barlow Street,E01025373,Rossendale 004C,Public order,Further investigation is not in the public interest,
e5b79f7520d2f60babca90ba3d9cacf0936cff6eccf8d3cf66d58fa79ef1487b,2019-02,Lancashire Constabulary,Lancashire Constabulary,-2.284082,53.702402,On or near Grange Crescent,E01025373,Rossendale 004C,Violence and sexual offences,Unable to prosecute suspect,
38a4ff9161cdca5222c548a8f4abf794fc43e394d2af8463ee4ffe6445c60d53,2019-02,Lancashire Constabulary,Lancashire Constabulary,-2.279092,53.701515,On or near Sports/Recreation Area,E01025373,Rossendale 004C,Violence and sexual offences,Further investigation is not in the public interest,
,2019-02,Lancashire Constabulary,Lancashire Constabulary,-2.291779,53.693980,On or near Heather Bank,E01025385,Rossendale 004D,Anti-social behaviour,,
f3bd63af026f0d447d3bfa5e2ce389d58a11b0f8deb7c0c15af4b4c1937b6e69,2019-02,Lancashire Constabulary,Lancashire Constabulary,-2.291530,53.692992,On or near Linden Lea,E01025385,Rossendale 004D,Criminal damage and arson,Awaiting court outcome,
b7c428cff103bbc2253525324289a7afba546d60b83ff1aa152312bf18a21909,2019-02,Lancashire Constabulary,Lancashire Constabulary,-2.291779,53.693980,On or near Heather Bank,E01025385,Rossendale 004D,Public order,Unable to prosecute suspect,
f01208847729bea9edcda7f7c20d230ea9cb35b54153edda7710d3d6bb11eb93,2019-02,Lancashire Constabulary,Lancashire Constabulary,-2.285788,53.697077,On or near Fallbarn Crescent,E01025385,Rossendale 004D,Violence and sexual offences,Unable to prosecute suspect,
092918e38be88532fecf67fc109d40782ad7268df44b0c7c0f672c0d6731fa99,2019-02,Lancashire Constabulary,Lancashire Constabulary,-2.287712,53.695032,On or near Dearden Nook,E01025385,Rossendale 004D,Violence and sexual offences,Formal action is not in the public interest,
ac24eac2560280c6a91ea196f68b955e084232f441adfce4bfdc8b5b53a71193,2019-02,Lancashire Constabulary,Lancashire Constabulary,-2.291530,53.692992,On or near Linden Lea,E01025385,Rossendale 004D,Violence and sexual offences,Unable to prosecute suspect,
ad63f10af73a8dc05c11c91f16fc2574861355b948e8244c544a6334690e793c,2019-02,Lancashire Constabulary,Lancashire Constabulary,-2.287712,53.695032,On or near Dearden Nook,E01025385,Rossendale 004D,Violence and sexual offences,Unable to prosecute suspect,
4c98b74b4f312adea2f81344ee0c74f898e9e20dad8488b2a6b407ccb6842c84,2019-02,Lancashire Constabulary,Lancashire Constabulary,-2.287712,53.695032,On or near Dearden Nook,E01025385,Rossendale 004D,Violence and sexual offences,Status update unavailable,
b8abf9d36dc014c90689b485386a4bc4dec35d904f965ce230e561ff9c2f5573,2019-02,Lancashire Constabulary,Lancashire Constabulary,-2.287712,53.695032,On or near Dearden Nook,E01025385,Rossendale 004D,Other crime,Status update unavailable,
4ffae3549ed2699a5333d1f113d1c552c89db9363c9f52a3b1767197d3cdca09,2019-02,Lancashire Constabulary,Lancashire Constabulary,-2.287712,53.695032,On or near Dearden Nook,E01025385,Rossendale 004D,Other crime,Formal action is not in the public interest,
e7c71378b6db2d36ea1b7f3ec9d7198bbc4adddcce548f9f95a857d084242cb5,2019-02,Lancashire Constabulary,Lancashire Constabulary,-2.307167,53.696296,On or near Park/Open Space,E01025387,Rossendale 004F,Drugs,Local resolution,
6becd60a581e7b2c6f506de068564df1ffbc2a1e609bbd11fd4b8f013948d645,2019-02,Lancashire Constabulary,Lancashire Constabulary,-2.290817,53.703743,On or near Unity Way,E01025387,Rossendale 004F,Other theft,Status update unavailable,
384ac4527caec6c078aa1aafa33e5caa1ddf3d0f23bd3aa29544f6f964a8318e,2019-02,Lancashire Constabulary,Lancashire Constabulary,-2.290606,53.701784,On or near Schofield Road,E01025387,Rossendale 004F,Other theft,Status update unavailable,
66ef588595f0e7104bad844aad98f3ff5b8de65efdfbd90b9437cdbb528d5f9b,2019-02,Lancashire Constabulary,Lancashire Constabulary,-2.307167,53.696296,On or near Park/Open Space,E01025387,Rossendale 004F,Violence and sexual offences,Action to be taken by another organisation,
27014ed9b7a570172bf11ecd3bd06f3a73211ce18b5f16bd6b2de299b4ee0203,2019-02,Lancashire Constabulary,Lancashire Constabulary,-2.290606,53.701784,On or near Schofield Road,E01025387,Rossendale 004F,Violence and sexual offences,Further investigation is not in the public interest,
b76ef55065001ede95abadf28f439be6479bf683425b096c8ae6afc458700252,2019-02,Lancashire Constabulary,Lancashire Constabulary,-2.291816,53.701530,On or near Hargreaves Drive,E01025387,Rossendale 004F,Violence and sexual offences,Unable to prosecute suspect,
,2019-02,Lancashire Constabulary,Lancashire Constabulary,-2.293635,53.697373,On or near New Hall Hey Road,E01033281,Rossendale 004G,Anti-social behaviour,,
,2019-02,Lancashire Constabulary,Lancashire Constabulary,-2.291413,53.700164,On or near Conference/Exhibition Centre,E01033281,Rossendale 004G,Anti-social behaviour,,
,2019-02,Lancashire Constabulary,Lancashire Constabulary,-2.291413,53.700164,On or near Conference/Exhibition Centre,E01033281,Rossendale 004G,Anti-social behaviour,,
,2019-02,Lancashire Constabulary,Lancashire Constabulary,-2.286399,53.702424,On or near St Mary'S Way,E01033281,Rossendale 004G,Anti-social behaviour,,
,2019-02,Lancashire Constabulary,Lancashire Constabulary,-2.290537,53.700562,On or near Gordon Street,E01033281,Rossendale 004G,Anti-social behaviour,,
,2019-02,Lancashire Constabulary,Lancashire Constabulary,-2.291413,53.700164,On or near Conference/Exhibition Centre,E01033281,Rossendale 004G,Anti-social behaviour,,
,2019-02,Lancashire Constabulary,Lancashire Constabulary,-2.291413,53.700164,On or near Conference/Exhibition Centre,E01033281,Rossendale 004G,Anti-social behaviour,,
,2019-02,Lancashire Constabulary,Lancashire Constabulary,-2.287596,53.700246,On or near Queen Street,E01033281,Rossendale 004G,Anti-social behaviour,,
,2019-02,Lancashire Constabulary,Lancashire Constabulary,-2.299797,53.701321,On or near Cedar Avenue,E01033281,Rossendale 004G,Anti-social behaviour,,
,2019-02,Lancashire Constabulary,Lancashire Constabulary,-2.273020,53.699345,On or near Victoria Way,E01033281,Rossendale 004G,Anti-social behaviour,,
,2019-02,Lancashire Constabulary,Lancashire Constabulary,-2.299641,53.700674,On or near Parkwood Court,E01033281,Rossendale 004G,Anti-social behaviour,,
,2019-02,Lancashire Constabulary,Lancashire Constabulary,-2.299797,53.701321,On or near Cedar Avenue,E01033281,Rossendale 004G,Anti-social behaviour,,
,2019-02,Lancashire Constabulary,Lancashire Constabulary,-2.293635,53.697373,On or near New Hall Hey Road,E01033281,Rossendale 004G,Anti-social behaviour,,
,2019-02,Lancashire Constabulary,Lancashire Constabulary,-2.290537,53.700562,On or near Gordon Street,E01033281,Rossendale 004G,Anti-social behaviour,,
,2019-02,Lancashire Constabulary,Lancashire Constabulary,-2.291413,53.700164,On or near Conference/Exhibition Centre,E01033281,Rossendale 004G,Anti-social behaviour,,
,2019-02,Lancashire Constabulary,Lancashire Constabulary,-2.291413,53.700164,On or near Conference/Exhibition Centre,E01033281,Rossendale 004G,Anti-social behaviour,,
,2019-02,Lancashire Constabulary,Lancashire Constabulary,-2.283461,53.700246,On or near Cape Street,E01033281,Rossendale 004G,Anti-social behaviour,,
,2019-02,Lancashire Constabulary,Lancashire Constabulary,-2.291413,53.700164,On or near Conference/Exhibition Centre,E01033281,Rossendale 004G,Anti-social behaviour,,
,2019-02,Lancashire Constabulary,Lancashire Constabulary,-2.291413,53.700164,On or near Conference/Exhibition Centre,E01033281,Rossendale 004G,Anti-social behaviour,,
,2019-02,Lancashire Constabulary,Lancashire Constabulary,-2.291413,53.700164,On or near Conference/Exhibition Centre,E01033281,Rossendale 004G,Anti-social behaviour,,
,2019-02,Lancashire Constabulary,Lancashire Constabulary,-2.286399,53.702424,On or near St Mary'S Way,E01033281,Rossendale 004G,Anti-social behaviour,,
,2019-02,Lancashire Constabulary,Lancashire Constabulary,-2.291413,53.700164,On or near Conference/Exhibition Centre,E01033281,Rossendale 004G,Anti-social behaviour,,
,2019-02,Lancashire Constabulary,Lancashire Constabulary,-2.271690,53.699905,On or near Eastwood Crescent,E01033281,Rossendale 004G,Anti-social behaviour,,
,2019-02,Lancashire Constabulary,Lancashire Constabulary,-2.291413,53.700164,On or near Conference/Exhibition Centre,E01033281,Rossendale 004G,Anti-social behaviour,,
,2019-02,Lancashire Constabulary,Lancashire Constabulary,-2.286399,53.702424,On or near St Mary'S Way,E01033281,Rossendale 004G,Anti-social behaviour,,
,2019-02,Lancashire Constabulary,Lancashire Constabulary,-2.286399,53.702424,On or near St Mary'S Way,E01033281,Rossendale 004G,Anti-social behaviour,,
,2019-02,Lancashire Constabulary,Lancashire Constabulary,-2.287883,53.702348,On or near Holly Mount Way,E01033281,Rossendale 004G,Anti-social behaviour,,
,2019-02,Lancashire Constabulary,Lancashire Constabulary,-2.291413,53.700164,On or near Conference/Exhibition Centre,E01033281,Rossendale 004G,Anti-social behaviour,,
,2019-02,Lancashire Constabulary,Lancashire Constabulary,-2.286218,53.700294,On or near Longholme Road,E01033281,Rossendale 004G,Anti-social behaviour,,
70524b5a12389ad0c7843f05b7e6f229f5e79ac25007466f37759ce54a676cb7,2019-02,Lancashire Constabulary,Lancashire Constabulary,-2.276545,53.701072,On or near Rose Vale Street,E01033281,Rossendale 004G,Burglary,Status update unavailable,
32d6e5a95b744ffe83ce7d03cbd3d1f9217f41da6e8765db400c8b76200da472,2019-02,Lancashire Constabulary,Lancashire Constabulary,-2.286218,53.700294,On or near Longholme Road,E01033281,Rossendale 004G,Burglary,Status update unavailable,
170d0deaf57c8779e2a40b90f55c14128ae72b07aa339d07f546f8f6032eb356,2019-02,Lancashire Constabulary,Lancashire Constabulary,-2.299641,53.700674,On or near Parkwood Court,E01033281,Rossendale 004G,Criminal damage and arson,Unable to prosecute suspect,
5acd7e7ee8c7d6d27be91508e3689b9769a0f347925f22ebc824cb5689e4803d,2019-02,Lancashire Constabulary,Lancashire Constabulary,-2.299163,53.699507,On or near Mount Pleasant,E01033281,Rossendale 004G,Criminal damage and arson,Status update unavailable,
2857bea022711397ac7c81ccfc72e334aac964c16d5b595f1622710aec7902d3,2019-02,Lancashire Constabulary,Lancashire Constabulary,-2.291413,53.700164,On or near Conference/Exhibition Centre,E01033281,Rossendale 004G,Criminal damage and arson,Status update unavailable,
60a8e169671e905c78f7348d6fb62a8661c67db04a7c68b7b5474a0d2295c6a8,2019-02,Lancashire Constabulary,Lancashire Constabulary,-2.282817,53.698981,On or near Yarraville Street,E01033281,Rossendale 004G,Criminal damage and arson,Unable to prosecute suspect,
fd243ee6a0a996b4560f57fe0281003a537524ff6f6bf64dc880a34c798d0be8,2019-02,Lancashire Constabulary,Lancashire Constabulary,-2.287596,53.700246,On or near Queen Street,E01033281,Rossendale 004G,Criminal damage and arson,Unable to prosecute suspect,
490a6fd38b63eebe0b97fbbf758060863117d9c60facf8fde9b7d0a6b3c58bcc,2019-02,Lancashire Constabulary,Lancashire Constabulary,-2.291413,53.700164,On or near Conference/Exhibition Centre,E01033281,Rossendale 004G,Criminal damage and arson,Status update unavailable,
3021faf751b67d1d0f79976d592dd2d052d6118a57841bc3dd7493cd98359f38,2019-02,Lancashire Constabulary,Lancashire Constabulary,-2.299641,53.700674,On or near Parkwood Court,E01033281,Rossendale 004G,Criminal damage and arson,Unable to prosecute suspect,
e482a9cd1343485218811c6e9aeccc850d9a8b626384d68881c0b402e4a5109a,2019-02,Lancashire Constabulary,Lancashire Constabulary,-2.264382,53.693819,On or near Lench Road,E01033281,Rossendale 004G,Drugs,Further investigation is not in the public interest,
1d962d259ac164d83d793ec18930a05b39cde31d2745ba410479faa006f43f05,2019-02,Lancashire Constabulary,Lancashire Constabulary,-2.286218,53.700294,On or near Longholme Road,E01033281,Rossendale 004G,Other theft,Unable to prosecute suspect,
dd56f6714a2d620c19a3ccdc01f9f5b0097cf0636b08ef2d1945e733f58d35cf,2019-02,Lancashire Constabulary,Lancashire Constabulary,-2.288962,53.700584,On or near Petrol Station,E01033281,Rossendale 004G,Other theft,Unable to prosecute suspect,
51ef9ad4fd8bf307526ade4e2bcaa95a21f715c2e7cd5d460cfb79e9a66f1c72,2019-02,Lancashire Constabulary,Lancashire Constabulary,-2.264382,53.693819,On or near Lench Road,E01033281,Rossendale 004G,Other theft,Status update unavailable,
e473b29ac5c9c366f17407ac5559f71fe405c89890ccf9144b8cbf4284518e67,2019-02,Lancashire Constabulary,Lancashire Constabulary,-2.276545,53.701072,On or near Rose Vale Street,E01033281,Rossendale 004G,Other theft,Status update unavailable,
ed7c35c75420155b1fa328302a4629da3d805529c862e4ffe479eafe3e58cd9f,2019-02,Lancashire Constabulary,Lancashire Constabulary,-2.286399,53.702424,On or near St Mary'S Way,E01033281,Rossendale 004G,Other theft,Offender given penalty notice,
311f5eaa01ec70802d560a083c9dd80a3b6af81684e7461d2228922adf9ec6ac,2019-02,Lancashire Constabulary,Lancashire Constabulary,-2.288827,53.700800,On or near St Mary'S Terrace,E01033281,Rossendale 004G,Other theft,Status update unavailable,
c6c798bea837fdd474e3b5e55dfca489f1468f159618b490c5bb1c6b0ec5bbbc,2019-02,Lancashire Constabulary,Lancashire Constabulary,-2.288962,53.700584,On or near Petrol Station,E01033281,Rossendale 004G,Other theft,Status update unavailable,
fa63343002db93022cdc75ef14df598b7013b58a83065daf4fec81c399ab4f74,2019-02,Lancashire Constabulary,Lancashire Constabulary,-2.299163,53.699507,On or near Mount Pleasant,E01033281,Rossendale 004G,Other theft,Awaiting court outcome,
d4828fc4293e38e828f962341df172055eba0bccd04a8e819687cf6f236bd9b7,2019-02,Lancashire Constabulary,Lancashire Constabulary,-2.287596,53.700246,On or near Queen Street,E01033281,Rossendale 004G,Possession of weapons,Local resolution,
3da5f652182daaeac62f537c934861ba9c0290fbedc8c59afc18c7d8e8559696,2019-02,Lancashire Constabulary,Lancashire Constabulary,-2.291413,53.700164,On or near Conference/Exhibition Centre,E01033281,Rossendale 004G,Public order,Status update unavailable,
e32a139128a81a1b587f67c0736e1c61b59548201101866e9f25463d1cd5d548,2019-02,Lancashire Constabulary,Lancashire Constabulary,-2.291413,53.700164,On or near Conference/Exhibition Centre,E01033281,Rossendale 004G,Public order,Status update unavailable,
3c6819a8ade1bd029ad3060c4cf80d3a5618a5768dabc2d58dc6d5cba431a6cf,2019-02,Lancashire Constabulary,Lancashire Constabulary,-2.286399,53.702424,On or near St Mary'S Way,E01033281,Rossendale 004G,Public order,Status update unavailable,
41dd54cf41208593cf556ee416547d78140efed1d6a5ac4c7a81e73d955c760c,2019-02,Lancashire Constabulary,Lancashire Constabulary,-2.291413,53.700164,On or near Conference/Exhibition Centre,E01033281,Rossendale 004G,Public order,Status update unavailable,
2b0f127baf72564dfba35edca1460bdc6f2be1e3d409e46fca5ec0fdb7a5bd18,2019-02,Lancashire Constabulary,Lancashire Constabulary,-2.286399,53.702424,On or near St Mary'S Way,E01033281,Rossendale 004G,Public order,Status update unavailable,
f7bf5e3bf65021238fdc1b3d61d5bf700257a0c8ff1c8b92a2feec06d80c2eca,2019-02,Lancashire Constabulary,Lancashire Constabulary,-2.287596,53.700246,On or near Queen Street,E01033281,Rossendale 004G,Public order,Formal action is not in the public interest,
7a0fe82e3806d2783b51206726e8d305f928be076cde7fdf5801d409942630dd,2019-02,Lancashire Constabulary,Lancashire Constabulary,-2.290105,53.697148,On or near Parking Area,E01033281,Rossendale 004G,Robbery,Awaiting court outcome,
ca25f041e03b76228884ee39f4132d488a30ddfa2fe858460c4030a697a85ff1,2019-02,Lancashire Constabulary,Lancashire Constabulary,-2.286399,53.702424,On or near St Mary'S Way,E01033281,Rossendale 004G,Shoplifting,Awaiting court outcome,
fdbfa6d82e7d00a89c7079050e3c38ff1dfdc21d1b62d30d6738105a909d7c5b,2019-02,Lancashire Constabulary,Lancashire Constabulary,-2.286399,53.702424,On or near St Mary'S Way,E01033281,Rossendale 004G,Shoplifting,Status update unavailable,
09f175815d7b2ffb192d7c990b06203b99cda5138909bb10c379299969c0923d,2019-02,Lancashire Constabulary,Lancashire Constabulary,-2.286399,53.702424,On or near St Mary'S Way,E01033281,Rossendale 004G,Shoplifting,Status update unavailable,
bb26b05eb6b22da8c46cc820a5eeb3fce47fdd85e923701168aec15f2b04162b,2019-02,Lancashire Constabulary,Lancashire Constabulary,-2.293635,53.697373,On or near New Hall Hey Road,E01033281,Rossendale 004G,Shoplifting,Status update unavailable,
fdcba4c336bd1c3a1d76be8bfcd10b7192f852d2596e841499719048cef3dc3f,2019-02,Lancashire Constabulary,Lancashire Constabulary,-2.286399,53.702424,On or near St Mary'S Way,E01033281,Rossendale 004G,Shoplifting,Unable to prosecute suspect,
c1aa9742454e2ecb999c2e421569a569a1041243cb454308bc893342cdd25868,2019-02,Lancashire Constabulary,Lancashire Constabulary,-2.286399,53.702424,On or near St Mary'S Way,E01033281,Rossendale 004G,Shoplifting,Local resolution,
f40628b7d1ec4b9fa5999976c19018f35ce26d31213487517603b161f815caee,2019-02,Lancashire Constabulary,Lancashire Constabulary,-2.286399,53.702424,On or near St Mary'S Way,E01033281,Rossendale 004G,Shoplifting,Status update unavailable,
6262753f0e07e91e9d3399e06fc80bfd26f3c28d5efcd061f6dd10b15d65016f,2019-02,Lancashire Constabulary,Lancashire Constabulary,-2.298528,53.699644,On or near Whitaker Green,E01033281,Rossendale 004G,Shoplifting,Awaiting court outcome,
b03459d3154a5a93a5922719bf7687388659d83a217c3691d7e7d197da8e3878,2019-02,Lancashire Constabulary,Lancashire Constabulary,-2.286399,53.702424,On or near St Mary'S Way,E01033281,Rossendale 004G,Shoplifting,Awaiting court outcome,
8eedf5b4becdf75d5068a8f3b249359560431432d5015be8a2acee535f85bca1,2019-02,Lancashire Constabulary,Lancashire Constabulary,-2.286399,53.702424,On or near St Mary'S Way,E01033281,Rossendale 004G,Shoplifting,Awaiting court outcome,
ed1c1e44c0c7be748b676864e9d06f30fdff11b587a6b6a706f3c89ad77befb7,2019-02,Lancashire Constabulary,Lancashire Constabulary,-2.286399,53.702424,On or near St Mary'S Way,E01033281,Rossendale 004G,Violence and sexual offences,Unable to prosecute suspect,
0e85cae2472b619579999073b1b1f68f012826d8d068b5dbb17be8b1b1cd6a74,2019-02,Lancashire Constabulary,Lancashire Constabulary,-2.271690,53.699905,On or near Eastwood Crescent,E01033281,Rossendale 004G,Violence and sexual offences,Status update unavailable,
c79c6752cd21bf64309953592444325f732261219eb5a4290d5aaf94d6dd1c24,2019-02,Lancashire Constabulary,Lancashire Constabulary,-2.291413,53.700164,On or near Conference/Exhibition Centre,E01033281,Rossendale 004G,Violence and sexual offences,Status update unavailable,
c7b748e45b0822a669cf4d488fad36ccd57e15f7d77b74e28b2572ff15236939,2019-02,Lancashire Constabulary,Lancashire Constabulary,-2.282817,53.698981,On or near Yarraville Street,E01033281,Rossendale 004G,Violence and sexual offences,Unable to prosecute suspect,
9453f78b2ed1c252609e4b37b7d42430214f598acda36809331d6ed6690d8a49,2019-02,Lancashire Constabulary,Lancashire Constabulary,-2.282817,53.698981,On or near Yarraville Street,E01033281,Rossendale 004G,Violence and sexual offences,Unable to prosecute suspect,
4696fd45f6f8b64c9b5db524c959b587b5a8a24ecd76434d2d7a5864f4b71fad,2019-02,Lancashire Constabulary,Lancashire Constabulary,-2.269431,53.699524,On or near Peel Street,E01033281,Rossendale 004G,Violence and sexual offences,Status update unavailable,
eb907885345489b7f3d060e2fc8a8388a62c23e4602ff98123a439c1499a364a,2019-02,Lancashire Constabulary,Lancashire Constabulary,-2.291413,53.700164,On or near Conference/Exhibition Centre,E01033281,Rossendale 004G,Violence and sexual offences,Status update unavailable,
ce2a9be6e79cc5d2ba862fecf902b3ab69e140543de4186d1abfef260b8adc53,2019-02,Lancashire Constabulary,Lancashire Constabulary,-2.291413,53.700164,On or near Conference/Exhibition Centre,E01033281,Rossendale 004G,Violence and sexual offences,Status update unavailable,
a9fdc0a39a230afb5ce02d9087ce282b9ce85e77ab49a9814aa86792f7cbf048,2019-02,Lancashire Constabulary,Lancashire Constabulary,-2.291413,53.700164,On or near Conference/Exhibition Centre,E01033281,Rossendale 004G,Violence and sexual offences,Status update unavailable,
c6594ad1f82dc90e213fceeef6eac5fafb131497c7f32efcc19fb9415ec09480,2019-02,Lancashire Constabulary,Lancashire Constabulary,-2.291413,53.700164,On or near Conference/Exhibition Centre,E01033281,Rossendale 004G,Violence and sexual offences,Status update unavailable,
,2019-02,Lancashire Constabulary,Lancashire Constabulary,-2.326942,53.683876,On or near New Barn,E01025377,Rossendale 007A,Anti-social behaviour,,
,2019-02,Lancashire Constabulary,Lancashire Constabulary,-2.326942,53.683876,On or near New Barn,E01025377,Rossendale 007A,Anti-social behaviour,,
a842ef292d5480256ed168f83ac8dc0a7aed38537cfef02f4a33c6928b33f229,2019-02,Lancashire Constabulary,Lancashire Constabulary,-2.330183,53.685997,On or near West View,E01025377,Rossendale 007A,Violence and sexual offences,Unable to prosecute suspect,
,2019-02,Lancashire Constabulary,Lancashire Constabulary,-2.338032,53.688555,On or near Park Street,E01025378,Rossendale 007B,Anti-social behaviour,,
b22c02420c0c8dc8c23e26f84fec852aceef7704634606b9a2bb95a056fa275f,2019-02,Lancashire Constabulary,Lancashire Constabulary,-2.340219,53.694957,On or near Grange Park Way,E01025378,Rossendale 007B,Burglary,Status update unavailable,
dabe17261be81a1cba9fa09bd555e00195f340f7ba73a105db2fa5d0f757bfb6,2019-02,Lancashire Constabulary,Lancashire Constabulary,-2.340209,53.686257,On or near Musbury Road,E01025378,Rossendale 007B,Violence and sexual offences,Status update unavailable,
,2019-02,Lancashire Constabulary,Lancashire Constabulary,-2.324421,53.690822,On or near Raven Croft,E01025379,Rossendale 007C,Anti-social behaviour,,
,2019-02,Lancashire Constabulary,Lancashire Constabulary,-2.324421,53.690822,On or near Raven Croft,E01025379,Rossendale 007C,Anti-social behaviour,,
9f966dc69ec41e3f6b15c11063ad935bb5732fc15f05e5f6cd7d6e2ebc8ebca6,2019-02,Lancashire Constabulary,Lancashire Constabulary,-2.324549,53.689716,On or near Broadway,E01025379,Rossendale 007C,Burglary,Status update unavailable,
b3ac093a4894a0afdea4aa91a8982bdb0f876407b5c21ea04d30441abe173261,2019-02,Lancashire Constabulary,Lancashire Constabulary,-2.322981,53.690655,On or near Somerset Walk,E01025379,Rossendale 007C,Criminal damage and arson,Status update unavailable,
2d69989a5f8912c3ef33e1e693f33edaad87b66ec5a6f6c715a31e78ee12c879,2019-02,Lancashire Constabulary,Lancashire Constabulary,-2.327494,53.692584,On or near York Avenue,E01025379,Rossendale 007C,Criminal damage and arson,Unable to prosecute suspect,
02a453cab5d1d00e4aa9d8cba1c5d0c13134369639caa17ab033c78edeb47112,2019-02,Lancashire Constabulary,Lancashire Constabulary,-2.326688,53.692236,On or near Sussex Drive,E01025379,Rossendale 007C,Other theft,Unable to prosecute suspect,
2485aad99230649c279d35f9b7c34080082436c231c4b385556a7bd510baa258,2019-02,Lancashire Constabulary,Lancashire Constabulary,-2.321881,53.691350,On or near Devon Crescent,E01025379,Rossendale 007C,Vehicle crime,Status update unavailable,
271c357a437731ed6c688fa4d79e077cb385820a07460f63fc4a5cdd4c27cc76,2019-02,Lancashire Constabulary,Lancashire Constabulary,-2.321881,53.691350,On or near Devon Crescent,E01025379,Rossendale 007C,Vehicle crime,Status update unavailable,
8e26325936c928e3ca47739a56c69054d955fea35a539cdf40fbec31be451e31,2019-02,Lancashire Constabulary,Lancashire Constabulary,-2.326060,53.691222,On or near Lancaster Avenue,E01025379,Rossendale 007C,Violence and sexual offences,Unable to prosecute suspect,
f9ec2a64b850f50cb1d804bf1cf1f4f127d81eeb7e731cfaa37c380982969707,2019-02,Lancashire Constabulary,Lancashire Constabulary,-2.326060,53.691222,On or near Lancaster Avenue,E01025379,Rossendale 007C,Violence and sexual offences,Unable to prosecute suspect,
b789aaf0c30cbae4bbbc0f052aa290488b9cb3d1e260c135c16dd6331c317cf6,2019-02,Lancashire Constabulary,Lancashire Constabulary,-2.324549,53.689716,On or near Broadway,E01025379,Rossendale 007C,Violence and sexual offences,Unable to prosecute suspect,
5d10d621c7672bdb46ab27c228bf15c364a6412478ae0895a6e62a5fd87d5c6b,2019-02,Lancashire Constabulary,Lancashire Constabulary,-2.326060,53.691222,On or near Lancaster Avenue,E01025379,Rossendale 007C,Violence and sexual offences,Status update unavailable,
083dbfcb056e08761756997053eda94a4ca02f610d0d26be8e417c3eeb1fbedf,2019-02,Lancashire Constabulary,Lancashire Constabulary,-2.334761,53.692402,On or near Crocus Close,E01025380,Rossendale 007D,Burglary,Status update unavailable,
5192cc1110fbc92d385c8a18de37897b6bfe0a3849a0b33fa36ea196a7f62ea0,2019-02,Lancashire Constabulary,Lancashire Constabulary,-2.329861,53.687400,On or near Rhodes Avenue,E01025380,Rossendale 007D,Other theft,Status update unavailable,
0652a67ccb410f5708fe02c7077f787631d0b8c2c1e42d8d85cb08a4549808a1,2019-02,Lancashire Constabulary,Lancashire Constabulary,-2.333603,53.685772,On or near Station Road,E01025380,Rossendale 007D,Violence and sexual offences,Further investigation is not in the public interest,
,2019-02,Lancashire Constabulary,Lancashire Constabulary,-2.314712,53.664090,On or near Mint Street,E01025357,Rossendale 008A,Anti-social behaviour,,
21b2ae98d983d6f147d33bf54acf6421dc5b5cbe02016ade589e97059a1d749f,2019-02,Lancashire Constabulary,Lancashire Constabulary,-2.319166,53.658757,On or near East View,E01025357,Rossendale 008A,Burglary,Status update unavailable,
056ba6068fff6b46b7f5dffcbaa2c0bcf101bf1a52ef4dc27f89ac61891c14a5,2019-02,Lancashire Constabulary,Lancashire Constabulary,-2.315864,53.658343,On or near William Street,E01025357,Rossendale 008A,Violence and sexual offences,Status update unavailable,
1b9f092516dffdbf117d76f553bf4d541f14269558ad2a12626f5e015f43735c,2019-02,Lancashire Constabulary,Lancashire Constabulary,-2.315864,53.658343,On or near William Street,E01025357,Rossendale 008A,Violence and sexual offences,Status update unavailable,
,2019-02,Lancashire Constabulary,Lancashire Constabulary,-2.290763,53.660825,On or near Sports/Recreation Area,E01025358,Rossendale 008B,Anti-social behaviour,,
,2019-02,Lancashire Constabulary,Lancashire Constabulary,-2.268014,53.631424,On or near Park/Open Space,E01025358,Rossendale 008B,Anti-social behaviour,,
fdc0624cb5e63e1900ee6a6056988d8891436e2a3f1732dd1bbb400a869d421b,2019-02,Lancashire Constabulary,Lancashire Constabulary,-2.306164,53.672813,On or near Alderwood Grove,E01025358,Rossendale 008B,Burglary,Status update unavailable,
bfbb5bfbf98a33fe083c746235588cf1f989cb03800d808606bc5853865ee95b,2019-02,Lancashire Constabulary,Lancashire Constabulary,-2.297529,53.667504,On or near Park/Open Space,E01025358,Rossendale 008B,Other theft,Status update unavailable,
f8adbfcb7055a5c34586e97dffc19ecdf30a122d81a25cf6f295c056844047e5,2019-02,Lancashire Constabulary,Lancashire Constabulary,-2.304245,53.666966,On or near Hawthorn Avenue,E01025358,Rossendale 008B,Violence and sexual offences,Status update unavailable,
,2019-02,Lancashire Constabulary,Lancashire Constabulary,-2.316645,53.693863,On or near Supermarket,E01025365,Rossendale 008C,Anti-social behaviour,,
,2019-02,Lancashire Constabulary,Lancashire Constabulary,-2.313245,53.686636,On or near Hilltop Drive,E01025365,Rossendale 008C,Anti-social behaviour,,
,2019-02,Lancashire Constabulary,Lancashire Constabulary,-2.317396,53.697069,On or near North Street,E01025365,Rossendale 008C,Anti-social behaviour,,
,2019-02,Lancashire Constabulary,Lancashire Constabulary,-2.318576,53.696913,On or near Whiteley Street,E01025365,Rossendale 008C,Anti-social behaviour,,
dee7ac11ecc0e2ad4196d21224b509edc4145c1421ac7be7687cbff41a367c71,2019-02,Lancashire Constabulary,Lancashire Constabulary,-2.317045,53.696738,On or near South Street,E01025365,Rossendale 008C,Burglary,Status update unavailable,
b6c649a3ba9c7e5d2213a05c4fbfe96ac09317cab222278775d449fd00f27615,2019-02,Lancashire Constabulary,Lancashire Constabulary,-2.313245,53.686636,On or near Hilltop Drive,E01025365,Rossendale 008C,Criminal damage and arson,Investigation complete; no suspect identified,
e75dd70fd33f712f27a06aa91fc33575c5af951e7c59c1874b66271e7cdbac50,2019-02,Lancashire Constabulary,Lancashire Constabulary,-2.316645,53.693863,On or near Supermarket,E01025365,Rossendale 008C,Shoplifting,Status update unavailable,
2686f5aef4047b05478b7d6421c30e700266b5c2358b6edb662f4b22f96ceba6,2019-02,Lancashire Constabulary,Lancashire Constabulary,-2.316645,53.693863,On or near Supermarket,E01025365,Rossendale 008C,Theft from the person,Status update unavailable,
3be1ced9848266a2380735163ffab4fc56185489bd728f88e231344200cf96d0,2019-02,Lancashire Constabulary,Lancashire Constabulary,-2.311924,53.692383,On or near Bentgate Close,E01025365,Rossendale 008C,Violence and sexual offences,Status update unavailable,
f3a9918d93b10768f2f7246123d6a9f1aeb911bc9176711fbd67ec41d5bc3563,2019-02,Lancashire Constabulary,Lancashire Constabulary,-2.311924,53.692383,On or near Bentgate Close,E01025365,Rossendale 008C,Violence and sexual offences,Unable to prosecute suspect,
3db4b3da047fe01aa1294c964581ca831aaeb8699dc24483ee60782b76be0567,2019-02,Lancashire Constabulary,Lancashire Constabulary,-2.313245,53.686636,On or near Hilltop Drive,E01025365,Rossendale 008C,Violence and sexual offences,Unable to prosecute suspect,
6a65b02d9b1663d614c357a78457c0da7ae77ac60e53f740c67806ef3517c29d,2019-02,Lancashire Constabulary,Lancashire Constabulary,-2.311924,53.692383,On or near Bentgate Close,E01025365,Rossendale 008C,Violence and sexual offences,Formal action is not in the public interest,
fda6a96c0ba93f230fc653b456a3d01fd707821da3d9b2864847e501b65cd752,2019-02,Lancashire Constabulary,Lancashire Constabulary,-2.311924,53.692383,On or near Bentgate Close,E01025365,Rossendale 008C,Violence and sexual offences,Status update unavailable,
,2019-02,Lancashire Constabulary,Lancashire Constabulary,-2.294547,53.695690,On or near Andrew Avenue,E01025384,Rossendale 008D,Anti-social behaviour,,
6470d80190dcfcc4251cb7ca28ed39a662cf906d371e6ea6e0dc945e3afd65e8,2019-02,Lancashire Constabulary,Lancashire Constabulary,-2.294547,53.695690,On or near Andrew Avenue,E01025384,Rossendale 008D,Burglary,Status update unavailable,
df162f1a59c079f980fffcde68ac1a5bf8495b47ad5f1084511a8dd1994f82b1,2019-02,Lancashire Constabulary,Lancashire Constabulary,-2.292060,53.697412,On or near Holme Bank,E01025384,Rossendale 008D,Burglary,Status update unavailable,
54dfca6c846e30b2a44b853ac2c405cb7acd14cf99c44943028663b85686dde3,2019-02,Lancashire Constabulary,Lancashire Constabulary,-2.292060,53.697412,On or near Holme Bank,E01025384,Rossendale 008D,Violence and sexual offences,Status update unavailable,
c2bd81de8752e00ed5e8919398dfdadbc523a4a5ee72ccffd696b8795adee663,2019-02,Lancashire Constabulary,Lancashire Constabulary,-2.298401,53.692336,On or near Park/Open Space,E01025384,Rossendale 008D,Violence and sexual offences,Local resolution,
66a5e0ca302f88f4374da0cc2efe9198eac7549fec4bdba4531a29da7ba6c204,2019-02,Lancashire Constabulary,Lancashire Constabulary,-2.299157,53.690115,On or near Horncliffe Close,E01025384,Rossendale 008D,Violence and sexual offences,Unable to prosecute suspect,
,2019-02,Lancashire Constabulary,Lancashire Constabulary,-2.172499,53.674824,On or near Valley View,E01025359,Rossendale 009A,Anti-social behaviour,,
5b9def4a9c1c75809c4472bf262fad710605c17b31935b9e2a0a44f4d3f28ebe,2019-02,Lancashire Constabulary,Lancashire Constabulary,-2.172060,53.674671,On or near Parking Area,E01025359,Rossendale 009A,Burglary,Status update unavailable,
116d7b2b1be0a70b449e361d85f310f8c012604f78fff2307b98d41f3b3fdfe2,2019-02,Lancashire Constabulary,Lancashire Constabulary,-2.172060,53.674671,On or near Parking Area,E01025359,Rossendale 009A,Burglary,Status update unavailable,
e23811158f88c6d7d0c96c297374cd71d62ce55d31dc5e182e84f0446326e978,2019-02,Lancashire Constabulary,Lancashire Constabulary,-2.172499,53.674824,On or near Valley View,E01025359,Rossendale 009A,Violence and sexual offences,Status update unavailable,
8e6f39c8eaf68c8c937b7291d8c53fe2ef2908cc7c1d5cdf947b13ad372abd73,2019-02,Lancashire Constabulary,Lancashire Constabulary,-2.172499,53.674824,On or near Valley View,E01025359,Rossendale 009A,Violence and sexual offences,Status update unavailable,
8d61a83565e33a8ae084043dd93c21848711fb517de156670e62a24b98b0073e,2019-02,Lancashire Constabulary,Lancashire Constabulary,-2.174573,53.689336,On or near Market Street,E01025359,Rossendale 009A,Violence and sexual offences,Unable to prosecute suspect,
,2019-02,Lancashire Constabulary,Lancashire Constabulary,-2.177795,53.660003,On or near William Street,E01025360,Rossendale 009B,Anti-social behaviour,,
,2019-02,Lancashire Constabulary,Lancashire Constabulary,-2.174930,53.662300,On or near Tong Lane,E01025360,Rossendale 009B,Anti-social behaviour,,
7c132e99672e12d18176f85b2f1f62aebcc47ba006cb093fe0306434fb4218ca,2019-02,Lancashire Constabulary,Lancashire Constabulary,-2.174483,53.660287,On or near Size Street,E01025360,Rossendale 009B,Other theft,Further investigation is not in the public interest,
0cb00e22ff9e81ab7e2c7a27bb52b64bb8a39640b54e5605ead7bf5a7004bccd,2019-02,Lancashire Constabulary,Lancashire Constabulary,-2.167518,53.678300,On or near Cowm Street,E01025360,Rossendale 009B,Robbery,Status update unavailable,
5f9b98e72687a21ad1f6901899369467916d99560c7739810b6405ea3f89050f,2019-02,Lancashire Constabulary,Lancashire Constabulary,-2.168594,53.674865,On or near Parking Area,E01025360,Rossendale 009B,Vehicle crime,Status update unavailable,
8723b386a51cf06f2722224ee78b074889ae7a83bb6b0086e6dfb3d3cecd903b,2019-02,Lancashire Constabulary,Lancashire Constabulary,-2.168156,53.667478,On or near Grange Road,E01025360,Rossendale 009B,Violence and sexual offences,Status update unavailable,
9db9e8719780813dda8f51210eb4c21003c3058ac0e2013b37bfe2a012032180,2019-02,Lancashire Constabulary,Lancashire Constabulary,-2.170577,53.667402,On or near Spring Place,E01025360,Rossendale 009B,Violence and sexual offences,Unable to prosecute suspect,
015a945c7379a465b845ab584dd51595199c20266ee089130bc573fe7fd39e7e,2019-02,Lancashire Constabulary,Lancashire Constabulary,-2.170577,53.667402,On or near Spring Place,E01025360,Rossendale 009B,Violence and sexual offences,Unable to prosecute suspect,
dc79fccbad7c9ae7956898f552c6884929e344ec235b24fdb80c3cc092da72b6,2019-02,Lancashire Constabulary,Lancashire Constabulary,-2.177416,53.663437,On or near Tong End,E01025360,Rossendale 009B,Violence and sexual offences,Status update unavailable,
a413c8c7e881fb556096fcc6557ed1d0688d2d743205a813a4ec58306df39b88,2019-02,Lancashire Constabulary,Lancashire Constabulary,-2.170577,53.667402,On or near Spring Place,E01025360,Rossendale 009B,Violence and sexual offences,Unable to prosecute suspect,
,2019-02,Lancashire Constabulary,Lancashire Constabulary,-2.173351,53.653610,On or near Waingap View,E01025375,Rossendale 009C,Anti-social behaviour,,
,2019-02,Lancashire Constabulary,Lancashire Constabulary,-2.181003,53.642157,On or near Dell Meadow,E01025375,Rossendale 009C,Anti-social behaviour,,
,2019-02,Lancashire Constabulary,Lancashire Constabulary,-2.176085,53.652564,On or near Bar Terrace,E01025375,Rossendale 009C,Anti-social behaviour,,
,2019-02,Lancashire Constabulary,Lancashire Constabulary,-2.175501,53.654137,On or near Lobden Crescent,E01025375,Rossendale 009C,Anti-social behaviour,,
88c84282e0f124130c10e07e9dad9be2dde057c6ef6d94267650d26a98bca2cb,2019-02,Lancashire Constabulary,Lancashire Constabulary,-2.181003,53.642157,On or near Dell Meadow,E01025375,Rossendale 009C,Drugs,Offender given penalty notice,
984c7160750452c9622104160a3a489b711307850c7f2d81d55331e82e8e86cd,2019-02,Lancashire Constabulary,Lancashire Constabulary,-2.177560,53.640068,On or near Ending Rake,E01025375,Rossendale 009C,Other theft,Status update unavailable,
f34f266a02f765dead7a994c9ee6e2f6e92a67b7f7ec994c5295858119c314d3,2019-02,Lancashire Constabulary,Lancashire Constabulary,-2.180915,53.642885,On or near Healey Grove,E01025375,Rossendale 009C,Vehicle crime,Status update unavailable,
f8f0497d4f3b34b1549db41f0f69df0ce474e944e37f8a952d1f97392cb05ff5,2019-02,Lancashire Constabulary,Lancashire Constabulary,-2.180910,53.645339,On or near Birch Close,E01025375,Rossendale 009C,Vehicle crime,Status update unavailable,
e0764e7380ff6fda931d4c307b6a99330ca3a49192639939e4e2a25ab0b04148,2019-02,Lancashire Constabulary,Lancashire Constabulary,-2.176085,53.652564,On or near Bar Terrace,E01025375,Rossendale 009C,Violence and sexual offences,Status update unavailable,
8bcdf8ac91dad71d456f8c247c5404f1cfbbcd10612186b81af660fc9a388d3b,2019-02,Lancashire Constabulary,Lancashire Constabulary,-2.181003,53.642157,On or near Dell Meadow,E01025375,Rossendale 009C,Violence and sexual offences,Status update unavailable,
0eb1e6e9cab045ce546591f42c9468b5ca408dc140d33ee20ebd0854eb3b0f24,2019-02,Lancashire Constabulary,Lancashire Constabulary,-2.181003,53.642157,On or near Dell Meadow,E01025375,Rossendale 009C,Violence and sexual offences,Status update unavailable,
,2019-02,Lancashire Constabulary,Lancashire Constabulary,-2.183713,53.653352,On or near Westgate Close,E01025376,Rossendale 009D,Anti-social behaviour,,
,2019-02,Lancashire Constabulary,Lancashire Constabulary,-2.182507,53.650676,On or near Southgate,E01025376,Rossendale 009D,Anti-social behaviour,,
,2019-02,Lancashire Constabulary,Lancashire Constabulary,-2.176341,53.655997,On or near Coupland Close,E01025376,Rossendale 009D,Anti-social behaviour,,
,2019-02,Lancashire Constabulary,Lancashire Constabulary,-2.182226,53.655781,On or near Hall Fold,E01025376,Rossendale 009D,Anti-social behaviour,,
247a97dbc1b9c58f1666c5ac5d7ac48147cc96613183d6e20bab7db2c36962d0,2019-02,Lancashire Constabulary,Lancashire Constabulary,-2.172641,53.661395,On or near Supermarket,E01025376,Rossendale 009D,Other theft,Status update unavailable,
0e55eff0de099b175dc19db489e3ca21cf36238ba40e195796ba1300e7a50318,2019-02,Lancashire Constabulary,Lancashire Constabulary,-2.178280,53.656614,On or near Parking Area,E01025376,Rossendale 009D,Other theft,Status update unavailable,
c7538f4cc0684a337bc2182722bbad7c52fdc3b16faf78a2aade18fefd2f5527,2019-02,Lancashire Constabulary,Lancashire Constabulary,-2.181188,53.653662,On or near Cottage View,E01025376,Rossendale 009D,Public order,Status update unavailable,
b4af7ff45c342d4e6521401cf09c811211ebd26c1291787c00e32eee45a231b8,2019-02,Lancashire Constabulary,Lancashire Constabulary,-2.177275,53.654917,On or near Chapel Street,E01025376,Rossendale 009D,Violence and sexual offences,Unable to prosecute suspect,
9749b434a18eb5aad6c0948d4a0e8d126579eb38fdd22afdec8076224abc5f2e,2019-02,Lancashire Constabulary,Lancashire Constabulary,-2.177275,53.654917,On or near Chapel Street,E01025376,Rossendale 009D,Violence and sexual offences,Status update unavailable,
54dfb088598b81b2804ba173bcb0caad795e7278f386f9ffd4b0486ddcba5398,2019-02,Lancashire Constabulary,Lancashire Constabulary,-2.181980,53.651431,On or near Fairway,E01025376,Rossendale 009D,Violence and sexual offences,Status update unavailable,
4ce57f527c5ec1da204d01aab0cda6bf0a2b71ed6d2368f69cb2792ef7891cbf,2019-02,Lancashire Constabulary,Lancashire Constabulary,-2.182509,53.654783,On or near Daneswood Meadow,E01025376,Rossendale 009D,Violence and sexual offences,Unable to prosecute suspect,
c2de5eaa23cfda83b70b93d8ccad22af13b9d311537c48d155139c66166cc027,2019-02,Lancashire Constabulary,Lancashire Constabulary,-2.177469,53.654332,On or near Albert Street,E01025376,Rossendale 009D,Violence and sexual offences,Status update unavailable,
9cdfe1504bb54896254be52e2ec13ab1ea205ee34601ad21875ee0c7d041624a,2019-02,Lancashire Constabulary,Lancashire Constabulary,-2.184662,53.652200,On or near Westgate,E01025376,Rossendale 009D,Violence and sexual offences,Status update unavailable,
218b0244a3f356474aa5b1611bc35ba2299625c12dd3f8dbdbcbd189880f75a0,2019-02,Lancashire Constabulary,Lancashire Constabulary,-2.183768,53.652004,On or near Thorburn Drive,E01025376,Rossendale 009D,Violence and sexual offences,Formal action is not in the public interest,
fcc3b6c47ab7019e4d9af4bc4a0d1c6c2bdbd7b819b8a1c50d6b536a3026a451,2019-02,Lancashire Constabulary,Lancashire Constabulary,-2.177584,53.656579,On or near Parking Area,E01025376,Rossendale 009D,Violence and sexual offences,Unable to prosecute suspect,
,2019-02,Lancashire Constabulary,Lancashire Constabulary,-2.253052,53.693582,On or near Baltic Road,E01025371,Rossendale 010A,Anti-social behaviour,,
,2019-02,Lancashire Constabulary,Lancashire Constabulary,-2.253052,53.693582,On or near Baltic Road,E01025371,Rossendale 010A,Anti-social behaviour,,
,2019-02,Lancashire Constabulary,Lancashire Constabulary,-2.254304,53.692672,On or near Willow Street,E01025371,Rossendale 010A,Anti-social behaviour,,
,2019-02,Lancashire Constabulary,Lancashire Constabulary,-2.254520,53.695916,On or near Queensway,E01025371,Rossendale 010A,Anti-social behaviour,,
,2019-02,Lancashire Constabulary,Lancashire Constabulary,-2.254520,53.695916,On or near Queensway,E01025371,Rossendale 010A,Anti-social behaviour,,
,2019-02,Lancashire Constabulary,Lancashire Constabulary,-2.260350,53.693216,On or near Petrol Station,E01025371,Rossendale 010A,Anti-social behaviour,,
,2019-02,Lancashire Constabulary,Lancashire Constabulary,-2.254304,53.692672,On or near Willow Street,E01025371,Rossendale 010A,Anti-social behaviour,,
6990daa13aef002e70d5a72f53af3a0ac2c4ece4222677e20d6be6431b1491f7,2019-02,Lancashire Constabulary,Lancashire Constabulary,-2.256729,53.693080,On or near West Street,E01025371,Rossendale 010A,Other theft,Status update unavailable,
ac2c76f0f13bf3369b6bdab8e1cc62ca6ae1ffc355b4b5b16231410f18d9294b,2019-02,Lancashire Constabulary,Lancashire Constabulary,-2.260584,53.696847,On or near Woodside Crescent,E01025371,Rossendale 010A,Other theft,Status update unavailable,
24ac5e34a96eabfbe347cab756f4e0cd0256657bdfef7d3b6c5a9e8cea8f7287,2019-02,Lancashire Constabulary,Lancashire Constabulary,-2.256729,53.693080,On or near West Street,E01025371,Rossendale 010A,Other theft,Status update unavailable,
dbe6830c682d85eaeffdd37e74fc1edf3089007c64303c455b15861a627e607f,2019-02,Lancashire Constabulary,Lancashire Constabulary,-2.254304,53.692672,On or near Willow Street,E01025371,Rossendale 010A,Shoplifting,Status update unavailable,
cc2ffcf7ff39617cf9ebda1b8b8ab4bf56b9342ae4573941cd49ae0126d329b7,2019-02,Lancashire Constabulary,Lancashire Constabulary,-2.253052,53.693582,On or near Baltic Road,E01025371,Rossendale 010A,Shoplifting,Status update unavailable,
0f4326681df022819df633efdd73a6ec7dcea94f738ec1b787b8f3378e1c8433,2019-02,Lancashire Constabulary,Lancashire Constabulary,-2.254304,53.692672,On or near Willow Street,E01025371,Rossendale 010A,Shoplifting,Local resolution,
f8d97003df5cfa750ad1e349c809196834ddb2a0a11a533cf827242fc8e2074b,2019-02,Lancashire Constabulary,Lancashire Constabulary,-2.254304,53.692672,On or near Willow Street,E01025371,Rossendale 010A,Shoplifting,Offender given community sentence,
36e4c4dab1ed48bf8557c8c59e97c1bf9512b9586595c8dde1b605510989b619,2019-02,Lancashire Constabulary,Lancashire Constabulary,-2.254304,53.692672,On or near Willow Street,E01025371,Rossendale 010A,Shoplifting,Awaiting court outcome,
f750e106a97b9effbeaee167f609744f235f1dbe644be1a1d312f0757882bfcc,2019-02,Lancashire Constabulary,Lancashire Constabulary,-2.253517,53.692773,On or near Victoria Parade,E01025371,Rossendale 010A,Vehicle crime,Status update unavailable,
13ee6da323d443dfef07b0c6674973d5648e80c970dcc8b1df02f3f02bcc973b,2019-02,Lancashire Constabulary,Lancashire Constabulary,-2.259302,53.692751,On or near Fern Lea Street,E01025371,Rossendale 010A,Vehicle crime,Status update unavailable,
3cd33b3061eb15d7605138ea322727a625a16c240461a37144db555862a9b12e,2019-02,Lancashire Constabulary,Lancashire Constabulary,-2.254304,53.692672,On or near Willow Street,E01025371,Rossendale 010A,Violence and sexual offences,Unable to prosecute suspect,
4c656d7b9c2f265dd474c3c8bf5ffcf561384a9e98bcad07b5b5497418b08185,2019-02,Lancashire Constabulary,Lancashire Constabulary,-2.254304,53.692672,On or near Willow Street,E01025371,Rossendale 010A,Violence and sexual offences,Unable to prosecute suspect,
88359667d77f83899289f180fb527c93fb702a1e0d775a6ee819be1ff25323c7,2019-02,Lancashire Constabulary,Lancashire Constabulary,-2.253543,53.694606,On or near Springfield Drive,E01025371,Rossendale 010A,Violence and sexual offences,Status update unavailable,
913fcda930bfec91709730671407d25d9f8e8eb749370cecc189df470339aa10,2019-02,Lancashire Constabulary,Lancashire Constabulary,-2.252062,53.697665,On or near Chapel Street,E01025374,Rossendale 010B,Burglary,Status update unavailable,
ec2d66e0fcffd7b585cc2fb7b841677e6ce63dca7579dc4678d83dbeadfd1df1,2019-02,Lancashire Constabulary,Lancashire Constabulary,-2.258374,53.696951,On or near Top Barn Lane,E01025374,Rossendale 010B,Criminal damage and arson,Status update unavailable,
25aee8d896badcc2060065e41e61896e34366cfcafb054bba66116122800e255,2019-02,Lancashire Constabulary,Lancashire Constabulary,-2.258374,53.696951,On or near Top Barn Lane,E01025374,Rossendale 010B,Public order,Unable to prosecute suspect,
366e8fe7c5dcc6bf14aab40047f52ced679c2286cf5fc08774d42eea112a5264,2019-02,Lancashire Constabulary,Lancashire Constabulary,-2.259951,53.697397,On or near Staghills Road,E01025374,Rossendale 010B,Public order,Unable to prosecute suspect,
152606ea580415e26b5fc944433cf0fa0c52403580a2f6ca2cf765a60bf88775,2019-02,Lancashire Constabulary,Lancashire Constabulary,-2.259951,53.697397,On or near Staghills Road,E01025374,Rossendale 010B,Public order,Further investigation is not in the public interest,
e11d90ca431f11308e37aacd0a33ae023c5f2bf6d02d19caeb72ff4173130ca7,2019-02,Lancashire Constabulary,Lancashire Constabulary,-2.259951,53.697397,On or near Staghills Road,E01025374,Rossendale 010B,Public order,Unable to prosecute suspect,
67c7ff25962a6c5c33bdc0e06bf8463fdc498632435a4631a68a611b21d8c96c,2019-02,Lancashire Constabulary,Lancashire Constabulary,-2.257131,53.699380,On or near Heightside Avenue,E01025374,Rossendale 010B,Violence and sexual offences,Status update unavailable,
0b98fc46ab294dcc7c56b09d8866a0e101ce3f6a35f8de9bef2c88fbb31a4cac,2019-02,Lancashire Constabulary,Lancashire Constabulary,-2.249483,53.699405,On or near Newbigging Avenue,E01025374,Rossendale 010B,Violence and sexual offences,Unable to prosecute suspect,
,2019-02,Lancashire Constabulary,Lancashire Constabulary,-2.242966,53.698781,On or near Woodhead Close,E01025391,Rossendale 010C,Anti-social behaviour,,
,2019-02,Lancashire Constabulary,Lancashire Constabulary,-2.246640,53.700175,On or near Taylor Avenue,E01025391,Rossendale 010C,Anti-social behaviour,,
,2019-02,Lancashire Constabulary,Lancashire Constabulary,-2.247205,53.701073,On or near Tom Lane,E01025391,Rossendale 010C,Anti-social behaviour,,
,2019-02,Lancashire Constabulary,Lancashire Constabulary,-2.247205,53.701073,On or near Tom Lane,E01025391,Rossendale 010C,Anti-social behaviour,,
6e4170348e0e195f1b4a42285069f9c86fca5f3d3a05fe452132c4c80139ce5b,2019-02,Lancashire Constabulary,Lancashire Constabulary,-2.245494,53.701085,On or near Fairfield Avenue,E01025391,Rossendale 010C,Burglary,Status update unavailable,
9a6998a3d5c2b4070a6d35bb3365141009e503b8ac643d440eb4fe13d476463f,2019-02,Lancashire Constabulary,Lancashire Constabulary,-2.244029,53.696693,On or near Park Road,E01025391,Rossendale 010C,Robbery,Status update unavailable,
1c0409a7801f8a079c20331a68bdf6ac30b7eb46511251aac9a42acaabb51ce9,2019-02,Lancashire Constabulary,Lancashire Constabulary,-2.241239,53.696007,On or near Kirk View,E01025391,Rossendale 010C,Violence and sexual offences,Status update unavailable,
bc9f9d9a5827f7988f36eff4a194c4a5807aea6c69461665a583c7796bf1f882,2019-02,Lancashire Constabulary,Lancashire Constabulary,-2.244022,53.700693,On or near Edgeside Lane,E01025391,Rossendale 010C,Violence and sexual offences,Unable to prosecute suspect,
f9c87b50fe52d68bce45fc887373a0db7d952524ecd76ae2bffec71ea7835483,2019-02,Lancashire Constabulary,Lancashire Constabulary,-2.245494,53.701085,On or near Fairfield Avenue,E01025391,Rossendale 010C,Violence and sexual offences,Status update unavailable,
a041894ab1002da9b4a7acb5437507812c78ebcafadc103bed694c52dd8de8b8,2019-02,Lancashire Constabulary,Lancashire Constabulary,-2.240637,53.696754,On or near Belvedere Fold,E01025391,Rossendale 010C,Violence and sexual offences,Formal action is not in the public interest,
33cc0733d2c473ae3d3a12d04b5a425b2bbe5a35f056731af3ec81165c6fbc8a,2019-02,Lancashire Constabulary,Lancashire Constabulary,-2.240637,53.696754,On or near Belvedere Fold,E01025391,Rossendale 010C,Violence and sexual offences,Formal action is not in the public interest,
6060c4d3e8bffccbddeedac6395bb579da8ae564dd4bf2d36f944f36e9e28d19,2019-02,Lancashire Constabulary,Lancashire Constabulary,-2.240637,53.696754,On or near Belvedere Fold,E01025391,Rossendale 010C,Violence and sexual offences,Formal action is not in the public interest,
e015362a55a05c5fe4dcd23c8a24610923d0f19aae696cb7b5ac2fca678aa714,2019-02,Lancashire Constabulary,Lancashire Constabulary,-2.241239,53.696007,On or near Kirk View,E01025391,Rossendale 010C,Violence and sexual offences,Status update unavailable,
074374ee9cc1d5d4c0fa01720fbde48f5f023628498390ba99351f5062a4773f,2019-02,Lancashire Constabulary,Lancashire Constabulary,-2.241239,53.696007,On or near Kirk View,E01025391,Rossendale 010C,Violence and sexual offences,Status update unavailable,
3abb31cdf10720b64b1dfedbabfcaa3e69b2db241a6d3a5c78a2ef5360a8aaaf,2019-02,Lancashire Constabulary,Lancashire Constabulary,-2.241239,53.696007,On or near Kirk View,E01025391,Rossendale 010C,Violence and sexual offences,Unable to prosecute suspect,
addeec637b6a05ff6ac95c5f42d0f2349d4fa004c3a51b40154cdc758036d3b1,2019-02,Lancashire Constabulary,Lancashire Constabulary,-2.241239,53.696007,On or near Kirk View,E01025391,Rossendale 010C,Other crime,Status update unavailable,
7eee0c246fd270b3d57bac41d5dc48ab049a156dc612b8b62678cd89d5f3c2b4,2019-02,Lancashire Constabulary,Lancashire Constabulary,-2.240637,53.696754,On or near Belvedere Fold,E01025391,Rossendale 010C,Other crime,Formal action is not in the public interest,
,2019-02,Lancashire Constabulary,Lancashire Constabulary,-2.250724,53.694270,On or near Thornfield Avenue,E01025392,Rossendale 010D,Anti-social behaviour,,
,2019-02,Lancashire Constabulary,Lancashire Constabulary,-2.252305,53.692613,On or near Parking Area,E01025392,Rossendale 010D,Anti-social behaviour,,
,2019-02,Lancashire Constabulary,Lancashire Constabulary,-2.250724,53.694270,On or near Thornfield Avenue,E01025392,Rossendale 010D,Anti-social behaviour,,
,2019-02,Lancashire Constabulary,Lancashire Constabulary,-2.250724,53.694270,On or near Thornfield Avenue,E01025392,Rossendale 010D,Anti-social behaviour,,
,2019-02,Lancashire Constabulary,Lancashire Constabulary,-2.250724,53.694270,On or near Thornfield Avenue,E01025392,Rossendale 010D,Anti-social behaviour,,
,2019-02,Lancashire Constabulary,Lancashire Constabulary,-2.252305,53.692613,On or near Parking Area,E01025392,Rossendale 010D,Anti-social behaviour,,
,2019-02,Lancashire Constabulary,Lancashire Constabulary,-2.250724,53.694270,On or near Thornfield Avenue,E01025392,Rossendale 010D,Anti-social behaviour,,
bab2b182ee25c6e2b0618453aaaec1425a2401b4ecc7791e0731b2ed29046513,2019-02,Lancashire Constabulary,Lancashire Constabulary,-2.250724,53.694270,On or near Thornfield Avenue,E01025392,Rossendale 010D,Burglary,Unable to prosecute suspect,
d9b9955a2776ace3a9f00b13e9b2fb51bba9502a9ee3f08a131e268d5febdf92,2019-02,Lancashire Constabulary,Lancashire Constabulary,-2.251934,53.694007,On or near Holt Street,E01025392,Rossendale 010D,Criminal damage and arson,Status update unavailable,
f5fc4b367f758f49c50a89a63347bdea30510b14220b852430940b5c5e3faf70,2019-02,Lancashire Constabulary,Lancashire Constabulary,-2.250724,53.694270,On or near Thornfield Avenue,E01025392,Rossendale 010D,Public order,Status update unavailable,
e5ecab1faad7b7f5cae8e1b2cb04574ab6eee6710b6b92f2797f515dc9b6d77f,2019-02,Lancashire Constabulary,Lancashire Constabulary,-2.252175,53.693773,On or near Booth Street,E01025392,Rossendale 010D,Violence and sexual offences,Unable to prosecute suspect,
f764296d8d6278ca5f370da09f3a229714a88c5a103a930679508def7ae81337,2019-02,Lancashire Constabulary,Lancashire Constabulary,-2.249339,53.693051,On or near Ivy Close,E01025392,Rossendale 010D,Violence and sexual offences,Awaiting court outcome,
6ad79b190aa0a39a1015830d43b52138fe3c7b7462cc911679a5f114bafb2e1d,2019-02,Lancashire Constabulary,Lancashire Constabulary,-2.250082,53.693229,On or near Tenterfield Street,E01025392,Rossendale 010D,Violence and sexual offences,Status update unavailable,
015a9d0c9bab18952b28e68850a0593190f22e52fa46164cc9a425b9b9da5bdf,2019-02,Lancashire Constabulary,Lancashire Constabulary,-2.251152,53.692265,On or near Spring Gardens Street,E01025392,Rossendale 010D,Violence and sexual offences,Status update unavailable,
4c7e0ad03a470e39e04b5bd505ba010fb499fc2dfbe21bf407b066ec07720ccc,2019-02,Lancashire Constabulary,Lancashire Constabulary,-2.248068,53.693251,On or near Glen Road,E01025392,Rossendale 010D,Violence and sexual offences,Unable to prosecute suspect,
f7a72bcde503bedacda2b4d6571b9ca9d1c6ae3f6dd4b209b327f881192d6554,2019-02,Lancashire Constabulary,Lancashire Constabulary,-2.252450,53.691552,On or near Parking Area,E01025392,Rossendale 010D,Violence and sexual offences,Status update unavailable,
9d524d2aa2309c7fdc7979b433aa53c5358a97f2e1b09a58bf57c9c750b60bca,2019-02,Lancashire Constabulary,Lancashire Constabulary,-2.251152,53.692265,On or near Spring Gardens Street,E01025392,Rossendale 010D,Violence and sexual offences,Unable to prosecute suspect,
84cc0af3b7160a34ddc4c2ad66b64546b595317f712e84e968192c11a88a6645,2019-02,Lancashire Constabulary,Lancashire Constabulary,-2.248163,53.694015,On or near Mount Avenue,E01025392,Rossendale 010D,Violence and sexual offences,Status update unavailable,
,2019-02,Lancashire Constabulary,Lancashire Constabulary,-2.246916,53.703473,On or near Ashworth Lane,E01025394,Rossendale 010E,Anti-social behaviour,,
,2019-02,Lancashire Constabulary,Lancashire Constabulary,-2.250740,53.709685,On or near School Street,E01025394,Rossendale 010E,Anti-social behaviour,,
8f44e468373a25f6b22aaa75e1ef87d3ea233816a6f90fbe0612851986f8d305,2019-02,Lancashire Constabulary,Lancashire Constabulary,-2.250740,53.709685,On or near School Street,E01025394,Rossendale 010E,Burglary,Status update unavailable,
520732a086645664c5b4c30f613b858e773b0798e01057d1d7985b510fb394e4,2019-02,Lancashire Constabulary,Lancashire Constabulary,-2.250371,53.711268,On or near Lawrence Street,E01025394,Rossendale 010E,Criminal damage and arson,Unable to prosecute suspect,
6d4e685670b593193356067fabc51354f8c2063206a22c031a048ff4a9610e55,2019-02,Lancashire Constabulary,Lancashire Constabulary,-2.249730,53.707934,On or near Beckside Close,E01025394,Rossendale 010E,Public order,Unable to prosecute suspect,
d056c07c70ac60bee4ec3f04a4065e402e9ed7166b4a60e55ac235150ea6ce4d,2019-02,Lancashire Constabulary,Lancashire Constabulary,-2.250857,53.701371,On or near Rose Street,E01025394,Rossendale 010E,Vehicle crime,Status update unavailable,
5ad222e59d9382f4740a832e136a876d7baef1e0b78947ba1762a5302d7800ad,2019-02,Lancashire Constabulary,Lancashire Constabulary,-2.243938,53.694033,On or near Booth Road,E01025394,Rossendale 010E,Violence and sexual offences,Unable to prosecute suspect,
,2019-02,Lancashire Constabulary,Lancashire Constabulary,-2.204136,53.696525,On or near Lodge Lane,E01025370,Rossendale 010F,Anti-social behaviour,,
,2019-02,Lancashire Constabulary,Lancashire Constabulary,-2.215639,53.692263,On or near Holme Street,E01025370,Rossendale 010F,Anti-social behaviour,,
,2019-02,Lancashire Constabulary,Lancashire Constabulary,-2.214641,53.692453,On or near Brookes Street,E01025370,Rossendale 010F,Anti-social behaviour,,
1b9e29772dfa16a1a864c59b7840ecec2a68301d65680372fc43263d9f6ce763,2019-02,Lancashire Constabulary,Lancashire Constabulary,-2.207334,53.694066,On or near Newchurch Road,E01025370,Rossendale 010F,Criminal damage and arson,Status update unavailable,
7964f751a9f14bf1034f436bf1f0b3c41fcf58683e8f7b975966470af0e59679,2019-02,Lancashire Constabulary,Lancashire Constabulary,-2.204136,53.696525,On or near Lodge Lane,E01025370,Rossendale 010F,Public order,Status update unavailable,
6266e983c3114f793719ee2ebe29d7e1430af8c707c2601d18b8f8af144ac729,2019-02,Lancashire Constabulary,Lancashire Constabulary,-2.204136,53.696525,On or near Lodge Lane,E01025370,Rossendale 010F,Violence and sexual offences,Unable to prosecute suspect,
fe09a299052fbb2a95b06058fa21794fef36d6d9e534ef073b6893a23a914b2d,2019-02,Lancashire Constabulary,Lancashire Constabulary,-2.204703,53.701153,On or near Meadow Way,E01025370,Rossendale 010F,Violence and sexual offences,Awaiting court outcome,
,2019-02,Lancashire Constabulary,Lancashire Constabulary,-2.224375,53.691842,On or near Trinity Street,E01025388,Rossendale 010G,Anti-social behaviour,,
,2019-02,Lancashire Constabulary,Lancashire Constabulary,-2.235651,53.690706,On or near Brandwood Park,E01025388,Rossendale 010G,Anti-social behaviour,,
,2019-02,Lancashire Constabulary,Lancashire Constabulary,-2.235564,53.691416,On or near Waterbarn Lane,E01025388,Rossendale 010G,Anti-social behaviour,,
,2019-02,Lancashire Constabulary,Lancashire Constabulary,-2.235651,53.690706,On or near Brandwood Park,E01025388,Rossendale 010G,Anti-social behaviour,,
,2019-02,Lancashire Constabulary,Lancashire Constabulary,-2.235564,53.691416,On or near Waterbarn Lane,E01025388,Rossendale 010G,Anti-social behaviour,,
,2019-02,Lancashire Constabulary,Lancashire Constabulary,-2.229481,53.692336,On or near Crow Tree Avenue,E01025388,Rossendale 010G,Anti-social behaviour,,
,2019-02,Lancashire Constabulary,Lancashire Constabulary,-2.228890,53.689443,On or near Blackwood Road,E01025388,Rossendale 010G,Anti-social behaviour,,
3a4fd332cec5cb264f1ab1eec236cf6aab0f69da447810da7abb1c7adc9d1885,2019-02,Lancashire Constabulary,Lancashire Constabulary,-2.228890,53.689443,On or near Blackwood Road,E01025388,Rossendale 010G,Burglary,Status update unavailable,
454be5520c5cf33bab88fd270d4909fcbb8883e026af1a809c8271e528f10651,2019-02,Lancashire Constabulary,Lancashire Constabulary,-2.235564,53.691416,On or near Waterbarn Lane,E01025388,Rossendale 010G,Criminal damage and arson,Status update unavailable,
f6a6c69a8f13f4a8291baee6455958fbcec4819d4ea7a0c270c3796063f99853,2019-02,Lancashire Constabulary,Lancashire Constabulary,-2.235651,53.690706,On or near Brandwood Park,E01025388,Rossendale 010G,Public order,Status update unavailable,
154f324f384da454e20d42194a8c901d3c761c8d6776c8b0bc944015713506d3,2019-02,Lancashire Constabulary,Lancashire Constabulary,-2.218811,53.690531,On or near Acre Mill Road,E01025388,Rossendale 010G,Violence and sexual offences,Unable to prosecute suspect,
c771940b3a77afa74aa7b11350d04259d5ae9da82e36d3f29d66c5eb46ab7cf2,2019-02,Lancashire Constabulary,Lancashire Constabulary,-2.224375,53.691842,On or near Trinity Street,E01025388,Rossendale 010G,Violence and sexual offences,Unable to prosecute suspect,
5f7037192bc3a4885913ed0564c5c971138b2c9f35c891aee0f958a0c23e6710,2019-02,Lancashire Constabulary,Lancashire Constabulary,-2.235070,53.689700,On or near Rakehead Lane,E01025388,Rossendale 010G,Violence and sexual offences,Status update unavailable,
54bf11bfddb2cd5fdc39347857dc43f26f56e35b7a6364705f7cfd1bb769d026,2019-02,Lancashire Constabulary,Lancashire Constabulary,-2.227204,53.691279,On or near Siding Street,E01025388,Rossendale 010G,Violence and sexual offences,Unable to prosecute suspect,
c60134b6ae146c87fad289cd245c53310b7b31db5718e95270fcc14ed6546f63,2019-02,Lancashire Constabulary,Lancashire Constabulary,-2.224375,53.691842,On or near Trinity Street,E01025388,Rossendale 010G,Violence and sexual offences,Status update unavailable,
13b0900b2a9edf218299475717cdec95540837cb28562b381a3b927aeabc3826,2019-02,Lancashire Constabulary,Lancashire Constabulary,-2.218811,53.690531,On or near Acre Mill Road,E01025388,Rossendale 010G,Violence and sexual offences,Unable to prosecute suspect,
b691f5059f35d73b70576214e9670149547f4f15406ac8d7b6f7904b7b24dfa1,2019-02,Lancashire Constabulary,Lancashire Constabulary,-2.217589,53.691423,On or near Wardle Street,E01025388,Rossendale 010G,Violence and sexual offences,Status update unavailable,
17398b52469441f601418daeb24bce823f56ff58428c8f9fc2ed10f7d571217c,2019-02,Lancashire Constabulary,Lancashire Constabulary,-2.217589,53.691423,On or near Wardle Street,E01025388,Rossendale 010G,Violence and sexual offences,Status update unavailable,
,2019-02,Lancashire Constabulary,Lancashire Constabulary,-2.216480,53.690787,On or near Brunswick Terrace,E01025389,Rossendale 010H,Anti-social behaviour,,
,2019-02,Lancashire Constabulary,Lancashire Constabulary,-2.216519,53.689627,On or near Acre View,E01025389,Rossendale 010H,Anti-social behaviour,,
,2019-02,Lancashire Constabulary,Lancashire Constabulary,-2.215901,53.693152,On or near Hammond Avenue,E01025389,Rossendale 010H,Anti-social behaviour,,
3ceb34d0f535d035d12d8678c133679978ea39cf0aa207f5ec92ec5c9617d643,2019-02,Lancashire Constabulary,Lancashire Constabulary,-2.215901,53.693152,On or near Hammond Avenue,E01025389,Rossendale 010H,Other theft,Status update unavailable,
ade4cefa2ee3e4f39afa020e4d08a42d3d89568b08d8a7d40eea10e7f5cf4afc,2019-02,Lancashire Constabulary,Lancashire Constabulary,-2.220016,53.692353,On or near Commercial Street,E01025389,Rossendale 010H,Public order,Status update unavailable,
2f8e4fdfad94b8135c379d7f52c3b1240b232f6563b14a69e1a42ec4bfa7a7a6,2019-02,Lancashire Constabulary,Lancashire Constabulary,-2.219623,53.692498,On or near Miles Avenue,E01025389,Rossendale 010H,Public order,Further investigation is not in the public interest,
9238b9aa99bc9e397b81b6b71d1ecc8d6a7b7cfc8684cf343f0d7eb4c56d1b23,2019-02,Lancashire Constabulary,Lancashire Constabulary,-2.217249,53.693123,On or near Hindle Street,E01025389,Rossendale 010H,Vehicle crime,Status update unavailable,
55e78243a8a59b8155b53ebfdf9b292f045e9c21164f5c2490856aeac66f41f4,2019-02,Lancashire Constabulary,Lancashire Constabulary,-2.217249,53.693123,On or near Hindle Street,E01025389,Rossendale 010H,Vehicle crime,Status update unavailable,
1d6bf90e67e6380f46f71ba9045b14b8cffbe1225cfee6a48c0c9ae326030bd5,2019-02,Lancashire Constabulary,Lancashire Constabulary,-2.216637,53.694831,On or near Hill Crest,E01025389,Rossendale 010H,Violence and sexual offences,Status update unavailable,
1fdf22dd3018c6d0efd353efedc636e9e7bf7e5b06d8e1c06abfd280d65a3707,2019-02,Lancashire Constabulary,Lancashire Constabulary,-2.217430,53.690048,On or near Acre Avenue,E01025389,Rossendale 010H,Violence and sexual offences,Unable to prosecute suspect,
bf678d38c0c985b48af14a910084725d5b0a8cfa0cf492b633b1455ac7844b8c,2019-02,Lancashire Constabulary,Lancashire Constabulary,-2.217249,53.693123,On or near Hindle Street,E01025389,Rossendale 010H,Violence and sexual offences,Further investigation is not in the public interest,
,2019-02,Lancashire Constabulary,Lancashire Constabulary,-2.233990,53.691527,On or near Brandwood Road,E01025390,Rossendale 010I,Anti-social behaviour,,
,2019-02,Lancashire Constabulary,Lancashire Constabulary,-2.219946,53.693369,On or near Huttock End Lane,E01025390,Rossendale 010I,Anti-social behaviour,,
a83debdaa0f03fddcd5d5e2e33d367bfa42e1798d710c0626ec5e171747992c6,2019-02,Lancashire Constabulary,Lancashire Constabulary,-2.233990,53.691527,On or near Brandwood Road,E01025390,Rossendale 010I,Burglary,Status update unavailable,
2748e508eb4aae877d5d1d41525d5511a167993eb9bb37750c937af36a695039,2019-02,Lancashire Constabulary,Lancashire Constabulary,-2.232185,53.693805,On or near Tunstead Road,E01025390,Rossendale 010I,Vehicle crime,Status update unavailable,
45a5556f58bd1da4f7ee185dbce40182f0ad87943ac3a99ccceb1c78c3922eda,2019-02,Lancashire Constabulary,Lancashire Constabulary,-2.972006,53.644926,On or near Pitt Street,E01007056,Sefton 005B,Violence and sexual offences,Status update unavailable,
db6ac2775b791735192ad1f58a5235af6bcdc5a8521806fec9fd617be47e2d06,2019-02,Lancashire Constabulary,Lancashire Constabulary,-3.000718,53.624501,On or near Meres Way,E01006929,Sefton 010A,Violence and sexual offences,Local resolution,
6bcd69f64ffa3628cb1b148d26e220c066387d25510b3e6967756eddcf4f6730,2019-02,Lancashire Constabulary,Lancashire Constabulary,-3.000718,53.624501,On or near Meres Way,E01006929,Sefton 010A,Violence and sexual offences,Local resolution,
548ce65f1eba17f7b60693082cfa4cd8f259e203a979bdc05c1fba5de4d991fe,2019-02,Lancashire Constabulary,Lancashire Constabulary,-3.000718,53.624501,On or near Meres Way,E01006929,Sefton 010A,Violence and sexual offences,Unable to prosecute suspect,
5335eb11ddea352ce6a8fe2c1aff145b037f5db168839f4b8b551c24196ec3b8,2019-02,Lancashire Constabulary,Lancashire Constabulary,-2.730628,54.177196,On or near Tarn Lane,E01019348,South Lakeland 010A,Criminal damage and arson,Status update unavailable,
f5db62f2e3f7b5bd3dd170d00a0d94e73343e4fe1c75128d07af3ba557494b2d,2019-02,Lancashire Constabulary,Lancashire Constabulary,-2.832132,54.198000,On or near Kings Close,E01019342,South Lakeland 011B,Violence and sexual offences,Unable to prosecute suspect,
,2019-02,Lancashire Constabulary,Lancashire Constabulary,-2.740885,53.750611,On or near Crow Hills Road,E01025424,South Ribble 001A,Anti-social behaviour,,
,2019-02,Lancashire Constabulary,Lancashire Constabulary,-2.740885,53.750611,On or near Crow Hills Road,E01025424,South Ribble 001A,Anti-social behaviour,,
,2019-02,Lancashire Constabulary,Lancashire Constabulary,-2.740885,53.750611,On or near Crow Hills Road,E01025424,South Ribble 001A,Anti-social behaviour,,
99b601404228d187ec638978cefd18035baa9cd28a1f08716747442544098853,2019-02,Lancashire Constabulary,Lancashire Constabulary,-2.747190,53.743552,On or near Howick Park Close,E01025424,South Ribble 001A,Burglary,Status update unavailable,
18ab017df370996ab1ededfd455278121cfd077a91b729ec96d1d33d5ab87263,2019-02,Lancashire Constabulary,Lancashire Constabulary,-2.744883,53.744258,On or near Howick Park Avenue,E01025424,South Ribble 001A,Burglary,Status update unavailable,
01d08279fe1c514cdc2419d4f321a9da79fca38a7d87fda82d171415cee85686,2019-02,Lancashire Constabulary,Lancashire Constabulary,-2.740885,53.750611,On or near Crow Hills Road,E01025424,South Ribble 001A,Other theft,Status update unavailable,
50a84ebf3ff7cfe86688d462ba4cfd6f4db48c643bd6083679a006642758143d,2019-02,Lancashire Constabulary,Lancashire Constabulary,-2.740885,53.750611,On or near Crow Hills Road,E01025424,South Ribble 001A,Public order,Status update unavailable,
9b84686a307cfbd5aac7c6901a9b6dbf2bd1ff4c510106226e03ab0a841f5633,2019-02,Lancashire Constabulary,Lancashire Constabulary,-2.740885,53.750611,On or near Crow Hills Road,E01025424,South Ribble 001A,Violence and sexual offences,Status update unavailable,
ee40f8f17cdbd7a6dd32245984c8bb95d81e44d8328ba13e63478d3ba70ddda8,2019-02,Lancashire Constabulary,Lancashire Constabulary,-2.747126,53.744190,On or near Howick Park Drive,E01025424,South Ribble 001A,Violence and sexual offences,Unable to prosecute suspect,
,2019-02,Lancashire Constabulary,Lancashire Constabulary,-2.736969,53.752145,On or near West End,E01025425,South Ribble 001B,Anti-social behaviour,,
,2019-02,Lancashire Constabulary,Lancashire Constabulary,-2.729691,53.754859,On or near Ribble Bank,E01025425,South Ribble 001B,Anti-social behaviour,,
4812bbd9c4b07db35125c5f9fbaba803a229f4e8cc9252c72f40a313dc33493e,2019-02,Lancashire Constabulary,Lancashire Constabulary,-2.735899,53.749014,On or near Police Station,E01025425,South Ribble 001B,Violence and sexual offences,Status update unavailable,
,2019-02,Lancashire Constabulary,Lancashire Constabulary,-2.721792,53.754970,On or near Parking Area,E01025426,South Ribble 001C,Anti-social behaviour,,
,2019-02,Lancashire Constabulary,Lancashire Constabulary,-2.731726,53.753265,On or near Blundell Lane,E01025426,South Ribble 001C,Anti-social behaviour,,
,2019-02,Lancashire Constabulary,Lancashire Constabulary,-2.734318,53.751406,On or near Queensway,E01025426,South Ribble 001C,Anti-social behaviour,,
,2019-02,Lancashire Constabulary,Lancashire Constabulary,-2.725130,53.752415,On or near Squires Road,E01025426,South Ribble 001C,Anti-social behaviour,,
,2019-02,Lancashire Constabulary,Lancashire Constabulary,-2.734348,53.749644,On or near Parking Area,E01025426,South Ribble 001C,Anti-social behaviour,,
,2019-02,Lancashire Constabulary,Lancashire Constabulary,-2.734348,53.749644,On or near Parking Area,E01025426,South Ribble 001C,Anti-social behaviour,,
,2019-02,Lancashire Constabulary,Lancashire Constabulary,-2.734348,53.749644,On or near Parking Area,E01025426,South Ribble 001C,Anti-social behaviour,,
0c2cbc3808d22df89d6d83fc176fd1065ecd14181283eb90305d624d4c2bfc59,2019-02,Lancashire Constabulary,Lancashire Constabulary,-2.728958,53.751906,On or near Priory Close,E01025426,South Ribble 001C,Burglary,Status update unavailable,
52750de977836c595f0cc057e6ae4f3ddfdc6ff2b6138d7ac8013aca994cb075,2019-02,Lancashire Constabulary,Lancashire Constabulary,-2.734348,53.749644,On or near Parking Area,E01025426,South Ribble 001C,Criminal damage and arson,Status update unavailable,
4cb0ae263ab1b4f4d2ccf3d2838c157b7711323f3149f15862fa5938a6f1da17,2019-02,Lancashire Constabulary,Lancashire Constabulary,-2.734348,53.749644,On or near Parking Area,E01025426,South Ribble 001C,Public order,Status update unavailable,
,2019-02,Lancashire Constabulary,Lancashire Constabulary,-2.733208,53.748653,On or near Lawrence Road,E01025466,South Ribble 001D,Anti-social behaviour,,
,2019-02,Lancashire Constabulary,Lancashire Constabulary,-2.734806,53.748122,On or near Green Drive,E01025466,South Ribble 001D,Anti-social behaviour,,
e2c20902d717fa38e419ac73a2fcc37c15eedf9f807c987d45e1ed259269d820,2019-02,Lancashire Constabulary,Lancashire Constabulary,-2.734806,53.748122,On or near Green Drive,E01025466,South Ribble 001D,Violence and sexual offences,Status update unavailable,
c966f5cc717af190d1f9f82e55e2c65669d75cdcbfdbd20f4f859b55d542d78d,2019-02,Lancashire Constabulary,Lancashire Constabulary,-2.732178,53.746116,On or near Barn Croft,E01025466,South Ribble 001D,Violence and sexual offences,Further investigation is not in the public interest,
,2019-02,Lancashire Constabulary,Lancashire Constabulary,-2.621432,53.731165,On or near Hayfield Avenue,E01025413,South Ribble 002A,Anti-social behaviour,,
4345c0bd1764fd4992ff6715eb02e94a776c49d7af306bed3a46ac4a90cd718c,2019-02,Lancashire Constabulary,Lancashire Constabulary,-2.617830,53.732622,On or near Bourne'S Row,E01025413,South Ribble 002A,Burglary,Status update unavailable,
36f75dcf752c5fc176bbb5bfbd4df403eafc2b9b38679236286d88d173432a49,2019-02,Lancashire Constabulary,Lancashire Constabulary,-2.617830,53.732622,On or near Bourne'S Row,E01025413,South Ribble 002A,Public order,Offender given a caution,
acbc81783e37cd3aa0005c50bb2e11e1230558956c78c4b49ab95eca8bd89bd5,2019-02,Lancashire Constabulary,Lancashire Constabulary,-2.617830,53.732622,On or near Bourne'S Row,E01025413,South Ribble 002A,Violence and sexual offences,Offender given a caution,
d5fdc33251218a2902e3cb38111d815db41f8a44b6b9a8e7a3d9e249b27372fa,2019-02,Lancashire Constabulary,Lancashire Constabulary,-2.617830,53.732622,On or near Bourne'S Row,E01025413,South Ribble 002A,Violence and sexual offences,Offender given a caution,
f1c31746c978db777d106b59e0bd0e06895aa610bab280ea2934710592f4753b,2019-02,Lancashire Constabulary,Lancashire Constabulary,-2.617830,53.732622,On or near Bourne'S Row,E01025413,South Ribble 002A,Violence and sexual offences,Offender given a caution,
,2019-02,Lancashire Constabulary,Lancashire Constabulary,-2.629043,53.740446,On or near Hoghton Lane,E01025414,South Ribble 002B,Anti-social behaviour,,
e1a62e0893c0f4e776f5069716dd72c7d2a13c6ca6d334b8c0122c179d0e2be5,2019-02,Lancashire Constabulary,Lancashire Constabulary,-2.621729,53.743082,On or near Grange Drive,E01025414,South Ribble 002B,Theft from the person,Further investigation is not in the public interest,
aec466550d785de10b044f0a698e58df3862363d05983ffa700a4461a2ac02d9,2019-02,Lancashire Constabulary,Lancashire Constabulary,-2.617832,53.742059,On or near Fox Lane,E01025414,South Ribble 002B,Vehicle crime,Status update unavailable,
db537167a7fd83b44f56b07ece5ce9b8f7753b8998679bf5922570c6d73bf601,2019-02,Lancashire Constabulary,Lancashire Constabulary,-2.621016,53.744083,On or near Coupe Green,E01025414,South Ribble 002B,Violence and sexual offences,Offender given a caution,
,2019-02,Lancashire Constabulary,Lancashire Constabulary,-2.635278,53.762767,On or near M6,E01025456,South Ribble 002C,Anti-social behaviour,,
,2019-02,Lancashire Constabulary,Lancashire Constabulary,-2.635278,53.762767,On or near M6,E01025456,South Ribble 002C,Anti-social behaviour,,
ad0f7a9916588862a1afea8bc82d829c4d48de1b383e64e49742e5a9bf58aa56,2019-02,Lancashire Constabulary,Lancashire Constabulary,-2.635278,53.762767,On or near M6,E01025456,South Ribble 002C,Burglary,Status update unavailable,
dca1ce0f70e22f89b983be1f78c9093dbea768f8aef3939f48617be567b4247b,2019-02,Lancashire Constabulary,Lancashire Constabulary,-2.602513,53.766010,On or near Petrol Station,E01025456,South Ribble 002C,Other theft,Status update unavailable,
df80e9b15d5c8782ec2de37f3c2dd55a4049a0edf9f10ea8f1e6b6f16f30330d,2019-02,Lancashire Constabulary,Lancashire Constabulary,-2.635278,53.762767,On or near M6,E01025456,South Ribble 002C,Other theft,Status update unavailable,
3ba431c4f216391bdaccdd14e04c2c95950d075727c7494a4727e609235de261,2019-02,Lancashire Constabulary,Lancashire Constabulary,-2.602513,53.766010,On or near Petrol Station,E01025456,South Ribble 002C,Other theft,Status update unavailable,
b6a01394d2de80a6a0d15272b8981717b2bf99856e2fc2ace1906bb578bbe438,2019-02,Lancashire Constabulary,Lancashire Constabulary,-2.635278,53.762767,On or near M6,E01025456,South Ribble 002C,Other theft,Status update unavailable,
1455fdb2f2baa53391b74c3a69fac67ebc1a8818fbc468c8798d423fd1c5d739,2019-02,Lancashire Constabulary,Lancashire Constabulary,-2.560938,53.768800,On or near Park Road,E01025456,South Ribble 002C,Violence and sexual offences,Unable to prosecute suspect,
,2019-02,Lancashire Constabulary,Lancashire Constabulary,-2.641794,53.744405,On or near Bannister Hall Lane,E01025458,South Ribble 002D,Anti-social behaviour,,
,2019-02,Lancashire Constabulary,Lancashire Constabulary,-2.635819,53.738361,On or near Charles Crescent,E01025458,South Ribble 002D,Anti-social behaviour,,
,2019-02,Lancashire Constabulary,Lancashire Constabulary,-2.641794,53.744405,On or near Bannister Hall Lane,E01025458,South Ribble 002D,Anti-social behaviour,,
f859cc8a8894d60981e9c2ec693ff0f1fa88074e291d2c9588cdb35f83163c3d,2019-02,Lancashire Constabulary,Lancashire Constabulary,-2.647009,53.744377,On or near Higher Walton Road,E01025458,South Ribble 002D,Bicycle theft,Status update unavailable,
3998e252b2fe33dcf6e9f27b9eccedb9ff54a17b1db53b8c6b403e4069ac537b,2019-02,Lancashire Constabulary,Lancashire Constabulary,-2.642110,53.741312,On or near Brook Street,E01025458,South Ribble 002D,Criminal damage and arson,Status update unavailable,
3ad340c8429e9798c53e428d485d869b01480d106884ac1a011c4a3027dbbea5,2019-02,Lancashire Constabulary,Lancashire Constabulary,-2.635819,53.738361,On or near Charles Crescent,E01025458,South Ribble 002D,Criminal damage and arson,Status update unavailable,
269d4bf5630a31ccebd2b9035e5d2cb46fc6bf9d9992873606e70e97ff7b6993,2019-02,Lancashire Constabulary,Lancashire Constabulary,-2.647423,53.744681,On or near Barnflatt Close,E01025458,South Ribble 002D,Vehicle crime,Unable to prosecute suspect,
667b422d82754f873f5ecff17efec3d3ea52d38fdc2523a7fd26fda493172be6,2019-02,Lancashire Constabulary,Lancashire Constabulary,-2.635819,53.738361,On or near Charles Crescent,E01025458,South Ribble 002D,Violence and sexual offences,Status update unavailable,
d3858de864aec9313784e9a5b4ab06394f3fa7e92e9ce1ec9dd5c134986eb6bd,2019-02,Lancashire Constabulary,Lancashire Constabulary,-2.638756,53.740107,On or near Rosewood Court,E01025458,South Ribble 002D,Violence and sexual offences,Unable to prosecute suspect,
44992cc398f0861367e318a000d1b4470b704d19dffef7f52f0b948b5ef12865,2019-02,Lancashire Constabulary,Lancashire Constabulary,-2.638756,53.740107,On or near Rosewood Court,E01025458,South Ribble 002D,Violence and sexual offences,Further investigation is not in the public interest,
183119fce8f95b193ab5879eadbc27ca58c13771df759e7772d6c5ac3cd1432e,2019-02,Lancashire Constabulary,Lancashire Constabulary,-2.638756,53.740107,On or near Rosewood Court,E01025458,South Ribble 002D,Violence and sexual offences,Unable to prosecute suspect,
08ed8980fdd15edbdd11c4e7360c25836d801b4a7fd1ea926fca89dda7a46942,2019-02,Lancashire Constabulary,Lancashire Constabulary,-2.638756,53.740107,On or near Rosewood Court,E01025458,South Ribble 002D,Violence and sexual offences,Unable to prosecute suspect,
53dbdccf74ab3eb737d40fa45a262abbcaf02cccf57395c9851af25c5e0d6651,2019-02,Lancashire Constabulary,Lancashire Constabulary,-2.724390,53.739413,On or near Wingates,E01025408,South Ribble 003A,Other theft,Status update unavailable,
,2019-02,Lancashire Constabulary,Lancashire Constabulary,-2.729519,53.735301,On or near Blackberry Way,E01025409,South Ribble 003B,Anti-social behaviour,,
eb2e0543c05fc8402d98c19d5f8b762024a5e18a6b55533119d0327f73fd4f47,2019-02,Lancashire Constabulary,Lancashire Constabulary,-2.729369,53.740623,On or near Walton Avenue,E01025409,South Ribble 003B,Other theft,Status update unavailable,
7867bd25639e4343aec22658c83726be99398f15e719f721a652d6fb9a271ba7,2019-02,Lancashire Constabulary,Lancashire Constabulary,-2.726965,53.736638,On or near Marsh Way,E01025409,South Ribble 003B,Other theft,Unable to prosecute suspect,
fbeebe97f2872f5a474d4943831f86a628dfc56b1391af9f3e6a0f9b70ed8f53,2019-02,Lancashire Constabulary,Lancashire Constabulary,-2.729369,53.740623,On or near Walton Avenue,E01025409,South Ribble 003B,Violence and sexual offences,Unable to prosecute suspect,
d4b7b0bdc8111137a4828a247397f89ba506412c625636aabedb039eec7c8183,2019-02,Lancashire Constabulary,Lancashire Constabulary,-2.726965,53.736638,On or near Marsh Way,E01025409,South Ribble 003B,Violence and sexual offences,Status update unavailable,
,2019-02,Lancashire Constabulary,Lancashire Constabulary,-2.734088,53.739112,On or near Hornbeam Close,E01025410,South Ribble 003C,Anti-social behaviour,,
b2b2ad8a8120791695f749389dd1003dd936cdf511ef77655ce52a415afd0b61,2019-02,Lancashire Constabulary,Lancashire Constabulary,-2.734998,53.740005,On or near Rowan Close,E01025410,South Ribble 003C,Burglary,Status update unavailable,
7fa410ff7abc082cdc781f703bf7fea477757b514c29376b254ab7bb63b86708,2019-02,Lancashire Constabulary,Lancashire Constabulary,-2.735703,53.739560,On or near Magnolia Road,E01025410,South Ribble 003C,Burglary,Status update unavailable,
ce282f5ae15d1c968b3afec249dfb142083bbc60ddc03ebccefc73d178b34d3e,2019-02,Lancashire Constabulary,Lancashire Constabulary,-2.735463,53.740550,On or near Hazel Close,E01025410,South Ribble 003C,Burglary,Status update unavailable,
2bf65f1c8edab3001cfd837d35b583c8d0cdbe9cab3856dd292468c5a91cf1d9,2019-02,Lancashire Constabulary,Lancashire Constabulary,-2.735102,53.738979,On or near Blackthorn Drive,E01025410,South Ribble 003C,Other theft,Status update unavailable,
,2019-02,Lancashire Constabulary,Lancashire Constabulary,-2.733797,53.745873,On or near Longfield,E01025467,South Ribble 003D,Anti-social behaviour,,
,2019-02,Lancashire Constabulary,Lancashire Constabulary,-2.737623,53.742739,On or near Oaklands Drive,E01025467,South Ribble 003D,Anti-social behaviour,,
,2019-02,Lancashire Constabulary,Lancashire Constabulary,-2.742102,53.740473,On or near Mulberry Avenue,E01025467,South Ribble 003D,Anti-social behaviour,,
09e1325d281997722dd3f3375bb195b72be62c0f688bc4aeadc42e9e98bddb5c,2019-02,Lancashire Constabulary,Lancashire Constabulary,-2.736964,53.744900,On or near Danesway,E01025467,South Ribble 003D,Burglary,Status update unavailable,
dfe9e4284062396bc5c5db4c1caa415b01c3f8496e4fab42f634bab67b81d696,2019-02,Lancashire Constabulary,Lancashire Constabulary,-2.733140,53.743000,On or near Broadwood Close,E01025467,South Ribble 003D,Burglary,Status update unavailable,
45f4ea4f807966ee7323e9803cf387fc04fdbfbfc0dcfc87a0731e44d428e4ac,2019-02,Lancashire Constabulary,Lancashire Constabulary,-2.740636,53.741606,On or near Mayflower Avenue,E01025467,South Ribble 003D,Vehicle crime,Unable to prosecute suspect,
e36df2e53e7a9f4e3063da7e52adc895038e6cce686619d95565613239148fba,2019-02,Lancashire Constabulary,Lancashire Constabulary,-2.740636,53.741606,On or near Mayflower Avenue,E01025467,South Ribble 003D,Vehicle crime,Unable to prosecute suspect,
56cc94d1cfb954151b4f730adecb0baffd335cb544cd6d83cd34eb3eec776dd9,2019-02,Lancashire Constabulary,Lancashire Constabulary,-2.737623,53.742739,On or near Oaklands Drive,E01025467,South Ribble 003D,Violence and sexual offences,Status update unavailable,
,2019-02,Lancashire Constabulary,Lancashire Constabulary,-2.664642,53.735652,On or near Renshaw Drive,E01025403,South Ribble 004A,Anti-social behaviour,,
3157be4e4aac996d5402d185512a04d2ccfe08e425ad2acb26aceb8b0e1e4760,2019-02,Lancashire Constabulary,Lancashire Constabulary,-2.661343,53.739850,On or near Allington Close,E01025403,South Ribble 004A,Public order,Status update unavailable,
8c29241c4b3f54b6f8a8cfc2a944cb6675c4bb47f34cc0c4812549863e5e9cbf,2019-02,Lancashire Constabulary,Lancashire Constabulary,-2.664503,53.736471,On or near Orchard Close,E01025403,South Ribble 004A,Vehicle crime,Status update unavailable,
1e57ed998c3fcba049da0ac423e32d562ac30c48a47f4030025d79d855ff9f0c,2019-02,Lancashire Constabulary,Lancashire Constabulary,-2.664503,53.736471,On or near Orchard Close,E01025403,South Ribble 004A,Violence and sexual offences,Status update unavailable,
aa3652caa76851584d57e68615645389d985833e852742994f5c08ebc7151bae,2019-02,Lancashire Constabulary,Lancashire Constabulary,-2.661343,53.739850,On or near Allington Close,E01025403,South Ribble 004A,Violence and sexual offences,Unable to prosecute suspect,
,2019-02,Lancashire Constabulary,Lancashire Constabulary,-2.683017,53.747872,On or near Winery Lane,E01025457,South Ribble 004B,Anti-social behaviour,,
,2019-02,Lancashire Constabulary,Lancashire Constabulary,-2.683017,53.747872,On or near Winery Lane,E01025457,South Ribble 004B,Anti-social behaviour,,
bf980270d936bc5204900529714511cf297c7f415acefb8e74a551afcf4d6424,2019-02,Lancashire Constabulary,Lancashire Constabulary,-2.660883,53.745362,On or near Higher Walton Road,E01025457,South Ribble 004B,Bicycle theft,Status update unavailable,
af975cdf37acb1e0b8addd88db195f3aba582e9d95cf379c73b0db978f4fe91d,2019-02,Lancashire Constabulary,Lancashire Constabulary,-2.683017,53.747872,On or near Winery Lane,E01025457,South Ribble 004B,Bicycle theft,Status update unavailable,
3db15ffe8a5fbc26a2ecfa73fe9f42be8c3bcd21e3806c05420e64e44628df04,2019-02,Lancashire Constabulary,Lancashire Constabulary,-2.669713,53.747596,On or near Cooper Hill Drive,E01025457,South Ribble 004B,Burglary,Status update unavailable,
19e8eb9fc49b7a5e8f170df729cd3366cd5be9c1297803d2926b01ffef8ec871,2019-02,Lancashire Constabulary,Lancashire Constabulary,-2.650097,53.744010,On or near M6,E01025457,South Ribble 004B,Burglary,Status update unavailable,
9e9f299efc24ea7c6be385eff9df52dfd28b1d9f8c0e89bda8ba25939ba36987,2019-02,Lancashire Constabulary,Lancashire Constabulary,-2.677941,53.750938,On or near Edward Street,E01025457,South Ribble 004B,Other theft,Status update unavailable,
ee05a78861d1fdc572e23fe68d233c6c88276ce1a1b761d8a01a9988fd6b43a5,2019-02,Lancashire Constabulary,Lancashire Constabulary,-2.683017,53.747872,On or near Winery Lane,E01025457,South Ribble 004B,Other theft,Status update unavailable,
eef07bf702f0b2a095009dd7f9016349506ff65d6031a96b50c0875fa171e2ee,2019-02,Lancashire Constabulary,Lancashire Constabulary,-2.683017,53.747872,On or near Winery Lane,E01025457,South Ribble 004B,Public order,Status update unavailable,
a2daca9cf0acd37886bc4aca5d00a6b729b889138db6620aa71c54c5663e9bab,2019-02,Lancashire Constabulary,Lancashire Constabulary,-2.677941,53.750938,On or near Edward Street,E01025457,South Ribble 004B,Shoplifting,Local resolution,
48dabff4829c14282b2091009f32ef0b2862a70108ba077dc7b09cf17fd7f5dc,2019-02,Lancashire Constabulary,Lancashire Constabulary,-2.677941,53.750938,On or near Edward Street,E01025457,South Ribble 004B,Shoplifting,Awaiting court outcome,
83a2b6aa58f2a0004e5a99cb55aac9b13df390722d1d37d6ade02dd6e1244e7d,2019-02,Lancashire Constabulary,Lancashire Constabulary,-2.673195,53.749114,On or near Victoria Road,E01025457,South Ribble 004B,Shoplifting,Status update unavailable,
0744b9f279c2ecbae97499f02f920b29c7c5f204f80ae06ba1b4cd83b63b8071,2019-02,Lancashire Constabulary,Lancashire Constabulary,-2.673195,53.749114,On or near Victoria Road,E01025457,South Ribble 004B,Shoplifting,Status update unavailable,
8d8c9c5cbca289a7b371cca5cc4b58388a98b8093730172138d94cd06b6e1edf,2019-02,Lancashire Constabulary,Lancashire Constabulary,-2.677941,53.750938,On or near Edward Street,E01025457,South Ribble 004B,Shoplifting,Offender given conditional discharge,
9c3c205fa1f738c605a20dd3572d833b1018b2935fce30cea9b9749b08799605,2019-02,Lancashire Constabulary,Lancashire Constabulary,-2.677941,53.750938,On or near Edward Street,E01025457,South Ribble 004B,Shoplifting,Status update unavailable,
c64ae58a563b270d42a08d20483de55dab819b5c2f2338f8cf2fcba1d5c62d8c,2019-02,Lancashire Constabulary,Lancashire Constabulary,-2.677941,53.750938,On or near Edward Street,E01025457,South Ribble 004B,Shoplifting,Status update unavailable,
47d8c4562571f6334add92d0f28b7eb04a70157ed8ae28c3849b9904dae9db15,2019-02,Lancashire Constabulary,Lancashire Constabulary,-2.677941,53.750938,On or near Edward Street,E01025457,South Ribble 004B,Shoplifting,Offender given penalty notice,
14b280be2508e448ca7e855ad9268f19d8630345107bb20cf831fd18a1ca4b1a,2019-02,Lancashire Constabulary,Lancashire Constabulary,-2.677941,53.750938,On or near Edward Street,E01025457,South Ribble 004B,Shoplifting,Status update unavailable,
64372d4bb6eb86b33773ef6188916732fe53a839c8d97c9e070c1d188d319a51,2019-02,Lancashire Constabulary,Lancashire Constabulary,-2.677941,53.750938,On or near Edward Street,E01025457,South Ribble 004B,Shoplifting,Offender given penalty notice,
b723c8b7253984bf590259481f14bb35677de362688131cf52c820a8ee6893a0,2019-02,Lancashire Constabulary,Lancashire Constabulary,-2.677941,53.750938,On or near Edward Street,E01025457,South Ribble 004B,Shoplifting,Unable to prosecute suspect,
8e82d7fdded4a0ee41a7a8fb52b0224848ed10874fb04e9043164a48eb3cd518,2019-02,Lancashire Constabulary,Lancashire Constabulary,-2.683017,53.747872,On or near Winery Lane,E01025457,South Ribble 004B,Violence and sexual offences,Unable to prosecute suspect,
b8da32aa1ed98a6fd527176725a71425c25a4e1d3b98ff257c6f5e60b6ba683a,2019-02,Lancashire Constabulary,Lancashire Constabulary,-2.661833,53.745995,On or near Queensdale Close,E01025457,South Ribble 004B,Violence and sexual offences,Status update unavailable,
a2805334ecf8023837e324e62b9c283b14d2b0b0899d181eee75b9cbdd7c6bca,2019-02,Lancashire Constabulary,Lancashire Constabulary,-2.683017,53.747872,On or near Winery Lane,E01025457,South Ribble 004B,Violence and sexual offences,Status update unavailable,
,2019-02,Lancashire Constabulary,Lancashire Constabulary,-2.680714,53.738618,On or near Kilngate,E01025463,South Ribble 004C,Anti-social behaviour,,
0e863380bfc7e35a38aae9e4f15f9c8d2159708411662a396bbdf83358cfab0c,2019-02,Lancashire Constabulary,Lancashire Constabulary,-2.673841,53.738279,On or near Devon Close,E01025463,South Ribble 004C,Burglary,Status update unavailable,
2c4dd6b1428e5b7c21c0e1b5bb99e4f87b1b587d27c4ed56e749ce5d8bc60c3a,2019-02,Lancashire Constabulary,Lancashire Constabulary,-2.675659,53.740138,On or near Rutland Avenue,E01025463,South Ribble 004C,Burglary,Status update unavailable,
d669b2dca9540df60558748aa527091ad92a469b2a3da0c966a5b638a175057d,2019-02,Lancashire Constabulary,Lancashire Constabulary,-2.681225,53.740233,On or near Fieldside Close,E01025463,South Ribble 004C,Burglary,Status update unavailable,
91afd6d338cc8521a387935f6248f43c8eec6e51e3c5acca46352aebe810bd02,2019-02,Lancashire Constabulary,Lancashire Constabulary,-2.672382,53.739024,On or near Cinnamon Hill Drive South,E01025463,South Ribble 004C,Burglary,Status update unavailable,
e32bb48f6fe3fb3f604865029973e4c0a675f681441865b0f423ccadd1d37955,2019-02,Lancashire Constabulary,Lancashire Constabulary,-2.672382,53.739024,On or near Cinnamon Hill Drive South,E01025463,South Ribble 004C,Burglary,Status update unavailable,
887e5e3e67a067153ead31e892b3613c395a26c1b4bc2d002bbc870b26b7434f,2019-02,Lancashire Constabulary,Lancashire Constabulary,-2.675659,53.740138,On or near Rutland Avenue,E01025463,South Ribble 004C,Violence and sexual offences,Unable to prosecute suspect,
2b245d54055f5820dc2efd28ec27cec6163b49c45bf29402fa7d81533bdbb8d2,2019-02,Lancashire Constabulary,Lancashire Constabulary,-2.675896,53.739751,On or near Alexandra Road,E01025463,South Ribble 004C,Violence and sexual offences,Formal action is not in the public interest,
,2019-02,Lancashire Constabulary,Lancashire Constabulary,-2.697236,53.741165,On or near Factory Lane,E01025464,South Ribble 004D,Anti-social behaviour,,
f904f76e849819af4bdd8408ea3893bac27bf9fb199e0c2b1df95335d519c3c0,2019-02,Lancashire Constabulary,Lancashire Constabulary,-2.688429,53.737603,On or near Simmons Avenue,E01025464,South Ribble 004D,Burglary,Status update unavailable,
6208705e0c88f4ca54de08b24643f7a8c10858f275a75002b73792eeae5e82ba,2019-02,Lancashire Constabulary,Lancashire Constabulary,-2.691315,53.737910,On or near Springwood Close,E01025464,South Ribble 004D,Other crime,Unable to prosecute suspect,
,2019-02,Lancashire Constabulary,Lancashire Constabulary,-2.676325,53.743829,On or near Oakwood Avenue,E01025465,South Ribble 004E,Anti-social behaviour,,
0c761e02ae61bf086b92c5296ed667a32ab51cb22304022db0f98300742f425f,2019-02,Lancashire Constabulary,Lancashire Constabulary,-2.675058,53.742353,On or near Norfolk Road,E01025465,South Ribble 004E,Bicycle theft,Status update unavailable,
798c2e6dd024517380cfbfb696bb85b054cbf5fe7165ec1bf12485ac2d186455,2019-02,Lancashire Constabulary,Lancashire Constabulary,-2.677270,53.743212,On or near Hennel Lane,E01025465,South Ribble 004E,Burglary,Status update unavailable,
787c5d99d8842cb11a6f5bf6ac8f7bacd4fdf66519728da1a22cad8046ce4141,2019-02,Lancashire Constabulary,Lancashire Constabulary,-2.677270,53.743212,On or near Hennel Lane,E01025465,South Ribble 004E,Burglary,Status update unavailable,
c757ae47bb4928077899b50ba08bdbf276588ef9b07c7ffdcd059e626b9bacc1,2019-02,Lancashire Constabulary,Lancashire Constabulary,-2.671525,53.744251,On or near Drakes Hollow,E01025465,South Ribble 004E,Vehicle crime,Status update unavailable,
e5969f2cd9fd318250d2130b7d66731a2447fadbc43a14f7ee43f490a86639fa,2019-02,Lancashire Constabulary,Lancashire Constabulary,-2.675058,53.742353,On or near Norfolk Road,E01025465,South Ribble 004E,Violence and sexual offences,Unable to prosecute suspect,
408e17e6bfa62ebca75d2bd6d737cc347f7a3f9c2c100f3d8ce2554f658aa0ec,2019-02,Lancashire Constabulary,Lancashire Constabulary,-2.676325,53.743829,On or near Oakwood Avenue,E01025465,South Ribble 004E,Violence and sexual offences,Unable to prosecute suspect,
ae7d86eacd019d0f57bc29b0175ba04efa21e4175c81cb30f66e0f2751e929d0,2019-02,Lancashire Constabulary,Lancashire Constabulary,-2.673522,53.742056,On or near Allerton Road,E01025465,South Ribble 004E,Violence and sexual offences,Status update unavailable,
,2019-02,Lancashire Constabulary,Lancashire Constabulary,-2.708391,53.736435,On or near Studholme Crescent,E01025411,South Ribble 005A,Anti-social behaviour,,
,2019-02,Lancashire Constabulary,Lancashire Constabulary,-2.699119,53.733146,On or near The Cawsey,E01025411,South Ribble 005A,Anti-social behaviour,,
cf78c5bef493364e71d987aa90c3dfe06a84fe3ba7e210489392864ba5c56d7d,2019-02,Lancashire Constabulary,Lancashire Constabulary,-2.699119,53.733146,On or near The Cawsey,E01025411,South Ribble 005A,Burglary,Status update unavailable,
2d98ba5be523ea39531ff96cf3618b80b21afbe0f0db7027a93bf9375d056e51,2019-02,Lancashire Constabulary,Lancashire Constabulary,-2.696023,53.732912,On or near Claytongate Drive,E01025411,South Ribble 005A,Burglary,Status update unavailable,
7270c33baf0cb8ec2c012993d5c0964a1950d39d804df347879980bf60fb4fae,2019-02,Lancashire Constabulary,Lancashire Constabulary,-2.704066,53.736155,On or near Giller Fold,E01025411,South Ribble 005A,Burglary,Status update unavailable,
0b3d12ff5e7099d5e50e03207d5df6d8301036d50d8cbcef9a24e873f3467dfc,2019-02,Lancashire Constabulary,Lancashire Constabulary,-2.694467,53.726845,On or near Coote Lane,E01025411,South Ribble 005A,Other theft,Status update unavailable,
fe1e48d313d36f61022c5dd7e952f6ae68eca4807d539e6282d8544de4ee3a6a,2019-02,Lancashire Constabulary,Lancashire Constabulary,-2.704066,53.736155,On or near Giller Fold,E01025411,South Ribble 005A,Other theft,Status update unavailable,
4d59ce121be106594822fd96019b0bf3b9a460f72b7e5fdd1d3039cd9f02921b,2019-02,Lancashire Constabulary,Lancashire Constabulary,-2.696711,53.730544,On or near Far Croft,E01025411,South Ribble 005A,Violence and sexual offences,Further investigation is not in the public interest,
b6e8a6405f964a899605b9872380bcdf1593f16d907043428ac682e98e11ed01,2019-02,Lancashire Constabulary,Lancashire Constabulary,-2.698514,53.730480,On or near Leyland Road,E01025411,South Ribble 005A,Violence and sexual offences,Status update unavailable,
,2019-02,Lancashire Constabulary,Lancashire Constabulary,-2.709792,53.743087,On or near Greenbank Road,E01025448,South Ribble 005B,Anti-social behaviour,,
,2019-02,Lancashire Constabulary,Lancashire Constabulary,-2.714592,53.745404,On or near Park View,E01025448,South Ribble 005B,Anti-social behaviour,,
,2019-02,Lancashire Constabulary,Lancashire Constabulary,-2.710961,53.746810,On or near Stanley Avenue,E01025448,South Ribble 005B,Anti-social behaviour,,
,2019-02,Lancashire Constabulary,Lancashire Constabulary,-2.710961,53.746810,On or near Stanley Avenue,E01025448,South Ribble 005B,Anti-social behaviour,,
,2019-02,Lancashire Constabulary,Lancashire Constabulary,-2.714592,53.745404,On or near Park View,E01025448,South Ribble 005B,Anti-social behaviour,,
,2019-02,Lancashire Constabulary,Lancashire Constabulary,-2.712097,53.745851,On or near Dove Avenue,E01025448,South Ribble 005B,Anti-social behaviour,,
f1c082473125afff7869af90e4f2d09f818b2161bb111d51b32156527451bf27,2019-02,Lancashire Constabulary,Lancashire Constabulary,-2.709792,53.743087,On or near Greenbank Road,E01025448,South Ribble 005B,Burglary,Status update unavailable,
322dddca3ee3a36ece03d44037bdbe1f17cb7ff04a9a09f8d0fe00d2e8858812,2019-02,Lancashire Constabulary,Lancashire Constabulary,-2.710853,53.743997,On or near Brydeck Avenue,E01025448,South Ribble 005B,Burglary,Status update unavailable,
3ee2a68e1d9ccb861339f14bf67e0bcd16dd160b176e4042db29cc8e7a4eb35e,2019-02,Lancashire Constabulary,Lancashire Constabulary,-2.709792,53.743087,On or near Greenbank Road,E01025448,South Ribble 005B,Burglary,Unable to prosecute suspect,
fb2f9d2af0f98de05b1a4df60db6936465413f84a8e32ec11ff6ea074348be30,2019-02,Lancashire Constabulary,Lancashire Constabulary,-2.708582,53.742375,On or near Middleforth Green,E01025448,South Ribble 005B,Criminal damage and arson,Status update unavailable,
96b4a1d0eb19afbef300f304db18ef7dfd9d71357b57471d6fbd672e47e91f79,2019-02,Lancashire Constabulary,Lancashire Constabulary,-2.710853,53.743997,On or near Brydeck Avenue,E01025448,South Ribble 005B,Other theft,Status update unavailable,
aeb85a9a87592d8c46e43154841389de5d778cb9bc14a884c0a202c41b7422d2,2019-02,Lancashire Constabulary,Lancashire Constabulary,-2.710853,53.743997,On or near Brydeck Avenue,E01025448,South Ribble 005B,Other theft,Status update unavailable,
3bf2e5c05e7770b22c6633b6b188fbfd769866af4a7027f836cd81d042a27c4f,2019-02,Lancashire Constabulary,Lancashire Constabulary,-2.710999,53.746378,On or near Talbot Road,E01025448,South Ribble 005B,Violence and sexual offences,Unable to prosecute suspect,
d765282103fc5866ee5a08628ea1094d870727ae2eae1b9a027922796a77e1d1,2019-02,Lancashire Constabulary,Lancashire Constabulary,-2.708582,53.742375,On or near Middleforth Green,E01025448,South Ribble 005B,Violence and sexual offences,Status update unavailable,
1edef09aeaca9ffd99beb74fe0f3ba958527a2d3ff9d650c0d7715d509de7eba,2019-02,Lancashire Constabulary,Lancashire Constabulary,-2.712234,53.744978,On or near Mayfield Close,E01025448,South Ribble 005B,Violence and sexual offences,Unable to prosecute suspect,
125d503e4d4b7ea908df22933772e2260e01e5ad323836185deb89a72e814283,2019-02,Lancashire Constabulary,Lancashire Constabulary,-2.712410,53.747287,On or near Havelock Road,E01025448,South Ribble 005B,Violence and sexual offences,Status update unavailable,
5fe1ffee3fdc88dd29a2e28e9cd56b021436b139caebad1481c00b94048f7056,2019-02,Lancashire Constabulary,Lancashire Constabulary,-2.710351,53.738509,On or near New Lane,E01025449,South Ribble 005C,Criminal damage and arson,Status update unavailable,
5b604610bb05029b64507f6f26e686973a7bff5e58c79d60d82da50f35cf6259,2019-02,Lancashire Constabulary,Lancashire Constabulary,-2.714831,53.739839,On or near Greencroft,E01025449,South Ribble 005C,Criminal damage and arson,Local resolution,
d4f9fb5ced8e670239021f3c47aa34a4bc6e93cf14e716f980d66afc704ee378,2019-02,Lancashire Constabulary,Lancashire Constabulary,-2.713344,53.743362,On or near Ridge Way,E01025449,South Ribble 005C,Vehicle crime,Status update unavailable,
46dc961c1bc329b492f6f215d1f5fdc7fd94c4da13cc5cde37db1fbec363a1de,2019-02,Lancashire Constabulary,Lancashire Constabulary,-2.710351,53.738509,On or near New Lane,E01025449,South Ribble 005C,Violence and sexual offences,Status update unavailable,
8fce83e0af49099256ed5613e587f3a74004625f7fa456da8a41ac58fe064c21,2019-02,Lancashire Constabulary,Lancashire Constabulary,-2.702232,53.741666,On or near Sports/Recreation Area,E01025450,South Ribble 005D,Burglary,Status update unavailable,
692340eab143344896910a00472c0780cf287fe39eeb1c69d144526d11a1385d,2019-02,Lancashire Constabulary,Lancashire Constabulary,-2.708542,53.738214,On or near Sycamore Drive,E01025450,South Ribble 005D,Burglary,Status update unavailable,
f0c19d6d975a61789c73b2a661f5312880cf9648d21aa2125554737478d9cca6,2019-02,Lancashire Constabulary,Lancashire Constabulary,-2.702232,53.741666,On or near Sports/Recreation Area,E01025450,South Ribble 005D,Criminal damage and arson,Status update unavailable,
c5075c12cf1c4d31b525ff5f53b01def999cc598220d9b2e92f1d63448519870,2019-02,Lancashire Constabulary,Lancashire Constabulary,-2.705834,53.740387,On or near Smalley Croft,E01025450,South Ribble 005D,Vehicle crime,Status update unavailable,
a15ab4a651aa22801613236e6f77cfb1812ed3d1ad37625c50745932cc736e79,2019-02,Lancashire Constabulary,Lancashire Constabulary,-2.711054,53.737021,On or near Moss Acre Road,E01025450,South Ribble 005D,Vehicle crime,Status update unavailable,
cd2698de7dccfa40e49b89977bbc57de09e7671c5116689a9c319fff59ee8e8e,2019-02,Lancashire Constabulary,Lancashire Constabulary,-2.706664,53.737407,On or near Hawkshead,E01025450,South Ribble 005D,Violence and sexual offences,Status update unavailable,
745e2c7c83b132935aff78e16791d2e053d820a460d50805af797c8402e8a46e,2019-02,Lancashire Constabulary,Lancashire Constabulary,-2.706664,53.737407,On or near Hawkshead,E01025450,South Ribble 005D,Violence and sexual offences,Further investigation is not in the public interest,
,2019-02,Lancashire Constabulary,Lancashire Constabulary,-2.711661,53.733503,On or near Kingshaven Drive,E01025412,South Ribble 006A,Anti-social behaviour,,
,2019-02,Lancashire Constabulary,Lancashire Constabulary,-2.700042,53.730291,On or near Mark Close,E01025412,South Ribble 006A,Anti-social behaviour,,
a86c212d27cb47ffbb9935a0652ded6044ec51193ad35a3324e824fb4af4bb1a,2019-02,Lancashire Constabulary,Lancashire Constabulary,-2.698153,53.727920,On or near Fir Trees Crescent,E01025412,South Ribble 006A,Violence and sexual offences,Unable to prosecute suspect,
4a69627ba5d1c3e0e1bce2f686a00c8c53345027ef2664884f78d8eb98c87b96,2019-02,Lancashire Constabulary,Lancashire Constabulary,-2.698137,53.726060,On or near Bridge Close,E01025412,South Ribble 006A,Violence and sexual offences,Unable to prosecute suspect,
e1c244f67916fe0734537983cd330f6898e7a2e787b4f4c032f6fe6d2891a436,2019-02,Lancashire Constabulary,Lancashire Constabulary,-2.715452,53.732654,On or near Sports/Recreation Area,E01025412,South Ribble 006A,Violence and sexual offences,Status update unavailable,
36270e358a211123456a170646cc3d0a4d415221451dcbfac01c14211edf5080,2019-02,Lancashire Constabulary,Lancashire Constabulary,-2.715452,53.732654,On or near Sports/Recreation Area,E01025412,South Ribble 006A,Violence and sexual offences,Unable to prosecute suspect,
,2019-02,Lancashire Constabulary,Lancashire Constabulary,-2.722079,53.738106,On or near Windsor Avenue,E01025427,South Ribble 006B,Anti-social behaviour,,
,2019-02,Lancashire Constabulary,Lancashire Constabulary,-2.719720,53.738462,On or near Sunbury Avenue,E01025427,South Ribble 006B,Anti-social behaviour,,
,2019-02,Lancashire Constabulary,Lancashire Constabulary,-2.719720,53.738462,On or near Sunbury Avenue,E01025427,South Ribble 006B,Anti-social behaviour,,
343e6095823fa30c6693ce85fd6a339f40eb0d0274fe92f6babb66079998d9be,2019-02,Lancashire Constabulary,Lancashire Constabulary,-2.726039,53.733911,On or near Rosemary Court,E01025427,South Ribble 006B,Burglary,Status update unavailable,
28bf2496f392dc84ff0af0d2028dbd6f14e925c270973f8f819d09c90f66670a,2019-02,Lancashire Constabulary,Lancashire Constabulary,-2.719720,53.738462,On or near Sunbury Avenue,E01025427,South Ribble 006B,Burglary,Further investigation is not in the public interest,
4d5f48da58316faefbe5c2b4e37c2bb18de11c28538e3bb755f84ae09ee6ae14,2019-02,Lancashire Constabulary,Lancashire Constabulary,-2.720501,53.739841,On or near Alderfield,E01025427,South Ribble 006B,Other theft,Status update unavailable,
a3ee88bcf99cb52233e1b0beb3b1d0e52bf0105487a32f1bab0f84ba6dcd14f5,2019-02,Lancashire Constabulary,Lancashire Constabulary,-2.718807,53.740975,On or near Malthouse Way,E01025427,South Ribble 006B,Other theft,Status update unavailable,
fb64ccfcd917a340a73e4d1a30cee70545df328a39e4a398893c1b8d2d5c50dd,2019-02,Lancashire Constabulary,Lancashire Constabulary,-2.726039,53.733911,On or near Rosemary Court,E01025427,South Ribble 006B,Other theft,Status update unavailable,
c5c5e6c5adfe5c65b83a01a8b9174fcb9b9b920e9b7b631b865ce1aeb7409530,2019-02,Lancashire Constabulary,Lancashire Constabulary,-2.719720,53.738462,On or near Sunbury Avenue,E01025427,South Ribble 006B,Violence and sexual offences,Awaiting court outcome,
b20edc67407136d1fed87460b834646b9a1f66e68253baa6724942876a126a5d,2019-02,Lancashire Constabulary,Lancashire Constabulary,-2.722079,53.738106,On or near Windsor Avenue,E01025427,South Ribble 006B,Violence and sexual offences,Unable to prosecute suspect,
b5960057abd564ad45f14a15fb6fcbc7bb0a2d39afc96007052cf168e434a4f2,2019-02,Lancashire Constabulary,Lancashire Constabulary,-2.718807,53.740975,On or near Malthouse Way,E01025427,South Ribble 006B,Other crime,Status update unavailable,
,2019-02,Lancashire Constabulary,Lancashire Constabulary,-2.715595,53.733920,On or near Kingsfold Drive,E01025428,South Ribble 006C,Anti-social behaviour,,
,2019-02,Lancashire Constabulary,Lancashire Constabulary,-2.715595,53.733920,On or near Kingsfold Drive,E01025428,South Ribble 006C,Anti-social behaviour,,
,2019-02,Lancashire Constabulary,Lancashire Constabulary,-2.715595,53.733920,On or near Kingsfold Drive,E01025428,South Ribble 006C,Anti-social behaviour,,
,2019-02,Lancashire Constabulary,Lancashire Constabulary,-2.713955,53.735557,On or near Martin Field Road,E01025428,South Ribble 006C,Anti-social behaviour,,
,2019-02,Lancashire Constabulary,Lancashire Constabulary,-2.719585,53.736809,On or near Parking Area,E01025428,South Ribble 006C,Anti-social behaviour,,
,2019-02,Lancashire Constabulary,Lancashire Constabulary,-2.721305,53.735441,On or near Woodville Road,E01025428,South Ribble 006C,Anti-social behaviour,,
,2019-02,Lancashire Constabulary,Lancashire Constabulary,-2.719406,53.736963,On or near Supermarket,E01025428,South Ribble 006C,Anti-social behaviour,,
,2019-02,Lancashire Constabulary,Lancashire Constabulary,-2.715595,53.733920,On or near Kingsfold Drive,E01025428,South Ribble 006C,Anti-social behaviour,,
,2019-02,Lancashire Constabulary,Lancashire Constabulary,-2.715818,53.736355,On or near Padway,E01025428,South Ribble 006C,Anti-social behaviour,,
,2019-02,Lancashire Constabulary,Lancashire Constabulary,-2.719406,53.736963,On or near Supermarket,E01025428,South Ribble 006C,Anti-social behaviour,,
,2019-02,Lancashire Constabulary,Lancashire Constabulary,-2.715595,53.733920,On or near Kingsfold Drive,E01025428,South Ribble 006C,Anti-social behaviour,,
,2019-02,Lancashire Constabulary,Lancashire Constabulary,-2.719406,53.736963,On or near Supermarket,E01025428,South Ribble 006C,Anti-social behaviour,,
,2019-02,Lancashire Constabulary,Lancashire Constabulary,-2.716765,53.736754,On or near Highfield Drive,E01025428,South Ribble 006C,Anti-social behaviour,,
217e5c346e82805b587f73f8c4011260bb6e46a15cae924aad5ccccfc7a392df,2019-02,Lancashire Constabulary,Lancashire Constabulary,-2.719585,53.736809,On or near Parking Area,E01025428,South Ribble 006C,Burglary,Status update unavailable,
5f43e7c715ef798a6f2e51a169d167a9420cbaf29e037c966b586b0d824343de,2019-02,Lancashire Constabulary,Lancashire Constabulary,-2.709594,53.735880,On or near Evesham Avenue,E01025428,South Ribble 006C,Criminal damage and arson,Status update unavailable,
f9a43bea9a02f495837ad1a1beaf6230ca035d04e953715c176ad59de4b1bc11,2019-02,Lancashire Constabulary,Lancashire Constabulary,-2.719585,53.736809,On or near Parking Area,E01025428,South Ribble 006C,Drugs,Offender given community sentence,
19212f56c63842339961acf16ec7294e43361633860b0d0116d17fd99b166360,2019-02,Lancashire Constabulary,Lancashire Constabulary,-2.715595,53.733920,On or near Kingsfold Drive,E01025428,South Ribble 006C,Drugs,Local resolution,
433a70f94d4333885010eea2bcd354e69baec5455ffa4fd95ccfdce812fae8d1,2019-02,Lancashire Constabulary,Lancashire Constabulary,-2.718842,53.736786,On or near Parking Area,E01025428,South Ribble 006C,Other theft,Status update unavailable,
705347657c7bb0bee92782ccecbdc047af618c9b6c7371a5cdf627cb912c5408,2019-02,Lancashire Constabulary,Lancashire Constabulary,-2.715818,53.736355,On or near Padway,E01025428,South Ribble 006C,Other theft,Status update unavailable,
c1c2fb448b35797cdf3851f13dc6dd683d94d6783fe6b4926d5a730b911350a4,2019-02,Lancashire Constabulary,Lancashire Constabulary,-2.715818,53.736355,On or near Padway,E01025428,South Ribble 006C,Other theft,Unable to prosecute suspect,
454ff406a5312c939be04f35c90c9ede676b53166e217b3c28e4e8d00cc3a174,2019-02,Lancashire Constabulary,Lancashire Constabulary,-2.715818,53.736355,On or near Padway,E01025428,South Ribble 006C,Other theft,Status update unavailable,
0f75a7f91d5d86ba370ee14177ded6489dfe5367df25d039fd61d44f5bd72351,2019-02,Lancashire Constabulary,Lancashire Constabulary,-2.715818,53.736355,On or near Padway,E01025428,South Ribble 006C,Other theft,Unable to prosecute suspect,
a449509cffb137146c1ee449dad209c4bde04bf4627b22cd259eb0e17c7b1998,2019-02,Lancashire Constabulary,Lancashire Constabulary,-2.719585,53.736809,On or near Parking Area,E01025428,South Ribble 006C,Public order,Unable to prosecute suspect,
ade0e35da9915a42cde665ecdf27b865ad541ae89d242689650f9c42fa956585,2019-02,Lancashire Constabulary,Lancashire Constabulary,-2.719585,53.736809,On or near Parking Area,E01025428,South Ribble 006C,Theft from the person,Status update unavailable,
181d65a4ad6a9b13631ae14d069b9450c75ddf522cadd7a9b02bbbbefe13eb5e,2019-02,Lancashire Constabulary,Lancashire Constabulary,-2.710333,53.736513,On or near Charnock Avenue,E01025428,South Ribble 006C,Violence and sexual offences,Status update unavailable,
842ed64e6c0ef4c7690b6071e8a1329591ef3802917e212486e6d394cfdb859b,2019-02,Lancashire Constabulary,Lancashire Constabulary,-2.715595,53.733920,On or near Kingsfold Drive,E01025428,South Ribble 006C,Violence and sexual offences,Status update unavailable,
5867e520584fdc65680c896a41157fe64d58015d3824db65011e4e89d6842291,2019-02,Lancashire Constabulary,Lancashire Constabulary,-2.713773,53.734686,On or near Buckingham Avenue,E01025428,South Ribble 006C,Violence and sexual offences,Unable to prosecute suspect,
67db1b99dd66484da81693b8fa60c8c10d90989c9c2acf5fc5302cd20d54adbd,2019-02,Lancashire Constabulary,Lancashire Constabulary,-2.713846,53.735423,On or near Peterfield Road,E01025428,South Ribble 006C,Violence and sexual offences,Unable to prosecute suspect,
,2019-02,Lancashire Constabulary,Lancashire Constabulary,-2.721988,53.734619,On or near Charnley Close,E01025429,South Ribble 006D,Anti-social behaviour,,
,2019-02,Lancashire Constabulary,Lancashire Constabulary,-2.721988,53.734619,On or near Charnley Close,E01025429,South Ribble 006D,Anti-social behaviour,,
,2019-02,Lancashire Constabulary,Lancashire Constabulary,-2.721988,53.734619,On or near Charnley Close,E01025429,South Ribble 006D,Anti-social behaviour,,
,2019-02,Lancashire Constabulary,Lancashire Constabulary,-2.717687,53.733980,On or near Stone Croft,E01025429,South Ribble 006D,Anti-social behaviour,,
,2019-02,Lancashire Constabulary,Lancashire Constabulary,-2.720826,53.732235,On or near Braid Close,E01025429,South Ribble 006D,Anti-social behaviour,,
a15c57c1ac4e369c0352c7a957fc421ed95198060549020542d99b48aba0cefc,2019-02,Lancashire Constabulary,Lancashire Constabulary,-2.721988,53.734619,On or near Charnley Close,E01025429,South Ribble 006D,Burglary,Status update unavailable,
220a5a02c1cd70d65a170b19ddecc2336dcaaad5986e3db4fa1651a9be27367d,2019-02,Lancashire Constabulary,Lancashire Constabulary,-2.721988,53.734619,On or near Charnley Close,E01025429,South Ribble 006D,Burglary,Unable to prosecute suspect,
4fb5512ee24acbc8f9dced557fbe7b8915d49963877deb68a2e32731c1214d39,2019-02,Lancashire Constabulary,Lancashire Constabulary,-2.718884,53.733892,On or near Aspinall Close,E01025429,South Ribble 006D,Criminal damage and arson,Status update unavailable,
c6e2629d065dcf6e877c6d2c806a6397e1b6c2e69c02e7bddee7c9632d6a2a54,2019-02,Lancashire Constabulary,Lancashire Constabulary,-2.720826,53.732235,On or near Braid Close,E01025429,South Ribble 006D,Public order,Status update unavailable,
95e3298901ccee1a061c30a1377e702fba64216710b3bf0f5711599cd72a3bf4,2019-02,Lancashire Constabulary,Lancashire Constabulary,-2.722486,53.733573,On or near Bannister'S Bit,E01025429,South Ribble 006D,Public order,Unable to prosecute suspect,
b32057c825a32f9a752fac7b9d3b307a81c8a83ec5fe7f077fbcf64bca527726,2019-02,Lancashire Constabulary,Lancashire Constabulary,-2.722486,53.733573,On or near Bannister'S Bit,E01025429,South Ribble 006D,Violence and sexual offences,Status update unavailable,
ad95848c08d1f33bf9d617434e9c4d04389713a5d3123eeffe28f27040bf45b1,2019-02,Lancashire Constabulary,Lancashire Constabulary,-2.720826,53.732235,On or near Braid Close,E01025429,South Ribble 006D,Violence and sexual offences,Formal action is not in the public interest,
481e93c6a24ea97800dd5a38a8a152a2732f3003bbca32bbf62c5d24262aaaaf,2019-02,Lancashire Constabulary,Lancashire Constabulary,-2.724126,53.732889,On or near Fryers Close,E01025429,South Ribble 006D,Violence and sexual offences,Status update unavailable,
1254c36745c662811171754dc0afc8ff4cc2c1ca10d4d328d1c11812c3081e98,2019-02,Lancashire Constabulary,Lancashire Constabulary,-2.720826,53.732235,On or near Braid Close,E01025429,South Ribble 006D,Violence and sexual offences,Status update unavailable,
b1db9f9bc2fd967fdab3e526e12bf13c0190091d5fd5727d3133edd5922bff18,2019-02,Lancashire Constabulary,Lancashire Constabulary,-2.722486,53.733573,On or near Bannister'S Bit,E01025429,South Ribble 006D,Violence and sexual offences,Status update unavailable,
a9c4139a13d41f004cbffebc563fc26057f4265990ba9a8e6422b0b7b30d8d02,2019-02,Lancashire Constabulary,Lancashire Constabulary,-2.675761,53.736066,On or near Lulworth Place,E01025404,South Ribble 007A,Burglary,Status update unavailable,
faaf2a2aa232d23343e25f3370643fae7ccf69ea1f84f6b044311ec8c9aabb14,2019-02,Lancashire Constabulary,Lancashire Constabulary,-2.670739,53.734863,On or near Grenville Avenue,E01025404,South Ribble 007A,Burglary,Status update unavailable,
8a8237f68ed77bd427c4b7f811aceea76272fc4cc5405bf9798342b9ceba8814,2019-02,Lancashire Constabulary,Lancashire Constabulary,-2.672686,53.735301,On or near Tennyson Place,E01025404,South Ribble 007A,Public order,Status update unavailable,
3e47f9ef6b991da19a7ffe98b1f6caa6b44884a98515d9be7dc969ad8cd789b5,2019-02,Lancashire Constabulary,Lancashire Constabulary,-2.672550,53.734385,On or near Albany Drive,E01025404,South Ribble 007A,Public order,Status update unavailable,
ecc555e9dc6631265df2dcbfde336c85402e8316399297e80faaebbea05cb9e8,2019-02,Lancashire Constabulary,Lancashire Constabulary,-2.673532,53.736043,On or near Milton Close,E01025404,South Ribble 007A,Violence and sexual offences,Unable to prosecute suspect,
,2019-02,Lancashire Constabulary,Lancashire Constabulary,-2.661670,53.724963,On or near Nelson Street,E01025405,South Ribble 007B,Anti-social behaviour,,
7b428951ddb706f20a438379f9cb2fa4702d16d555388551dc61ff6127e1504a,2019-02,Lancashire Constabulary,Lancashire Constabulary,-2.670715,53.722864,On or near Supermarket,E01025405,South Ribble 007B,Burglary,Status update unavailable,
e0f6c2b283daeb99560b6d4ce1613d915cd5930f9da7d4bc417c0736ab04f4d8,2019-02,Lancashire Constabulary,Lancashire Constabulary,-2.667570,53.722414,On or near Petrol Station,E01025405,South Ribble 007B,Other theft,Status update unavailable,
488aae50dbac58ec97f462ac7c641378e7c453fc867e4071a9e26ce15781667d,2019-02,Lancashire Constabulary,Lancashire Constabulary,-2.667570,53.722414,On or near Petrol Station,E01025405,South Ribble 007B,Other theft,Status update unavailable,
7b010d786a11ca91c0b2864f7c60296074306d4fc8ecbd012dbb52c9c0208e8f,2019-02,Lancashire Constabulary,Lancashire Constabulary,-2.667570,53.722414,On or near Petrol Station,E01025405,South Ribble 007B,Other theft,Status update unavailable,
739a904c355a39a3ebfb9cc4ab30e958dad44c6332a0bfd0d5fe0cd9f9c21506,2019-02,Lancashire Constabulary,Lancashire Constabulary,-2.667570,53.722414,On or near Petrol Station,E01025405,South Ribble 007B,Other theft,Status update unavailable,
abef34cada41cfeece89bb651e95c84384a04b8407720720040f910595f6193d,2019-02,Lancashire Constabulary,Lancashire Constabulary,-2.662279,53.724196,On or near Co-Operative Street,E01025405,South Ribble 007B,Other theft,Status update unavailable,
d36719c8e7e6fb9c3ceb3d8ce7fec1a68bd13d2b8661bf6b22d43803b2f2d1d2,2019-02,Lancashire Constabulary,Lancashire Constabulary,-2.668670,53.724844,On or near Sports/Recreation Area,E01025405,South Ribble 007B,Shoplifting,Status update unavailable,
8e21d348f7ca0a301411f494f439052db5f4b40c6e2f9241dbb761a159876019,2019-02,Lancashire Constabulary,Lancashire Constabulary,-2.670715,53.722864,On or near Supermarket,E01025405,South Ribble 007B,Shoplifting,Status update unavailable,
eadc06852cc17b4afa194ef97eaa557f4d459fdeef4946666fda9704925a125f,2019-02,Lancashire Constabulary,Lancashire Constabulary,-2.667570,53.722414,On or near Petrol Station,E01025405,South Ribble 007B,Shoplifting,Status update unavailable,
b4e5545caac6e36f968dcb7d15404af43d315f02d4c4e52fab5bc64e3146e21c,2019-02,Lancashire Constabulary,Lancashire Constabulary,-2.668670,53.724844,On or near Sports/Recreation Area,E01025405,South Ribble 007B,Shoplifting,Status update unavailable,
8ac5c377fd06eefd4d0c90817ce9f532cf25651c49eb5d249ea7e9abebeedd22,2019-02,Lancashire Constabulary,Lancashire Constabulary,-2.664111,53.723116,On or near Bridge Street,E01025405,South Ribble 007B,Violence and sexual offences,Unable to prosecute suspect,
d3c755523a4a299b3bd371c1a1a73122788c40d9fd1cf3eebbdb8ce758d8b093,2019-02,Lancashire Constabulary,Lancashire Constabulary,-2.663384,53.725098,On or near Bymbrig Close,E01025405,South Ribble 007B,Violence and sexual offences,Status update unavailable,
c7bd018e025e88dea7cc36817d27d930e1998b957a8daadf220be1873720f4ee,2019-02,Lancashire Constabulary,Lancashire Constabulary,-2.663384,53.725098,On or near Bymbrig Close,E01025405,South Ribble 007B,Violence and sexual offences,Status update unavailable,
0ed9e2d200f3dbc5ef90ffd3d497535be82798d3fad8fa27dfdfe0eb9557dfad,2019-02,Lancashire Constabulary,Lancashire Constabulary,-2.670715,53.722864,On or near Supermarket,E01025405,South Ribble 007B,Violence and sexual offences,Status update unavailable,
a7cae06cc0bde7a2c197a0e656a472f9d51580d2d84f2c19b070c358217c5899,2019-02,Lancashire Constabulary,Lancashire Constabulary,-2.663384,53.725098,On or near Bymbrig Close,E01025405,South Ribble 007B,Violence and sexual offences,Status update unavailable,
afa8116c809fcd6f57e8ea079edd78fffdc5fb9d465f97a31705bb0f84172091,2019-02,Lancashire Constabulary,Lancashire Constabulary,-2.661670,53.724963,On or near Nelson Street,E01025405,South Ribble 007B,Violence and sexual offences,Status update unavailable,
f9a8f45d6234d6148a6096c445a63fa9dca9c42cdf5a4c0063482fb2814144b7,2019-02,Lancashire Constabulary,Lancashire Constabulary,-2.663313,53.721557,On or near Station Road,E01025405,South Ribble 007B,Violence and sexual offences,Unable to prosecute suspect,
c97e8b30f5e1796bfb0a1ab39e62573745a69265ae7c42632d8f0ae6a510f0c9,2019-02,Lancashire Constabulary,Lancashire Constabulary,-2.663313,53.721557,On or near Station Road,E01025405,South Ribble 007B,Violence and sexual offences,Status update unavailable,
f0d3fcb254d58508768c8e779de11c5fd594e21a42a5b369062f7ad48200e1c6,2019-02,Lancashire Constabulary,Lancashire Constabulary,-2.662196,53.723738,On or near Duke Street,E01025405,South Ribble 007B,Violence and sexual offences,Awaiting court outcome,
395b1c71fe7e7b9a318e2bb13ecaa368a474c9653d3ffbe65aed3b817e33320a,2019-02,Lancashire Constabulary,Lancashire Constabulary,-2.663313,53.721557,On or near Station Road,E01025405,South Ribble 007B,Violence and sexual offences,Status update unavailable,
6914f14f61916ef8fa2c4a282a92ff5e42d1c8abf3c9846aa2ea167097cead19,2019-02,Lancashire Constabulary,Lancashire Constabulary,-2.667570,53.722414,On or near Petrol Station,E01025405,South Ribble 007B,Violence and sexual offences,Unable to prosecute suspect,
,2019-02,Lancashire Constabulary,Lancashire Constabulary,-2.670201,53.733473,On or near Duddle Lane,E01025406,South Ribble 007C,Anti-social behaviour,,
827f9ccefbfa9faecd60e0a09bd4cbff39bc0034354782ed2070ac739048c751,2019-02,Lancashire Constabulary,Lancashire Constabulary,-2.672272,53.732131,On or near Danesway,E01025406,South Ribble 007C,Burglary,Status update unavailable,
d40b7e26e972a90fac4fe792b7f82f4cbe4ffe3d0245d77410a04b4b7ec1c56c,2019-02,Lancashire Constabulary,Lancashire Constabulary,-2.671478,53.730814,On or near St Mary'S Avenue,E01025406,South Ribble 007C,Burglary,Status update unavailable,
8bde93ade6cbecf8ef903384897821bdcbc0644ee9d792daf95ea28da02a3f9d,2019-02,Lancashire Constabulary,Lancashire Constabulary,-2.670421,53.730146,On or near Fountains Reach,E01025406,South Ribble 007C,Burglary,Status update unavailable,
,2019-02,Lancashire Constabulary,Lancashire Constabulary,-2.662357,53.732033,On or near Hodson Street,E01025407,South Ribble 007D,Anti-social behaviour,,
,2019-02,Lancashire Constabulary,Lancashire Constabulary,-2.665332,53.728485,On or near Regentsway,E01025407,South Ribble 007D,Anti-social behaviour,,
,2019-02,Lancashire Constabulary,Lancashire Constabulary,-2.663308,53.729880,On or near Ellen Street,E01025407,South Ribble 007D,Anti-social behaviour,,
,2019-02,Lancashire Constabulary,Lancashire Constabulary,-2.666260,53.728704,On or near Meanygate,E01025407,South Ribble 007D,Anti-social behaviour,,
,2019-02,Lancashire Constabulary,Lancashire Constabulary,-2.663232,53.728883,On or near Ellen Street,E01025407,South Ribble 007D,Anti-social behaviour,,
,2019-02,Lancashire Constabulary,Lancashire Constabulary,-2.662997,53.732246,On or near Greenwood Street,E01025407,South Ribble 007D,Anti-social behaviour,,
fb1e29578c7b71692dc8b37b0b83b6eb568d71d5a768c7b33e9b5a0fdb307737,2019-02,Lancashire Constabulary,Lancashire Constabulary,-2.662353,53.730829,On or near John Street,E01025407,South Ribble 007D,Burglary,Status update unavailable,
6d7a7ee9b582739d74089926007da1df79593a3b0126f6e36daf04302b919524,2019-02,Lancashire Constabulary,Lancashire Constabulary,-2.667384,53.727898,On or near Within Lea,E01025407,South Ribble 007D,Other theft,Status update unavailable,
e93cd6ba3639e6f62691de14949a2e8e402da6581fe8d5cf4c95c558b2b6fb22,2019-02,Lancashire Constabulary,Lancashire Constabulary,-2.668063,53.729575,On or near Baxendale Grove,E01025407,South Ribble 007D,Other theft,Status update unavailable,
5a3872a289a43e4f977e2656ff04094983f04fbe41a04cd35f3b041ca7cc30bf,2019-02,Lancashire Constabulary,Lancashire Constabulary,-2.663232,53.728883,On or near Ellen Street,E01025407,South Ribble 007D,Public order,Further investigation is not in the public interest,
d87f47a78788f1170db8f4bc0e8b6902782ad6b3cac4c361f6a6b1e2bd2d14d6,2019-02,Lancashire Constabulary,Lancashire Constabulary,-2.666260,53.728704,On or near Meanygate,E01025407,South Ribble 007D,Public order,Unable to prosecute suspect,
ff2e1262b8b32502d38ed08f014c1a7f9c102079d5745481d149ff96d5ff51f4,2019-02,Lancashire Constabulary,Lancashire Constabulary,-2.669274,53.728526,On or near Firbank,E01025407,South Ribble 007D,Vehicle crime,Further investigation is not in the public interest,
fda8d97df1e72e977b1977dfc6a5ad85a729362af0d88006005ba2d1af0907a0,2019-02,Lancashire Constabulary,Lancashire Constabulary,-2.667114,53.728996,On or near Wellbeck Close,E01025407,South Ribble 007D,Violence and sexual offences,Status update unavailable,
65a7e13184560fb8b27d97f4386064f35c6a8e93fbfa3267880fde001bb322a8,2019-02,Lancashire Constabulary,Lancashire Constabulary,-2.662353,53.730829,On or near John Street,E01025407,South Ribble 007D,Violence and sexual offences,Status update unavailable,
a4bced31e37e14222c1f579d3cfc8718a2f5ae2f605cb52c0f70146be7a6a3a1,2019-02,Lancashire Constabulary,Lancashire Constabulary,-2.661772,53.729547,On or near Oakland Street,E01025407,South Ribble 007D,Violence and sexual offences,Unable to prosecute suspect,
e0ba08b5838249eb7be8c3b210b58d77f69ef3cf2b1693307ee903b7c911ec64,2019-02,Lancashire Constabulary,Lancashire Constabulary,-2.669274,53.728526,On or near Firbank,E01025407,South Ribble 007D,Violence and sexual offences,Formal action is not in the public interest,
a5240ff44daa872aa461ee07183777e69ea3a49dbc1cd756e57202e945320756,2019-02,Lancashire Constabulary,Lancashire Constabulary,-2.667166,53.728438,On or near Garforth Crescent,E01025407,South Ribble 007D,Violence and sexual offences,Status update unavailable,
02822c1e02251730a638a010e620a9509e88a0e5309630535e7e5c462e9b5525,2019-02,Lancashire Constabulary,Lancashire Constabulary,-2.662136,53.730498,On or near James Street,E01025407,South Ribble 007D,Violence and sexual offences,Status update unavailable,
45c8957262a2c9c287f382f127cd586114e3d51e450f931370928f551f98ca93,2019-02,Lancashire Constabulary,Lancashire Constabulary,-2.665629,53.729984,On or near Brownedge Lane,E01025407,South Ribble 007D,Violence and sexual offences,Unable to prosecute suspect,
b02b8bc6dbb21ab8aa2d10c58e24d8e7b5302c155f0a5f9def08ed41fe29feac,2019-02,Lancashire Constabulary,Lancashire Constabulary,-2.663232,53.728883,On or near Ellen Street,E01025407,South Ribble 007D,Violence and sexual offences,Investigation complete; no suspect identified,
9ea0fbff9d187af1192835396d943ae9d739c2b70adc46946c4d239ad85907e1,2019-02,Lancashire Constabulary,Lancashire Constabulary,-2.662357,53.732033,On or near Hodson Street,E01025407,South Ribble 007D,Violence and sexual offences,Unable to prosecute suspect,
a6167e786607e8921c2312b19b5c9bbb8546a892f3b02dd1fa54fc67b6887833,2019-02,Lancashire Constabulary,Lancashire Constabulary,-2.661459,53.727949,On or near Cranbourne Street,E01025407,South Ribble 007D,Violence and sexual offences,Awaiting court outcome,
7dc5650d8710e07cc01408d2152c0b27178aa6e1e1f96ab89fad528b1546d45c,2019-02,Lancashire Constabulary,Lancashire Constabulary,-2.667166,53.728438,On or near Garforth Crescent,E01025407,South Ribble 007D,Violence and sexual offences,Awaiting court outcome,
c7ef57a2bfbada76b60eea8aa103128ababa7205beb841190ac13d4c6030da7e,2019-02,Lancashire Constabulary,Lancashire Constabulary,-2.663103,53.731274,On or near Aspden Street,E01025407,South Ribble 007D,Violence and sexual offences,Status update unavailable,
72f5cf43fca5b65705c09e372b89e937d4a6717558115cd07120d3d974e6a5ea,2019-02,Lancashire Constabulary,Lancashire Constabulary,-2.663232,53.728883,On or near Ellen Street,E01025407,South Ribble 007D,Violence and sexual offences,Unable to prosecute suspect,
7878060089c710504a8c936df9bcc96c01c12d980ac9ce289bc6ccc5bb312663,2019-02,Lancashire Constabulary,Lancashire Constabulary,-2.665629,53.729984,On or near Brownedge Lane,E01025407,South Ribble 007D,Violence and sexual offences,Unable to prosecute suspect,
c1fc70c416b9d9322fc8c5f8cb1b67dffbb583611f4834c580e3db67169cbb94,2019-02,Lancashire Constabulary,Lancashire Constabulary,-2.662136,53.730498,On or near James Street,E01025407,South Ribble 007D,Other crime,Status update unavailable,
,2019-02,Lancashire Constabulary,Lancashire Constabulary,-2.658968,53.728610,On or near Lodge Close,E01025399,South Ribble 008A,Anti-social behaviour,,
,2019-02,Lancashire Constabulary,Lancashire Constabulary,-2.655689,53.734074,On or near Collins Road North,E01025399,South Ribble 008A,Anti-social behaviour,,
ef27be8c23532a9ade8ab4dfe3767827a8421a44605ced02d35ba5dcbad73b06,2019-02,Lancashire Constabulary,Lancashire Constabulary,-2.660272,53.728602,On or near Tyne Street,E01025399,South Ribble 008A,Bicycle theft,Status update unavailable,
60a0263c0f8f96265787a09b8d2241315cb43b76f007967b7ad7fe58da786fd1,2019-02,Lancashire Constabulary,Lancashire Constabulary,-2.659479,53.729299,On or near Withy Grove Road,E01025399,South Ribble 008A,Bicycle theft,Status update unavailable,
a2472022a986b93c83ec42a5a701d1d37f5083b2c871aaca3b24f08522c1ccd0,2019-02,Lancashire Constabulary,Lancashire Constabulary,-2.659479,53.729299,On or near Withy Grove Road,E01025399,South Ribble 008A,Criminal damage and arson,Status update unavailable,
8fe01736599d196bd0a6bcfc5f849de1c9308faee4c28b28fb67e1f271e1390f,2019-02,Lancashire Constabulary,Lancashire Constabulary,-2.657965,53.733271,On or near Whitefield Meadow,E01025399,South Ribble 008A,Public order,Further investigation is not in the public interest,
013089ffb64d3e089ab6a04c84741958e24bda5c0d62b86d27b754358eff367a,2019-02,Lancashire Constabulary,Lancashire Constabulary,-2.659479,53.729299,On or near Withy Grove Road,E01025399,South Ribble 008A,Shoplifting,Status update unavailable,
e34785bb31f098f56573b49fa4099e4141570b1b6f62d14b80e0d14bab464b0d,2019-02,Lancashire Constabulary,Lancashire Constabulary,-2.655689,53.734074,On or near Collins Road North,E01025399,South Ribble 008A,Violence and sexual offences,Status update unavailable,
feba522f0897b9d6ac0e90b416455effe0b3cf6ba8e0b9d27bdd489eb3aafe42,2019-02,Lancashire Constabulary,Lancashire Constabulary,-2.657815,53.732418,On or near Collins Road,E01025399,South Ribble 008A,Violence and sexual offences,Status update unavailable,
3f1a01215c6152c650db3ed233eb92996c889e32bf7c21bf47e3ea6f08c9ab29,2019-02,Lancashire Constabulary,Lancashire Constabulary,-2.659479,53.729299,On or near Withy Grove Road,E01025399,South Ribble 008A,Violence and sexual offences,Status update unavailable,
8592cec06709365733f4733a188cca6d6a7bb837b8bf410241ab22b3a8b21810,2019-02,Lancashire Constabulary,Lancashire Constabulary,-2.660594,53.733697,On or near Fourfields,E01025399,South Ribble 008A,Violence and sexual offences,Unable to prosecute suspect,
8f31eada17a1eff6de86e8a60a04ca24b459cc1a2b46ad6e36770300a24f26bf,2019-02,Lancashire Constabulary,Lancashire Constabulary,-2.657815,53.732418,On or near Collins Road,E01025399,South Ribble 008A,Violence and sexual offences,Unable to prosecute suspect,
391aacc4e64a5733210a52b4496bb2d65d0b1756ce991405d1f1efa4e26afc42,2019-02,Lancashire Constabulary,Lancashire Constabulary,-2.655689,53.734074,On or near Collins Road North,E01025399,South Ribble 008A,Violence and sexual offences,Further investigation is not in the public interest,
7aa3f0071b3602adcf1cccfb49e056ee7365f06cb86dd2ef02c9681fb52a4550,2019-02,Lancashire Constabulary,Lancashire Constabulary,-2.658276,53.730887,On or near Elm Drive,E01025399,South Ribble 008A,Violence and sexual offences,Status update unavailable,
10a7ba6c9bb644f500469ed0cebd4a076e1cbe6fd5c67c83e0a4d8e53fa166b3,2019-02,Lancashire Constabulary,Lancashire Constabulary,-2.660594,53.733697,On or near Fourfields,E01025399,South Ribble 008A,Other crime,Further investigation is not in the public interest,
,2019-02,Lancashire Constabulary,Lancashire Constabulary,-2.651432,53.729352,On or near Sports/Recreation Area,E01025400,South Ribble 008B,Anti-social behaviour,,
,2019-02,Lancashire Constabulary,Lancashire Constabulary,-2.651432,53.729352,On or near Sports/Recreation Area,E01025400,South Ribble 008B,Anti-social behaviour,,
,2019-02,Lancashire Constabulary,Lancashire Constabulary,-2.648562,53.727049,On or near Lady Acre,E01025400,South Ribble 008B,Anti-social behaviour,,
,2019-02,Lancashire Constabulary,Lancashire Constabulary,-2.645978,53.727566,On or near Moorhey Crescent,E01025400,South Ribble 008B,Anti-social behaviour,,
,2019-02,Lancashire Constabulary,Lancashire Constabulary,-2.651432,53.729352,On or near Sports/Recreation Area,E01025400,South Ribble 008B,Anti-social behaviour,,
a0c7f114707dd10aaf60fae3115a0fa93a917399649924d7e1ff0b1ab2e406b7,2019-02,Lancashire Constabulary,Lancashire Constabulary,-2.651432,53.729352,On or near Sports/Recreation Area,E01025400,South Ribble 008B,Criminal damage and arson,Unable to prosecute suspect,
0401703be3c72c0fab99dca92b94e3236ad9e104d76d27d1fbe820aac86901b2,2019-02,Lancashire Constabulary,Lancashire Constabulary,-2.655894,53.731665,On or near Larch Grove,E01025400,South Ribble 008B,Public order,Unable to prosecute suspect,
826b1550aa61ad8fac8b9fd52278dc98770e4f548a8451c578c239698baa8fed,2019-02,Lancashire Constabulary,Lancashire Constabulary,-2.637830,53.721956,On or near Oakshott Place,E01025400,South Ribble 008B,Vehicle crime,Status update unavailable,
18d4dd5567607bf5c0441deb91f5a4e79d16286ad946fff4bbe83983f135df7d,2019-02,Lancashire Constabulary,Lancashire Constabulary,-2.637830,53.721956,On or near Oakshott Place,E01025400,South Ribble 008B,Vehicle crime,Status update unavailable,
,2019-02,Lancashire Constabulary,Lancashire Constabulary,-2.656613,53.729198,On or near Withy Grove Close,E01025401,South Ribble 008C,Anti-social behaviour,,
,2019-02,Lancashire Constabulary,Lancashire Constabulary,-2.659832,53.725702,On or near Jackson Street,E01025401,South Ribble 008C,Anti-social behaviour,,
5f5fa4c5792c7a41e5139f0918c018278983325403f2e70109c972381862f7d7,2019-02,Lancashire Constabulary,Lancashire Constabulary,-2.649463,53.723565,On or near Bradkirk Place,E01025401,South Ribble 008C,Burglary,Status update unavailable,
992bad0fe0b8e25fabcd9ef8c6db8acc44a746c966b04bdbf3833a0eead97b7a,2019-02,Lancashire Constabulary,Lancashire Constabulary,-2.660677,53.720637,On or near Church Mews,E01025401,South Ribble 008C,Criminal damage and arson,Status update unavailable,
7963218064576ea2183ea279b419d75f62b74eff2feaacc3c4413337bbe1f56c,2019-02,Lancashire Constabulary,Lancashire Constabulary,-2.656613,53.729198,On or near Withy Grove Close,E01025401,South Ribble 008C,Criminal damage and arson,Status update unavailable,
9688740e1345886121d7c248d545dd069de6c1270c52a379e02904a64f9df32b,2019-02,Lancashire Constabulary,Lancashire Constabulary,-2.656086,53.718711,On or near A6,E01025401,South Ribble 008C,Public order,Status update unavailable,
b974db5406a074b6923527ba69e36cf769a288148b4af712149f61d43b44937e,2019-02,Lancashire Constabulary,Lancashire Constabulary,-2.648810,53.719569,On or near Seedlee Road,E01025401,South Ribble 008C,Vehicle crime,Status update unavailable,
daa4b228e97c382cb7c9bec3825e07ff29eba1b2a3722d135948e5ab98cac163,2019-02,Lancashire Constabulary,Lancashire Constabulary,-2.656086,53.718711,On or near A6,E01025401,South Ribble 008C,Violence and sexual offences,Unable to prosecute suspect,
293ade1c87def61444100950585cf047a90664c757aa2b1cd72db08770f6112f,2019-02,Lancashire Constabulary,Lancashire Constabulary,-2.662054,53.722391,On or near Spinners Square,E01025401,South Ribble 008C,Violence and sexual offences,Unable to prosecute suspect,
df063de373f8412e3f915f80463d18ceb642848180d4745d1fe4a2e8938cc657,2019-02,Lancashire Constabulary,Lancashire Constabulary,-2.660836,53.724959,On or near Station Road,E01025401,South Ribble 008C,Violence and sexual offences,Status update unavailable,
cf9b5988fd2b2023939c5178ca32f56d45eec001ce52fd19abc715d907d04bce,2019-02,Lancashire Constabulary,Lancashire Constabulary,-2.656086,53.718711,On or near A6,E01025401,South Ribble 008C,Violence and sexual offences,Unable to prosecute suspect,
0bbcb8945f7720caf52ee3762a73be9d899ac623bf2ed8aafc35630625ae5279,2019-02,Lancashire Constabulary,Lancashire Constabulary,-2.654011,53.725617,On or near Bleasdale Close,E01025401,South Ribble 008C,Violence and sexual offences,Unable to prosecute suspect,
7cc894e68e05b30f495c4d83662ca9204fc0dcdee86d9aa7520edc668ce2dff1,2019-02,Lancashire Constabulary,Lancashire Constabulary,-2.661725,53.722698,On or near East Street,E01025401,South Ribble 008C,Violence and sexual offences,Further investigation is not in the public interest,
a7829acc74094666dbc2376e94b251a4fa396c6e55ac64752aa4256b80fa2109,2019-02,Lancashire Constabulary,Lancashire Constabulary,-2.660836,53.724959,On or near Station Road,E01025401,South Ribble 008C,Violence and sexual offences,Status update unavailable,
,2019-02,Lancashire Constabulary,Lancashire Constabulary,-2.654893,53.737503,On or near Charnley Court,E01025402,South Ribble 008D,Anti-social behaviour,,
,2019-02,Lancashire Constabulary,Lancashire Constabulary,-2.659920,53.736128,On or near Ashworth Street,E01025402,South Ribble 008D,Anti-social behaviour,,
,2019-02,Lancashire Constabulary,Lancashire Constabulary,-2.659939,53.736397,On or near School Lane,E01025402,South Ribble 008D,Anti-social behaviour,,
1084657e8c802958f61680399e1627af2d1fb6290bd23822f480e5b693c0fa8e,2019-02,Lancashire Constabulary,Lancashire Constabulary,-2.659939,53.736397,On or near School Lane,E01025402,South Ribble 008D,Criminal damage and arson,Unable to prosecute suspect,
fab09804fc6b4dc3624eba274b5aa3781d78b96f364585c255c9ba6466323f5b,2019-02,Lancashire Constabulary,Lancashire Constabulary,-2.655475,53.734947,On or near Brindle Road,E01025402,South Ribble 008D,Criminal damage and arson,Status update unavailable,
8606ede9afb84ca14eca43e1c84b89f6c95453e1f944c7fc960c19cade7c0441,2019-02,Lancashire Constabulary,Lancashire Constabulary,-2.659939,53.736397,On or near School Lane,E01025402,South Ribble 008D,Other theft,Unable to prosecute suspect,
b0e88ca368f53eb38318c9592009848d88b860804a8ab45d9c1c16988020d9f8,2019-02,Lancashire Constabulary,Lancashire Constabulary,-2.663071,53.734052,On or near Balshaw Street,E01025402,South Ribble 008D,Vehicle crime,Status update unavailable,
fd4ee5d3af76fc55366edc985cb17daa2638a7eb766c0585430e1f47479e8114,2019-02,Lancashire Constabulary,Lancashire Constabulary,-2.659830,53.737198,On or near School Street,E01025402,South Ribble 008D,Violence and sexual offences,Unable to prosecute suspect,
30706e1ad2b79a8ac98104920689d3d64abe4a32596c2c8431d5c865584d3a72,2019-02,Lancashire Constabulary,Lancashire Constabulary,-2.659920,53.736128,On or near Ashworth Street,E01025402,South Ribble 008D,Violence and sexual offences,Unable to prosecute suspect,
3d30ba2ff5f04bf6c129b14e7e359ada69b1dccf49642a6c3d87d6b4c1670218,2019-02,Lancashire Constabulary,Lancashire Constabulary,-2.659920,53.736128,On or near Ashworth Street,E01025402,South Ribble 008D,Violence and sexual offences,Further investigation is not in the public interest,
5bcb15908216033315a8b2fce69191c21ab5741b2613792b6c80dccce52af422,2019-02,Lancashire Constabulary,Lancashire Constabulary,-2.659830,53.737198,On or near School Street,E01025402,South Ribble 008D,Violence and sexual offences,Awaiting court outcome,
0e78e662dc1553d90837fb3773aec51e39173ecda9bc46eceb429e1bcb10cf69,2019-02,Lancashire Constabulary,Lancashire Constabulary,-2.659939,53.736397,On or near School Lane,E01025402,South Ribble 008D,Violence and sexual offences,Further investigation is not in the public interest,
b8f54cfd76c61310fcdcb56625fa39dc7213b82668e0bd557090d50c64cf18d6,2019-02,Lancashire Constabulary,Lancashire Constabulary,-2.654893,53.737503,On or near Charnley Court,E01025402,South Ribble 008D,Violence and sexual offences,Further investigation is not in the public interest,
ad9602ba8b0e62fa9ea2d79e1cd768824d3364ffe88e33d745312e002f2217a0,2019-02,Lancashire Constabulary,Lancashire Constabulary,-2.659939,53.736397,On or near School Lane,E01025402,South Ribble 008D,Violence and sexual offences,Awaiting court outcome,
9450c98a1da2465ba16f456c9c7e9172a1440acab50cc4c766702b928ae0b428,2019-02,Lancashire Constabulary,Lancashire Constabulary,-2.659830,53.737198,On or near School Street,E01025402,South Ribble 008D,Violence and sexual offences,Awaiting court outcome,
,2019-02,Lancashire Constabulary,Lancashire Constabulary,-2.690418,53.724810,On or near Victoria Street,E01025442,South Ribble 009A,Anti-social behaviour,,
abb45889b2517ab7bb76d26a1a71607c1ffef3b38b1c6692581d113207fd9a2f,2019-02,Lancashire Constabulary,Lancashire Constabulary,-2.692224,53.725887,On or near Jubilee Road,E01025442,South Ribble 009A,Criminal damage and arson,Unable to prosecute suspect,
59ee49ea4ee38b5ac701a40fa07680d63d410b2b181fb956de236846d7d9671a,2019-02,Lancashire Constabulary,Lancashire Constabulary,-2.688459,53.719959,On or near Sherdley Road,E01025442,South Ribble 009A,Other theft,Status update unavailable,
60690defef64a9fd6f4f317128b11950e831a6fffcd8216717502cce74ab556a,2019-02,Lancashire Constabulary,Lancashire Constabulary,-2.692224,53.725887,On or near Jubilee Road,E01025442,South Ribble 009A,Other theft,Status update unavailable,
f3d45fe893d21350186b4ea62fd3fb840f23dc1cf392a1a7d262f1df48848a08,2019-02,Lancashire Constabulary,Lancashire Constabulary,-2.692224,53.725887,On or near Jubilee Road,E01025442,South Ribble 009A,Other theft,Status update unavailable,
4a90289f60b494f85e971dd3e69c868d9ca5d3c6db54b91b89960f3cc5a0b72f,2019-02,Lancashire Constabulary,Lancashire Constabulary,-2.692224,53.725887,On or near Jubilee Road,E01025442,South Ribble 009A,Vehicle crime,Status update unavailable,
be6fcc62a144f3cc3e7426ab7b05bc124d7f18f56f0adc14b6e6dffab42a7211,2019-02,Lancashire Constabulary,Lancashire Constabulary,-2.690418,53.724810,On or near Victoria Street,E01025442,South Ribble 009A,Violence and sexual offences,Status update unavailable,
bdd2a86533ae853b38d7ec2ce26bd7ff716b27270d7bc96349a44bb6e10b5af4,2019-02,Lancashire Constabulary,Lancashire Constabulary,-2.688857,53.722051,On or near Birtwistle Street,E01025442,South Ribble 009A,Violence and sexual offences,Status update unavailable,
,2019-02,Lancashire Constabulary,Lancashire Constabulary,-2.676338,53.723857,On or near Tudor Croft,E01025443,South Ribble 009B,Anti-social behaviour,,
,2019-02,Lancashire Constabulary,Lancashire Constabulary,-2.675704,53.725901,On or near Riverway Close,E01025443,South Ribble 009B,Anti-social behaviour,,
eb000864906d5c0a71eb0f49289c15ec80ca100b1d4e7b4bf4e0c7bb675813f3,2019-02,Lancashire Constabulary,Lancashire Constabulary,-2.679255,53.727112,On or near Graham Avenue,E01025443,South Ribble 009B,Violence and sexual offences,Unable to prosecute suspect,
,2019-02,Lancashire Constabulary,Lancashire Constabulary,-2.685998,53.726094,On or near Marilyn Avenue,E01025444,South Ribble 009C,Anti-social behaviour,,
,2019-02,Lancashire Constabulary,Lancashire Constabulary,-2.685998,53.726094,On or near Marilyn Avenue,E01025444,South Ribble 009C,Anti-social behaviour,,
,2019-02,Lancashire Constabulary,Lancashire Constabulary,-2.685998,53.726094,On or near Marilyn Avenue,E01025444,South Ribble 009C,Anti-social behaviour,,
,2019-02,Lancashire Constabulary,Lancashire Constabulary,-2.685998,53.726094,On or near Marilyn Avenue,E01025444,South Ribble 009C,Anti-social behaviour,,
,2019-02,Lancashire Constabulary,Lancashire Constabulary,-2.685998,53.726094,On or near Marilyn Avenue,E01025444,South Ribble 009C,Anti-social behaviour,,
8ca266ed3310f0630d0d4a3b7ae104f596f07519c7f526c345ee91f7dcbadcb2,2019-02,Lancashire Constabulary,Lancashire Constabulary,-2.689924,53.726107,On or near St James Close,E01025444,South Ribble 009C,Violence and sexual offences,Status update unavailable,
3053710d2d536f31c9ba5e62d51ad2bd6782b4367bfc821357206a33d642caab,2019-02,Lancashire Constabulary,Lancashire Constabulary,-2.685998,53.726094,On or near Marilyn Avenue,E01025444,South Ribble 009C,Violence and sexual offences,Status update unavailable,
a0591d2d206b0b0cbc078a3817e449f40293ca6183d1d2d400589fd8175d840f,2019-02,Lancashire Constabulary,Lancashire Constabulary,-2.683097,53.722920,On or near Albrighton Road,E01025444,South Ribble 009C,Violence and sexual offences,Status update unavailable,
,2019-02,Lancashire Constabulary,Lancashire Constabulary,-2.686581,53.735861,On or near Dorchester Avenue,E01025461,South Ribble 009D,Anti-social behaviour,,
b85f5aa0e5a615eebb8ad2ee457e53ccf5a989c261666dbd75411222608122b9,2019-02,Lancashire Constabulary,Lancashire Constabulary,-2.687206,53.732334,On or near Doodstone Drive,E01025461,South Ribble 009D,Burglary,Status update unavailable,
8427e85e144b985db0eec3a357e8641c411a951e19dafa5ed94528b2aaa16235,2019-02,Lancashire Constabulary,Lancashire Constabulary,-2.687206,53.732334,On or near Doodstone Drive,E01025461,South Ribble 009D,Burglary,Status update unavailable,
5e1407333fde6e8840dac499f9ac27d98111e3b88062c1af87550ab08d899d37,2019-02,Lancashire Constabulary,Lancashire Constabulary,-2.685874,53.737114,On or near Bellis Way,E01025461,South Ribble 009D,Vehicle crime,Status update unavailable,
17ef82d4d410cacd514b14750ec44a8c6520fd8d7b39a0d5d0a259cae584e0e1,2019-02,Lancashire Constabulary,Lancashire Constabulary,-2.682120,53.728111,On or near North Grove,E01025461,South Ribble 009D,Violence and sexual offences,Unable to prosecute suspect,
6cc7ad6a2fbf5bc6742a503456063212a3bf1938985b416ae7f88b98324972e1,2019-02,Lancashire Constabulary,Lancashire Constabulary,-2.681250,53.736170,On or near Todd Lane North,E01025461,South Ribble 009D,Violence and sexual offences,Investigation complete; no suspect identified,
67c4b79173f7980e0b4e9fb088fdc8e985894cb7e37fd05086fabde9e3b77c33,2019-02,Lancashire Constabulary,Lancashire Constabulary,-2.687206,53.732334,On or near Doodstone Drive,E01025461,South Ribble 009D,Other crime,Status update unavailable,
,2019-02,Lancashire Constabulary,Lancashire Constabulary,-2.693163,53.727734,On or near Emily Street,E01025462,South Ribble 009E,Anti-social behaviour,,
f9b6e64b4942ec21a995ead00153dd9c7d1991e7ce2110cf86c88ec0a8de4432,2019-02,Lancashire Constabulary,Lancashire Constabulary,-2.691305,53.728985,On or near St Gerrard'S Road,E01025462,South Ribble 009E,Drugs,Status update unavailable,
190ed706d5cb74b20eaefc358a22fced1ee8f213b07facefa87e817af87f5f98,2019-02,Lancashire Constabulary,Lancashire Constabulary,-2.692215,53.730894,On or near Ampleforth Drive,E01025462,South Ribble 009E,Vehicle crime,Status update unavailable,
e1714a298ac315e45641a2744a9d49c1f2cd91faac0cd068bf30c02a993a170f,2019-02,Lancashire Constabulary,Lancashire Constabulary,-2.692215,53.730894,On or near Ampleforth Drive,E01025462,South Ribble 009E,Vehicle crime,Status update unavailable,
26aca8ee68c3416b922bd483fb14ede91761532a8a2f189f7d41ade9bc6dbb7f,2019-02,Lancashire Constabulary,Lancashire Constabulary,-2.694789,53.729827,On or near Marina Drive,E01025462,South Ribble 009E,Violence and sexual offences,Further investigation is not in the public interest,
c14da9db0b92e03a75598cd72a8478390390ea9b81bc765961cbe04b8b55e73b,2019-02,Lancashire Constabulary,Lancashire Constabulary,-2.691585,53.730349,On or near St Cuthbert'S Road,E01025462,South Ribble 009E,Violence and sexual offences,Status update unavailable,
bed89888366cf1ad6a87bd2ab8c4b61d178504d862696ebd194262816583a2f0,2019-02,Lancashire Constabulary,Lancashire Constabulary,-2.690701,53.728251,On or near Sports/Recreation Area,E01025462,South Ribble 009E,Other crime,Further investigation is not in the public interest,
d06a247069d38179bceb52de01398261085c037317c23f03f9bca54362629a23,2019-02,Lancashire Constabulary,Lancashire Constabulary,-2.760741,53.729013,On or near Parking Area,E01025439,South Ribble 010A,Other theft,Status update unavailable,
,2019-02,Lancashire Constabulary,Lancashire Constabulary,-2.757018,53.727662,On or near Saunders' Lane,E01025453,South Ribble 010B,Anti-social behaviour,,
,2019-02,Lancashire Constabulary,Lancashire Constabulary,-2.757862,53.724025,On or near Nursery Lane,E01025453,South Ribble 010B,Anti-social behaviour,,
,2019-02,Lancashire Constabulary,Lancashire Constabulary,-2.759616,53.732202,On or near Longton By-Pass,E01025453,South Ribble 010B,Anti-social behaviour,,
,2019-02,Lancashire Constabulary,Lancashire Constabulary,-2.759616,53.732202,On or near Longton By-Pass,E01025453,South Ribble 010B,Anti-social behaviour,,
,2019-02,Lancashire Constabulary,Lancashire Constabulary,-2.759616,53.732202,On or near Longton By-Pass,E01025453,South Ribble 010B,Anti-social behaviour,,
,2019-02,Lancashire Constabulary,Lancashire Constabulary,-2.759616,53.732202,On or near Longton By-Pass,E01025453,South Ribble 010B,Anti-social behaviour,,
,2019-02,Lancashire Constabulary,Lancashire Constabulary,-2.759616,53.732202,On or near Longton By-Pass,E01025453,South Ribble 010B,Anti-social behaviour,,
00f5cc737b3fd52b9fe4dc36e12f0b82881c75fce82d136a708210cf15a8c1d4,2019-02,Lancashire Constabulary,Lancashire Constabulary,-2.762808,53.736874,On or near Fensway,E01025453,South Ribble 010B,Criminal damage and arson,Status update unavailable,
b61c0b1028025e5d7c076223074e17de13dc1584ae7373641eb5de502aabf038,2019-02,Lancashire Constabulary,Lancashire Constabulary,-2.764256,53.731463,On or near Moor Lane,E01025453,South Ribble 010B,Other theft,Unable to prosecute suspect,
ce8d0745321497ed7c3c56a09f4d26167030496f22003c5569d482843a2c069b,2019-02,Lancashire Constabulary,Lancashire Constabulary,-2.757018,53.727662,On or near Saunders' Lane,E01025453,South Ribble 010B,Public order,Action to be taken by another organisation,
dd0a6b74fcb8f8069b8d42f47c3c20cd8c2591cbb1421867d2bcdf708baae511,2019-02,Lancashire Constabulary,Lancashire Constabulary,-2.754755,53.735019,On or near Lindle Avenue,E01025453,South Ribble 010B,Violence and sexual offences,Unable to prosecute suspect,
4fd4a5b656de5bf374c9c8df2f8e562de08d46f9106e3a93524a792f47d421cb,2019-02,Lancashire Constabulary,Lancashire Constabulary,-2.754755,53.735019,On or near Lindle Avenue,E01025453,South Ribble 010B,Violence and sexual offences,Unable to prosecute suspect,
792d4c45777edd6a4422bd5afb2bf27872e5173cfa889e27df8e57ce36a1a886,2019-02,Lancashire Constabulary,Lancashire Constabulary,-2.762733,53.736110,On or near Cardale,E01025453,South Ribble 010B,Violence and sexual offences,Unable to prosecute suspect,
77ee5b6017647fe968f08032afa9bb6587b0ec8c47aecdbea93c8463e7408a95,2019-02,Lancashire Constabulary,Lancashire Constabulary,-2.762733,53.736110,On or near Cardale,E01025453,South Ribble 010B,Violence and sexual offences,Unable to prosecute suspect,
d8fb706bb6abfe912bbd09faab632591a8602970f6afe510808fc9f8f6cd8a3f,2019-02,Lancashire Constabulary,Lancashire Constabulary,-2.757018,53.727662,On or near Saunders' Lane,E01025453,South Ribble 010B,Violence and sexual offences,Action to be taken by another organisation,
30ee118c6a5cbcc946f1a09c7fb5fe5888d331b071d8ad732f95f7a1391227b4,2019-02,Lancashire Constabulary,Lancashire Constabulary,-2.734504,53.726462,On or near Cage Lane,E01025454,South Ribble 010C,Burglary,Status update unavailable,
,2019-02,Lancashire Constabulary,Lancashire Constabulary,-2.742032,53.718452,On or near Oak Grove,E01025455,South Ribble 010D,Anti-social behaviour,,
2eb1e36018ce65b6a22a4b0b0de969fe2acb462b7bea623653ae3132118bad7c,2019-02,Lancashire Constabulary,Lancashire Constabulary,-2.747800,53.723279,On or near Latimer Drive,E01025455,South Ribble 010D,Criminal damage and arson,Status update unavailable,
bfb7be1e43b1b3e892333db3828c3c8216239e3fbc334dafae328f4f1aa6689f,2019-02,Lancashire Constabulary,Lancashire Constabulary,-2.767212,53.714824,On or near Six Acre Lane,E01025455,South Ribble 010D,Other theft,Unable to prosecute suspect,
e20a4614ef83c071d84a3ea48c7dd090cf703a15606a2fca8f08d730a4ce9a15,2019-02,Lancashire Constabulary,Lancashire Constabulary,-2.741064,53.718521,On or near Hill Top,E01025455,South Ribble 010D,Other theft,Status update unavailable,
e6b7f55de7c84f3361426245d5166fec079d115d0d0a7bcdd1e986c3c0d56391,2019-02,Lancashire Constabulary,Lancashire Constabulary,-2.777021,53.713476,On or near Longton By-Pass,E01025455,South Ribble 010D,Public order,Status update unavailable,
390f0d64f49aa175229964326f2e1949ac6fea6ba055defd17926b7e8332c829,2019-02,Lancashire Constabulary,Lancashire Constabulary,-2.777021,53.713476,On or near Longton By-Pass,E01025455,South Ribble 010D,Violence and sexual offences,Unable to prosecute suspect,
,2019-02,Lancashire Constabulary,Lancashire Constabulary,-2.799969,53.701128,On or near Barnfield,E01025436,South Ribble 011A,Anti-social behaviour,,
,2019-02,Lancashire Constabulary,Lancashire Constabulary,-2.799969,53.701128,On or near Barnfield,E01025436,South Ribble 011A,Anti-social behaviour,,
07a45fb8ff8ead9d3baf52bb615ed852d3239af00d79447a4fc240f5c7aa2e1a,2019-02,Lancashire Constabulary,Lancashire Constabulary,-2.799969,53.701128,On or near Barnfield,E01025436,South Ribble 011A,Burglary,Status update unavailable,
1b3060c6b4adae43527bf6ae7cd2c39aef34d4c0322517dd17747898095da070,2019-02,Lancashire Constabulary,Lancashire Constabulary,-2.809560,53.698142,On or near Brooklawns,E01025436,South Ribble 011A,Violence and sexual offences,Status update unavailable,
faec3463d6cc6f4e34e5e1462f15f71996f2035c48d96b4074a5b0e126314ee2,2019-02,Lancashire Constabulary,Lancashire Constabulary,-2.794898,53.704523,On or near Acre Grove,E01025436,South Ribble 011A,Violence and sexual offences,Unable to prosecute suspect,
a175d1ff44d63bfed159ce851848282aaaec17eaf012a3210e15e221f4d05d06,2019-02,Lancashire Constabulary,Lancashire Constabulary,-2.792613,53.709518,On or near Petrol Station,E01025436,South Ribble 011A,Violence and sexual offences,Status update unavailable,
4a2c21ad1dd449745749c0bbb3b0c12dde75127c62e42561e94b2054b72b0bcb,2019-02,Lancashire Constabulary,Lancashire Constabulary,-2.794898,53.704523,On or near Acre Grove,E01025436,South Ribble 011A,Violence and sexual offences,Unable to prosecute suspect,
,2019-02,Lancashire Constabulary,Lancashire Constabulary,-2.790591,53.715580,On or near Higher Furlong,E01025437,South Ribble 011B,Anti-social behaviour,,
,2019-02,Lancashire Constabulary,Lancashire Constabulary,-2.790192,53.712068,On or near Old Mill Court,E01025437,South Ribble 011B,Anti-social behaviour,,
,2019-02,Lancashire Constabulary,Lancashire Constabulary,-2.790192,53.712068,On or near Old Mill Court,E01025437,South Ribble 011B,Anti-social behaviour,,
,2019-02,Lancashire Constabulary,Lancashire Constabulary,-2.790364,53.710746,On or near Liverpool Old Road,E01025437,South Ribble 011B,Anti-social behaviour,,
701b6aad3c422273f3056adb47da7e97799ecc4861b4d73805c271a8f5c29de8,2019-02,Lancashire Constabulary,Lancashire Constabulary,-2.784725,53.709785,On or near Longton By-Pass,E01025437,South Ribble 011B,Burglary,Unable to prosecute suspect,
8ca49f7e157365f9cfbbd1a50dc1303e4320b82b0ce252eeddfe42e28213625a,2019-02,Lancashire Constabulary,Lancashire Constabulary,-2.791259,53.710803,On or near Sea View,E01025437,South Ribble 011B,Vehicle crime,Status update unavailable,
19bdb7b603a12841404e88b7b71b7e9444e022749522b12b77bf2ec18d43a531,2019-02,Lancashire Constabulary,Lancashire Constabulary,-2.788718,53.714271,On or near Meadowside,E01025437,South Ribble 011B,Vehicle crime,Status update unavailable,
114f14c39d47d8f1713a166740aee70f7d57a9e0678cf260dc6abc20aa4e93d2,2019-02,Lancashire Constabulary,Lancashire Constabulary,-2.789146,53.714484,On or near North Meadowside,E01025437,South Ribble 011B,Violence and sexual offences,Unable to prosecute suspect,
2cfdd95ca901245afcd5ae05e1b7a168ad1c103f1f62d409be7788279eac1371,2019-02,Lancashire Constabulary,Lancashire Constabulary,-2.790591,53.715580,On or near Higher Furlong,E01025437,South Ribble 011B,Violence and sexual offences,Status update unavailable,
bc9b743cc92104c83a7df3b364f8b9115ea2b1263bf9ef57ca824124c7e6f03f,2019-02,Lancashire Constabulary,Lancashire Constabulary,-2.783863,53.709045,On or near Dob Lane,E01025437,South Ribble 011B,Violence and sexual offences,Further investigation is not in the public interest,
11f097c61c7e26932d0006b72bcb63f5e08025e87045a302d054251e2ea0aaeb,2019-02,Lancashire Constabulary,Lancashire Constabulary,-2.793345,53.725845,On or near Park Farm Close,E01025438,South Ribble 011C,Burglary,Status update unavailable,
34c800614c1c7c611a7a7d56c00c774c0ef5f7e5ce4f9230400ee17b6479f624,2019-02,Lancashire Constabulary,Lancashire Constabulary,-2.796355,53.724701,On or near Chestnut Crescent,E01025438,South Ribble 011C,Violence and sexual offences,Unable to prosecute suspect,
8141a5df987ca3d3665b34c4d9cf71726b3f6e679a23a1764607d71b0b401047,2019-02,Lancashire Constabulary,Lancashire Constabulary,-2.776206,53.737534,On or near Skip Lane,E01025440,South Ribble 011D,Burglary,Unable to prosecute suspect,
f01975fa7ccc241499c16f68fb00b520ec649897b9bf71f99befa342d33fbf0c,2019-02,Lancashire Constabulary,Lancashire Constabulary,-2.793962,53.739287,On or near Grange Lane,E01025440,South Ribble 011D,Vehicle crime,Status update unavailable,
,2019-02,Lancashire Constabulary,Lancashire Constabulary,-2.785275,53.726311,On or near West View,E01025441,South Ribble 011E,Anti-social behaviour,,
,2019-02,Lancashire Constabulary,Lancashire Constabulary,-2.781301,53.725322,On or near Old School Drive,E01025441,South Ribble 011E,Anti-social behaviour,,
,2019-02,Lancashire Constabulary,Lancashire Constabulary,-2.783820,53.727903,On or near Gorse Grove,E01025441,South Ribble 011E,Anti-social behaviour,,
,2019-02,Lancashire Constabulary,Lancashire Constabulary,-2.788812,53.726612,On or near Manor Court,E01025441,South Ribble 011E,Anti-social behaviour,,
,2019-02,Lancashire Constabulary,Lancashire Constabulary,-2.781301,53.725322,On or near Old School Drive,E01025441,South Ribble 011E,Anti-social behaviour,,
,2019-02,Lancashire Constabulary,Lancashire Constabulary,-2.783820,53.727903,On or near Gorse Grove,E01025441,South Ribble 011E,Anti-social behaviour,,
29cf07095c4538fdb54c6f3169b08a540454e75ed4686b9469d4a17db491439e,2019-02,Lancashire Constabulary,Lancashire Constabulary,-2.780582,53.725794,On or near Pendlebury Close,E01025441,South Ribble 011E,Burglary,Further investigation is not in the public interest,
6850af5a9f13a00637d02473ade37efc3e654da6b730018626c50e12d5323797,2019-02,Lancashire Constabulary,Lancashire Constabulary,-2.785952,53.726037,On or near The Drive,E01025441,South Ribble 011E,Violence and sexual offences,Status update unavailable,
43cb753cda0597a6cbf456ef64c5e9e278bbf2cd7dd2abab068c746f2e20d592,2019-02,Lancashire Constabulary,Lancashire Constabulary,-2.785275,53.726311,On or near West View,E01025441,South Ribble 011E,Violence and sexual offences,Status update unavailable,
fc6d3340f41610fd35cd46f46cfc5ae62ca037494ddd96d575f5e16a57d83a84,2019-02,Lancashire Constabulary,Lancashire Constabulary,-2.790362,53.725190,On or near Tuson Croft,E01025441,South Ribble 011E,Violence and sexual offences,Unable to prosecute suspect,
,2019-02,Lancashire Constabulary,Lancashire Constabulary,-2.669307,53.721047,On or near Lostock Lane,E01025417,South Ribble 012A,Anti-social behaviour,,
6b163e9bad692a2cc778781ee2ded291d7a535046eceae3376d188009c4fa052,2019-02,Lancashire Constabulary,Lancashire Constabulary,-2.669307,53.721047,On or near Lostock Lane,E01025417,South Ribble 012A,Drugs,Status update unavailable,
06fbf7c57c16ded4370ee303334b33955d025c640cb9741a44ebf772af25e05d,2019-02,Lancashire Constabulary,Lancashire Constabulary,-2.666239,53.720615,On or near Old Lostock Lane,E01025417,South Ribble 012A,Shoplifting,Status update unavailable,
d89cc3bc1dd0d207a36c9e8a7623b05766a1793dd80ab1b78333439720ee2b3f,2019-02,Lancashire Constabulary,Lancashire Constabulary,-2.669307,53.721047,On or near Lostock Lane,E01025417,South Ribble 012A,Violence and sexual offences,Further investigation is not in the public interest,
14d4b44ce4d4b235c20eff234c38d9cd3e3345dc4bd77b157dba967f4755179b,2019-02,Lancashire Constabulary,Lancashire Constabulary,-2.687547,53.704936,On or near Park/Open Space,E01025417,South Ribble 012A,Violence and sexual offences,Status update unavailable,
8d6ab46c770419af4b400a469ea17b70490d0185db92e1f758c21d0d97a77227,2019-02,Lancashire Constabulary,Lancashire Constabulary,-2.669307,53.721047,On or near Lostock Lane,E01025417,South Ribble 012A,Violence and sexual offences,Further investigation is not in the public interest,
0a64e1fb3b01e61dc98692c1e0f134e4a430af91bd0341332f31dc7e32ac9525,2019-02,Lancashire Constabulary,Lancashire Constabulary,-2.683687,53.701335,On or near East Street,E01025418,South Ribble 012B,Public order,Unable to prosecute suspect,
bca20461621eeddecff573a41d506ed71baca98ef3de4bd4f6a52359463c67f3,2019-02,Lancashire Constabulary,Lancashire Constabulary,-2.684124,53.704056,On or near Kew Gardens,E01025418,South Ribble 012B,Violence and sexual offences,Awaiting court outcome,
9e29b81c3899ffb9d6d557c1837194cca86202669464b2a191229ef61fa5dcfe,2019-02,Lancashire Constabulary,Lancashire Constabulary,-2.682367,53.704048,On or near Gloucester Avenue,E01025418,South Ribble 012B,Violence and sexual offences,Unable to prosecute suspect,
c5b31c80f0f3a5a17f4f26250388b870625f59e208fccfa3c4882fcf656fcbea,2019-02,Lancashire Constabulary,Lancashire Constabulary,-2.685120,53.701930,On or near Rose Street,E01025418,South Ribble 012B,Violence and sexual offences,Status update unavailable,
f4568e1145c31a3d5edca10b9e2b246256f86307df81c7e78b5a8e4bb92f9afb,2019-02,Lancashire Constabulary,Lancashire Constabulary,-2.682367,53.704048,On or near Gloucester Avenue,E01025418,South Ribble 012B,Violence and sexual offences,Unable to prosecute suspect,
0c403324e9a19c99754aa7754389cd38dd6513114d12f0d1619208841972df2e,2019-02,Lancashire Constabulary,Lancashire Constabulary,-2.682783,53.700711,On or near School Street,E01025418,South Ribble 012B,Violence and sexual offences,Status update unavailable,
454cceefafaac4ffa64e0d1f1dff6989a35dc8887d720ca9f4ec06bf0b303d52,2019-02,Lancashire Constabulary,Lancashire Constabulary,-2.719045,53.722952,On or near Chain House Lane,E01025419,South Ribble 012C,Burglary,Status update unavailable,
c82f0864f14dd53ee6e0c6414e07643d3248fdb1a98d2c1a5c0d36091bc7e3ad,2019-02,Lancashire Constabulary,Lancashire Constabulary,-2.692492,53.725616,On or near Jubilee Road,E01025419,South Ribble 012C,Public order,Status update unavailable,
614896b2641820630ac5c4e7b0cd2411a5b91fea0e3ea00125582532568ec764,2019-02,Lancashire Constabulary,Lancashire Constabulary,-2.696504,53.724415,On or near Greenfield Drive,E01025419,South Ribble 012C,Violence and sexual offences,Unable to prosecute suspect,
4fa932b094d634730aa8a1304776222e32d19fe49fdbeac15367755b87226845,2019-02,Lancashire Constabulary,Lancashire Constabulary,-2.693208,53.725864,On or near Parking Area,E01025419,South Ribble 012C,Other crime,Status update unavailable,
9dd4551904adabbb4e1e80b0347f2df823d8200229a8b2078bd34f70c1df37fb,2019-02,Lancashire Constabulary,Lancashire Constabulary,-2.691620,53.724183,On or near Barnfield,E01025419,South Ribble 012C,Other crime,Formal action is not in the public interest,
ae47a3b958838e871fa669bb8ddd8ce4988c474b127244f9fe0c0d0e54085c33,2019-02,Lancashire Constabulary,Lancashire Constabulary,-2.691620,53.724183,On or near Barnfield,E01025419,South Ribble 012C,Other crime,Formal action is not in the public interest,
,2019-02,Lancashire Constabulary,Lancashire Constabulary,-2.710109,53.702539,On or near Barn Hay Drive,E01025420,South Ribble 012D,Anti-social behaviour,,
,2019-02,Lancashire Constabulary,Lancashire Constabulary,-2.708619,53.704031,On or near Morley Croft,E01025420,South Ribble 012D,Anti-social behaviour,,
,2019-02,Lancashire Constabulary,Lancashire Constabulary,-2.695275,53.703237,On or near Grasmere Avenue,E01025420,South Ribble 012D,Anti-social behaviour,,
,2019-02,Lancashire Constabulary,Lancashire Constabulary,-2.708619,53.704031,On or near Morley Croft,E01025420,South Ribble 012D,Anti-social behaviour,,
,2019-02,Lancashire Constabulary,Lancashire Constabulary,-2.695275,53.703237,On or near Grasmere Avenue,E01025420,South Ribble 012D,Anti-social behaviour,,
cdb6ab426e7a984e752cf5d4297e9ef53647980d5ac698ee2e628ae24682327c,2019-02,Lancashire Constabulary,Lancashire Constabulary,-2.710393,53.703211,On or near Little Close,E01025420,South Ribble 012D,Burglary,Status update unavailable,
62971851b7937fb95b45c2abf16497123ef8347507cb42babb6f2103afff1dc8,2019-02,Lancashire Constabulary,Lancashire Constabulary,-2.707054,53.720902,On or near Lodge View,E01025420,South Ribble 012D,Criminal damage and arson,Status update unavailable,
2b80606b23f43f05b67152a0ad09103c77d5d2ee1ca89f20ad2ef1b5817b3dd9,2019-02,Lancashire Constabulary,Lancashire Constabulary,-2.695866,53.706919,On or near County Close,E01025420,South Ribble 012D,Other theft,Status update unavailable,
fe0dbe794f38627043c32524e0665a04bf3189905d1c7ea97d08df0cc6c31851,2019-02,Lancashire Constabulary,Lancashire Constabulary,-2.708619,53.704031,On or near Morley Croft,E01025420,South Ribble 012D,Vehicle crime,Status update unavailable,
4bf6ba572d74a57927fa5f3a3d18abd66fd1b452c91d073e5135f0b824245571,2019-02,Lancashire Constabulary,Lancashire Constabulary,-2.709891,53.708535,On or near Five Acres,E01025420,South Ribble 012D,Violence and sexual offences,Status update unavailable,
11b3ce1656b97716cc80af99f616202422fa1698b9c215279a8970a85fd47cee,2019-02,Lancashire Constabulary,Lancashire Constabulary,-2.708619,53.704031,On or near Morley Croft,E01025420,South Ribble 012D,Violence and sexual offences,Further investigation is not in the public interest,
6e2060939be3f473801c8bda21163ae786e2acaeffce082b629803aec58799f3,2019-02,Lancashire Constabulary,Lancashire Constabulary,-2.708619,53.704031,On or near Morley Croft,E01025420,South Ribble 012D,Violence and sexual offences,Status update unavailable,
60eb498928435ad3f9a42489397e95d1b822a5e0a599014851fa0dfae77330e3,2019-02,Lancashire Constabulary,Lancashire Constabulary,-2.708023,53.710066,On or near Petrol Station,E01025420,South Ribble 012D,Violence and sexual offences,Status update unavailable,
d8b898421902d642af36c439647222e8b8c2ae2c9924d92471b281d3d7a6ea23,2019-02,Lancashire Constabulary,Lancashire Constabulary,-2.693346,53.721351,On or near Constable Avenue,E01025420,South Ribble 012D,Violence and sexual offences,Status update unavailable,
,2019-02,Lancashire Constabulary,Lancashire Constabulary,-2.712798,53.698541,On or near Oak View,E01025421,South Ribble 013A,Anti-social behaviour,,
,2019-02,Lancashire Constabulary,Lancashire Constabulary,-2.700378,53.698578,On or near Cleveland Road,E01025421,South Ribble 013A,Anti-social behaviour,,
,2019-02,Lancashire Constabulary,Lancashire Constabulary,-2.698155,53.701513,On or near Sports/Recreation Area,E01025421,South Ribble 013A,Anti-social behaviour,,
3505f4138f0a1e605083863862ca48d488a22ae7969116b72f63d5ae076f1114,2019-02,Lancashire Constabulary,Lancashire Constabulary,-2.698155,53.701513,On or near Sports/Recreation Area,E01025421,South Ribble 013A,Burglary,Status update unavailable,
fae8c1e4c8acab782ce623c4cf40243c318fbc96c18b166c0b4d2f3bba8b96b0,2019-02,Lancashire Constabulary,Lancashire Constabulary,-2.699357,53.698153,On or near School Lane,E01025421,South Ribble 013A,Burglary,Status update unavailable,
8a3d9145934bc55639d18e83a58c67f3dbf7ad91f6a8e43317ce3e56fae9d40f,2019-02,Lancashire Constabulary,Lancashire Constabulary,-2.701318,53.702222,On or near The Heritage,E01025421,South Ribble 013A,Criminal damage and arson,Status update unavailable,
2aafac35f491944d74a7425d55a3b8d7c993e658312ea2f9cf93f59fe98fe8bc,2019-02,Lancashire Constabulary,Lancashire Constabulary,-2.696960,53.699758,On or near Great Park Drive,E01025421,South Ribble 013A,Criminal damage and arson,Status update unavailable,
7721fb71f8faadb9095c70e14bf536b6f1ba46d025534abf68648feb1ce6e43a,2019-02,Lancashire Constabulary,Lancashire Constabulary,-2.695949,53.699998,On or near Wheelton Lane,E01025421,South Ribble 013A,Other theft,Status update unavailable,
676ac7ee857dd0112dad42d64fab3dc888ead2e87b4573d19ba5adcf5d8eee5a,2019-02,Lancashire Constabulary,Lancashire Constabulary,-2.698880,53.700448,On or near Quinns Croft,E01025421,South Ribble 013A,Other theft,Status update unavailable,
e432acec3e70c06c8c90354b2b22c48ffef7c4f156ef0a6e5d760913378bdc21,2019-02,Lancashire Constabulary,Lancashire Constabulary,-2.712798,53.698541,On or near Oak View,E01025421,South Ribble 013A,Other theft,Status update unavailable,
4ed708e270c5ae6ea52ca03c5cca56d2ca5acf51ac93c0a362a17a698e878191,2019-02,Lancashire Constabulary,Lancashire Constabulary,-2.695949,53.699998,On or near Wheelton Lane,E01025421,South Ribble 013A,Other theft,Status update unavailable,
5c31ef63a7cf1057d7c6a8262e7042095565e25d8046440e7c0da3277a25033f,2019-02,Lancashire Constabulary,Lancashire Constabulary,-2.699357,53.698153,On or near School Lane,E01025421,South Ribble 013A,Public order,Further investigation is not in the public interest,
ac86f40d6990fda031c8689d3dae2fe32f05e03d508709428571a8667a471c32,2019-02,Lancashire Constabulary,Lancashire Constabulary,-2.698181,53.701234,On or near Parish Gardens,E01025421,South Ribble 013A,Public order,Unable to prosecute suspect,
8e5f7898177735770999b710b085779cbbaae75a3737f84fb4fa814b23db896b,2019-02,Lancashire Constabulary,Lancashire Constabulary,-2.695949,53.699998,On or near Wheelton Lane,E01025421,South Ribble 013A,Shoplifting,Status update unavailable,
50ad84b313a5d7c50a8270d7476fda98215222ae3e584f26d8408c8163c217b4,2019-02,Lancashire Constabulary,Lancashire Constabulary,-2.695949,53.699998,On or near Wheelton Lane,E01025421,South Ribble 013A,Shoplifting,Status update unavailable,
03c426e55c2ae6e065cdef80c1ad21e292938cce62a55566981f66c1fc38ec6c,2019-02,Lancashire Constabulary,Lancashire Constabulary,-2.695949,53.699998,On or near Wheelton Lane,E01025421,South Ribble 013A,Shoplifting,Status update unavailable,
656ab33cceefa654072c9059f3c6c17e5c500371a8c0b5fe3f94d9e887f9cb9b,2019-02,Lancashire Constabulary,Lancashire Constabulary,-2.695949,53.699998,On or near Wheelton Lane,E01025421,South Ribble 013A,Shoplifting,Status update unavailable,
82da03917e239ce8d75971ae36b8d53444ecaf40c7432cbe83957e96cdfd90df,2019-02,Lancashire Constabulary,Lancashire Constabulary,-2.701692,53.702903,On or near Summerfield,E01025421,South Ribble 013A,Vehicle crime,Status update unavailable,
9de4b7f08fa0c0fecf80500f2752d2ea2e09c2c1f60cfbdcb5f7ea49a06a4452,2019-02,Lancashire Constabulary,Lancashire Constabulary,-2.700378,53.698578,On or near Cleveland Road,E01025421,South Ribble 013A,Violence and sexual offences,Status update unavailable,
2cc64fbd14bae7a45916718d03049caf4bff47f4ba0fcd42a8c0f9fdb0b4b15b,2019-02,Lancashire Constabulary,Lancashire Constabulary,-2.695949,53.699998,On or near Wheelton Lane,E01025421,South Ribble 013A,Violence and sexual offences,Unable to prosecute suspect,
0474efd4b30e4223ad69f452c182eb360fbd7677eaa8e3892c6667e041c57f80,2019-02,Lancashire Constabulary,Lancashire Constabulary,-2.712798,53.698541,On or near Oak View,E01025421,South Ribble 013A,Violence and sexual offences,Status update unavailable,
7fb18d6a801500ca430488899161e91182614e4c24c43d517b86abf224b7e384,2019-02,Lancashire Constabulary,Lancashire Constabulary,-2.712474,53.696395,On or near St John'S Green,E01025421,South Ribble 013A,Violence and sexual offences,Unable to prosecute suspect,
380f00936861fd97512a43b176cad3a90301e42fe8d504d3c24c8a0b578051bc,2019-02,Lancashire Constabulary,Lancashire Constabulary,-2.698155,53.701513,On or near Sports/Recreation Area,E01025421,South Ribble 013A,Violence and sexual offences,Status update unavailable,
e935f7abedd1b67d12de014e48dbf265ab24d4c28ec0409b3a874fa35faf6417,2019-02,Lancashire Constabulary,Lancashire Constabulary,-2.699357,53.698153,On or near School Lane,E01025421,South Ribble 013A,Violence and sexual offences,Status update unavailable,
e553dd504a9c17252150fffbad0623324a7c4526862b46704b474e803bff9964,2019-02,Lancashire Constabulary,Lancashire Constabulary,-2.701692,53.702903,On or near Summerfield,E01025421,South Ribble 013A,Violence and sexual offences,Status update unavailable,
4b87473840323801ba3f3285e5d42e9d894cd9a23a7bec6ca57e1c1168839da0,2019-02,Lancashire Constabulary,Lancashire Constabulary,-2.699357,53.698153,On or near School Lane,E01025421,South Ribble 013A,Other crime,Status update unavailable,
,2019-02,Lancashire Constabulary,Lancashire Constabulary,-2.701003,53.696085,On or near Haig Avenue,E01025422,South Ribble 013B,Anti-social behaviour,,
,2019-02,Lancashire Constabulary,Lancashire Constabulary,-2.692617,53.696341,On or near Herbert Street,E01025422,South Ribble 013B,Anti-social behaviour,,
,2019-02,Lancashire Constabulary,Lancashire Constabulary,-2.692617,53.696341,On or near Herbert Street,E01025422,South Ribble 013B,Anti-social behaviour,,
,2019-02,Lancashire Constabulary,Lancashire Constabulary,-2.693266,53.696220,On or near John Street,E01025422,South Ribble 013B,Anti-social behaviour,,
,2019-02,Lancashire Constabulary,Lancashire Constabulary,-2.692617,53.696341,On or near Herbert Street,E01025422,South Ribble 013B,Anti-social behaviour,,
,2019-02,Lancashire Constabulary,Lancashire Constabulary,-2.701003,53.696085,On or near Haig Avenue,E01025422,South Ribble 013B,Anti-social behaviour,,
,2019-02,Lancashire Constabulary,Lancashire Constabulary,-2.693266,53.696220,On or near John Street,E01025422,South Ribble 013B,Anti-social behaviour,,
,2019-02,Lancashire Constabulary,Lancashire Constabulary,-2.694818,53.695690,On or near Parking Area,E01025422,South Ribble 013B,Anti-social behaviour,,
,2019-02,Lancashire Constabulary,Lancashire Constabulary,-2.702283,53.692878,On or near Eastwood Road,E01025422,South Ribble 013B,Anti-social behaviour,,
,2019-02,Lancashire Constabulary,Lancashire Constabulary,-2.693266,53.696220,On or near John Street,E01025422,South Ribble 013B,Anti-social behaviour,,
1b768b4649f479880b48d0a74a1106ecb366d7a3bb135020fe42c3938e2adc59,2019-02,Lancashire Constabulary,Lancashire Constabulary,-2.702506,53.693551,On or near Woodlands Drive,E01025422,South Ribble 013B,Burglary,Unable to prosecute suspect,
249da6f5cc4b32568f348a3de11fe9a981c561ee81870517b5875b67099fd950,2019-02,Lancashire Constabulary,Lancashire Constabulary,-2.694762,53.695097,On or near Northcote Street,E01025422,South Ribble 013B,Burglary,Awaiting court outcome,
6cb7e8c49ffc5ebd12ef2a4c1fd63f657c3985fbb45be1a4057292f1979890ae,2019-02,Lancashire Constabulary,Lancashire Constabulary,-2.693547,53.697621,On or near Pearfield,E01025422,South Ribble 013B,Criminal damage and arson,Status update unavailable,
f1fa30f306f4a384f2ad8e15cf5cf925946a212926e9ac86c4b6c4f43f3ab3e1,2019-02,Lancashire Constabulary,Lancashire Constabulary,-2.694762,53.695097,On or near Northcote Street,E01025422,South Ribble 013B,Criminal damage and arson,Status update unavailable,
92443ea0f9a2d3639e074d0a05bdebbf05d4e8b503ef12c743d1aa0805eca595,2019-02,Lancashire Constabulary,Lancashire Constabulary,-2.697789,53.695843,On or near Chatsworth Road,E01025422,South Ribble 013B,Criminal damage and arson,Status update unavailable,
87d83ac7aeafb93b5d36286afafa086ad4df79e398d2ad1cf30238015b9201be,2019-02,Lancashire Constabulary,Lancashire Constabulary,-2.694762,53.695097,On or near Northcote Street,E01025422,South Ribble 013B,Criminal damage and arson,Status update unavailable,
2efa9de803ca9a20a900de13acbb9f3e2f7cfc9b96461042d48576da1eb3a0ae,2019-02,Lancashire Constabulary,Lancashire Constabulary,-2.692617,53.696341,On or near Herbert Street,E01025422,South Ribble 013B,Other theft,Unable to prosecute suspect,
23305c10b2bd9bad4ed6db63829ae51414dada8ff3fc2a4b881c2de5611bfbea,2019-02,Lancashire Constabulary,Lancashire Constabulary,-2.694818,53.695690,On or near Parking Area,E01025422,South Ribble 013B,Other theft,Status update unavailable,
7cbe44e5568b9567f09c28734f2681811abbd7cafd45ccd5963c7eddf294b9ec,2019-02,Lancashire Constabulary,Lancashire Constabulary,-2.693214,53.695816,On or near Newsome Street,E01025422,South Ribble 013B,Theft from the person,Status update unavailable,
35f5ea17bee8697072e106c9cfa6e7b6fbec786bca12ddf945b48a4b2b12dfde,2019-02,Lancashire Constabulary,Lancashire Constabulary,-2.694762,53.695097,On or near Northcote Street,E01025422,South Ribble 013B,Violence and sexual offences,Status update unavailable,
37a4c2a68ec922a79d4d52ee091e30e1ad71d266956d58f4300183fe1f75942e,2019-02,Lancashire Constabulary,Lancashire Constabulary,-2.692617,53.696341,On or near Herbert Street,E01025422,South Ribble 013B,Violence and sexual offences,Unable to prosecute suspect,
,2019-02,Lancashire Constabulary,Lancashire Constabulary,-2.690621,53.696541,On or near B5254,E01025431,South Ribble 013C,Anti-social behaviour,,
,2019-02,Lancashire Constabulary,Lancashire Constabulary,-2.693562,53.694843,On or near Meadow Street,E01025431,South Ribble 013C,Anti-social behaviour,,
,2019-02,Lancashire Constabulary,Lancashire Constabulary,-2.690621,53.696541,On or near B5254,E01025431,South Ribble 013C,Anti-social behaviour,,
,2019-02,Lancashire Constabulary,Lancashire Constabulary,-2.689671,53.697688,On or near Grundy Street,E01025431,South Ribble 013C,Anti-social behaviour,,
,2019-02,Lancashire Constabulary,Lancashire Constabulary,-2.690621,53.696541,On or near B5254,E01025431,South Ribble 013C,Anti-social behaviour,,
,2019-02,Lancashire Constabulary,Lancashire Constabulary,-2.689497,53.696350,On or near East Street,E01025431,South Ribble 013C,Anti-social behaviour,,
,2019-02,Lancashire Constabulary,Lancashire Constabulary,-2.690621,53.696541,On or near B5254,E01025431,South Ribble 013C,Anti-social behaviour,,
,2019-02,Lancashire Constabulary,Lancashire Constabulary,-2.690621,53.696541,On or near B5254,E01025431,South Ribble 013C,Anti-social behaviour,,
,2019-02,Lancashire Constabulary,Lancashire Constabulary,-2.691995,53.695364,On or near Alice Avenue,E01025431,South Ribble 013C,Anti-social behaviour,,
,2019-02,Lancashire Constabulary,Lancashire Constabulary,-2.690621,53.696541,On or near B5254,E01025431,South Ribble 013C,Anti-social behaviour,,
,2019-02,Lancashire Constabulary,Lancashire Constabulary,-2.690621,53.696541,On or near B5254,E01025431,South Ribble 013C,Anti-social behaviour,,
,2019-02,Lancashire Constabulary,Lancashire Constabulary,-2.693562,53.694843,On or near Meadow Street,E01025431,South Ribble 013C,Anti-social behaviour,,
,2019-02,Lancashire Constabulary,Lancashire Constabulary,-2.690621,53.696541,On or near B5254,E01025431,South Ribble 013C,Anti-social behaviour,,
,2019-02,Lancashire Constabulary,Lancashire Constabulary,-2.687884,53.699604,On or near Farington Gate,E01025431,South Ribble 013C,Anti-social behaviour,,
,2019-02,Lancashire Constabulary,Lancashire Constabulary,-2.693562,53.694843,On or near Meadow Street,E01025431,South Ribble 013C,Anti-social behaviour,,
,2019-02,Lancashire Constabulary,Lancashire Constabulary,-2.693562,53.694843,On or near Meadow Street,E01025431,South Ribble 013C,Anti-social behaviour,,
,2019-02,Lancashire Constabulary,Lancashire Constabulary,-2.688856,53.697890,On or near Hewitt Street,E01025431,South Ribble 013C,Anti-social behaviour,,
,2019-02,Lancashire Constabulary,Lancashire Constabulary,-2.691333,53.695638,On or near Dorothy Avenue,E01025431,South Ribble 013C,Anti-social behaviour,,
,2019-02,Lancashire Constabulary,Lancashire Constabulary,-2.690621,53.696541,On or near B5254,E01025431,South Ribble 013C,Anti-social behaviour,,
,2019-02,Lancashire Constabulary,Lancashire Constabulary,-2.690621,53.696541,On or near B5254,E01025431,South Ribble 013C,Anti-social behaviour,,
,2019-02,Lancashire Constabulary,Lancashire Constabulary,-2.690621,53.696541,On or near B5254,E01025431,South Ribble 013C,Anti-social behaviour,,
25651420ddb4dd1d7957a160ebfb7aed6d74cf32328577a84b5e1e76f75b2bd1,2019-02,Lancashire Constabulary,Lancashire Constabulary,-2.693562,53.694843,On or near Meadow Street,E01025431,South Ribble 013C,Burglary,Status update unavailable,
4adf187d49c974329b2f157c6d871bfb67f29ddbd0938194c448222ff6c462cf,2019-02,Lancashire Constabulary,Lancashire Constabulary,-2.694192,53.694507,On or near Thurston Road,E01025431,South Ribble 013C,Burglary,Status update unavailable,
1e10eb2f42c7f5cc98c33b5dd592d32ca4fae82ac3962012133ea5d5a33c4ad9,2019-02,Lancashire Constabulary,Lancashire Constabulary,-2.694499,53.692914,On or near Sports/Recreation Area,E01025431,South Ribble 013C,Burglary,Status update unavailable,
a5229f8bb1d97a610be709a0ad0c2b507f00856ebcb3b33b7dae28fdcc99eefc,2019-02,Lancashire Constabulary,Lancashire Constabulary,-2.687884,53.699604,On or near Farington Gate,E01025431,South Ribble 013C,Criminal damage and arson,Unable to prosecute suspect,
d65311893746910bef147840ead9cb8c3cbd2a14d376c89eab91d81a9bd0f652,2019-02,Lancashire Constabulary,Lancashire Constabulary,-2.690621,53.696541,On or near B5254,E01025431,South Ribble 013C,Drugs,Awaiting court outcome,
86cde1a97f2b8b077d639f8b7aba609dbf50321489e80a30c3e017b99c0e0bb9,2019-02,Lancashire Constabulary,Lancashire Constabulary,-2.689671,53.697688,On or near Grundy Street,E01025431,South Ribble 013C,Other theft,Status update unavailable,
287d9ade14f158661d42ea9b1cc6ca0289f0afd37192ea5fc3d7c7af07c86a0b,2019-02,Lancashire Constabulary,Lancashire Constabulary,-2.690621,53.696541,On or near B5254,E01025431,South Ribble 013C,Public order,Unable to prosecute suspect,
3330914a421e9d1db89138687a67b2ffaec05976b1d5df44fba81b9c07a8159d,2019-02,Lancashire Constabulary,Lancashire Constabulary,-2.689671,53.697688,On or near Grundy Street,E01025431,South Ribble 013C,Public order,Status update unavailable,
3c78b1e1d8609d59c0688c17259b1af816780fe8896c3b37175f874cf5d08c21,2019-02,Lancashire Constabulary,Lancashire Constabulary,-2.689671,53.697688,On or near Grundy Street,E01025431,South Ribble 013C,Public order,Status update unavailable,
96d8c4e8cdb12afabe92a1166f306aabd931369e81c82cd5933d2557d16149b9,2019-02,Lancashire Constabulary,Lancashire Constabulary,-2.689671,53.697688,On or near Grundy Street,E01025431,South Ribble 013C,Public order,Status update unavailable,
42f233d672e809402d1f4f321d562a24597b18178f622bc81b19a3f4613cf2cc,2019-02,Lancashire Constabulary,Lancashire Constabulary,-2.691050,53.698705,On or near Beech Road,E01025431,South Ribble 013C,Public order,Status update unavailable,
a4d91cd0754f52e96c8326f81c664d79d8a6e777d8da72f8304ed2ec293de604,2019-02,Lancashire Constabulary,Lancashire Constabulary,-2.691333,53.695638,On or near Dorothy Avenue,E01025431,South Ribble 013C,Public order,Unable to prosecute suspect,
fe4cac4ebb14394c5a4d81e13cffac73a070b42d7d22a9c2c9a2e1140901fea6,2019-02,Lancashire Constabulary,Lancashire Constabulary,-2.694192,53.694507,On or near Thurston Road,E01025431,South Ribble 013C,Public order,Status update unavailable,
58f8fd38f2b45fc1a14535d42ccd1c5d50ec270161630068ca368cc7718d8861,2019-02,Lancashire Constabulary,Lancashire Constabulary,-2.694192,53.694507,On or near Thurston Road,E01025431,South Ribble 013C,Public order,Status update unavailable,
ca9b9390fa3517e44f76b8de3be7fc5c330f3e410f918b49a7fe676699f630b9,2019-02,Lancashire Constabulary,Lancashire Constabulary,-2.690621,53.696541,On or near B5254,E01025431,South Ribble 013C,Public order,Status update unavailable,
9aab8fdc74f2a2806f468fc647b3602e6b85a0c8040e711ba4b223008b5cec55,2019-02,Lancashire Constabulary,Lancashire Constabulary,-2.693111,53.695052,On or near Supermarket,E01025431,South Ribble 013C,Shoplifting,Status update unavailable,
04fbef5c4cb029614c74b059c10d49f2414f8f1141e41cfcf504f7b1d06734bb,2019-02,Lancashire Constabulary,Lancashire Constabulary,-2.690769,53.698140,On or near Golden Hill Lane,E01025431,South Ribble 013C,Shoplifting,Local resolution,
357e2f52ec2376d2c22e7820821d04c27c15d2f2573970eae647a4b49d232530,2019-02,Lancashire Constabulary,Lancashire Constabulary,-2.687309,53.694960,On or near Starkie Street,E01025431,South Ribble 013C,Shoplifting,Further investigation is not in the public interest,
43b54c1ecb96c589159073c5c3c480c54d7308b5b326e1bfda3356875df0db1c,2019-02,Lancashire Constabulary,Lancashire Constabulary,-2.693562,53.694843,On or near Meadow Street,E01025431,South Ribble 013C,Shoplifting,Status update unavailable,
d54fa4507c2faa33d8c2606c0257e9d62c671e5c7de5ddde4e5ddaa4bab70cf3,2019-02,Lancashire Constabulary,Lancashire Constabulary,-2.691995,53.695364,On or near Alice Avenue,E01025431,South Ribble 013C,Theft from the person,Status update unavailable,
767816fb02e6db6364ee2fb6b565d10c1b7a9856c2b63941e27ff9f46ec39ca6,2019-02,Lancashire Constabulary,Lancashire Constabulary,-2.691632,53.697236,On or near Churchill Way,E01025431,South Ribble 013C,Theft from the person,Status update unavailable,
bb456348fb075902dd2e93ab1a0eae910f3042d586fb845125ad9ff340506f1c,2019-02,Lancashire Constabulary,Lancashire Constabulary,-2.689250,53.700692,On or near Kennett Drive,E01025431,South Ribble 013C,Theft from the person,Status update unavailable,
0c1a80cb210e6ec602de060e093e95cf1925498a9da0bac57b0e998b06e85329,2019-02,Lancashire Constabulary,Lancashire Constabulary,-2.693562,53.694843,On or near Meadow Street,E01025431,South Ribble 013C,Violence and sexual offences,Unable to prosecute suspect,
8e5c105fd16fb9b3c48b13ec9e4c5efac474fa48bc8fbd622004cea08cf20352,2019-02,Lancashire Constabulary,Lancashire Constabulary,-2.687884,53.699604,On or near Farington Gate,E01025431,South Ribble 013C,Violence and sexual offences,Unable to prosecute suspect,
29ef96aa5b35f9709fb35acad5499e24860b95c60f44ef8e4c87718b694f2882,2019-02,Lancashire Constabulary,Lancashire Constabulary,-2.688856,53.697890,On or near Hewitt Street,E01025431,South Ribble 013C,Violence and sexual offences,Unable to prosecute suspect,
1acc4f3caef828f7aac8c89a8f2c9e83c2a6de9ce845010bc8cd15d68d3333c4,2019-02,Lancashire Constabulary,Lancashire Constabulary,-2.694192,53.694507,On or near Thurston Road,E01025431,South Ribble 013C,Violence and sexual offences,Status update unavailable,
4ee3c1343ff020b741d00465a8ced767632de7ad40e59269c3c50e5dee6d2fed,2019-02,Lancashire Constabulary,Lancashire Constabulary,-2.690769,53.698140,On or near Golden Hill Lane,E01025431,South Ribble 013C,Violence and sexual offences,Status update unavailable,
80e132adf84657bcb53f9033f09eabd17769b05aad3e8dd8c58c9ef6f0cece79,2019-02,Lancashire Constabulary,Lancashire Constabulary,-2.694962,53.694350,On or near Sumner Street,E01025431,South Ribble 013C,Violence and sexual offences,Unable to prosecute suspect,
a6c1b411e0d7cf466b2d631930c828a9cb6773a2a20aa9290f82e98d02fe0f4b,2019-02,Lancashire Constabulary,Lancashire Constabulary,-2.690621,53.696541,On or near B5254,E01025431,South Ribble 013C,Violence and sexual offences,Status update unavailable,
9570a38f358fccd596d3bd72e2f85c545f8a471e5fedcb06c14d541d1b365a54,2019-02,Lancashire Constabulary,Lancashire Constabulary,-2.691995,53.695364,On or near Alice Avenue,E01025431,South Ribble 013C,Violence and sexual offences,Further investigation is not in the public interest,
e51584cc7de5a8320a9b944efe225e42e600a90b49db103e962807e58e3b4730,2019-02,Lancashire Constabulary,Lancashire Constabulary,-2.689523,53.698848,On or near Hastings Road,E01025431,South Ribble 013C,Violence and sexual offences,Unable to prosecute suspect,
,2019-02,Lancashire Constabulary,Lancashire Constabulary,-2.680205,53.699585,On or near Priory Close,E01025433,South Ribble 013D,Anti-social behaviour,,
,2019-02,Lancashire Constabulary,Lancashire Constabulary,-2.682090,53.696302,On or near Bow Brook Road,E01025433,South Ribble 013D,Anti-social behaviour,,
,2019-02,Lancashire Constabulary,Lancashire Constabulary,-2.680205,53.699585,On or near Priory Close,E01025433,South Ribble 013D,Anti-social behaviour,,
,2019-02,Lancashire Constabulary,Lancashire Constabulary,-2.680205,53.699585,On or near Priory Close,E01025433,South Ribble 013D,Anti-social behaviour,,
,2019-02,Lancashire Constabulary,Lancashire Constabulary,-2.685018,53.699350,On or near Cross Street,E01025433,South Ribble 013D,Anti-social behaviour,,
caac2f0a3c0bae7691fd4dbc3662df0161c740c2f9272bb37af35056ed4ec57f,2019-02,Lancashire Constabulary,Lancashire Constabulary,-2.680566,53.696643,On or near Whernside Way,E01025433,South Ribble 013D,Burglary,Offender given community sentence,
f10db54a5bac65d32b51ac221e24da14f923c50066de05aa82220ecce0dd3966,2019-02,Lancashire Constabulary,Lancashire Constabulary,-2.679103,53.697955,On or near St Catherines Close,E01025433,South Ribble 013D,Burglary,Defendant found not guilty,
2581fadc0978af027fbacdbe83742241870dfd5c9c03d63c0e973eab2c0a5a3a,2019-02,Lancashire Constabulary,Lancashire Constabulary,-2.680205,53.699585,On or near Priory Close,E01025433,South Ribble 013D,Burglary,Defendant found not guilty,
ca887e9116bdbf4e3e2d539ccd5714f454fb34eed55bf0fc2cbca3bb486d01ec,2019-02,Lancashire Constabulary,Lancashire Constabulary,-2.677641,53.698395,On or near Pedestrian Subway,E01025433,South Ribble 013D,Criminal damage and arson,Status update unavailable,
dc9cbab5d8e6695e3b5e981a91e757ac8a5c7eecac6a1adb98edec2180fe2208,2019-02,Lancashire Constabulary,Lancashire Constabulary,-2.679283,53.704408,On or near Bristol Avenue,E01025433,South Ribble 013D,Other theft,Status update unavailable,
09d1248068bdab06739dc40c521455b8f1b168f0bcf90f908c4296f803194c14,2019-02,Lancashire Constabulary,Lancashire Constabulary,-2.685565,53.700408,On or near Stanifield Lane,E01025433,South Ribble 013D,Robbery,Status update unavailable,
16be638d7d97495fc71b788972912986e09e317217855e8f946fe37d6be29090,2019-02,Lancashire Constabulary,Lancashire Constabulary,-2.680772,53.697191,On or near Ingleborough Way,E01025433,South Ribble 013D,Vehicle crime,Status update unavailable,
0b1f246906ee5a7256a0fee317e90af94d7c8b7b1949620536156785068f640d,2019-02,Lancashire Constabulary,Lancashire Constabulary,-2.685271,53.698181,On or near Railway Street,E01025433,South Ribble 013D,Vehicle crime,Status update unavailable,
e56c8e0a6a90cd085a899b7abf66cf0818eb97dcd97cb017462006a3360f419e,2019-02,Lancashire Constabulary,Lancashire Constabulary,-2.680772,53.697191,On or near Ingleborough Way,E01025433,South Ribble 013D,Vehicle crime,Defendant found not guilty,
38279823777ded4a3db65321df0facafaf7ca62a694cdff34404f597000673ed,2019-02,Lancashire Constabulary,Lancashire Constabulary,-2.684404,53.698851,On or near Baker Street,E01025433,South Ribble 013D,Violence and sexual offences,Status update unavailable,
14694e7a67121c3238b9556b32e49df87d15ef84cd19f0d63d28f9822e88ee70,2019-02,Lancashire Constabulary,Lancashire Constabulary,-2.686192,53.699829,On or near Preston Road,E01025433,South Ribble 013D,Violence and sexual offences,Unable to prosecute suspect,
,2019-02,Lancashire Constabulary,Lancashire Constabulary,-2.717856,53.701180,On or near Flensburg Way,E01025416,South Ribble 014A,Anti-social behaviour,,
039f80fd451341d8daa0bdbd5a1ff14d33585f1bffa064f0bb183b574f0cdb6d,2019-02,Lancashire Constabulary,Lancashire Constabulary,-2.722213,53.699069,On or near Clydesdale Place,E01025416,South Ribble 014A,Burglary,Status update unavailable,
a748919f2d2a4deb71d1ca2c5f01ee65ead11d9c6696a69a989581bb6b9d2a53,2019-02,Lancashire Constabulary,Lancashire Constabulary,-2.715951,53.696904,On or near Grange Road,E01025416,South Ribble 014A,Criminal damage and arson,Unable to prosecute suspect,
56949bd42e65caea698014a16053731bdaace24c7c99045ecc9e908015c14170,2019-02,Lancashire Constabulary,Lancashire Constabulary,-2.729852,53.695014,On or near Paradise Lane,E01025416,South Ribble 014A,Other theft,Status update unavailable,
599851bcebc3cdbf8e02d01409437dd044502c060bdbba74108816a398c4ba6a,2019-02,Lancashire Constabulary,Lancashire Constabulary,-2.726616,53.697928,On or near Bison Place,E01025416,South Ribble 014A,Other theft,Status update unavailable,
b0c1919537b40d7b6e96682b06334112dd06454a387f238343dd016e2d554e22,2019-02,Lancashire Constabulary,Lancashire Constabulary,-2.727856,53.696087,On or near Rhodden Road,E01025416,South Ribble 014A,Violence and sexual offences,Further investigation is not in the public interest,
8806182ea2e828959be5aa92c26697dfbbceb5f774d72103041cf1a53c11f0a2,2019-02,Lancashire Constabulary,Lancashire Constabulary,-2.728794,53.694265,On or near Rostrevor Close,E01025416,South Ribble 014A,Violence and sexual offences,Status update unavailable,
,2019-02,Lancashire Constabulary,Lancashire Constabulary,-2.742536,53.692006,On or near Fernleigh,E01025451,South Ribble 014B,Anti-social behaviour,,
8ced611e8e2865e95381e82aa386884fd1a3e7b9bb4248c2db1f3930a92a653e,2019-02,Lancashire Constabulary,Lancashire Constabulary,-2.745062,53.697850,On or near Narrow Lane,E01025451,South Ribble 014B,Burglary,Status update unavailable,
8d5d9acf01c9bb0b147bfec0cb3d7b49295c62b3d1784b9c46e263b4011b9bf3,2019-02,Lancashire Constabulary,Lancashire Constabulary,-2.735699,53.689855,On or near St James'S Gardens,E01025451,South Ribble 014B,Burglary,Status update unavailable,
ce944c03c4b0d47ad637883d6cdeff4d62e3bbca7d9c59f6247f584e1c1ccba2,2019-02,Lancashire Constabulary,Lancashire Constabulary,-2.742536,53.692006,On or near Fernleigh,E01025451,South Ribble 014B,Criminal damage and arson,Status update unavailable,
712ba8b368d3b4f5f8e953887db53394c548cd6f0246d54243747d25bf7767b3,2019-02,Lancashire Constabulary,Lancashire Constabulary,-2.735584,53.688444,On or near Smith Croft,E01025451,South Ribble 014B,Violence and sexual offences,Unable to prosecute suspect,
d13e9a1448e48aa84d6f7937f1aa8928962232afcd88d3b4b867b7d203d1512c,2019-02,Lancashire Constabulary,Lancashire Constabulary,-2.734218,53.688264,On or near Hornby Croft,E01025451,South Ribble 014B,Violence and sexual offences,Status update unavailable,
2200f650a2a923b041ce5c7b2747fc3de04cf66096240750063fddd56abb5a1c,2019-02,Lancashire Constabulary,Lancashire Constabulary,-2.739530,53.688995,On or near Paddock Avenue,E01025451,South Ribble 014B,Violence and sexual offences,Unable to prosecute suspect,
7d00bf9a27e785495cff256831a1f432661872f608cdbc3612b5146e75da8420,2019-02,Lancashire Constabulary,Lancashire Constabulary,-2.745062,53.697850,On or near Narrow Lane,E01025451,South Ribble 014B,Violence and sexual offences,Further investigation is not in the public interest,
73926e8d3379803454f0a97467c514d53578b747b374f32b50b65586484c19c0,2019-02,Lancashire Constabulary,Lancashire Constabulary,-2.741219,53.692886,On or near Calderbank Close,E01025451,South Ribble 014B,Other crime,Further investigation is not in the public interest,
,2019-02,Lancashire Constabulary,Lancashire Constabulary,-2.735346,53.693902,On or near Richmond Court,E01025452,South Ribble 014C,Anti-social behaviour,,
,2019-02,Lancashire Constabulary,Lancashire Constabulary,-2.733847,53.693965,On or near Robin Hey,E01025452,South Ribble 014C,Anti-social behaviour,,
,2019-02,Lancashire Constabulary,Lancashire Constabulary,-2.730973,53.692409,On or near Dunkirk Lane,E01025452,South Ribble 014C,Anti-social behaviour,,
434e3270982e8dbc9325843f74e2825cc1c3b1aa951c5f1f63b0329d2adce8bf,2019-02,Lancashire Constabulary,Lancashire Constabulary,-2.730973,53.692409,On or near Dunkirk Lane,E01025452,South Ribble 014C,Other theft,Status update unavailable,
9b064a10a54c87c2088c4863525fd4d6e7e508fdb3901ad22772107f484ca640,2019-02,Lancashire Constabulary,Lancashire Constabulary,-2.735346,53.693902,On or near Richmond Court,E01025452,South Ribble 014C,Other theft,Unable to prosecute suspect,
1e03e3cb55a9e3a31dd9c22f78292d75409cae2258961673305440dbd8c8bc46,2019-02,Lancashire Constabulary,Lancashire Constabulary,-2.735938,53.692262,On or near Cheetham Meadow,E01025452,South Ribble 014C,Public order,Unable to prosecute suspect,
0593196ab5b492e86aa973e78a9bbab1400a9a13f9559e0f38aa4ac844198f04,2019-02,Lancashire Constabulary,Lancashire Constabulary,-2.733847,53.693965,On or near Robin Hey,E01025452,South Ribble 014C,Violence and sexual offences,Status update unavailable,
09f5909c6b3de5c1138d85afe3a0605f69b2f64d790ad39da8033b79c7f7029c,2019-02,Lancashire Constabulary,Lancashire Constabulary,-2.733818,53.692302,On or near Barn Croft,E01025452,South Ribble 014C,Violence and sexual offences,Unable to prosecute suspect,
,2019-02,Lancashire Constabulary,Lancashire Constabulary,-2.711737,53.694008,On or near Westfield Drive,E01025415,South Ribble 015A,Anti-social behaviour,,
,2019-02,Lancashire Constabulary,Lancashire Constabulary,-2.715227,53.696172,On or near Orrell Close,E01025415,South Ribble 015A,Anti-social behaviour,,
,2019-02,Lancashire Constabulary,Lancashire Constabulary,-2.714443,53.699996,On or near Hawthorn Close,E01025415,South Ribble 015A,Anti-social behaviour,,
,2019-02,Lancashire Constabulary,Lancashire Constabulary,-2.713667,53.697997,On or near Leyland Lane,E01025415,South Ribble 015A,Anti-social behaviour,,
b274a3f3419462de461f53deb08aeb05c71839f7918b9a50bb20d635c4bbebcd,2019-02,Lancashire Constabulary,Lancashire Constabulary,-2.711737,53.694008,On or near Westfield Drive,E01025415,South Ribble 015A,Burglary,Status update unavailable,
75540f4f1ac99b97f651b452c041a50b390bea7fa7fcae769397426d33b9b66a,2019-02,Lancashire Constabulary,Lancashire Constabulary,-2.715533,53.698147,On or near Mellor Road,E01025415,South Ribble 015A,Burglary,Status update unavailable,
804e879bd97d8577aa1f11a3bc226f8e701e8cce992932d15e7d91f3a4ef1677,2019-02,Lancashire Constabulary,Lancashire Constabulary,-2.715533,53.698147,On or near Mellor Road,E01025415,South Ribble 015A,Burglary,Status update unavailable,
f42fda73c63d85c6873c054c7ca3e1eeba5b53ef702c88d2bd2967bcfe949f62,2019-02,Lancashire Constabulary,Lancashire Constabulary,-2.713667,53.697997,On or near Leyland Lane,E01025415,South Ribble 015A,Other theft,Status update unavailable,
05a02e7c9855ac2ed4f8acc83f99b84eb50d9dd5cc6902cb5346430ae6953387,2019-02,Lancashire Constabulary,Lancashire Constabulary,-2.713667,53.697997,On or near Leyland Lane,E01025415,South Ribble 015A,Shoplifting,Status update unavailable,
508340bb483c05b48309577d54b6a84cccc0ac0e85ef23d2e538c1af06c5c283,2019-02,Lancashire Constabulary,Lancashire Constabulary,-2.713520,53.696470,On or near Earnshaw Drive,E01025415,South Ribble 015A,Violence and sexual offences,Unable to prosecute suspect,
5c629784655571a040538fd123d14cc5f5f6b79640093680c7190a3f97a275da,2019-02,Lancashire Constabulary,Lancashire Constabulary,-2.713520,53.696470,On or near Earnshaw Drive,E01025415,South Ribble 015A,Violence and sexual offences,Unable to prosecute suspect,
cf5b60d44801255c4ccc6e0c592ac345e529cb3dcc0713e0dc71d7c19faabf87,2019-02,Lancashire Constabulary,Lancashire Constabulary,-2.712791,53.694568,On or near Leadale Road,E01025415,South Ribble 015A,Violence and sexual offences,Unable to prosecute suspect,
c11318b38641245f4501a0aff242ab2f4e95bf28c608bb21bc3e71b036556f24,2019-02,Lancashire Constabulary,Lancashire Constabulary,-2.712791,53.694568,On or near Leadale Road,E01025415,South Ribble 015A,Violence and sexual offences,Unable to prosecute suspect,
2ef109a4c837f7465f6c03aebf91f2d3493baaabc08c5fba7e809aad39837d58,2019-02,Lancashire Constabulary,Lancashire Constabulary,-2.715895,53.694505,On or near Mosslands,E01025415,South Ribble 015A,Violence and sexual offences,Awaiting court outcome,
,2019-02,Lancashire Constabulary,Lancashire Constabulary,-2.703454,53.697707,On or near Hillbrook Road,E01025423,South Ribble 015B,Anti-social behaviour,,
275a84f0ce2169f86b40d8f73e9431779cf374d0ce9fd8bf980d9e7546f32a42,2019-02,Lancashire Constabulary,Lancashire Constabulary,-2.705637,53.694224,On or near Southbrook Road,E01025423,South Ribble 015B,Burglary,Status update unavailable,
301ac1b3c8785aeea4c39c3d27113a1ae3cef71c9a0b79f87a117c4eed45d290,2019-02,Lancashire Constabulary,Lancashire Constabulary,-2.706882,53.695304,On or near Forrester Close,E01025423,South Ribble 015B,Criminal damage and arson,Status update unavailable,
d09cb39ec1dc1a389c230b0d7e036cdee5ab3d327ac01335dab76738d5c4a388,2019-02,Lancashire Constabulary,Lancashire Constabulary,-2.705377,53.695853,On or near Broadgreen Close,E01025423,South Ribble 015B,Other theft,Unable to prosecute suspect,
b5c041b355e6a620b4ce272843abae3883821782179fb99037fb20d10ac99c44,2019-02,Lancashire Constabulary,Lancashire Constabulary,-2.706882,53.695304,On or near Forrester Close,E01025423,South Ribble 015B,Other theft,Unable to prosecute suspect,
af2c659d468b5c0e49ee54720089765cf60aab30a8e8ebddeaa6d95545c07b25,2019-02,Lancashire Constabulary,Lancashire Constabulary,-2.709535,53.697275,On or near Edgehill Crescent,E01025423,South Ribble 015B,Shoplifting,Status update unavailable,
48a5677788f742a614f2f68f714e852590aec0c4befe692ba73c38639b490429,2019-02,Lancashire Constabulary,Lancashire Constabulary,-2.709535,53.697275,On or near Edgehill Crescent,E01025423,South Ribble 015B,Shoplifting,Status update unavailable,
8c179715d030b24a0edd8a4abe51401df112bd707628e97971c3aa34594ae05f,2019-02,Lancashire Constabulary,Lancashire Constabulary,-2.708568,53.696490,On or near Bannister Drive,E01025423,South Ribble 015B,Violence and sexual offences,Status update unavailable,
9e98d7ad9884cb84be48de6f4a036ae66220bed34385c43e4aac69e3a035fa2a,2019-02,Lancashire Constabulary,Lancashire Constabulary,-2.709535,53.697275,On or near Edgehill Crescent,E01025423,South Ribble 015B,Violence and sexual offences,Unable to prosecute suspect,
6d10d2966dc73081b8e90113b13b12c4da756a39e4e06e6dc00fe633dd066005,2019-02,Lancashire Constabulary,Lancashire Constabulary,-2.703454,53.697707,On or near Hillbrook Road,E01025423,South Ribble 015B,Violence and sexual offences,Further investigation is not in the public interest,
cf474982465b70fc72b76425eb07066963014fb1e9c5ccb38b06ed026187fb7a,2019-02,Lancashire Constabulary,Lancashire Constabulary,-2.709535,53.697275,On or near Edgehill Crescent,E01025423,South Ribble 015B,Violence and sexual offences,Awaiting court outcome,
e2cedda00cd6fea9574d5ba5fe0a0af2f5752acccb4d786f890ced1ef8598f7a,2019-02,Lancashire Constabulary,Lancashire Constabulary,-2.706882,53.695304,On or near Forrester Close,E01025423,South Ribble 015B,Violence and sexual offences,Unable to prosecute suspect,
be0eada5bcf109fafe2e44caee3be56ba5a8adefe06b57fe6b3f406fab04fda3,2019-02,Lancashire Constabulary,Lancashire Constabulary,-2.709535,53.697275,On or near Edgehill Crescent,E01025423,South Ribble 015B,Violence and sexual offences,Status update unavailable,
5aff3e0985ba7255de02ea5bfa4ca88a91790d28c1b119b23e1541399a9ec6a8,2019-02,Lancashire Constabulary,Lancashire Constabulary,-2.703454,53.697707,On or near Hillbrook Road,E01025423,South Ribble 015B,Violence and sexual offences,Unable to prosecute suspect,
739fbb345d9bbcfa17c31b66acda8615fadc3944ba670693abccabe8b394c04a,2019-02,Lancashire Constabulary,Lancashire Constabulary,-2.703454,53.697707,On or near Hillbrook Road,E01025423,South Ribble 015B,Violence and sexual offences,Status update unavailable,
721d99499983ec908003c1d29280dbc7b63c0aee2d1cd89573594cc57dadd6db,2019-02,Lancashire Constabulary,Lancashire Constabulary,-2.707537,53.697359,On or near Wood Green,E01025423,South Ribble 015B,Violence and sexual offences,Status update unavailable,
ae6c4cad8e6ffa048cb8450ce52705adde31bcdf598817205ef83d1308296a42,2019-02,Lancashire Constabulary,Lancashire Constabulary,-2.708340,53.695566,On or near Ryan Close,E01025423,South Ribble 015B,Violence and sexual offences,Unable to prosecute suspect,
6b0531e3f7721f4e572d9807cf856edbe00c982dad3a4191f0dfcf3f7dcebd21,2019-02,Lancashire Constabulary,Lancashire Constabulary,-2.709535,53.697275,On or near Edgehill Crescent,E01025423,South Ribble 015B,Violence and sexual offences,Unable to prosecute suspect,
,2019-02,Lancashire Constabulary,Lancashire Constabulary,-2.695419,53.689925,On or near St Andrews Way,E01025435,South Ribble 015C,Anti-social behaviour,,
,2019-02,Lancashire Constabulary,Lancashire Constabulary,-2.695419,53.689925,On or near St Andrews Way,E01025435,South Ribble 015C,Anti-social behaviour,,
,2019-02,Lancashire Constabulary,Lancashire Constabulary,-2.699811,53.689953,On or near Petrol Station,E01025435,South Ribble 015C,Anti-social behaviour,,
,2019-02,Lancashire Constabulary,Lancashire Constabulary,-2.700253,53.691038,On or near Spring Gardens,E01025435,South Ribble 015C,Anti-social behaviour,,
,2019-02,Lancashire Constabulary,Lancashire Constabulary,-2.695419,53.689925,On or near St Andrews Way,E01025435,South Ribble 015C,Anti-social behaviour,,
,2019-02,Lancashire Constabulary,Lancashire Constabulary,-2.695305,53.691256,On or near Liege Road,E01025435,South Ribble 015C,Anti-social behaviour,,
,2019-02,Lancashire Constabulary,Lancashire Constabulary,-2.695419,53.689925,On or near St Andrews Way,E01025435,South Ribble 015C,Anti-social behaviour,,
,2019-02,Lancashire Constabulary,Lancashire Constabulary,-2.695419,53.689925,On or near St Andrews Way,E01025435,South Ribble 015C,Anti-social behaviour,,
,2019-02,Lancashire Constabulary,Lancashire Constabulary,-2.700324,53.691640,On or near Fairfield Road,E01025435,South Ribble 015C,Anti-social behaviour,,
,2019-02,Lancashire Constabulary,Lancashire Constabulary,-2.695419,53.689925,On or near St Andrews Way,E01025435,South Ribble 015C,Anti-social behaviour,,
,2019-02,Lancashire Constabulary,Lancashire Constabulary,-2.695419,53.689925,On or near St Andrews Way,E01025435,South Ribble 015C,Anti-social behaviour,,
,2019-02,Lancashire Constabulary,Lancashire Constabulary,-2.695419,53.689925,On or near St Andrews Way,E01025435,South Ribble 015C,Anti-social behaviour,,
,2019-02,Lancashire Constabulary,Lancashire Constabulary,-2.695419,53.689925,On or near St Andrews Way,E01025435,South Ribble 015C,Anti-social behaviour,,
,2019-02,Lancashire Constabulary,Lancashire Constabulary,-2.695419,53.689925,On or near St Andrews Way,E01025435,South Ribble 015C,Anti-social behaviour,,
421c6a3d3e42cb62ada773f0370e436bfa7ddfe08e9306eeb919d88bdbbc4a53,2019-02,Lancashire Constabulary,Lancashire Constabulary,-2.695419,53.689925,On or near St Andrews Way,E01025435,South Ribble 015C,Other theft,Status update unavailable,
878d3567e9c6b1ce0b294d99fd4994f2f68c27ddb749afdfb7add6e76a349cd5,2019-02,Lancashire Constabulary,Lancashire Constabulary,-2.696678,53.691886,On or near Edward Street,E01025435,South Ribble 015C,Other theft,Status update unavailable,
a1b2d8fe1bd23d7be773c11bcbf10e1851e6a5ea576df2e54f7c411d9d4afb38,2019-02,Lancashire Constabulary,Lancashire Constabulary,-2.695419,53.689925,On or near St Andrews Way,E01025435,South Ribble 015C,Other theft,Status update unavailable,
99dc913d027baa07b7ec89bf77e9d313ed1b1ec5c70508160a60b96b65e0ac6c,2019-02,Lancashire Constabulary,Lancashire Constabulary,-2.699811,53.689953,On or near Petrol Station,E01025435,South Ribble 015C,Other theft,Further investigation is not in the public interest,
80172396b53652fd1db75231b1de68a0b120be9a0f5ebeb1197474b60f7abd0e,2019-02,Lancashire Constabulary,Lancashire Constabulary,-2.698330,53.691031,On or near Parking Area,E01025435,South Ribble 015C,Public order,Status update unavailable,
e675764a52f559490d75072072a8ecc5e23738b79fd7da8887ab00cee7155880,2019-02,Lancashire Constabulary,Lancashire Constabulary,-2.698330,53.691031,On or near Parking Area,E01025435,South Ribble 015C,Public order,Status update unavailable,
949b64def4aaa5f72a7c119230978e420c25fe8e211abc215805ff124e824847,2019-02,Lancashire Constabulary,Lancashire Constabulary,-2.697804,53.691304,On or near Supermarket,E01025435,South Ribble 015C,Public order,Status update unavailable,
d5e3443b7f89284be73a005af9dc52a71b181dd034cf135ac5e850c6e94edb1a,2019-02,Lancashire Constabulary,Lancashire Constabulary,-2.695419,53.689925,On or near St Andrews Way,E01025435,South Ribble 015C,Shoplifting,Further investigation is not in the public interest,
f3d65c8d091a68000d51bd4125f007d39671c9dcc97c5c0418db8f4fcf2b7ccb,2019-02,Lancashire Constabulary,Lancashire Constabulary,-2.695419,53.689925,On or near St Andrews Way,E01025435,South Ribble 015C,Shoplifting,Unable to prosecute suspect,
d82c6179b98d0bce7b3519d7d034386f4eca62a4016219b7cae99991057fff42,2019-02,Lancashire Constabulary,Lancashire Constabulary,-2.695419,53.689925,On or near St Andrews Way,E01025435,South Ribble 015C,Shoplifting,Unable to prosecute suspect,
b35a4f22ab7b5b663003613cc9b665cc39383e2fd953f143ac1be45a3876a387,2019-02,Lancashire Constabulary,Lancashire Constabulary,-2.695419,53.689925,On or near St Andrews Way,E01025435,South Ribble 015C,Shoplifting,Investigation complete; no suspect identified,
3eb53e43030bc2ffeb2805641c904192cff455345732e6093af17cb8386aeea8,2019-02,Lancashire Constabulary,Lancashire Constabulary,-2.699811,53.689953,On or near Petrol Station,E01025435,South Ribble 015C,Vehicle crime,Status update unavailable,
fe4da1863a3b83c9ce771851134fc775f3f841d2147b4815841fcc197d76b2a1,2019-02,Lancashire Constabulary,Lancashire Constabulary,-2.698033,53.688633,On or near Towngate,E01025435,South Ribble 015C,Violence and sexual offences,Status update unavailable,
29006ead7e0f48bea6cb87cb60d9ee6354b030d4fbcc662e0e714cf4402fbf26,2019-02,Lancashire Constabulary,Lancashire Constabulary,-2.698330,53.691031,On or near Parking Area,E01025435,South Ribble 015C,Violence and sexual offences,Further investigation is not in the public interest,
732c715095888c555adb3ca848eb0951efb16e8a2d28b8a3d010671ff08c0ad3,2019-02,Lancashire Constabulary,Lancashire Constabulary,-2.695631,53.692647,On or near Vevey Street,E01025435,South Ribble 015C,Violence and sexual offences,Status update unavailable,
0f4fcd575c08fab1d93a5fff10efb761d829eb229106507983d3945aa8dbbc04,2019-02,Lancashire Constabulary,Lancashire Constabulary,-2.698033,53.688633,On or near Towngate,E01025435,South Ribble 015C,Violence and sexual offences,Status update unavailable,
6f19cc8eb8f5758250b83cab327f880388fe15d62818cc1ea1b96fbe9f778acc,2019-02,Lancashire Constabulary,Lancashire Constabulary,-2.695419,53.689925,On or near St Andrews Way,E01025435,South Ribble 015C,Violence and sexual offences,Status update unavailable,
e5bb6d1cb53dea168cf7f93500c7879301cdb36449c58af09872d4a7598d60dc,2019-02,Lancashire Constabulary,Lancashire Constabulary,-2.697996,53.692813,On or near Belgrave Road,E01025435,South Ribble 015C,Violence and sexual offences,Status update unavailable,
7c67c46b4e041fa66984cb081ab66ee823b822811bc8a0846bac0fadb9bc46bb,2019-02,Lancashire Constabulary,Lancashire Constabulary,-2.695419,53.689925,On or near St Andrews Way,E01025435,South Ribble 015C,Violence and sexual offences,Status update unavailable,
e60be2ee905926600a270f75ab1ee7687cc2b680cfd1754b3053f5506145eb45,2019-02,Lancashire Constabulary,Lancashire Constabulary,-2.697996,53.692813,On or near Belgrave Road,E01025435,South Ribble 015C,Violence and sexual offences,Investigation complete; no suspect identified,
56a1494690e6b7d390ffc79b527bc0753b47464a466176e68a63de45d1acf717,2019-02,Lancashire Constabulary,Lancashire Constabulary,-2.698330,53.691031,On or near Parking Area,E01025435,South Ribble 015C,Other crime,Further investigation is not in the public interest,
,2019-02,Lancashire Constabulary,Lancashire Constabulary,-2.706585,53.692933,On or near Bleachers Drive,E01025446,South Ribble 015D,Anti-social behaviour,,
,2019-02,Lancashire Constabulary,Lancashire Constabulary,-2.709942,53.693570,On or near Larchwood Crescent,E01025446,South Ribble 015D,Anti-social behaviour,,
,2019-02,Lancashire Constabulary,Lancashire Constabulary,-2.709133,53.692271,On or near Marron Close,E01025446,South Ribble 015D,Anti-social behaviour,,
7aa8d0277dc44c29b92f481269d8d1de77155fe25c85f7cf6b0a5d91255cba5e,2019-02,Lancashire Constabulary,Lancashire Constabulary,-2.703844,53.692051,On or near Broadfield Drive,E01025446,South Ribble 015D,Burglary,Status update unavailable,
cd6153bf8702708ffb1904507469210ce1782184a7c825d75fe81b6c55b8375c,2019-02,Lancashire Constabulary,Lancashire Constabulary,-2.709942,53.693570,On or near Larchwood Crescent,E01025446,South Ribble 015D,Public order,Unable to prosecute suspect,
7d1a95eae1a944dcf655a66449f25cfc3e81a2e6faedbf73868850d3464f1a4d,2019-02,Lancashire Constabulary,Lancashire Constabulary,-2.707372,53.692938,On or near Elmwood Avenue,E01025446,South Ribble 015D,Vehicle crime,Status update unavailable,
98372fe7d8c1bb468c71f8598a2f27712c723b8b392abde3dff7696310a1de43,2019-02,Lancashire Constabulary,Lancashire Constabulary,-2.709942,53.693570,On or near Larchwood Crescent,E01025446,South Ribble 015D,Violence and sexual offences,Unable to prosecute suspect,
a671ce95a164f9847d0184fa785c276a58ccc0d02e08cee7282a1ca2092ca48b,2019-02,Lancashire Constabulary,Lancashire Constabulary,-2.709942,53.693570,On or near Larchwood Crescent,E01025446,South Ribble 015D,Violence and sexual offences,Unable to prosecute suspect,
32c679b615a912d8c16e68924994312ce20db89f6de6ebda6b24783dbb308698,2019-02,Lancashire Constabulary,Lancashire Constabulary,-2.709942,53.693570,On or near Larchwood Crescent,E01025446,South Ribble 015D,Violence and sexual offences,Status update unavailable,
08da8f29f04b5ce87ce48cd8e8be4cc01f93edad09cbdfd68288e499117dfbff,2019-02,Lancashire Constabulary,Lancashire Constabulary,-2.709942,53.693570,On or near Larchwood Crescent,E01025446,South Ribble 015D,Violence and sexual offences,Status update unavailable,
2791c9229108cfa5dbc9efdc8d31b77538541ad6df0ac168681666e5ef4c52e2,2019-02,Lancashire Constabulary,Lancashire Constabulary,-2.707405,53.686745,On or near Royal Avenue,E01025446,South Ribble 015D,Violence and sexual offences,Action to be taken by another organisation,
08e808f308aad877fcfe6f70c56ad1770448eaf080e90e6e1219df9616c3a03d,2019-02,Lancashire Constabulary,Lancashire Constabulary,-2.709942,53.693570,On or near Larchwood Crescent,E01025446,South Ribble 015D,Other crime,Status update unavailable,
5a4e5707543148efcd1c73c6c8f0d07ab963d9919dbfe47356cb223d7f885df0,2019-02,Lancashire Constabulary,Lancashire Constabulary,-2.688809,53.691275,On or near Mead Avenue,E01025430,South Ribble 016A,Violence and sexual offences,Unable to prosecute suspect,
c8ba27f593eced6bff3536957605d5a8d12b864ce53365cb4c1e85c9075a6127,2019-02,Lancashire Constabulary,Lancashire Constabulary,-2.688809,53.691275,On or near Mead Avenue,E01025430,South Ribble 016A,Violence and sexual offences,Unable to prosecute suspect,
62afa2ce6f3bb869bd821d790fadb3e8a7c451f074a8a09086323aa703d03241,2019-02,Lancashire Constabulary,Lancashire Constabulary,-2.687298,53.689666,On or near Winsor Avenue,E01025430,South Ribble 016A,Violence and sexual offences,Status update unavailable,
,2019-02,Lancashire Constabulary,Lancashire Constabulary,-2.683771,53.685965,On or near Matterdale Road,E01025434,South Ribble 016C,Anti-social behaviour,,
66c719c4c1b5e87b6d3b6bc56cce4b142e146db9bcb03b44518ee2822a48c49b,2019-02,Lancashire Constabulary,Lancashire Constabulary,-2.694309,53.684107,On or near Worden Lane,E01025434,South Ribble 016C,Drugs,Status update unavailable,
ca842b52d19acaceea9fc50d6941e92cab6b7308b21dbe0cf6c4490fe9402fe8,2019-02,Lancashire Constabulary,Lancashire Constabulary,-2.695700,53.685842,On or near Edale Close,E01025434,South Ribble 016C,Violence and sexual offences,Awaiting court outcome,
,2019-02,Lancashire Constabulary,Lancashire Constabulary,-2.671286,53.686422,On or near Eaton Avenue,E01032928,South Ribble 016D,Anti-social behaviour,,
,2019-02,Lancashire Constabulary,Lancashire Constabulary,-2.662902,53.681912,On or near Spinners Court,E01032928,South Ribble 016D,Anti-social behaviour,,
,2019-02,Lancashire Constabulary,Lancashire Constabulary,-2.675604,53.692240,On or near Croft Park,E01032928,South Ribble 016D,Anti-social behaviour,,
,2019-02,Lancashire Constabulary,Lancashire Constabulary,-2.671286,53.686422,On or near Eaton Avenue,E01032928,South Ribble 016D,Anti-social behaviour,,
,2019-02,Lancashire Constabulary,Lancashire Constabulary,-2.660813,53.681932,On or near Oxford Mews,E01032928,South Ribble 016D,Anti-social behaviour,,
2cb92ec23bbc74e953430f552bf0fa94f867638c1e9f616d8a83370c51a7bab8,2019-02,Lancashire Constabulary,Lancashire Constabulary,-2.662751,53.682892,On or near Durham Drive,E01032928,South Ribble 016D,Burglary,Status update unavailable,
1f2ae8cb60652e719cb2aa137ea57a249fe173395e0b4559aaa38158e1b2fea1,2019-02,Lancashire Constabulary,Lancashire Constabulary,-2.671286,53.686422,On or near Eaton Avenue,E01032928,South Ribble 016D,Burglary,Status update unavailable,
3508b5ebf829a66d115b0b7fba8aed55f019ab9243e843811833e0d1ddb21bc2,2019-02,Lancashire Constabulary,Lancashire Constabulary,-2.668503,53.681863,On or near Silverstone Street,E01032928,South Ribble 016D,Other theft,Status update unavailable,
a6a5e6d10bf48f7082550f29c3a8f140c694a681a31791fd348a537f430494f6,2019-02,Lancashire Constabulary,Lancashire Constabulary,-2.666695,53.687185,On or near Dawson Lane,E01032928,South Ribble 016D,Other theft,Status update unavailable,
cae3dbfca3a8628fbbf5ea68d46b0924af9697df1d66e47aa2eedc55e9141709,2019-02,Lancashire Constabulary,Lancashire Constabulary,-2.678122,53.684954,On or near Back Lane,E01032928,South Ribble 016D,Public order,Unable to prosecute suspect,
4900cba2f1aa07464db4779edef715444b0307da4b4f9ed9ac1e9a9cdc865362,2019-02,Lancashire Constabulary,Lancashire Constabulary,-2.678122,53.684954,On or near Back Lane,E01032928,South Ribble 016D,Public order,Status update unavailable,
5e1e67ec87eddfbffc3813b2aa0a04870a38ee12ac48516ecd35b07c19801b58,2019-02,Lancashire Constabulary,Lancashire Constabulary,-2.671286,53.686422,On or near Eaton Avenue,E01032928,South Ribble 016D,Shoplifting,Status update unavailable,
863d8b5f8de871f66de528c5e7cdb285323c2572db3aea5f444af1063b0547a8,2019-02,Lancashire Constabulary,Lancashire Constabulary,-2.671286,53.686422,On or near Eaton Avenue,E01032928,South Ribble 016D,Vehicle crime,Status update unavailable,
c339afaeb91dc9d2a7b59168160a061c40c352c9539cc210c040134643ef3c18,2019-02,Lancashire Constabulary,Lancashire Constabulary,-2.674988,53.692540,On or near Petrol Station,E01032928,South Ribble 016D,Vehicle crime,Awaiting court outcome,
fbde0e854b7bf7787be83162d0cddd9909e1708842096f1a1ddb01b7ca23174b,2019-02,Lancashire Constabulary,Lancashire Constabulary,-2.668503,53.681863,On or near Silverstone Street,E01032928,South Ribble 016D,Violence and sexual offences,Unable to prosecute suspect,
a509db86d2cf31d80fa058df2b10a37ca260b2d634e0c41980fd4fa33d7e3560,2019-02,Lancashire Constabulary,Lancashire Constabulary,-2.662751,53.682892,On or near Durham Drive,E01032928,South Ribble 016D,Violence and sexual offences,Status update unavailable,
e3c330c203de1a7e4d701afff8a5725281a416b96a5804e50738b289aaf1bcc9,2019-02,Lancashire Constabulary,Lancashire Constabulary,-2.659542,53.684879,On or near Mayflower Crescent,E01032928,South Ribble 016D,Violence and sexual offences,Unable to prosecute suspect,
5739c70c7f73c714f02fcfe2c595f3c3dee4bddd1a149ab8df85e47dc06c3d6c,2019-02,Lancashire Constabulary,Lancashire Constabulary,-2.662898,53.681624,On or near Cordwainers Court,E01032928,South Ribble 016D,Violence and sexual offences,Unable to prosecute suspect,
3670cc578298f096ae6057b66376ad663db7a057965e35fdbf9f3e42f62dbf15,2019-02,Lancashire Constabulary,Lancashire Constabulary,-2.661162,53.681005,On or near Baker Close,E01032928,South Ribble 016D,Violence and sexual offences,Unable to prosecute suspect,
a4ed4c85ff52518a74f7d02a1f6f03a2baf6b6f9e6f3b1d7651ac709215d640c,2019-02,Lancashire Constabulary,Lancashire Constabulary,-2.678761,53.692672,On or near Albert Road,E01032928,South Ribble 016D,Violence and sexual offences,Status update unavailable,
16ebade8e1bcb9267d23890d1963810c0e12a89804b760c3248524482310e8cd,2019-02,Lancashire Constabulary,Lancashire Constabulary,-2.678761,53.692672,On or near Albert Road,E01032928,South Ribble 016D,Violence and sexual offences,Further investigation is not in the public interest,
,2019-02,Lancashire Constabulary,Lancashire Constabulary,-2.675507,53.689032,On or near Parking Area,E01032929,South Ribble 016E,Anti-social behaviour,,
,2019-02,Lancashire Constabulary,Lancashire Constabulary,-2.681517,53.693618,On or near Young Avenue,E01032929,South Ribble 016E,Anti-social behaviour,,
9467a3ac2f2ffd1da61399bf12b60ea39a7eb66961f8d48ed25c682ed233ca5c,2019-02,Lancashire Constabulary,Lancashire Constabulary,-2.681148,53.688605,On or near Beaumaris Road,E01032929,South Ribble 016E,Vehicle crime,Status update unavailable,
,2019-02,Lancashire Constabulary,Lancashire Constabulary,-2.713205,53.685020,On or near Farington Avenue,E01025445,South Ribble 017A,Anti-social behaviour,,
,2019-02,Lancashire Constabulary,Lancashire Constabulary,-2.710630,53.684056,On or near Cumberland Avenue,E01025445,South Ribble 017A,Anti-social behaviour,,
8942b93ef06951a93b5a7781e48f621a23aad94b764c24245c8a5c75b04cde11,2019-02,Lancashire Constabulary,Lancashire Constabulary,-2.712249,53.685772,On or near Queensway,E01025445,South Ribble 017A,Violence and sexual offences,Status update unavailable,
e04df90cc2de76c63dc31f4c3835532263178e19f7573fe707b652ed4e55fdb7,2019-02,Lancashire Constabulary,Lancashire Constabulary,-2.709885,53.684752,On or near Warwick Road,E01025445,South Ribble 017A,Violence and sexual offences,Unable to prosecute suspect,
02f82021c81a3032b8812ad3a3acf5727f3c0a8e0b599d6cdce3e588e017e49d,2019-02,Lancashire Constabulary,Lancashire Constabulary,-2.712249,53.685772,On or near Queensway,E01025445,South Ribble 017A,Violence and sexual offences,Unable to prosecute suspect,
9fc9c275961266fcdc54479ce68fdf3230d99242be9e5946f1dab481840133a8,2019-02,Lancashire Constabulary,Lancashire Constabulary,-2.714426,53.685597,On or near Springfield Road,E01025445,South Ribble 017A,Violence and sexual offences,Status update unavailable,
f26020dace648a8552f079faf46a8c11b3bb197bd6a17acbeb2d132149dcde4b,2019-02,Lancashire Constabulary,Lancashire Constabulary,-2.716250,53.684220,On or near Butlers Farm Court,E01025445,South Ribble 017A,Violence and sexual offences,Status update unavailable,
21c9e6cc06b796660e3dd3981b5e86fabb41171443e714b4fcc72bc15aa0fe58,2019-02,Lancashire Constabulary,Lancashire Constabulary,-2.712249,53.685772,On or near Queensway,E01025445,South Ribble 017A,Violence and sexual offences,Unable to prosecute suspect,
,2019-02,Lancashire Constabulary,Lancashire Constabulary,-2.713143,53.689380,On or near Lower House Road,E01025447,South Ribble 017B,Anti-social behaviour,,
,2019-02,Lancashire Constabulary,Lancashire Constabulary,-2.713751,53.686851,On or near Leyton Avenue,E01025447,South Ribble 017B,Anti-social behaviour,,
,2019-02,Lancashire Constabulary,Lancashire Constabulary,-2.715416,53.690373,On or near Yarrow Place,E01025447,South Ribble 017B,Anti-social behaviour,,
,2019-02,Lancashire Constabulary,Lancashire Constabulary,-2.714012,53.688818,On or near Fox Lane,E01025447,South Ribble 017B,Anti-social behaviour,,
462e253fef2700098a4d229202cf26ebbb8a05fd3bf623df63f5a85e5925baf3,2019-02,Lancashire Constabulary,Lancashire Constabulary,-2.715286,53.690778,On or near Mill Lane,E01025447,South Ribble 017B,Burglary,Defendant found not guilty,
f6ef93c19c6874eafd862bfe14347c0675424b40f373cf68d409b0f5e87df43d,2019-02,Lancashire Constabulary,Lancashire Constabulary,-2.714012,53.688818,On or near Fox Lane,E01025447,South Ribble 017B,Criminal damage and arson,Status update unavailable,
f29cb48958631e385f388f935c248066bfca058dcde496d283e055c35c9c2d0f,2019-02,Lancashire Constabulary,Lancashire Constabulary,-2.714012,53.688818,On or near Fox Lane,E01025447,South Ribble 017B,Criminal damage and arson,Status update unavailable,
08cc5245f4da39d6f043faac6e5ac5bb9a08433e2aaa0418d6039f2dc270d401,2019-02,Lancashire Constabulary,Lancashire Constabulary,-2.714012,53.688818,On or near Fox Lane,E01025447,South Ribble 017B,Criminal damage and arson,Status update unavailable,
3c78b9e9f6f02ccaccd736c6ba498a90bf0ad24bf5b0ac6873df7a1c1f96ccb0,2019-02,Lancashire Constabulary,Lancashire Constabulary,-2.713751,53.686851,On or near Leyton Avenue,E01025447,South Ribble 017B,Violence and sexual offences,Unable to prosecute suspect,
960a2a98fe622228954b3de4027c7ce419e04eae2c46a0a43b207734b54647fd,2019-02,Lancashire Constabulary,Lancashire Constabulary,-2.714012,53.688818,On or near Fox Lane,E01025447,South Ribble 017B,Violence and sexual offences,Unable to prosecute suspect,
8846d4d1024faba86b4915d16cfa456408bc16e6744928d4f31a9de3b918bf34,2019-02,Lancashire Constabulary,Lancashire Constabulary,-2.713625,53.687454,On or near Wigton Avenue,E01025447,South Ribble 017B,Violence and sexual offences,Unable to prosecute suspect,
a8fdc372d7db798aaa155c0ace3fd07144302de1457284abdcd091ea216b4ecc,2019-02,Lancashire Constabulary,Lancashire Constabulary,-2.714012,53.688818,On or near Fox Lane,E01025447,South Ribble 017B,Violence and sexual offences,Investigation complete; no suspect identified,
b70f6d653ea4ccd80b70d0aabe9f0e6b493a3b2cc1a21bb3c18d831e8ff2ddf4,2019-02,Lancashire Constabulary,Lancashire Constabulary,-2.714012,53.688818,On or near Fox Lane,E01025447,South Ribble 017B,Violence and sexual offences,Status update unavailable,
23de048ec709ca62da719da81df78214ffb5f885fe7cfda66fd6ac4d5f21d433,2019-02,Lancashire Constabulary,Lancashire Constabulary,-2.714658,53.686773,On or near Seven Stars Road,E01025447,South Ribble 017B,Violence and sexual offences,Further investigation is not in the public interest,
,2019-02,Lancashire Constabulary,Lancashire Constabulary,-2.719114,53.693218,On or near Fielden Street,E01025459,South Ribble 017C,Anti-social behaviour,,
,2019-02,Lancashire Constabulary,Lancashire Constabulary,-2.716497,53.688964,On or near Leyland Lane,E01025459,South Ribble 017C,Anti-social behaviour,,
,2019-02,Lancashire Constabulary,Lancashire Constabulary,-2.716497,53.688964,On or near Leyland Lane,E01025459,South Ribble 017C,Anti-social behaviour,,
,2019-02,Lancashire Constabulary,Lancashire Constabulary,-2.720557,53.690792,On or near Dunkirk Lane,E01025459,South Ribble 017C,Anti-social behaviour,,
,2019-02,Lancashire Constabulary,Lancashire Constabulary,-2.717396,53.689247,On or near Slater Lane,E01025459,South Ribble 017C,Anti-social behaviour,,
6e45a5f59aeca5e161f1ff3a2de974f4137a44927e0485868a9c943258e4d2c0,2019-02,Lancashire Constabulary,Lancashire Constabulary,-2.716497,53.688964,On or near Leyland Lane,E01025459,South Ribble 017C,Shoplifting,Status update unavailable,
b77eb768454b85a0397dc753b6e6dd71491dcc8cc803f3465277dbb909b6003a,2019-02,Lancashire Constabulary,Lancashire Constabulary,-2.717633,53.690719,On or near Dunkirk Lane,E01025459,South Ribble 017C,Theft from the person,Status update unavailable,
a104c2da6cab02d7f6fdda86190ab8f39e390e30313becf72c30622525279d86,2019-02,Lancashire Constabulary,Lancashire Constabulary,-2.716435,53.688875,On or near Leyland Lane,E01025459,South Ribble 017C,Violence and sexual offences,Status update unavailable,
ecc8580d1cc3d456f7db95448ca2f92c16a6722f47348f8fb77e0bdceb8b33e6,2019-02,Lancashire Constabulary,Lancashire Constabulary,-2.711834,53.693504,On or near Redwood Avenue,E01025459,South Ribble 017C,Violence and sexual offences,Unable to prosecute suspect,
f05935792ad5184f9539519ec570f0b9d98246a30cbe2ee0b1f20f53baab3df3,2019-02,Lancashire Constabulary,Lancashire Constabulary,-2.711834,53.693504,On or near Redwood Avenue,E01025459,South Ribble 017C,Violence and sexual offences,Local resolution,
0bfea38907e660e6a86f99b66117aef09a0ce43c713d328fda3cd11566550f67,2019-02,Lancashire Constabulary,Lancashire Constabulary,-2.716435,53.688875,On or near Leyland Lane,E01025459,South Ribble 017C,Violence and sexual offences,Unable to prosecute suspect,
81c65b5c80686538c8d4ebd8af6c00f4e4caee67b8d354ca44e7fbdaa76fbc54,2019-02,Lancashire Constabulary,Lancashire Constabulary,-2.716435,53.688875,On or near Leyland Lane,E01025459,South Ribble 017C,Violence and sexual offences,Status update unavailable,
2ea629d68633d86aacaa0f3dae748e988ef5f7cc5bd5d44c3687ca663567d4f5,2019-02,Lancashire Constabulary,Lancashire Constabulary,-2.713552,53.693863,On or near Westfield Drive,E01025459,South Ribble 017C,Violence and sexual offences,Status update unavailable,
56beed59f536069fc88af740185df854bc7b6ed25a620b872ebea34350df1e56,2019-02,Lancashire Constabulary,Lancashire Constabulary,-2.716435,53.688875,On or near Leyland Lane,E01025459,South Ribble 017C,Violence and sexual offences,Status update unavailable,
bbfcba3d984f21af8a5615eac967ce99873f357a52cf387d61755cd66d9725f3,2019-02,Lancashire Constabulary,Lancashire Constabulary,-2.716497,53.688964,On or near Leyland Lane,E01025459,South Ribble 017C,Violence and sexual offences,Further investigation is not in the public interest,
e19edcb85552f5af390458bd232595077e3ae6579f983f5db6056e4905894147,2019-02,Lancashire Constabulary,Lancashire Constabulary,-2.725357,53.690772,On or near Bretherton Close,E01025459,South Ribble 017C,Violence and sexual offences,Awaiting court outcome,
afcc79afaf14b7bddc0ca6de02eac8a9590134c53d06473d548113ecb562ad21,2019-02,Lancashire Constabulary,Lancashire Constabulary,-2.716435,53.688875,On or near Leyland Lane,E01025459,South Ribble 017C,Violence and sexual offences,Status update unavailable,
97cab62cd7eb193e2ab9d27549a47d030fa661a333504423b2d1c617a665be6f,2019-02,Lancashire Constabulary,Lancashire Constabulary,-2.716497,53.688964,On or near Leyland Lane,E01025459,South Ribble 017C,Violence and sexual offences,Unable to prosecute suspect,
739d8868eb8b7917a66ad9ac4c6d5760c98a94db2716b753ee8161f9d1102ed4,2019-02,Lancashire Constabulary,Lancashire Constabulary,-2.711834,53.693504,On or near Redwood Avenue,E01025459,South Ribble 017C,Other crime,Status update unavailable,
69417b18495c2cb06615963a3dc4b1f554e821cee12cfabb0601e4af41b469d1,2019-02,Lancashire Constabulary,Lancashire Constabulary,-2.719114,53.693218,On or near Fielden Street,E01025459,South Ribble 017C,Other crime,Further investigation is not in the public interest,
,2019-02,Lancashire Constabulary,Lancashire Constabulary,-2.718585,53.684413,On or near Victoria Park Avenue,E01025460,South Ribble 017D,Anti-social behaviour,,
,2019-02,Lancashire Constabulary,Lancashire Constabulary,-2.729720,53.689145,On or near Manor House Close,E01025460,South Ribble 017D,Anti-social behaviour,,
,2019-02,Lancashire Constabulary,Lancashire Constabulary,-2.726373,53.687350,On or near Eastlands,E01025460,South Ribble 017D,Anti-social behaviour,,
583147df7ce0a59135281c2a1086a549b520df3479302f2af28a41af0af8a71b,2019-02,Lancashire Constabulary,Lancashire Constabulary,-2.717312,53.686119,On or near Meadowcroft Road,E01025460,South Ribble 017D,Burglary,Status update unavailable,
09f2b882f3f8c5c9d39eab2f1412cb727d8145e1d70ae5076c1c0a32bdc57043,2019-02,Lancashire Constabulary,Lancashire Constabulary,-2.731121,53.687842,On or near Alder Close,E01025460,South Ribble 017D,Criminal damage and arson,Status update unavailable,
292fedc28904850e2cc6cb2272c4398cb1ba0e02b22a6d100bae565e7923d1eb,2019-02,Lancashire Constabulary,Lancashire Constabulary,-2.729720,53.689145,On or near Manor House Close,E01025460,South Ribble 017D,Criminal damage and arson,Status update unavailable,
0b01639ef49c6d2255cda94f83281b6a655d17d56681230ab0c405d2ecd3259f,2019-02,Lancashire Constabulary,Lancashire Constabulary,-2.726373,53.687350,On or near Eastlands,E01025460,South Ribble 017D,Criminal damage and arson,Status update unavailable,
e09accef11a6455ca89764aa41bc9cef77d4ef67235bae8e0947bf932f66521b,2019-02,Lancashire Constabulary,Lancashire Constabulary,-2.729720,53.689145,On or near Manor House Close,E01025460,South Ribble 017D,Other theft,Status update unavailable,
3bf3748c829bd7f9d527705419ca5e23cd9f9d0c2d193d12c6957e7cca47173b,2019-02,Lancashire Constabulary,Lancashire Constabulary,-2.729720,53.689145,On or near Manor House Close,E01025460,South Ribble 017D,Other theft,Status update unavailable,
c516d2583f757daf7f5636541a8f65f0862f057cbeeebf9df1dba3a567f343b4,2019-02,Lancashire Constabulary,Lancashire Constabulary,-2.729157,53.691576,On or near Newton Close,E01025460,South Ribble 017D,Public order,Status update unavailable,
c30f087917aa2f42b74c10ad6d6e1ebcfb2194322020580e4ec223a05c546ac6,2019-02,Lancashire Constabulary,Lancashire Constabulary,-2.729720,53.689145,On or near Manor House Close,E01025460,South Ribble 017D,Public order,Status update unavailable,
0335defae0db8147b064034ced3c620995783462abc584afa9898aed216d517b,2019-02,Lancashire Constabulary,Lancashire Constabulary,-2.729030,53.686857,On or near Greenside Gardens,E01025460,South Ribble 017D,Violence and sexual offences,Unable to prosecute suspect,
fcf08dcc9415e26b1ab5d358b215622812625b0f5d1254a621c7049f20a37446,2019-02,Lancashire Constabulary,Lancashire Constabulary,-2.717312,53.686119,On or near Meadowcroft Road,E01025460,South Ribble 017D,Violence and sexual offences,Status update unavailable,
cfe3b06932c3418a5d117f4f0011f4b9f8572c60b8993a3741c548122bf703e9,2019-02,Lancashire Constabulary,Lancashire Constabulary,-2.718154,53.686672,On or near Peacock Hall Road,E01025460,South Ribble 017D,Violence and sexual offences,Awaiting court outcome,
91aca08058ad44db34be74db12699c0f1d0ffdff88c66a8ec114dd129fb62bef,2019-02,Lancashire Constabulary,Lancashire Constabulary,-2.718096,53.685935,On or near Stonecroft Road,E01025460,South Ribble 017D,Violence and sexual offences,Unable to prosecute suspect,
efa8416556c553ad03ae2bef2395870f65b0a6392de64f02815d8312b482d6e0,2019-02,Lancashire Constabulary,Lancashire Constabulary,-2.718096,53.685935,On or near Stonecroft Road,E01025460,South Ribble 017D,Violence and sexual offences,Court case unable to proceed,
acce876bf8943417fc6d6048461bf8fbc8f04c8cf4a749b7d2f90ead0fd62d24,2019-02,Lancashire Constabulary,Lancashire Constabulary,-2.729030,53.686857,On or near Greenside Gardens,E01025460,South Ribble 017D,Violence and sexual offences,Unable to prosecute suspect,
5faec064e0777703a6e6fb2dfa7c830cc44b3aaf7ea6eef2ee85c9498c191e0d,2019-02,Lancashire Constabulary,Lancashire Constabulary,-2.729030,53.686857,On or near Greenside Gardens,E01025460,South Ribble 017D,Violence and sexual offences,Unable to prosecute suspect,
fc7becf1c128afe49406b971f50416e595faea46f5c14fe4cb67bffb96dd72c3,2019-02,Lancashire Constabulary,Lancashire Constabulary,-2.718585,53.684413,On or near Victoria Park Avenue,E01025460,South Ribble 017D,Violence and sexual offences,Unable to prosecute suspect,
b2a06ad81938303c1b2fbcb0d832d45cba1cbc640f2633a719b8d8ebe4b96a8f,2019-02,Lancashire Constabulary,Lancashire Constabulary,-2.729157,53.691576,On or near Newton Close,E01025460,South Ribble 017D,Violence and sexual offences,Unable to prosecute suspect,
589242757eb5ed7f2313d27ed888036072c94134caf32d745a8ed0f3d4323050,2019-02,Lancashire Constabulary,Lancashire Constabulary,-2.717312,53.686119,On or near Meadowcroft Road,E01025460,South Ribble 017D,Violence and sexual offences,Status update unavailable,
f8e4a76fc1ce8d3ed1f9ddfbff9740a20a6b6106b41fa82109d3128c0cc3bc68,2019-02,Lancashire Constabulary,Lancashire Constabulary,-2.729030,53.686857,On or near Greenside Gardens,E01025460,South Ribble 017D,Violence and sexual offences,Unable to prosecute suspect,
1169effa7b566daa3bd40dc46614bf2961c6450af0be7d006007f363fa1c0b24,2019-02,Lancashire Constabulary,Lancashire Constabulary,-2.717312,53.686119,On or near Meadowcroft Road,E01025460,South Ribble 017D,Violence and sexual offences,Status update unavailable,
92fd0f95e8fcf1121270bad0281f7ef0eacf25b9833cc16acafd3be77515a018,2019-02,Lancashire Constabulary,Lancashire Constabulary,-2.690386,53.446761,On or near Barlow Grove,E01006817,St. Helens 017B,Violence and sexual offences,Status update unavailable,
be9924b16b41c21fa957d906369296504298fa5d236590d7baae13621989c498,2019-02,Lancashire Constabulary,Lancashire Constabulary,-2.294648,53.454011,On or near Shirley Avenue,E01006141,Trafford 003A,Other theft,Unable to prosecute suspect,
8b7bbbf52a38609f9cc6f3fd61e38379f17418d01a1ca4ba2e77f890da70626c,2019-02,Lancashire Constabulary,Lancashire Constabulary,-2.851297,53.694086,On or near Park/Open Space,E01025496,West Lancashire 001A,Other theft,Status update unavailable,
f856e87065ee27f5a9406829c447ec6c9fd74c3eee39e2fbfdaca7ae70a8caa0,2019-02,Lancashire Constabulary,Lancashire Constabulary,-2.849248,53.705894,On or near Hazelwood Drive,E01025496,West Lancashire 001A,Violence and sexual offences,Unable to prosecute suspect,
1bae9b0d00a77de1e658ec096eaf1fd4e05e53a3c6a4db02080bbb9a7211f11f,2019-02,Lancashire Constabulary,Lancashire Constabulary,-2.851649,53.706227,On or near Glen Park Drive,E01025496,West Lancashire 001A,Violence and sexual offences,Unable to prosecute suspect,
39cd1de648e90e4b8bea184c9f80fa3da18b0c931bbe114f232b8893cddc343f,2019-02,Lancashire Constabulary,Lancashire Constabulary,-2.851297,53.694086,On or near Park/Open Space,E01025496,West Lancashire 001A,Violence and sexual offences,Further investigation is not in the public interest,
476314c6455d0736eafcb94b7e1b7117eed0f72db4ad4d65939574a6b9315a6c,2019-02,Lancashire Constabulary,Lancashire Constabulary,-2.851649,53.706227,On or near Glen Park Drive,E01025496,West Lancashire 001A,Violence and sexual offences,Court case unable to proceed,
1b0254e7c6d5713210a9ce7cdb9e0343a3359a28311221783bae3dd6488ce8c1,2019-02,Lancashire Constabulary,Lancashire Constabulary,-2.839040,53.709031,On or near Marsh Road,E01025497,West Lancashire 001B,Violence and sexual offences,Unable to prosecute suspect,
,2019-02,Lancashire Constabulary,Lancashire Constabulary,-2.838607,53.702526,On or near Silverdale,E01025498,West Lancashire 001C,Anti-social behaviour,,
3fede69730df50e21e46f34630df45378905eaf19c00c1d5d4412c00f6b86d26,2019-02,Lancashire Constabulary,Lancashire Constabulary,-2.840937,53.703157,On or near Station Road,E01025498,West Lancashire 001C,Shoplifting,Status update unavailable,
2ede5798f1536d8a6406aa2171bab56076599b1353f751a9e7b5126a19485912,2019-02,Lancashire Constabulary,Lancashire Constabulary,-2.837831,53.697786,On or near Supermarket,E01025498,West Lancashire 001C,Violence and sexual offences,Status update unavailable,
af14896d687c96f84bd88cf5cd5888e97860a5eb18c91a27fe1592874bcb70fd,2019-02,Lancashire Constabulary,Lancashire Constabulary,-2.842046,53.699509,On or near Norwood Avenue,E01025498,West Lancashire 001C,Violence and sexual offences,Status update unavailable,
7ac541cf5363a4ac752052f345ca12f053c81f0df18aa2a82eec21902a2fc742,2019-02,Lancashire Constabulary,Lancashire Constabulary,-2.837831,53.697786,On or near Supermarket,E01025498,West Lancashire 001C,Violence and sexual offences,Unable to prosecute suspect,
c13aa9e022632f22b4eaa4e19c38c93aa537681bed24abbcc8a4fa3745c0f3af,2019-02,Lancashire Constabulary,Lancashire Constabulary,-2.840164,53.700825,On or near Orchard Close,E01025498,West Lancashire 001C,Violence and sexual offences,Unable to prosecute suspect,
2d0b6e36733c90ad7e2e96b24feacc8baec674dd61f5c445d5f5542c650a5e2c,2019-02,Lancashire Constabulary,Lancashire Constabulary,-2.840049,53.698858,On or near Cherry Vale,E01025498,West Lancashire 001C,Violence and sexual offences,Formal action is not in the public interest,
,2019-02,Lancashire Constabulary,Lancashire Constabulary,-2.835004,53.694228,On or near Douglas Avenue,E01025530,West Lancashire 001D,Anti-social behaviour,,
2fb998eb69aaa3c72af230deeb6a1592ef1067e743c2d045826165f184472cc0,2019-02,Lancashire Constabulary,Lancashire Constabulary,-2.833938,53.686236,On or near Wilson Close,E01025530,West Lancashire 001D,Violence and sexual offences,Unable to prosecute suspect,
,2019-02,Lancashire Constabulary,Lancashire Constabulary,-2.825324,53.680156,On or near Meadow Park,E01025532,West Lancashire 001E,Anti-social behaviour,,
5da258977f5c71d7cbbf3307f4215214c9eb84094e93315593ae76504bbf1d81,2019-02,Lancashire Constabulary,Lancashire Constabulary,-2.829544,53.681466,On or near Hunter Avenue,E01025532,West Lancashire 001E,Burglary,Status update unavailable,
8e8ca0be85aeb5165dfdd4d2d26c17fe5015fea816ce63592d885a92bacedaef,2019-02,Lancashire Constabulary,Lancashire Constabulary,-2.829544,53.681466,On or near Hunter Avenue,E01025532,West Lancashire 001E,Violence and sexual offences,Unable to prosecute suspect,
,2019-02,Lancashire Constabulary,Lancashire Constabulary,-2.831613,53.679699,On or near Mark Square,E01025533,West Lancashire 001F,Anti-social behaviour,,
,2019-02,Lancashire Constabulary,Lancashire Constabulary,-2.831613,53.679699,On or near Mark Square,E01025533,West Lancashire 001F,Anti-social behaviour,,
d5ad0e21f2da6ae9898502be57458085aedf3520ccbb6d91efbc122e3df99252,2019-02,Lancashire Constabulary,Lancashire Constabulary,-2.830104,53.673022,On or near Parking Area,E01025533,West Lancashire 001F,Bicycle theft,Status update unavailable,
542075384a9912c8c81a79adb800cb49ef5a94fba1ecaad3cc0e8b3b9edc0a7a,2019-02,Lancashire Constabulary,Lancashire Constabulary,-2.832761,53.677273,On or near Church Road,E01025533,West Lancashire 001F,Burglary,Status update unavailable,
f5ea0560b36706f88c158b4ada97dedb305384370374447bc4ff55f177e04972,2019-02,Lancashire Constabulary,Lancashire Constabulary,-2.853451,53.674791,On or near Park/Open Space,E01025533,West Lancashire 001F,Other theft,Status update unavailable,
a880184be7daf1c761fbcb9f11ba7b710a0b95e10829458214a10548bf096fdd,2019-02,Lancashire Constabulary,Lancashire Constabulary,-2.831613,53.679699,On or near Mark Square,E01025533,West Lancashire 001F,Public order,Unable to prosecute suspect,
dc34eed9c9760f8d42bb476f79351d940810f58fd08a30326674960908fd4259,2019-02,Lancashire Constabulary,Lancashire Constabulary,-2.831613,53.679699,On or near Mark Square,E01025533,West Lancashire 001F,Shoplifting,Status update unavailable,
caa2fb39986383adfb5aebe1e7b8c9f297f7ee94e5f947ad6388dd747a587f37,2019-02,Lancashire Constabulary,Lancashire Constabulary,-2.832317,53.675443,On or near Chapel Meadows,E01025533,West Lancashire 001F,Violence and sexual offences,Offender given a caution,
,2019-02,Lancashire Constabulary,Lancashire Constabulary,-2.917873,53.676615,On or near Lonmore Close,E01025507,West Lancashire 002A,Anti-social behaviour,,
b4beb6070a13de77a56b678ed05dd21f8139f08dfc62c64ce5c71816ab7999d1,2019-02,Lancashire Constabulary,Lancashire Constabulary,-2.914888,53.674400,On or near Westerdale Drive,E01025507,West Lancashire 002A,Criminal damage and arson,Status update unavailable,
7bea89c3107ece50b8d792e4e4bb49e24bf7383b052b52f8f9d67e66e967a930,2019-02,Lancashire Constabulary,Lancashire Constabulary,-2.918966,53.677434,On or near Fareham Drive,E01025507,West Lancashire 002A,Criminal damage and arson,Status update unavailable,
44de1ff36c08ea551b8bf2edc4c4ec4dc481ef39bf8e8c6d359f0152436fdf0d,2019-02,Lancashire Constabulary,Lancashire Constabulary,-2.920705,53.675982,On or near Guinea Hall Close,E01025507,West Lancashire 002A,Public order,Unable to prosecute suspect,
ea8b6a36d4460f3bfd1dbdca7d7a2a766d40c1f1c1e8ea03d4b2730d3d6f0bec,2019-02,Lancashire Constabulary,Lancashire Constabulary,-2.922909,53.673601,On or near Petrol Station,E01025507,West Lancashire 002A,Shoplifting,Status update unavailable,
456b95778e51b02b469fc1e4210391a06f8acdc5a55c1a15f085c32563743926,2019-02,Lancashire Constabulary,Lancashire Constabulary,-2.922909,53.673601,On or near Petrol Station,E01025507,West Lancashire 002A,Shoplifting,Status update unavailable,
964f4ae82188afe17d26d6c580e410de43a8a7dc2e1c5589990af1b088942794,2019-02,Lancashire Constabulary,Lancashire Constabulary,-2.920678,53.673340,On or near The Close,E01025507,West Lancashire 002A,Violence and sexual offences,Unable to prosecute suspect,
8a394ef6184bb6eeb6bf861de10d51d33a88914fe593e64106281a898a3f01fb,2019-02,Lancashire Constabulary,Lancashire Constabulary,-2.912790,53.678209,On or near Sports/Recreation Area,E01025507,West Lancashire 002A,Violence and sexual offences,Status update unavailable,
,2019-02,Lancashire Constabulary,Lancashire Constabulary,-2.905384,53.684396,On or near Gorsey Lane,E01025508,West Lancashire 002B,Anti-social behaviour,,
394fffc436de23a167d83335a01b4f6b899d6429278b682db940fc074af29f7f,2019-02,Lancashire Constabulary,Lancashire Constabulary,-2.921124,53.681309,On or near Supermarket,E01025508,West Lancashire 002B,Other theft,Status update unavailable,
9922c90d9271ae0a5e9477c5ed87d292460eb235c68af0b1b9e566cd8195460b,2019-02,Lancashire Constabulary,Lancashire Constabulary,-2.912710,53.682183,On or near Park/Open Space,E01025508,West Lancashire 002B,Violence and sexual offences,Status update unavailable,
e9df33c52c82d679cddf2c3d7989998d7a80ca2bec871354eb111aaab389d772,2019-02,Lancashire Constabulary,Lancashire Constabulary,-2.917138,53.683182,On or near Park/Open Space,E01025508,West Lancashire 002B,Violence and sexual offences,Unable to prosecute suspect,
8bf31681f57adc777b203461f17ed3f6de1e6346ced175c2b9a043f4a349c042,2019-02,Lancashire Constabulary,Lancashire Constabulary,-2.920471,53.681890,On or near Church Close,E01025508,West Lancashire 002B,Violence and sexual offences,Unable to prosecute suspect,
,2019-02,Lancashire Constabulary,Lancashire Constabulary,-2.933438,53.676028,On or near Leyland Close,E01025509,West Lancashire 002C,Anti-social behaviour,,
76750c88c121b525cd8e8c6044bb319159cb387f01ee954d97ce59dc1a5af015,2019-02,Lancashire Constabulary,Lancashire Constabulary,-2.923700,53.682773,On or near St Stephens Close,E01025509,West Lancashire 002C,Public order,Awaiting court outcome,
65fa718641243601b1d110c427c8e3c4fba7301ccfa3a36dad7b1cc298f5e1f5,2019-02,Lancashire Constabulary,Lancashire Constabulary,-2.926080,53.678763,On or near Park/Open Space,E01025509,West Lancashire 002C,Vehicle crime,Status update unavailable,
09577ea91ed19d0b364998edba4d04441b6d620f2bd5c58d29d10370e220b424,2019-02,Lancashire Constabulary,Lancashire Constabulary,-2.923700,53.682773,On or near St Stephens Close,E01025509,West Lancashire 002C,Violence and sexual offences,Formal action is not in the public interest,
,2019-02,Lancashire Constabulary,Lancashire Constabulary,-2.819250,53.630851,On or near Oasis Close,E01025513,West Lancashire 002D,Anti-social behaviour,,
c4b2386bcce34c5ec253ae6440f1f925007b23c593eee6781c457eb0cfccaa09,2019-02,Lancashire Constabulary,Lancashire Constabulary,-2.852870,53.637007,On or near Sandy Way,E01025513,West Lancashire 002D,Burglary,Status update unavailable,
c8e3de0c90971a4f845d0c0e4c0b084429529b56a73d32f89deff8179a80b8f7,2019-02,Lancashire Constabulary,Lancashire Constabulary,-2.826766,53.641676,On or near Longshaw Close,E01025513,West Lancashire 002D,Other theft,Local resolution,
2d3aee67d7a255ecc0dc4f42b77d55de65c2e3d3140787c97617a8b5c54da3b1,2019-02,Lancashire Constabulary,Lancashire Constabulary,-2.816903,53.634625,On or near The Paddock,E01025513,West Lancashire 002D,Other theft,Status update unavailable,
4fc7f4bb217db03eb1cbd210eaba3858b599b81c2267ef010566f67a1446c00e,2019-02,Lancashire Constabulary,Lancashire Constabulary,-2.814086,53.634383,On or near Beech Close,E01025513,West Lancashire 002D,Violence and sexual offences,Status update unavailable,
4ffd7c7a01f89150374c340aa09f74097ff3c5f58a133d266843eafc9b5738bf,2019-02,Lancashire Constabulary,Lancashire Constabulary,-2.816545,53.633279,On or near Petrol Station,E01025513,West Lancashire 002D,Violence and sexual offences,Status update unavailable,
4737e5dcfae429f5a5b36640c98f9286f765e860040e4c79cd1b455766638000,2019-02,Lancashire Constabulary,Lancashire Constabulary,-2.826296,53.631576,On or near Prescott Avenue,E01025513,West Lancashire 002D,Violence and sexual offences,Formal action is not in the public interest,
04188028d25cf44cb60e9a06cd02b283e022b2f8abb9248ca336928f62606db2,2019-02,Lancashire Constabulary,Lancashire Constabulary,-2.901747,53.667237,On or near Gravel Lane,E01025531,West Lancashire 002E,Violence and sexual offences,Unable to prosecute suspect,
da400b16266ec9d38f991534937f5f2d490a37a12920ee244f75504de84cdabf,2019-02,Lancashire Constabulary,Lancashire Constabulary,-2.879469,53.662225,On or near Longfold,E01025531,West Lancashire 002E,Violence and sexual offences,Status update unavailable,
,2019-02,Lancashire Constabulary,Lancashire Constabulary,-2.971379,53.565624,On or near Jackson Close,E01025474,West Lancashire 003A,Anti-social behaviour,,
,2019-02,Lancashire Constabulary,Lancashire Constabulary,-2.968824,53.560863,On or near Sports/Recreation Area,E01025474,West Lancashire 003A,Anti-social behaviour,,
,2019-02,Lancashire Constabulary,Lancashire Constabulary,-2.997541,53.566074,On or near Old Moss Lane,E01025474,West Lancashire 003A,Anti-social behaviour,,
,2019-02,Lancashire Constabulary,Lancashire Constabulary,-2.997541,53.566074,On or near Old Moss Lane,E01025474,West Lancashire 003A,Anti-social behaviour,,
,2019-02,Lancashire Constabulary,Lancashire Constabulary,-2.986350,53.548432,On or near Wood Lane,E01025474,West Lancashire 003A,Anti-social behaviour,,
0eb39aa953c9b7e2853f9b2d9f1076c007233326fdc5db3fabaaf31952218328,2019-02,Lancashire Constabulary,Lancashire Constabulary,-3.040997,53.548230,On or near New Causeway,E01025474,West Lancashire 003A,Other theft,Unable to prosecute suspect,
df6740405c750ae44a2579590327f58a52356e56ab39791ea897c5694de9dbf2,2019-02,Lancashire Constabulary,Lancashire Constabulary,-2.976104,53.574116,On or near Station Road,E01025474,West Lancashire 003A,Public order,Offender fined,
,2019-02,Lancashire Constabulary,Lancashire Constabulary,-2.987370,53.607147,On or near New Cut Lane,E01025495,West Lancashire 003B,Anti-social behaviour,,
,2019-02,Lancashire Constabulary,Lancashire Constabulary,-2.980961,53.588863,On or near Plumpton Lane,E01025495,West Lancashire 003B,Anti-social behaviour,,
,2019-02,Lancashire Constabulary,Lancashire Constabulary,-2.999248,53.623704,On or near Poppy Close,E01025495,West Lancashire 003B,Anti-social behaviour,,
5bc1cd947ada0064a3debd17f795193ee83fabdb65572ad31d5c94d0f244e288,2019-02,Lancashire Constabulary,Lancashire Constabulary,-2.950442,53.584696,On or near Chestnut Close,E01025495,West Lancashire 003B,Burglary,Status update unavailable,
d31c3f0fd60599fdf0649f2180ac6444148f0389c9ca13191a3c282995a46fa1,2019-02,Lancashire Constabulary,Lancashire Constabulary,-2.947653,53.590363,On or near Petrol Station,E01025495,West Lancashire 003B,Other theft,Status update unavailable,
102c0d5197271429a0a08cb63d289a6a357bbdd12afe5c1cb02ba6ff6443f9c7,2019-02,Lancashire Constabulary,Lancashire Constabulary,-2.952665,53.569388,On or near Plex Lane,E01025495,West Lancashire 003B,Vehicle crime,Status update unavailable,
,2019-02,Lancashire Constabulary,Lancashire Constabulary,-2.938508,53.611279,On or near Bullens Lane,E01025514,West Lancashire 003C,Anti-social behaviour,,
,2019-02,Lancashire Constabulary,Lancashire Constabulary,-2.954606,53.619997,On or near Otterstye View,E01025514,West Lancashire 003C,Anti-social behaviour,,
2946b700bc0cb4cc1193294343e71179329e24d747153a18677114f580294f66,2019-02,Lancashire Constabulary,Lancashire Constabulary,-2.938508,53.611279,On or near Bullens Lane,E01025514,West Lancashire 003C,Criminal damage and arson,Status update unavailable,
e9f12c4549b8864e4bfe92e4859aa775573c3bb550ac8e1955214b9fc153074e,2019-02,Lancashire Constabulary,Lancashire Constabulary,-2.918844,53.605068,On or near Park/Open Space,E01025514,West Lancashire 003C,Other theft,Status update unavailable,
054ff775b06761b671a2ca355836a384e2cd3aceae8e44c27de7de95dd67311a,2019-02,Lancashire Constabulary,Lancashire Constabulary,-2.929426,53.614137,On or near Woodland Avenue,E01025514,West Lancashire 003C,Other theft,Status update unavailable,
27100dfcdca07dd69f99a0098fbfabaaddaf1c39285ea78d28dc73ae7e0e56f3,2019-02,Lancashire Constabulary,Lancashire Constabulary,-2.939920,53.619700,On or near Rimmer Green,E01025514,West Lancashire 003C,Other theft,Status update unavailable,
0cdfa2702a3e8504a0bed51bc2acc525aa90e6d9995d1f855a55e09341a48157,2019-02,Lancashire Constabulary,Lancashire Constabulary,-2.937411,53.619090,On or near Cat Tail Lane,E01025514,West Lancashire 003C,Robbery,Status update unavailable,
703cf65e6f5195eae91b62ca7f22df58e156771d2d6bb21535fd994aec2ad2ae,2019-02,Lancashire Constabulary,Lancashire Constabulary,-2.938508,53.611279,On or near Bullens Lane,E01025514,West Lancashire 003C,Vehicle crime,Status update unavailable,
,2019-02,Lancashire Constabulary,Lancashire Constabulary,-2.865671,53.607038,On or near New Lane,E01025515,West Lancashire 003D,Anti-social behaviour,,
a4a4d591a9eea1fc1fdaa8aa72b56cbaf75c0573ba00b06398957bfe29bcd7ad,2019-02,Lancashire Constabulary,Lancashire Constabulary,-2.865671,53.607038,On or near New Lane,E01025515,West Lancashire 003D,Other theft,Status update unavailable,
b58891c34a592d677ffc7c9fab112dca3884715cb8107382708617a07a726b1b,2019-02,Lancashire Constabulary,Lancashire Constabulary,-2.911044,53.599348,On or near Millionaire Row,E01025515,West Lancashire 003D,Other theft,Status update unavailable,
d066cb2ebc12998f5b170516a898e33e156db4c167e256c786ca2c551c6e2051,2019-02,Lancashire Constabulary,Lancashire Constabulary,-2.910984,53.596589,On or near Smithy Lane,E01025515,West Lancashire 003D,Public order,Status update unavailable,
,2019-02,Lancashire Constabulary,Lancashire Constabulary,-2.842816,53.602302,On or near Parking Area,E01025483,West Lancashire 004A,Anti-social behaviour,,
,2019-02,Lancashire Constabulary,Lancashire Constabulary,-2.842816,53.602302,On or near Parking Area,E01025483,West Lancashire 004A,Anti-social behaviour,,
b1041c6a0355808acef9e5277e1fc3b411a6deda7838701ad10ec43798fa82a2,2019-02,Lancashire Constabulary,Lancashire Constabulary,-2.843171,53.601158,On or near Fletcher'S Drive,E01025483,West Lancashire 004A,Violence and sexual offences,Status update unavailable,
f64d0a7031930f8819d55e97e46516cab34772b61b1b3ae9b980c8d15d1810ae,2019-02,Lancashire Constabulary,Lancashire Constabulary,-2.841753,53.603568,On or near Supermarket,E01025483,West Lancashire 004A,Violence and sexual offences,Status update unavailable,
6b800ab67129b3512436bbbc6b879141ba3508e0f4e2745a73c22ab54716a345,2019-02,Lancashire Constabulary,Lancashire Constabulary,-2.838293,53.598280,On or near Green Lane,E01025483,West Lancashire 004A,Violence and sexual offences,Status update unavailable,
33d7dcdcdc6c5d522b9a3f507d936c5d1d01c4d4a7d7fbb64fc6e357be20cf25,2019-02,Lancashire Constabulary,Lancashire Constabulary,-2.840641,53.594776,On or near Elm Road,E01025483,West Lancashire 004A,Violence and sexual offences,Unable to prosecute suspect,
13f3e1bcfaf2750146f4b460448e6a3b9542922086a26233ef4d7b378581bc95,2019-02,Lancashire Constabulary,Lancashire Constabulary,-2.840420,53.595029,On or near Coach House Court,E01025483,West Lancashire 004A,Violence and sexual offences,Unable to prosecute suspect,
,2019-02,Lancashire Constabulary,Lancashire Constabulary,-2.832334,53.594906,On or near The Woodlands,E01025484,West Lancashire 004B,Anti-social behaviour,,
,2019-02,Lancashire Constabulary,Lancashire Constabulary,-2.838779,53.605998,On or near Warpers Moss Lane,E01025484,West Lancashire 004B,Anti-social behaviour,,
,2019-02,Lancashire Constabulary,Lancashire Constabulary,-2.838590,53.601819,On or near Colburne Close,E01025484,West Lancashire 004B,Anti-social behaviour,,
,2019-02,Lancashire Constabulary,Lancashire Constabulary,-2.829507,53.604085,On or near Warper'S Moss Lane,E01025484,West Lancashire 004B,Anti-social behaviour,,
,2019-02,Lancashire Constabulary,Lancashire Constabulary,-2.836980,53.606001,On or near Trent Close,E01025484,West Lancashire 004B,Anti-social behaviour,,
680894d2207bfae9cfce3977189b5578e468076bac1ca8805f02154e657523da,2019-02,Lancashire Constabulary,Lancashire Constabulary,-2.838590,53.601819,On or near Colburne Close,E01025484,West Lancashire 004B,Criminal damage and arson,Status update unavailable,
9eb0ae51700f50126fd2773a9c9475f92a5eaf42c3e6000381698b5469965db0,2019-02,Lancashire Constabulary,Lancashire Constabulary,-2.836977,53.595889,On or near Abbey Dale,E01025484,West Lancashire 004B,Violence and sexual offences,Unable to prosecute suspect,
a096de1a1c20faf6547fbf455ab0ae0c9e1a92108df4739226f52358d310dde3,2019-02,Lancashire Constabulary,Lancashire Constabulary,-2.836980,53.606001,On or near Trent Close,E01025484,West Lancashire 004B,Violence and sexual offences,Unable to prosecute suspect,
9d5dd5acc5626d965d6a29a8f99c6c37bb416e6f902e830c7c4472f8f17f61c0,2019-02,Lancashire Constabulary,Lancashire Constabulary,-2.836980,53.606001,On or near Trent Close,E01025484,West Lancashire 004B,Violence and sexual offences,Unable to prosecute suspect,
,2019-02,Lancashire Constabulary,Lancashire Constabulary,-2.841197,53.605226,On or near Station Approach,E01025485,West Lancashire 004C,Anti-social behaviour,,
,2019-02,Lancashire Constabulary,Lancashire Constabulary,-2.844778,53.602926,On or near Victoria Street,E01025485,West Lancashire 004C,Anti-social behaviour,,
,2019-02,Lancashire Constabulary,Lancashire Constabulary,-2.842527,53.609046,On or near Mere Avenue,E01025485,West Lancashire 004C,Anti-social behaviour,,
,2019-02,Lancashire Constabulary,Lancashire Constabulary,-2.842501,53.603185,On or near Liverpool Road North,E01025485,West Lancashire 004C,Anti-social behaviour,,
,2019-02,Lancashire Constabulary,Lancashire Constabulary,-2.843289,53.604069,On or near Mart Lane,E01025485,West Lancashire 004C,Anti-social behaviour,,
,2019-02,Lancashire Constabulary,Lancashire Constabulary,-2.844778,53.602926,On or near Victoria Street,E01025485,West Lancashire 004C,Anti-social behaviour,,
,2019-02,Lancashire Constabulary,Lancashire Constabulary,-2.843871,53.608982,On or near Moss Nook,E01025485,West Lancashire 004C,Anti-social behaviour,,
555312a9dec4dc5cdadcd4fa238c101d7175f1689c7c93622039a4542b471ee2,2019-02,Lancashire Constabulary,Lancashire Constabulary,-2.844778,53.602926,On or near Victoria Street,E01025485,West Lancashire 004C,Other theft,Status update unavailable,
ab37c6149d7a9c7fcab1f34a81c8362c949bae5a63207aaf6acb44620f68e140,2019-02,Lancashire Constabulary,Lancashire Constabulary,-2.840721,53.607162,On or near Laurel Avenue,E01025485,West Lancashire 004C,Violence and sexual offences,Unable to prosecute suspect,
83ab05f42fb0004536e35d6148c1277e15ddb77bfeb755203a2c1069a7948437,2019-02,Lancashire Constabulary,Lancashire Constabulary,-2.844778,53.602926,On or near Victoria Street,E01025485,West Lancashire 004C,Violence and sexual offences,Status update unavailable,
185b92e1cf107190a0005d4a00b530a47bc68a37b63a87be34928f71dc5ea007,2019-02,Lancashire Constabulary,Lancashire Constabulary,-2.844778,53.602926,On or near Victoria Street,E01025485,West Lancashire 004C,Violence and sexual offences,Unable to prosecute suspect,
8dc9dbe06efbb6445dba27815f99085307ae67e91da0c034d233dda48bdaf814,2019-02,Lancashire Constabulary,Lancashire Constabulary,-2.843289,53.604069,On or near Mart Lane,E01025485,West Lancashire 004C,Violence and sexual offences,Status update unavailable,
797ff695efeec8244c9b26e168d31f040145b080b5597d89c49b0796ab49a728,2019-02,Lancashire Constabulary,Lancashire Constabulary,-2.840721,53.607162,On or near Laurel Avenue,E01025485,West Lancashire 004C,Violence and sexual offences,Unable to prosecute suspect,
7f3dd3429e999e82c67451a0cf8cd9b486578388d291a09d33cf322ffb4ba774,2019-02,Lancashire Constabulary,Lancashire Constabulary,-2.837985,53.607891,On or near Rowan Close,E01025485,West Lancashire 004C,Violence and sexual offences,Status update unavailable,
cf73d297f51500cbf5842a4fda91e19a86823431b1fa244daf6bc6b901db6766,2019-02,Lancashire Constabulary,Lancashire Constabulary,-2.841197,53.605226,On or near Station Approach,E01025485,West Lancashire 004C,Violence and sexual offences,Unable to prosecute suspect,
ca855605024623367446938adeddee43e92beb58d56515a5bd76667531aa2162,2019-02,Lancashire Constabulary,Lancashire Constabulary,-2.844892,53.604103,On or near Sports/Recreation Area,E01025485,West Lancashire 004C,Violence and sexual offences,Status update unavailable,
,2019-02,Lancashire Constabulary,Lancashire Constabulary,-2.862276,53.589508,On or near Admiralty Close,E01025486,West Lancashire 004D,Anti-social behaviour,,
335331aed3af3513bfbe905a4cc4dac47e885b2a1e26dc1cf1601ce5f46ed25e,2019-02,Lancashire Constabulary,Lancashire Constabulary,-2.860220,53.585720,On or near Abbey Lane,E01025486,West Lancashire 004D,Burglary,Status update unavailable,
2870290d27fdb23cb6913041a276809e9ba2b1c92b2865f28f4f98c2f256a594,2019-02,Lancashire Constabulary,Lancashire Constabulary,-2.860328,53.585809,On or near Abbey Lane,E01025486,West Lancashire 004D,Burglary,Status update unavailable,
7577197787616baa090366a4fbbd2a155577e52af53850379364c3c2bfa0efb6,2019-02,Lancashire Constabulary,Lancashire Constabulary,-2.862276,53.589508,On or near Admiralty Close,E01025486,West Lancashire 004D,Other theft,Status update unavailable,
20af3698eb6792e59c22c09846fe22c41b5d5ac42cc2675fbe1563db6a6cdb9b,2019-02,Lancashire Constabulary,Lancashire Constabulary,-2.862276,53.589508,On or near Admiralty Close,E01025486,West Lancashire 004D,Other theft,Offender given a caution,
ce66d4f37532b9c767d514d1eb1100b967b895df809eb31a82310ead37b9f9ab,2019-02,Lancashire Constabulary,Lancashire Constabulary,-2.860328,53.585809,On or near Abbey Lane,E01025486,West Lancashire 004D,Other theft,Status update unavailable,
35a33dd7b11d35f61be6224a29b412825761b6a1134f74761ec61876b373ca5d,2019-02,Lancashire Constabulary,Lancashire Constabulary,-2.855226,53.589729,On or near Mill Dam Close,E01025486,West Lancashire 004D,Public order,Status update unavailable,
e3cbf1f8ef3f15a3353ac06f6047f40cf9d4787137915e1bcef03c56f1beb18f,2019-02,Lancashire Constabulary,Lancashire Constabulary,-2.844672,53.594613,On or near Parbold Close,E01025486,West Lancashire 004D,Vehicle crime,Status update unavailable,
dd2c996c5b9ba6027826a253d889b5ce557894921f58d70aef52ddcca2db49b7,2019-02,Lancashire Constabulary,Lancashire Constabulary,-2.854242,53.590374,On or near Parking Area,E01025486,West Lancashire 004D,Violence and sexual offences,Status update unavailable,
e7aa368f566f46df74d52107e41f154b4b3b7c2bedd1f5bb77ea2237fd486607,2019-02,Lancashire Constabulary,Lancashire Constabulary,-2.860220,53.585720,On or near Abbey Lane,E01025486,West Lancashire 004D,Other crime,Status update unavailable,
,2019-02,Lancashire Constabulary,Lancashire Constabulary,-2.845694,53.596592,On or near Lordsgate Drive,E01025487,West Lancashire 004E,Anti-social behaviour,,
029ca0371705de6a7b6d239342de11fcf33e5e8d1900cf265759ec8af8af18c8,2019-02,Lancashire Constabulary,Lancashire Constabulary,-2.850818,53.598929,On or near Pickles Drive,E01025487,West Lancashire 004E,Other theft,Status update unavailable,
b1bdcf75f28b49569191369ff3a06af4ed4cc3110ee6cdf2ea7ce508d931d17a,2019-02,Lancashire Constabulary,Lancashire Constabulary,-2.851551,53.599328,On or near Hesketh Road,E01025487,West Lancashire 004E,Violence and sexual offences,Unable to prosecute suspect,
9e2c30a77cd9b4f4dfccc96f7c394c76e12a5021feaa0c68a0be21f8e1da6733,2019-02,Lancashire Constabulary,Lancashire Constabulary,-2.847025,53.598165,On or near Christines Crescent,E01025487,West Lancashire 004E,Violence and sexual offences,Further investigation is not in the public interest,
,2019-02,Lancashire Constabulary,Lancashire Constabulary,-2.740390,53.560132,On or near Farley Lane,E01025510,West Lancashire 005A,Anti-social behaviour,,
,2019-02,Lancashire Constabulary,Lancashire Constabulary,-2.750754,53.561424,On or near Sports/Recreation Area,E01025510,West Lancashire 005A,Anti-social behaviour,,
c81592917be6006c47cd9e5b9d8bd19a5a09606252636ba5a80af9b1f293cc11,2019-02,Lancashire Constabulary,Lancashire Constabulary,-2.745301,53.568964,On or near Long Heys Lane,E01025510,West Lancashire 005A,Other theft,Status update unavailable,
fb5c61c7fba6f5c8b7b9bdd15773c0d8be7ef64da1dc55003c4ecfe48abf3450,2019-02,Lancashire Constabulary,Lancashire Constabulary,-2.761056,53.575157,On or near Hillock Lane,E01025510,West Lancashire 005A,Violence and sexual offences,Status update unavailable,
bf47f64119adaaf8df172cc0b41ba0ebaa2bd7e181428d2396eff51af3d85ada,2019-02,Lancashire Constabulary,Lancashire Constabulary,-2.770888,53.590940,On or near Parking Area,E01025512,West Lancashire 005C,Violence and sexual offences,Awaiting court outcome,
2c8494397e225ec669daba9f141bd87e658b9c52ab97983d638bf6cffd38bf04,2019-02,Lancashire Constabulary,Lancashire Constabulary,-2.696211,53.595623,On or near Mossy Lea Fold,E01025538,West Lancashire 005D,Burglary,Status update unavailable,
9ff27ad349b65a6ee9194edbcb8d7a5cb259ffde7c0a11fecbb0df6e801431ff,2019-02,Lancashire Constabulary,Lancashire Constabulary,-2.696211,53.595623,On or near Mossy Lea Fold,E01025538,West Lancashire 005D,Criminal damage and arson,Status update unavailable,
078b746ecc6256d12d46e498479bd4764455cd178424f3d3e9d79e335a3b2fb3,2019-02,Lancashire Constabulary,Lancashire Constabulary,-2.699587,53.603306,On or near Mossy Lea Road,E01025538,West Lancashire 005D,Other theft,Unable to prosecute suspect,
b8cba4afa4cbaa932abafc56fee18c705ff7ae9a380ae2be60e31e0aef39de5f,2019-02,Lancashire Constabulary,Lancashire Constabulary,-2.696211,53.595623,On or near Mossy Lea Fold,E01025538,West Lancashire 005D,Vehicle crime,Status update unavailable,
da2d7a13bf85e66563fdc3b9d5a1831cac86dccc36f30f5f984b086be1a19ad0,2019-02,Lancashire Constabulary,Lancashire Constabulary,-2.709510,53.591257,On or near Dobson Close,E01025538,West Lancashire 005D,Violence and sexual offences,Unable to prosecute suspect,
,2019-02,Lancashire Constabulary,Lancashire Constabulary,-2.716552,53.584231,On or near Skull House Lane,E01025539,West Lancashire 005E,Anti-social behaviour,,
,2019-02,Lancashire Constabulary,Lancashire Constabulary,-2.719286,53.578867,On or near Parking Area,E01025539,West Lancashire 005E,Anti-social behaviour,,
47b34107d016513bbe1185e5195f6633856cf81486a6ee80e5bf52ceef212f94,2019-02,Lancashire Constabulary,Lancashire Constabulary,-2.725819,53.591699,On or near Appley Close,E01025539,West Lancashire 005E,Other theft,Status update unavailable,
ed5e245c59a49b7bd85c0cdada537161dba4285514d96875b0064f666d4dc6e2,2019-02,Lancashire Constabulary,Lancashire Constabulary,-2.722649,53.575925,On or near Heyes Street,E01025539,West Lancashire 005E,Violence and sexual offences,Further investigation is not in the public interest,
,2019-02,Lancashire Constabulary,Lancashire Constabulary,-2.894216,53.571736,On or near Halsall Lane,E01025499,West Lancashire 006A,Anti-social behaviour,,
,2019-02,Lancashire Constabulary,Lancashire Constabulary,-2.893107,53.571439,On or near The Avenue,E01025499,West Lancashire 006A,Anti-social behaviour,,
,2019-02,Lancashire Constabulary,Lancashire Constabulary,-2.892618,53.572593,On or near Sanfield Close,E01025499,West Lancashire 006A,Anti-social behaviour,,
3bff1263919b6e1410b4a2d70a472c1f4db44883aa1d541c9b4b253473acf339,2019-02,Lancashire Constabulary,Lancashire Constabulary,-2.892618,53.572593,On or near Sanfield Close,E01025499,West Lancashire 006A,Burglary,Status update unavailable,
6967e169f9a0863c561a853e3b67b1980053107686a3b4c23655b07be159bd74,2019-02,Lancashire Constabulary,Lancashire Constabulary,-2.894158,53.571116,On or near Church Hill Road,E01025499,West Lancashire 006A,Violence and sexual offences,Status update unavailable,
3aa40adb0c4bbdc39f9ffac0eac5d2dc81012367919288327f98434451c5687b,2019-02,Lancashire Constabulary,Lancashire Constabulary,-2.894196,53.567224,On or near Cottage Lane,E01025501,West Lancashire 006B,Criminal damage and arson,Status update unavailable,
0b866368f8f572a1658271a489b6f06413675479dd1e1b6290f62e971b0759a0,2019-02,Lancashire Constabulary,Lancashire Constabulary,-2.895724,53.565181,On or near Redgate,E01025501,West Lancashire 006B,Violence and sexual offences,Status update unavailable,
19067e56067f6096e4b30cb680c21569450850d485c0172990f5a7cfae7e11fe,2019-02,Lancashire Constabulary,Lancashire Constabulary,-2.898138,53.565127,On or near Oak Avenue,E01025501,West Lancashire 006B,Violence and sexual offences,Unable to prosecute suspect,
d108ec26743a7df1199c778a91ccd406fec23df7f7c4bf7e8525b9c56fd4a9ce,2019-02,Lancashire Constabulary,Lancashire Constabulary,-2.895029,53.558013,On or near Claremont Drive,E01025502,West Lancashire 006C,Burglary,Status update unavailable,
c6065b4e9067358907758e1d12b682244635caad98c79f056bdfa03637d7ebda,2019-02,Lancashire Constabulary,Lancashire Constabulary,-2.894989,53.559695,On or near Chestnut Grange,E01025502,West Lancashire 006C,Criminal damage and arson,Unable to prosecute suspect,
0b21027190f959eb0eb051ac8d5461e1e89d6e3f6cbf5f58710a73a97e6921af,2019-02,Lancashire Constabulary,Lancashire Constabulary,-2.893122,53.561363,On or near Peet Avenue,E01025502,West Lancashire 006C,Other theft,Status update unavailable,
,2019-02,Lancashire Constabulary,Lancashire Constabulary,-2.885136,53.572999,On or near Farrington Drive,E01025516,West Lancashire 006D,Anti-social behaviour,,
,2019-02,Lancashire Constabulary,Lancashire Constabulary,-2.886215,53.575454,On or near Hayfield Road,E01025516,West Lancashire 006D,Anti-social behaviour,,
fed313d68f189bafd3b32c11127ba09f8637141c3733a5fa1d4c4ec309483b24,2019-02,Lancashire Constabulary,Lancashire Constabulary,-2.886215,53.575454,On or near Hayfield Road,E01025516,West Lancashire 006D,Burglary,Status update unavailable,
a222ad323f76d6812e371f1610818c1734d7fcfe9467d70403c8574b4ce30609,2019-02,Lancashire Constabulary,Lancashire Constabulary,-2.884458,53.575224,On or near Yew Tree Road,E01025516,West Lancashire 006D,Burglary,Status update unavailable,
e36d09c8f1e87bf92c23bb353b11929e27faefc32db7d28b9e451cf93a19ed33,2019-02,Lancashire Constabulary,Lancashire Constabulary,-2.886215,53.575454,On or near Hayfield Road,E01025516,West Lancashire 006D,Public order,Status update unavailable,
44898bad47d1579cec60238af8baa0673505bb40c58066656412b78f7b1bb083,2019-02,Lancashire Constabulary,Lancashire Constabulary,-2.884971,53.573773,On or near Hillcrest Road,E01025516,West Lancashire 006D,Violence and sexual offences,Unable to prosecute suspect,
199c812dbcb04ff3553b8b7576f8c60b20b2a8f574fb7ea55dc6f932098080d9,2019-02,Lancashire Constabulary,Lancashire Constabulary,-2.884267,53.576925,On or near Lea Crescent,E01025516,West Lancashire 006D,Violence and sexual offences,Status update unavailable,
,2019-02,Lancashire Constabulary,Lancashire Constabulary,-2.879728,53.578720,On or near Mawdsley Terrace,E01025517,West Lancashire 006E,Anti-social behaviour,,
,2019-02,Lancashire Constabulary,Lancashire Constabulary,-2.878750,53.573819,On or near Old Boundary Way,E01025517,West Lancashire 006E,Anti-social behaviour,,
,2019-02,Lancashire Constabulary,Lancashire Constabulary,-2.879728,53.578720,On or near Mawdsley Terrace,E01025517,West Lancashire 006E,Anti-social behaviour,,
,2019-02,Lancashire Constabulary,Lancashire Constabulary,-2.877420,53.573757,On or near Brooklands,E01025517,West Lancashire 006E,Anti-social behaviour,,
,2019-02,Lancashire Constabulary,Lancashire Constabulary,-2.885976,53.578467,On or near Whittle Drive,E01025517,West Lancashire 006E,Anti-social behaviour,,
,2019-02,Lancashire Constabulary,Lancashire Constabulary,-2.879952,53.577127,On or near Sephton Drive,E01025517,West Lancashire 006E,Anti-social behaviour,,
7b8fe390f8fc409b641bd76ff6afc11642dd8e1c69f77b3af4d83a137287510c,2019-02,Lancashire Constabulary,Lancashire Constabulary,-2.885976,53.578467,On or near Whittle Drive,E01025517,West Lancashire 006E,Burglary,Status update unavailable,
13488fadc9e69a377ba77878bbd3f2388b8a1766b5aa6187f3837a7f040c0fe8,2019-02,Lancashire Constabulary,Lancashire Constabulary,-2.881258,53.576776,On or near Scott Drive,E01025517,West Lancashire 006E,Drugs,Further investigation is not in the public interest,
c312b7fd99fdb9ddc0269c6f02625509bb3d2205bf9419f7a6979b6ac9245d9b,2019-02,Lancashire Constabulary,Lancashire Constabulary,-2.881258,53.576776,On or near Scott Drive,E01025517,West Lancashire 006E,Drugs,Further investigation is not in the public interest,
57382421f041236a3a37ea0c8c7a256fa475935ff9e9423a9a5a5e610b84bc19,2019-02,Lancashire Constabulary,Lancashire Constabulary,-2.879952,53.577127,On or near Sephton Drive,E01025517,West Lancashire 006E,Violence and sexual offences,Unable to prosecute suspect,
75c6dd604d1cae40e8cda76d6a51759489bd734e5ea0114387a4bfd29d24853a,2019-02,Lancashire Constabulary,Lancashire Constabulary,-2.881258,53.576776,On or near Scott Drive,E01025517,West Lancashire 006E,Violence and sexual offences,Status update unavailable,
776e2b1c1c1d62aebfc571d3a8532f7950e15b50c963a964a1b6d37cc9e3434d,2019-02,Lancashire Constabulary,Lancashire Constabulary,-2.885976,53.578467,On or near Whittle Drive,E01025517,West Lancashire 006E,Violence and sexual offences,Further investigation is not in the public interest,
89b96fc6d84996c40458c25d246d3332d741bb88c2f364dfee325ff4ba42927d,2019-02,Lancashire Constabulary,Lancashire Constabulary,-2.885976,53.578467,On or near Whittle Drive,E01025517,West Lancashire 006E,Violence and sexual offences,Status update unavailable,
cc15159bf618b56b58765a0eca46ddbdc96b35ce0fd3e8acd5977a4749269729,2019-02,Lancashire Constabulary,Lancashire Constabulary,-2.878851,53.575769,On or near Grove Park,E01025517,West Lancashire 006E,Violence and sexual offences,Unable to prosecute suspect,
,2019-02,Lancashire Constabulary,Lancashire Constabulary,-2.892828,53.579657,On or near Heskin Lane,E01025519,West Lancashire 006F,Anti-social behaviour,,
,2019-02,Lancashire Constabulary,Lancashire Constabulary,-2.895637,53.578943,On or near Petrol Station,E01025519,West Lancashire 006F,Anti-social behaviour,,
d4682daba31a9c94666129ba52849850f7a711bb47fd33753986f18545dc23a0,2019-02,Lancashire Constabulary,Lancashire Constabulary,-2.895637,53.578943,On or near Petrol Station,E01025519,West Lancashire 006F,Public order,Status update unavailable,
a96c6c778ffc7d2f29efe34649ad145a071d2d6704083cbb272e66fb0175efed,2019-02,Lancashire Constabulary,Lancashire Constabulary,-2.895637,53.578943,On or near Petrol Station,E01025519,West Lancashire 006F,Public order,Status update unavailable,
,2019-02,Lancashire Constabulary,Lancashire Constabulary,-2.881305,53.568866,On or near Station Approach,E01025488,West Lancashire 007A,Anti-social behaviour,,
,2019-02,Lancashire Constabulary,Lancashire Constabulary,-2.869899,53.564931,On or near Dicconson Way,E01025488,West Lancashire 007A,Anti-social behaviour,,
,2019-02,Lancashire Constabulary,Lancashire Constabulary,-2.869072,53.565063,On or near Hall Brow Close,E01025488,West Lancashire 007A,Anti-social behaviour,,
,2019-02,Lancashire Constabulary,Lancashire Constabulary,-2.875132,53.563149,On or near Blairgowrie Gardens,E01025488,West Lancashire 007A,Anti-social behaviour,,
af5d7d3f56d877d9d296d54af01867edba3bec17277056eec19da7879d60e34c,2019-02,Lancashire Constabulary,Lancashire Constabulary,-2.872767,53.563400,On or near Milton Drive,E01025488,West Lancashire 007A,Burglary,Status update unavailable,
9492bf681d1fcd3296ea1a569f07db87fd0f48dfa94a481b74a9af90e5b65e1b,2019-02,Lancashire Constabulary,Lancashire Constabulary,-2.880105,53.566322,On or near Windmill Avenue,E01025488,West Lancashire 007A,Criminal damage and arson,Status update unavailable,
981d10a8ffe9a5a7e99e148b6ea1b48dc42b67c73a76a6df6b83f906ee3086f2,2019-02,Lancashire Constabulary,Lancashire Constabulary,-2.872767,53.563400,On or near Milton Drive,E01025488,West Lancashire 007A,Drugs,Status update unavailable,
fe1984964c8333352424b24f3395db90c0a305443133bf144aee1394ed41c22e,2019-02,Lancashire Constabulary,Lancashire Constabulary,-2.869899,53.564931,On or near Dicconson Way,E01025488,West Lancashire 007A,Other theft,Status update unavailable,
65130cff340e3478fa422fd8f0a1c96b094ac4259596c5b231c8f905ded263a3,2019-02,Lancashire Constabulary,Lancashire Constabulary,-2.870829,53.561671,On or near Woodlands Close,E01025488,West Lancashire 007A,Public order,Unable to prosecute suspect,
25edea7a348195b3a34dfa7de43c7bba28c262f0af27f07946c6fca2fe543d80,2019-02,Lancashire Constabulary,Lancashire Constabulary,-2.869072,53.565063,On or near Hall Brow Close,E01025488,West Lancashire 007A,Public order,Status update unavailable,
d5ec896a67fa43b04d5b21d3ab2c5c50406dd75568329740fca530a1d65853c0,2019-02,Lancashire Constabulary,Lancashire Constabulary,-2.877737,53.566447,On or near Oak Green,E01025488,West Lancashire 007A,Public order,Status update unavailable,
722e8af1230ff473e32c1d3545e6b7fe68bd6e014f6b4ed634e2ebab6f1a823d,2019-02,Lancashire Constabulary,Lancashire Constabulary,-2.877737,53.566447,On or near Oak Green,E01025488,West Lancashire 007A,Shoplifting,Status update unavailable,
3756ab78787bdd19f1146092512466265759457f5833443d16b685746e85656b,2019-02,Lancashire Constabulary,Lancashire Constabulary,-2.877737,53.566447,On or near Oak Green,E01025488,West Lancashire 007A,Shoplifting,Status update unavailable,
d0b8ea1938d3dbfa7c0f4977b749b338152f65d71f73ff012d0534e2538bb903,2019-02,Lancashire Constabulary,Lancashire Constabulary,-2.876172,53.565263,On or near Merchant Road,E01025488,West Lancashire 007A,Theft from the person,Status update unavailable,
86ed26bf6154d27feb10e15f314cee4feb759a6730c2706ab16174bccee9ee1c,2019-02,Lancashire Constabulary,Lancashire Constabulary,-2.869072,53.565063,On or near Hall Brow Close,E01025488,West Lancashire 007A,Violence and sexual offences,Unable to prosecute suspect,
adcce509cbf29979c792d45c4014a8b1a647262b60346467da38f4d775f4fbd2,2019-02,Lancashire Constabulary,Lancashire Constabulary,-2.880105,53.566322,On or near Windmill Avenue,E01025488,West Lancashire 007A,Violence and sexual offences,Status update unavailable,
48c927b593afe515707edb731c84520b9c6a5195c5b5e0f44b6cfae364d91d98,2019-02,Lancashire Constabulary,Lancashire Constabulary,-2.880596,53.569599,On or near Parking Area,E01025488,West Lancashire 007A,Violence and sexual offences,Status update unavailable,
5ce1c11fdabcba5cdad2cbe7f7a378e46fa9b316ae3d302fa3c20121bb20f0b3,2019-02,Lancashire Constabulary,Lancashire Constabulary,-2.881305,53.568866,On or near Station Approach,E01025488,West Lancashire 007A,Violence and sexual offences,Further investigation is not in the public interest,
76855412e1d99ddcdd4a709f47b6b59150fb7bbec80e2b5bf5c2e52c95fadbe1,2019-02,Lancashire Constabulary,Lancashire Constabulary,-2.870829,53.561671,On or near Woodlands Close,E01025488,West Lancashire 007A,Violence and sexual offences,Unable to prosecute suspect,
f1f7dd96346171ff171733a21164ec4938c94f24a02509566a8d5b3003e35e6c,2019-02,Lancashire Constabulary,Lancashire Constabulary,-2.881655,53.565367,On or near Knowsley Road,E01025488,West Lancashire 007A,Violence and sexual offences,Unable to prosecute suspect,
c1526f60e22fad5711e0160fb62685471dff2b0257ea69c819e3cb7b6b9ff341,2019-02,Lancashire Constabulary,Lancashire Constabulary,-2.869072,53.565063,On or near Hall Brow Close,E01025488,West Lancashire 007A,Violence and sexual offences,Awaiting court outcome,
4541f5fb32fc824d916446e09d644b3c9feae24bcccd30fea17b9adf4dc9dd87,2019-02,Lancashire Constabulary,Lancashire Constabulary,-2.881655,53.565367,On or near Knowsley Road,E01025488,West Lancashire 007A,Violence and sexual offences,Unable to prosecute suspect,
e806944f4faafc29315259e1c606e6b444357f5366e322021c72c1fdeac23c81,2019-02,Lancashire Constabulary,Lancashire Constabulary,-2.881323,53.567553,On or near Stanley Street,E01025488,West Lancashire 007A,Violence and sexual offences,Status update unavailable,
2d13b699e5d04515b8040970ad05d5ecc40c34012492718589b481c83009882d,2019-02,Lancashire Constabulary,Lancashire Constabulary,-2.869072,53.565063,On or near Hall Brow Close,E01025488,West Lancashire 007A,Other crime,Unable to prosecute suspect,
,2019-02,Lancashire Constabulary,Lancashire Constabulary,-2.871264,53.566683,On or near Latham Avenue,E01025489,West Lancashire 007B,Anti-social behaviour,,
,2019-02,Lancashire Constabulary,Lancashire Constabulary,-2.872973,53.571192,On or near Pendle Drive,E01025489,West Lancashire 007B,Anti-social behaviour,,
,2019-02,Lancashire Constabulary,Lancashire Constabulary,-2.869752,53.567288,On or near Thompson Avenue,E01025489,West Lancashire 007B,Anti-social behaviour,,
,2019-02,Lancashire Constabulary,Lancashire Constabulary,-2.869752,53.567288,On or near Thompson Avenue,E01025489,West Lancashire 007B,Anti-social behaviour,,
,2019-02,Lancashire Constabulary,Lancashire Constabulary,-2.869752,53.567288,On or near Thompson Avenue,E01025489,West Lancashire 007B,Anti-social behaviour,,
96e8ebaee7d1800c0d95a2041553cd11938d2d15eceb3cc478a2f10b271e5fb1,2019-02,Lancashire Constabulary,Lancashire Constabulary,-2.870869,53.567279,On or near Taylor Avenue,E01025489,West Lancashire 007B,Criminal damage and arson,Status update unavailable,
b22bda0ace837ef33ea130c1e5f4c3960c059bbe39674140c5e79e740f424f02,2019-02,Lancashire Constabulary,Lancashire Constabulary,-2.872973,53.571192,On or near Pendle Drive,E01025489,West Lancashire 007B,Violence and sexual offences,Local resolution,
,2019-02,Lancashire Constabulary,Lancashire Constabulary,-2.878438,53.563862,On or near Weldon Drive,E01025490,West Lancashire 007C,Anti-social behaviour,,
,2019-02,Lancashire Constabulary,Lancashire Constabulary,-2.878438,53.563862,On or near Weldon Drive,E01025490,West Lancashire 007C,Anti-social behaviour,,
,2019-02,Lancashire Constabulary,Lancashire Constabulary,-2.878438,53.563862,On or near Weldon Drive,E01025490,West Lancashire 007C,Anti-social behaviour,,
0470505f0da5c923ddbf87bddc965c8e08744f1d84254c6ed855e8205ad9c323,2019-02,Lancashire Constabulary,Lancashire Constabulary,-2.873374,53.559890,On or near Further/Higher Educational Building,E01025490,West Lancashire 007C,Bicycle theft,Status update unavailable,
03ec949ac6e7b2550fddd73622cbc76f02ad7cad46d49aa6651fee20d3dd9c16,2019-02,Lancashire Constabulary,Lancashire Constabulary,-2.873374,53.559890,On or near Further/Higher Educational Building,E01025490,West Lancashire 007C,Burglary,Status update unavailable,
8061c98f6ac6ad698fe55415bd499a81f57aaa9fc7450d550d6d05cbf10e528a,2019-02,Lancashire Constabulary,Lancashire Constabulary,-2.884736,53.563924,On or near Bridge Street,E01025490,West Lancashire 007C,Burglary,Status update unavailable,
c5d3022e5e0d8aa7398fbcd0d01b491fd1ff81d0abd75662192edffeba000077,2019-02,Lancashire Constabulary,Lancashire Constabulary,-2.882992,53.567208,On or near Bus/Coach Station,E01025490,West Lancashire 007C,Criminal damage and arson,Status update unavailable,
0a84953e33194d6183852e639dbc1c7f9a117ae77246596a224237b9d2229a69,2019-02,Lancashire Constabulary,Lancashire Constabulary,-2.883857,53.564532,On or near Chapel Mews,E01025490,West Lancashire 007C,Other theft,Unable to prosecute suspect,
5ee82367b05498d2124509c5f115bd894b2f80ef0360200657feb93938ea8590,2019-02,Lancashire Constabulary,Lancashire Constabulary,-2.873374,53.559890,On or near Further/Higher Educational Building,E01025490,West Lancashire 007C,Other theft,Status update unavailable,
7852d7232afcc4ce73c5dbe813f3dc6687265fb41bedc8e350ba5552288b5c48,2019-02,Lancashire Constabulary,Lancashire Constabulary,-2.873374,53.559890,On or near Further/Higher Educational Building,E01025490,West Lancashire 007C,Other theft,Status update unavailable,
305bfc4f2df39248cf4009fbdbff2fa9455f07a4052aea9abd006e4e790ad1df,2019-02,Lancashire Constabulary,Lancashire Constabulary,-2.873374,53.559890,On or near Further/Higher Educational Building,E01025490,West Lancashire 007C,Vehicle crime,Status update unavailable,
,2019-02,Lancashire Constabulary,Lancashire Constabulary,-2.892310,53.563679,On or near Town End Close,E01025500,West Lancashire 007D,Anti-social behaviour,,
,2019-02,Lancashire Constabulary,Lancashire Constabulary,-2.885669,53.566667,On or near Parking Area,E01025500,West Lancashire 007D,Anti-social behaviour,,
,2019-02,Lancashire Constabulary,Lancashire Constabulary,-2.886408,53.566653,On or near Shopping Area,E01025500,West Lancashire 007D,Anti-social behaviour,,
,2019-02,Lancashire Constabulary,Lancashire Constabulary,-2.885335,53.566616,On or near Market Way,E01025500,West Lancashire 007D,Anti-social behaviour,,
,2019-02,Lancashire Constabulary,Lancashire Constabulary,-2.889923,53.565764,On or near Park Avenue,E01025500,West Lancashire 007D,Anti-social behaviour,,
,2019-02,Lancashire Constabulary,Lancashire Constabulary,-2.887672,53.565718,On or near Supermarket,E01025500,West Lancashire 007D,Anti-social behaviour,,
,2019-02,Lancashire Constabulary,Lancashire Constabulary,-2.889326,53.563971,On or near Dyers Lane,E01025500,West Lancashire 007D,Anti-social behaviour,,
,2019-02,Lancashire Constabulary,Lancashire Constabulary,-2.887672,53.565718,On or near Supermarket,E01025500,West Lancashire 007D,Anti-social behaviour,,
,2019-02,Lancashire Constabulary,Lancashire Constabulary,-2.887230,53.568427,On or near Church Street,E01025500,West Lancashire 007D,Anti-social behaviour,,
,2019-02,Lancashire Constabulary,Lancashire Constabulary,-2.885335,53.566616,On or near Market Way,E01025500,West Lancashire 007D,Anti-social behaviour,,
,2019-02,Lancashire Constabulary,Lancashire Constabulary,-2.887672,53.565718,On or near Supermarket,E01025500,West Lancashire 007D,Anti-social behaviour,,
,2019-02,Lancashire Constabulary,Lancashire Constabulary,-2.885335,53.566616,On or near Market Way,E01025500,West Lancashire 007D,Anti-social behaviour,,
d99d5c16aee8792c7b41c42e688036d772d8545bdda7dcca600b8b0dfc09405e,2019-02,Lancashire Constabulary,Lancashire Constabulary,-2.893138,53.567897,On or near County Road,E01025500,West Lancashire 007D,Burglary,Investigation complete; no suspect identified,
bddb8bf367cf98e57625b4e30d03285f690eb4c0e7b0866d317f0a03b237b370,2019-02,Lancashire Constabulary,Lancashire Constabulary,-2.893121,53.565641,On or near Petrol Station,E01025500,West Lancashire 007D,Other theft,Status update unavailable,
bc8135688b2df728594a5dcdd9f9f0db9180b1a0eb1aaa40e2aa60edd2f68325,2019-02,Lancashire Constabulary,Lancashire Constabulary,-2.887368,53.567059,On or near Hutton Way,E01025500,West Lancashire 007D,Other theft,Status update unavailable,
ab1f05ba1eec822f78788e28fd2dede01198ff38b2cefcf65b5284fc5d5a6676,2019-02,Lancashire Constabulary,Lancashire Constabulary,-2.893121,53.565641,On or near Petrol Station,E01025500,West Lancashire 007D,Other theft,Status update unavailable,
3fbfbede969905237620fbcd36a32bc6397769a6fb9d1d5b8aebce7b07b977bf,2019-02,Lancashire Constabulary,Lancashire Constabulary,-2.887368,53.567059,On or near Hutton Way,E01025500,West Lancashire 007D,Public order,Status update unavailable,
2212925ae9c676633cfdfe9e95863814290566983433c1df77e386c48ae2580b,2019-02,Lancashire Constabulary,Lancashire Constabulary,-2.885335,53.566616,On or near Market Way,E01025500,West Lancashire 007D,Public order,Status update unavailable,
a54406be2bdcec49f531297ab05d9d6815c7d8882f3e6ee37a890d99ec6632f1,2019-02,Lancashire Constabulary,Lancashire Constabulary,-2.885669,53.566667,On or near Parking Area,E01025500,West Lancashire 007D,Shoplifting,Offender given suspended prison sentence,
4ba22c16b302650986faea28f7c85f2fe987e341b7b1cdf3afe18cdf7dbc5ef3,2019-02,Lancashire Constabulary,Lancashire Constabulary,-2.885335,53.566616,On or near Market Way,E01025500,West Lancashire 007D,Shoplifting,Status update unavailable,
a35f1fcd108418e4feff00696e56d668dae0ce4a491344749413e118932ca7dd,2019-02,Lancashire Constabulary,Lancashire Constabulary,-2.885669,53.566667,On or near Parking Area,E01025500,West Lancashire 007D,Shoplifting,Status update unavailable,
800a012e1d0e708c87fa2ef396714b5ebd422dba85df53f1bc8e684ea0cce81b,2019-02,Lancashire Constabulary,Lancashire Constabulary,-2.893121,53.565641,On or near Petrol Station,E01025500,West Lancashire 007D,Shoplifting,Status update unavailable,
90bd1bed3c56b874b0801022991ec9005d5a7de7d602d4db86990462dcc60d70,2019-02,Lancashire Constabulary,Lancashire Constabulary,-2.887672,53.565718,On or near Supermarket,E01025500,West Lancashire 007D,Shoplifting,Awaiting court outcome,
55496d78dbbe9506a90a946436acc015f1703e94d05e973f7a0a7a3dc986c39e,2019-02,Lancashire Constabulary,Lancashire Constabulary,-2.887672,53.565718,On or near Supermarket,E01025500,West Lancashire 007D,Shoplifting,Status update unavailable,
0124bdf0ee7ed94e87ec28d1901d46c2523294656ba5cab65f9c4c5e5938ab47,2019-02,Lancashire Constabulary,Lancashire Constabulary,-2.887672,53.565718,On or near Supermarket,E01025500,West Lancashire 007D,Shoplifting,Status update unavailable,
831acf817151457be55f6ab28f9d598a1b661087cb3d232f4c60bafcf9ab320b,2019-02,Lancashire Constabulary,Lancashire Constabulary,-2.885335,53.566616,On or near Market Way,E01025500,West Lancashire 007D,Shoplifting,Status update unavailable,
e8803e57659a945a0fd3add61a9043b9875e7942d1e1edd3d1527b6486829707,2019-02,Lancashire Constabulary,Lancashire Constabulary,-2.887331,53.568920,On or near Church Street,E01025500,West Lancashire 007D,Vehicle crime,Status update unavailable,
7ad2ce6d0b645104fce1031e3d0698f5269b15229a523f21c447a129b6603807,2019-02,Lancashire Constabulary,Lancashire Constabulary,-2.887095,53.567007,On or near Parking Area,E01025500,West Lancashire 007D,Violence and sexual offences,Status update unavailable,
ec383cab1cdd0392936327c0011c410413096e20199491cddcf769b9bdc8f539,2019-02,Lancashire Constabulary,Lancashire Constabulary,-2.887672,53.565718,On or near Supermarket,E01025500,West Lancashire 007D,Violence and sexual offences,Awaiting court outcome,
3f71a202e420d6bcf4df11db7020e29c6f6cdc1a9b205efd2e705bce7a39df61,2019-02,Lancashire Constabulary,Lancashire Constabulary,-2.887643,53.562868,On or near Pedestrian Subway,E01025500,West Lancashire 007D,Violence and sexual offences,Formal action is not in the public interest,
ba8e054d611f99c92af9919849f7c8733ec6047785393f43e274e54a20e62afb,2019-02,Lancashire Constabulary,Lancashire Constabulary,-2.887643,53.562868,On or near Pedestrian Subway,E01025500,West Lancashire 007D,Violence and sexual offences,Awaiting court outcome,
,2019-02,Lancashire Constabulary,Lancashire Constabulary,-2.884134,53.566948,On or near Moor Street,E01025518,West Lancashire 007E,Anti-social behaviour,,
,2019-02,Lancashire Constabulary,Lancashire Constabulary,-2.886568,53.567820,On or near Church Street,E01025518,West Lancashire 007E,Anti-social behaviour,,
,2019-02,Lancashire Constabulary,Lancashire Constabulary,-2.886568,53.567820,On or near Church Street,E01025518,West Lancashire 007E,Anti-social behaviour,,
,2019-02,Lancashire Constabulary,Lancashire Constabulary,-2.884703,53.568167,On or near Leyland Way,E01025518,West Lancashire 007E,Anti-social behaviour,,
,2019-02,Lancashire Constabulary,Lancashire Constabulary,-2.883263,53.570793,On or near Burscough Street,E01025518,West Lancashire 007E,Anti-social behaviour,,
,2019-02,Lancashire Constabulary,Lancashire Constabulary,-2.884703,53.568167,On or near Leyland Way,E01025518,West Lancashire 007E,Anti-social behaviour,,
,2019-02,Lancashire Constabulary,Lancashire Constabulary,-2.886568,53.567820,On or near Church Street,E01025518,West Lancashire 007E,Anti-social behaviour,,
,2019-02,Lancashire Constabulary,Lancashire Constabulary,-2.886568,53.567820,On or near Church Street,E01025518,West Lancashire 007E,Anti-social behaviour,,
,2019-02,Lancashire Constabulary,Lancashire Constabulary,-2.884134,53.566948,On or near Moor Street,E01025518,West Lancashire 007E,Anti-social behaviour,,
,2019-02,Lancashire Constabulary,Lancashire Constabulary,-2.884703,53.568167,On or near Leyland Way,E01025518,West Lancashire 007E,Anti-social behaviour,,
,2019-02,Lancashire Constabulary,Lancashire Constabulary,-2.884134,53.566948,On or near Moor Street,E01025518,West Lancashire 007E,Anti-social behaviour,,
,2019-02,Lancashire Constabulary,Lancashire Constabulary,-2.886568,53.567820,On or near Church Street,E01025518,West Lancashire 007E,Anti-social behaviour,,
,2019-02,Lancashire Constabulary,Lancashire Constabulary,-2.884703,53.568167,On or near Leyland Way,E01025518,West Lancashire 007E,Anti-social behaviour,,
,2019-02,Lancashire Constabulary,Lancashire Constabulary,-2.884134,53.566948,On or near Moor Street,E01025518,West Lancashire 007E,Anti-social behaviour,,
,2019-02,Lancashire Constabulary,Lancashire Constabulary,-2.884134,53.566948,On or near Moor Street,E01025518,West Lancashire 007E,Anti-social behaviour,,
,2019-02,Lancashire Constabulary,Lancashire Constabulary,-2.886568,53.567820,On or near Church Street,E01025518,West Lancashire 007E,Anti-social behaviour,,
,2019-02,Lancashire Constabulary,Lancashire Constabulary,-2.884703,53.568167,On or near Leyland Way,E01025518,West Lancashire 007E,Anti-social behaviour,,
,2019-02,Lancashire Constabulary,Lancashire Constabulary,-2.886568,53.567820,On or near Church Street,E01025518,West Lancashire 007E,Anti-social behaviour,,
,2019-02,Lancashire Constabulary,Lancashire Constabulary,-2.886568,53.567820,On or near Church Street,E01025518,West Lancashire 007E,Anti-social behaviour,,
,2019-02,Lancashire Constabulary,Lancashire Constabulary,-2.884134,53.566948,On or near Moor Street,E01025518,West Lancashire 007E,Anti-social behaviour,,
,2019-02,Lancashire Constabulary,Lancashire Constabulary,-2.882198,53.568940,On or near Railway Approach,E01025518,West Lancashire 007E,Anti-social behaviour,,
,2019-02,Lancashire Constabulary,Lancashire Constabulary,-2.886568,53.567820,On or near Church Street,E01025518,West Lancashire 007E,Anti-social behaviour,,
ac826dab66fb571fefe71ab682d8d70f9a2ab7b00ec6da63535f9ab6ff796665,2019-02,Lancashire Constabulary,Lancashire Constabulary,-2.887112,53.574297,On or near County Road,E01025518,West Lancashire 007E,Drugs,Status update unavailable,
5beb02732751a9db04fceec71d23f181eb3a27a60a1d6350d24a442e712fb13d,2019-02,Lancashire Constabulary,Lancashire Constabulary,-2.884134,53.566948,On or near Moor Street,E01025518,West Lancashire 007E,Other theft,Status update unavailable,
54da3a9cca6a8a9dbc10ce0875616bdc6bde100d6c8691f0d89d38ca3f2c0db9,2019-02,Lancashire Constabulary,Lancashire Constabulary,-2.883565,53.568588,On or near Derby Street,E01025518,West Lancashire 007E,Other theft,Status update unavailable,
286755a503a641f55101f409a0228d2ad8b90ef6720d49ba37dac6d787360d5e,2019-02,Lancashire Constabulary,Lancashire Constabulary,-2.884134,53.566948,On or near Moor Street,E01025518,West Lancashire 007E,Possession of weapons,Status update unavailable,
062d2efb79515a1ed9d1917eb0b9743b7ab79c9e5cdb79d9ca11703eb84f7b84,2019-02,Lancashire Constabulary,Lancashire Constabulary,-2.884134,53.566948,On or near Moor Street,E01025518,West Lancashire 007E,Public order,Status update unavailable,
b97bb2b7008e8b58b71b79511743c92cfafd5af001e37709b77ac1fc7509a6b7,2019-02,Lancashire Constabulary,Lancashire Constabulary,-2.884703,53.568167,On or near Leyland Way,E01025518,West Lancashire 007E,Public order,Status update unavailable,
ee8a589218f719f5cd59c955d2e8d8edf6decd884ae4e5fc452e5d243f222c7b,2019-02,Lancashire Constabulary,Lancashire Constabulary,-2.886568,53.567820,On or near Church Street,E01025518,West Lancashire 007E,Public order,Status update unavailable,
c5103e2110487cbfe2b5d3ad51aefd07f92af40a2719d786fd78c00b61af930e,2019-02,Lancashire Constabulary,Lancashire Constabulary,-2.886568,53.567820,On or near Church Street,E01025518,West Lancashire 007E,Shoplifting,Offender given suspended prison sentence,
f1967b669f21fb3f82d12b2c4a5968d483a6e0bad3415db67870f77fd80e507f,2019-02,Lancashire Constabulary,Lancashire Constabulary,-2.884134,53.566948,On or near Moor Street,E01025518,West Lancashire 007E,Violence and sexual offences,Status update unavailable,
95e1bb712b62ba3863d9e1cb827078651476e1fff58d9acf5eee6c8a322dc8b2,2019-02,Lancashire Constabulary,Lancashire Constabulary,-2.886568,53.567820,On or near Church Street,E01025518,West Lancashire 007E,Violence and sexual offences,Status update unavailable,
ac2264b7ab77a12e0111deebce8813833968e3964138434fa25072767e90d92f,2019-02,Lancashire Constabulary,Lancashire Constabulary,-2.883565,53.568588,On or near Derby Street,E01025518,West Lancashire 007E,Violence and sexual offences,Status update unavailable,
0fe65f5d4331123a3e1674791476dcf4a592917391c58790ddfb0d584b6dbe32,2019-02,Lancashire Constabulary,Lancashire Constabulary,-2.883565,53.568588,On or near Derby Street,E01025518,West Lancashire 007E,Violence and sexual offences,Status update unavailable,
9c6a1b79d2eb7fd099cbb41de426278e08b26ea579664cab79143b1c33087020,2019-02,Lancashire Constabulary,Lancashire Constabulary,-2.884134,53.566948,On or near Moor Street,E01025518,West Lancashire 007E,Violence and sexual offences,Status update unavailable,
69869ee7287e5693fc1fd70a84a88b13a0e42b32b20027b1e8d3cc196595f880,2019-02,Lancashire Constabulary,Lancashire Constabulary,-2.886050,53.571923,On or near Clucas Gardens,E01025518,West Lancashire 007E,Violence and sexual offences,Status update unavailable,
be4780aedaed0061e0d89542d1abac96259d8ada3af7c3e673969d700c253eed,2019-02,Lancashire Constabulary,Lancashire Constabulary,-2.887325,53.572228,On or near Green Lane,E01025518,West Lancashire 007E,Violence and sexual offences,Status update unavailable,
fef6fa65eb5dc2595fa6414bc0424b0977e9fe1f05c4d8bf713150d64c95a32a,2019-02,Lancashire Constabulary,Lancashire Constabulary,-2.886568,53.567820,On or near Church Street,E01025518,West Lancashire 007E,Violence and sexual offences,Unable to prosecute suspect,
3d0c4ccdbbd6cda626d5695bda906156736e6f50ca4923ad60e804d6f2fc99c3,2019-02,Lancashire Constabulary,Lancashire Constabulary,-2.884232,53.568008,On or near Parking Area,E01025518,West Lancashire 007E,Violence and sexual offences,Status update unavailable,
8aa4f91c27f771743ddb51089b679680ef85518d354967ab779310ed1b59b1d0,2019-02,Lancashire Constabulary,Lancashire Constabulary,-2.888193,53.570424,On or near The Avenue,E01025518,West Lancashire 007E,Violence and sexual offences,Status update unavailable,
88a3b4587acc731bea41528ac74b0fc4b65fff8a0472c5b44a313b72b51646a0,2019-02,Lancashire Constabulary,Lancashire Constabulary,-2.886568,53.567820,On or near Church Street,E01025518,West Lancashire 007E,Violence and sexual offences,Status update unavailable,
e6a343658e1141bd485211347c9d117dc0aef6ae292eaba8c3355294e660d4b3,2019-02,Lancashire Constabulary,Lancashire Constabulary,-2.883565,53.568588,On or near Derby Street,E01025518,West Lancashire 007E,Violence and sexual offences,Unable to prosecute suspect,
fc3b50210b3d991156b450ff3123f5c1eea7855a37147d7c65dbc5878199dba8,2019-02,Lancashire Constabulary,Lancashire Constabulary,-2.884134,53.566948,On or near Moor Street,E01025518,West Lancashire 007E,Violence and sexual offences,Unable to prosecute suspect,
,2019-02,Lancashire Constabulary,Lancashire Constabulary,-2.843419,53.535495,On or near Stockley Crescent,E01025479,West Lancashire 008A,Anti-social behaviour,,
,2019-02,Lancashire Constabulary,Lancashire Constabulary,-2.816388,53.551520,On or near Blaguegate Lane,E01025479,West Lancashire 008A,Anti-social behaviour,,
a73dd81f6113f60ff8326d9660244f33879127c531a0fe993130381211e70392,2019-02,Lancashire Constabulary,Lancashire Constabulary,-2.828024,53.538299,On or near Petrol Station,E01025479,West Lancashire 008A,Other theft,Status update unavailable,
e083376043984b1d907137f2bdd6abd5a250081ca3a09bd082b866df1097a511,2019-02,Lancashire Constabulary,Lancashire Constabulary,-2.820057,53.552376,On or near Blaguegate Lane,E01025479,West Lancashire 008A,Violence and sexual offences,Unable to prosecute suspect,
23cc90512e09c264acb9b2e463292454ed5e26318342584cc6e71205e3ad6389,2019-02,Lancashire Constabulary,Lancashire Constabulary,-2.828024,53.538299,On or near Petrol Station,E01025479,West Lancashire 008A,Violence and sexual offences,Further investigation is not in the public interest,
,2019-02,Lancashire Constabulary,Lancashire Constabulary,-2.850755,53.574741,On or near Cranes Lane,E01025491,West Lancashire 008B,Anti-social behaviour,,
f57c31fb8d9f041bc23e4779d4ce4a125717c396150799615400315eb331987d,2019-02,Lancashire Constabulary,Lancashire Constabulary,-2.869599,53.568700,On or near Field Walk,E01025491,West Lancashire 008B,Violence and sexual offences,Unable to prosecute suspect,
bc29d6c74ca46f8b7fab4f7e0b4cb2d70060a6140084b4d05d3a4e206e35e222,2019-02,Lancashire Constabulary,Lancashire Constabulary,-2.868881,53.558710,On or near Sports/Recreation Area,E01025491,West Lancashire 008B,Violence and sexual offences,Status update unavailable,
,2019-02,Lancashire Constabulary,Lancashire Constabulary,-2.821009,53.590580,On or near Petrol Station,E01025506,West Lancashire 008C,Anti-social behaviour,,
,2019-02,Lancashire Constabulary,Lancashire Constabulary,-2.821009,53.590580,On or near Petrol Station,E01025506,West Lancashire 008C,Anti-social behaviour,,
,2019-02,Lancashire Constabulary,Lancashire Constabulary,-2.804410,53.590845,On or near Back Lane,E01025506,West Lancashire 008C,Anti-social behaviour,,
,2019-02,Lancashire Constabulary,Lancashire Constabulary,-2.804410,53.590845,On or near Back Lane,E01025506,West Lancashire 008C,Anti-social behaviour,,
97e5df67bf8d753e30fccbf43969040014c29e0927a6c2928df72fc74755c4c8,2019-02,Lancashire Constabulary,Lancashire Constabulary,-2.804410,53.590845,On or near Back Lane,E01025506,West Lancashire 008C,Burglary,Status update unavailable,
a2bd27b6f6e0ab77d2e0895c4826f5296fc2da64a42d650c5de33a1e5caa05ed,2019-02,Lancashire Constabulary,Lancashire Constabulary,-2.804410,53.590845,On or near Back Lane,E01025506,West Lancashire 008C,Burglary,Status update unavailable,
e4272d9ebed95b3e71727eec2cab9f41c70d34eeeccf5c1e09232d4b029076c1,2019-02,Lancashire Constabulary,Lancashire Constabulary,-2.817708,53.598836,On or near Daisy Lane,E01025506,West Lancashire 008C,Criminal damage and arson,Status update unavailable,
5d5d47334e11be7c1cd74bd7f236e680401e10108c655873a13547d4e63bd6f4,2019-02,Lancashire Constabulary,Lancashire Constabulary,-2.821009,53.590580,On or near Petrol Station,E01025506,West Lancashire 008C,Other theft,Status update unavailable,
a4155732a99312dcc53b07854eff6d478a740ccdd16bf9f0bba3c7ee958355d7,2019-02,Lancashire Constabulary,Lancashire Constabulary,-2.821009,53.590580,On or near Petrol Station,E01025506,West Lancashire 008C,Public order,Further investigation is not in the public interest,
52b16428486e752ec856acb2d9059cf04d91f0be2af089b7783fcaceb2db26d1,2019-02,Lancashire Constabulary,Lancashire Constabulary,-2.804410,53.590845,On or near Back Lane,E01025506,West Lancashire 008C,Public order,Local resolution,
cc574bb51a0985293a82c33521eeda4ccf36ed9011c433ca5ece703e2646d3ec,2019-02,Lancashire Constabulary,Lancashire Constabulary,-2.826033,53.577853,On or near Hall Lane,E01025506,West Lancashire 008C,Vehicle crime,Status update unavailable,
d7ca3988d5cd717d90a1f4bae2826b7f4d684a3d20130f22242d2f96679a589a,2019-02,Lancashire Constabulary,Lancashire Constabulary,-2.783726,53.584232,On or near Ranleigh Drive,E01025506,West Lancashire 008C,Violence and sexual offences,Status update unavailable,
a814f3e854b09c233f6606d48fe0690d9fc7843246c92ccc066a14f894859589,2019-02,Lancashire Constabulary,Lancashire Constabulary,-2.838407,53.576527,On or near Cranes Lane,E01025506,West Lancashire 008C,Violence and sexual offences,Unable to prosecute suspect,
4433f32ea927783b0b73514bed9214d078810227cd0ff8b6bc9e1251f6ab491b,2019-02,Lancashire Constabulary,Lancashire Constabulary,-2.844769,53.584302,On or near Blythe Lane,E01025506,West Lancashire 008C,Violence and sexual offences,Status update unavailable,
,2019-02,Lancashire Constabulary,Lancashire Constabulary,-2.779623,53.562372,On or near Marlborough,E01025468,West Lancashire 009A,Anti-social behaviour,,
,2019-02,Lancashire Constabulary,Lancashire Constabulary,-2.785443,53.561992,On or near Summer Street,E01025468,West Lancashire 009A,Anti-social behaviour,,
,2019-02,Lancashire Constabulary,Lancashire Constabulary,-2.781883,53.562924,On or near Mountwood,E01025468,West Lancashire 009A,Anti-social behaviour,,
2c8476b1ebfd129a3419e917c1154f1a1db996506eb69e7e5cabd785a0ffa396,2019-02,Lancashire Constabulary,Lancashire Constabulary,-2.782960,53.568130,On or near Pedestrian Subway,E01025468,West Lancashire 009A,Vehicle crime,Unable to prosecute suspect,
1e6ff492001a4fe2c394adf7f5d49305aec06d5d4ad28ad1aab55383bdcea6ca,2019-02,Lancashire Constabulary,Lancashire Constabulary,-2.779179,53.565341,On or near Briars Green,E01025468,West Lancashire 009A,Violence and sexual offences,Status update unavailable,
1b8ac0efd5c0d03f75ddaf722395afed031d0e6bd5782b237b656c5f25093809,2019-02,Lancashire Constabulary,Lancashire Constabulary,-2.779179,53.565341,On or near Briars Green,E01025468,West Lancashire 009A,Violence and sexual offences,Unable to prosecute suspect,
,2019-02,Lancashire Constabulary,Lancashire Constabulary,-2.774456,53.562172,On or near Lambourne,E01025469,West Lancashire 009B,Anti-social behaviour,,
,2019-02,Lancashire Constabulary,Lancashire Constabulary,-2.779188,53.561737,On or near Pedestrian Subway,E01025469,West Lancashire 009B,Anti-social behaviour,,
,2019-02,Lancashire Constabulary,Lancashire Constabulary,-2.773576,53.563625,On or near Lyndale,E01025469,West Lancashire 009B,Anti-social behaviour,,
,2019-02,Lancashire Constabulary,Lancashire Constabulary,-2.774456,53.562172,On or near Lambourne,E01025469,West Lancashire 009B,Anti-social behaviour,,
,2019-02,Lancashire Constabulary,Lancashire Constabulary,-2.774456,53.562172,On or near Lambourne,E01025469,West Lancashire 009B,Anti-social behaviour,,
,2019-02,Lancashire Constabulary,Lancashire Constabulary,-2.774456,53.562172,On or near Lambourne,E01025469,West Lancashire 009B,Anti-social behaviour,,
,2019-02,Lancashire Constabulary,Lancashire Constabulary,-2.774794,53.563338,On or near Lyndhurst,E01025469,West Lancashire 009B,Anti-social behaviour,,
28f502b919cfc563d577cd1221db570f75bc697bd403065ecdbf216e659b1d64,2019-02,Lancashire Constabulary,Lancashire Constabulary,-2.779188,53.561737,On or near Pedestrian Subway,E01025469,West Lancashire 009B,Burglary,Status update unavailable,
e5a27853b300d1b4040c23a30cde93072cb0921c6dc840819f4cc84cffea912e,2019-02,Lancashire Constabulary,Lancashire Constabulary,-2.774028,53.561051,On or near Ashley Road,E01025469,West Lancashire 009B,Criminal damage and arson,Status update unavailable,
c90df18fd968ba94dd552a53f53ac80f93b2755ae88b9029bfb0dc9ae15ec6dc,2019-02,Lancashire Constabulary,Lancashire Constabulary,-2.773576,53.563625,On or near Lyndale,E01025469,West Lancashire 009B,Criminal damage and arson,Status update unavailable,
9c2b0c9b7ee2bb6d3ccb4ba6ea66bf4401d2a5007826f87362ca6ca06a1fbacc,2019-02,Lancashire Constabulary,Lancashire Constabulary,-2.779188,53.561737,On or near Pedestrian Subway,E01025469,West Lancashire 009B,Criminal damage and arson,Status update unavailable,
6880cdd54b3f9f1dc5d0d6078517f657339b5ddbda9a42d3cb36edb8ad58f797,2019-02,Lancashire Constabulary,Lancashire Constabulary,-2.773576,53.563625,On or near Lyndale,E01025469,West Lancashire 009B,Shoplifting,Status update unavailable,
7422d9732969743def2c80a9eb7f64d6f931d70cc94620b2a5bc0a8ebf8c3ef5,2019-02,Lancashire Constabulary,Lancashire Constabulary,-2.773576,53.563625,On or near Lyndale,E01025469,West Lancashire 009B,Violence and sexual offences,Unable to prosecute suspect,
6ddaf78c6787bf34f699c1a05fc60109d73b0915150e8c7a8ccf39a8db06a928,2019-02,Lancashire Constabulary,Lancashire Constabulary,-2.773576,53.563625,On or near Lyndale,E01025469,West Lancashire 009B,Violence and sexual offences,Status update unavailable,
4a067ffebc97da35564d3d13d7ed0bbd67dc21983bd49a6c6c370540c5744d59,2019-02,Lancashire Constabulary,Lancashire Constabulary,-2.773576,53.563625,On or near Lyndale,E01025469,West Lancashire 009B,Violence and sexual offences,Local resolution,
,2019-02,Lancashire Constabulary,Lancashire Constabulary,-2.769624,53.565448,On or near Kestrel Mews,E01025470,West Lancashire 009C,Anti-social behaviour,,
,2019-02,Lancashire Constabulary,Lancashire Constabulary,-2.767986,53.564218,On or near Kestral Park,E01025470,West Lancashire 009C,Anti-social behaviour,,
,2019-02,Lancashire Constabulary,Lancashire Constabulary,-2.769624,53.565448,On or near Kestrel Mews,E01025470,West Lancashire 009C,Anti-social behaviour,,
cc45266207bee7948c640ce21e7014d8e72aba0dd8bac87cec700baeb50ddf57,2019-02,Lancashire Constabulary,Lancashire Constabulary,-2.767986,53.564218,On or near Kestral Park,E01025470,West Lancashire 009C,Burglary,Status update unavailable,
31fefaa4da58671a2e46c8d98a12e21cc91fa658565d62fd6f09151d1041aece,2019-02,Lancashire Constabulary,Lancashire Constabulary,-2.763380,53.560832,On or near Firwood,E01025470,West Lancashire 009C,Vehicle crime,Status update unavailable,
,2019-02,Lancashire Constabulary,Lancashire Constabulary,-2.793706,53.560626,On or near Pedestrian Subway,E01025522,West Lancashire 009D,Anti-social behaviour,,
,2019-02,Lancashire Constabulary,Lancashire Constabulary,-2.793706,53.560626,On or near Pedestrian Subway,E01025522,West Lancashire 009D,Anti-social behaviour,,
,2019-02,Lancashire Constabulary,Lancashire Constabulary,-2.792439,53.553389,On or near Teversham,E01025522,West Lancashire 009D,Anti-social behaviour,,
,2019-02,Lancashire Constabulary,Lancashire Constabulary,-2.793706,53.560626,On or near Pedestrian Subway,E01025522,West Lancashire 009D,Anti-social behaviour,,
,2019-02,Lancashire Constabulary,Lancashire Constabulary,-2.793706,53.560626,On or near Pedestrian Subway,E01025522,West Lancashire 009D,Anti-social behaviour,,
6608d482da63079aab9629738f3926255003a0a36b38ecb9a79bb6f7619eaf0c,2019-02,Lancashire Constabulary,Lancashire Constabulary,-2.793706,53.560626,On or near Pedestrian Subway,E01025522,West Lancashire 009D,Criminal damage and arson,Status update unavailable,
b0e1108785cae70184dd91d9a4d6e859737d47b0f4bdb650c1ba17cdabf3bdf0,2019-02,Lancashire Constabulary,Lancashire Constabulary,-2.795902,53.554535,On or near Thurston,E01025522,West Lancashire 009D,Other theft,Status update unavailable,
d1254cd7ca16ca323007f4d1588e5f3d9ab91e2995b81839ae72372b314103f4,2019-02,Lancashire Constabulary,Lancashire Constabulary,-2.793706,53.560626,On or near Pedestrian Subway,E01025522,West Lancashire 009D,Violence and sexual offences,Action to be taken by another organisation,
2623f9b69b2c11f5e24d072203686c32e50474105328b64dca437a043c9c7a10,2019-02,Lancashire Constabulary,Lancashire Constabulary,-2.795902,53.554535,On or near Thurston,E01025522,West Lancashire 009D,Violence and sexual offences,Status update unavailable,
a1f77b8cf60e66392a56cfa0bcacbc65cc4023e9aba9141ed6a98ff8d5af4e30,2019-02,Lancashire Constabulary,Lancashire Constabulary,-2.793706,53.560626,On or near Pedestrian Subway,E01025522,West Lancashire 009D,Violence and sexual offences,Status update unavailable,
1b9aab6c13c718fc0a4b2d86f8ee09729c01344a234309203cdb3bd9fff47975,2019-02,Lancashire Constabulary,Lancashire Constabulary,-2.789443,53.553005,On or near Appleton Road,E01025522,West Lancashire 009D,Violence and sexual offences,Unable to prosecute suspect,
bdea30f4c8c563b673c140cc8b6382dafb1d8e79e558e444aa6d08df71965052,2019-02,Lancashire Constabulary,Lancashire Constabulary,-2.793706,53.560626,On or near Pedestrian Subway,E01025522,West Lancashire 009D,Other crime,Status update unavailable,
,2019-02,Lancashire Constabulary,Lancashire Constabulary,-2.766462,53.558412,On or near Falkland,E01025471,West Lancashire 010A,Anti-social behaviour,,
,2019-02,Lancashire Constabulary,Lancashire Constabulary,-2.770026,53.561841,On or near Ludlow,E01025471,West Lancashire 010A,Anti-social behaviour,,
,2019-02,Lancashire Constabulary,Lancashire Constabulary,-2.771109,53.557466,On or near Fairhaven,E01025471,West Lancashire 010A,Anti-social behaviour,,
,2019-02,Lancashire Constabulary,Lancashire Constabulary,-2.767793,53.558593,On or near Fairstead,E01025471,West Lancashire 010A,Anti-social behaviour,,
a137c7e2e16ddbd2723b3656690bc6380313b8d68acce87a92e7dd2db68fec1d,2019-02,Lancashire Constabulary,Lancashire Constabulary,-2.768745,53.561121,On or near Lowcroft,E01025471,West Lancashire 010A,Burglary,Status update unavailable,
,2019-02,Lancashire Constabulary,Lancashire Constabulary,-2.775757,53.556528,On or near Ivybridge,E01025480,West Lancashire 010B,Anti-social behaviour,,
,2019-02,Lancashire Constabulary,Lancashire Constabulary,-2.774162,53.556862,On or near Feltons,E01025480,West Lancashire 010B,Anti-social behaviour,,
,2019-02,Lancashire Constabulary,Lancashire Constabulary,-2.774162,53.556862,On or near Feltons,E01025480,West Lancashire 010B,Anti-social behaviour,,
,2019-02,Lancashire Constabulary,Lancashire Constabulary,-2.774801,53.555482,On or near Ivydale,E01025480,West Lancashire 010B,Anti-social behaviour,,
,2019-02,Lancashire Constabulary,Lancashire Constabulary,-2.768265,53.553808,On or near Hallcroft,E01025480,West Lancashire 010B,Anti-social behaviour,,
,2019-02,Lancashire Constabulary,Lancashire Constabulary,-2.774162,53.556862,On or near Feltons,E01025480,West Lancashire 010B,Anti-social behaviour,,
,2019-02,Lancashire Constabulary,Lancashire Constabulary,-2.774162,53.556862,On or near Feltons,E01025480,West Lancashire 010B,Anti-social behaviour,,
,2019-02,Lancashire Constabulary,Lancashire Constabulary,-2.774801,53.555482,On or near Ivydale,E01025480,West Lancashire 010B,Anti-social behaviour,,
a14f0ee522f95b4e80f012a0f74ac3a19aaed88f0a98049781874ec2f01e455d,2019-02,Lancashire Constabulary,Lancashire Constabulary,-2.767776,53.556822,On or near Heathgate,E01025480,West Lancashire 010B,Burglary,Status update unavailable,
c8d59cd2dff07a97a58e406de1fec1e41f925da3d74cf5f15341d0ea327c3b91,2019-02,Lancashire Constabulary,Lancashire Constabulary,-2.766592,53.556425,On or near Heversham,E01025480,West Lancashire 010B,Criminal damage and arson,Investigation complete; no suspect identified,
998b0180be9878c5c3075a283645e946bc19a8379a8864867159f10a002b28b3,2019-02,Lancashire Constabulary,Lancashire Constabulary,-2.767776,53.556822,On or near Heathgate,E01025480,West Lancashire 010B,Possession of weapons,Status update unavailable,
3ba0f92a05da5316b35c87f815bc30b28d02795b83fe200fcb8d19de717cbf49,2019-02,Lancashire Constabulary,Lancashire Constabulary,-2.765434,53.556684,On or near Helmsdale,E01025480,West Lancashire 010B,Violence and sexual offences,Awaiting court outcome,
,2019-02,Lancashire Constabulary,Lancashire Constabulary,-2.770945,53.555094,On or near Ferndale,E01025481,West Lancashire 010C,Anti-social behaviour,,
,2019-02,Lancashire Constabulary,Lancashire Constabulary,-2.780170,53.556823,On or near Inskip,E01025481,West Lancashire 010C,Anti-social behaviour,,
68992bd841299267d2790c51c9074871c0b168ac11da87441430fef9de4013cc,2019-02,Lancashire Constabulary,Lancashire Constabulary,-2.771708,53.552203,On or near Firbeck,E01025481,West Lancashire 010C,Criminal damage and arson,Status update unavailable,
0aa99b21af2d987af73677e64c72cdfb71f980e3083ca2c81a62b9767201358f,2019-02,Lancashire Constabulary,Lancashire Constabulary,-2.778907,53.555447,On or near Inglewhite,E01025481,West Lancashire 010C,Other theft,Unable to prosecute suspect,
739155d35b02b5be50c25e762b8248970295c41bc1d70d4e1d3e9dc7625a0fa9,2019-02,Lancashire Constabulary,Lancashire Constabulary,-2.777124,53.552905,On or near Petrol Station,E01025481,West Lancashire 010C,Other theft,Status update unavailable,
714cf7ea156ac4333b00d89ee579cd77b3cb8c1a2b6f8581052d73eb7d9419ee,2019-02,Lancashire Constabulary,Lancashire Constabulary,-2.777124,53.552905,On or near Petrol Station,E01025481,West Lancashire 010C,Shoplifting,Offender given penalty notice,
9d4757d68155e821f7f4a14d953fb2f83099f4dc5159fae9cca2270697b64fa6,2019-02,Lancashire Constabulary,Lancashire Constabulary,-2.777124,53.552905,On or near Petrol Station,E01025481,West Lancashire 010C,Shoplifting,Status update unavailable,
9d3e1920ea61f56c34cda88ed85b2d8c3645c536113993613e6e4fbc56eab4a2,2019-02,Lancashire Constabulary,Lancashire Constabulary,-2.778907,53.555447,On or near Inglewhite,E01025481,West Lancashire 010C,Violence and sexual offences,Unable to prosecute suspect,
a1042d250fb54cf89b668d6236d422e193c17ecb81105ef47586d09f8b938bac,2019-02,Lancashire Constabulary,Lancashire Constabulary,-2.777124,53.552905,On or near Petrol Station,E01025481,West Lancashire 010C,Violence and sexual offences,Status update unavailable,
a81dba9ae5b6b133104b2e359d766471da78557c8ffa95ca6d9e4a0cfbbfe2ac,2019-02,Lancashire Constabulary,Lancashire Constabulary,-2.780170,53.556823,On or near Inskip,E01025481,West Lancashire 010C,Violence and sexual offences,Unable to prosecute suspect,
e5e864d08a5e6e04a45171e7b2f912dce447d4eaf2831560af863759675fb9e2,2019-02,Lancashire Constabulary,Lancashire Constabulary,-2.778907,53.555447,On or near Inglewhite,E01025481,West Lancashire 010C,Violence and sexual offences,Unable to prosecute suspect,
48a235f7ad17b06c56c6155a5aafe957fd5de82c0ef90d37f77ec6214e52ba27,2019-02,Lancashire Constabulary,Lancashire Constabulary,-2.778907,53.555447,On or near Inglewhite,E01025481,West Lancashire 010C,Violence and sexual offences,Unable to prosecute suspect,
9700a281da761cbef8e8d2d658b5b618cd29ac23b21bdbf8a02c56eafe87cf52,2019-02,Lancashire Constabulary,Lancashire Constabulary,-2.780170,53.556823,On or near Inskip,E01025481,West Lancashire 010C,Violence and sexual offences,Unable to prosecute suspect,
a08e246bf2c38d7b5cfd6a34cd2e48d23e2e761731147653bd9b998532b788b2,2019-02,Lancashire Constabulary,Lancashire Constabulary,-2.780170,53.556823,On or near Inskip,E01025481,West Lancashire 010C,Violence and sexual offences,Unable to prosecute suspect,
143289db07ab48956fdf4e288e6a7c9b0551f71bdd33119ee01b8d903f6c84fe,2019-02,Lancashire Constabulary,Lancashire Constabulary,-2.778907,53.555447,On or near Inglewhite,E01025481,West Lancashire 010C,Violence and sexual offences,Status update unavailable,
538b5281ebbf8e1c20abf290f6e6eb1f83a5456d7048d215bbad936b22987fcc,2019-02,Lancashire Constabulary,Lancashire Constabulary,-2.770945,53.555094,On or near Ferndale,E01025481,West Lancashire 010C,Violence and sexual offences,Status update unavailable,
,2019-02,Lancashire Constabulary,Lancashire Constabulary,-2.774307,53.549877,On or near Supermarket,E01025482,West Lancashire 010D,Anti-social behaviour,,
,2019-02,Lancashire Constabulary,Lancashire Constabulary,-2.765925,53.553805,On or near Harsnips,E01025482,West Lancashire 010D,Anti-social behaviour,,
,2019-02,Lancashire Constabulary,Lancashire Constabulary,-2.771783,53.549713,On or near Parking Area,E01025482,West Lancashire 010D,Anti-social behaviour,,
,2019-02,Lancashire Constabulary,Lancashire Constabulary,-2.774307,53.549877,On or near Supermarket,E01025482,West Lancashire 010D,Anti-social behaviour,,
,2019-02,Lancashire Constabulary,Lancashire Constabulary,-2.765925,53.553805,On or near Harsnips,E01025482,West Lancashire 010D,Anti-social behaviour,,
,2019-02,Lancashire Constabulary,Lancashire Constabulary,-2.774307,53.549877,On or near Supermarket,E01025482,West Lancashire 010D,Anti-social behaviour,,
,2019-02,Lancashire Constabulary,Lancashire Constabulary,-2.768865,53.551934,On or near Houghton'S Lane,E01025482,West Lancashire 010D,Anti-social behaviour,,
,2019-02,Lancashire Constabulary,Lancashire Constabulary,-2.768865,53.551934,On or near Houghton'S Lane,E01025482,West Lancashire 010D,Anti-social behaviour,,
,2019-02,Lancashire Constabulary,Lancashire Constabulary,-2.774307,53.549877,On or near Supermarket,E01025482,West Lancashire 010D,Anti-social behaviour,,
,2019-02,Lancashire Constabulary,Lancashire Constabulary,-2.763260,53.552464,On or near Flimby,E01025482,West Lancashire 010D,Anti-social behaviour,,
,2019-02,Lancashire Constabulary,Lancashire Constabulary,-2.771783,53.549713,On or near Parking Area,E01025482,West Lancashire 010D,Anti-social behaviour,,
,2019-02,Lancashire Constabulary,Lancashire Constabulary,-2.774307,53.549877,On or near Supermarket,E01025482,West Lancashire 010D,Anti-social behaviour,,
,2019-02,Lancashire Constabulary,Lancashire Constabulary,-2.774307,53.549877,On or near Supermarket,E01025482,West Lancashire 010D,Anti-social behaviour,,
,2019-02,Lancashire Constabulary,Lancashire Constabulary,-2.768865,53.551934,On or near Houghton'S Lane,E01025482,West Lancashire 010D,Anti-social behaviour,,
,2019-02,Lancashire Constabulary,Lancashire Constabulary,-2.774307,53.549877,On or near Supermarket,E01025482,West Lancashire 010D,Anti-social behaviour,,
,2019-02,Lancashire Constabulary,Lancashire Constabulary,-2.764780,53.553920,On or near Hartshead,E01025482,West Lancashire 010D,Anti-social behaviour,,
,2019-02,Lancashire Constabulary,Lancashire Constabulary,-2.765925,53.553805,On or near Harsnips,E01025482,West Lancashire 010D,Anti-social behaviour,,
,2019-02,Lancashire Constabulary,Lancashire Constabulary,-2.774633,53.550387,On or near Bus/Coach Station,E01025482,West Lancashire 010D,Anti-social behaviour,,
,2019-02,Lancashire Constabulary,Lancashire Constabulary,-2.774307,53.549877,On or near Supermarket,E01025482,West Lancashire 010D,Anti-social behaviour,,
0d54764041051325eaf27246e0bdb19eaf9fba555ed165fe05e71eed31ec9b42,2019-02,Lancashire Constabulary,Lancashire Constabulary,-2.768865,53.551934,On or near Houghton'S Lane,E01025482,West Lancashire 010D,Criminal damage and arson,Status update unavailable,
be44b51b2e2d171ae3ec6ee88934c998b532afe7a0b692b22b5076af1703f354,2019-02,Lancashire Constabulary,Lancashire Constabulary,-2.774307,53.549877,On or near Supermarket,E01025482,West Lancashire 010D,Other theft,Status update unavailable,
118ce051e7813b02082309d00fd09b4487bed93eb991b3c65490fb0fa3bbcc4f,2019-02,Lancashire Constabulary,Lancashire Constabulary,-2.774307,53.549877,On or near Supermarket,E01025482,West Lancashire 010D,Other theft,Status update unavailable,
9a9db44e57e32cfec70d211213cc1b584c3e7bd50f884aa840dbfceebddf3fca,2019-02,Lancashire Constabulary,Lancashire Constabulary,-2.773337,53.549685,On or near Shopping Area,E01025482,West Lancashire 010D,Public order,Status update unavailable,
116c851a6dfa5122d5915eaa4794bcc306482080cc1f34079aa837c442b20194,2019-02,Lancashire Constabulary,Lancashire Constabulary,-2.763642,53.554413,On or near Hawksclough,E01025482,West Lancashire 010D,Public order,Status update unavailable,
95d864d0ef6bcc11fd0b5f4494ba28369bdcb70972d969d9b4b7862672a8e07e,2019-02,Lancashire Constabulary,Lancashire Constabulary,-2.774307,53.549877,On or near Supermarket,E01025482,West Lancashire 010D,Public order,Status update unavailable,
4c500c24392cbe68b5a49cdfa35bc062b6d48c329c0ed86bb55a3895556dfd8d,2019-02,Lancashire Constabulary,Lancashire Constabulary,-2.765925,53.553805,On or near Harsnips,E01025482,West Lancashire 010D,Public order,Further investigation is not in the public interest,
161ad5825e596fe03a607ba2a811fafbdbc5dde2b89c12215378c03d3a87cbc3,2019-02,Lancashire Constabulary,Lancashire Constabulary,-2.768865,53.551934,On or near Houghton'S Lane,E01025482,West Lancashire 010D,Robbery,Status update unavailable,
5f068a12d44db1aee58e04655557266428a074b3c4488a503b88b3b7f8a064d6,2019-02,Lancashire Constabulary,Lancashire Constabulary,-2.774307,53.549877,On or near Supermarket,E01025482,West Lancashire 010D,Shoplifting,Offender given a caution,
b1125a9db9007c47c1fc5c2ead2c697d81b7332230f253c5514fe5a3bceb4658,2019-02,Lancashire Constabulary,Lancashire Constabulary,-2.773337,53.549685,On or near Shopping Area,E01025482,West Lancashire 010D,Shoplifting,Offender given penalty notice,
622e649b0dbdbfd131227e29fe2ae3849c7c3ec2050d73dea38883c78963216e,2019-02,Lancashire Constabulary,Lancashire Constabulary,-2.774307,53.549877,On or near Supermarket,E01025482,West Lancashire 010D,Shoplifting,Local resolution,
813f5715527dc602064d604f3f959a33d5ec67d87a834def0a251ce46673b29a,2019-02,Lancashire Constabulary,Lancashire Constabulary,-2.765925,53.553805,On or near Harsnips,E01025482,West Lancashire 010D,Violence and sexual offences,Further investigation is not in the public interest,
b5cfae0339446b978b370f1e5c35af217d138a317668fdf16cdd74bf5c7ec9d2,2019-02,Lancashire Constabulary,Lancashire Constabulary,-2.773337,53.549685,On or near Shopping Area,E01025482,West Lancashire 010D,Violence and sexual offences,Unable to prosecute suspect,
91542a4fb310a23abfc6286e96b7f105c78b812f42febf70ef42e309a892139c,2019-02,Lancashire Constabulary,Lancashire Constabulary,-2.763260,53.552464,On or near Flimby,E01025482,West Lancashire 010D,Violence and sexual offences,Status update unavailable,
2e25f4cbc9dd8e8f03f2624466e483ab28ac0bdb4940020a22abb007c6418f86,2019-02,Lancashire Constabulary,Lancashire Constabulary,-2.768865,53.551934,On or near Houghton'S Lane,E01025482,West Lancashire 010D,Violence and sexual offences,Unable to prosecute suspect,
7bbf94371d084152a268dad3a5d68d8e836dde1c2e9d3fe7ff4a03940c193add,2019-02,Lancashire Constabulary,Lancashire Constabulary,-2.763260,53.552464,On or near Flimby,E01025482,West Lancashire 010D,Violence and sexual offences,Unable to prosecute suspect,
360b02bacd2234541934fa88449582d87ad237c5058724b5fa8110b1a2c45f7c,2019-02,Lancashire Constabulary,Lancashire Constabulary,-2.764780,53.553920,On or near Hartshead,E01025482,West Lancashire 010D,Violence and sexual offences,Unable to prosecute suspect,
6cf6d35e231454f939c0498c23b511b60b2fe9712b89a7c6eb6dde36b810e684,2019-02,Lancashire Constabulary,Lancashire Constabulary,-2.773337,53.549685,On or near Shopping Area,E01025482,West Lancashire 010D,Violence and sexual offences,Status update unavailable,
73f26707f833d0d382a959cc7f64a40d38d47d5b5525719268bec7bf1d255b8b,2019-02,Lancashire Constabulary,Lancashire Constabulary,-2.764780,53.553920,On or near Hartshead,E01025482,West Lancashire 010D,Violence and sexual offences,Status update unavailable,
d60df29fb454a4dd4e974649c61c1ed1550f0a0b1f1e3940169dd057a63be832,2019-02,Lancashire Constabulary,Lancashire Constabulary,-2.774307,53.549877,On or near Supermarket,E01025482,West Lancashire 010D,Violence and sexual offences,Status update unavailable,
8cef7f86c76e9ded048f42ff0eadf26b96cf65f589b73f362ba36f78bc0cc158,2019-02,Lancashire Constabulary,Lancashire Constabulary,-2.764780,53.553920,On or near Hartshead,E01025482,West Lancashire 010D,Violence and sexual offences,Further investigation is not in the public interest,
35f1122d05558ffe1591ae89bccbf4b116f0c1dd6dfe991a6cf4626c16a1cc00,2019-02,Lancashire Constabulary,Lancashire Constabulary,-2.774307,53.549877,On or near Supermarket,E01025482,West Lancashire 010D,Violence and sexual offences,Status update unavailable,
39a0ae81c6958b56784bfd7fb18a7bfdd35641967e90d451a10a5d8d924eb618,2019-02,Lancashire Constabulary,Lancashire Constabulary,-2.763642,53.554413,On or near Hawksclough,E01025482,West Lancashire 010D,Violence and sexual offences,Unable to prosecute suspect,
11f013f386f6555b51b8fae21f7654eecfebe48b544ecb74b8d3a2fd59bd3443,2019-02,Lancashire Constabulary,Lancashire Constabulary,-2.761937,53.552770,On or near Flordon,E01025482,West Lancashire 010D,Violence and sexual offences,Status update unavailable,
c8f75a8de4c031717e6facda6d118c6e08674d7be64816f9d5fc09308995b371,2019-02,Lancashire Constabulary,Lancashire Constabulary,-2.768865,53.551934,On or near Houghton'S Lane,E01025482,West Lancashire 010D,Violence and sexual offences,Unable to prosecute suspect,
,2019-02,Lancashire Constabulary,Lancashire Constabulary,-2.793221,53.552422,On or near Poplar Drive,E01025520,West Lancashire 010E,Anti-social behaviour,,
,2019-02,Lancashire Constabulary,Lancashire Constabulary,-2.788259,53.551826,On or near Tanfields,E01025520,West Lancashire 010E,Anti-social behaviour,,
a15586fb566dc697c8c30709d590fc3192e9b6d327086920ffee87731712dad3,2019-02,Lancashire Constabulary,Lancashire Constabulary,-2.788259,53.551826,On or near Tanfields,E01025520,West Lancashire 010E,Bicycle theft,Status update unavailable,
244822f2d27fe32341d8cb78944fcf67e0dfb4ff5bd2917f23bc665052088f3c,2019-02,Lancashire Constabulary,Lancashire Constabulary,-2.788259,53.551826,On or near Tanfields,E01025520,West Lancashire 010E,Violence and sexual offences,Action to be taken by another organisation,
4fe0838faab92e36adc2b55111659d3a2366d15fc31c23486489e80e009ae520,2019-02,Lancashire Constabulary,Lancashire Constabulary,-2.788259,53.551826,On or near Tanfields,E01025520,West Lancashire 010E,Violence and sexual offences,Status update unavailable,
0cc002a388d5069fba837211bb33f4c8b6cf0dd1a747daf4841849601b88c45f,2019-02,Lancashire Constabulary,Lancashire Constabulary,-2.790353,53.551596,On or near Tarlswood,E01025520,West Lancashire 010E,Violence and sexual offences,Unable to prosecute suspect,
,2019-02,Lancashire Constabulary,Lancashire Constabulary,-2.785446,53.549067,On or near Glenburn Road,E01025521,West Lancashire 010F,Anti-social behaviour,,
,2019-02,Lancashire Constabulary,Lancashire Constabulary,-2.791343,53.548048,On or near High Street,E01025521,West Lancashire 010F,Anti-social behaviour,,
,2019-02,Lancashire Constabulary,Lancashire Constabulary,-2.783158,53.550259,On or near Yewdale,E01025521,West Lancashire 010F,Anti-social behaviour,,
,2019-02,Lancashire Constabulary,Lancashire Constabulary,-2.791802,53.550796,On or near The Tamneys,E01025521,West Lancashire 010F,Anti-social behaviour,,
,2019-02,Lancashire Constabulary,Lancashire Constabulary,-2.783158,53.550259,On or near Yewdale,E01025521,West Lancashire 010F,Anti-social behaviour,,
,2019-02,Lancashire Constabulary,Lancashire Constabulary,-2.783158,53.550259,On or near Yewdale,E01025521,West Lancashire 010F,Anti-social behaviour,,
,2019-02,Lancashire Constabulary,Lancashire Constabulary,-2.791343,53.548048,On or near High Street,E01025521,West Lancashire 010F,Anti-social behaviour,,
a2838c1f8797c28f1e8ae892c8ab3b4d3bdc3cc773893181bcaf9555d427683c,2019-02,Lancashire Constabulary,Lancashire Constabulary,-2.776885,53.547244,On or near Further/Higher Educational Building,E01025521,West Lancashire 010F,Burglary,Status update unavailable,
eca4a45ee9f51026a8b13aa73d82c33e01ef0e2cbfd120fa82dd54853e6f7503,2019-02,Lancashire Constabulary,Lancashire Constabulary,-2.782988,53.545964,On or near Petrol Station,E01025521,West Lancashire 010F,Burglary,Status update unavailable,
3db185cfd63a7936e95dc1dd45227db26471d3071fa874cbc115f275d76a20af,2019-02,Lancashire Constabulary,Lancashire Constabulary,-2.789647,53.544491,On or near Greenhey Place,E01025521,West Lancashire 010F,Burglary,Status update unavailable,
f113f9727e28fac3532a46eac8f77a6c70013a71a5eaf7dd9e73584e24801f1f,2019-02,Lancashire Constabulary,Lancashire Constabulary,-2.780750,53.544864,On or near Glebe Road,E01025521,West Lancashire 010F,Criminal damage and arson,Status update unavailable,
093827816e1d571e8c2fa444c4b3885004868ea3c0e76a34c6747899c90b9114,2019-02,Lancashire Constabulary,Lancashire Constabulary,-2.776885,53.547244,On or near Further/Higher Educational Building,E01025521,West Lancashire 010F,Criminal damage and arson,Status update unavailable,
0ab571120bcee04e8ce333e99bd55872c97234809a30255943e421e4342e872b,2019-02,Lancashire Constabulary,Lancashire Constabulary,-2.782988,53.545964,On or near Petrol Station,E01025521,West Lancashire 010F,Other theft,Status update unavailable,
c46928c8971f0a41d898a23b306becf1115ed4108da2bf16a1398c5832c8f822,2019-02,Lancashire Constabulary,Lancashire Constabulary,-2.782988,53.545964,On or near Petrol Station,E01025521,West Lancashire 010F,Other theft,Status update unavailable,
d186a8615eb53c65da70cee557ff17b0dd65417c9a36f96ce99809826c37fb6d,2019-02,Lancashire Constabulary,Lancashire Constabulary,-2.782988,53.545964,On or near Petrol Station,E01025521,West Lancashire 010F,Other theft,Status update unavailable,
0286a2f6f89e0f4b75819d75e63ee620fda4ff76300ce76483f87ef63e739ec0,2019-02,Lancashire Constabulary,Lancashire Constabulary,-2.782988,53.545964,On or near Petrol Station,E01025521,West Lancashire 010F,Other theft,Status update unavailable,
d090ebe74f53e55cff0938449fdde94ec98a2db0e29e071eafa45c4b606ed772,2019-02,Lancashire Constabulary,Lancashire Constabulary,-2.781916,53.544281,On or near Greetby Place,E01025521,West Lancashire 010F,Possession of weapons,Status update unavailable,
47467517ae8bcfe7b337e6d91aeaf1e8429912010e4e528eca519dabba4064a1,2019-02,Lancashire Constabulary,Lancashire Constabulary,-2.787029,53.549003,On or near Windrows,E01025521,West Lancashire 010F,Vehicle crime,Status update unavailable,
b732ac1ee66e6fcbda1a584d4f2438e26875ed8ac1e71554a9e4ba6d3b3dec59,2019-02,Lancashire Constabulary,Lancashire Constabulary,-2.783158,53.550259,On or near Yewdale,E01025521,West Lancashire 010F,Violence and sexual offences,Unable to prosecute suspect,
e2f2929a0b274b357a60591195b76748ea43b6348cc3c6904f7b1ac562d3aa28,2019-02,Lancashire Constabulary,Lancashire Constabulary,-2.787029,53.549003,On or near Windrows,E01025521,West Lancashire 010F,Violence and sexual offences,Status update unavailable,
028413811b5e92a4b7950a777a539d116e5e755ecc3f37c2650e1e9f4a65ea96,2019-02,Lancashire Constabulary,Lancashire Constabulary,-2.790909,53.549858,On or near The Winsters,E01025521,West Lancashire 010F,Violence and sexual offences,Status update unavailable,
7ff15cefdcea473d06e68c884720920f3c47ab5aadca489fa6282245e4534e99,2019-02,Lancashire Constabulary,Lancashire Constabulary,-2.791802,53.550796,On or near The Tamneys,E01025521,West Lancashire 010F,Violence and sexual offences,Status update unavailable,
6ca136c82c16de724ce9c8a286cfb8fadf73bf2782d5be31c34c482a60a1e573,2019-02,Lancashire Constabulary,Lancashire Constabulary,-2.789071,53.549214,On or near Willow Hey,E01025521,West Lancashire 010F,Violence and sexual offences,Unable to prosecute suspect,
c9d16acb72623f2667d84fdf99e513b29fd7874134096d4e538da9351e40d141,2019-02,Lancashire Constabulary,Lancashire Constabulary,-2.783158,53.550259,On or near Yewdale,E01025521,West Lancashire 010F,Violence and sexual offences,Unable to prosecute suspect,
d7e9f5b4f2bf28073457fd5a0f9d8c55dc503b0ee4db77b240fd7d9e54a1bdc6,2019-02,Lancashire Constabulary,Lancashire Constabulary,-2.783158,53.550259,On or near Yewdale,E01025521,West Lancashire 010F,Violence and sexual offences,Unable to prosecute suspect,
,2019-02,Lancashire Constabulary,Lancashire Constabulary,-2.797751,53.548509,On or near Fern Close,E01025523,West Lancashire 011A,Anti-social behaviour,,
,2019-02,Lancashire Constabulary,Lancashire Constabulary,-2.807492,53.544884,On or near Sports/Recreation Area,E01025523,West Lancashire 011A,Anti-social behaviour,,
,2019-02,Lancashire Constabulary,Lancashire Constabulary,-2.797751,53.548509,On or near Fern Close,E01025523,West Lancashire 011A,Anti-social behaviour,,
,2019-02,Lancashire Constabulary,Lancashire Constabulary,-2.800440,53.547026,On or near Jubilee Drive,E01025523,West Lancashire 011A,Anti-social behaviour,,
b987e9685c060113a46291190473e1a7afab979c78fdb07e67b20539b6b0a24c,2019-02,Lancashire Constabulary,Lancashire Constabulary,-2.806259,53.546699,On or near Liverpool Road,E01025523,West Lancashire 011A,Burglary,Status update unavailable,
dad88365bf21b42e2f355c4b9d44693c5aa3867a8231884030616b94d128b846,2019-02,Lancashire Constabulary,Lancashire Constabulary,-2.806259,53.546699,On or near Liverpool Road,E01025523,West Lancashire 011A,Burglary,Status update unavailable,
1a0e6617f15a9dd7e5ac0da1d60d6ad7d42e9245a25f9c6645c2a4be5f214915,2019-02,Lancashire Constabulary,Lancashire Constabulary,-2.796885,53.547409,On or near Whitestock,E01025523,West Lancashire 011A,Burglary,Status update unavailable,
93174790e045a65d78e6cd17b6e50156557629cf0c729ae6eb82583e6552d026,2019-02,Lancashire Constabulary,Lancashire Constabulary,-2.780967,53.533708,On or near Holland Moss,E01025523,West Lancashire 011A,Burglary,Status update unavailable,
8138ac0372c8875ffe9861a91db754c97b92f58539952cf5b7c624d585a5b413,2019-02,Lancashire Constabulary,Lancashire Constabulary,-2.780967,53.533708,On or near Holland Moss,E01025523,West Lancashire 011A,Burglary,Status update unavailable,
02afa85a63e778600c49b03d965b88e3add2c863b78d80be20e200c90c5e34e1,2019-02,Lancashire Constabulary,Lancashire Constabulary,-2.796885,53.547409,On or near Whitestock,E01025523,West Lancashire 011A,Burglary,Status update unavailable,
39dfb04d9ee928423090ea766f6f277a9d6b17a01f9ef4023a20df8e9f1f6705,2019-02,Lancashire Constabulary,Lancashire Constabulary,-2.798612,53.547766,On or near Ann Street,E01025523,West Lancashire 011A,Other theft,Status update unavailable,
f0290ffa26a024ec1db67eb0283ef1bcfd9a33489e8402c476999fcf3613e951,2019-02,Lancashire Constabulary,Lancashire Constabulary,-2.800275,53.545499,On or near Railway Road,E01025523,West Lancashire 011A,Public order,Status update unavailable,
1e1655e5ff62345bfa97d5b649c1c2f7819a3883f58c7eab3903e84cd3ca66aa,2019-02,Lancashire Constabulary,Lancashire Constabulary,-2.807492,53.544884,On or near Sports/Recreation Area,E01025523,West Lancashire 011A,Violence and sexual offences,Status update unavailable,
,2019-02,Lancashire Constabulary,Lancashire Constabulary,-2.801730,53.548213,On or near Waverley,E01025524,West Lancashire 011B,Anti-social behaviour,,
,2019-02,Lancashire Constabulary,Lancashire Constabulary,-2.801730,53.548213,On or near Waverley,E01025524,West Lancashire 011B,Anti-social behaviour,,
,2019-02,Lancashire Constabulary,Lancashire Constabulary,-2.801730,53.548213,On or near Waverley,E01025524,West Lancashire 011B,Anti-social behaviour,,
,2019-02,Lancashire Constabulary,Lancashire Constabulary,-2.801730,53.548213,On or near Waverley,E01025524,West Lancashire 011B,Anti-social behaviour,,
bf7d2dbe380a4086a014f72b5926ae4feb5165ed5c0d44d3da941bb633872ae0,2019-02,Lancashire Constabulary,Lancashire Constabulary,-2.801730,53.548213,On or near Waverley,E01025524,West Lancashire 011B,Burglary,Status update unavailable,
cd190319016fc1b2b04b368ab4048cd0e8b2aafe14d21ad467a32d7bdd25c64d,2019-02,Lancashire Constabulary,Lancashire Constabulary,-2.792581,53.547276,On or near Woodcroft,E01025524,West Lancashire 011B,Burglary,Status update unavailable,
7dfb3c08ea17965ea09dbc5c8a07a9af3715751af1fae139216366a2a6c2a0af,2019-02,Lancashire Constabulary,Lancashire Constabulary,-2.800363,53.550954,On or near Cambridge Road,E01025524,West Lancashire 011B,Public order,Status update unavailable,
,2019-02,Lancashire Constabulary,Lancashire Constabulary,-2.800938,53.552658,On or near Tongbarn,E01025525,West Lancashire 011C,Anti-social behaviour,,
,2019-02,Lancashire Constabulary,Lancashire Constabulary,-2.799037,53.552662,On or near Tilcroft,E01025525,West Lancashire 011C,Anti-social behaviour,,
00bf129efba35204022f9d6d6bbae3af61c6b1d6febf134b1b8562cc95209d0f,2019-02,Lancashire Constabulary,Lancashire Constabulary,-2.792611,53.549676,On or near Wilcove,E01025525,West Lancashire 011C,Other theft,Status update unavailable,
,2019-02,Lancashire Constabulary,Lancashire Constabulary,-2.805637,53.551315,On or near Marchbank Road,E01025526,West Lancashire 011D,Anti-social behaviour,,
,2019-02,Lancashire Constabulary,Lancashire Constabulary,-2.805637,53.551315,On or near Marchbank Road,E01025526,West Lancashire 011D,Anti-social behaviour,,
393e629b7e54f2ce52c02ad16bca138b4d215badc2b4972e150642873a9cd866,2019-02,Lancashire Constabulary,Lancashire Constabulary,-2.808822,53.550529,On or near Petrol Station,E01025526,West Lancashire 011D,Public order,Unable to prosecute suspect,
42d24f38cd0b260cca9740d68bc88a413a827a7da828127cedf50f5f799a6d40,2019-02,Lancashire Constabulary,Lancashire Constabulary,-2.805176,53.547677,On or near West Park Close,E01025526,West Lancashire 011D,Violence and sexual offences,Unable to prosecute suspect,
,2019-02,Lancashire Constabulary,Lancashire Constabulary,-2.896699,53.543466,On or near The Serpentine,E01025472,West Lancashire 012A,Anti-social behaviour,,
b49870c9c80310b9c3edb6185b7604926aff6a8a7bd223106e002d3b7f27bb42,2019-02,Lancashire Constabulary,Lancashire Constabulary,-2.919778,53.531893,On or near Brookfield Lane,E01025472,West Lancashire 012A,Burglary,Status update unavailable,
0dcf89e729bbabdb730f99f35016f6defa1e8f6c62f9a5883813cf9e2c8ac485,2019-02,Lancashire Constabulary,Lancashire Constabulary,-2.896699,53.543466,On or near The Serpentine,E01025472,West Lancashire 012A,Public order,Status update unavailable,
,2019-02,Lancashire Constabulary,Lancashire Constabulary,-2.917376,53.549862,On or near Turnpike Road,E01025473,West Lancashire 012B,Anti-social behaviour,,
,2019-02,Lancashire Constabulary,Lancashire Constabulary,-2.934855,53.538958,On or near Sudell Lane,E01025473,West Lancashire 012B,Anti-social behaviour,,
5889510f40b75a3439e2d65867bb3138aef33bb6e8f19187e45c540cf79eae97,2019-02,Lancashire Constabulary,Lancashire Constabulary,-2.918711,53.539012,On or near Holt Coppice,E01025473,West Lancashire 012B,Burglary,Status update unavailable,
36ccd996b531acc7c30728414d4289a3a5ec6347aaf92d1154bddf8e65d815e0,2019-02,Lancashire Constabulary,Lancashire Constabulary,-2.915827,53.538944,On or near The Rowans,E01025473,West Lancashire 012B,Burglary,Status update unavailable,
a24f9452ef8188f5269ed5e3cd8026ccf6be8d68365902068ecfd9961a14299c,2019-02,Lancashire Constabulary,Lancashire Constabulary,-2.915836,53.537254,On or near Beech Road,E01025473,West Lancashire 012B,Burglary,Status update unavailable,
34a5d2dc614b536067c2c5b28c11fee5b2482b506b702d1614502ea6cda8c7c4,2019-02,Lancashire Constabulary,Lancashire Constabulary,-2.903105,53.542402,On or near Molyneux Road,E01025473,West Lancashire 012B,Burglary,Status update unavailable,
15ddeee25b78f7e6e63d6f95360eeb750cec7038cc53db9c0278b0bea6688c87,2019-02,Lancashire Constabulary,Lancashire Constabulary,-2.921484,53.537489,On or near Smithy Lane,E01025473,West Lancashire 012B,Violence and sexual offences,Status update unavailable,
5d773b2f2c3f8c4bf789cdd4561a623521d6baf75f100bed5f0bd083576b86bf,2019-02,Lancashire Constabulary,Lancashire Constabulary,-2.909064,53.543040,On or near Sports/Recreation Area,E01025475,West Lancashire 012C,Burglary,Awaiting court outcome,
d4fd7aeb2640c108e3d9d217a1e4b49e717ff81b3e8a75ae75b53c270e1391fa,2019-02,Lancashire Constabulary,Lancashire Constabulary,-2.909217,53.550877,On or near Cherry Tree Lane,E01025475,West Lancashire 012C,Violence and sexual offences,Unable to prosecute suspect,
,2019-02,Lancashire Constabulary,Lancashire Constabulary,-2.887664,53.551624,On or near Scarth Hill Lane,E01025476,West Lancashire 012D,Anti-social behaviour,,
63995799e3a8bc391b1727d52448344572d514331b39a854494717cf8c993a13,2019-02,Lancashire Constabulary,Lancashire Constabulary,-2.904947,53.558739,On or near Holborn Hill,E01025476,West Lancashire 012D,Criminal damage and arson,Status update unavailable,
f7fcb6baf8cbe458b3d72037ad01952027bc1c093536c38341ed057860280bdd,2019-02,Lancashire Constabulary,Lancashire Constabulary,-2.904947,53.558739,On or near Holborn Hill,E01025476,West Lancashire 012D,Criminal damage and arson,Status update unavailable,
cd9bf1bc5afaaf8a4dda1fd338652ff65c3842f4a8d525a86e5a7ad6b4bdcec8,2019-02,Lancashire Constabulary,Lancashire Constabulary,-2.887664,53.551624,On or near Scarth Hill Lane,E01025476,West Lancashire 012D,Criminal damage and arson,Status update unavailable,
f9913d89fb79c9df7ed6a0edbe0c86099c760f659e5d215908a140ac546e269e,2019-02,Lancashire Constabulary,Lancashire Constabulary,-2.904947,53.558739,On or near Holborn Hill,E01025476,West Lancashire 012D,Criminal damage and arson,Status update unavailable,
b05d5db1d1a07ec802117251865a6f5aa831b852491816f4df4bc2b8fbba2163,2019-02,Lancashire Constabulary,Lancashire Constabulary,-2.904947,53.558739,On or near Holborn Hill,E01025476,West Lancashire 012D,Criminal damage and arson,Status update unavailable,
62bdecf43239841d5bca2d6d98f59c14d45c220421e3ecb23f0e89d1ea2806a3,2019-02,Lancashire Constabulary,Lancashire Constabulary,-2.904947,53.558739,On or near Holborn Hill,E01025476,West Lancashire 012D,Criminal damage and arson,Status update unavailable,
,2019-02,Lancashire Constabulary,Lancashire Constabulary,-2.909894,53.553605,On or near Pine Crest,E01025477,West Lancashire 012E,Anti-social behaviour,,
,2019-02,Lancashire Constabulary,Lancashire Constabulary,-2.908205,53.554355,On or near Rothwell Drive,E01025477,West Lancashire 012E,Anti-social behaviour,,
,2019-02,Lancashire Constabulary,Lancashire Constabulary,-2.909894,53.553605,On or near Pine Crest,E01025477,West Lancashire 012E,Anti-social behaviour,,
c3fd98f2c9d3c132e0c740d63840f7efca824a0def997232532713cb1ee83ecf,2019-02,Lancashire Constabulary,Lancashire Constabulary,-2.933830,53.565744,On or near Shepherd'S Lane,E01025477,West Lancashire 012E,Burglary,Status update unavailable,
39477a173c0507b636d0cd70968e5a2ff0f003e6733122148527099b32435aae,2019-02,Lancashire Constabulary,Lancashire Constabulary,-2.904340,53.555768,On or near Victoria Road,E01025477,West Lancashire 012E,Burglary,Status update unavailable,
144f686c8157b534102a440d3183e5425b75a2111f72f870d0761dc1bbbae05a,2019-02,Lancashire Constabulary,Lancashire Constabulary,-2.906271,53.557084,On or near The Acorns,E01025477,West Lancashire 012E,Vehicle crime,Status update unavailable,
da617678b9e8f056a2cc4f623bd74e2e98721cecd261ed30590f7dac76cf09a8,2019-02,Lancashire Constabulary,Lancashire Constabulary,-2.909894,53.553605,On or near Pine Crest,E01025477,West Lancashire 012E,Violence and sexual offences,Investigation complete; no suspect identified,
e3faf712ff8668fd97aed641bf4c24636cb745f88f6896eb9f31b01efa9a3747,2019-02,Lancashire Constabulary,Lancashire Constabulary,-2.907977,53.555723,On or near Liverpool Road,E01025477,West Lancashire 012E,Violence and sexual offences,Unable to prosecute suspect,
561bfb032a4110c03cf85a257025bb55218a76c9a206c2c0010c9a7460a09dad,2019-02,Lancashire Constabulary,Lancashire Constabulary,-2.904481,53.553844,On or near Drake Close,E01025477,West Lancashire 012E,Violence and sexual offences,Unable to prosecute suspect,
286566c7454b006033fd4e2a95d5e2ce16aa64da7fe2e688d3fab615fd6cf7d6,2019-02,Lancashire Constabulary,Lancashire Constabulary,-2.904481,53.553844,On or near Drake Close,E01025477,West Lancashire 012E,Violence and sexual offences,Further investigation is not in the public interest,
,2019-02,Lancashire Constabulary,Lancashire Constabulary,-2.901309,53.553787,On or near Rosehill Drive,E01025478,West Lancashire 012F,Anti-social behaviour,,
,2019-02,Lancashire Constabulary,Lancashire Constabulary,-2.902567,53.546928,On or near Haven Brow,E01025478,West Lancashire 012F,Anti-social behaviour,,
,2019-02,Lancashire Constabulary,Lancashire Constabulary,-2.899812,53.552917,On or near Greenbank,E01025478,West Lancashire 012F,Anti-social behaviour,,
0c757652589a862064c2d2280100b7f049affd5cb77d280e388754bf5fc94484,2019-02,Lancashire Constabulary,Lancashire Constabulary,-2.901309,53.553787,On or near Rosehill Drive,E01025478,West Lancashire 012F,Burglary,Status update unavailable,
2aead595a3f481a0392873a860fd75e58f2475e2dd23e528af8e3ca7fe3dd2ae,2019-02,Lancashire Constabulary,Lancashire Constabulary,-2.898526,53.554239,On or near Greystokes,E01025478,West Lancashire 012F,Criminal damage and arson,Status update unavailable,
,2019-02,Lancashire Constabulary,Lancashire Constabulary,-2.769501,53.542061,On or near Daniels Lane,E01025492,West Lancashire 013A,Anti-social behaviour,,
,2019-02,Lancashire Constabulary,Lancashire Constabulary,-2.772318,53.542618,On or near Ambergate,E01025492,West Lancashire 013A,Anti-social behaviour,,
920f161cf0d14afaf7199b92f024c1eb20f3b13dafad33a0599ad5be81c10889,2019-02,Lancashire Constabulary,Lancashire Constabulary,-2.772960,53.543872,On or near Greenway Avenue,E01025492,West Lancashire 013A,Burglary,Status update unavailable,
b44ffe5ba2b80131d24e3a1dd5a53e53547927b9742c056d3628b246785643d3,2019-02,Lancashire Constabulary,Lancashire Constabulary,-2.769911,53.543029,On or near Top Acre Road,E01025492,West Lancashire 013A,Other theft,Unable to prosecute suspect,
fd8862adebdc02a2766d80eabb32b8d87dcb9463ed9672b460250f4facd2ac74,2019-02,Lancashire Constabulary,Lancashire Constabulary,-2.768651,53.546803,On or near Eskbank,E01025492,West Lancashire 013A,Violence and sexual offences,Unable to prosecute suspect,
,2019-02,Lancashire Constabulary,Lancashire Constabulary,-2.764588,53.547458,On or near Elswick,E01025527,West Lancashire 013B,Anti-social behaviour,,
,2019-02,Lancashire Constabulary,Lancashire Constabulary,-2.764218,53.545321,On or near Tawd Road,E01025527,West Lancashire 013B,Anti-social behaviour,,
,2019-02,Lancashire Constabulary,Lancashire Constabulary,-2.764218,53.545321,On or near Tawd Road,E01025527,West Lancashire 013B,Anti-social behaviour,,
,2019-02,Lancashire Constabulary,Lancashire Constabulary,-2.771812,53.547178,On or near Eskdale,E01025527,West Lancashire 013B,Anti-social behaviour,,
c8d808af5643928da11370d3ad265df0b63be87c0c9fdb931db4124451f81944,2019-02,Lancashire Constabulary,Lancashire Constabulary,-2.764218,53.545321,On or near Tawd Road,E01025527,West Lancashire 013B,Public order,Further investigation is not in the public interest,
d2a90b84ee747b4c5c09b3596adf01300fc8872baecdd711e2aa9739cfc60997,2019-02,Lancashire Constabulary,Lancashire Constabulary,-2.762974,53.547478,On or near Elmstead,E01025527,West Lancashire 013B,Vehicle crime,Status update unavailable,
d83af57dc0ce45d9828646172b37f866bf3096f2a07abdbce90f4c3c9590ccd7,2019-02,Lancashire Constabulary,Lancashire Constabulary,-2.764218,53.545321,On or near Tawd Road,E01025527,West Lancashire 013B,Violence and sexual offences,Offender given community sentence,
61674362ac80e6f563dcddc738e10e0f4902ed695626774876a94b7e89ebe1fb,2019-02,Lancashire Constabulary,Lancashire Constabulary,-2.769257,53.548570,On or near Fenney Court,E01025527,West Lancashire 013B,Violence and sexual offences,Unable to prosecute suspect,
af80ab1a3e39e5e2f764da3c13b1260ec34eec4d79c97547aa28b86fef1cadc9,2019-02,Lancashire Constabulary,Lancashire Constabulary,-2.764218,53.545321,On or near Tawd Road,E01025527,West Lancashire 013B,Violence and sexual offences,Offender given community sentence,
,2019-02,Lancashire Constabulary,Lancashire Constabulary,-2.757937,53.548552,On or near Enstone,E01025528,West Lancashire 013C,Anti-social behaviour,,
,2019-02,Lancashire Constabulary,Lancashire Constabulary,-2.757730,53.547089,On or near Ennerdale,E01025528,West Lancashire 013C,Anti-social behaviour,,
,2019-02,Lancashire Constabulary,Lancashire Constabulary,-2.757937,53.548552,On or near Enstone,E01025528,West Lancashire 013C,Anti-social behaviour,,
9aa2ded00f581a5140af26969e2b06a686aa1dea9238a256c19e464f719f7863,2019-02,Lancashire Constabulary,Lancashire Constabulary,-2.761346,53.547578,On or near Elmridge,E01025528,West Lancashire 013C,Bicycle theft,Status update unavailable,
1ef1d8aa3455e4a2bca83ebb396f24e53b800fa2e5659515fdd86d670e105d0c,2019-02,Lancashire Constabulary,Lancashire Constabulary,-2.757499,53.545157,On or near Egerton,E01025528,West Lancashire 013C,Burglary,Status update unavailable,
6e6448cb082749ac6a3dbee6988995241ad385a8b17f3928d78dbec8fdde3522,2019-02,Lancashire Constabulary,Lancashire Constabulary,-2.761346,53.547578,On or near Elmridge,E01025528,West Lancashire 013C,Other theft,Status update unavailable,
b59851f41c019e1e7c24ed2ffc9589a7aca404bebcc338a91430bc29e31c4040,2019-02,Lancashire Constabulary,Lancashire Constabulary,-2.761346,53.547578,On or near Elmridge,E01025528,West Lancashire 013C,Vehicle crime,Status update unavailable,
efe9ca4f41610609891660723fbc2c8078fce3879185cb016f88ca1147515a56,2019-02,Lancashire Constabulary,Lancashire Constabulary,-2.757730,53.547089,On or near Ennerdale,E01025528,West Lancashire 013C,Violence and sexual offences,Status update unavailable,
a7c6cd23487a47edbe7d1e152a8874a4855931a3d790ada9f2df12c2a99724eb,2019-02,Lancashire Constabulary,Lancashire Constabulary,-2.757499,53.545157,On or near Egerton,E01025528,West Lancashire 013C,Violence and sexual offences,Unable to prosecute suspect,
16a6a8017a72c1e4cb56d65c07d18c114c5af44f60c1ed9e96f8dff9d67fee9b,2019-02,Lancashire Constabulary,Lancashire Constabulary,-2.757499,53.545157,On or near Egerton,E01025528,West Lancashire 013C,Violence and sexual offences,Status update unavailable,
8f6a14d019a3bcf6bfbf4262d9c1b2054ee629c331eb53e062705f38eccafa2d,2019-02,Lancashire Constabulary,Lancashire Constabulary,-2.757730,53.547089,On or near Ennerdale,E01025528,West Lancashire 013C,Violence and sexual offences,Status update unavailable,
a33ba6a345173c39fec02d42ff24fd6edc94ad293deabe8e9a90b0b14ff0a102,2019-02,Lancashire Constabulary,Lancashire Constabulary,-2.757730,53.547089,On or near Ennerdale,E01025528,West Lancashire 013C,Violence and sexual offences,Formal action is not in the public interest,
a818497d9ffc0885de09c74e1bc8c8bfd74b0ca68d3a857dec11d1b9f01e5b27,2019-02,Lancashire Constabulary,Lancashire Constabulary,-2.757499,53.545157,On or near Egerton,E01025528,West Lancashire 013C,Violence and sexual offences,Unable to prosecute suspect,
122aea203fde74adfee9846cf8b1d11a61800ca202478b9920198025e4581b51,2019-02,Lancashire Constabulary,Lancashire Constabulary,-2.749905,53.544136,On or near Harrier Drive,E01025528,West Lancashire 013C,Violence and sexual offences,Status update unavailable,
1a68a11661b5f7895720e141576461b981ac4f16e87aaf8265e4f279bf256f07,2019-02,Lancashire Constabulary,Lancashire Constabulary,-2.757937,53.548552,On or near Enstone,E01025528,West Lancashire 013C,Violence and sexual offences,Status update unavailable,
ba82cb105c04dbb5abd6194e52b4e9b8db66be8374c9a07ce26bcf60a62aeb79,2019-02,Lancashire Constabulary,Lancashire Constabulary,-2.761346,53.547578,On or near Elmridge,E01025528,West Lancashire 013C,Violence and sexual offences,Unable to prosecute suspect,
,2019-02,Lancashire Constabulary,Lancashire Constabulary,-2.752379,53.548336,On or near Edenhurst,E01025529,West Lancashire 013D,Anti-social behaviour,,
,2019-02,Lancashire Constabulary,Lancashire Constabulary,-2.755028,53.553029,On or near Sports/Recreation Area,E01025529,West Lancashire 013D,Anti-social behaviour,,
,2019-02,Lancashire Constabulary,Lancashire Constabulary,-2.759029,53.551377,On or near Evington,E01025529,West Lancashire 013D,Anti-social behaviour,,
,2019-02,Lancashire Constabulary,Lancashire Constabulary,-2.758103,53.551949,On or near Elmers Wood Road,E01025529,West Lancashire 013D,Anti-social behaviour,,
,2019-02,Lancashire Constabulary,Lancashire Constabulary,-2.759029,53.551377,On or near Evington,E01025529,West Lancashire 013D,Anti-social behaviour,,
,2019-02,Lancashire Constabulary,Lancashire Constabulary,-2.759029,53.551377,On or near Evington,E01025529,West Lancashire 013D,Anti-social behaviour,,
7a62ab20fa775c6d118d15590ccf5584a1f0014e62fb87997cc1fe70da829348,2019-02,Lancashire Constabulary,Lancashire Constabulary,-2.743156,53.551728,On or near Parking Area,E01025529,West Lancashire 013D,Other theft,Status update unavailable,
b9cd5ff89a31a2ea84b12fcdb8d9d76ac24e5da99de6ec98172bbf394821461c,2019-02,Lancashire Constabulary,Lancashire Constabulary,-2.759029,53.551377,On or near Evington,E01025529,West Lancashire 013D,Public order,Status update unavailable,
619fd835a1514dd667d2c7903c2bbf175c0eb4ba4fb5353557721d65e67cc5c1,2019-02,Lancashire Constabulary,Lancashire Constabulary,-2.759029,53.551377,On or near Evington,E01025529,West Lancashire 013D,Violence and sexual offences,Status update unavailable,
5566aed25749fcaf74722263f1b381ab3b4e9a932a2da991cf6b13bcbb858a9b,2019-02,Lancashire Constabulary,Lancashire Constabulary,-2.759029,53.551377,On or near Evington,E01025529,West Lancashire 013D,Violence and sexual offences,Unable to prosecute suspect,
0fadb673122b1057ba26d8bd30587d755183c93209bbbdb4f330f7db22db0cb1,2019-02,Lancashire Constabulary,Lancashire Constabulary,-2.750980,53.546017,On or near Mercury Way,E01025529,West Lancashire 013D,Violence and sexual offences,Unable to prosecute suspect,
97d933d56c52689a6b4cd9b978049dceb3b685618cdf5ca1e431aa8f8b06a55b,2019-02,Lancashire Constabulary,Lancashire Constabulary,-2.756567,53.550422,On or near Eastleigh,E01025529,West Lancashire 013D,Violence and sexual offences,Further investigation is not in the public interest,
a64eba11f71e10fa1b144366f999d608f06b61300183cbc28e0a013579e159c8,2019-02,Lancashire Constabulary,Lancashire Constabulary,-2.758103,53.551949,On or near Elmers Wood Road,E01025529,West Lancashire 013D,Violence and sexual offences,Status update unavailable,
,2019-02,Lancashire Constabulary,Lancashire Constabulary,-2.763660,53.542853,On or near Blythewood,E01025493,West Lancashire 014A,Anti-social behaviour,,
,2019-02,Lancashire Constabulary,Lancashire Constabulary,-2.759830,53.541305,On or near Blakehall,E01025493,West Lancashire 014A,Anti-social behaviour,,
,2019-02,Lancashire Constabulary,Lancashire Constabulary,-2.765050,53.541280,On or near Banksbarn,E01025493,West Lancashire 014A,Anti-social behaviour,,
62aa744a6ad2c9f5368bb9b3e204d8df73fae17897c5e275a6af60218a5c2817,2019-02,Lancashire Constabulary,Lancashire Constabulary,-2.760762,53.539465,On or near Sports/Recreation Area,E01025493,West Lancashire 014A,Burglary,Status update unavailable,
5244d647f1ada1d29ad8beb0bd79739f1c7fd7e428ba17698d22b71508475c19,2019-02,Lancashire Constabulary,Lancashire Constabulary,-2.765034,53.539537,On or near Pedestrian Subway,E01025493,West Lancashire 014A,Public order,Status update unavailable,
4f8b455bbca5dcce9a49afaf5062cad453bbf34fa591fe8e7d5ec1e4b3189a0b,2019-02,Lancashire Constabulary,Lancashire Constabulary,-2.760762,53.539465,On or near Sports/Recreation Area,E01025493,West Lancashire 014A,Public order,Status update unavailable,
1321f7aa9f17b9aa59630d87e0f207cacbd012415d41734416c089ae011db6f8,2019-02,Lancashire Constabulary,Lancashire Constabulary,-2.760785,53.543231,On or near Fir Tree Close,E01025493,West Lancashire 014A,Public order,Status update unavailable,
e1973f953c9c2792b9167603444c27ea4f87c16348cc57a731938f2f0cbcee8c,2019-02,Lancashire Constabulary,Lancashire Constabulary,-2.765050,53.541280,On or near Banksbarn,E01025493,West Lancashire 014A,Public order,Unable to prosecute suspect,
23e92f8c5aed62588af7b652e62faa62f6a44321f5f010e1adcb9f7d3f5b6d47,2019-02,Lancashire Constabulary,Lancashire Constabulary,-2.763660,53.542853,On or near Blythewood,E01025493,West Lancashire 014A,Violence and sexual offences,Status update unavailable,
2a79cd6cb64b8938b6537b176dc365fd48267a2444d6943a4a79fe02f5102793,2019-02,Lancashire Constabulary,Lancashire Constabulary,-2.763660,53.542853,On or near Blythewood,E01025493,West Lancashire 014A,Violence and sexual offences,Status update unavailable,
8336a8a27a21d514abf71729dea4799299c28b2438a935c3707309a24deaa398,2019-02,Lancashire Constabulary,Lancashire Constabulary,-2.766893,53.542203,On or near Pedestrian Subway,E01025493,West Lancashire 014A,Violence and sexual offences,Status update unavailable,
ef8111b7dfacfac2b40b15df70c2de66d43a6f66e1138f1c43937bc234c23f5d,2019-02,Lancashire Constabulary,Lancashire Constabulary,-2.765034,53.539537,On or near Pedestrian Subway,E01025493,West Lancashire 014A,Violence and sexual offences,Unable to prosecute suspect,
7d7ef069106be1b217004794f7c0fd0377d28d2d8ec633c784d4896383e7e1d6,2019-02,Lancashire Constabulary,Lancashire Constabulary,-2.759830,53.541305,On or near Blakehall,E01025493,West Lancashire 014A,Violence and sexual offences,Status update unavailable,
de29eb27971807d41d90403ee58be57cc88c4d286b17a78b72885d4a693e31de,2019-02,Lancashire Constabulary,Lancashire Constabulary,-2.766043,53.542784,On or near Bankfield,E01025493,West Lancashire 014A,Violence and sexual offences,Status update unavailable,
de79862e87862d0b76051365ec6c6951d5fd9bc2a59cb57ae77165f2f588288c,2019-02,Lancashire Constabulary,Lancashire Constabulary,-2.760762,53.539465,On or near Sports/Recreation Area,E01025493,West Lancashire 014A,Violence and sexual offences,Status update unavailable,
7e95ff41eb6350a54b76447f57437ea26e7caa9ca2a45bf574f18adfcab3e677,2019-02,Lancashire Constabulary,Lancashire Constabulary,-2.760762,53.539465,On or near Sports/Recreation Area,E01025493,West Lancashire 014A,Violence and sexual offences,Unable to prosecute suspect,
5647ecf74123316fd648695641803f1656d90eb7c534cdcdb12184886a363497,2019-02,Lancashire Constabulary,Lancashire Constabulary,-2.765050,53.541280,On or near Banksbarn,E01025493,West Lancashire 014A,Violence and sexual offences,Status update unavailable,
362b495a6daa572d7ad82f65f2131cabf757ab6628bceb19b7ce85ee6560f6f3,2019-02,Lancashire Constabulary,Lancashire Constabulary,-2.764979,53.539016,On or near Digmoor Road,E01025493,West Lancashire 014A,Violence and sexual offences,Offender given a caution,
6fd22cc610b55975930e995dc2cf68adf9d9aec8dc0c2e95c5cc33de9970063d,2019-02,Lancashire Constabulary,Lancashire Constabulary,-2.758398,53.542275,On or near Lynwood Close,E01025493,West Lancashire 014A,Violence and sexual offences,Status update unavailable,
ebcd8bd8945cd318a59aa66c15f4b08f85325be6a5c20a0bed38bda071d32f88,2019-02,Lancashire Constabulary,Lancashire Constabulary,-2.766893,53.542203,On or near Pedestrian Subway,E01025493,West Lancashire 014A,Violence and sexual offences,Unable to prosecute suspect,
,2019-02,Lancashire Constabulary,Lancashire Constabulary,-2.768653,53.539378,On or near Abbeywood,E01025494,West Lancashire 014B,Anti-social behaviour,,
,2019-02,Lancashire Constabulary,Lancashire Constabulary,-2.769154,53.536256,On or near Pedestrian Subway,E01025494,West Lancashire 014B,Anti-social behaviour,,
,2019-02,Lancashire Constabulary,Lancashire Constabulary,-2.768653,53.539378,On or near Abbeywood,E01025494,West Lancashire 014B,Anti-social behaviour,,
,2019-02,Lancashire Constabulary,Lancashire Constabulary,-2.764737,53.537309,On or near Pedestrian Subway,E01025494,West Lancashire 014B,Anti-social behaviour,,
,2019-02,Lancashire Constabulary,Lancashire Constabulary,-2.769154,53.536256,On or near Pedestrian Subway,E01025494,West Lancashire 014B,Anti-social behaviour,,
,2019-02,Lancashire Constabulary,Lancashire Constabulary,-2.764737,53.537309,On or near Pedestrian Subway,E01025494,West Lancashire 014B,Anti-social behaviour,,
,2019-02,Lancashire Constabulary,Lancashire Constabulary,-2.768653,53.539378,On or near Abbeywood,E01025494,West Lancashire 014B,Anti-social behaviour,,
,2019-02,Lancashire Constabulary,Lancashire Constabulary,-2.769154,53.536256,On or near Pedestrian Subway,E01025494,West Lancashire 014B,Anti-social behaviour,,
26332f1f55eca9859e9dba8755e649f21590ffc7b179f3c9b28396ce3e1acd6c,2019-02,Lancashire Constabulary,Lancashire Constabulary,-2.764737,53.537309,On or near Pedestrian Subway,E01025494,West Lancashire 014B,Burglary,Status update unavailable,
b1c6b1b381a68f4d19bd8d8658e4b961e277c1f7f7d4062b3c8b044ebf41913e,2019-02,Lancashire Constabulary,Lancashire Constabulary,-2.766868,53.535821,On or near M58,E01025494,West Lancashire 014B,Burglary,Status update unavailable,
383d0fd87ab99cc4f7ab9b2c5a5461b0141e2a036ced0340db36ff6f620877c2,2019-02,Lancashire Constabulary,Lancashire Constabulary,-2.764737,53.537309,On or near Pedestrian Subway,E01025494,West Lancashire 014B,Criminal damage and arson,Status update unavailable,
6e2b35f226f5c6e8aef78ec2180a21487db9e16b4c82be9c0ccb237e759fbb31,2019-02,Lancashire Constabulary,Lancashire Constabulary,-2.769877,53.540323,On or near Pedestrian Subway,E01025494,West Lancashire 014B,Other theft,Status update unavailable,
da131b698a97eeca4ddd630295ceef0cd87936061decd5d8beec5910f05baa31,2019-02,Lancashire Constabulary,Lancashire Constabulary,-2.764737,53.537309,On or near Pedestrian Subway,E01025494,West Lancashire 014B,Public order,Status update unavailable,
e932eccda86b1c1d041fbe030a2d1db41dc2ed092b57e6321a2a2a1afa46f27c,2019-02,Lancashire Constabulary,Lancashire Constabulary,-2.764737,53.537309,On or near Pedestrian Subway,E01025494,West Lancashire 014B,Public order,Awaiting court outcome,
b49452d405251571b95d2aeb3b3e2b31bf760f4ef0c36bd8bb14254d5e617a17,2019-02,Lancashire Constabulary,Lancashire Constabulary,-2.768653,53.539378,On or near Abbeywood,E01025494,West Lancashire 014B,Vehicle crime,Status update unavailable,
795d22e2546c0dc42f766f8eda70bd235d2bf809bafc8cae5db4e089ba40d993,2019-02,Lancashire Constabulary,Lancashire Constabulary,-2.769877,53.540323,On or near Pedestrian Subway,E01025494,West Lancashire 014B,Vehicle crime,Status update unavailable,
1b0083c13cbd86aded4d48752deddd28c6ecb6db6b380e39847af40483d04682,2019-02,Lancashire Constabulary,Lancashire Constabulary,-2.764737,53.537309,On or near Pedestrian Subway,E01025494,West Lancashire 014B,Violence and sexual offences,Unable to prosecute suspect,
e2ead10a1fd313abb8d29dedc1d7e794772229b54b5e6a714fa44f62354d1f1d,2019-02,Lancashire Constabulary,Lancashire Constabulary,-2.764737,53.537309,On or near Pedestrian Subway,E01025494,West Lancashire 014B,Violence and sexual offences,Further investigation is not in the public interest,
715121949c6d1b3f78282f482361fdd78bb7e71ea03cbe201f4957fa3da315d2,2019-02,Lancashire Constabulary,Lancashire Constabulary,-2.768653,53.539378,On or near Abbeywood,E01025494,West Lancashire 014B,Violence and sexual offences,Unable to prosecute suspect,
a28b515538dbbd491a38d72977b86961fd5be9bb31311f1745b5bfdcc23a7265,2019-02,Lancashire Constabulary,Lancashire Constabulary,-2.768653,53.539378,On or near Abbeywood,E01025494,West Lancashire 014B,Violence and sexual offences,Status update unavailable,
,2019-02,Lancashire Constabulary,Lancashire Constabulary,-2.754655,53.533769,On or near M58,E01025503,West Lancashire 014C,Anti-social behaviour,,
,2019-02,Lancashire Constabulary,Lancashire Constabulary,-2.754655,53.533769,On or near M58,E01025503,West Lancashire 014C,Anti-social behaviour,,
,2019-02,Lancashire Constabulary,Lancashire Constabulary,-2.751485,53.537942,On or near Clay Brow Road,E01025503,West Lancashire 014C,Anti-social behaviour,,
50087af197e4900d08bd5d8432e1882fb70315a9a3eed39d9523bf05a58aabdb,2019-02,Lancashire Constabulary,Lancashire Constabulary,-2.751485,53.537942,On or near Clay Brow Road,E01025503,West Lancashire 014C,Public order,Status update unavailable,
760705e2cb511ea800960fe8ee978dac8353336b85e734a1dabcf5506e8b35df,2019-02,Lancashire Constabulary,Lancashire Constabulary,-2.751485,53.537942,On or near Clay Brow Road,E01025503,West Lancashire 014C,Violence and sexual offences,Status update unavailable,
,2019-02,Lancashire Constabulary,Lancashire Constabulary,-2.754835,53.537903,On or near Digmoor Road,E01025504,West Lancashire 014D,Anti-social behaviour,,
,2019-02,Lancashire Constabulary,Lancashire Constabulary,-2.754835,53.537903,On or near Digmoor Road,E01025504,West Lancashire 014D,Anti-social behaviour,,
,2019-02,Lancashire Constabulary,Lancashire Constabulary,-2.754835,53.537903,On or near Digmoor Road,E01025504,West Lancashire 014D,Anti-social behaviour,,
,2019-02,Lancashire Constabulary,Lancashire Constabulary,-2.754835,53.537903,On or near Digmoor Road,E01025504,West Lancashire 014D,Anti-social behaviour,,
9b44b81133455dd76609027c5377bda571c019d67b0b45b130859ac1f9d20f31,2019-02,Lancashire Constabulary,Lancashire Constabulary,-2.754835,53.537903,On or near Digmoor Road,E01025504,West Lancashire 014D,Burglary,Status update unavailable,
7aac8b2452948c0fb448556914ac9d4f23245c1e271683387309b2d7fdae817a,2019-02,Lancashire Constabulary,Lancashire Constabulary,-2.754835,53.537903,On or near Digmoor Road,E01025504,West Lancashire 014D,Burglary,Status update unavailable,
d9d65c1b62a0ee83dae3a447d4d2b361cce12b360686455bb6ba476fe3e58745,2019-02,Lancashire Constabulary,Lancashire Constabulary,-2.759171,53.540742,On or near Blakehall,E01025504,West Lancashire 014D,Violence and sexual offences,Unable to prosecute suspect,
,2019-02,Lancashire Constabulary,Lancashire Constabulary,-2.757685,53.538675,On or near Beavers Lane,E01025505,West Lancashire 014E,Anti-social behaviour,,
,2019-02,Lancashire Constabulary,Lancashire Constabulary,-2.757685,53.538675,On or near Beavers Lane,E01025505,West Lancashire 014E,Anti-social behaviour,,
,2019-02,Lancashire Constabulary,Lancashire Constabulary,-2.757850,53.540328,On or near Newlyn Drive,E01025505,West Lancashire 014E,Anti-social behaviour,,
,2019-02,Lancashire Constabulary,Lancashire Constabulary,-2.757685,53.538675,On or near Beavers Lane,E01025505,West Lancashire 014E,Anti-social behaviour,,
,2019-02,Lancashire Constabulary,Lancashire Constabulary,-2.757685,53.538675,On or near Beavers Lane,E01025505,West Lancashire 014E,Anti-social behaviour,,
,2019-02,Lancashire Constabulary,Lancashire Constabulary,-2.757685,53.538675,On or near Beavers Lane,E01025505,West Lancashire 014E,Anti-social behaviour,,
3a4a3146b96b4d4b4538b7773ef66605d861951460467231f6c5df7de7066b78,2019-02,Lancashire Constabulary,Lancashire Constabulary,-2.753824,53.539608,On or near Cherrycroft,E01025505,West Lancashire 014E,Burglary,Status update unavailable,
3b145aafcd67d9c3177f7c9282deaecd2be6b78393e580575e092734867503dc,2019-02,Lancashire Constabulary,Lancashire Constabulary,-2.756227,53.538981,On or near Moor Drive,E01025505,West Lancashire 014E,Other theft,Status update unavailable,
11f01b35b966b8554c8aacd94835c584be8d76dfeca2145ac3293fdbf1acbe42,2019-02,Lancashire Constabulary,Lancashire Constabulary,-2.757685,53.538675,On or near Beavers Lane,E01025505,West Lancashire 014E,Violence and sexual offences,Unable to prosecute suspect,
6d8822fc0162d0b8098157ad04b39504c9f35a6862945c64ec0183748978d4f4,2019-02,Lancashire Constabulary,Lancashire Constabulary,-2.757007,53.540415,On or near Nixons Lane,E01025505,West Lancashire 014E,Violence and sexual offences,Further investigation is not in the public interest,
f2f93772c88fb7ddded59a704fea7657c28f59903b696d0795a9fa3b2ba13fc1,2019-02,Lancashire Constabulary,Lancashire Constabulary,-2.757685,53.538675,On or near Beavers Lane,E01025505,West Lancashire 014E,Violence and sexual offences,Status update unavailable,
84f30ae403b11fdee45f25be54f6922a9753196284fd25e93f6a03ac5decb3ec,2019-02,Lancashire Constabulary,Lancashire Constabulary,-2.757685,53.538675,On or near Beavers Lane,E01025505,West Lancashire 014E,Violence and sexual offences,Status update unavailable,
14122769eccedcef7726a93a5310471af71a53d51ecdc8e29f0a7ed9245afd66,2019-02,Lancashire Constabulary,Lancashire Constabulary,-2.757685,53.538675,On or near Beavers Lane,E01025505,West Lancashire 014E,Violence and sexual offences,Further investigation is not in the public interest,
14962bdbb355c97bb9a36b140cda49ae69ec3bec2290d2ac19defb3b3bb08791,2019-02,Lancashire Constabulary,Lancashire Constabulary,-2.757685,53.538675,On or near Beavers Lane,E01025505,West Lancashire 014E,Violence and sexual offences,Unable to prosecute suspect,
33e2049dfe4ffec7d07e77c5f17c1921092f9d2e9f23169cea3ab90b84deab47,2019-02,Lancashire Constabulary,Lancashire Constabulary,-2.757685,53.538675,On or near Beavers Lane,E01025505,West Lancashire 014E,Violence and sexual offences,Investigation complete; no suspect identified,
51201f2aae94d4384261959c2e94213e25bd4a3251aab67cb41924b6e97e64fe,2019-02,Lancashire Constabulary,Lancashire Constabulary,-2.757685,53.538675,On or near Beavers Lane,E01025505,West Lancashire 014E,Violence and sexual offences,Unable to prosecute suspect,
,2019-02,Lancashire Constabulary,Lancashire Constabulary,-2.728847,53.539403,On or near Dexter Way,E01025534,West Lancashire 015A,Anti-social behaviour,,
dfbd255f6fe46fc735eab6255da818434667d859a04000a5a279687cbd4d18ba,2019-02,Lancashire Constabulary,Lancashire Constabulary,-2.723519,53.542833,On or near Parliament Street,E01025534,West Lancashire 015A,Burglary,Status update unavailable,
4230263a039d7ae5f34214c2e2073eaf806b6150f96bae955a5bef909b056286,2019-02,Lancashire Constabulary,Lancashire Constabulary,-2.723519,53.542833,On or near Parliament Street,E01025534,West Lancashire 015A,Burglary,Status update unavailable,
aac2bbb9163952129b5bf19e23425b3ac89a43bb76699f5dac1f16cc2f4462c7,2019-02,Lancashire Constabulary,Lancashire Constabulary,-2.732719,53.539937,On or near Heathland,E01025534,West Lancashire 015A,Violence and sexual offences,Further investigation is not in the public interest,
,2019-02,Lancashire Constabulary,Lancashire Constabulary,-2.765906,53.529320,On or near Paxton Place,E01025535,West Lancashire 015B,Anti-social behaviour,,
,2019-02,Lancashire Constabulary,Lancashire Constabulary,-2.744435,53.529114,On or near Priorswood Place,E01025535,West Lancashire 015B,Anti-social behaviour,,
,2019-02,Lancashire Constabulary,Lancashire Constabulary,-2.746323,53.539547,On or near Sports/Recreation Area,E01025535,West Lancashire 015B,Anti-social behaviour,,
,2019-02,Lancashire Constabulary,Lancashire Constabulary,-2.744435,53.529114,On or near Priorswood Place,E01025535,West Lancashire 015B,Anti-social behaviour,,
,2019-02,Lancashire Constabulary,Lancashire Constabulary,-2.753985,53.521495,On or near Manor House Drive,E01025535,West Lancashire 015B,Anti-social behaviour,,
453ef781f43b312084869866284b3222dcf5fa9164a3d2b121ca9405a7396ea0,2019-02,Lancashire Constabulary,Lancashire Constabulary,-2.754991,53.530603,On or near Peel Road,E01025535,West Lancashire 015B,Burglary,Status update unavailable,
4603ca2eda6aa15f54d24e5433839e13d6912109e44fc842cce47b16bbb4c9ab,2019-02,Lancashire Constabulary,Lancashire Constabulary,-2.744435,53.529114,On or near Priorswood Place,E01025535,West Lancashire 015B,Other theft,Status update unavailable,
06322641b41e684b726873a95f37531834aef7ecd296faa4486af5e016aec410,2019-02,Lancashire Constabulary,Lancashire Constabulary,-2.765906,53.529320,On or near Paxton Place,E01025535,West Lancashire 015B,Vehicle crime,Status update unavailable,
8158e5d3add292d34c831f4af4c967308aaa3796ed91c9ffabee5440c9e9ddb4,2019-02,Lancashire Constabulary,Lancashire Constabulary,-2.752731,53.533323,On or near Pedestrian Subway,E01025535,West Lancashire 015B,Violence and sexual offences,Further investigation is not in the public interest,
0a62570cc238f938f98a3aacfeb53cd50fe03c5942ee8a391aae1a6fc62e1975,2019-02,Lancashire Constabulary,Lancashire Constabulary,-2.744160,53.539228,On or near Danbers,E01025535,West Lancashire 015B,Violence and sexual offences,Unable to prosecute suspect,
17f9ae935a13bb5f2fc51a264d59e05a9f238aea7ddb84dde5bae3f375825aed,2019-02,Lancashire Constabulary,Lancashire Constabulary,-2.759007,53.525706,On or near Pendle Court,E01025535,West Lancashire 015B,Violence and sexual offences,Offender given a caution,
,2019-02,Lancashire Constabulary,Lancashire Constabulary,-2.735187,53.542133,On or near Millgreen Close,E01025536,West Lancashire 015C,Anti-social behaviour,,
,2019-02,Lancashire Constabulary,Lancashire Constabulary,-2.732558,53.541951,On or near Stanley Road,E01025536,West Lancashire 015C,Anti-social behaviour,,
,2019-02,Lancashire Constabulary,Lancashire Constabulary,-2.734225,53.543253,On or near Morris Road,E01025536,West Lancashire 015C,Anti-social behaviour,,
c8cdbb5e31f1d035af779caad3d4113c0ba26204dcceaac5d084f2d7215689be,2019-02,Lancashire Constabulary,Lancashire Constabulary,-2.729873,53.542048,On or near Supermarket,E01025536,West Lancashire 015C,Shoplifting,Status update unavailable,
,2019-02,Lancashire Constabulary,Lancashire Constabulary,-2.721900,53.539958,On or near St Thomas'S Court,E01025537,West Lancashire 015D,Anti-social behaviour,,
f14d0f865391236f8169a32ee067aa9128f4ba88f35adad929d5993bf17fc17d,2019-02,Lancashire Constabulary,Lancashire Constabulary,-2.721900,53.539958,On or near St Thomas'S Court,E01025537,West Lancashire 015D,Other theft,Status update unavailable,
6e725bd64e751926903d7156647cd424e7037df05aaa6b84c000a1b74742b707,2019-02,Lancashire Constabulary,Lancashire Constabulary,-2.723004,53.540095,On or near Alma Court,E01025537,West Lancashire 015D,Other theft,Unable to prosecute suspect,
0003cc8228036032f1878a836c424a4e3f99a81f9fc51fd4babc2befbd899cc9,2019-02,Lancashire Constabulary,Lancashire Constabulary,-2.721900,53.539958,On or near St Thomas'S Court,E01025537,West Lancashire 015D,Violence and sexual offences,Status update unavailable,
fa1b59a789759462e3a8537ad2f65bdc2dd5d9b8eff09a55b01729adbd68b3a3,2019-02,Lancashire Constabulary,Lancashire Constabulary,-2.726489,53.548864,On or near College Road,E01025540,West Lancashire 015E,Other theft,Status update unavailable,
eee5d3ca10947bba70b389993bd0bfad998b21f5e61a1fba99ff36ad168a2b2c,2019-02,Lancashire Constabulary,Lancashire Constabulary,-2.732836,53.551055,On or near Stoney Brow,E01025540,West Lancashire 015E,Violence and sexual offences,Status update unavailable,
536ae41f808455cbec705f95948526ef5e5fecf60fb714ba6d51e7b26d6339f4,2019-02,Lancashire Constabulary,Lancashire Constabulary,-2.685190,53.577512,On or near Park Avenue,E01006318,Wigan 003E,Violence and sexual offences,Status update unavailable,
f69524cc35f81d077225056d3177e22fd7d1edfc7f306059e37b7945b38f31c0,2019-02,Lancashire Constabulary,Lancashire Constabulary,-2.696366,53.589420,On or near Cripple Gate,E01006320,Wigan 003F,Other theft,Status update unavailable,
1d2fcac573cb7f99fc00469d6251a82bd5db6d20478b4043cbf99b6746bc919f,2019-02,Lancashire Constabulary,Lancashire Constabulary,-2.542826,53.522955,On or near Ranicar Steet,E01006279,Wigan 019B,Violence and sexual offences,Status update unavailable,
63b9dffddeb3007bec067b11274db56a0021ca850e0895cff571085cb554a22d,2019-02,Lancashire Constabulary,Lancashire Constabulary,-3.084637,53.371847,On or near Schoolfield Close,E01007249,Wirral 025A,Other crime,Unable to prosecute suspect,
,2019-02,Lancashire Constabulary,Lancashire Constabulary,-3.026314,53.917262,On or near Rowntree Avenue,E01025573,Wyre 001A,Anti-social behaviour,,
c05dfd6f4f512b1befb9ae01f8eea500676e23831d5aa13fd9fdd6e0f4610826,2019-02,Lancashire Constabulary,Lancashire Constabulary,-3.030144,53.914533,On or near Hatfield Avenue,E01025573,Wyre 001A,Drugs,Status update unavailable,
2ccf52211135cb9b491771839aefc4f57efc23f48a44d48b612507f5b0850068,2019-02,Lancashire Constabulary,Lancashire Constabulary,-3.032741,53.914268,On or near Hatfield Gardens,E01025573,Wyre 001A,Public order,Status update unavailable,
08d659fefa1b56e8b0acd6a2050fc5c8d9a92f04e02c35710284877db0638d9c,2019-02,Lancashire Constabulary,Lancashire Constabulary,-3.028644,53.918518,On or near Supermarket,E01025573,Wyre 001A,Shoplifting,Awaiting court outcome,
7b4ec87c64938addfbf4b253b7eae3bad5234e9ae6fbcb320f59928ae3f957bd,2019-02,Lancashire Constabulary,Lancashire Constabulary,-3.028973,53.915819,On or near Southwood Avenue,E01025573,Wyre 001A,Violence and sexual offences,Awaiting court outcome,
e704330c880de99fc1c5eb288ce72bb3729b40c7126274544ae073b24d6add4e,2019-02,Lancashire Constabulary,Lancashire Constabulary,-3.028780,53.914778,On or near Hatfield Avenue,E01025573,Wyre 001A,Violence and sexual offences,Status update unavailable,
589d9fc2b06ba3d68165e8c7ede9dd49ba9194d90ad4b6b53a51c8e79df94d4c,2019-02,Lancashire Constabulary,Lancashire Constabulary,-3.032741,53.914268,On or near Hatfield Gardens,E01025573,Wyre 001A,Violence and sexual offences,Status update unavailable,
234922bfad1390d0520ce546832e01e232dcb2d8a6f0d2159d39246497f62caf,2019-02,Lancashire Constabulary,Lancashire Constabulary,-3.032741,53.914268,On or near Hatfield Gardens,E01025573,Wyre 001A,Violence and sexual offences,Status update unavailable,
53cb9a34277f90799d7fa51cbf96bca9b1f1e514369872fddae5b3460bfd7634,2019-02,Lancashire Constabulary,Lancashire Constabulary,-3.028973,53.915819,On or near Southwood Avenue,E01025573,Wyre 001A,Violence and sexual offences,Awaiting court outcome,
,2019-02,Lancashire Constabulary,Lancashire Constabulary,-3.022955,53.920014,On or near Seymour Street,E01025574,Wyre 001B,Anti-social behaviour,,
,2019-02,Lancashire Constabulary,Lancashire Constabulary,-3.021889,53.918145,On or near Park Avenue,E01025574,Wyre 001B,Anti-social behaviour,,
,2019-02,Lancashire Constabulary,Lancashire Constabulary,-3.019584,53.919144,On or near Belmont Road,E01025574,Wyre 001B,Anti-social behaviour,,
,2019-02,Lancashire Constabulary,Lancashire Constabulary,-3.020948,53.916382,On or near Radcliffe Road,E01025574,Wyre 001B,Anti-social behaviour,,
,2019-02,Lancashire Constabulary,Lancashire Constabulary,-3.014488,53.919331,On or near A585,E01025574,Wyre 001B,Anti-social behaviour,,
,2019-02,Lancashire Constabulary,Lancashire Constabulary,-3.022234,53.919795,On or near Percy Street,E01025574,Wyre 001B,Anti-social behaviour,,
,2019-02,Lancashire Constabulary,Lancashire Constabulary,-3.020553,53.917653,On or near Addison Road,E01025574,Wyre 001B,Anti-social behaviour,,
,2019-02,Lancashire Constabulary,Lancashire Constabulary,-3.021011,53.918988,On or near Park Avenue,E01025574,Wyre 001B,Anti-social behaviour,,
,2019-02,Lancashire Constabulary,Lancashire Constabulary,-3.022059,53.916984,On or near Gordon Road,E01025574,Wyre 001B,Anti-social behaviour,,
,2019-02,Lancashire Constabulary,Lancashire Constabulary,-3.023715,53.919945,On or near Wolsley Road,E01025574,Wyre 001B,Anti-social behaviour,,
82daea636615d03b24844a88c4033e6d0a1ccf4abe7ca63f7ed55f0f77f20c42,2019-02,Lancashire Constabulary,Lancashire Constabulary,-3.022059,53.916984,On or near Gordon Road,E01025574,Wyre 001B,Burglary,Offender sent to prison,
0ed1c015d17ddeb92d560099f63765d79c8ff43638001611ef42ff19b308101e,2019-02,Lancashire Constabulary,Lancashire Constabulary,-3.022059,53.916984,On or near Gordon Road,E01025574,Wyre 001B,Burglary,Offender sent to prison,
dae905457b6233b295217020c23eefce3c92192e72d4be2fc474440f94536af3,2019-02,Lancashire Constabulary,Lancashire Constabulary,-3.024772,53.919612,On or near Hollywood Grove,E01025574,Wyre 001B,Criminal damage and arson,Status update unavailable,
242895c5cc3d81ded783fa662033979a04f8459dce231da95aa46d526371bcec,2019-02,Lancashire Constabulary,Lancashire Constabulary,-3.020948,53.916382,On or near Radcliffe Road,E01025574,Wyre 001B,Criminal damage and arson,Status update unavailable,
d804c424a62d6bcfae9074893311664e4cb36320c2fc4015cafb832b667371f7,2019-02,Lancashire Constabulary,Lancashire Constabulary,-3.020553,53.917653,On or near Addison Road,E01025574,Wyre 001B,Other theft,Status update unavailable,
ed1756fd7c5b9edca98a78435fafd533d3fbb1cb5f1a409cc73bd037355085a1,2019-02,Lancashire Constabulary,Lancashire Constabulary,-3.022836,53.915143,On or near Wyre Street,E01025574,Wyre 001B,Possession of weapons,Status update unavailable,
1c3ecfb2924e9f60aead44b8e09f3f2244db09645e764dbb190318fde2530883,2019-02,Lancashire Constabulary,Lancashire Constabulary,-3.022836,53.915143,On or near Wyre Street,E01025574,Wyre 001B,Possession of weapons,Further investigation is not in the public interest,
bec24cc06658d6f8d273b566281794ed9126e36b4c2f711b2d7c7a7b54e37662,2019-02,Lancashire Constabulary,Lancashire Constabulary,-3.014488,53.919331,On or near A585,E01025574,Wyre 001B,Public order,Unable to prosecute suspect,
a136769b7d4fa6bb605acd058fd93761cd3131bc5cf97d19516c29c44d9a4faf,2019-02,Lancashire Constabulary,Lancashire Constabulary,-3.021011,53.918988,On or near Park Avenue,E01025574,Wyre 001B,Violence and sexual offences,Status update unavailable,
e17b72aeeb6963f2ac9be776ad4dda1fd01ea2e024b4e43386ed1d0a9ef49afb,2019-02,Lancashire Constabulary,Lancashire Constabulary,-3.020861,53.917812,On or near Nansen Road,E01025574,Wyre 001B,Violence and sexual offences,Status update unavailable,
b224a801dde45b1d102d2c509b806e0561ad47342035c1719ed00e48055a1505,2019-02,Lancashire Constabulary,Lancashire Constabulary,-3.020861,53.917812,On or near Nansen Road,E01025574,Wyre 001B,Violence and sexual offences,Status update unavailable,
b161cacb892e2f6246ba4f7d108f5093784accabc387e8c55db69ee4e2addab4,2019-02,Lancashire Constabulary,Lancashire Constabulary,-3.020948,53.916382,On or near Radcliffe Road,E01025574,Wyre 001B,Violence and sexual offences,Status update unavailable,
8af1e4e7424e13dd989bb4391fc536a6e34f76329b3832ee1ee3b8113ec22d2d,2019-02,Lancashire Constabulary,Lancashire Constabulary,-3.019584,53.919144,On or near Belmont Road,E01025574,Wyre 001B,Violence and sexual offences,Status update unavailable,
dc43e2bd7e6aa0451aaf55c6a3b67b41de639d590b729e3d2030e425aeb3a5ae,2019-02,Lancashire Constabulary,Lancashire Constabulary,-3.022234,53.919795,On or near Percy Street,E01025574,Wyre 001B,Violence and sexual offences,Status update unavailable,
a35a32aa17ae66801ec6478152ef8713459026e0f735d6439d8f8f18a40f64f8,2019-02,Lancashire Constabulary,Lancashire Constabulary,-3.018377,53.917734,On or near Navigation Way,E01025574,Wyre 001B,Violence and sexual offences,Unable to prosecute suspect,
811675342b873ef3e1c28a1d19600f61ffea204c49f65f056105ec15298d7f9a,2019-02,Lancashire Constabulary,Lancashire Constabulary,-3.022234,53.919795,On or near Percy Street,E01025574,Wyre 001B,Violence and sexual offences,Unable to prosecute suspect,
024f1550642c5dd060a0f268ff16f5c9daf0c2d9832821987b39b3406f8cd76a,2019-02,Lancashire Constabulary,Lancashire Constabulary,-3.021011,53.918988,On or near Park Avenue,E01025574,Wyre 001B,Violence and sexual offences,Status update unavailable,
f5a0ccd56ee40c9c86fefc672d76668cdca29b1228243c141bedbcce81ea35ac,2019-02,Lancashire Constabulary,Lancashire Constabulary,-3.021011,53.918988,On or near Park Avenue,E01025574,Wyre 001B,Violence and sexual offences,Further investigation is not in the public interest,
0bb7b725c1cbb47c72ea723b928d50ab9a6f474f4ec36f5bfa307c4178c57568,2019-02,Lancashire Constabulary,Lancashire Constabulary,-3.020879,53.919789,On or near Darbishire Road,E01025574,Wyre 001B,Violence and sexual offences,Offender given conditional discharge,
01e09419675c630836a2f48706443a39610191df617aad6a6c35e88a80ff937a,2019-02,Lancashire Constabulary,Lancashire Constabulary,-3.020423,53.918588,On or near Deepdale Road,E01025574,Wyre 001B,Violence and sexual offences,Unable to prosecute suspect,
ba343527c741f4ee1b6fb71cacaa0e2d4e522f409f614f4b5795fe447843c172,2019-02,Lancashire Constabulary,Lancashire Constabulary,-3.022836,53.915143,On or near Wyre Street,E01025574,Wyre 001B,Violence and sexual offences,Unable to prosecute suspect,
6e5b798a61fd4842555125429f25820f0b4ccdb5bb8d2bef1dfb6aa539c2b39a,2019-02,Lancashire Constabulary,Lancashire Constabulary,-3.020879,53.919789,On or near Darbishire Road,E01025574,Wyre 001B,Violence and sexual offences,Unable to prosecute suspect,
84184d07cc3bfcb385a635713b8d0e1f09de52609a4da31ede86df6b14b4ae67,2019-02,Lancashire Constabulary,Lancashire Constabulary,-3.020879,53.919789,On or near Darbishire Road,E01025574,Wyre 001B,Violence and sexual offences,Local resolution,
b6fbd3cd390399389a7950196aab27856781bed7c318e8ee25e7362c9bd191e8,2019-02,Lancashire Constabulary,Lancashire Constabulary,-3.022836,53.915143,On or near Wyre Street,E01025574,Wyre 001B,Violence and sexual offences,Status update unavailable,
,2019-02,Lancashire Constabulary,Lancashire Constabulary,-3.018422,53.923953,On or near Byron Street,E01025581,Wyre 001C,Anti-social behaviour,,
,2019-02,Lancashire Constabulary,Lancashire Constabulary,-3.018422,53.923953,On or near Byron Street,E01025581,Wyre 001C,Anti-social behaviour,,
,2019-02,Lancashire Constabulary,Lancashire Constabulary,-3.015316,53.923971,On or near Warwick Place,E01025581,Wyre 001C,Anti-social behaviour,,
21a94cedbe7d163548c21224b9ebb86394f1d0d6205d51aceacd2aa75d853f8d,2019-02,Lancashire Constabulary,Lancashire Constabulary,-3.020794,53.925066,On or near The Esplanade,E01025581,Wyre 001C,Burglary,Further investigation is not in the public interest,
09e14b116257482ba843bc7e88adabf135a311e4fcdb6e4829bc744e75662bab,2019-02,Lancashire Constabulary,Lancashire Constabulary,-3.020794,53.925066,On or near The Esplanade,E01025581,Wyre 001C,Violence and sexual offences,Formal action is not in the public interest,
35cd2f83b246f685da4c9e77045e87813997269d0907687df2f3de2fe841ff3d,2019-02,Lancashire Constabulary,Lancashire Constabulary,-3.019932,53.924669,On or near Abbotts Walk,E01025581,Wyre 001C,Violence and sexual offences,Unable to prosecute suspect,
cf28c0f5dc67aa29fda54ab4cd87d92b8966fa5a951ad7c9bb8bbc75d40bea4d,2019-02,Lancashire Constabulary,Lancashire Constabulary,-3.020794,53.925066,On or near The Esplanade,E01025581,Wyre 001C,Violence and sexual offences,Unable to prosecute suspect,
e35b67228a9fbbd3e6156ecaae48dae543087fd9e1440a6ea7aa9b17994c753e,2019-02,Lancashire Constabulary,Lancashire Constabulary,-3.015316,53.923971,On or near Warwick Place,E01025581,Wyre 001C,Violence and sexual offences,Status update unavailable,
be3b82ff50c182fa494f5962942bd8c10ace16058bffab5175a37f8638005fe2,2019-02,Lancashire Constabulary,Lancashire Constabulary,-3.020794,53.925066,On or near The Esplanade,E01025581,Wyre 001C,Violence and sexual offences,Unable to prosecute suspect,
eb287814ce5abc97e99da461c602a3d50bfbd0db42e94ccf4bb2fea7ce0414c2,2019-02,Lancashire Constabulary,Lancashire Constabulary,-3.020794,53.925066,On or near The Esplanade,E01025581,Wyre 001C,Violence and sexual offences,Unable to prosecute suspect,
,2019-02,Lancashire Constabulary,Lancashire Constabulary,-3.019128,53.919822,On or near Warrenhurst Road,E01025582,Wyre 001D,Anti-social behaviour,,
,2019-02,Lancashire Constabulary,Lancashire Constabulary,-3.015800,53.922564,On or near Walmsley Street,E01025582,Wyre 001D,Anti-social behaviour,,
,2019-02,Lancashire Constabulary,Lancashire Constabulary,-3.018918,53.923041,On or near Milton Street,E01025582,Wyre 001D,Anti-social behaviour,,
,2019-02,Lancashire Constabulary,Lancashire Constabulary,-3.013318,53.920087,On or near Dock Street,E01025582,Wyre 001D,Anti-social behaviour,,
,2019-02,Lancashire Constabulary,Lancashire Constabulary,-3.015800,53.922564,On or near Walmsley Street,E01025582,Wyre 001D,Anti-social behaviour,,
,2019-02,Lancashire Constabulary,Lancashire Constabulary,-3.016827,53.922214,On or near Delta Lane,E01025582,Wyre 001D,Anti-social behaviour,,
,2019-02,Lancashire Constabulary,Lancashire Constabulary,-3.018616,53.921300,On or near Poulton Road,E01025582,Wyre 001D,Anti-social behaviour,,
,2019-02,Lancashire Constabulary,Lancashire Constabulary,-3.015921,53.920649,On or near Lord Street,E01025582,Wyre 001D,Anti-social behaviour,,
,2019-02,Lancashire Constabulary,Lancashire Constabulary,-3.020712,53.921076,On or near Supermarket,E01025582,Wyre 001D,Anti-social behaviour,,
,2019-02,Lancashire Constabulary,Lancashire Constabulary,-3.016760,53.922601,On or near Poulton Street,E01025582,Wyre 001D,Anti-social behaviour,,
,2019-02,Lancashire Constabulary,Lancashire Constabulary,-3.015861,53.921333,On or near Poulton Grove,E01025582,Wyre 001D,Anti-social behaviour,,
,2019-02,Lancashire Constabulary,Lancashire Constabulary,-3.019128,53.919822,On or near Warrenhurst Road,E01025582,Wyre 001D,Anti-social behaviour,,
43b710253bcc4f097fc3a2fef4e28bbb94bc4d8944d8f2d11afcbcafe8308668,2019-02,Lancashire Constabulary,Lancashire Constabulary,-3.013318,53.920087,On or near Dock Street,E01025582,Wyre 001D,Bicycle theft,Status update unavailable,
06b4aa520dafc5da23b9be78392cdfb0d9346e7404f1a53755220d29a0a6c3f9,2019-02,Lancashire Constabulary,Lancashire Constabulary,-3.014249,53.921400,On or near Lord Street,E01025582,Wyre 001D,Burglary,Status update unavailable,
96b384342dafafc9dd18e0b5e752548109d81835e4eab54983d9238f1a681633,2019-02,Lancashire Constabulary,Lancashire Constabulary,-3.018347,53.920260,On or near Elm Street,E01025582,Wyre 001D,Burglary,Status update unavailable,
03d348a8952495f32ec429da20172a90c127f0103f1f5060cd1aea825c412b60,2019-02,Lancashire Constabulary,Lancashire Constabulary,-3.018347,53.920260,On or near Elm Street,E01025582,Wyre 001D,Burglary,Status update unavailable,
a7e0fd979aacd2d13dfc4637337edb76a2dcd97f3b35c54d29daea2474a72081,2019-02,Lancashire Constabulary,Lancashire Constabulary,-3.015921,53.920649,On or near Lord Street,E01025582,Wyre 001D,Criminal damage and arson,Status update unavailable,
3af4673761579478b610a8e4043a9573a25b224805eb12b3cc54089e7ffbfe3d,2019-02,Lancashire Constabulary,Lancashire Constabulary,-3.015921,53.920649,On or near Lord Street,E01025582,Wyre 001D,Criminal damage and arson,Status update unavailable,
1fb448fae77371fd7843f547a75d1c34f67dbc3233e9e6fa557651855dd48388,2019-02,Lancashire Constabulary,Lancashire Constabulary,-3.017369,53.921374,On or near North Albion Street,E01025582,Wyre 001D,Criminal damage and arson,Status update unavailable,
03e540d226d05c8d63ab4b35d2cd94b23ee35218eda525a31506ddbc9e94c452,2019-02,Lancashire Constabulary,Lancashire Constabulary,-3.015800,53.922564,On or near Walmsley Street,E01025582,Wyre 001D,Drugs,Offender deprived of property,
4407ffde003deb76231523d37f97aa6db6ff6d9fb4587a899f7528bb08f42e2e,2019-02,Lancashire Constabulary,Lancashire Constabulary,-3.013318,53.920087,On or near Dock Street,E01025582,Wyre 001D,Other theft,Awaiting court outcome,
9864605c92bdf23d7111b27dbd007a7fd27cc6b6c881cab52f3fb546ee069373,2019-02,Lancashire Constabulary,Lancashire Constabulary,-3.012207,53.921993,On or near Supermarket,E01025582,Wyre 001D,Other theft,Status update unavailable,
ed7d609270ae3c2240e0b29b18485038f01c32b6b085350abb5b5906cf01fd2a,2019-02,Lancashire Constabulary,Lancashire Constabulary,-3.013318,53.920087,On or near Dock Street,E01025582,Wyre 001D,Other theft,Status update unavailable,
792b24bbc330bd27a1fe551dc0571284a85cce77d6c58b7bb72d8fdc27b4d8ff,2019-02,Lancashire Constabulary,Lancashire Constabulary,-3.013318,53.920087,On or near Dock Street,E01025582,Wyre 001D,Other theft,Status update unavailable,
e91448c03bc727b6007c19a8c1af1ddd5a4dc8c2de2f9fdaa3e36cab7c82ca5c,2019-02,Lancashire Constabulary,Lancashire Constabulary,-3.018616,53.921300,On or near Poulton Road,E01025582,Wyre 001D,Public order,Status update unavailable,
cbff288b012ba67174771f52cdcfd02be3a7ab1e4b450b4cf24bd13512966686,2019-02,Lancashire Constabulary,Lancashire Constabulary,-3.015921,53.920649,On or near Lord Street,E01025582,Wyre 001D,Public order,Unable to prosecute suspect,
f594ef2dd9146efceeefeea319df49587deb84ab59d7f59379571e461defc9f2,2019-02,Lancashire Constabulary,Lancashire Constabulary,-3.017369,53.921374,On or near North Albion Street,E01025582,Wyre 001D,Robbery,Status update unavailable,
3c241a5906c55d071dd44a706211b0ef59ebaf2d56e6e53fd8ba3aa348cf4500,2019-02,Lancashire Constabulary,Lancashire Constabulary,-3.012207,53.921993,On or near Supermarket,E01025582,Wyre 001D,Shoplifting,Awaiting court outcome,
72a7c6b83a22f79bd769d7d827976bd7ec2af37c0f91e8e675a4645dc58ca91a,2019-02,Lancashire Constabulary,Lancashire Constabulary,-3.012207,53.921993,On or near Supermarket,E01025582,Wyre 001D,Shoplifting,Status update unavailable,
a3e081ee65e2141da4e9de987ca523bcfa0ae0dd5f89d89862f4e91174dc33f0,2019-02,Lancashire Constabulary,Lancashire Constabulary,-3.012207,53.921993,On or near Supermarket,E01025582,Wyre 001D,Shoplifting,Unable to prosecute suspect,
5797876e5d0c9aa45ca65922080557d1da8e5f86ff24404e9aa75c2464c4a84d,2019-02,Lancashire Constabulary,Lancashire Constabulary,-3.014249,53.921400,On or near Lord Street,E01025582,Wyre 001D,Shoplifting,Unable to prosecute suspect,
60074cbf9a84489940d75d8499b931f931cbade3d63c5a440beb6943441a4d41,2019-02,Lancashire Constabulary,Lancashire Constabulary,-3.012207,53.921993,On or near Supermarket,E01025582,Wyre 001D,Shoplifting,Status update unavailable,
a1699ff4ea7e9266b51015be1f90b52553cfd5a3c0ad1fbaa6147a5d603b4b56,2019-02,Lancashire Constabulary,Lancashire Constabulary,-3.012207,53.921993,On or near Supermarket,E01025582,Wyre 001D,Shoplifting,Unable to prosecute suspect,
57b4b9f45fc14e418afdae8b09b3c7b521c0380e8ed43195e266a709f62098b4,2019-02,Lancashire Constabulary,Lancashire Constabulary,-3.015861,53.921333,On or near Poulton Grove,E01025582,Wyre 001D,Vehicle crime,Status update unavailable,
0ca28a74e5a5b59c089a4d4f968b997a34a40201e45b0f36b5d44e4aed29e2b2,2019-02,Lancashire Constabulary,Lancashire Constabulary,-3.017369,53.921374,On or near North Albion Street,E01025582,Wyre 001D,Vehicle crime,Status update unavailable,
044b1f44b00df57f009338bb4678fab67c0ae449ca0926748475c1ce44e0faab,2019-02,Lancashire Constabulary,Lancashire Constabulary,-3.015921,53.920649,On or near Lord Street,E01025582,Wyre 001D,Vehicle crime,Status update unavailable,
e596cfaefc95b66d90bb58521d86b49957fdec99f71c5d62d4396b6d362bef1b,2019-02,Lancashire Constabulary,Lancashire Constabulary,-3.012207,53.921993,On or near Supermarket,E01025582,Wyre 001D,Violence and sexual offences,Status update unavailable,
0ee3e5f572f40115d18c2f718a6ee0f0305d7ce9511d85094a55a30b34288048,2019-02,Lancashire Constabulary,Lancashire Constabulary,-3.019128,53.919822,On or near Warrenhurst Road,E01025582,Wyre 001D,Violence and sexual offences,Awaiting court outcome,
8a1f9c6da2c1f872487f803ec23977f283d8142851c2b6201c9749ba2d6f6dc5,2019-02,Lancashire Constabulary,Lancashire Constabulary,-3.012207,53.921993,On or near Supermarket,E01025582,Wyre 001D,Violence and sexual offences,Unable to prosecute suspect,
69af68cc7114b50b95d86669333ca9faca447c776aa4f6d89bfe40a9cc60e4a2,2019-02,Lancashire Constabulary,Lancashire Constabulary,-3.018347,53.920260,On or near Elm Street,E01025582,Wyre 001D,Violence and sexual offences,Unable to prosecute suspect,
df7e2cf608616ed3afe140989d371a36b8e053408be9e405fa8fc1bec83f6fd6,2019-02,Lancashire Constabulary,Lancashire Constabulary,-3.012207,53.921993,On or near Supermarket,E01025582,Wyre 001D,Violence and sexual offences,Unable to prosecute suspect,
c736b9120c50aa28245e691ce60bd1553e2f4cb360b6bd8ace0bd7d05fb7c627,2019-02,Lancashire Constabulary,Lancashire Constabulary,-3.012207,53.921993,On or near Supermarket,E01025582,Wyre 001D,Violence and sexual offences,Unable to prosecute suspect,
94413ecdc892af96098f456421ce18aad3726d858773debf9698a511e87a2293,2019-02,Lancashire Constabulary,Lancashire Constabulary,-3.015921,53.920649,On or near Lord Street,E01025582,Wyre 001D,Violence and sexual offences,Awaiting court outcome,
0d7cc6bfb5f992c3e390dacb73d511b5fad7233dc3858136f91568dc7962ad2e,2019-02,Lancashire Constabulary,Lancashire Constabulary,-3.015921,53.920649,On or near Lord Street,E01025582,Wyre 001D,Violence and sexual offences,Status update unavailable,
5f557d8b986fcfe5d3c32fa9132c97eb56387a3caaea2b4b16e30813958409f5,2019-02,Lancashire Constabulary,Lancashire Constabulary,-3.012207,53.921993,On or near Supermarket,E01025582,Wyre 001D,Violence and sexual offences,Awaiting court outcome,
519787dcf20497597a95798ca7a4dd702e2f3f5fccf54b7a69a61091a1b990e3,2019-02,Lancashire Constabulary,Lancashire Constabulary,-3.017829,53.920849,On or near Ash Street,E01025582,Wyre 001D,Violence and sexual offences,Status update unavailable,
5401138e0584d7988c9c189cc2d163ca113a067a2961c9820943ef7498737fab,2019-02,Lancashire Constabulary,Lancashire Constabulary,-3.016827,53.922214,On or near Delta Lane,E01025582,Wyre 001D,Violence and sexual offences,Status update unavailable,
1b52699ccb7a4740cf78f9861489215afe25c7238afaa0c0588e69c8e8979032,2019-02,Lancashire Constabulary,Lancashire Constabulary,-3.015921,53.920649,On or near Lord Street,E01025582,Wyre 001D,Violence and sexual offences,Unable to prosecute suspect,
ef479c30873c2550a339604df2cf9498ab2d499c05df0b8a671e0edd7e713ce1,2019-02,Lancashire Constabulary,Lancashire Constabulary,-3.015921,53.920649,On or near Lord Street,E01025582,Wyre 001D,Violence and sexual offences,Status update unavailable,
c8d53db0bdbef2260dff13f412babaddf694a967a2429e12412aa8ba898ba06d,2019-02,Lancashire Constabulary,Lancashire Constabulary,-3.015861,53.921333,On or near Poulton Grove,E01025582,Wyre 001D,Violence and sexual offences,Unable to prosecute suspect,
81027213bbefe29619951e2ecbcbb4fece67b13319aca44641dc6c275818e92f,2019-02,Lancashire Constabulary,Lancashire Constabulary,-3.020712,53.921076,On or near Supermarket,E01025582,Wyre 001D,Violence and sexual offences,Status update unavailable,
9e68398210c4f61269593206d1eabded12819b56ede9be51d7782d5187bd65b6,2019-02,Lancashire Constabulary,Lancashire Constabulary,-3.018616,53.921300,On or near Poulton Road,E01025582,Wyre 001D,Violence and sexual offences,Unable to prosecute suspect,
,2019-02,Lancashire Constabulary,Lancashire Constabulary,-3.013461,53.925335,On or near Hesketh Place,E01025583,Wyre 001E,Anti-social behaviour,,
,2019-02,Lancashire Constabulary,Lancashire Constabulary,-3.012479,53.925684,On or near Rhyl Street,E01025583,Wyre 001E,Anti-social behaviour,,
,2019-02,Lancashire Constabulary,Lancashire Constabulary,-3.010561,53.923193,On or near Warren Street,E01025583,Wyre 001E,Anti-social behaviour,,
,2019-02,Lancashire Constabulary,Lancashire Constabulary,-3.011436,53.924732,On or near Garfield Street,E01025583,Wyre 001E,Anti-social behaviour,,
,2019-02,Lancashire Constabulary,Lancashire Constabulary,-3.011436,53.924732,On or near Garfield Street,E01025583,Wyre 001E,Anti-social behaviour,,
,2019-02,Lancashire Constabulary,Lancashire Constabulary,-3.012936,53.925060,On or near Jones' Grove,E01025583,Wyre 001E,Anti-social behaviour,,
,2019-02,Lancashire Constabulary,Lancashire Constabulary,-3.012479,53.925684,On or near Rhyl Street,E01025583,Wyre 001E,Anti-social behaviour,,
,2019-02,Lancashire Constabulary,Lancashire Constabulary,-3.013984,53.924953,On or near Westby Grove,E01025583,Wyre 001E,Anti-social behaviour,,
71695934742963c2cae54c6bb6822bb8ebe926257913ff0cd6330e0e92a11352,2019-02,Lancashire Constabulary,Lancashire Constabulary,-3.010561,53.923193,On or near Warren Street,E01025583,Wyre 001E,Criminal damage and arson,Status update unavailable,
c05a15b4d47725066a96df892fe52da06c2412632d20fd319f6790badcf620cf,2019-02,Lancashire Constabulary,Lancashire Constabulary,-3.009947,53.926128,On or near North Church Street,E01025583,Wyre 001E,Criminal damage and arson,Status update unavailable,
ed18731c3da349bde21a64086ec7e01a2377fc36dcd7f9570a39ce4237a78b4c,2019-02,Lancashire Constabulary,Lancashire Constabulary,-3.010561,53.923193,On or near Warren Street,E01025583,Wyre 001E,Possession of weapons,Status update unavailable,
f5dcc7afbc1d6cdc92528a3691e271f5db0132cdde380e8faf6e1c5b6b0576f9,2019-02,Lancashire Constabulary,Lancashire Constabulary,-3.010561,53.923193,On or near Warren Street,E01025583,Wyre 001E,Possession of weapons,Formal action is not in the public interest,
413a2895033abea3616548a4384da133b5a66c461ef11fced61c3088b3f9a0a2,2019-02,Lancashire Constabulary,Lancashire Constabulary,-3.012936,53.925060,On or near Jones' Grove,E01025583,Wyre 001E,Public order,Unable to prosecute suspect,
eeb23e85e1472acd02a3bbb6dc66406105ab55377255c85dcc01dd0bb1b1d52b,2019-02,Lancashire Constabulary,Lancashire Constabulary,-3.012890,53.923155,On or near London Street,E01025583,Wyre 001E,Vehicle crime,Status update unavailable,
ae4f3e2d783e5ee70b9d807bb434ae5961bd07a4de9275f5bf423f00d596212d,2019-02,Lancashire Constabulary,Lancashire Constabulary,-3.010561,53.923193,On or near Warren Street,E01025583,Wyre 001E,Violence and sexual offences,Status update unavailable,
5835179bd9daa4227eb2016b7040deb2d76779e72c79df75f575dffa13d17be3,2019-02,Lancashire Constabulary,Lancashire Constabulary,-3.012915,53.924180,On or near Blakiston Street,E01025583,Wyre 001E,Violence and sexual offences,Status update unavailable,
4726a2c2b162c5f623a4e8124b402f640e5cd1368e85b3119bf07c635664ac03,2019-02,Lancashire Constabulary,Lancashire Constabulary,-3.012936,53.925060,On or near Jones' Grove,E01025583,Wyre 001E,Violence and sexual offences,Unable to prosecute suspect,
fa7ef79866d0bfb555206ad326478d51144014d25115f88287ea2b1c68a41006,2019-02,Lancashire Constabulary,Lancashire Constabulary,-3.013461,53.925335,On or near Hesketh Place,E01025583,Wyre 001E,Violence and sexual offences,Unable to prosecute suspect,
9dda5d70f4cd3ec36895726abc8ac78b5535ee569356945fc16ec5f88f76ae5e,2019-02,Lancashire Constabulary,Lancashire Constabulary,-3.012479,53.925684,On or near Rhyl Street,E01025583,Wyre 001E,Violence and sexual offences,Status update unavailable,
4701118c207ada8459317747e9568affd5000abca0f37ff668b36285c976315e,2019-02,Lancashire Constabulary,Lancashire Constabulary,-3.012936,53.925060,On or near Jones' Grove,E01025583,Wyre 001E,Violence and sexual offences,Unable to prosecute suspect,
90ab2b3af9559a01b91661d59ff74509d289604b9b2ca1e8e4d1adad60cc6195,2019-02,Lancashire Constabulary,Lancashire Constabulary,-3.011436,53.924732,On or near Garfield Street,E01025583,Wyre 001E,Violence and sexual offences,Status update unavailable,
3c1cef72524bdbfc59b64fdb30278463fd478123d350dafbd1570b41bb89aa23,2019-02,Lancashire Constabulary,Lancashire Constabulary,-3.010561,53.923193,On or near Warren Street,E01025583,Wyre 001E,Violence and sexual offences,Formal action is not in the public interest,
,2019-02,Lancashire Constabulary,Lancashire Constabulary,-3.010259,53.921389,On or near Dock Street,E01025584,Wyre 001F,Anti-social behaviour,,
,2019-02,Lancashire Constabulary,Lancashire Constabulary,-3.011038,53.922775,On or near Lord Street,E01025584,Wyre 001F,Anti-social behaviour,,
,2019-02,Lancashire Constabulary,Lancashire Constabulary,-3.014949,53.927066,On or near Parking Area,E01025584,Wyre 001F,Anti-social behaviour,,
,2019-02,Lancashire Constabulary,Lancashire Constabulary,-3.010120,53.927610,On or near Police Station,E01025584,Wyre 001F,Anti-social behaviour,,
,2019-02,Lancashire Constabulary,Lancashire Constabulary,-3.011038,53.922775,On or near Lord Street,E01025584,Wyre 001F,Anti-social behaviour,,
,2019-02,Lancashire Constabulary,Lancashire Constabulary,-3.017125,53.926993,On or near Theatre/Concert Hall,E01025584,Wyre 001F,Anti-social behaviour,,
,2019-02,Lancashire Constabulary,Lancashire Constabulary,-3.017125,53.926993,On or near Theatre/Concert Hall,E01025584,Wyre 001F,Anti-social behaviour,,
,2019-02,Lancashire Constabulary,Lancashire Constabulary,-3.017125,53.926993,On or near Theatre/Concert Hall,E01025584,Wyre 001F,Anti-social behaviour,,
,2019-02,Lancashire Constabulary,Lancashire Constabulary,-3.011038,53.922775,On or near Lord Street,E01025584,Wyre 001F,Anti-social behaviour,,
,2019-02,Lancashire Constabulary,Lancashire Constabulary,-3.014571,53.925892,On or near Mount Road,E01025584,Wyre 001F,Anti-social behaviour,,
,2019-02,Lancashire Constabulary,Lancashire Constabulary,-3.012376,53.927079,On or near Balmoral Terrace,E01025584,Wyre 001F,Anti-social behaviour,,
,2019-02,Lancashire Constabulary,Lancashire Constabulary,-3.010592,53.926977,On or near Bold Street,E01025584,Wyre 001F,Anti-social behaviour,,
,2019-02,Lancashire Constabulary,Lancashire Constabulary,-3.007990,53.927088,On or near Upper Lune Street,E01025584,Wyre 001F,Anti-social behaviour,,
,2019-02,Lancashire Constabulary,Lancashire Constabulary,-3.007990,53.927088,On or near Upper Lune Street,E01025584,Wyre 001F,Anti-social behaviour,,
,2019-02,Lancashire Constabulary,Lancashire Constabulary,-3.014571,53.925892,On or near Mount Road,E01025584,Wyre 001F,Anti-social behaviour,,
,2019-02,Lancashire Constabulary,Lancashire Constabulary,-3.017125,53.926993,On or near Theatre/Concert Hall,E01025584,Wyre 001F,Anti-social behaviour,,
,2019-02,Lancashire Constabulary,Lancashire Constabulary,-3.017125,53.926993,On or near Theatre/Concert Hall,E01025584,Wyre 001F,Anti-social behaviour,,
d84799b02cffe9f423ef620779624897ee8b200288f4b6eea218199dcf40316a,2019-02,Lancashire Constabulary,Lancashire Constabulary,-3.011038,53.922775,On or near Lord Street,E01025584,Wyre 001F,Burglary,Status update unavailable,
48504675f78a5a429192206f6b70a30b0015b16ea553c1ad6afc86e761cbdef1,2019-02,Lancashire Constabulary,Lancashire Constabulary,-3.011038,53.922775,On or near Lord Street,E01025584,Wyre 001F,Burglary,Awaiting court outcome,
ba0415f18963ee6d45c445b1ab7e1f9d7d454605dd818b7a07c24cbb47c5910b,2019-02,Lancashire Constabulary,Lancashire Constabulary,-3.010259,53.921389,On or near Dock Street,E01025584,Wyre 001F,Other theft,Unable to prosecute suspect,
228f1dfb5dd58b08497d83ff13309150f843e8daa4bc644bc2908930ca6889b2,2019-02,Lancashire Constabulary,Lancashire Constabulary,-3.010259,53.921389,On or near Dock Street,E01025584,Wyre 001F,Public order,Further investigation is not in the public interest,
9fad22854d15eb7122a9de7a0488a58281647b3d0aaa158cd99dfec1d1439e35,2019-02,Lancashire Constabulary,Lancashire Constabulary,-3.012869,53.921637,On or near Corn Mill Lane,E01025584,Wyre 001F,Public order,Formal action is not in the public interest,
7114f4e8599b1935f158c4f20dee101b606b45ebba346bf996035bd236f14ec3,2019-02,Lancashire Constabulary,Lancashire Constabulary,-3.007990,53.927088,On or near Upper Lune Street,E01025584,Wyre 001F,Public order,Status update unavailable,
b704fe0013a085947fc01d7adc4a7a5d045484a770db23d3fcf3ae5d40b96cdd,2019-02,Lancashire Constabulary,Lancashire Constabulary,-3.007990,53.927088,On or near Upper Lune Street,E01025584,Wyre 001F,Public order,Status update unavailable,
c85eeec990b11a44617eb6682d25f31367af10cc35359dd422786a8de1ecbd47,2019-02,Lancashire Constabulary,Lancashire Constabulary,-3.006088,53.925891,On or near Queen'S Terrace,E01025584,Wyre 001F,Violence and sexual offences,Status update unavailable,
aa483c31c5286e07800bcbd77e3424117f973b8e1ff4df8b4b881d3b5a1c9f97,2019-02,Lancashire Constabulary,Lancashire Constabulary,-3.012869,53.921637,On or near Corn Mill Lane,E01025584,Wyre 001F,Violence and sexual offences,Unable to prosecute suspect,
cc959b936c5a094ce4cd9c8c13359dae1259b30acf07e9bb7ad3dd14293d3122,2019-02,Lancashire Constabulary,Lancashire Constabulary,-3.007990,53.927088,On or near Upper Lune Street,E01025584,Wyre 001F,Violence and sexual offences,Unable to prosecute suspect,
893f231de156381f5a7d309d85507640abe8bd49d1ebc56ea05495ed92c35fed,2019-02,Lancashire Constabulary,Lancashire Constabulary,-3.008016,53.925003,On or near Aughton Street,E01025584,Wyre 001F,Violence and sexual offences,Unable to prosecute suspect,
040a7761ff096cd0009baf0b02698f52c6bbab1f0402d2ed4710b566db2c22fa,2019-02,Lancashire Constabulary,Lancashire Constabulary,-3.010120,53.927610,On or near Police Station,E01025584,Wyre 001F,Violence and sexual offences,Unable to prosecute suspect,
590477bcd797236fcdd32d1364600b86e16f910e32773803abfe2615a869118a,2019-02,Lancashire Constabulary,Lancashire Constabulary,-3.036532,53.915484,On or near Kenilworth Place,E01025605,Wyre 002A,Burglary,Status update unavailable,
7c2d50185ce798c04686ec8fd2452abb9f3ed86d9e13479d1fc12986a0322c83,2019-02,Lancashire Constabulary,Lancashire Constabulary,-3.040263,53.918598,On or near The Ridgeway,E01025605,Wyre 002A,Burglary,Status update unavailable,
ec57ac325633500497621f490575eea5b129f9ec28f29bdca7ba6f637e1e5bee,2019-02,Lancashire Constabulary,Lancashire Constabulary,-3.038103,53.923587,On or near Parking Area,E01025605,Wyre 002A,Other theft,Unable to prosecute suspect,
8651fae4a6877c0eb35d9882126a93bcc68cad06b1112abe4ec600cdacbfc64a,2019-02,Lancashire Constabulary,Lancashire Constabulary,-3.038103,53.923587,On or near Parking Area,E01025605,Wyre 002A,Public order,Unable to prosecute suspect,
7a1f3f2b7e23c4703a85aaf1f356e011fa9832829321d9f5e0956e7079021e1a,2019-02,Lancashire Constabulary,Lancashire Constabulary,-3.040263,53.918598,On or near The Ridgeway,E01025605,Wyre 002A,Public order,Unable to prosecute suspect,
31434cd2bff7f73642ddd1d0765be9f3a75305e717d707e1755fe14b63093810,2019-02,Lancashire Constabulary,Lancashire Constabulary,-3.037408,53.918299,On or near Stanley Gate,E01025605,Wyre 002A,Vehicle crime,Status update unavailable,
617df45a288cab4608be9ddb9dbc34e8aeeb0b1ab41681937c69ca8d7f511904,2019-02,Lancashire Constabulary,Lancashire Constabulary,-3.038617,53.919754,On or near West Gate,E01025605,Wyre 002A,Vehicle crime,Status update unavailable,
6534f161fb11fa4e4d907f6c68e0c75a603954a3914ee8bef321be600a126132,2019-02,Lancashire Constabulary,Lancashire Constabulary,-3.038587,53.919152,On or near Lancaster Gate,E01025605,Wyre 002A,Vehicle crime,Status update unavailable,
a974a3e6a92d9ddc13b2205e5c2f9ca0b4ef82743bcc1431b83759e4e1bd13da,2019-02,Lancashire Constabulary,Lancashire Constabulary,-3.037247,53.917303,On or near Leighton Avenue,E01025605,Wyre 002A,Violence and sexual offences,Further investigation is not in the public interest,
371cc7ba46c6976f5c68d3d4d572179d675730418d185082f28577339a7b146e,2019-02,Lancashire Constabulary,Lancashire Constabulary,-3.038103,53.923587,On or near Parking Area,E01025605,Wyre 002A,Violence and sexual offences,Unable to prosecute suspect,
3b1aff26087e49c41538e3b25ae3eaee28440819db434c1358e9f67f4f82c692,2019-02,Lancashire Constabulary,Lancashire Constabulary,-3.038103,53.923587,On or near Parking Area,E01025605,Wyre 002A,Violence and sexual offences,Unable to prosecute suspect,
9a86611ae7669aa701395d0314d1ff639e57f1247ae5c4bc0f743f837b06b72d,2019-02,Lancashire Constabulary,Lancashire Constabulary,-3.040949,53.920444,On or near Princes Way,E01025605,Wyre 002A,Violence and sexual offences,Local resolution,
,2019-02,Lancashire Constabulary,Lancashire Constabulary,-3.035826,53.922052,On or near Hathaway Road,E01025606,Wyre 002B,Anti-social behaviour,,
,2019-02,Lancashire Constabulary,Lancashire Constabulary,-3.035826,53.922052,On or near Hathaway Road,E01025606,Wyre 002B,Anti-social behaviour,,
,2019-02,Lancashire Constabulary,Lancashire Constabulary,-3.032301,53.924212,On or near Laidley'S Walk,E01025606,Wyre 002B,Anti-social behaviour,,
bff9afdd3f54fecf9ba5a0ae2ef0880fa8f3d6333f82e18947513ca8e2a8d4ab,2019-02,Lancashire Constabulary,Lancashire Constabulary,-3.034879,53.923130,On or near Avon Green,E01025606,Wyre 002B,Burglary,Status update unavailable,
232380790080b9ba4d514fdc34f98e041bed49979f47cebaaa08b4846ad1f1bc,2019-02,Lancashire Constabulary,Lancashire Constabulary,-3.033709,53.922627,On or near Silvia Way,E01025606,Wyre 002B,Public order,Formal action is not in the public interest,
37671aa19c35fd498d249a07d6b22144c06886ed850e48ccf5a2449439d222ef,2019-02,Lancashire Constabulary,Lancashire Constabulary,-3.030441,53.923473,On or near Duncan Place,E01025606,Wyre 002B,Vehicle crime,Status update unavailable,
4320c82ede56094e708df12f1fa9c44a9322bc7a889c04854f46be82b8b794dc,2019-02,Lancashire Constabulary,Lancashire Constabulary,-3.030441,53.923473,On or near Duncan Place,E01025606,Wyre 002B,Vehicle crime,Status update unavailable,
99d20c5284c01d9a92c208dbab69ecd290808369e111c5fe9ca21322f7f1c832,2019-02,Lancashire Constabulary,Lancashire Constabulary,-3.034828,53.921719,On or near Stratford Place,E01025606,Wyre 002B,Vehicle crime,Status update unavailable,
0bf63dd91aebaff1b01ea96a4eadbd8531f2865816f3ac5f4574f815cb582ee2,2019-02,Lancashire Constabulary,Lancashire Constabulary,-3.030441,53.923473,On or near Duncan Place,E01025606,Wyre 002B,Violence and sexual offences,Status update unavailable,
007da494e6c10ddd882caa81fda039b5bdb8512c79b6560cdcc0b6cc76a0a2ab,2019-02,Lancashire Constabulary,Lancashire Constabulary,-3.035826,53.922052,On or near Hathaway Road,E01025606,Wyre 002B,Violence and sexual offences,Status update unavailable,
f8d54a9c482f771f02910d059ccfb7f19c9db126881fe0c37c18f12f6517acdd,2019-02,Lancashire Constabulary,Lancashire Constabulary,-3.031036,53.921698,On or near Manor Road,E01025606,Wyre 002B,Violence and sexual offences,Status update unavailable,
a6026f54644a46a584e4ff3495f007c8e333d5c5145514eb44ea19b91a628c20,2019-02,Lancashire Constabulary,Lancashire Constabulary,-3.031036,53.921698,On or near Manor Road,E01025606,Wyre 002B,Violence and sexual offences,Status update unavailable,
24fc71e4953597d328159540777bce318203ab79cf590dd2dd7f94e997024194,2019-02,Lancashire Constabulary,Lancashire Constabulary,-3.035826,53.922052,On or near Hathaway Road,E01025606,Wyre 002B,Violence and sexual offences,Status update unavailable,
64278732196b7e35e69cff7e49a56943a643b916546ee480c3130b15afd9295e,2019-02,Lancashire Constabulary,Lancashire Constabulary,-3.029623,53.922420,On or near Arden Green,E01025606,Wyre 002B,Violence and sexual offences,Unable to prosecute suspect,
728a00753acd40076d820a788eddc16238555e6d7a81387ccf7d275a71fcfd80,2019-02,Lancashire Constabulary,Lancashire Constabulary,-3.034879,53.923130,On or near Avon Green,E01025606,Wyre 002B,Violence and sexual offences,Further investigation is not in the public interest,
768d9f77783b72fb7421b0589b58261b1e7394d0faa34c1120b9d05a77ce3367,2019-02,Lancashire Constabulary,Lancashire Constabulary,-3.031036,53.921698,On or near Manor Road,E01025606,Wyre 002B,Other crime,Status update unavailable,
,2019-02,Lancashire Constabulary,Lancashire Constabulary,-3.022714,53.921382,On or near Lowther Road,E01025607,Wyre 002C,Anti-social behaviour,,
bb16d378367b6d41d5afd32a903402aa9286b8b4e3cb371b37417f9d8b27ea09,2019-02,Lancashire Constabulary,Lancashire Constabulary,-3.028224,53.923744,On or near Elsinore Close,E01025607,Wyre 002C,Burglary,Status update unavailable,
58f9093e0f0c67b7ade58d9a0e67b6df94851dbcba83cfdffccb15eb36979fe6,2019-02,Lancashire Constabulary,Lancashire Constabulary,-3.028224,53.923744,On or near Elsinore Close,E01025607,Wyre 002C,Burglary,Status update unavailable,
8f7c59e99ffc9abfa94c426b166388f206a0c4ba2a763be4208d2b5541d757a8,2019-02,Lancashire Constabulary,Lancashire Constabulary,-3.026421,53.922240,On or near Dronsfield Road,E01025607,Wyre 002C,Burglary,Status update unavailable,
57509395779f0e1d0961a896298a98535d87dc17773673f0e4095e5a8d44497f,2019-02,Lancashire Constabulary,Lancashire Constabulary,-3.028608,53.920793,On or near Riversgate,E01025607,Wyre 002C,Criminal damage and arson,Unable to prosecute suspect,
4d3aad17605893dcff1202411c46fb30383842f73c1b1629e7c2b9def4e09f07,2019-02,Lancashire Constabulary,Lancashire Constabulary,-3.028224,53.923744,On or near Elsinore Close,E01025607,Wyre 002C,Criminal damage and arson,Further investigation is not in the public interest,
0f194fd840d7ce4889adfec16079bbdaa2d48ed35a5b575b8e75ff2bceaf4804,2019-02,Lancashire Constabulary,Lancashire Constabulary,-3.022714,53.921382,On or near Lowther Road,E01025607,Wyre 002C,Public order,Status update unavailable,
fb9cefe5dcc577807e286c9f179239cf4ff4a4ffc50e4bf8417cee647c105484,2019-02,Lancashire Constabulary,Lancashire Constabulary,-3.026421,53.922240,On or near Dronsfield Road,E01025607,Wyre 002C,Public order,Status update unavailable,
230daad968e54d895490355a155da7bc928f58acb5c7862aebdee5f970b82612,2019-02,Lancashire Constabulary,Lancashire Constabulary,-3.025061,53.924571,On or near The Esplanade,E01025607,Wyre 002C,Vehicle crime,Awaiting court outcome,
1f19252b07d7faba4250e4e03c9a47831d72ea201982b7b32ea784c0223db37d,2019-02,Lancashire Constabulary,Lancashire Constabulary,-3.026421,53.922240,On or near Dronsfield Road,E01025607,Wyre 002C,Vehicle crime,Status update unavailable,
6371b644121f1a9db16984ecfd449b64e48ed3222cc040cff9addc71d944295d,2019-02,Lancashire Constabulary,Lancashire Constabulary,-3.028224,53.923744,On or near Elsinore Close,E01025607,Wyre 002C,Violence and sexual offences,Status update unavailable,
db70b282a6fcf2d22a784dca50532ca112c48adbd15194586597777507c7630a,2019-02,Lancashire Constabulary,Lancashire Constabulary,-3.026421,53.922240,On or near Dronsfield Road,E01025607,Wyre 002C,Violence and sexual offences,Unable to prosecute suspect,
f619f6e753cef3b8a09f5d7d5da9ddb01c5a8b9313b3a8282166332e5a6f8d17,2019-02,Lancashire Constabulary,Lancashire Constabulary,-3.028224,53.923744,On or near Elsinore Close,E01025607,Wyre 002C,Violence and sexual offences,Status update unavailable,
,2019-02,Lancashire Constabulary,Lancashire Constabulary,-3.033698,53.916039,On or near Lonsdale Avenue,E01025608,Wyre 002D,Anti-social behaviour,,
,2019-02,Lancashire Constabulary,Lancashire Constabulary,-3.033169,53.919873,On or near Borrowdale Avenue,E01025608,Wyre 002D,Anti-social behaviour,,
,2019-02,Lancashire Constabulary,Lancashire Constabulary,-3.027855,53.919882,On or near Lune Road,E01025608,Wyre 002D,Anti-social behaviour,,
,2019-02,Lancashire Constabulary,Lancashire Constabulary,-3.030076,53.919782,On or near Manor Wood,E01025608,Wyre 002D,Anti-social behaviour,,
6f09765375890fbfff5609df391a4d4c6c4a674c56b1376008fc7dca739c4b54,2019-02,Lancashire Constabulary,Lancashire Constabulary,-3.031970,53.920054,On or near Bramley Avenue,E01025608,Wyre 002D,Burglary,Status update unavailable,
7466fbbd17a2836bc2e093d4020b5c82d9b2bacc16eca5ac6fd97b05fd4a8908,2019-02,Lancashire Constabulary,Lancashire Constabulary,-3.033169,53.919873,On or near Borrowdale Avenue,E01025608,Wyre 002D,Burglary,Status update unavailable,
7e873b2cb7581761640a2efea92940b2eec868e6d93a42f733a6d9fb568cd0e2,2019-02,Lancashire Constabulary,Lancashire Constabulary,-3.033874,53.915768,On or near Lonsdale Crescent,E01025608,Wyre 002D,Criminal damage and arson,Status update unavailable,
453b27f6a48974c6741649f22f8526448974ad3663d4256b7d0747a35ae4d9ef,2019-02,Lancashire Constabulary,Lancashire Constabulary,-3.032426,53.918755,On or near Poulton Road,E01025608,Wyre 002D,Criminal damage and arson,Status update unavailable,
b2b381e57894cb7551ef2609ed7bfce74e7fbba944a54c4b803edecfb2392d7b,2019-02,Lancashire Constabulary,Lancashire Constabulary,-3.030076,53.919782,On or near Manor Wood,E01025608,Wyre 002D,Vehicle crime,Status update unavailable,
c409289e4f5fbf8b684c49905ba52f4fc8ea014f226c8c0a7e9692a958d05389,2019-02,Lancashire Constabulary,Lancashire Constabulary,-3.032426,53.918755,On or near Poulton Road,E01025608,Wyre 002D,Violence and sexual offences,Status update unavailable,
6a20f6cdf4a00ba77d1542defb42108dcc7bf15ffafb1bd77b192332214dc0a0,2019-02,Lancashire Constabulary,Lancashire Constabulary,-3.032426,53.918755,On or near Poulton Road,E01025608,Wyre 002D,Violence and sexual offences,Unable to prosecute suspect,
,2019-02,Lancashire Constabulary,Lancashire Constabulary,-3.039901,53.915060,On or near Kentmere Close,E01025590,Wyre 003A,Anti-social behaviour,,
,2019-02,Lancashire Constabulary,Lancashire Constabulary,-3.037466,53.914461,On or near Esk Avenue,E01025590,Wyre 003A,Anti-social behaviour,,
76eb2413c6713abeeeeb07f5058be98bf8a5ab87f15177f654142dadcd0ad7c2,2019-02,Lancashire Constabulary,Lancashire Constabulary,-3.039447,53.912089,On or near Staveley Grove,E01025590,Wyre 003A,Burglary,Status update unavailable,
5c6d4143f535114d696f763ba3ce46c05e8ba96e1deff367a4172c2093e8e50a,2019-02,Lancashire Constabulary,Lancashire Constabulary,-3.041174,53.912361,On or near Eamont Place,E01025590,Wyre 003A,Public order,Unable to prosecute suspect,
e9fc6a2271206e7ed2891af0955bbcbc8f3bed1311dce4c4c86ba3dd8e29daf1,2019-02,Lancashire Constabulary,Lancashire Constabulary,-3.041174,53.912361,On or near Eamont Place,E01025590,Wyre 003A,Violence and sexual offences,Status update unavailable,
12f3d7f134f62f48f6ef6663e3eba24fae76268322efab3187120c92b792af72,2019-02,Lancashire Constabulary,Lancashire Constabulary,-3.036321,53.912520,On or near The Croft,E01025590,Wyre 003A,Violence and sexual offences,Local resolution,
dff07c45dcd57530c6905ec1391be6f97f244a5a9ea305dd916817b230658c37,2019-02,Lancashire Constabulary,Lancashire Constabulary,-3.037270,53.912089,On or near Wansbeck Avenue,E01025590,Wyre 003A,Violence and sexual offences,Unable to prosecute suspect,
764240eac4c6ba568eacac12b6a59cd0cc93d269f69ead1272762bd3a8c9649c,2019-02,Lancashire Constabulary,Lancashire Constabulary,-3.037466,53.914461,On or near Esk Avenue,E01025590,Wyre 003A,Other crime,Status update unavailable,
,2019-02,Lancashire Constabulary,Lancashire Constabulary,-3.047795,53.911701,On or near Greendale Close,E01025591,Wyre 003B,Anti-social behaviour,,
,2019-02,Lancashire Constabulary,Lancashire Constabulary,-3.047795,53.911701,On or near Greendale Close,E01025591,Wyre 003B,Anti-social behaviour,,
,2019-02,Lancashire Constabulary,Lancashire Constabulary,-3.047795,53.911701,On or near Greendale Close,E01025591,Wyre 003B,Anti-social behaviour,,
,2019-02,Lancashire Constabulary,Lancashire Constabulary,-3.047593,53.910921,On or near Fir Close,E01025591,Wyre 003B,Anti-social behaviour,,
fcdcb02071d6a963e3a6618e5997abf7c698ef2a264a5fd369403a09faac528c,2019-02,Lancashire Constabulary,Lancashire Constabulary,-3.039190,53.909098,On or near Furness Avenue,E01025591,Wyre 003B,Bicycle theft,Status update unavailable,
eb303f0f36bc30bb1fb921752f5ec995e6b3cd9227645c4a7bc9c1382eb818b5,2019-02,Lancashire Constabulary,Lancashire Constabulary,-3.047795,53.911701,On or near Greendale Close,E01025591,Wyre 003B,Public order,Status update unavailable,
c31e81733e181b2daba70050233aeb292608546d57e42cdac8835942a5e109f5,2019-02,Lancashire Constabulary,Lancashire Constabulary,-3.038631,53.908051,On or near Carlisle Avenue,E01025591,Wyre 003B,Vehicle crime,Status update unavailable,
b05df164186a798b0292f3304853318857aba9a24bf4f1b88e8a77e9f86ac3c2,2019-02,Lancashire Constabulary,Lancashire Constabulary,-3.039475,53.908322,On or near Caton Avenue,E01025591,Wyre 003B,Violence and sexual offences,Unable to prosecute suspect,
ee38836626eb4e0e05992165a5d300399fb2bb38a664ac298a195ef3a3783f5f,2019-02,Lancashire Constabulary,Lancashire Constabulary,-3.036497,53.911620,On or near Navena Avenue,E01025591,Wyre 003B,Violence and sexual offences,Unable to prosecute suspect,
0a5f6fd875c373ca0a59088ce82d718a22462693461243f9fa5831336b9b3070,2019-02,Lancashire Constabulary,Lancashire Constabulary,-3.047795,53.911701,On or near Greendale Close,E01025591,Wyre 003B,Violence and sexual offences,Local resolution,
e49d08fb187f7768a85e85e1ecb2089af423398444560b5e5ae513d5eff6b61a,2019-02,Lancashire Constabulary,Lancashire Constabulary,-3.039190,53.909098,On or near Furness Avenue,E01025591,Wyre 003B,Violence and sexual offences,Unable to prosecute suspect,
d03ee45fb60d7a37b4a08dfd2d8936a6aa3c62f4c201a36e977ee762c3e44e4c,2019-02,Lancashire Constabulary,Lancashire Constabulary,-3.048888,53.911593,On or near Arndale Close,E01025591,Wyre 003B,Violence and sexual offences,Unable to prosecute suspect,
02e87de5e1c733dc06900048040abf81fccf182493ac32210a0093008c1ccf57,2019-02,Lancashire Constabulary,Lancashire Constabulary,-3.039475,53.908322,On or near Caton Avenue,E01025591,Wyre 003B,Violence and sexual offences,Unable to prosecute suspect,
,2019-02,Lancashire Constabulary,Lancashire Constabulary,-3.043519,53.913599,On or near Medlock Place,E01025592,Wyre 003C,Anti-social behaviour,,
,2019-02,Lancashire Constabulary,Lancashire Constabulary,-3.043732,53.910568,On or near Allen Way,E01025592,Wyre 003C,Anti-social behaviour,,
9dca239170a26de358c359571b90189cf6a59e5940ceadbe5767626e7ebdb39c,2019-02,Lancashire Constabulary,Lancashire Constabulary,-3.043519,53.913599,On or near Medlock Place,E01025592,Wyre 003C,Violence and sexual offences,Unable to prosecute suspect,
fa7093ad62706514f956ff9c5ccb247bda0c2ecc7193b7477629cca7a862b663,2019-02,Lancashire Constabulary,Lancashire Constabulary,-3.043519,53.913599,On or near Medlock Place,E01025592,Wyre 003C,Violence and sexual offences,Formal action is not in the public interest,
bd930710001fac758a330decabfd4d39c8311c9d71a84d79cd44394d6393e8f9,2019-02,Lancashire Constabulary,Lancashire Constabulary,-3.043519,53.913599,On or near Medlock Place,E01025592,Wyre 003C,Violence and sexual offences,Unable to prosecute suspect,
,2019-02,Lancashire Constabulary,Lancashire Constabulary,-3.048559,53.907578,On or near Wraywood Court,E01025593,Wyre 003D,Anti-social behaviour,,
,2019-02,Lancashire Constabulary,Lancashire Constabulary,-3.048559,53.907578,On or near Wraywood Court,E01025593,Wyre 003D,Anti-social behaviour,,
,2019-02,Lancashire Constabulary,Lancashire Constabulary,-3.042563,53.903361,On or near The Strand,E01025593,Wyre 003D,Anti-social behaviour,,
,2019-02,Lancashire Constabulary,Lancashire Constabulary,-3.046578,53.904441,On or near Falmouth Avenue,E01025593,Wyre 003D,Anti-social behaviour,,
,2019-02,Lancashire Constabulary,Lancashire Constabulary,-3.038818,53.903915,On or near Hornby Avenue,E01025593,Wyre 003D,Anti-social behaviour,,
,2019-02,Lancashire Constabulary,Lancashire Constabulary,-3.048559,53.907578,On or near Wraywood Court,E01025593,Wyre 003D,Anti-social behaviour,,
,2019-02,Lancashire Constabulary,Lancashire Constabulary,-3.046578,53.904441,On or near Falmouth Avenue,E01025593,Wyre 003D,Anti-social behaviour,,
09e3e2a65e0a83a528490be6d627bbba477e5f0c12bd78cd09837f84a2ea61b5,2019-02,Lancashire Constabulary,Lancashire Constabulary,-3.038818,53.903915,On or near Hornby Avenue,E01025593,Wyre 003D,Public order,Unable to prosecute suspect,
399b20d44977823132e9ec53a4aa41854180b7918b105644d10feeae49412a9a,2019-02,Lancashire Constabulary,Lancashire Constabulary,-3.040360,53.904728,On or near Ullswater Avenue,E01025593,Wyre 003D,Vehicle crime,Status update unavailable,
5bb72ab68da92e86cd9ec9f1cc69935e19a3c80807d05525c677441ea5d62ed9,2019-02,Lancashire Constabulary,Lancashire Constabulary,-3.042831,53.902487,On or near Southgate,E01025593,Wyre 003D,Vehicle crime,Status update unavailable,
bb930b6684f18b5d9b4c851802e8361cf82b6135d451693b627c3efb8f88e6c5,2019-02,Lancashire Constabulary,Lancashire Constabulary,-3.041570,53.903199,On or near Avon Avenue,E01025593,Wyre 003D,Violence and sexual offences,Unable to prosecute suspect,
a468abe6b3f78d6e7a5d2f4b7cfb0f4e97c714944e651b61fa9fc61b1e3c85ce,2019-02,Lancashire Constabulary,Lancashire Constabulary,-3.038818,53.903915,On or near Hornby Avenue,E01025593,Wyre 003D,Violence and sexual offences,Unable to prosecute suspect,
0b339f4f36b1808493c561e852923fdf493a015d5407ace59993b728e035c2bc,2019-02,Lancashire Constabulary,Lancashire Constabulary,-3.043141,53.902709,On or near Holme Avenue,E01025593,Wyre 003D,Violence and sexual offences,Unable to prosecute suspect,
9d43bc8aa334766827600f149e34c01a34d48afa0b55f80ce4a91f26b91fba30,2019-02,Lancashire Constabulary,Lancashire Constabulary,-3.047387,53.901503,On or near Fishermans Way,E01025593,Wyre 003D,Violence and sexual offences,Status update unavailable,
b94b6f01ac4e96603ea100eba3a8ebd1891c502c8f88a774c919f9a39ad7f02a,2019-02,Lancashire Constabulary,Lancashire Constabulary,-3.044532,53.904809,On or near Millom Close,E01025593,Wyre 003D,Violence and sexual offences,Status update unavailable,
b1558d12c56d18be977673c9e8d1c22fa8b550c3d72abf50e3ba7750a26e4bbf,2019-02,Lancashire Constabulary,Lancashire Constabulary,-3.044532,53.904809,On or near Millom Close,E01025593,Wyre 003D,Other crime,Status update unavailable,
55965073f1d568dd8ae5f048ce4b90ffe2265f25800427e7867bb288685f657c,2019-02,Lancashire Constabulary,Lancashire Constabulary,-2.958107,53.870925,On or near Petrol Station,E01025563,Wyre 004A,Other theft,Status update unavailable,
e04c5f3642bbaeff50c63bcf71cc507b983f733ffb45c023ddaa8144d997d06d,2019-02,Lancashire Constabulary,Lancashire Constabulary,-2.958107,53.870925,On or near Petrol Station,E01025563,Wyre 004A,Other theft,Status update unavailable,
29fdda5c952bbdc7093b86b910b7cd07ad9c949c13cb6825128b64d137f3674a,2019-02,Lancashire Constabulary,Lancashire Constabulary,-2.958107,53.870925,On or near Petrol Station,E01025563,Wyre 004A,Other theft,Status update unavailable,
60f3566bf25b55d90a8a7a7b1aace51ff0b2a40c3a8d90fcc5ee64d7ed6e48d3,2019-02,Lancashire Constabulary,Lancashire Constabulary,-2.958107,53.870925,On or near Petrol Station,E01025563,Wyre 004A,Other theft,Status update unavailable,
a68315070910fd784926e48c6626b834f30e1fc85281ef654098c2285ae9fbae,2019-02,Lancashire Constabulary,Lancashire Constabulary,-2.950898,53.887009,On or near Lilac Drive,E01025563,Wyre 004A,Public order,Formal action is not in the public interest,
55f4539ea50916607ba70ba02144500e90b514123070b641d9e3670606769a34,2019-02,Lancashire Constabulary,Lancashire Constabulary,-2.949981,53.886144,On or near Primrose Drive,E01025563,Wyre 004A,Violence and sexual offences,Unable to prosecute suspect,
262f0c9390a458503d40f47337200c76d3944a1100edab06e65dda386ccf0699,2019-02,Lancashire Constabulary,Lancashire Constabulary,-2.954430,53.875745,On or near Stoney Lane,E01025564,Wyre 004B,Burglary,Status update unavailable,
db9dbb28351587d569e31ee8365e468e022cbbbbb370a9d12104187600de0672,2019-02,Lancashire Constabulary,Lancashire Constabulary,-2.959338,53.872884,On or near Green Meadow Lane,E01025564,Wyre 004B,Violence and sexual offences,Status update unavailable,
9351081016b2bb635347a87a34e5cf3e563315e6b2979ff5d62554b90950266b,2019-02,Lancashire Constabulary,Lancashire Constabulary,-2.958360,53.874006,On or near Petrol Station,E01025564,Wyre 004B,Violence and sexual offences,Status update unavailable,
,2019-02,Lancashire Constabulary,Lancashire Constabulary,-2.958220,53.899138,On or near Woodview Lane,E01025565,Wyre 004C,Anti-social behaviour,,
,2019-02,Lancashire Constabulary,Lancashire Constabulary,-2.950103,53.896228,On or near Back Lane,E01025565,Wyre 004C,Anti-social behaviour,,
,2019-02,Lancashire Constabulary,Lancashire Constabulary,-2.952546,53.899903,On or near Pennine Way,E01025565,Wyre 004C,Anti-social behaviour,,
b04550f868ab7c536018d00413629db7b42472448b6e457cf1ac20bf3574379a,2019-02,Lancashire Constabulary,Lancashire Constabulary,-2.955197,53.903378,On or near Foxfields,E01025565,Wyre 004C,Other theft,Status update unavailable,
f4d7f16e6e6f5d873621b4166d609c6c4387cadf03f876db180bb5222a9d6c44,2019-02,Lancashire Constabulary,Lancashire Constabulary,-2.948778,53.892805,On or near Ned'S Lane,E01025565,Wyre 004C,Public order,Status update unavailable,
42209c85b6eb5c48d77f4763061e95548511f9203adf7b9b221ef37882c7533e,2019-02,Lancashire Constabulary,Lancashire Constabulary,-2.952546,53.899903,On or near Pennine Way,E01025565,Wyre 004C,Violence and sexual offences,Unable to prosecute suspect,
dc8f52a0419575c965b5cc5daf4c5afdbdb18d6d5f3722e98ea90ad81cad5083,2019-02,Lancashire Constabulary,Lancashire Constabulary,-2.953588,53.900227,On or near Hillside Drive,E01025565,Wyre 004C,Violence and sexual offences,Status update unavailable,
9ae0e0f6cb0ee4fc0f8f2f141adff3fe2f0d2442d313dbc08da5da4c7abb5cf3,2019-02,Lancashire Constabulary,Lancashire Constabulary,-2.966899,53.885452,On or near New Road,E01025565,Wyre 004C,Violence and sexual offences,Unable to prosecute suspect,
bfa0a74a2b4c809a857adb98e8309761ce449ac4735767092166c564d3ffd0fd,2019-02,Lancashire Constabulary,Lancashire Constabulary,-2.958220,53.899138,On or near Woodview Lane,E01025565,Wyre 004C,Other crime,Unable to prosecute suspect,
33cb45a06f39fdeefac3633848f05316a1ae3e05e75fb738a120e72794e9bf11,2019-02,Lancashire Constabulary,Lancashire Constabulary,-2.987160,53.928511,On or near Clarence Avenue,E01025586,Wyre 004D,Burglary,Status update unavailable,
7a814f62565337e344c8d8bcaaa6fa84dc4607c5b87b1d84b1cf17efa52de9ab,2019-02,Lancashire Constabulary,Lancashire Constabulary,-2.979796,53.930126,On or near Eskdale Grove,E01025586,Wyre 004D,Public order,Unable to prosecute suspect,
,2019-02,Lancashire Constabulary,Lancashire Constabulary,-2.974540,53.926816,On or near Thornhill Avenue,E01025587,Wyre 004E,Anti-social behaviour,,
21db1e23e056461f8bca3aae9d6bf8106b3c721d94cb6501fb659f9dab92e34a,2019-02,Lancashire Constabulary,Lancashire Constabulary,-2.964559,53.923886,On or near Falcon Mews,E01025587,Wyre 004E,Violence and sexual offences,Unable to prosecute suspect,
4eab3f213ddaa28b349b66b22b514cee830a8c5c5e9337ca6d2bcbe9a9aeabcb,2019-02,Lancashire Constabulary,Lancashire Constabulary,-2.962209,53.922350,On or near Sandicroft Place,E01025587,Wyre 004E,Other crime,Status update unavailable,
dc010265b94a47067852c1af57a68c8d0366d1ed77e452054b57edc99184eea9,2019-02,Lancashire Constabulary,Lancashire Constabulary,-2.991854,53.927367,On or near Westbourne Road,E01025588,Wyre 004F,Other theft,Status update unavailable,
9b6aafdde62ccfbdaf6da0f32a2fb111b17ef1dada8d09ca2fec79169779cc54,2019-02,Lancashire Constabulary,Lancashire Constabulary,-2.990078,53.926339,On or near Holmefield Road,E01025588,Wyre 004F,Violence and sexual offences,Unable to prosecute suspect,
cbe29d7fc3edcc42fea793b634b4648e5bf1749fc0c2a8b800f598901b1e00e4,2019-02,Lancashire Constabulary,Lancashire Constabulary,-2.986327,53.928077,On or near Supermarket,E01025588,Wyre 004F,Violence and sexual offences,Status update unavailable,
1d833a0e63944422dd57f413513ee6b149fcf80badce37a290c90be53123ff2f,2019-02,Lancashire Constabulary,Lancashire Constabulary,-2.968938,53.922961,On or near Jubilee Avenue,E01025589,Wyre 004G,Violence and sexual offences,Offender given a caution,
,2019-02,Lancashire Constabulary,Lancashire Constabulary,-3.020361,53.889836,On or near Trefoil Close,E01025557,Wyre 005A,Anti-social behaviour,,
,2019-02,Lancashire Constabulary,Lancashire Constabulary,-3.023947,53.890246,On or near Bryony Close,E01025557,Wyre 005A,Anti-social behaviour,,
,2019-02,Lancashire Constabulary,Lancashire Constabulary,-3.026435,53.889307,On or near Ingleby Close,E01025557,Wyre 005A,Anti-social behaviour,,
,2019-02,Lancashire Constabulary,Lancashire Constabulary,-3.024060,53.888024,On or near Whitebeam Close,E01025557,Wyre 005A,Anti-social behaviour,,
,2019-02,Lancashire Constabulary,Lancashire Constabulary,-3.012664,53.917603,On or near Shopping Area,E01025575,Wyre 005B,Anti-social behaviour,,
,2019-02,Lancashire Constabulary,Lancashire Constabulary,-3.024485,53.914078,On or near Broomfield Road,E01025575,Wyre 005B,Anti-social behaviour,,
,2019-02,Lancashire Constabulary,Lancashire Constabulary,-3.028960,53.913419,On or near Forshaw Close,E01025575,Wyre 005B,Anti-social behaviour,,
,2019-02,Lancashire Constabulary,Lancashire Constabulary,-3.024485,53.914078,On or near Broomfield Road,E01025575,Wyre 005B,Anti-social behaviour,,
,2019-02,Lancashire Constabulary,Lancashire Constabulary,-3.027999,53.913985,On or near Armitstead Way,E01025575,Wyre 005B,Anti-social behaviour,,
,2019-02,Lancashire Constabulary,Lancashire Constabulary,-3.024983,53.915161,On or near Broomfield Road,E01025575,Wyre 005B,Anti-social behaviour,,
,2019-02,Lancashire Constabulary,Lancashire Constabulary,-3.014870,53.916254,On or near Shopping Area,E01025575,Wyre 005B,Anti-social behaviour,,
,2019-02,Lancashire Constabulary,Lancashire Constabulary,-3.024485,53.914078,On or near Broomfield Road,E01025575,Wyre 005B,Anti-social behaviour,,
,2019-02,Lancashire Constabulary,Lancashire Constabulary,-3.012965,53.919326,On or near Bayside,E01025575,Wyre 005B,Anti-social behaviour,,
,2019-02,Lancashire Constabulary,Lancashire Constabulary,-3.028960,53.913419,On or near Forshaw Close,E01025575,Wyre 005B,Anti-social behaviour,,
3e133fc1a4f9d8dff8fdd1786a5d3c80ac81290a6578e8a5633f153f239de8c0,2019-02,Lancashire Constabulary,Lancashire Constabulary,-3.024485,53.914078,On or near Broomfield Road,E01025575,Wyre 005B,Other theft,Unable to prosecute suspect,
b8340d4afbf86656b24aec40bef7c089ee9bcfe630dfdade3ee3fbfa39d7f201,2019-02,Lancashire Constabulary,Lancashire Constabulary,-3.024983,53.915161,On or near Broomfield Road,E01025575,Wyre 005B,Other theft,Status update unavailable,
94b5d767124e558cbda093d4b254440c11c15d5f17ea3921e23fd634048e349b,2019-02,Lancashire Constabulary,Lancashire Constabulary,-3.025648,53.912468,On or near Mayfield Place,E01025575,Wyre 005B,Other theft,Status update unavailable,
4f9f521d9f7b37513f85de784f9f44031701f8f5824860899e4a1bb5069454e1,2019-02,Lancashire Constabulary,Lancashire Constabulary,-3.012664,53.917603,On or near Shopping Area,E01025575,Wyre 005B,Public order,Status update unavailable,
a2eb1226c446fe6c5f36412785aa28fac8904c1114be839e416a1f087bc8ee09,2019-02,Lancashire Constabulary,Lancashire Constabulary,-3.025648,53.912468,On or near Mayfield Place,E01025575,Wyre 005B,Public order,Status update unavailable,
77d2ba94963c67219d3743f5c6d550da3657de61463e5c02c5271c4904d5a973,2019-02,Lancashire Constabulary,Lancashire Constabulary,-3.025648,53.912468,On or near Mayfield Place,E01025575,Wyre 005B,Public order,Status update unavailable,
7052f20f8a9ea912d71fdb623774bc74b73fced0b5d3aef29d9f0d1a1201f717,2019-02,Lancashire Constabulary,Lancashire Constabulary,-3.024485,53.914078,On or near Broomfield Road,E01025575,Wyre 005B,Public order,Unable to prosecute suspect,
2a7b74130e9109446bbf69049f7a57d48f9459a436dba6e9323b2cfb2b0b0ea3,2019-02,Lancashire Constabulary,Lancashire Constabulary,-3.012664,53.917603,On or near Shopping Area,E01025575,Wyre 005B,Shoplifting,Offender given penalty notice,
b227308f61cba1764d264177cf295dccee271edb84b0637353a6b6829cee76dc,2019-02,Lancashire Constabulary,Lancashire Constabulary,-3.012664,53.917603,On or near Shopping Area,E01025575,Wyre 005B,Shoplifting,Status update unavailable,
2de2210c673b2a2e24d4e386337e48cd44da8ecbc0c1667a994776183bb89b0b,2019-02,Lancashire Constabulary,Lancashire Constabulary,-3.013587,53.915465,On or near Park/Open Space,E01025575,Wyre 005B,Vehicle crime,Awaiting court outcome,
eec9305687ce72cf66d801237288be37d83571429aef07683e081a8f028b4c71,2019-02,Lancashire Constabulary,Lancashire Constabulary,-3.009901,53.918570,On or near Marina Mews,E01025575,Wyre 005B,Vehicle crime,Status update unavailable,
374f26f36d4bd73ef229c6338b37cfeabd916f683a2bb5de84ae624da9dd0725,2019-02,Lancashire Constabulary,Lancashire Constabulary,-3.009901,53.918570,On or near Marina Mews,E01025575,Wyre 005B,Vehicle crime,Status update unavailable,
5a6d79e7a9c23cf08afd074bbd1f2d54266e9836ac83ff54d133fd65c2deda30,2019-02,Lancashire Constabulary,Lancashire Constabulary,-3.025648,53.912468,On or near Mayfield Place,E01025575,Wyre 005B,Violence and sexual offences,Unable to prosecute suspect,
cabb94827487ec773984814132b3348328938bc3d80699fcc08e0eb010d12575,2019-02,Lancashire Constabulary,Lancashire Constabulary,-3.024485,53.914078,On or near Broomfield Road,E01025575,Wyre 005B,Violence and sexual offences,Unable to prosecute suspect,
64d05574dd04098fd79513e44f8f58f8ebcb2c3a1d4bdf331a164cb2cd9453ad,2019-02,Lancashire Constabulary,Lancashire Constabulary,-3.024485,53.914078,On or near Broomfield Road,E01025575,Wyre 005B,Violence and sexual offences,Status update unavailable,
d7da4ff229c9f8fbce8fd1af067b2a80ceedbd5110eac04d7583017f946430bb,2019-02,Lancashire Constabulary,Lancashire Constabulary,-3.012664,53.917603,On or near Shopping Area,E01025575,Wyre 005B,Violence and sexual offences,Status update unavailable,
69dc5de741145057966d752879cb7c43fc21dd8bcff66ca0ed9302fb8fdeff0a,2019-02,Lancashire Constabulary,Lancashire Constabulary,-3.013587,53.915465,On or near Park/Open Space,E01025575,Wyre 005B,Violence and sexual offences,Status update unavailable,
0f2955d3585828c6dfe61ab6221c5ac0d4680aa20b7b9ac0ba6b3662853bc539,2019-02,Lancashire Constabulary,Lancashire Constabulary,-3.025648,53.912468,On or near Mayfield Place,E01025575,Wyre 005B,Violence and sexual offences,Further investigation is not in the public interest,
53d784072d5457212cb6d27deb8dbd96bbc0138e8f81725e328ea24fc9159e89,2019-02,Lancashire Constabulary,Lancashire Constabulary,-3.024485,53.914078,On or near Broomfield Road,E01025575,Wyre 005B,Violence and sexual offences,Unable to prosecute suspect,
cddcfce0235acc1d20efde138a9c4f3f9b409a61c4a3d3251931397cdbb9da5b,2019-02,Lancashire Constabulary,Lancashire Constabulary,-3.024485,53.914078,On or near Broomfield Road,E01025575,Wyre 005B,Violence and sexual offences,Status update unavailable,
b712e93d3881357cd8bbc8491014a1c342210b8310d6a59efec629dd1c4a3fe3,2019-02,Lancashire Constabulary,Lancashire Constabulary,-3.027328,53.912705,On or near Lindel Road,E01025575,Wyre 005B,Violence and sexual offences,Unable to prosecute suspect,
2d169453579a2d78f1b59fde0aad34c4da1eb2f75fa3abb805c14f8d8feb06f5,2019-02,Lancashire Constabulary,Lancashire Constabulary,-3.014870,53.916254,On or near Shopping Area,E01025575,Wyre 005B,Other crime,Status update unavailable,
f8b61dc6d654f02b153786aef10bff9bf0816590c1a27b94ad3520e7a71bf664,2019-02,Lancashire Constabulary,Lancashire Constabulary,-3.012965,53.919326,On or near Bayside,E01025575,Wyre 005B,Other crime,Unable to prosecute suspect,
d56484549cdef62332c294b86cd35e554fac02bb5c148c8584df12f91f299754,2019-02,Lancashire Constabulary,Lancashire Constabulary,-3.014870,53.916254,On or near Shopping Area,E01025575,Wyre 005B,Other crime,Status update unavailable,
,2019-02,Lancashire Constabulary,Lancashire Constabulary,-3.028306,53.905407,On or near Maple Avenue,E01025578,Wyre 005C,Anti-social behaviour,,
,2019-02,Lancashire Constabulary,Lancashire Constabulary,-3.032536,53.912139,On or near Langwood Mews,E01025578,Wyre 005C,Anti-social behaviour,,
,2019-02,Lancashire Constabulary,Lancashire Constabulary,-3.028370,53.904930,On or near Hazel Avenue,E01025578,Wyre 005C,Anti-social behaviour,,
,2019-02,Lancashire Constabulary,Lancashire Constabulary,-3.030165,53.904232,On or near Wood Street,E01025578,Wyre 005C,Anti-social behaviour,,
,2019-02,Lancashire Constabulary,Lancashire Constabulary,-3.028306,53.905407,On or near Maple Avenue,E01025578,Wyre 005C,Anti-social behaviour,,
,2019-02,Lancashire Constabulary,Lancashire Constabulary,-3.028370,53.904930,On or near Hazel Avenue,E01025578,Wyre 005C,Anti-social behaviour,,
22942ad2914eba816cfa4ffc59b30a5676fc91c55557c3fdd4fc35704baf075a,2019-02,Lancashire Constabulary,Lancashire Constabulary,-3.029338,53.904059,On or near Cedar Avenue,E01025578,Wyre 005C,Bicycle theft,Status update unavailable,
fbdd2e78ecde359394bf30a38da7bd7652849c9134ae280b43a5ad3dc1f027b7,2019-02,Lancashire Constabulary,Lancashire Constabulary,-3.028370,53.904930,On or near Hazel Avenue,E01025578,Wyre 005C,Burglary,Status update unavailable,
b60c1f50b2f71dca698221b27acaa86284fbd0aac8e63b84814aaea726717a7f,2019-02,Lancashire Constabulary,Lancashire Constabulary,-3.033819,53.909198,On or near Wensley Avenue,E01025578,Wyre 005C,Other theft,Status update unavailable,
e3b2f16e5f002bfad8b845c7d044ca09b7ed65f452119aba29c0b127b30f41e7,2019-02,Lancashire Constabulary,Lancashire Constabulary,-3.033819,53.909198,On or near Wensley Avenue,E01025578,Wyre 005C,Vehicle crime,Status update unavailable,
103c89c1da012e04e8afaa7c83de6ec5c5ca4733500914cb4d6619131ce111bc,2019-02,Lancashire Constabulary,Lancashire Constabulary,-3.028306,53.905407,On or near Maple Avenue,E01025578,Wyre 005C,Violence and sexual offences,Further investigation is not in the public interest,
e333a8d6d84da869f531cb84179828de7a3705bdba2949aea0b87f1300fd92b8,2019-02,Lancashire Constabulary,Lancashire Constabulary,-3.028306,53.905407,On or near Maple Avenue,E01025578,Wyre 005C,Violence and sexual offences,Unable to prosecute suspect,
2e3a20aa31b32d2fcb079d1b0a5a5ab41c726f07b1961d212ad7ec7d0967b57d,2019-02,Lancashire Constabulary,Lancashire Constabulary,-3.028306,53.905407,On or near Maple Avenue,E01025578,Wyre 005C,Violence and sexual offences,Formal action is not in the public interest,
e92ecf947e33e991f597debfd2c8b72b7ec3d80aefd7fc2f9b80af223da94ed6,2019-02,Lancashire Constabulary,Lancashire Constabulary,-3.030165,53.904232,On or near Wood Street,E01025578,Wyre 005C,Violence and sexual offences,Unable to prosecute suspect,
00c7b9f4623b47521f638e9eacde2afab2d027cc97818aac5152e9b87a43e645,2019-02,Lancashire Constabulary,Lancashire Constabulary,-3.033819,53.909198,On or near Wensley Avenue,E01025578,Wyre 005C,Other crime,Status update unavailable,
e2dc79785d0edf88d8bbd7d94502d87951e2e54e9097beca8a4d06bcc86f45a3,2019-02,Lancashire Constabulary,Lancashire Constabulary,-3.028306,53.905407,On or near Maple Avenue,E01025578,Wyre 005C,Other crime,Unable to prosecute suspect,
,2019-02,Lancashire Constabulary,Lancashire Constabulary,-3.030463,53.912040,On or near Whinfield Avenue,E01025579,Wyre 005D,Anti-social behaviour,,
b30cfc31b5c05fe56cacb64d036d65af2854c9affcd48fc90735154e8573d0d9,2019-02,Lancashire Constabulary,Lancashire Constabulary,-3.026466,53.911059,On or near Radcliffe Road,E01025579,Wyre 005D,Bicycle theft,Status update unavailable,
502b412ca76e8494c236eec1ed7344b55a514d59bde661dab8d78949a0aea4c4,2019-02,Lancashire Constabulary,Lancashire Constabulary,-3.028057,53.911369,On or near Lingfield Road,E01025579,Wyre 005D,Criminal damage and arson,Status update unavailable,
92c69576e0ccbf93dc5f7012c5cbc4e8f1b57c484f6fffaf2847ff1bd3947a9a,2019-02,Lancashire Constabulary,Lancashire Constabulary,-3.026463,53.912182,On or near Wingrove Road,E01025579,Wyre 005D,Criminal damage and arson,Status update unavailable,
22724b8cab0782c44a238b33b86e33d9986c588c6c24ebbb0cd50738cd37db03,2019-02,Lancashire Constabulary,Lancashire Constabulary,-3.033472,53.913057,On or near Brentwood,E01025579,Wyre 005D,Other theft,Status update unavailable,
7c1bd36d2651b1c7f442d4eff6c2d228d1b83ed5ab8d46dead4c65df8e2271e7,2019-02,Lancashire Constabulary,Lancashire Constabulary,-3.031833,53.912649,On or near Westfield Avenue,E01025579,Wyre 005D,Other theft,Status update unavailable,
834cf852e8e80639ff770f8a070a79dbd64eb9a88ed98c6459d11cd75c20f35b,2019-02,Lancashire Constabulary,Lancashire Constabulary,-3.027937,53.910848,On or near Fairfield Court,E01025579,Wyre 005D,Public order,Unable to prosecute suspect,
ec5632c1d062a0b99104394ee218bf83b8444c0061b9a77082de065437deff11,2019-02,Lancashire Constabulary,Lancashire Constabulary,-3.030463,53.912040,On or near Whinfield Avenue,E01025579,Wyre 005D,Public order,Unable to prosecute suspect,
3f2b934eda514a2fe5d4d149e85bf902e70809fb3ef27b99cf939e836cbf6459,2019-02,Lancashire Constabulary,Lancashire Constabulary,-3.029459,53.912067,On or near Heathfield Road,E01025579,Wyre 005D,Violence and sexual offences,Unable to prosecute suspect,
ef9c49eaf736ab803ecf02ef388716646921264a5eb10151cb8b6c4c2e7db6f8,2019-02,Lancashire Constabulary,Lancashire Constabulary,-3.031833,53.912649,On or near Westfield Avenue,E01025579,Wyre 005D,Violence and sexual offences,Unable to prosecute suspect,
63a077dbf424797c877c311edbab449b0443ff921198f7b7daa60c333050c56d,2019-02,Lancashire Constabulary,Lancashire Constabulary,-3.027937,53.910848,On or near Fairfield Court,E01025579,Wyre 005D,Violence and sexual offences,Awaiting court outcome,
2e17e39ce4e6a9b0919aeb2c92459e64f256d24be0e54594dbba0d6080dd6475,2019-02,Lancashire Constabulary,Lancashire Constabulary,-3.033590,53.913487,On or near Petrol Station,E01025579,Wyre 005D,Violence and sexual offences,Status update unavailable,
1ea90238081c677c6ca5c990982f3a2586735bae26bf06ec194c51c73886e6fc,2019-02,Lancashire Constabulary,Lancashire Constabulary,-3.031833,53.912649,On or near Westfield Avenue,E01025579,Wyre 005D,Violence and sexual offences,Unable to prosecute suspect,
6886a010c98eccdd164f18b934be3941a9136624d34ace1c5be25e2c7486d7a8,2019-02,Lancashire Constabulary,Lancashire Constabulary,-3.030463,53.912040,On or near Whinfield Avenue,E01025579,Wyre 005D,Violence and sexual offences,Status update unavailable,
,2019-02,Lancashire Constabulary,Lancashire Constabulary,-3.031207,53.905149,On or near Supermarket,E01025580,Wyre 005E,Anti-social behaviour,,
c2832ba626a5e4e663f445851abf856e3e5b0b40c424ee9ee7b39216ac6a6438,2019-02,Lancashire Constabulary,Lancashire Constabulary,-3.033918,53.906456,On or near Larkholme Lane,E01025580,Wyre 005E,Burglary,Status update unavailable,
8f9c7b8929a68cd339abb1d1d4fa5db718e863c223e4b1e6005fb1c2eab68dbb,2019-02,Lancashire Constabulary,Lancashire Constabulary,-3.030647,53.904659,On or near Brook Street,E01025580,Wyre 005E,Other theft,Status update unavailable,
1ff2415cd4ccc81dadebd633848c8968b8a3d0f12f50a767fcb32d2e995f5f99,2019-02,Lancashire Constabulary,Lancashire Constabulary,-3.030647,53.904659,On or near Brook Street,E01025580,Wyre 005E,Public order,Status update unavailable,
f780c4dab233f8c3742973152197454c5afde62619492164e0f867dbedcf3057,2019-02,Lancashire Constabulary,Lancashire Constabulary,-3.034562,53.907870,On or near Mariners Close,E01025580,Wyre 005E,Violence and sexual offences,Unable to prosecute suspect,
07fbaa4942406a956ca4b382876c76030c9541678b6cfed58db312a1e03bd644,2019-02,Lancashire Constabulary,Lancashire Constabulary,-3.034880,53.904110,On or near Melbourne Avenue,E01025580,Wyre 005E,Violence and sexual offences,Further investigation is not in the public interest,
86e8db708b822f5880f4cee7e252ff13a3e1abd0ec8c51b5fe92b17113d9bc67,2019-02,Lancashire Constabulary,Lancashire Constabulary,-3.034837,53.904830,On or near Sports/Recreation Area,E01025580,Wyre 005E,Violence and sexual offences,Status update unavailable,
4cb291be7fd2598dd454bbdfd85f716b1bcb0cf45fce0edc7e350c3d7ff5e94d,2019-02,Lancashire Constabulary,Lancashire Constabulary,-3.023396,53.898807,On or near Rossall Lane,E01025580,Wyre 005E,Violence and sexual offences,Status update unavailable,
749a10d2a428eace9e4b13063f4b5c6335c52edfd6675fc26dab8c045a4233ae,2019-02,Lancashire Constabulary,Lancashire Constabulary,-3.023396,53.898807,On or near Rossall Lane,E01025580,Wyre 005E,Violence and sexual offences,Unable to prosecute suspect,
,2019-02,Lancashire Constabulary,Lancashire Constabulary,-2.761500,53.875705,On or near Mayflower Grove,E01025547,Wyre 006A,Anti-social behaviour,,
,2019-02,Lancashire Constabulary,Lancashire Constabulary,-2.761529,53.876459,On or near Woburn Way,E01025547,Wyre 006A,Anti-social behaviour,,
dfce5734af07d4f9cda438490ab48472956d35e5bae30321839aa780da398241,2019-02,Lancashire Constabulary,Lancashire Constabulary,-2.701083,53.888306,On or near Hobbs Lane,E01025547,Wyre 006A,Criminal damage and arson,Status update unavailable,
37e6a5ae87ffbdbf1ba4598dbc9beb92061b4d5864617374f5ede30c677f84d3,2019-02,Lancashire Constabulary,Lancashire Constabulary,-2.743583,53.855153,On or near Sycamore Road,E01025547,Wyre 006A,Other theft,Status update unavailable,
8dd48d1de67b671d47e6120878058344908943cdbfa97087bb7d7ad4910cf267,2019-02,Lancashire Constabulary,Lancashire Constabulary,-2.750348,53.865367,On or near Stanzaker Hall Drive,E01025547,Wyre 006A,Other theft,Status update unavailable,
a88e3074d8bfdb0cf6f5011f659011a9e3fb6e64d9a6acbc4a6f89eb7f283866,2019-02,Lancashire Constabulary,Lancashire Constabulary,-2.745692,53.851518,On or near Bilsborrow Lane,E01025547,Wyre 006A,Public order,Status update unavailable,
c9422c6cf923b2b1f3c487d6affe2535ea607423daf12b14a8e6eea5741556ad,2019-02,Lancashire Constabulary,Lancashire Constabulary,-2.745692,53.851518,On or near Bilsborrow Lane,E01025547,Wyre 006A,Public order,Status update unavailable,
c787e52d6f5f1bd210ea19141090d07740fc930d8c493a8750672a29f27e4043,2019-02,Lancashire Constabulary,Lancashire Constabulary,-2.763096,53.853071,On or near Further/Higher Educational Building,E01025547,Wyre 006A,Violence and sexual offences,Status update unavailable,
272fddda18abaf7663cd2eaba8717443c440c22ac018d630bcc08fae31dcf48b,2019-02,Lancashire Constabulary,Lancashire Constabulary,-2.745692,53.851518,On or near Bilsborrow Lane,E01025547,Wyre 006A,Violence and sexual offences,Status update unavailable,
b821ac8dea67681deb66dcffbc39a642cd594554b9e48b20733bed8c6dbe931a,2019-02,Lancashire Constabulary,Lancashire Constabulary,-2.763111,53.875640,On or near Burghley Brow,E01025547,Wyre 006A,Violence and sexual offences,Unable to prosecute suspect,
2340a812bd89856387cce74e74958d5b9c5cb0effe2dc0d2536447e045f6d1d0,2019-02,Lancashire Constabulary,Lancashire Constabulary,-2.763111,53.875640,On or near Burghley Brow,E01025547,Wyre 006A,Violence and sexual offences,Local resolution,
,2019-02,Lancashire Constabulary,Lancashire Constabulary,-2.714926,53.905085,On or near Burnside Avenue,E01025549,Wyre 006B,Anti-social behaviour,,
5273256811635078d8618504048f1253e37c97e4e82c9d0720aebd04efb7d949,2019-02,Lancashire Constabulary,Lancashire Constabulary,-2.767421,53.889230,On or near Garstang Road,E01025549,Wyre 006B,Bicycle theft,Status update unavailable,
f5ff12243d139a6bbac86fff9413d3f2656208183037ead133041fa19454c256,2019-02,Lancashire Constabulary,Lancashire Constabulary,-2.767421,53.889230,On or near Garstang Road,E01025549,Wyre 006B,Burglary,Status update unavailable,
62a75f325764e6ce6ef6def622f18c76cb3fd651a51ebce7d5c866bcdc754e2b,2019-02,Lancashire Constabulary,Lancashire Constabulary,-2.731494,53.909875,On or near Long Lane,E01025549,Wyre 006B,Burglary,Status update unavailable,
8ff858976777da543eabb8c2c561dc418ca2db63079bc857684263cc74d388c8,2019-02,Lancashire Constabulary,Lancashire Constabulary,-2.729141,53.893675,On or near Sullom Side Lane,E01025549,Wyre 006B,Burglary,Status update unavailable,
2374491254265c0f4ca7783ccc1581ea0e02b147fa7a9c11f9dfa50af6470fa7,2019-02,Lancashire Constabulary,Lancashire Constabulary,-2.741154,53.908656,On or near Delph Lane,E01025549,Wyre 006B,Violence and sexual offences,Unable to prosecute suspect,
,2019-02,Lancashire Constabulary,Lancashire Constabulary,-2.759295,53.934482,On or near Factory Brow,E01025609,Wyre 006C,Anti-social behaviour,,
,2019-02,Lancashire Constabulary,Lancashire Constabulary,-2.760582,53.961645,On or near Motorway Service Area,E01025609,Wyre 006C,Anti-social behaviour,,
,2019-02,Lancashire Constabulary,Lancashire Constabulary,-2.783951,53.947213,On or near Faulkner'S Lane,E01025609,Wyre 006C,Anti-social behaviour,,
,2019-02,Lancashire Constabulary,Lancashire Constabulary,-2.778690,53.959255,On or near Wallace Lane,E01025609,Wyre 006C,Anti-social behaviour,,
cf90b2433ae74bf7fc46ce5c23e7bd91b36d87eac8eafd7acd99419430391b37,2019-02,Lancashire Constabulary,Lancashire Constabulary,-2.783279,53.956079,On or near Ribblesdale Drive,E01025609,Wyre 006C,Criminal damage and arson,Status update unavailable,
91c526de7fdb36ec3018087a9b032183469c670388627e65b67edef15c5ce9a3,2019-02,Lancashire Constabulary,Lancashire Constabulary,-2.778690,53.959255,On or near Wallace Lane,E01025609,Wyre 006C,Public order,Status update unavailable,
c82eb95c6bde20135876b0daf4797a2b46f57ec7a3c362dbe6eea417e49ccee7,2019-02,Lancashire Constabulary,Lancashire Constabulary,-2.765634,53.952041,On or near Richmond Hill Lane,E01025609,Wyre 006C,Violence and sexual offences,Unable to prosecute suspect,
468164a307e1c5a4272cae3d18c043e26cc11fc19be7818d46e006b746c5f5d7,2019-02,Lancashire Constabulary,Lancashire Constabulary,-2.780810,53.956104,On or near Lakeland Close,E01025609,Wyre 006C,Violence and sexual offences,Status update unavailable,
2e2c4eb941a232cf455dbf67cc440e50f95dae9824817f7d6e2d26e2b2cb20f3,2019-02,Lancashire Constabulary,Lancashire Constabulary,-2.780810,53.956104,On or near Lakeland Close,E01025609,Wyre 006C,Other crime,Status update unavailable,
f986e1689f84a41fc7680438ab1ee2f6f7ad306d697ef4152bf2f2e162ac476e,2019-02,Lancashire Constabulary,Lancashire Constabulary,-2.777243,53.914243,On or near Petrol Station,E01025548,Wyre 007A,Drugs,Offender given penalty notice,
a649a7dc39522fd95acba7f7ba3cf609bfa71f408e1d8b49ee59bbec642d3e18,2019-02,Lancashire Constabulary,Lancashire Constabulary,-2.781165,53.908214,On or near Croston Road,E01025548,Wyre 007A,Other theft,Status update unavailable,
1ff3a7d0f9f24806087368777562dce526cde56806cdc1f7e9f8ccc993e89717,2019-02,Lancashire Constabulary,Lancashire Constabulary,-2.771814,53.938519,On or near Station Lane,E01025548,Wyre 007A,Violence and sexual offences,Unable to prosecute suspect,
ff04ee3986f16b423e7f1eda948430b8f4a733d0caaa7e6c99a89bcba19edfe0,2019-02,Lancashire Constabulary,Lancashire Constabulary,-2.776347,53.914357,On or near Petrol Station,E01025548,Wyre 007A,Violence and sexual offences,Unable to prosecute suspect,
ac6a43f3d5d791942a0ad14ffb1f6469c1e3df14ae9ef9cc0d6d364040c301be,2019-02,Lancashire Constabulary,Lancashire Constabulary,-2.778567,53.873276,On or near Catterall Lane,E01025553,Wyre 007B,Burglary,Status update unavailable,
dac7dd9af52344185c93ef2f57a4088eb379d0d9d1424d2d0b6de9cb4ed1529e,2019-02,Lancashire Constabulary,Lancashire Constabulary,-2.769411,53.877452,On or near Chapelside Close,E01025553,Wyre 007B,Drugs,Local resolution,
833f07d7b57800e28841c3d87edb1c36866d37179ef645b4cd2657e01d9ea107,2019-02,Lancashire Constabulary,Lancashire Constabulary,-2.781056,53.881996,On or near Petrol Station,E01025553,Wyre 007B,Drugs,Status update unavailable,
031c72c959c1b0a3a04b7ab21f87a508123f20710dd77ce0de4cef9134b3c948,2019-02,Lancashire Constabulary,Lancashire Constabulary,-2.781056,53.881996,On or near Petrol Station,E01025553,Wyre 007B,Other theft,Status update unavailable,
3e88ef4e98045869c5fbb9c8b969f62446a17619b34e0552f68b98f66bf9c71a,2019-02,Lancashire Constabulary,Lancashire Constabulary,-2.781056,53.881996,On or near Petrol Station,E01025553,Wyre 007B,Shoplifting,Status update unavailable,
8122fd9793429ee9173b8fef9515301ea572b7fc722f52eb300e64bcce996073,2019-02,Lancashire Constabulary,Lancashire Constabulary,-2.767102,53.880909,On or near The Parklands,E01025553,Wyre 007B,Vehicle crime,Awaiting court outcome,
58e229558b502c160fee42527b24df6a748f81bae3b78b6882a99323d9a42fbe,2019-02,Lancashire Constabulary,Lancashire Constabulary,-2.769411,53.877452,On or near Chapelside Close,E01025553,Wyre 007B,Violence and sexual offences,Unable to prosecute suspect,
4d0b12c7dad6863146f9c1381797daf215db58065d389ab9c60f20f8ca3142db,2019-02,Lancashire Constabulary,Lancashire Constabulary,-2.768810,53.881986,On or near Keppers Wood Way,E01025553,Wyre 007B,Violence and sexual offences,Unable to prosecute suspect,
11aec8b0494dd5619c6817804bb8dabde15d3db5ccd503251b34282a799432df,2019-02,Lancashire Constabulary,Lancashire Constabulary,-2.769948,53.878500,On or near Parkers Fold,E01025553,Wyre 007B,Violence and sexual offences,Unable to prosecute suspect,
fbc0afcaeb9f5362c98d0e5c109f8e7c1ac2485f59581dd49c6fb760916f86fe,2019-02,Lancashire Constabulary,Lancashire Constabulary,-2.766434,53.882657,On or near Meadowcroft Avenue,E01025553,Wyre 007B,Violence and sexual offences,Status update unavailable,
84af9c89d2c97d1125eee657104495547dbef3b85453ae1b3c94894a02394dc7,2019-02,Lancashire Constabulary,Lancashire Constabulary,-2.781516,53.880555,On or near Sports/Recreation Area,E01025553,Wyre 007B,Other crime,Status update unavailable,
3c57ccf71c77262891779b184a3ab1d6ebdcbf415351a8b3ea6cbf97bdd574ce,2019-02,Lancashire Constabulary,Lancashire Constabulary,-2.775573,53.901365,On or near Rope Walk,E01025558,Wyre 007C,Shoplifting,Investigation complete; no suspect identified,
8ddf5329573bea2dac0aef4259c7e9855e7b7c46cbe6a2e6922338c59b83cb43,2019-02,Lancashire Constabulary,Lancashire Constabulary,-2.775573,53.901365,On or near Rope Walk,E01025558,Wyre 007C,Shoplifting,Status update unavailable,
8d5ff23d842894f46b2fb1ced7b6d25c7f17e90897a0215d885c28d94a7f8953,2019-02,Lancashire Constabulary,Lancashire Constabulary,-2.775573,53.901365,On or near Rope Walk,E01025558,Wyre 007C,Shoplifting,Status update unavailable,
310c50763f89f6dc1913c112db08ee3518ade110b9f6f24a79d63a53be4e94a9,2019-02,Lancashire Constabulary,Lancashire Constabulary,-2.775573,53.901365,On or near Rope Walk,E01025558,Wyre 007C,Shoplifting,Status update unavailable,
,2019-02,Lancashire Constabulary,Lancashire Constabulary,-2.775540,53.897905,On or near Supermarket,E01025559,Wyre 007D,Anti-social behaviour,,
,2019-02,Lancashire Constabulary,Lancashire Constabulary,-2.780991,53.898894,On or near Grizedale Avenue,E01025559,Wyre 007D,Anti-social behaviour,,
,2019-02,Lancashire Constabulary,Lancashire Constabulary,-2.782803,53.898119,On or near Beacon Grove,E01025559,Wyre 007D,Anti-social behaviour,,
,2019-02,Lancashire Constabulary,Lancashire Constabulary,-2.785017,53.899327,On or near Hazelhurst Drive,E01025559,Wyre 007D,Anti-social behaviour,,
,2019-02,Lancashire Constabulary,Lancashire Constabulary,-2.777629,53.898134,On or near Park/Open Space,E01025559,Wyre 007D,Anti-social behaviour,,
,2019-02,Lancashire Constabulary,Lancashire Constabulary,-2.774984,53.899949,On or near High Street,E01025559,Wyre 007D,Anti-social behaviour,,
,2019-02,Lancashire Constabulary,Lancashire Constabulary,-2.774984,53.899949,On or near High Street,E01025559,Wyre 007D,Anti-social behaviour,,
,2019-02,Lancashire Constabulary,Lancashire Constabulary,-2.775540,53.897905,On or near Supermarket,E01025559,Wyre 007D,Anti-social behaviour,,
257a2a377c4811df3eedeb66f8744879daa4040e7ba387d096d39d412445af1b,2019-02,Lancashire Constabulary,Lancashire Constabulary,-2.774356,53.902218,On or near Supermarket,E01025559,Wyre 007D,Burglary,Status update unavailable,
bb9e5e42bb4cb3858f49beba981ca6c56fe569d2cb49596d533674d898f14b24,2019-02,Lancashire Constabulary,Lancashire Constabulary,-2.787593,53.900334,On or near Moss Lane,E01025559,Wyre 007D,Burglary,Unable to prosecute suspect,
1cf97d9cad1b797c652b9282fd064f2c43b2f79fe5cdd33d7d58e57c90efe9e0,2019-02,Lancashire Constabulary,Lancashire Constabulary,-2.774356,53.902218,On or near Supermarket,E01025559,Wyre 007D,Burglary,Status update unavailable,
7be939e9a15b3a28952c4406ebc90f715bb7c33a0843a931d9b1801bb372a7c5,2019-02,Lancashire Constabulary,Lancashire Constabulary,-2.772855,53.902524,On or near Parking Area,E01025559,Wyre 007D,Drugs,Local resolution,
cec3635d312a1f5efb63ab3f6be8fb78aa4e26d47e1d9d0272c9fe872fba57b7,2019-02,Lancashire Constabulary,Lancashire Constabulary,-2.785254,53.897357,On or near Sports/Recreation Area,E01025559,Wyre 007D,Other theft,Status update unavailable,
f76202db951ba52bdb7f747dc4bb53450c55a7d1967396a3f3d4dcf9a7819820,2019-02,Lancashire Constabulary,Lancashire Constabulary,-2.774356,53.902218,On or near Supermarket,E01025559,Wyre 007D,Public order,Status update unavailable,
6008e2e878a3f48e96ac37a0b63640c84c1577eec8d6455867a52fda7d4348a2,2019-02,Lancashire Constabulary,Lancashire Constabulary,-2.785254,53.897357,On or near Sports/Recreation Area,E01025559,Wyre 007D,Violence and sexual offences,Status update unavailable,
d46d2853ca72785dd1e4fa198f20756d71cfdc27c8100ea2f1a0a1843d08c984,2019-02,Lancashire Constabulary,Lancashire Constabulary,-2.785017,53.899327,On or near Hazelhurst Drive,E01025559,Wyre 007D,Violence and sexual offences,Unable to prosecute suspect,
2291f5b75cfb61e08aa3c1047afcb3a51c170905d1eaaf13779fa9f0f9524c18,2019-02,Lancashire Constabulary,Lancashire Constabulary,-2.774995,53.900533,On or near Thomas'S Weind,E01025559,Wyre 007D,Violence and sexual offences,Status update unavailable,
6ecf946fb2ad048f8431236ff6501b5b1133f4057b9d1700ab54f9bfde527319,2019-02,Lancashire Constabulary,Lancashire Constabulary,-2.784164,53.898487,On or near Parlick Road,E01025559,Wyre 007D,Violence and sexual offences,Unable to prosecute suspect,
5a52d0a782c29cc29b13c61c50285d24ac2f16b5876313b5fabb070607d81954,2019-02,Lancashire Constabulary,Lancashire Constabulary,-2.785254,53.897357,On or near Sports/Recreation Area,E01025559,Wyre 007D,Violence and sexual offences,Further investigation is not in the public interest,
fe429d71393183e01dc05a1dd8ee67a34f759c6555290ea0706a9812c33bbd8f,2019-02,Lancashire Constabulary,Lancashire Constabulary,-2.778181,53.902445,On or near Violet Grove,E01025560,Wyre 007E,Burglary,Status update unavailable,
,2019-02,Lancashire Constabulary,Lancashire Constabulary,-3.027384,53.883969,On or near Warwick Avenue,E01025554,Wyre 008A,Anti-social behaviour,,
ae9c59e9a284aa1fe98072e29889aa35e97b74038a0a509d16c2ce77ddbc23fc,2019-02,Lancashire Constabulary,Lancashire Constabulary,-3.028607,53.884822,On or near Halton Avenue,E01025554,Wyre 008A,Violence and sexual offences,Unable to prosecute suspect,
617b9a9e1383d3269e96485b5b1f1436860b6b907d3e56acfb379f78afc57546,2019-02,Lancashire Constabulary,Lancashire Constabulary,-3.028599,53.885739,On or near Brook Grove,E01025554,Wyre 008A,Violence and sexual offences,Unable to prosecute suspect,
2ace83ef00d6c764a7d341a6d9154172910f094f48717e12f4526336c3a04ad2,2019-02,Lancashire Constabulary,Lancashire Constabulary,-3.028599,53.885739,On or near Brook Grove,E01025554,Wyre 008A,Violence and sexual offences,Unable to prosecute suspect,
49711430ecb71a0ec237e81a6881ed78b9831c147dcb5585e2383c6f70523125,2019-02,Lancashire Constabulary,Lancashire Constabulary,-3.028599,53.885739,On or near Brook Grove,E01025554,Wyre 008A,Violence and sexual offences,Awaiting court outcome,
,2019-02,Lancashire Constabulary,Lancashire Constabulary,-3.038090,53.883167,On or near Bedford Avenue,E01025556,Wyre 008B,Anti-social behaviour,,
,2019-02,Lancashire Constabulary,Lancashire Constabulary,-3.036464,53.886336,On or near Oxenholme Avenue,E01025556,Wyre 008B,Anti-social behaviour,,
,2019-02,Lancashire Constabulary,Lancashire Constabulary,-3.039610,53.883100,On or near Rossall Road,E01025556,Wyre 008B,Anti-social behaviour,,
0173b4b57013a75170f19f313f2a1cb5d84eec09738ee8760903b5bdab9f6c52,2019-02,Lancashire Constabulary,Lancashire Constabulary,-3.039148,53.882879,On or near Gloucester Avenue,E01025556,Wyre 008B,Criminal damage and arson,Status update unavailable,
ea5db3427e2add453b7fcb8bd56f079f756a7f570fbd261db07a0d9cf1b0164c,2019-02,Lancashire Constabulary,Lancashire Constabulary,-3.039148,53.882879,On or near Gloucester Avenue,E01025556,Wyre 008B,Drugs,Offender given penalty notice,
37d8191d32e953c5c89e7ee1b3ca9485b6207c28d6f35aec81ef469f40159399,2019-02,Lancashire Constabulary,Lancashire Constabulary,-3.035125,53.881404,On or near Leicester Gate,E01025556,Wyre 008B,Robbery,Status update unavailable,
035b5acb2ce5391dbafe85f68fcdbbd9b389a99e3087865989c4d7001d627113,2019-02,Lancashire Constabulary,Lancashire Constabulary,-3.038090,53.883167,On or near Bedford Avenue,E01025556,Wyre 008B,Violence and sexual offences,Status update unavailable,
090bdf6ea37eab1f49dc90bf402afd03232a8de68e8a234f030020ad245e9735,2019-02,Lancashire Constabulary,Lancashire Constabulary,-3.038090,53.883167,On or near Bedford Avenue,E01025556,Wyre 008B,Violence and sexual offences,Unable to prosecute suspect,
ff65387b99f4fe40fe493b005222b291d2b664ce4e68b193b035ae0a92fb9a42,2019-02,Lancashire Constabulary,Lancashire Constabulary,-3.035195,53.881745,On or near Leicester Avenue,E01025556,Wyre 008B,Violence and sexual offences,Status update unavailable,
699594689a0c4045f6d2b1ada87ba788018bf7c56857e01e8ae671ca1135f2e9,2019-02,Lancashire Constabulary,Lancashire Constabulary,-3.036464,53.886336,On or near Oxenholme Avenue,E01025556,Wyre 008B,Violence and sexual offences,Status update unavailable,
dab214fa15591669e6d7e238529e0417738de6fd366d975c04b4b923e056e29c,2019-02,Lancashire Constabulary,Lancashire Constabulary,-3.039610,53.883100,On or near Rossall Road,E01025556,Wyre 008B,Violence and sexual offences,Status update unavailable,
b10e08aa5d95ee6113f7a867a1785984b5d1f55eb4764baf0b1e66076fbba172,2019-02,Lancashire Constabulary,Lancashire Constabulary,-3.037025,53.887482,On or near Alston Avenue,E01025556,Wyre 008B,Violence and sexual offences,Further investigation is not in the public interest,
24ab847dddb03a5fd386ec9da9278b523e82a951e6b833ef5ee9a4a1c952f5f8,2019-02,Lancashire Constabulary,Lancashire Constabulary,-3.037025,53.887482,On or near Alston Avenue,E01025556,Wyre 008B,Violence and sexual offences,Unable to prosecute suspect,
d8c81c48fe4209c686d0b7a180cbc1100efb30e78fa8a404e679b3f88a76769b,2019-02,Lancashire Constabulary,Lancashire Constabulary,-3.037025,53.887482,On or near Alston Avenue,E01025556,Wyre 008B,Violence and sexual offences,Unable to prosecute suspect,
c03c3e29d32721b6b435b8839393d00ab8320a2e065623b2b9eaed81aa699e7f,2019-02,Lancashire Constabulary,Lancashire Constabulary,-3.037025,53.887482,On or near Alston Avenue,E01025556,Wyre 008B,Violence and sexual offences,Unable to prosecute suspect,
25a0660bb57bca9c67c56be0d03dafa5069b67f5e4dfef73a304936cd4af5dfe,2019-02,Lancashire Constabulary,Lancashire Constabulary,-3.037025,53.887482,On or near Alston Avenue,E01025556,Wyre 008B,Violence and sexual offences,Status update unavailable,
b40eb5812ae82621f1801842b96701a85c665d8966ac1516df17d6484688540b,2019-02,Lancashire Constabulary,Lancashire Constabulary,-3.036464,53.886336,On or near Oxenholme Avenue,E01025556,Wyre 008B,Violence and sexual offences,Status update unavailable,
89a32fb60df2b27a20e890c39bef2455703fc7980d671c2b720275d7e0b6114e,2019-02,Lancashire Constabulary,Lancashire Constabulary,-3.037025,53.887482,On or near Alston Avenue,E01025556,Wyre 008B,Violence and sexual offences,Unable to prosecute suspect,
,2019-02,Lancashire Constabulary,Lancashire Constabulary,-3.044749,53.878130,On or near Princess Road,E01025570,Wyre 008C,Anti-social behaviour,,
,2019-02,Lancashire Constabulary,Lancashire Constabulary,-3.043207,53.878503,On or near Rough Lea Road,E01025570,Wyre 008C,Anti-social behaviour,,
,2019-02,Lancashire Constabulary,Lancashire Constabulary,-3.045736,53.877411,On or near Kings Road,E01025570,Wyre 008C,Anti-social behaviour,,
,2019-02,Lancashire Constabulary,Lancashire Constabulary,-3.041599,53.879299,On or near Nutter Road,E01025570,Wyre 008C,Anti-social behaviour,,
,2019-02,Lancashire Constabulary,Lancashire Constabulary,-3.040208,53.880848,On or near West Drive West,E01025570,Wyre 008C,Anti-social behaviour,,
,2019-02,Lancashire Constabulary,Lancashire Constabulary,-3.042475,53.876595,On or near Runnymede Avenue,E01025570,Wyre 008C,Anti-social behaviour,,
,2019-02,Lancashire Constabulary,Lancashire Constabulary,-3.043207,53.878503,On or near Rough Lea Road,E01025570,Wyre 008C,Anti-social behaviour,,
,2019-02,Lancashire Constabulary,Lancashire Constabulary,-3.045420,53.876335,On or near Ellerbeck Road,E01025570,Wyre 008C,Anti-social behaviour,,
,2019-02,Lancashire Constabulary,Lancashire Constabulary,-3.047017,53.878766,On or near Parking Area,E01025570,Wyre 008C,Anti-social behaviour,,
,2019-02,Lancashire Constabulary,Lancashire Constabulary,-3.041541,53.876944,On or near Shopping Area,E01025570,Wyre 008C,Anti-social behaviour,,
,2019-02,Lancashire Constabulary,Lancashire Constabulary,-3.045736,53.877411,On or near Kings Road,E01025570,Wyre 008C,Anti-social behaviour,,
,2019-02,Lancashire Constabulary,Lancashire Constabulary,-3.043207,53.878503,On or near Rough Lea Road,E01025570,Wyre 008C,Anti-social behaviour,,
,2019-02,Lancashire Constabulary,Lancashire Constabulary,-3.045420,53.876335,On or near Ellerbeck Road,E01025570,Wyre 008C,Anti-social behaviour,,
,2019-02,Lancashire Constabulary,Lancashire Constabulary,-3.044749,53.878130,On or near Princess Road,E01025570,Wyre 008C,Anti-social behaviour,,
,2019-02,Lancashire Constabulary,Lancashire Constabulary,-3.041541,53.876944,On or near Shopping Area,E01025570,Wyre 008C,Anti-social behaviour,,
,2019-02,Lancashire Constabulary,Lancashire Constabulary,-3.042475,53.876595,On or near Runnymede Avenue,E01025570,Wyre 008C,Anti-social behaviour,,
,2019-02,Lancashire Constabulary,Lancashire Constabulary,-3.044749,53.878130,On or near Princess Road,E01025570,Wyre 008C,Anti-social behaviour,,
,2019-02,Lancashire Constabulary,Lancashire Constabulary,-3.044749,53.878130,On or near Princess Road,E01025570,Wyre 008C,Anti-social behaviour,,
,2019-02,Lancashire Constabulary,Lancashire Constabulary,-3.043185,53.877613,On or near Supermarket,E01025570,Wyre 008C,Anti-social behaviour,,
c6c4f482eef79f90c90d19773fda9d60f24bd0c841547ad47c049e68f1fa2f7b,2019-02,Lancashire Constabulary,Lancashire Constabulary,-3.041561,53.877744,On or near Shopping Area,E01025570,Wyre 008C,Burglary,Status update unavailable,
80f4e07a20b92d8fdd2bf8c5fa68e1ac0dd723d4d911769ca943b17917c93fcc,2019-02,Lancashire Constabulary,Lancashire Constabulary,-3.043628,53.876459,On or near Bispham Road,E01025570,Wyre 008C,Criminal damage and arson,Status update unavailable,
ede22c3c070a698409d5d8bdd72bfb76e2ac0cb1b58b00d6f09f89d5979f48c7,2019-02,Lancashire Constabulary,Lancashire Constabulary,-3.042475,53.876595,On or near Runnymede Avenue,E01025570,Wyre 008C,Criminal damage and arson,Unable to prosecute suspect,
621d375fe86680d3b19712451e6060ec8422855b5f6761629db37efbfad4483f,2019-02,Lancashire Constabulary,Lancashire Constabulary,-3.041643,53.876152,On or near Crescent West,E01025570,Wyre 008C,Other theft,Status update unavailable,
650985d4271bb162e198b034f2232ffd53b394958262775a7b450613af3c95ee,2019-02,Lancashire Constabulary,Lancashire Constabulary,-3.043424,53.877440,On or near Victoria Road West,E01025570,Wyre 008C,Other theft,Unable to prosecute suspect,
f5a7c602a9a592380880bf019712988bb02b288f9cd9647d72480cde491a2d4c,2019-02,Lancashire Constabulary,Lancashire Constabulary,-3.041541,53.876944,On or near Shopping Area,E01025570,Wyre 008C,Possession of weapons,Status update unavailable,
a5fdd33656b2c64e8e135c29f9b42414ec5547b84e1d0fd1bf8feffa4eb1a6ec,2019-02,Lancashire Constabulary,Lancashire Constabulary,-3.041541,53.876944,On or near Shopping Area,E01025570,Wyre 008C,Public order,Local resolution,
2e1feba1cc98426d730b9a30626946204f5e13a794e35952be72a0619c86f746,2019-02,Lancashire Constabulary,Lancashire Constabulary,-3.041541,53.876944,On or near Shopping Area,E01025570,Wyre 008C,Public order,Local resolution,
76cb6a06ebbff69b6030b6a608ca2b6cbd2ebefcec48719af2e5aa07031f0e61,2019-02,Lancashire Constabulary,Lancashire Constabulary,-3.044749,53.878130,On or near Princess Road,E01025570,Wyre 008C,Public order,Status update unavailable,
73d8a8d2dc76de8965182cd24baaab17fcf7e21cd4561b5fce879141e8d8da0f,2019-02,Lancashire Constabulary,Lancashire Constabulary,-3.044749,53.878130,On or near Princess Road,E01025570,Wyre 008C,Public order,Status update unavailable,
56316e735c31effd660ed8384d1631e86154a5d7f262943fd50ffe801c8bc8f8,2019-02,Lancashire Constabulary,Lancashire Constabulary,-3.044749,53.878130,On or near Princess Road,E01025570,Wyre 008C,Public order,Status update unavailable,
1de45f791c97238dd9f7803b3cdfb477cc7b73b548fa4d4abf05229f04732aaf,2019-02,Lancashire Constabulary,Lancashire Constabulary,-3.045461,53.880443,On or near Cambridge Road,E01025570,Wyre 008C,Public order,Formal action is not in the public interest,
7234c53f40067ec9447c931fb838ef3e4e780f63c6adda1a85d0d27a6c8cfeed,2019-02,Lancashire Constabulary,Lancashire Constabulary,-3.044749,53.878130,On or near Princess Road,E01025570,Wyre 008C,Public order,Status update unavailable,
761a69ed81b583e5b815d87f5494245ec1c16748009af2242d0558d50439807e,2019-02,Lancashire Constabulary,Lancashire Constabulary,-3.044749,53.878130,On or near Princess Road,E01025570,Wyre 008C,Shoplifting,Awaiting court outcome,
e72f5514d796f968407457369082e050723b8044263ac4250429f1c9114c84df,2019-02,Lancashire Constabulary,Lancashire Constabulary,-3.043424,53.877440,On or near Victoria Road West,E01025570,Wyre 008C,Shoplifting,Status update unavailable,
e8e0a5cdd28a385d562a652661516db5c7fe213e5e9313013c9a368151cc215c,2019-02,Lancashire Constabulary,Lancashire Constabulary,-3.043185,53.877613,On or near Supermarket,E01025570,Wyre 008C,Shoplifting,Status update unavailable,
4115332e1afea25de8cdc4f037aa4353a66999252b866f91440068cdfc11d988,2019-02,Lancashire Constabulary,Lancashire Constabulary,-3.041541,53.876944,On or near Shopping Area,E01025570,Wyre 008C,Shoplifting,Status update unavailable,
8eb1a14c603fc4a6dd038a7a4553818ae720824f7cd6580b79b364cc44bc18bc,2019-02,Lancashire Constabulary,Lancashire Constabulary,-3.041541,53.876944,On or near Shopping Area,E01025570,Wyre 008C,Theft from the person,Status update unavailable,
2fb4781870bbc591aec5b8a9f61b7d6a223fc2288be139fe4fa8535fa9abf758,2019-02,Lancashire Constabulary,Lancashire Constabulary,-3.041561,53.877744,On or near Shopping Area,E01025570,Wyre 008C,Theft from the person,Status update unavailable,
5690f79d7a89f44b3b035766aae60e5af82d1470f340af2217311ca8917d7a6b,2019-02,Lancashire Constabulary,Lancashire Constabulary,-3.041541,53.876944,On or near Shopping Area,E01025570,Wyre 008C,Violence and sexual offences,Status update unavailable,
22c53cad4989ce0d3ccd5924a89940712289c9122c4e1721ce2113f98d037eff,2019-02,Lancashire Constabulary,Lancashire Constabulary,-3.044682,53.877250,On or near Slater Road,E01025570,Wyre 008C,Violence and sexual offences,Status update unavailable,
bd86eac2337add7247299c9d7bddb12033c6d2c2ec9ab778d5577017d7ab6a6a,2019-02,Lancashire Constabulary,Lancashire Constabulary,-3.041599,53.879299,On or near Nutter Road,E01025570,Wyre 008C,Violence and sexual offences,Local resolution,
e1f8892aae44e7f070ec94e2e3198c36e64fa8ccdca7ffecab2442973a9d996c,2019-02,Lancashire Constabulary,Lancashire Constabulary,-3.044749,53.878130,On or near Princess Road,E01025570,Wyre 008C,Violence and sexual offences,Unable to prosecute suspect,
05ff9a608b25aafbd86d9b26b668b75266f67dd779d5a58420de09eb9c0d713d,2019-02,Lancashire Constabulary,Lancashire Constabulary,-3.039935,53.877821,On or near Rossall Road,E01025570,Wyre 008C,Violence and sexual offences,Unable to prosecute suspect,
2f0ff3e69601fdc19c2ae698bf0977083c276e3a9001b4ddd6a8c0252f5668cf,2019-02,Lancashire Constabulary,Lancashire Constabulary,-3.043207,53.878503,On or near Rough Lea Road,E01025570,Wyre 008C,Violence and sexual offences,Awaiting court outcome,
,2019-02,Lancashire Constabulary,Lancashire Constabulary,-3.040348,53.881593,On or near Beach Avenue,E01025571,Wyre 008D,Anti-social behaviour,,
,2019-02,Lancashire Constabulary,Lancashire Constabulary,-3.041608,53.882085,On or near Manor Drive,E01025571,Wyre 008D,Anti-social behaviour,,
,2019-02,Lancashire Constabulary,Lancashire Constabulary,-3.044997,53.881948,On or near Ocean Way,E01025571,Wyre 008D,Anti-social behaviour,,
462ebe136279e550393d82da17c41c3272d335fc0f2a2a7c3d2ec5bae153021b,2019-02,Lancashire Constabulary,Lancashire Constabulary,-3.043483,53.879183,On or near Slinger Road,E01025571,Wyre 008D,Burglary,Status update unavailable,
2b5c2d256d5ba61c747cc30393842c1e396b6b5f22a53f5b1239683b967607c5,2019-02,Lancashire Constabulary,Lancashire Constabulary,-3.040348,53.881593,On or near Beach Avenue,E01025571,Wyre 008D,Criminal damage and arson,Awaiting court outcome,
981463c400812013b9198a07ab6579c4119fe7600a4f56269799650cb6b2e774,2019-02,Lancashire Constabulary,Lancashire Constabulary,-3.046325,53.885163,On or near Parking Area,E01025571,Wyre 008D,Public order,Status update unavailable,
,2019-02,Lancashire Constabulary,Lancashire Constabulary,-3.044165,53.891294,On or near College Gate,E01025572,Wyre 008E,Anti-social behaviour,,
,2019-02,Lancashire Constabulary,Lancashire Constabulary,-3.041634,53.888628,On or near The Square,E01025572,Wyre 008E,Anti-social behaviour,,
,2019-02,Lancashire Constabulary,Lancashire Constabulary,-3.042189,53.886511,On or near Queens Walk,E01025572,Wyre 008E,Anti-social behaviour,,
d132ade28ff02d28e792c43335af635aff5fb582fcc6dadf7fd1b1d317f45003,2019-02,Lancashire Constabulary,Lancashire Constabulary,-3.043519,53.890392,On or near Shaftesbury Avenue,E01025572,Wyre 008E,Burglary,Status update unavailable,
983a30ff154899cb9e10c0645055378d4b9b1cba379a582ae707fa05d09743d0,2019-02,Lancashire Constabulary,Lancashire Constabulary,-3.040416,53.884945,On or near Rossall Gardens,E01025572,Wyre 008E,Burglary,Status update unavailable,
7fd9bd18c50dfaf67a9ad75ddeb941f7efc50e41d26f811a5acb37e654dec566,2019-02,Lancashire Constabulary,Lancashire Constabulary,-3.040416,53.884945,On or near Rossall Gardens,E01025572,Wyre 008E,Burglary,Status update unavailable,
fc7421296fe99f9c0007ef3ce161d180e61e67d6befedfa6c50e69f534cf11f0,2019-02,Lancashire Constabulary,Lancashire Constabulary,-3.042189,53.886511,On or near Queens Walk,E01025572,Wyre 008E,Vehicle crime,Status update unavailable,
a3167f62425afff6601d05a5f55c3bdc4ddfd08732ce47daf46ea495b90eecf6,2019-02,Lancashire Constabulary,Lancashire Constabulary,-3.041639,53.890057,On or near King'S Walk,E01025572,Wyre 008E,Vehicle crime,Status update unavailable,
c5b562f2afebb20bf155a8a1dceac0b437a1dd285c457df3d61d0a6aeddf294d,2019-02,Lancashire Constabulary,Lancashire Constabulary,-3.042189,53.886511,On or near Queens Walk,E01025572,Wyre 008E,Vehicle crime,Status update unavailable,
e57c93bb585d22a182ff634c769bdffe9934e86ddb91357bb93d2416cf478a0e,2019-02,Lancashire Constabulary,Lancashire Constabulary,-3.042189,53.886511,On or near Queens Walk,E01025572,Wyre 008E,Vehicle crime,Status update unavailable,
a38ebdae4f09b43df159b1de90975afe36bb213d24e8831404e8eb13208e4856,2019-02,Lancashire Constabulary,Lancashire Constabulary,-3.041055,53.888606,On or near The Way Gate,E01025572,Wyre 008E,Violence and sexual offences,Status update unavailable,
8f367fa8ab685a5679be4e04e62f7461b157dd4071ab84bf6349eb60fc7bb2c8,2019-02,Lancashire Constabulary,Lancashire Constabulary,-3.040221,53.890582,On or near Broadway,E01025572,Wyre 008E,Violence and sexual offences,Further investigation is not in the public interest,
735c420fe22964a4cdbbcd25eef3042fdd80c3e96a260f4eb5b3805f039db583,2019-02,Lancashire Constabulary,Lancashire Constabulary,-3.041055,53.888606,On or near The Way Gate,E01025572,Wyre 008E,Violence and sexual offences,Unable to prosecute suspect,
,2019-02,Lancashire Constabulary,Lancashire Constabulary,-3.039575,53.876179,On or near St George'S Lane,E01025604,Wyre 008F,Anti-social behaviour,,
,2019-02,Lancashire Constabulary,Lancashire Constabulary,-3.038458,53.875928,On or near St George'S Avenue,E01025604,Wyre 008F,Anti-social behaviour,,
,2019-02,Lancashire Constabulary,Lancashire Constabulary,-3.035844,53.876634,On or near Ramper Gate,E01025604,Wyre 008F,Anti-social behaviour,,
,2019-02,Lancashire Constabulary,Lancashire Constabulary,-3.035844,53.876634,On or near Ramper Gate,E01025604,Wyre 008F,Anti-social behaviour,,
4334c92212244c651f710f46da05f6b9c0fb113200871f2778883f59954eef97,2019-02,Lancashire Constabulary,Lancashire Constabulary,-3.039681,53.877383,On or near Brighton Avenue,E01025604,Wyre 008F,Bicycle theft,Status update unavailable,
b1c301622af8f5bff894df684802c90bb9492ac4bf73c01f595afb32294752c6,2019-02,Lancashire Constabulary,Lancashire Constabulary,-3.036089,53.879158,On or near Clarence Avenue,E01025604,Wyre 008F,Other theft,Status update unavailable,
34637b20c2e830411ac7ad6901fe919725d911f452c01cdd504c37cbe5924bfa,2019-02,Lancashire Constabulary,Lancashire Constabulary,-3.038930,53.877776,On or near York Avenue,E01025604,Wyre 008F,Public order,Awaiting court outcome,
f90e0527dbd348304572a79af82f50fdeb4a99789843fc4b56a1955aab3c73dc,2019-02,Lancashire Constabulary,Lancashire Constabulary,-3.035972,53.878116,On or near Willoughby Avenue,E01025604,Wyre 008F,Vehicle crime,Status update unavailable,
25502d17037c43315038ebe729f845ea93522fa1a545eb2383775e6fb36b5f29,2019-02,Lancashire Constabulary,Lancashire Constabulary,-3.030969,53.876325,On or near Birch Avenue,E01025604,Wyre 008F,Vehicle crime,Status update unavailable,
24962854fcf40243d3a13aff0e661204060d1e9576e623cb2caddada16e45f22,2019-02,Lancashire Constabulary,Lancashire Constabulary,-3.035325,53.875317,On or near Stanley Avenue,E01025604,Wyre 008F,Vehicle crime,Status update unavailable,
62b5944e2cb14119c57f2f32420115046b6bd2f79aafa5339f21ff1763bdc948,2019-02,Lancashire Constabulary,Lancashire Constabulary,-3.034964,53.877963,On or near Richmond Avenue,E01025604,Wyre 008F,Violence and sexual offences,Status update unavailable,
e5b758ad865fcbcfde565b3df5b9d63d52511120c39c4e2916a7f0e5a0667c75,2019-02,Lancashire Constabulary,Lancashire Constabulary,-3.039575,53.876179,On or near St George'S Lane,E01025604,Wyre 008F,Violence and sexual offences,Investigation complete; no suspect identified,
b69589115b61c73d84ddd603b4050ee765eb77198f8f93570adf56ed92bab332,2019-02,Lancashire Constabulary,Lancashire Constabulary,-3.031999,53.874896,On or near Stoneway Road,E01025604,Wyre 008F,Violence and sexual offences,Status update unavailable,
a523ea12893a2d8d430ba0b823956981b6e8e58ceb5b3fd5c7aea0ac692c9e77,2019-02,Lancashire Constabulary,Lancashire Constabulary,-3.035972,53.878116,On or near Willoughby Avenue,E01025604,Wyre 008F,Violence and sexual offences,Status update unavailable,
c53fd747e951ae3a177c5990f486d9d2d814bbee626eb5fa23a80d5a23a53182,2019-02,Lancashire Constabulary,Lancashire Constabulary,-3.034964,53.877963,On or near Richmond Avenue,E01025604,Wyre 008F,Violence and sexual offences,Status update unavailable,
ecee105bcfd20995866c5bd890714d7c9cc8b3de03b022e118876be3fcf6bc62,2019-02,Lancashire Constabulary,Lancashire Constabulary,-3.038458,53.875928,On or near St George'S Avenue,E01025604,Wyre 008F,Violence and sexual offences,Status update unavailable,
c43957e391b41084917a0c6b74779a8206ab6fc4570afcc14d0da2a97b597f55,2019-02,Lancashire Constabulary,Lancashire Constabulary,-3.039681,53.877383,On or near Brighton Avenue,E01025604,Wyre 008F,Other crime,Status update unavailable,
0afcf818878cab2315ee90eb8e4c70fda911f7b603de4d1c67156ec5847643be,2019-02,Lancashire Constabulary,Lancashire Constabulary,-3.034964,53.877963,On or near Richmond Avenue,E01025604,Wyre 008F,Other crime,Status update unavailable,
23f4acbe3638c1ccd3b271caac1159435deb5bf482cb6b0ba9b15a99d6e68cb2,2019-02,Lancashire Constabulary,Lancashire Constabulary,-2.820569,53.825548,On or near Higham Side Road,E01025561,Wyre 009A,Violence and sexual offences,Status update unavailable,
f98c49294b5e3ab18bb7d6cb8bbff1a61379473b638fab47e53b49f55e62f414,2019-02,Lancashire Constabulary,Lancashire Constabulary,-2.851867,53.851845,On or near White House Lane,E01025561,Wyre 009A,Violence and sexual offences,Unable to prosecute suspect,
cf003ad01dfa60c047f2417cd2f819849e1c919b46dc5ae32219c1240a7c16e6,2019-02,Lancashire Constabulary,Lancashire Constabulary,-2.800504,53.844118,On or near Sowerby Road,E01025561,Wyre 009A,Violence and sexual offences,Status update unavailable,
,2019-02,Lancashire Constabulary,Lancashire Constabulary,-2.919314,53.867669,On or near Whin Lane,E01025562,Wyre 009B,Anti-social behaviour,,
1a38f2dd9c9d303ee9c7493fc968ba4e80b450c94ba0cd0ce25c17bcabe2f8d2,2019-02,Lancashire Constabulary,Lancashire Constabulary,-2.928644,53.891353,On or near Back Lane,E01025562,Wyre 009B,Other theft,Status update unavailable,
e742ac2c9aedc09e2e2d0982e25a28a638d5d6c29e498e38fa4ff58b1d418fef,2019-02,Lancashire Constabulary,Lancashire Constabulary,-2.818028,53.867432,On or near Apple Tree Close,E01025562,Wyre 009B,Violence and sexual offences,Investigation complete; no suspect identified,
03146d4c4d52cf86ee130e0bd27117f458d172f45f351e1e84afcac42558de41,2019-02,Lancashire Constabulary,Lancashire Constabulary,-2.821066,53.864922,On or near Petrol Station,E01025562,Wyre 009B,Violence and sexual offences,Status update unavailable,
752c610bdd69b719ed1323f3fc77cac3cd97c27a8684e8163471dbd3c9751fc7,2019-02,Lancashire Constabulary,Lancashire Constabulary,-2.818028,53.867432,On or near Apple Tree Close,E01025562,Wyre 009B,Violence and sexual offences,Status update unavailable,
b7f7d83204d7ca8e22427491d363c166b5b0f8ab0a780e1fbb16c6d6fd0dc94e,2019-02,Lancashire Constabulary,Lancashire Constabulary,-2.913615,53.872710,On or near Chapel Lane,E01025562,Wyre 009B,Violence and sexual offences,Status update unavailable,
6dd6142453c9592ae14fb47420424663e877bf16275df06d02875a0317556569,2019-02,Lancashire Constabulary,Lancashire Constabulary,-2.884789,53.923664,On or near Moss House Lane,E01025585,Wyre 009C,Criminal damage and arson,Status update unavailable,
92b1c22ae068367fc076eb4ee4e585cb72d081957718ee096f791b222dcf8445,2019-02,Lancashire Constabulary,Lancashire Constabulary,-2.897290,53.928569,On or near Cherry Tree Close,E01025585,Wyre 009C,Other theft,Unable to prosecute suspect,
,2019-02,Lancashire Constabulary,Lancashire Constabulary,-3.012469,53.886244,On or near Hope Close,E01025542,Wyre 010A,Anti-social behaviour,,
5a896ab69e5dbaf85a8adb033dd468f767fedae1c3a918bf6fe089821c3ab159,2019-02,Lancashire Constabulary,Lancashire Constabulary,-3.015967,53.884920,On or near The Chase,E01025542,Wyre 010A,Burglary,Status update unavailable,
389a5e7e5924d2158118d7cf6447313666cf9912248c8b4a4ac51d98bf71cc7f,2019-02,Lancashire Constabulary,Lancashire Constabulary,-3.013930,53.886268,On or near Mallowdale,E01025542,Wyre 010A,Shoplifting,Status update unavailable,
ab8be3143d5fb6ebf414a98657139a77e14842cbb1b5bc4f2ba065bf0c0e83f9,2019-02,Lancashire Constabulary,Lancashire Constabulary,-3.013930,53.886268,On or near Mallowdale,E01025542,Wyre 010A,Shoplifting,Status update unavailable,
fb4cefbc271f82ae3ad91f9cd595f2525f50320286b48bbfbb5c29db959f77c7,2019-02,Lancashire Constabulary,Lancashire Constabulary,-3.017031,53.885541,On or near Breeze Close,E01025542,Wyre 010A,Vehicle crime,Status update unavailable,
9ea5b0bef7dc9bdb7e634466ad1ea84a9eca47823a48d07ab9cfe693a14c4143,2019-02,Lancashire Constabulary,Lancashire Constabulary,-3.016014,53.885603,On or near The Maltings,E01025542,Wyre 010A,Violence and sexual offences,Unable to prosecute suspect,
720d74e5d62ff9a80916ff9f62cb2e24f95c61294bb459840c1d2e991f4c7bcd,2019-02,Lancashire Constabulary,Lancashire Constabulary,-3.028013,53.887290,On or near Selby Avenue,E01025555,Wyre 010B,Bicycle theft,Status update unavailable,
118306313fcf2d4fc762163f3a96fe96a5b70844ae2629b9e1690a3d1af6e393,2019-02,Lancashire Constabulary,Lancashire Constabulary,-3.023651,53.883732,On or near Portsmouth Close,E01025555,Wyre 010B,Burglary,Status update unavailable,
e24be01cc1cf8b9284b58b2e421a9b14ac9ec730d705f43ed23e5e73958ce5f9,2019-02,Lancashire Constabulary,Lancashire Constabulary,-3.025438,53.872832,On or near Supermarket,E01025601,Wyre 010C,Shoplifting,Unable to prosecute suspect,
1f43063cd6294b920fa5cf5df01e1bcdb0edf7e282ed442d028382f67ee8a125,2019-02,Lancashire Constabulary,Lancashire Constabulary,-3.026943,53.872180,On or near Heritage Way,E01025601,Wyre 010C,Vehicle crime,Status update unavailable,
3cec5a7edcd9f72951b0e0a1daa68d752a8beeb662fe05960e94511588a92698,2019-02,Lancashire Constabulary,Lancashire Constabulary,-3.026699,53.877108,On or near The Hermitage,E01025601,Wyre 010C,Vehicle crime,Status update unavailable,
83ffd016d39fd7310ee152bc209c363611d130cae074ee802d3378a799eb5c18,2019-02,Lancashire Constabulary,Lancashire Constabulary,-3.028916,53.874492,On or near Knowle Avenue,E01025601,Wyre 010C,Violence and sexual offences,Status update unavailable,
,2019-02,Lancashire Constabulary,Lancashire Constabulary,-3.021302,53.869757,On or near Thorncross,E01025602,Wyre 010D,Anti-social behaviour,,
6ca65a983e31e78442dddc40c16fb6a10eaa4e90098986d2dbad09c2855eac62,2019-02,Lancashire Constabulary,Lancashire Constabulary,-3.023240,53.869399,On or near Anchorsholme Lane,E01025602,Wyre 010D,Other theft,Status update unavailable,
79e98786254dd13c3f016807088ef8908f5d34e26ca25ee55c0e970956da7730,2019-02,Lancashire Constabulary,Lancashire Constabulary,-3.023718,53.872765,On or near Norman Close,E01025602,Wyre 010D,Violence and sexual offences,Status update unavailable,
b5d847425896c07cd83df0d3a4ff34fc2752c3389243c013e741ea8c9d844d39,2019-02,Lancashire Constabulary,Lancashire Constabulary,-3.024335,53.870639,On or near Redstart Place,E01025602,Wyre 010D,Violence and sexual offences,Unable to prosecute suspect,
b4067cd912aea5c435b12729151f10fbec637ececce998c163742c96ff76ef6c,2019-02,Lancashire Constabulary,Lancashire Constabulary,-3.023718,53.872765,On or near Norman Close,E01025602,Wyre 010D,Violence and sexual offences,Status update unavailable,
95d10c7383acd6e8ede9c629ce1016bd8dd55122f615163d00c0773caea74d2a,2019-02,Lancashire Constabulary,Lancashire Constabulary,-3.033958,53.877873,On or near Ormont Avenue,E01025603,Wyre 010E,Vehicle crime,Status update unavailable,
11f16c0ea98580c74011da07304d717afb5d7e7ef599e9f1f839006d4a9413ed,2019-02,Lancashire Constabulary,Lancashire Constabulary,-3.031919,53.879068,On or near The Grove,E01025603,Wyre 010E,Violence and sexual offences,Unable to prosecute suspect,
1dec7c159f580ad5cef2b35eedd6de37fd6dccad4c7c79afa433483de7b8c12c,2019-02,Lancashire Constabulary,Lancashire Constabulary,-3.030207,53.879972,On or near Stockdove Wood,E01025603,Wyre 010E,Other crime,Status update unavailable,
,2019-02,Lancashire Constabulary,Lancashire Constabulary,-3.010627,53.888732,On or near Bourne Road,E01025541,Wyre 011A,Anti-social behaviour,,
2522f2caa56c7d0493c401a79699b79b33fe6552179a7458800d206d665d3007,2019-02,Lancashire Constabulary,Lancashire Constabulary,-3.012511,53.881705,On or near Fairholmes Way,E01025541,Wyre 011A,Drugs,Status update unavailable,
07488a2768c80f97558f228ac8c21ee478e80af338b3f6eab679ce953dcb9bd5,2019-02,Lancashire Constabulary,Lancashire Constabulary,-3.009159,53.887782,On or near Saltash Road,E01025541,Wyre 011A,Violence and sexual offences,Unable to prosecute suspect,
1a5f1ff646d64b3c00d106674bef55b60de8ea6c8a0d9d5dc3cbb614f1369c76,2019-02,Lancashire Constabulary,Lancashire Constabulary,-3.009784,53.887849,On or near Crystal Road,E01025541,Wyre 011A,Violence and sexual offences,Formal action is not in the public interest,
,2019-02,Lancashire Constabulary,Lancashire Constabulary,-3.005974,53.883764,On or near Ormerod Street,E01025543,Wyre 011B,Anti-social behaviour,,
42aee394293d8d453032f718b0f435bb44f69bcf357545f76acaf715d3114e85,2019-02,Lancashire Constabulary,Lancashire Constabulary,-2.995823,53.878528,On or near Roscoe Avenue,E01025543,Wyre 011B,Burglary,Status update unavailable,
8751247553193e0df74cdd232ba43130c754961b02ab17a21edb8c723fbcfea6,2019-02,Lancashire Constabulary,Lancashire Constabulary,-2.996265,53.877284,On or near Chequers Way,E01025543,Wyre 011B,Burglary,Status update unavailable,
32a4bea5433745ebda3fa5e01659b583f63efe5a6562be06e35bb652a801a8cb,2019-02,Lancashire Constabulary,Lancashire Constabulary,-3.005015,53.881229,On or near Brookside,E01025543,Wyre 011B,Criminal damage and arson,Status update unavailable,
410736cfb596fd5d1c30c385d1858757d18a64152d16b0baa2c4d8f6c6b70563,2019-02,Lancashire Constabulary,Lancashire Constabulary,-3.004098,53.876598,On or near Bancroft Avenue,E01025543,Wyre 011B,Drugs,Status update unavailable,
042753a22213579b32185c551576d1fa627f073a23b36ee3416e97f1f44ed4b9,2019-02,Lancashire Constabulary,Lancashire Constabulary,-3.004098,53.876598,On or near Bancroft Avenue,E01025543,Wyre 011B,Drugs,Status update unavailable,
724e6276bb37dbcc55a7e8c4bb1160edf198bd7e2933333a9b12f14660050a4c,2019-02,Lancashire Constabulary,Lancashire Constabulary,-3.006231,53.879259,On or near Brown Street,E01025543,Wyre 011B,Public order,Further investigation is not in the public interest,
813d870fd32daf054891777b740cb47ed63e6323aa5b2edb76af90967957f07f,2019-02,Lancashire Constabulary,Lancashire Constabulary,-3.006528,53.875158,On or near Crowder Avenue,E01025543,Wyre 011B,Violence and sexual offences,Unable to prosecute suspect,
ceaa1426464c737ab56b76b0ba2946c6cce2980562497bb2e242b483d980be70,2019-02,Lancashire Constabulary,Lancashire Constabulary,-3.004098,53.876598,On or near Bancroft Avenue,E01025543,Wyre 011B,Violence and sexual offences,Unable to prosecute suspect,
9e18b077b5c7749da9cb28bff82192815869364eee8bc732385bd9d7c7165f85,2019-02,Lancashire Constabulary,Lancashire Constabulary,-2.995823,53.878528,On or near Roscoe Avenue,E01025543,Wyre 011B,Violence and sexual offences,Status update unavailable,
ce72c26e36affbf7e3301d8acdb1e19b95c5782251d3f08f7aabae91b2b62edc,2019-02,Lancashire Constabulary,Lancashire Constabulary,-3.004098,53.876598,On or near Bancroft Avenue,E01025543,Wyre 011B,Violence and sexual offences,Status update unavailable,
824069fb9204b6c2c2083f17405cc4d1d574680bbe219c98b4ce740a340a7841,2019-02,Lancashire Constabulary,Lancashire Constabulary,-3.009071,53.878435,On or near Gordon Avenue,E01025543,Wyre 011B,Violence and sexual offences,Local resolution,
,2019-02,Lancashire Constabulary,Lancashire Constabulary,-3.012290,53.876952,On or near Counsell Court,E01025544,Wyre 011C,Anti-social behaviour,,
2643411fbfd99f4eb33deee0293edf0afa331be841e138795aef4f4e7b2e5815,2019-02,Lancashire Constabulary,Lancashire Constabulary,-3.007688,53.875337,On or near Windsor Avenue,E01025544,Wyre 011C,Burglary,Status update unavailable,
1647179d8f6f0c6fdf7b42dcb207837fa8a727d9cf714a912e9328fb50e00b93,2019-02,Lancashire Constabulary,Lancashire Constabulary,-3.007688,53.875337,On or near Windsor Avenue,E01025544,Wyre 011C,Vehicle crime,Status update unavailable,
f890c52139d0508a931af121e8fef7dc282f1c7c55c93eb2e8933c1135622029,2019-02,Lancashire Constabulary,Lancashire Constabulary,-3.007688,53.875337,On or near Windsor Avenue,E01025544,Wyre 011C,Vehicle crime,Formal action is not in the public interest,
05d9106a598e1346398706b24e5bdafa48ca0cd2b72b83dcd376d0b558f50843,2019-02,Lancashire Constabulary,Lancashire Constabulary,-3.012106,53.877511,On or near Langdale Close,E01025544,Wyre 011C,Violence and sexual offences,Status update unavailable,
6163190e41eb33175b44cb578d2c08f0b3621fe36c34c3e6562d2c42613d5ee7,2019-02,Lancashire Constabulary,Lancashire Constabulary,-3.011158,53.876063,On or near Royles Court,E01025544,Wyre 011C,Violence and sexual offences,Status update unavailable,
979b5f8290bf198d62f12d16f652f4532e110fccb0365eb4dea9cb1dee7ac721,2019-02,Lancashire Constabulary,Lancashire Constabulary,-3.012745,53.880678,On or near Grizedale Court,E01025544,Wyre 011C,Violence and sexual offences,Status update unavailable,
e8100ff1a1dd80deb00798e933476ca2832355d8f2870664f02a7367e6eadb38,2019-02,Lancashire Constabulary,Lancashire Constabulary,-3.012745,53.880678,On or near Grizedale Court,E01025544,Wyre 011C,Violence and sexual offences,Offender given a caution,
,2019-02,Lancashire Constabulary,Lancashire Constabulary,-3.007241,53.867512,On or near Cheryl Drive,E01025576,Wyre 011D,Anti-social behaviour,,
,2019-02,Lancashire Constabulary,Lancashire Constabulary,-3.010943,53.874078,On or near Fleetwood Road North,E01025576,Wyre 011D,Anti-social behaviour,,
,2019-02,Lancashire Constabulary,Lancashire Constabulary,-3.010164,53.870175,On or near The Runriggs,E01025576,Wyre 011D,Anti-social behaviour,,
,2019-02,Lancashire Constabulary,Lancashire Constabulary,-3.011661,53.866648,On or near Fleetwood Road South,E01025576,Wyre 011D,Anti-social behaviour,,
,2019-02,Lancashire Constabulary,Lancashire Constabulary,-3.018138,53.874745,On or near Roehampton Close,E01025576,Wyre 011D,Anti-social behaviour,,
,2019-02,Lancashire Constabulary,Lancashire Constabulary,-3.013125,53.874356,On or near Parking Area,E01025576,Wyre 011D,Anti-social behaviour,,
,2019-02,Lancashire Constabulary,Lancashire Constabulary,-3.010358,53.871899,On or near Victoria Road East,E01025576,Wyre 011D,Anti-social behaviour,,
,2019-02,Lancashire Constabulary,Lancashire Constabulary,-3.010164,53.870175,On or near The Runriggs,E01025576,Wyre 011D,Anti-social behaviour,,
03b1b11988a8d62bae9e7051ecdbf227a7dd59bcf4a91a60e19280777d230e50,2019-02,Lancashire Constabulary,Lancashire Constabulary,-3.015269,53.873718,On or near Sports/Recreation Area,E01025576,Wyre 011D,Bicycle theft,Status update unavailable,
4a7dab7b26ceed5b6198157111df3c96c038cc2730949314001ded31ae7c78bd,2019-02,Lancashire Constabulary,Lancashire Constabulary,-3.005110,53.868707,On or near Saxon Close,E01025576,Wyre 011D,Possession of weapons,Further investigation is not in the public interest,
d552ff09839dd7f74c435f957fefb9a60664f396c9d7cbf69d62042e836dfe06,2019-02,Lancashire Constabulary,Lancashire Constabulary,-3.005110,53.868707,On or near Saxon Close,E01025576,Wyre 011D,Public order,Status update unavailable,
0ddc2f476eac3b7bfdbdebd4df11a854b2a6a23c5c498f96fb712d10b9838a95,2019-02,Lancashire Constabulary,Lancashire Constabulary,-3.005110,53.868707,On or near Saxon Close,E01025576,Wyre 011D,Violence and sexual offences,Status update unavailable,
d14881c2cba637270a2c230aa8874ecb99329475116e6bdf9d00380723b9bdab,2019-02,Lancashire Constabulary,Lancashire Constabulary,-3.000861,53.870981,On or near Parking Area,E01025576,Wyre 011D,Violence and sexual offences,Status update unavailable,
,2019-02,Lancashire Constabulary,Lancashire Constabulary,-3.008578,53.872516,On or near Ullswater Crescent,E01025577,Wyre 011E,Anti-social behaviour,,
,2019-02,Lancashire Constabulary,Lancashire Constabulary,-3.008578,53.872516,On or near Ullswater Crescent,E01025577,Wyre 011E,Anti-social behaviour,,
29bb96a49ed99360c6adea875f854dc2112e1ec1cf51056021714d1575572f5f,2019-02,Lancashire Constabulary,Lancashire Constabulary,-3.001335,53.872990,On or near Beeches Court,E01025577,Wyre 011E,Other theft,Status update unavailable,
76aa2ba895f660ffc4cb6c77b9d226b2ff030fc470ec9bb0c9e1c13149de55be,2019-02,Lancashire Constabulary,Lancashire Constabulary,-3.008863,53.873601,On or near Ullswater Avenue,E01025577,Wyre 011E,Other theft,Unable to prosecute suspect,
e21ec0ef51db1fbe56aebfc8f48bda27e0a100626ea24ff3c48c47ffa77dcdb5,2019-02,Lancashire Constabulary,Lancashire Constabulary,-3.003053,53.875537,On or near Lancaster Avenue,E01025577,Wyre 011E,Violence and sexual offences,Unable to prosecute suspect,
108d40a0e0db6b717e596df4adbf9598f0dfa0263d77ed9393a60e1f58eaaa50,2019-02,Lancashire Constabulary,Lancashire Constabulary,-3.001335,53.872990,On or near Beeches Court,E01025577,Wyre 011E,Violence and sexual offences,Status update unavailable,
,2019-02,Lancashire Constabulary,Lancashire Constabulary,-3.021435,53.860228,On or near Champagne Avenue,E01025550,Wyre 012A,Anti-social behaviour,,
,2019-02,Lancashire Constabulary,Lancashire Constabulary,-3.021435,53.860228,On or near Champagne Avenue,E01025550,Wyre 012A,Anti-social behaviour,,
07f20ec872c8b01a9c6ce03127e630ca19e842689723dcb54e00a8c08db5cad3,2019-02,Lancashire Constabulary,Lancashire Constabulary,-3.010533,53.853292,On or near Parkstone Avenue,E01025550,Wyre 012A,Violence and sexual offences,Awaiting court outcome,
92c6957cdc62053285c01d7f2b809dc238d6d827f3a94f291b06c77e3767471c,2019-02,Lancashire Constabulary,Lancashire Constabulary,-3.021435,53.860228,On or near Champagne Avenue,E01025550,Wyre 012A,Violence and sexual offences,Unable to prosecute suspect,
b647876bb6d86ba90ba10d4342f5c49d69bc80c1b31f8ebb078145d68fa2c4bf,2019-02,Lancashire Constabulary,Lancashire Constabulary,-3.010533,53.853292,On or near Parkstone Avenue,E01025550,Wyre 012A,Violence and sexual offences,Further investigation is not in the public interest,
60d4ae8b6761eb355435a8d4dcec6952c2bbd58637e5c2e27b637f438664336b,2019-02,Lancashire Constabulary,Lancashire Constabulary,-3.010533,53.853292,On or near Parkstone Avenue,E01025550,Wyre 012A,Violence and sexual offences,Unable to prosecute suspect,
,2019-02,Lancashire Constabulary,Lancashire Constabulary,-3.003625,53.857502,On or near Caldicott Way,E01025552,Wyre 012B,Anti-social behaviour,,
74324b8b2bea376589858194b43c784451be4d95ff523411f8526e6d4ace39d6,2019-02,Lancashire Constabulary,Lancashire Constabulary,-3.005069,53.854946,On or near Carleton Way,E01025552,Wyre 012B,Criminal damage and arson,Status update unavailable,
baa0dcea230905504631cc892bb78f4c193dcef25df3cb061be691d330657cad,2019-02,Lancashire Constabulary,Lancashire Constabulary,-3.008596,53.863779,On or near Newton Grove,E01025552,Wyre 012B,Other theft,Status update unavailable,
da4c0588aaa239c159736fead4dbd44227381190f18d6a45d1c76633dbfc0d9a,2019-02,Lancashire Constabulary,Lancashire Constabulary,-3.002516,53.856900,On or near Donnington Road,E01025552,Wyre 012B,Violence and sexual offences,Unable to prosecute suspect,
,2019-02,Lancashire Constabulary,Lancashire Constabulary,-3.001042,53.870296,On or near Victoria Road East,E01025594,Wyre 012C,Anti-social behaviour,,
d4e512d7e340813b70392495a2253499870d2dd9e988d486ebfb1cf0ec0d0f70,2019-02,Lancashire Constabulary,Lancashire Constabulary,-3.003891,53.865401,On or near Braemar Avenue,E01025594,Wyre 012C,Bicycle theft,Unable to prosecute suspect,
527c8c97e727847889d2eb671578b01d0e34ae03b94f5281275a7bd3421438d6,2019-02,Lancashire Constabulary,Lancashire Constabulary,-3.005491,53.864282,On or near Briarwood Court,E01025594,Wyre 012C,Burglary,Unable to prosecute suspect,
186b7a807d667441049629baf20bc68a0200fdcd517d4c83284a95d545d4a182,2019-02,Lancashire Constabulary,Lancashire Constabulary,-3.002766,53.866695,On or near Belvedere Road,E01025594,Wyre 012C,Other theft,Status update unavailable,
5bf82ad6f7f1b8797bafed68d8fc2b79587801bc28884b3f88457c2df30d0de6,2019-02,Lancashire Constabulary,Lancashire Constabulary,-3.003177,53.869263,On or near Mayfair Drive,E01025594,Wyre 012C,Vehicle crime,Status update unavailable,
8d73ff5f503924e64e748b3e8908bde9036dd933b3f4956c50e66826748e4ebc,2019-02,Lancashire Constabulary,Lancashire Constabulary,-2.996381,53.868070,On or near Wentworth Drive,E01025594,Wyre 012C,Violence and sexual offences,Unable to prosecute suspect,
eb77dc9dda09f877e66c28e33e0b2b3bb47a5b1d3b19ef42ae5fe57bedae81c4,2019-02,Lancashire Constabulary,Lancashire Constabulary,-2.991825,53.866400,On or near Tuxbury Drive,E01025595,Wyre 012D,Other theft,Status update unavailable,
f8e94953fbfcfe88443db461940bbc81b9dd656d58418cf7c9b17f9537a45689,2019-02,Lancashire Constabulary,Lancashire Constabulary,-2.995449,53.869174,On or near Sunningdale Drive,E01025595,Wyre 012D,Vehicle crime,Status update unavailable,
ab4c76d82dee310cef985e4acc0aa27d6c3c3a7d5f608f73a70abb958df02886,2019-02,Lancashire Constabulary,Lancashire Constabulary,-2.980447,53.861064,On or near Sports/Recreation Area,E01025595,Wyre 012D,Violence and sexual offences,Investigation complete; no suspect identified,
,2019-02,Lancashire Constabulary,Lancashire Constabulary,-2.992738,53.874158,On or near Woodfield Road,E01025596,Wyre 012E,Anti-social behaviour,,
,2019-02,Lancashire Constabulary,Lancashire Constabulary,-2.990021,53.876931,On or near Lindley Croft,E01025596,Wyre 012E,Anti-social behaviour,,
22f6207a4bf8d43b670bdf21b101231e9ef33d6b1fc680459c9f1a88cfa637a5,2019-02,Lancashire Constabulary,Lancashire Constabulary,-2.997897,53.876821,On or near Bearwood Way,E01025596,Wyre 012E,Burglary,Status update unavailable,
0783afdb9ef89d558dfcd9eeb6088bcdb2bbf6970892bc64df8757a028485338,2019-02,Lancashire Constabulary,Lancashire Constabulary,-2.998281,53.876323,On or near Hasbury Drive,E01025596,Wyre 012E,Burglary,Status update unavailable,
29a749f0fa2ae41bfc6d38c90e8c1b28dcbce62ed8e464264b3a1f0b39dde5b1,2019-02,Lancashire Constabulary,Lancashire Constabulary,-2.997897,53.876821,On or near Bearwood Way,E01025596,Wyre 012E,Burglary,Status update unavailable,
04f7a63845195ed9ad243170898512d5e70823a0379ac541bf3337506cfa7fd5,2019-02,Lancashire Constabulary,Lancashire Constabulary,-2.998281,53.876323,On or near Hasbury Drive,E01025596,Wyre 012E,Burglary,Status update unavailable,
e7abfa1dcb0ac9c99bf5395a9f0d8bc78115068c5ec540bea20425b31cb226b9,2019-02,Lancashire Constabulary,Lancashire Constabulary,-2.998281,53.876323,On or near Hasbury Drive,E01025596,Wyre 012E,Burglary,Status update unavailable,
402afecae87d5fd6bd2363188f45607be7f898a9e8f352a9e39fd7c3cfc34431,2019-02,Lancashire Constabulary,Lancashire Constabulary,-2.995043,53.875766,On or near Oakwood Close,E01025596,Wyre 012E,Burglary,Status update unavailable,
811d531c7e76f9d690f29a21fdf33b0fef4b0cfbb5a96b9e8552d3fc3097626c,2019-02,Lancashire Constabulary,Lancashire Constabulary,-2.982034,53.880151,On or near Parking Area,E01025596,Wyre 012E,Drugs,Local resolution,
8ae342296e8cb646c682a5400d207874c6ac2d0cc27629e239eec36c4b873a5a,2019-02,Lancashire Constabulary,Lancashire Constabulary,-2.982034,53.880151,On or near Parking Area,E01025596,Wyre 012E,Drugs,Local resolution,
3abc3ec85573d1f13c2067c39f63d3188144e9ba23d73ab8cc0991fea0d8b1c5,2019-02,Lancashire Constabulary,Lancashire Constabulary,-2.992278,53.878494,On or near Bentley Green,E01025596,Wyre 012E,Violence and sexual offences,Unable to prosecute suspect,
3f422f7011ce34dd68fed4c5c12d57946024394634061ece55b8c702edfae90e,2019-02,Lancashire Constabulary,Lancashire Constabulary,-2.988435,53.877429,On or near Stanah Gardens,E01025596,Wyre 012E,Violence and sexual offences,Unable to prosecute suspect,
2ba98bc8ec742c5663beb831e405a2d57a53400819bbe184aa31d14f33285bde,2019-02,Lancashire Constabulary,Lancashire Constabulary,-2.999765,53.876670,On or near Sandwell Avenue,E01025596,Wyre 012E,Violence and sexual offences,Unable to prosecute suspect,
436a1c4ad017f1a7929554995797b517d941468f5b6808ed5b27aacaef03b9b9,2019-02,Lancashire Constabulary,Lancashire Constabulary,-2.988435,53.877429,On or near Stanah Gardens,E01025596,Wyre 012E,Violence and sexual offences,Unable to prosecute suspect,
fe7d0e03a7fdb20233cbbe551918329a914608134ea7a1bb6a67ae0c3d1deebc,2019-02,Lancashire Constabulary,Lancashire Constabulary,-2.997897,53.876821,On or near Bearwood Way,E01025596,Wyre 012E,Violence and sexual offences,Offender given a caution,
930c08219e53db4b9c08ebbddabfd3225591415f8d588ec1d3c7a2362ced19fb,2019-02,Lancashire Constabulary,Lancashire Constabulary,-2.994658,53.876848,On or near Ruthin Drive,E01025596,Wyre 012E,Violence and sexual offences,Unable to prosecute suspect,
,2019-02,Lancashire Constabulary,Lancashire Constabulary,-2.993893,53.870913,On or near Willow-Dale,E01025597,Wyre 012F,Anti-social behaviour,,
cda420bee248d015f37630264703f2b66df4d939f4a4a01d39ff90c4ee4cc283,2019-02,Lancashire Constabulary,Lancashire Constabulary,-2.997351,53.872403,On or near Farnworth Road,E01025597,Wyre 012F,Violence and sexual offences,Unable to prosecute suspect,
,2019-02,Lancashire Constabulary,Lancashire Constabulary,-2.976113,53.844094,On or near Clark Street,E01025545,Wyre 013A,Anti-social behaviour,,
,2019-02,Lancashire Constabulary,Lancashire Constabulary,-2.986208,53.853881,On or near St John'S Avenue,E01025545,Wyre 013A,Anti-social behaviour,,
f46cb53971e0a603d2ad60b7687ff0b766a3e00866fcd7ee02d02b7df3d32f00,2019-02,Lancashire Constabulary,Lancashire Constabulary,-2.986208,53.853881,On or near St John'S Avenue,E01025545,Wyre 013A,Bicycle theft,Status update unavailable,
e871f2b7c11b542a280baebd8a9e6c2114e3c812a0982cdaf7a838de59ab4e89,2019-02,Lancashire Constabulary,Lancashire Constabulary,-2.977894,53.848124,On or near Little Poulton Lane,E01025545,Wyre 013A,Drugs,Unable to prosecute suspect,
529c970cd101bd83067834b075094e366a2e2375d81462e002f5ac159329c56e,2019-02,Lancashire Constabulary,Lancashire Constabulary,-2.985132,53.855336,On or near Myrtle Avenue,E01025545,Wyre 013A,Other theft,Unable to prosecute suspect,
5e8fd9eef02be959892f9c525e2d1d6c9c22079ffe8344201e195cdd80932f57,2019-02,Lancashire Constabulary,Lancashire Constabulary,-2.969784,53.844460,On or near Bracewell Avenue,E01025545,Wyre 013A,Other theft,Unable to prosecute suspect,
8c258fc7622721aaedbbb0636aadd88cb86fde534f05442aded1a5f5068c7f58,2019-02,Lancashire Constabulary,Lancashire Constabulary,-2.984482,53.850974,On or near Moorland Avenue,E01025545,Wyre 013A,Other theft,Status update unavailable,
68a59f2b7c7c0a77cf04eb461de7ef228131bea17854465332bbee042ca30c59,2019-02,Lancashire Constabulary,Lancashire Constabulary,-2.971660,53.843429,On or near Beacon Road,E01025545,Wyre 013A,Public order,Status update unavailable,
96fd5d045eff86d3f9cf471bec01c9fd75f4bc6431e9a53194a879289edacc83,2019-02,Lancashire Constabulary,Lancashire Constabulary,-2.971660,53.843429,On or near Beacon Road,E01025545,Wyre 013A,Violence and sexual offences,Formal action is not in the public interest,
,2019-02,Lancashire Constabulary,Lancashire Constabulary,-2.991472,53.849541,On or near Elletson Street,E01025546,Wyre 013B,Anti-social behaviour,,
,2019-02,Lancashire Constabulary,Lancashire Constabulary,-2.990461,53.848587,On or near Parking Area,E01025546,Wyre 013B,Anti-social behaviour,,
,2019-02,Lancashire Constabulary,Lancashire Constabulary,-2.988780,53.848835,On or near Victoria Road,E01025546,Wyre 013B,Anti-social behaviour,,
,2019-02,Lancashire Constabulary,Lancashire Constabulary,-2.982472,53.846289,On or near Sheringham Way,E01025546,Wyre 013B,Anti-social behaviour,,
,2019-02,Lancashire Constabulary,Lancashire Constabulary,-2.990639,53.847741,On or near Prudy Hill,E01025546,Wyre 013B,Anti-social behaviour,,
d6040f3db1012970d11883cf8bcd3a66397df73463d3d4b44250980e374b0ef5,2019-02,Lancashire Constabulary,Lancashire Constabulary,-2.990461,53.848587,On or near Parking Area,E01025546,Wyre 013B,Bicycle theft,Status update unavailable,
65258f8aa37b83710cadeea166662513c7f704b0c64b9e5eba94091aaf1f5117,2019-02,Lancashire Constabulary,Lancashire Constabulary,-2.988584,53.849565,On or near Park Road,E01025546,Wyre 013B,Burglary,Status update unavailable,
1cde4cbd65e63b214eabbabbc85a60afd4d9d795ea615b9d7229aad37147d438,2019-02,Lancashire Constabulary,Lancashire Constabulary,-2.988244,53.844831,On or near Queen'S Close,E01025546,Wyre 013B,Criminal damage and arson,Status update unavailable,
b0ce6a8c35b5d919140c5217a2c67174bd0f6f447cea1535dbdac80244cfecf0,2019-02,Lancashire Constabulary,Lancashire Constabulary,-2.990639,53.847741,On or near Prudy Hill,E01025546,Wyre 013B,Other theft,Status update unavailable,
72a66283d009a5444d1476de42caade5e343f69b5161b3fee8b7d40079cbdb42,2019-02,Lancashire Constabulary,Lancashire Constabulary,-2.990284,53.844328,On or near Princess Avenue,E01025546,Wyre 013B,Possession of weapons,Status update unavailable,
7384686d4db193166e7148a177730c6769417a7601ae67a3d49c1814ca6c3dfd,2019-02,Lancashire Constabulary,Lancashire Constabulary,-2.991313,53.847987,On or near Breck Road,E01025546,Wyre 013B,Public order,Unable to prosecute suspect,
627b2b3ec576a40cd1a0f7e1492571c43018019035ac0193bcab02d016c59384,2019-02,Lancashire Constabulary,Lancashire Constabulary,-2.991313,53.847987,On or near Breck Road,E01025546,Wyre 013B,Theft from the person,Status update unavailable,
52d45ed6747e1b86a21bc433a26e7bb2484303a0777628a44533ca8445115bcc,2019-02,Lancashire Constabulary,Lancashire Constabulary,-2.988584,53.849565,On or near Park Road,E01025546,Wyre 013B,Vehicle crime,Local resolution,
1c2262d777201a68be076fe64a8de7316f9c641b237d20900fd7df66666bd018,2019-02,Lancashire Constabulary,Lancashire Constabulary,-2.990284,53.844328,On or near Princess Avenue,E01025546,Wyre 013B,Violence and sexual offences,Status update unavailable,
a84b1bb2e92c94cf18393d94f4ed4d7f766d27785f472af3e5447a489c34ba65,2019-02,Lancashire Constabulary,Lancashire Constabulary,-2.988955,53.851099,On or near Parking Area,E01025546,Wyre 013B,Violence and sexual offences,Status update unavailable,
2b5c8ac1ff385d77b2f2091934c94f6e66926f5c78883252a6fcb8a1a4ef78b6,2019-02,Lancashire Constabulary,Lancashire Constabulary,-2.991313,53.847987,On or near Breck Road,E01025546,Wyre 013B,Violence and sexual offences,Status update unavailable,
9402dfee748019c408830ba09201106cd611567dd2d2efd3e6ba94f0797957e1,2019-02,Lancashire Constabulary,Lancashire Constabulary,-2.991485,53.846269,On or near Queen'S Square,E01025546,Wyre 013B,Violence and sexual offences,Status update unavailable,
1d2f42a22b6a19c79e77d5ec9f43751d8ad0bb8148e22ba12e2098b6b65e91f4,2019-02,Lancashire Constabulary,Lancashire Constabulary,-2.985253,53.847552,On or near Howarth Crescent,E01025546,Wyre 013B,Violence and sexual offences,Status update unavailable,
6e957957e2828b134c4576ac7132bd69d2dd0b138729423d8e225554aa28e6e8,2019-02,Lancashire Constabulary,Lancashire Constabulary,-2.990461,53.848587,On or near Parking Area,E01025546,Wyre 013B,Violence and sexual offences,Status update unavailable,
8e6a845efd9ef6dd2712ac18ea37d32d1e099f34f84c22ec56c3c7fc39bbc899,2019-02,Lancashire Constabulary,Lancashire Constabulary,-2.988244,53.844831,On or near Queen'S Close,E01025546,Wyre 013B,Violence and sexual offences,Unable to prosecute suspect,
ba339d095970ea9b1d2f1e3002ebe9bdefd30900413d1f62c0f0068c86dc91c2,2019-02,Lancashire Constabulary,Lancashire Constabulary,-2.985950,53.846144,On or near Hayfield Avenue,E01025546,Wyre 013B,Violence and sexual offences,Unable to prosecute suspect,
c35d5175ddd8d2c1ddbec8e6f453cc4425de7ab325c68f961630e35bd55d5ca4,2019-02,Lancashire Constabulary,Lancashire Constabulary,-3.004723,53.853835,On or near Parking Area,E01025551,Wyre 013C,Burglary,Status update unavailable,
5bd3b409e2a63b3d6d2be7b5cdc29ea3ba6a17af888441278a483e3f9716b327,2019-02,Lancashire Constabulary,Lancashire Constabulary,-3.004723,53.853835,On or near Parking Area,E01025551,Wyre 013C,Burglary,Status update unavailable,
da449680636053ce7a6f8c3b6c861b0c68d143b34490741492865b2f6d2bee55,2019-02,Lancashire Constabulary,Lancashire Constabulary,-3.004723,53.853835,On or near Parking Area,E01025551,Wyre 013C,Burglary,Status update unavailable,
,2019-02,Lancashire Constabulary,Lancashire Constabulary,-2.983288,53.844790,On or near Argyle Road,E01025567,Wyre 013D,Anti-social behaviour,,
c93521f3c186cb9007380af15ac9e0e088e52a361fa1c20681c42e3a228e26e3,2019-02,Lancashire Constabulary,Lancashire Constabulary,-2.982580,53.841794,On or near Brockholes Crescent,E01025567,Wyre 013D,Public order,Status update unavailable,
509c747b76cd7e213ce750b92b5a44cdcc4a7dad4a6b8f5cba4855fe61fbd7c3,2019-02,Lancashire Constabulary,Lancashire Constabulary,-2.982580,53.841794,On or near Brockholes Crescent,E01025567,Wyre 013D,Public order,Unable to prosecute suspect,
8ff768e7b6a8b9445353bf09639b6a06dd6bc0b86f7bf0976591a333eb0c4e66,2019-02,Lancashire Constabulary,Lancashire Constabulary,-2.982580,53.841794,On or near Brockholes Crescent,E01025567,Wyre 013D,Public order,Unable to prosecute suspect,
76b8e160746f823b45557f026b881174e0f3dcab985e55d22fc4b0e72da855ac,2019-02,Lancashire Constabulary,Lancashire Constabulary,-2.982580,53.841794,On or near Brockholes Crescent,E01025567,Wyre 013D,Violence and sexual offences,Unable to prosecute suspect,
ad82dcdeffe2b4b0338acd33078dd86e8ca9006de1ca26cafa61a5a623fe5211,2019-02,Lancashire Constabulary,Lancashire Constabulary,-2.986337,53.844514,On or near First Avenue,E01025567,Wyre 013D,Violence and sexual offences,Unable to prosecute suspect,
b10fbe8e49acedd1f31a45b0b7ad9a1ba3c06e0f854c2831f81dd6660bf64019,2019-02,Lancashire Constabulary,Lancashire Constabulary,-2.984892,53.843159,On or near Main Drive,E01025567,Wyre 013D,Violence and sexual offences,Status update unavailable,
78c87a4db61ceddddcf37c97d9b4341b1e7b0e9e629cdeac73ec635955784cf5,2019-02,Lancashire Constabulary,Lancashire Constabulary,-2.983288,53.844790,On or near Argyle Road,E01025567,Wyre 013D,Violence and sexual offences,Unable to prosecute suspect,
1e124313c6440435f2e8223fe1751a607cf048c817c648e29f40304f898e349f,2019-02,Lancashire Constabulary,Lancashire Constabulary,-2.983288,53.844790,On or near Argyle Road,E01025567,Wyre 013D,Violence and sexual offences,Unable to prosecute suspect,
484444120b0d7140720684ead6664487307d8b1082422f19d3bf53027aeb7d14,2019-02,Lancashire Constabulary,Lancashire Constabulary,-2.992746,53.848155,On or near Parking Area,E01025598,Wyre 013E,Bicycle theft,Status update unavailable,
65cda3a927c20ee44c4a36c7bd911052d9aad0db780821d1d3e87ec202caa92e,2019-02,Lancashire Constabulary,Lancashire Constabulary,-2.997851,53.848032,On or near Birch Way,E01025598,Wyre 013E,Other theft,Local resolution,
474e63ad61194689077c697c08119048a3d9e1091c393908b052573b3fbe82f9,2019-02,Lancashire Constabulary,Lancashire Constabulary,-2.992746,53.848155,On or near Parking Area,E01025598,Wyre 013E,Shoplifting,Status update unavailable,
536d0529c3706e71885a9695680d4d41ebf063b2bf272a015b12351051ca331a,2019-02,Lancashire Constabulary,Lancashire Constabulary,-2.992746,53.848155,On or near Parking Area,E01025598,Wyre 013E,Shoplifting,Investigation complete; no suspect identified,
29721c15d66a0fcd6382e17b7b5c0225e86213bcf54e5a2f74468cc31b58f3de,2019-02,Lancashire Constabulary,Lancashire Constabulary,-2.993458,53.846756,On or near Supermarket,E01025598,Wyre 013E,Shoplifting,Status update unavailable,
15897593aea66ed481b5e0ea1e9250a6a2126865c9b7c65bb5de93a57b38416c,2019-02,Lancashire Constabulary,Lancashire Constabulary,-3.006974,53.851937,On or near Moorfield Avenue,E01025598,Wyre 013E,Vehicle crime,Status update unavailable,
64ec4249b5ae546526a23b6d97545a021ca137bcd313fe27b3476b7028bea4d6,2019-02,Lancashire Constabulary,Lancashire Constabulary,-2.999038,53.846835,On or near Rutland Avenue,E01025598,Wyre 013E,Violence and sexual offences,Status update unavailable,
ea21ae32f5fbf403e96b37bc493322aebfa5260657baea6f2c5ccf2681d54682,2019-02,Lancashire Constabulary,Lancashire Constabulary,-2.992746,53.848155,On or near Parking Area,E01025598,Wyre 013E,Violence and sexual offences,Status update unavailable,
784931f4a2543c9b3f3ed5ca55dec359b8a9077d16dff7cd9bc991d672e0a9ae,2019-02,Lancashire Constabulary,Lancashire Constabulary,-2.992746,53.848155,On or near Parking Area,E01025598,Wyre 013E,Violence and sexual offences,Status update unavailable,
be257de5444d5b5d917b79e0b0c2f896fa0f6ec2086d7427858f27d05d602689,2019-02,Lancashire Constabulary,Lancashire Constabulary,-2.992746,53.848155,On or near Parking Area,E01025598,Wyre 013E,Violence and sexual offences,Status update unavailable,
,2019-02,Lancashire Constabulary,Lancashire Constabulary,-2.993607,53.835744,On or near Highcross Road,E01025566,Wyre 014A,Anti-social behaviour,,
b7bae983b9cf0b621c00f0315ddb957e17f927b23635088cf778e8b8c7bd4d4a,2019-02,Lancashire Constabulary,Lancashire Constabulary,-2.993607,53.835744,On or near Highcross Road,E01025566,Wyre 014A,Bicycle theft,Status update unavailable,
0b4072cfb7631a7eda201ee07e0f1410749fb015f42f82cc84ffe2093056b65a,2019-02,Lancashire Constabulary,Lancashire Constabulary,-2.985422,53.832081,On or near Waterleat Glade,E01025566,Wyre 014A,Criminal damage and arson,Unable to prosecute suspect,
326e522c01059ff39db8fcfcdac685a34131405754afdc60888b04552699ddbf,2019-02,Lancashire Constabulary,Lancashire Constabulary,-2.993607,53.835744,On or near Highcross Road,E01025566,Wyre 014A,Violence and sexual offences,Status update unavailable,
845715d9cb6529be57412151021a0bd082a92f186cd66c0e5696fa48d38df88d,2019-02,Lancashire Constabulary,Lancashire Constabulary,-2.976092,53.829452,On or near Fairfield Road,E01025566,Wyre 014A,Violence and sexual offences,Status update unavailable,
38b2a095c041a0ffe71669ad3b91206e22ffadf2bb9783f8cfc09b14e82cc5bc,2019-02,Lancashire Constabulary,Lancashire Constabulary,-2.988753,53.839308,On or near Maple Drive,E01025566,Wyre 014A,Violence and sexual offences,Formal action is not in the public interest,
,2019-02,Lancashire Constabulary,Lancashire Constabulary,-3.006494,53.829426,On or near Windsor Road,E01025568,Wyre 014B,Anti-social behaviour,,
,2019-02,Lancashire Constabulary,Lancashire Constabulary,-3.008604,53.828069,On or near Conway Avenue,E01025568,Wyre 014B,Anti-social behaviour,,
,2019-02,Lancashire Constabulary,Lancashire Constabulary,-2.995719,53.834423,On or near Derwent Place,E01025568,Wyre 014B,Anti-social behaviour,,
,2019-02,Lancashire Constabulary,Lancashire Constabulary,-2.995342,53.835208,On or near Sefton Avenue,E01025568,Wyre 014B,Anti-social behaviour,,
,2019-02,Lancashire Constabulary,Lancashire Constabulary,-3.001189,53.829308,On or near Normoss Road,E01025568,Wyre 014B,Anti-social behaviour,,
,2019-02,Lancashire Constabulary,Lancashire Constabulary,-2.995342,53.835208,On or near Sefton Avenue,E01025568,Wyre 014B,Anti-social behaviour,,
e59e004d0d16f80e04b1cb790a413452ae5d06bd1c9f4c6cbcfd307e427f6182,2019-02,Lancashire Constabulary,Lancashire Constabulary,-3.004733,53.828227,On or near Normoss Road,E01025568,Wyre 014B,Criminal damage and arson,Local resolution,
02c3309f14c03eeef821e2cb505dc57ccff5f84c6ab15d3fa9c75f7728495467,2019-02,Lancashire Constabulary,Lancashire Constabulary,-3.004733,53.828227,On or near Normoss Road,E01025568,Wyre 014B,Shoplifting,Status update unavailable,
122b493de53c55a22f256d2ac00f85cc7bdc75df4eb5032b36f7cc5b70c4d82e,2019-02,Lancashire Constabulary,Lancashire Constabulary,-3.006525,53.827538,On or near Petrol Station,E01025568,Wyre 014B,Vehicle crime,Status update unavailable,
153edda7b725cbf2abb09cab65c021a1bc0a2fa8b3b69130edd3abd44889f639,2019-02,Lancashire Constabulary,Lancashire Constabulary,-2.995719,53.834423,On or near Derwent Place,E01025568,Wyre 014B,Violence and sexual offences,Status update unavailable,
b5f3e72d26d9cbddaad9ab6a3d03cd285c61955abdb2133ccda471e156d7ae28,2019-02,Lancashire Constabulary,Lancashire Constabulary,-3.012989,53.829101,On or near Burford Close,E01025568,Wyre 014B,Violence and sexual offences,Unable to prosecute suspect,
2acf1c463ac2311c25238219e4a60bd9c61ed40918b917485ec4c5f996d731d0,2019-02,Lancashire Constabulary,Lancashire Constabulary,-3.006525,53.827538,On or near Petrol Station,E01025568,Wyre 014B,Violence and sexual offences,Offender given a caution,
,2019-02,Lancashire Constabulary,Lancashire Constabulary,-3.003568,53.840506,On or near Garstang Road West,E01025569,Wyre 014C,Anti-social behaviour,,
3c9da9c619009eba2bca57226505c2165ddd86edc34f212af0ea052df435d651,2019-02,Lancashire Constabulary,Lancashire Constabulary,-2.993385,53.844339,On or near Elm Avenue,E01025569,Wyre 014C,Burglary,Status update unavailable,
3f5110da08ee04a627ed9bbc5f4d847696249773a98643aa0a767ae8801d644f,2019-02,Lancashire Constabulary,Lancashire Constabulary,-3.003568,53.840506,On or near Garstang Road West,E01025569,Wyre 014C,Drugs,Status update unavailable,
6f92f8719983bca55f7cdce65a7078e671eb779bd295556fb2db43bcc4abb783,2019-02,Lancashire Constabulary,Lancashire Constabulary,-3.003568,53.840506,On or near Garstang Road West,E01025569,Wyre 014C,Drugs,Status update unavailable,
61c4594da5e40aef7bc62943744343922e21c73875c0174cb6c8321937afd233,2019-02,Lancashire Constabulary,Lancashire Constabulary,-2.992299,53.840806,On or near Hodgson Place,E01025569,Wyre 014C,Other theft,Status update unavailable,
dcc97602d0fe27a1c7ce881d0a122504ef05606b7d35131b0db0f1110d512da8,2019-02,Lancashire Constabulary,Lancashire Constabulary,-2.992814,53.842663,On or near Leander Gardens,E01025569,Wyre 014C,Other theft,Status update unavailable,
921c6740c1e2bb7f38ad9cd0468750e0079fe7b2d37c16cfdea0151495147e2d,2019-02,Lancashire Constabulary,Lancashire Constabulary,-2.992299,53.840806,On or near Hodgson Place,E01025569,Wyre 014C,Other theft,Status update unavailable,
42cc62dba2cd722c4740a248aa049f11192f2956f5af5a3fc362e7fa4d9b497d,2019-02,Lancashire Constabulary,Lancashire Constabulary,-2.993385,53.844339,On or near Elm Avenue,E01025569,Wyre 014C,Violence and sexual offences,Status update unavailable,
102248d0fc54e57445b72ef3e88a50b9d0dad86bb709c84763035dfb2ba74d2d,2019-02,Lancashire Constabulary,Lancashire Constabulary,-3.003071,53.841966,On or near Dodgeons Close,E01025569,Wyre 014C,Violence and sexual offences,Unable to prosecute suspect,
502bccb1302ab24e751e4081c394614e281d50913b62e20e53aa3583639edd58,2019-02,Lancashire Constabulary,Lancashire Constabulary,-3.003071,53.841966,On or near Dodgeons Close,E01025569,Wyre 014C,Violence and sexual offences,Formal action is not in the public interest,
5f7f4a79f74f464c5734d4f396a781ddceeb4b886fec2ff0e1364f2515ca4a8b,2019-02,Lancashire Constabulary,Lancashire Constabulary,-2.993385,53.844339,On or near Elm Avenue,E01025569,Wyre 014C,Violence and sexual offences,Status update unavailable,
a361ef0249923df23d2690948d9e34a39cc6d01a98f1c7c984b4cf5e623fa00f,2019-02,Lancashire Constabulary,Lancashire Constabulary,-2.993385,53.844339,On or near Elm Avenue,E01025569,Wyre 014C,Violence and sexual offences,Unable to prosecute suspect,
a878d2eae996a7caadd28a762332e03aa43fec9db060b0277182433e875b9d72,2019-02,Lancashire Constabulary,Lancashire Constabulary,-2.993256,53.840178,On or near Lindsay Avenue,E01025569,Wyre 014C,Violence and sexual offences,Unable to prosecute suspect,
97511e98e73cd77c9908d8268db65afd1dfa5b635dfab2b82b27e41ca9580afd,2019-02,Lancashire Constabulary,Lancashire Constabulary,-3.016530,53.847956,On or near Robins Lane,E01025599,Wyre 014D,Drugs,Unable to prosecute suspect,
966b5b71b5756a7c372641ff9f4bc34dd9ce275d0bb990bf6ae80ec1fb0050b0,2019-02,Lancashire Constabulary,Lancashire Constabulary,-3.012421,53.841456,On or near The Rowans,E01025599,Wyre 014D,Violence and sexual offences,Unable to prosecute suspect,
,2019-02,Lancashire Constabulary,Lancashire Constabulary,-2.998433,53.846301,On or near Ryland Avenue,E01025600,Wyre 014E,Anti-social behaviour,,
7c187a5e18833141d98efcdcd548a249f684f7920b48f2cb9bb49e0ee4e174d7,2019-02,Lancashire Constabulary,Lancashire Constabulary,-3.008040,53.843812,On or near Winscar Walk,E01025600,Wyre 014E,Vehicle crime,Status update unavailable,
d19a37e961241d838d0f4ab59ce60b3f735981e7e10a5adfba2e4e4567710dcd,2019-02,Lancashire Constabulary,Lancashire Constabulary,-3.006316,53.842919,On or near Belgrave Place,E01025600,Wyre 014E,Violence and sexual offences,Formal action is not in the public interest,
5e627f9c83411b7a79f85e243c8bc5a68a8042b858576b6ac7869e0ce42b96b3,2019-02,Lancashire Constabulary,Lancashire Constabulary,,,No Location,,,Bicycle theft,Status update unavailable,
078e1a1bacb984502c74215d5f6c5f6a25508a5a9a4806b7a50deada8099046d,2019-02,Lancashire Constabulary,Lancashire Constabulary,,,No Location,,,Bicycle theft,Status update unavailable,
737c95c600c66baf20edaf508121f665e159d3c7fd537ed85c49d8fb57fc687c,2019-02,Lancashire Constabulary,Lancashire Constabulary,,,No Location,,,Bicycle theft,Status update unavailable,
4c6607949e8689302b19b82a51178d5303568b92dab5df0c4a2134d3dc1e5f6a,2019-02,Lancashire Constabulary,Lancashire Constabulary,,,No Location,,,Bicycle theft,Status update unavailable,
1bd0207f1d76fe1229da9257dd389b5754fe2d1a036fdeefe1af3a73783556f9,2019-02,Lancashire Constabulary,Lancashire Constabulary,,,No Location,,,Bicycle theft,Status update unavailable,
5893fee188f6c0c4deb5906e1504227c369edb0bfd5aded5bce6dbc9c695afb5,2019-02,Lancashire Constabulary,Lancashire Constabulary,,,No Location,,,Bicycle theft,Status update unavailable,
e110ec8793e0af8c46446a53907a331048f469e529ce3d75559046a45e9bb808,2019-02,Lancashire Constabulary,Lancashire Constabulary,,,No Location,,,Bicycle theft,Status update unavailable,
7dcd7e36df5f5af69f8829429ea5155eec78260aa9f349b7f208f21df3839686,2019-02,Lancashire Constabulary,Lancashire Constabulary,,,No Location,,,Bicycle theft,Status update unavailable,
3e4e3329fc8d5019ac45f9b6894c54bec39788cc8a0d2a0478f966b2bbfd2ff2,2019-02,Lancashire Constabulary,Lancashire Constabulary,,,No Location,,,Bicycle theft,Unable to prosecute suspect,
fc01a0dcf5fc67318a4f422492eb7ce911b469bfa1cda2f9f9b75c84fc6ac4d2,2019-02,Lancashire Constabulary,Lancashire Constabulary,,,No Location,,,Bicycle theft,Status update unavailable,
fe4d0cb2e83c88574408cdf684dc12b739b2214ef04e43c9b9ef8e24cee1f3aa,2019-02,Lancashire Constabulary,Lancashire Constabulary,,,No Location,,,Bicycle theft,Status update unavailable,
d1d8a48c34c85ad20d473a393750a277f55028302e6a4c4a46d0a34c6a366688,2019-02,Lancashire Constabulary,Lancashire Constabulary,,,No Location,,,Bicycle theft,Status update unavailable,
4e1c032f7a8ee5f70e05fa1c002e7928873e08d7ccac5107ef246ff7aa5e981f,2019-02,Lancashire Constabulary,Lancashire Constabulary,,,No Location,,,Bicycle theft,Status update unavailable,
95306fb241cc0f2fc0a963f952cda61e61286e3ba1a3eeaa01014fb7c85546bf,2019-02,Lancashire Constabulary,Lancashire Constabulary,,,No Location,,,Bicycle theft,Status update unavailable,
07250629fc9c326d32a9e902031ed2ff1be28071a892193f1d3588da927d6895,2019-02,Lancashire Constabulary,Lancashire Constabulary,,,No Location,,,Burglary,Status update unavailable,
cb3f0b1c796118599883de4286180f87eab9008d4edb6debda91df04a3f31bbe,2019-02,Lancashire Constabulary,Lancashire Constabulary,,,No Location,,,Burglary,Local resolution,
37ab2551219eb17a4a19881db6c91b370784d00b27cb3a5bec2f9e1aeee7a516,2019-02,Lancashire Constabulary,Lancashire Constabulary,,,No Location,,,Burglary,Status update unavailable,
655c5028b4f541aeb9359490d4ddc3a56ba660b4edcb5e24018fe5277bbb3427,2019-02,Lancashire Constabulary,Lancashire Constabulary,,,No Location,,,Burglary,Status update unavailable,
faa0110cb7dc4b33af68f12e33d2d7c69d1403cd762fece76073f094a2a3ca7b,2019-02,Lancashire Constabulary,Lancashire Constabulary,,,No Location,,,Burglary,Status update unavailable,
5528daeadf45eaa98e1815b606cc870879479fcb4262b75d62797f87577363f8,2019-02,Lancashire Constabulary,Lancashire Constabulary,,,No Location,,,Burglary,Status update unavailable,
1554d1e8e8377d380739eaf645900dcfec6cbffbd16cbf3a44f5d94f0b76a189,2019-02,Lancashire Constabulary,Lancashire Constabulary,,,No Location,,,Burglary,Status update unavailable,
388d4b54a9e3f9149e6ae26ebded09a17320e893c853aecf72f179c39baf4136,2019-02,Lancashire Constabulary,Lancashire Constabulary,,,No Location,,,Burglary,Status update unavailable,
0702b72837ab27a111c7750e55bf16e8cee3a43b20a5dccd83d8347534adb61e,2019-02,Lancashire Constabulary,Lancashire Constabulary,,,No Location,,,Burglary,Status update unavailable,
db0fd895613a2fed194f195ad442e893d0b97b3765347c94f85e9f6681b978b2,2019-02,Lancashire Constabulary,Lancashire Constabulary,,,No Location,,,Burglary,Status update unavailable,
d30097b66e38c979b907dc2a632ffa6a224d0c3422276fc70499dbf8776868c8,2019-02,Lancashire Constabulary,Lancashire Constabulary,,,No Location,,,Burglary,Status update unavailable,
2b54e8d464eb6e0e52432e6658adc3c595ba5ee29d1c8d46be67a051c7ae1836,2019-02,Lancashire Constabulary,Lancashire Constabulary,,,No Location,,,Burglary,Status update unavailable,
64116e8c05712096bec668859fd9b2c565e8708591de48f86853ecc70d29b5ae,2019-02,Lancashire Constabulary,Lancashire Constabulary,,,No Location,,,Burglary,Status update unavailable,
2dfc4ebbca46281609be6cc78879ff65fc320448a8ac3b2ccd4f5de7d9e54f7e,2019-02,Lancashire Constabulary,Lancashire Constabulary,,,No Location,,,Burglary,Status update unavailable,
73f4526332aa47dc93f07203c8fa83ec0a3bc5e75a2197308854fc2eb22c5c21,2019-02,Lancashire Constabulary,Lancashire Constabulary,,,No Location,,,Burglary,Status update unavailable,
f5cc7fc034648dac7f93f30ea0e83653cd004b4bd39c2ba7bc8858751e374fa3,2019-02,Lancashire Constabulary,Lancashire Constabulary,,,No Location,,,Burglary,Status update unavailable,
7afc1e60f263095d6bdec6c7e6b9051b6a5330f4fa7a078ec8c3a05230c0a1bf,2019-02,Lancashire Constabulary,Lancashire Constabulary,,,No Location,,,Burglary,Status update unavailable,
8267f491bd424228d3abd1999cc3bd6404abdf8ac906de40521756875f52b0a0,2019-02,Lancashire Constabulary,Lancashire Constabulary,,,No Location,,,Burglary,Status update unavailable,
ee4a83976cad8230f5b9e5f32d2d9eca2815d1500c97b7a384b27355e9de7221,2019-02,Lancashire Constabulary,Lancashire Constabulary,,,No Location,,,Burglary,Status update unavailable,
92af15f4725e5dbea6f01678fad9f205daf24c6fe6ecc463833cbb577afc1bd2,2019-02,Lancashire Constabulary,Lancashire Constabulary,,,No Location,,,Burglary,Status update unavailable,
aed4ac991ab669c4de7a6c3bf3a79bf66d302553e9d1a496c07eab87314b9133,2019-02,Lancashire Constabulary,Lancashire Constabulary,,,No Location,,,Burglary,Status update unavailable,
855d7d2cb4c6e8e6b88730066853bd63b7607f02ea9a77070e1b4b8eeffbb46c,2019-02,Lancashire Constabulary,Lancashire Constabulary,,,No Location,,,Burglary,Status update unavailable,
c191ea0b192786b49f9fd624633b80040c8e1c0592dbf6977f1f23240dafd1f4,2019-02,Lancashire Constabulary,Lancashire Constabulary,,,No Location,,,Burglary,Status update unavailable,
097fb0c8b0419ce038d648676975b3e0a7ce04f68de15ab909acc70fbdeede01,2019-02,Lancashire Constabulary,Lancashire Constabulary,,,No Location,,,Burglary,Status update unavailable,
9da1b0f18785d61ac2394de104c58165a9d595161028823506b77f3813346418,2019-02,Lancashire Constabulary,Lancashire Constabulary,,,No Location,,,Burglary,Status update unavailable,
dbf41a067a094f6766ada25fd7f99c12d3769f55575ac85517148b81cfa92c90,2019-02,Lancashire Constabulary,Lancashire Constabulary,,,No Location,,,Burglary,Status update unavailable,
c4a49de8b64bcbeb44c5d0f18f01ed3ae95812c20f4aad9553c4bd6cbc4c814e,2019-02,Lancashire Constabulary,Lancashire Constabulary,,,No Location,,,Burglary,Status update unavailable,
ef9429143537334ad14848bd84e8e1114d52b5914c6103d1f212c9bec63ac95a,2019-02,Lancashire Constabulary,Lancashire Constabulary,,,No Location,,,Burglary,Status update unavailable,
b41af0e2fbfbdeb6c070cf6dac653a89449ec8ab4aeca72286c1172ce8a358f9,2019-02,Lancashire Constabulary,Lancashire Constabulary,,,No Location,,,Burglary,Status update unavailable,
0cc9a904fe40b2f5875e0b7b88d12e5edcace0e205c08630895de9a63c1292df,2019-02,Lancashire Constabulary,Lancashire Constabulary,,,No Location,,,Burglary,Status update unavailable,
ae3868f9f89063f45755e4ae97ee1b451392faa89b6e5865eec481aa34eb56fd,2019-02,Lancashire Constabulary,Lancashire Constabulary,,,No Location,,,Burglary,Status update unavailable,
6ca38f696c0a5ae37458ea2932f6a167df47a1399ccde2de7facc9c03a7c4501,2019-02,Lancashire Constabulary,Lancashire Constabulary,,,No Location,,,Burglary,Status update unavailable,
74d73579f873ca68a2debb914eab12a4b0c54c9789de816c65720c0d601eab1f,2019-02,Lancashire Constabulary,Lancashire Constabulary,,,No Location,,,Burglary,Status update unavailable,
b436c869a93d40203c2929eb442211187c0e63d2c1ec0358f34900a2279ef783,2019-02,Lancashire Constabulary,Lancashire Constabulary,,,No Location,,,Burglary,Status update unavailable,
986b149c98d7b80534d56af971041f69fb328f020905757ed93ece86d851d4d7,2019-02,Lancashire Constabulary,Lancashire Constabulary,,,No Location,,,Burglary,Status update unavailable,
add16d1f09e843bf90ce92a118b406c24afe22eca42c1ee5dea0dae5fbdcf171,2019-02,Lancashire Constabulary,Lancashire Constabulary,,,No Location,,,Burglary,Status update unavailable,
1fc5934b519c2155b345922320da1ea00a63f7b2c28a1c18fa5d06680b0454d0,2019-02,Lancashire Constabulary,Lancashire Constabulary,,,No Location,,,Burglary,Status update unavailable,
33bfa09a6b6752918b5a60ed319f7ba3aecbcdb26f818c3b047aa09be4ec1419,2019-02,Lancashire Constabulary,Lancashire Constabulary,,,No Location,,,Burglary,Status update unavailable,
63ad1765e8b4d0935bda0042409bf8e8d81a701562bfdef4b76c029bb60b7cfe,2019-02,Lancashire Constabulary,Lancashire Constabulary,,,No Location,,,Burglary,Status update unavailable,
f1d1d110f5029c6ef62aa770503bf9492d709969776c7d93865acd6c18aa0d40,2019-02,Lancashire Constabulary,Lancashire Constabulary,,,No Location,,,Burglary,Status update unavailable,
f0e4dcddbca4f4af0ff27b7aad62718f805dade4a1e6a5e5b8d6fc67edb864ad,2019-02,Lancashire Constabulary,Lancashire Constabulary,,,No Location,,,Burglary,Status update unavailable,
4115fd7ae55939bc88355fdf86e04e68c4ed1f5132e57e1a071637849e954806,2019-02,Lancashire Constabulary,Lancashire Constabulary,,,No Location,,,Burglary,Status update unavailable,
c484dde703cfcb22dba3d8d5b5675c5745de5042d85ed73e6fcdf024d0426d1a,2019-02,Lancashire Constabulary,Lancashire Constabulary,,,No Location,,,Burglary,Status update unavailable,
9866eadc9856c916d63be69a98d6678cc4bb03a80fe930639f32518062aa8c39,2019-02,Lancashire Constabulary,Lancashire Constabulary,,,No Location,,,Burglary,Status update unavailable,
f27a8b955fa847d42039e2c5d92d5c3828e9bc6e58a5070f6deccf16e90f63f4,2019-02,Lancashire Constabulary,Lancashire Constabulary,,,No Location,,,Burglary,Status update unavailable,
71ffe722552748127d47c831523902a72070348ac913a55288c873ef6e21d9bd,2019-02,Lancashire Constabulary,Lancashire Constabulary,,,No Location,,,Burglary,Status update unavailable,
e6bc50f29bb0f12ffe3226045448e3517eae47680e53e60b657e76df8512b622,2019-02,Lancashire Constabulary,Lancashire Constabulary,,,No Location,,,Burglary,Status update unavailable,
c1e1203b5d95c368550c129003d1f4b08ce8fd1685deddf575c275f532284c62,2019-02,Lancashire Constabulary,Lancashire Constabulary,,,No Location,,,Burglary,Status update unavailable,
a84f5929f03f13bd01e53fa4c2d8ad24fefbdccb12e078207bf41db2d6fdcfa1,2019-02,Lancashire Constabulary,Lancashire Constabulary,,,No Location,,,Burglary,Status update unavailable,
6f72392fdc49e9beb7e670067a7f0691a1eb74b2d782c51e64ff9565268cc241,2019-02,Lancashire Constabulary,Lancashire Constabulary,,,No Location,,,Burglary,Status update unavailable,
b098fadb3a2858a29ffb15cdf0d76032db52a53dcd8f82b72f1301e0165b9e75,2019-02,Lancashire Constabulary,Lancashire Constabulary,,,No Location,,,Burglary,Status update unavailable,
44cd1e67a42d38b5d31dcb31423b2a06102e8716b1437b0370f86464ec4f1ce9,2019-02,Lancashire Constabulary,Lancashire Constabulary,,,No Location,,,Burglary,Status update unavailable,
bb1687b9449aec7769f4c6d2ae0c64076bcc250d56cb4ac54a47df628bb28804,2019-02,Lancashire Constabulary,Lancashire Constabulary,,,No Location,,,Burglary,Status update unavailable,
efa39c3335cf13c6cb1c64e428bf7e806491d13152a3bf805f11c699d0c3cd4a,2019-02,Lancashire Constabulary,Lancashire Constabulary,,,No Location,,,Burglary,Status update unavailable,
3d8fac0ccab99b4b6b54c8d3750b47a1bde2440e4a990d2d54cd6ca5a621b631,2019-02,Lancashire Constabulary,Lancashire Constabulary,,,No Location,,,Burglary,Status update unavailable,
d02688032aad494c227574ff0ac88fd3f217158ec709939bd7867f75d0b24f39,2019-02,Lancashire Constabulary,Lancashire Constabulary,,,No Location,,,Burglary,Status update unavailable,
b81c15c74e441fd25ee730351d6def9e6157b8a90277f894ba81a60ca647edfc,2019-02,Lancashire Constabulary,Lancashire Constabulary,,,No Location,,,Burglary,Status update unavailable,
ba48ed929897b1acc6e2955ab794ec9f9bebbd536a345edc43c5be84fb6b13f5,2019-02,Lancashire Constabulary,Lancashire Constabulary,,,No Location,,,Burglary,Status update unavailable,
65bb4d0301e2255d0d84cb97b0760c1f60a769bd5ff6a6a1b78d6f766445e44d,2019-02,Lancashire Constabulary,Lancashire Constabulary,,,No Location,,,Burglary,Status update unavailable,
5710c0ee5b91aeb04b9f758ddb38dd91c93aa0ddf58da0eeb1a98a657a723381,2019-02,Lancashire Constabulary,Lancashire Constabulary,,,No Location,,,Burglary,Status update unavailable,
15532ba2ee0d49ec0c340bae222fd29c9df7b909c9a64376c740446d63a5e36d,2019-02,Lancashire Constabulary,Lancashire Constabulary,,,No Location,,,Burglary,Status update unavailable,
e8f8c89adf4db8c25e56f1d9a3ef01023f9bceb5fc23140ec857057cdaafedd5,2019-02,Lancashire Constabulary,Lancashire Constabulary,,,No Location,,,Burglary,Status update unavailable,
c4deeffe524014f7e3cda7c3b66bc629c810f63eab2ff9ec2941c6a689d90241,2019-02,Lancashire Constabulary,Lancashire Constabulary,,,No Location,,,Burglary,Status update unavailable,
981bec7f649b8206d930e7d7f629e2ad927501be962130a60f4151e3513cb50b,2019-02,Lancashire Constabulary,Lancashire Constabulary,,,No Location,,,Burglary,Status update unavailable,
a34098fc97bea613ffda00446691ced27f9eada053983cbb254740f7bb08bc50,2019-02,Lancashire Constabulary,Lancashire Constabulary,,,No Location,,,Burglary,Status update unavailable,
2f7cc2b3389c0163ccb2d3df776f3b1c41cd7d4d3c1e2a424a5e3ce2d127dd8b,2019-02,Lancashire Constabulary,Lancashire Constabulary,,,No Location,,,Burglary,Status update unavailable,
570ebfad24352b5d7e7cd1f5278daa1138c82dc0a8b39e1aa84437ca7fe7a2bd,2019-02,Lancashire Constabulary,Lancashire Constabulary,,,No Location,,,Burglary,Status update unavailable,
15c6bf5d122614ea8084e873efaae86e34ded24193973963e440c4a725a3cb6c,2019-02,Lancashire Constabulary,Lancashire Constabulary,,,No Location,,,Burglary,Status update unavailable,
d89ea32ad9f458e9a35885da50f3d1289adb48868dad266aafa454c8d4fa7575,2019-02,Lancashire Constabulary,Lancashire Constabulary,,,No Location,,,Burglary,Status update unavailable,
e8c5a1199e5f699ec99a7f5b7c131755f929df61e704c87f6b4191fc7ea33f70,2019-02,Lancashire Constabulary,Lancashire Constabulary,,,No Location,,,Burglary,Status update unavailable,
cb9078369a2cbbf6f06561bf3bd2d260ead96575a25a8af48a9080a8d69f636a,2019-02,Lancashire Constabulary,Lancashire Constabulary,,,No Location,,,Burglary,Status update unavailable,
f5859888cb5f97009e93dad10aa18f2e9a5a26e6c90c91be841000b00d9769b9,2019-02,Lancashire Constabulary,Lancashire Constabulary,,,No Location,,,Burglary,Status update unavailable,
490577f2b8cdfea8c3dc9e106ff00e4b33060c93b2515d24ab4f3ef8b8fd0361,2019-02,Lancashire Constabulary,Lancashire Constabulary,,,No Location,,,Burglary,Status update unavailable,
077c81cc1f6ddd573cfb69014bff5e80df8b16ec13ba2591d223607dc4c4ca57,2019-02,Lancashire Constabulary,Lancashire Constabulary,,,No Location,,,Burglary,Status update unavailable,
beebcb718b4813eb321a5cc0504c76f5b5b738e32ca3899c6df50e21f1849f7a,2019-02,Lancashire Constabulary,Lancashire Constabulary,,,No Location,,,Burglary,Status update unavailable,
792c8f22c0d826e7ef5e97b7e3c42cc5ee6785fde11b1f8cfc76505c444b7d1d,2019-02,Lancashire Constabulary,Lancashire Constabulary,,,No Location,,,Burglary,Status update unavailable,
c04f4693d310083a5b56f594dcaa56a6a4c24c48c2df5444f241ba1d8f87acf4,2019-02,Lancashire Constabulary,Lancashire Constabulary,,,No Location,,,Burglary,Status update unavailable,
0981dc3b0eb30173cfb751f1a8775d00a52b7e15fdd7d3a4dfe2b201c538243a,2019-02,Lancashire Constabulary,Lancashire Constabulary,,,No Location,,,Burglary,Status update unavailable,
ff8d47d709287fcc6b82cc9585d51c315ed6637ae91ca4ab286aa2d9b04e8b5d,2019-02,Lancashire Constabulary,Lancashire Constabulary,,,No Location,,,Burglary,Status update unavailable,
19804935c79d36cf2a64dfb7cf443b63ba966c7ad1a51d6a845041600d961cbd,2019-02,Lancashire Constabulary,Lancashire Constabulary,,,No Location,,,Burglary,Status update unavailable,
33fdf19a2413dbed8b4a1be2b88a090c5081ba7ec2036401300b46cc0808b8d4,2019-02,Lancashire Constabulary,Lancashire Constabulary,,,No Location,,,Burglary,Status update unavailable,
edca391a2350ccc8328bbf75c1f2731f742762b04952bf59873a016f624fd8d3,2019-02,Lancashire Constabulary,Lancashire Constabulary,,,No Location,,,Burglary,Status update unavailable,
e5acb90990b5b84203b16c1ad0ea8c4a693a96c808c53ac4880e84116b3e2152,2019-02,Lancashire Constabulary,Lancashire Constabulary,,,No Location,,,Burglary,Status update unavailable,
bd05d0e47441e141e17f9ad58e78188729df408b46c4fc09e3b968199b15f3f9,2019-02,Lancashire Constabulary,Lancashire Constabulary,,,No Location,,,Burglary,Status update unavailable,
249ebf3d90a484e634f98c31b59361ebadd14d03093f801b28e669113156ffdd,2019-02,Lancashire Constabulary,Lancashire Constabulary,,,No Location,,,Burglary,Status update unavailable,
f5ff13df7699b23803789cc1a74101a6a567837878d2425f5b55188cc107fced,2019-02,Lancashire Constabulary,Lancashire Constabulary,,,No Location,,,Burglary,Status update unavailable,
e16daa811f36fe5656f5820c57db166a0050a58f7058adfe006b2d53d8ce894f,2019-02,Lancashire Constabulary,Lancashire Constabulary,,,No Location,,,Burglary,Awaiting court outcome,
44ae16125274f5aeac110c274f798aa80fe54a5656e7ab11422e97f16b020434,2019-02,Lancashire Constabulary,Lancashire Constabulary,,,No Location,,,Burglary,Status update unavailable,
3c8e881a6aced653ca94588c5285013c560852faa2a6335eff8a5c626e441aab,2019-02,Lancashire Constabulary,Lancashire Constabulary,,,No Location,,,Burglary,Status update unavailable,
2f2537f4f637e4f3e5d791a76d9f31fa7ffb644676a787a35cf8e8c3d775915a,2019-02,Lancashire Constabulary,Lancashire Constabulary,,,No Location,,,Burglary,Status update unavailable,
737bf952b3032991b7cbe5f9a3767ebc0f64057f36602411e3270bab7e507921,2019-02,Lancashire Constabulary,Lancashire Constabulary,,,No Location,,,Burglary,Status update unavailable,
cd414071cb07e94898d7a1ecd37376e6430daf58b545ba8854c69e936b62df50,2019-02,Lancashire Constabulary,Lancashire Constabulary,,,No Location,,,Burglary,Status update unavailable,
32472c64a41fba3363e892d80a2f8461b33a07b7e55ca17da821cd94f4eee548,2019-02,Lancashire Constabulary,Lancashire Constabulary,,,No Location,,,Burglary,Status update unavailable,
67f1129a3f8ce88e8af616b6df02806aaa55ca88b54609dd54f68ea099b09b54,2019-02,Lancashire Constabulary,Lancashire Constabulary,,,No Location,,,Burglary,Status update unavailable,
2c6ceaa4cf877e35099d3479f0d95d3baeedd531b695b2bfabed5e82a0405a40,2019-02,Lancashire Constabulary,Lancashire Constabulary,,,No Location,,,Burglary,Status update unavailable,
99a2f175d77fe5bae712021275f3b68bee09dc7d3f6dc4f5942053012861af28,2019-02,Lancashire Constabulary,Lancashire Constabulary,,,No Location,,,Burglary,Status update unavailable,
909f3aae4c9d28c0d59766ea0fb56c30314707fdd160fd4ff9e9516f1d3d2e6d,2019-02,Lancashire Constabulary,Lancashire Constabulary,,,No Location,,,Burglary,Status update unavailable,
5726b95f83a5644ff9f4f134f43ec7d894c22c133ba9543714b55a4342b27c86,2019-02,Lancashire Constabulary,Lancashire Constabulary,,,No Location,,,Burglary,Status update unavailable,
aaec187c065b1f720e8758f94a078b198204e59b362c25d0ef18ffadcf036c2b,2019-02,Lancashire Constabulary,Lancashire Constabulary,,,No Location,,,Burglary,Status update unavailable,
6da1d29923e777f2d77b6dc130fef59bf46622720a59079ad7798e191f25bd3a,2019-02,Lancashire Constabulary,Lancashire Constabulary,,,No Location,,,Burglary,Status update unavailable,
d016348bceb674e9cbcf8caac2f6cb7ab4b02764688bd4cd6f97c99e0ba5bfa4,2019-02,Lancashire Constabulary,Lancashire Constabulary,,,No Location,,,Criminal damage and arson,Offender fined,
8e72ed21a75acb282a01e6f30b39a427d31e30f94087325e7d6fc8b24628b8e6,2019-02,Lancashire Constabulary,Lancashire Constabulary,,,No Location,,,Criminal damage and arson,Status update unavailable,
392c1688390233e7734dd5434e5896bdd1c490bf2cbeacdbeeb1d494a04b771b,2019-02,Lancashire Constabulary,Lancashire Constabulary,,,No Location,,,Criminal damage and arson,Status update unavailable,
c59cf08e7c3d4878f97d377d0528ce46db9fa33c467c6b4e660b9fbb7f9901b0,2019-02,Lancashire Constabulary,Lancashire Constabulary,,,No Location,,,Criminal damage and arson,Status update unavailable,
59c7e3c3818052c536cb867be067ba7a86bb49782461807f4b6803d5fe999fc4,2019-02,Lancashire Constabulary,Lancashire Constabulary,,,No Location,,,Criminal damage and arson,Status update unavailable,
d53897862b3061835b6efa64e7c88373c13c8c3eeadc6b23c8eb4321b1e8eb03,2019-02,Lancashire Constabulary,Lancashire Constabulary,,,No Location,,,Criminal damage and arson,Status update unavailable,
360ecbf44bbc0c4353cad1c970bd5a7bd4d59717096dee2f66e2e4ba207042d5,2019-02,Lancashire Constabulary,Lancashire Constabulary,,,No Location,,,Criminal damage and arson,Status update unavailable,
0b2b6bf297205161d512e3cdaba84c2240194378634a76e576fdc549446baf3c,2019-02,Lancashire Constabulary,Lancashire Constabulary,,,No Location,,,Criminal damage and arson,Status update unavailable,
cdd8ef4c668a7baaa2ca225bdb188cabefdc47464cde4c9fba630605eb1072de,2019-02,Lancashire Constabulary,Lancashire Constabulary,,,No Location,,,Criminal damage and arson,Status update unavailable,
b1805e2ff2de057bbb00ffe0217287a517dfbd028bea8e958a79a16e43939546,2019-02,Lancashire Constabulary,Lancashire Constabulary,,,No Location,,,Criminal damage and arson,Status update unavailable,
83104de7dff658eedd1acbe9e6b7e63ed3e5cc93b8c06ff9f7af64417ea24ca2,2019-02,Lancashire Constabulary,Lancashire Constabulary,,,No Location,,,Criminal damage and arson,Unable to prosecute suspect,
f4640ba0f04f5728293d25940f0052ea4baee380fa8d0dfd40d5fbc859fd7630,2019-02,Lancashire Constabulary,Lancashire Constabulary,,,No Location,,,Criminal damage and arson,Status update unavailable,
c1fc06dd1b867b1219668dd1ce387fa8be4af9d8a10725ec1394efb0061961af,2019-02,Lancashire Constabulary,Lancashire Constabulary,,,No Location,,,Criminal damage and arson,Status update unavailable,
54fbd42b4ca5bc7f3ed2e8f3999a07730b0978a7c957483641815f47c275e49c,2019-02,Lancashire Constabulary,Lancashire Constabulary,,,No Location,,,Criminal damage and arson,Unable to prosecute suspect,
3386b52d271a9f26039ee8b4462d44292e2886c24a0da86196d7bb5a845ee462,2019-02,Lancashire Constabulary,Lancashire Constabulary,,,No Location,,,Criminal damage and arson,Status update unavailable,
d9fc38f1223ce0fa6f1d3728bef0edff10b7d8060025c2e097e37df1843d30f7,2019-02,Lancashire Constabulary,Lancashire Constabulary,,,No Location,,,Criminal damage and arson,Status update unavailable,
f9023efdb75a6fa2e52a22f81217fbb6ebe7e44c7c872da22b773279c00323e2,2019-02,Lancashire Constabulary,Lancashire Constabulary,,,No Location,,,Criminal damage and arson,Status update unavailable,
8f67906a7a85d7592a5a2751477aa305da77cd7ba1903f285694bc08da345b3d,2019-02,Lancashire Constabulary,Lancashire Constabulary,,,No Location,,,Criminal damage and arson,Local resolution,
97ea2c2cee7ca440fc5dfc401ab2800398be71c19cb7847af86b4bcfa653c184,2019-02,Lancashire Constabulary,Lancashire Constabulary,,,No Location,,,Criminal damage and arson,Status update unavailable,
5b5e65c8b1323b5827fd632e1623ab23e0f60597c80200c9349fef2233db87ab,2019-02,Lancashire Constabulary,Lancashire Constabulary,,,No Location,,,Criminal damage and arson,Status update unavailable,
0ac124c430b3d7a6af2c6bafe203d7a41e6a2b43dd29d7b4f4733254e02c4f2a,2019-02,Lancashire Constabulary,Lancashire Constabulary,,,No Location,,,Criminal damage and arson,Status update unavailable,
af87cb5c55f19fdf83a4ce463952f1297342cad0586db2c22d5cb35ea895bdb3,2019-02,Lancashire Constabulary,Lancashire Constabulary,,,No Location,,,Criminal damage and arson,Status update unavailable,
53c0334c0a11f9a31d650d8d9c8314dedda6add3cc6cb0299e5ee7fb3ab9c155,2019-02,Lancashire Constabulary,Lancashire Constabulary,,,No Location,,,Criminal damage and arson,Status update unavailable,
bbc09a071ca205c470f9b144fbf08d6b56faeb5c8a4163fd45052b6edf8c5e75,2019-02,Lancashire Constabulary,Lancashire Constabulary,,,No Location,,,Criminal damage and arson,Offender given conditional discharge,
a6b4c74d5e1cdbb7c0222621ba5c2ed50b9d1e6005301d0f56195f71f0e7b3c2,2019-02,Lancashire Constabulary,Lancashire Constabulary,,,No Location,,,Criminal damage and arson,Status update unavailable,
b27c991a31a6c9219336f943dca141b0164e8c088230e81d218c219788c47418,2019-02,Lancashire Constabulary,Lancashire Constabulary,,,No Location,,,Criminal damage and arson,Status update unavailable,
7b3fa30a357484c06a4b5613af003f2e396badfb1c86193be31a412821d1fc8d,2019-02,Lancashire Constabulary,Lancashire Constabulary,,,No Location,,,Criminal damage and arson,Status update unavailable,
c1566a4863fe8d0934b8392912c6566375e36ef97877a04d957fac6b67a67ac2,2019-02,Lancashire Constabulary,Lancashire Constabulary,,,No Location,,,Criminal damage and arson,Status update unavailable,
dde2cfdaea6ab05f6bf107e4434ace30d14b631ebfb0c6550cf72cab6cc14482,2019-02,Lancashire Constabulary,Lancashire Constabulary,,,No Location,,,Criminal damage and arson,Status update unavailable,
1d5a9771f5d6dbaabea40a8e9550ba50e52289a825a91efeaf772e846ae3c17c,2019-02,Lancashire Constabulary,Lancashire Constabulary,,,No Location,,,Criminal damage and arson,Status update unavailable,
50ea2c83bbcf5cc39632204dc50c0816948e62cdf892fd90dc4106c5b7488b33,2019-02,Lancashire Constabulary,Lancashire Constabulary,,,No Location,,,Criminal damage and arson,Status update unavailable,
de5023c28733625d8fd5ad5c658649ff10f9ac5807bc2b5adace262caad9c69c,2019-02,Lancashire Constabulary,Lancashire Constabulary,,,No Location,,,Criminal damage and arson,Status update unavailable,
26485c537f9f889f00828081b9bc67f79027efe8bb13ed0505b8db19384e24a5,2019-02,Lancashire Constabulary,Lancashire Constabulary,,,No Location,,,Criminal damage and arson,Status update unavailable,
2a7dde8b7cb4bd0ce17ecdfdc3c2f55ba37fc340b1892d56b36f7ec459c7f99e,2019-02,Lancashire Constabulary,Lancashire Constabulary,,,No Location,,,Criminal damage and arson,Status update unavailable,
7b542c767ca6b2bf0a7e6bdae9626a6cbeb392b2fcdb423c953f3516161680b0,2019-02,Lancashire Constabulary,Lancashire Constabulary,,,No Location,,,Criminal damage and arson,Status update unavailable,
1ec09a5d784ae1ea00839588ad8bb5abbb64445f7fa58bb828879b00362d583d,2019-02,Lancashire Constabulary,Lancashire Constabulary,,,No Location,,,Criminal damage and arson,Status update unavailable,
9b92c8c3f7f96dbcd95f348d294c27a4487ad0d7fe4c3188b4cc1df822f9235b,2019-02,Lancashire Constabulary,Lancashire Constabulary,,,No Location,,,Criminal damage and arson,Status update unavailable,
5150490e48a57b11425c32ab29235df858c363d14cdaa66425d0e0b6fe34c063,2019-02,Lancashire Constabulary,Lancashire Constabulary,,,No Location,,,Criminal damage and arson,Status update unavailable,
8ad84cb686dd356e4bd16e9f4f43a0af06632dfb2d3bbaf6917cebaa2789f1c2,2019-02,Lancashire Constabulary,Lancashire Constabulary,,,No Location,,,Criminal damage and arson,Further investigation is not in the public interest,
c8fd22d8c88250b78bc1342de05aaf2aee1f67466db63ada3f2b6fc89cde0a03,2019-02,Lancashire Constabulary,Lancashire Constabulary,,,No Location,,,Criminal damage and arson,Status update unavailable,
e1ccaa856d287a0f738126dbf05fb27354a2a8eef933f46c12ce20fbb09966c1,2019-02,Lancashire Constabulary,Lancashire Constabulary,,,No Location,,,Criminal damage and arson,Status update unavailable,
3ed48a375bf4bc0e07b25ab049d304e903d13170fd92b6a1e33abf0d88057edc,2019-02,Lancashire Constabulary,Lancashire Constabulary,,,No Location,,,Criminal damage and arson,Status update unavailable,
797608268ba8beaa69c316bbc834384cdccf0bc3ba562c21a45899bbed913513,2019-02,Lancashire Constabulary,Lancashire Constabulary,,,No Location,,,Criminal damage and arson,Status update unavailable,
cec9f8e45aecae47d6484f0831d349c4721eb03def0b9e55c34aad8d40c4c59e,2019-02,Lancashire Constabulary,Lancashire Constabulary,,,No Location,,,Criminal damage and arson,Status update unavailable,
f5bb3b24e09089d6ef9672e5e6f105f926ba8e48e7ef8b4a4203d0fe2583c7ac,2019-02,Lancashire Constabulary,Lancashire Constabulary,,,No Location,,,Criminal damage and arson,Status update unavailable,
cad1313f7c69b527916d6a5d7f5f9f5055ae2f8a97e3834c2ec373d8d28ea85d,2019-02,Lancashire Constabulary,Lancashire Constabulary,,,No Location,,,Criminal damage and arson,Status update unavailable,
e4dc4bd44e9e57c6d1c8e3db8a3173970710abb42aa9159b061d6870a66cbe1f,2019-02,Lancashire Constabulary,Lancashire Constabulary,,,No Location,,,Criminal damage and arson,Status update unavailable,
c0b2537d79f82c1687a785376e97adeab0ee176649494e7e90b8e71e3f71248d,2019-02,Lancashire Constabulary,Lancashire Constabulary,,,No Location,,,Criminal damage and arson,Status update unavailable,
672df9546af04ce8b09742be61c1591d73b596664c2f7bff6f8c0b71e6f77ebf,2019-02,Lancashire Constabulary,Lancashire Constabulary,,,No Location,,,Criminal damage and arson,Further investigation is not in the public interest,
71a14e5968f1da5dcedacdb6110abbe49a2934e7a276280d9d3efcee6a88165f,2019-02,Lancashire Constabulary,Lancashire Constabulary,,,No Location,,,Criminal damage and arson,Status update unavailable,
ce5dee224b1b4180938b1794bdf399f743b24ce02ba8b09ef0d42a52ca4a1032,2019-02,Lancashire Constabulary,Lancashire Constabulary,,,No Location,,,Criminal damage and arson,Status update unavailable,
17cf79a7bb5970394e0d4f445587831e07f637d80d0fb931e122a48e02142c36,2019-02,Lancashire Constabulary,Lancashire Constabulary,,,No Location,,,Criminal damage and arson,Status update unavailable,
02f785954a71e7d03672dff4665859a77d2c15bfe219522db24892bdf4e112e1,2019-02,Lancashire Constabulary,Lancashire Constabulary,,,No Location,,,Criminal damage and arson,Status update unavailable,
d79dd99f91cb706beeda6b63274d60197762551f878d7d4ee9c8963bfbba28ca,2019-02,Lancashire Constabulary,Lancashire Constabulary,,,No Location,,,Criminal damage and arson,Status update unavailable,
dff0be3c47e4087c91fbd1348eda80924827d85e7cbd1a873e5a9f80a92d7177,2019-02,Lancashire Constabulary,Lancashire Constabulary,,,No Location,,,Criminal damage and arson,Status update unavailable,
90682c644dfbf433f8cf950640bbd0a3c275fa7fc612f3111f8253c8d5ca1931,2019-02,Lancashire Constabulary,Lancashire Constabulary,,,No Location,,,Criminal damage and arson,Status update unavailable,
ff3a16c897f85fe7a1d68e0a4ad1666be781f2cc9f6eacbf25da432cfe32e04b,2019-02,Lancashire Constabulary,Lancashire Constabulary,,,No Location,,,Criminal damage and arson,Awaiting court outcome,
e9ff51941ef344449de918d355b8f39f74ff2aa2e189a971768b13855a10e744,2019-02,Lancashire Constabulary,Lancashire Constabulary,,,No Location,,,Criminal damage and arson,Status update unavailable,
bc1b56a88a1d1f751b60190d88b478927546ef3ffd2e8d02836f12cb6a7cf9b1,2019-02,Lancashire Constabulary,Lancashire Constabulary,,,No Location,,,Criminal damage and arson,Status update unavailable,
7ec413780b8a3992da4b10bab0f16e45eb24425c24ad226ebda2e0bd636a2c2a,2019-02,Lancashire Constabulary,Lancashire Constabulary,,,No Location,,,Criminal damage and arson,Status update unavailable,
98be8e52d1c28689e1e0ca7acbe9ae22941ea2f642ed90ccd2a0e3b132730457,2019-02,Lancashire Constabulary,Lancashire Constabulary,,,No Location,,,Criminal damage and arson,Status update unavailable,
4be6559696eb7f5025defae50060ab98a2a9f46f5249c4f05d1da032b90e8e5f,2019-02,Lancashire Constabulary,Lancashire Constabulary,,,No Location,,,Criminal damage and arson,Unable to prosecute suspect,
c80edfbeaf3033c18db33df0a138c111ad090985902ec853c38ee246306f4146,2019-02,Lancashire Constabulary,Lancashire Constabulary,,,No Location,,,Criminal damage and arson,Status update unavailable,
b99e493aac8d52227f444717ff985985344a448c461f636c18fbf3ffc9c09392,2019-02,Lancashire Constabulary,Lancashire Constabulary,,,No Location,,,Criminal damage and arson,Status update unavailable,
9f1f5d6fdc8c53fcce8c2a7275a8ed52124541c6851daeca3b3bc936c11bfb3b,2019-02,Lancashire Constabulary,Lancashire Constabulary,,,No Location,,,Criminal damage and arson,Status update unavailable,
636b40ca75734c71fc71d386bad504459b3c712e98a8c6014674469ab6f62e89,2019-02,Lancashire Constabulary,Lancashire Constabulary,,,No Location,,,Criminal damage and arson,Status update unavailable,
7deca14c5c2e54af5b8e4cf1f922bb49e7aee523295fdfa3a444845e197e1771,2019-02,Lancashire Constabulary,Lancashire Constabulary,,,No Location,,,Criminal damage and arson,Status update unavailable,
fd5cc9f3f2fe88e94170479a8d10ac08e7bff05bba838cbc974d3a873ee20988,2019-02,Lancashire Constabulary,Lancashire Constabulary,,,No Location,,,Criminal damage and arson,Status update unavailable,
e71f0bf71644df07186dd510314270c75d33abb882301f21085db4a6b9ba48f0,2019-02,Lancashire Constabulary,Lancashire Constabulary,,,No Location,,,Drugs,Formal action is not in the public interest,
177413c4818859a3bdd46a3ac6d69cbef5c4545b75c3af53b0f9e0b08b48907f,2019-02,Lancashire Constabulary,Lancashire Constabulary,,,No Location,,,Drugs,Status update unavailable,
3916625aa0484d4862d61c26b784620e20a1f49600278a9bf6c7dd0865632973,2019-02,Lancashire Constabulary,Lancashire Constabulary,,,No Location,,,Drugs,Local resolution,
fa1f5b45387ec00434f6774236735182f61ebcfb2faf5d9b214a60637f45eda7,2019-02,Lancashire Constabulary,Lancashire Constabulary,,,No Location,,,Drugs,Status update unavailable,
29313c38ccc59a620bac1cd818c3c2797d99d03c6e9368e3107d4fc083fae086,2019-02,Lancashire Constabulary,Lancashire Constabulary,,,No Location,,,Drugs,Unable to prosecute suspect,
a639476e09645e3fc3efbe32090228863f46bd5cc84ce506a3f1d4c418aeed5f,2019-02,Lancashire Constabulary,Lancashire Constabulary,,,No Location,,,Drugs,Status update unavailable,
cdf4734129e2efdaadd344fd48e272a045397bbd265ed9ca56ae17592f0bad45,2019-02,Lancashire Constabulary,Lancashire Constabulary,,,No Location,,,Drugs,Local resolution,
759e676a88a446cc5f6144b96f2a832a6e366d953797b27e176e7c9ef36dff65,2019-02,Lancashire Constabulary,Lancashire Constabulary,,,No Location,,,Drugs,Awaiting court outcome,
ef14061d374abcc18283d943eeb72ccb975ad485acf546ccb4a1e2e6af25eebf,2019-02,Lancashire Constabulary,Lancashire Constabulary,,,No Location,,,Drugs,Status update unavailable,
aa7131a57dbc7335d42d4ed9348a57e74ff2d5292b8f43f9d4f34281cbfc60c7,2019-02,Lancashire Constabulary,Lancashire Constabulary,,,No Location,,,Drugs,Status update unavailable,
21ab7628a206a01f1b10eb8ff0f7f3ddb4a2c2647178c22018ae22063dd6cbc8,2019-02,Lancashire Constabulary,Lancashire Constabulary,,,No Location,,,Drugs,Offender given penalty notice,
b23b0d2b23329aff1a54bc1b084ee244f43b9785fe6c371359c18da17d581ab3,2019-02,Lancashire Constabulary,Lancashire Constabulary,,,No Location,,,Drugs,Status update unavailable,
7bf16ca05660f2ecfb90b5344a693c0b87f4f213b0ac82387a4cf4d931c33cd3,2019-02,Lancashire Constabulary,Lancashire Constabulary,,,No Location,,,Drugs,Status update unavailable,
cb9443babd92fe890b311332f8eb4d4d917ea6eec9aa9b98f55b4c379cfb6711,2019-02,Lancashire Constabulary,Lancashire Constabulary,,,No Location,,,Drugs,Further investigation is not in the public interest,
a52e4454f0a25b1bacbd7a8fa0cdd6c37660ac2917af8bf5c45eb89af54fd1a1,2019-02,Lancashire Constabulary,Lancashire Constabulary,,,No Location,,,Drugs,Status update unavailable,
a46aa1cb9af869fe9a40fd368b575818743dbaee60b5ca37763d9c71e80e6b3c,2019-02,Lancashire Constabulary,Lancashire Constabulary,,,No Location,,,Drugs,Further investigation is not in the public interest,
73b2a9a7d5c9f48101b6124bf6b5444da292e207781d1b1f1cc74bc3e0dfa500,2019-02,Lancashire Constabulary,Lancashire Constabulary,,,No Location,,,Other theft,Unable to prosecute suspect,
1e267744d08181b3f358c5f4df4b4f0e62395f7954c327bae6cf80716437fd4d,2019-02,Lancashire Constabulary,Lancashire Constabulary,,,No Location,,,Other theft,Unable to prosecute suspect,
b8d3dcc24d5bb5b59c824842f66e9889c702dda5c94f67d74e58421215214f18,2019-02,Lancashire Constabulary,Lancashire Constabulary,,,No Location,,,Other theft,Status update unavailable,
6c60e91e01972be9c7b59e8f818da05ec21e81b639974772ed35bd65f68a4fb0,2019-02,Lancashire Constabulary,Lancashire Constabulary,,,No Location,,,Other theft,Status update unavailable,
d1b16b22354021f25a5bc20c473a8849eca5f6ee605adb6d5396c683a5d904ba,2019-02,Lancashire Constabulary,Lancashire Constabulary,,,No Location,,,Other theft,Further investigation is not in the public interest,
b6f595c49f6c493f4844c710aee2201a2704a998b36f409602e6a05e440f475a,2019-02,Lancashire Constabulary,Lancashire Constabulary,,,No Location,,,Other theft,Status update unavailable,
795953c111e1e26adb15be0f482622fc448e6b0293acdbc1bb8900f1e0036389,2019-02,Lancashire Constabulary,Lancashire Constabulary,,,No Location,,,Other theft,Status update unavailable,
6f43bcc143b58fdb87a8605e7e9001aa9c9a4ceb35dd741757e49d367b0c1b3c,2019-02,Lancashire Constabulary,Lancashire Constabulary,,,No Location,,,Other theft,Status update unavailable,
8ccfe867f7f668bc419581e1e9eee95c27ed80098058958efbfe954e63a55c5e,2019-02,Lancashire Constabulary,Lancashire Constabulary,,,No Location,,,Other theft,Status update unavailable,
e515feb99f69a0dc8851265baa96df7964b32bc1a4a7dd115cc9af4681c880f9,2019-02,Lancashire Constabulary,Lancashire Constabulary,,,No Location,,,Other theft,Formal action is not in the public interest,
fac0007fefcbe9551d129a30deb93f5a16e48861f803277fa94de43dbd1d3484,2019-02,Lancashire Constabulary,Lancashire Constabulary,,,No Location,,,Other theft,Status update unavailable,
4b766ae6c56af7d6e692dcf2a9ad6752371aa2a15388e114b54ff90265f2c009,2019-02,Lancashire Constabulary,Lancashire Constabulary,,,No Location,,,Other theft,Status update unavailable,
d59e62938ce9db0684305caef03269bb2152fb67456494e756b670e0d0bf8ade,2019-02,Lancashire Constabulary,Lancashire Constabulary,,,No Location,,,Other theft,Status update unavailable,
d758e19f1b22a588932ed51c2d9fb38f487480c0e9c57cdd12f20f74e14d0984,2019-02,Lancashire Constabulary,Lancashire Constabulary,,,No Location,,,Other theft,Status update unavailable,
17f0b762ab1b951d55f7752be907804acdc7fb0bc7d52b266a4c20fe29059aa9,2019-02,Lancashire Constabulary,Lancashire Constabulary,,,No Location,,,Other theft,Formal action is not in the public interest,
13447e0400f3253e0bb810dc219c0eb570fd1c118ddbd1ad6c3c685ddb23fc4d,2019-02,Lancashire Constabulary,Lancashire Constabulary,,,No Location,,,Other theft,Status update unavailable,
adcbb4019223b19d8690ea41782ec00ad3cb43f50846e4baf4d33b2842c735b2,2019-02,Lancashire Constabulary,Lancashire Constabulary,,,No Location,,,Other theft,Status update unavailable,
c444f4777c28ff77e70aefe3acefb93f1caedfe61d25e8f009ae9f4aedfc4428,2019-02,Lancashire Constabulary,Lancashire Constabulary,,,No Location,,,Other theft,Status update unavailable,
d28dbf04c62af5fe740f4fea4c8daacebac54c756cba73bd0998bb2b611a27b7,2019-02,Lancashire Constabulary,Lancashire Constabulary,,,No Location,,,Other theft,Status update unavailable,
65284fa131a3218dd8be29f672096f5b5d04be5127d7fb475f9306756b576f73,2019-02,Lancashire Constabulary,Lancashire Constabulary,,,No Location,,,Other theft,Status update unavailable,
ea9213419d9b16f9137d422563a6bf9532af445b020df3ee49cecde71c431cb2,2019-02,Lancashire Constabulary,Lancashire Constabulary,,,No Location,,,Other theft,Unable to prosecute suspect,
b1439dae96882dce89457cba14b8aeadd487bec98f54630c0fd76df9a63fe599,2019-02,Lancashire Constabulary,Lancashire Constabulary,,,No Location,,,Other theft,Status update unavailable,
140e1349cb7b0e9ffd0d34107e9d1b0afb0bd5ab4c5a98e44d573b2bbbf34fef,2019-02,Lancashire Constabulary,Lancashire Constabulary,,,No Location,,,Other theft,Status update unavailable,
46fb2ec365cc5db1b0e1eecdb43d5dd97d5453b5ae5546e6b686b0d1aea95974,2019-02,Lancashire Constabulary,Lancashire Constabulary,,,No Location,,,Other theft,Status update unavailable,
d4fd97362350f52663e7817ed9fcccc06ea44552b52cad5e6c871ff73ef975a3,2019-02,Lancashire Constabulary,Lancashire Constabulary,,,No Location,,,Other theft,Status update unavailable,
68f406e54d75f0308de2e5dcdacdf6335dfb752c56ef30e1060de915bfc69f91,2019-02,Lancashire Constabulary,Lancashire Constabulary,,,No Location,,,Other theft,Status update unavailable,
896fee4a4a3992c3b07b423b0d3bd46b7e3842857d83fdc6291d86194281c765,2019-02,Lancashire Constabulary,Lancashire Constabulary,,,No Location,,,Other theft,Status update unavailable,
8f12d76abd75b15033c699ce6a637e472296ebcd6ca2b4c15a79063c29cdf11f,2019-02,Lancashire Constabulary,Lancashire Constabulary,,,No Location,,,Other theft,Status update unavailable,
98d5ebe2c1162c4dcd14cae6040fcdd21501d51dcb727b8e7799cabdc181d2c0,2019-02,Lancashire Constabulary,Lancashire Constabulary,,,No Location,,,Other theft,Status update unavailable,
456eb55ea30a23eeb28e8c51d5c808b2b3589a592c8d06b94bd21f07e17d441e,2019-02,Lancashire Constabulary,Lancashire Constabulary,,,No Location,,,Other theft,Status update unavailable,
271901d9c9ff13f4d3635779479753954d9dcb2c9189412fcf1b1e27059adab2,2019-02,Lancashire Constabulary,Lancashire Constabulary,,,No Location,,,Other theft,Status update unavailable,
2506610b571c80f0ef219891ee271dc31f031618a3043f3e41712d59e52c3d0d,2019-02,Lancashire Constabulary,Lancashire Constabulary,,,No Location,,,Other theft,Status update unavailable,
905b10f7a727c8ea6d81bd9d3d1680fa6ff45299230eb4fff5e64bdafa8be0e9,2019-02,Lancashire Constabulary,Lancashire Constabulary,,,No Location,,,Other theft,Status update unavailable,
3a326ae45b6698eee6b597a2c4ea66754a72fb000f90fa380720a9f603bd997a,2019-02,Lancashire Constabulary,Lancashire Constabulary,,,No Location,,,Other theft,Status update unavailable,
93ecdb014e9185f9cf1491d8752f61ac98d50b2aca279db8dfc18b15955dba11,2019-02,Lancashire Constabulary,Lancashire Constabulary,,,No Location,,,Other theft,Status update unavailable,
20e82751991de4f86a607393fd957c32a4a7ccbec421ab236027b92a664da313,2019-02,Lancashire Constabulary,Lancashire Constabulary,,,No Location,,,Other theft,Status update unavailable,
0d835ab694dce76e6b50c4c7ff0f7da4281b07ca266f54cd1310bf04fd2d7349,2019-02,Lancashire Constabulary,Lancashire Constabulary,,,No Location,,,Other theft,Status update unavailable,
ce212ea6426c2645629975cf86ee12fc885e4bdb6bba74dd96e5d7182381c703,2019-02,Lancashire Constabulary,Lancashire Constabulary,,,No Location,,,Other theft,Status update unavailable,
1f93d732829e6d020a37f88ee14426030fc2c75e91d354ef69f1c674582bd1be,2019-02,Lancashire Constabulary,Lancashire Constabulary,,,No Location,,,Other theft,Status update unavailable,
7ebf00f386370dd03dd3099e14e23920e9f2a3edbb26d218e794d980297f9f71,2019-02,Lancashire Constabulary,Lancashire Constabulary,,,No Location,,,Other theft,Status update unavailable,
466618006131736b64c2fb30480e2573f8aa1693f33cd9425a74e70951829be9,2019-02,Lancashire Constabulary,Lancashire Constabulary,,,No Location,,,Other theft,Status update unavailable,
49b714372fa9e266087afed1d0373bad777345112d75e8572a9372a2fcbbc118,2019-02,Lancashire Constabulary,Lancashire Constabulary,,,No Location,,,Other theft,Status update unavailable,
2ce60c3956360772b70fb77392a336b7643783c2da0e509fa7f7b3c085e7ef87,2019-02,Lancashire Constabulary,Lancashire Constabulary,,,No Location,,,Other theft,Unable to prosecute suspect,
30454b8a3f49fe95f25ace8853618862a676ed8ecd57747106af244f05bdde5c,2019-02,Lancashire Constabulary,Lancashire Constabulary,,,No Location,,,Other theft,Status update unavailable,
09cc6bc231c3857e7b8eb82726af7be3ca2f46c07a8c23eda51fae104bb5c297,2019-02,Lancashire Constabulary,Lancashire Constabulary,,,No Location,,,Other theft,Status update unavailable,
5e36b6d75da277901b79fe9b426574e1e5708d4a83935c0d489e9f8a2a0e7384,2019-02,Lancashire Constabulary,Lancashire Constabulary,,,No Location,,,Other theft,Status update unavailable,
6dc57f4472c7d234304ad6f2ddd82347517a02d2da930a96e147f84243af90d6,2019-02,Lancashire Constabulary,Lancashire Constabulary,,,No Location,,,Other theft,Investigation complete; no suspect identified,
270dcf8b88f5d657d7deb0a373863151ad9f70b2d20ff44215b1815c46a5c0b1,2019-02,Lancashire Constabulary,Lancashire Constabulary,,,No Location,,,Other theft,Status update unavailable,
f5fb8c74878d594b5428a1ca478ce1e8cea87154b06e143f05e61581f4557f63,2019-02,Lancashire Constabulary,Lancashire Constabulary,,,No Location,,,Other theft,Status update unavailable,
d51667a5bd3b258ac0c5a0a637e3c120907e6e4f506f411bc12e95ac5f8d8f27,2019-02,Lancashire Constabulary,Lancashire Constabulary,,,No Location,,,Other theft,Unable to prosecute suspect,
93896eebb136f58a075f4925b8b00780a691f6991da7a403a27c0ab5b49dcc76,2019-02,Lancashire Constabulary,Lancashire Constabulary,,,No Location,,,Other theft,Status update unavailable,
1b807e3babd384c1dd87091b76071cf51692094b05e71506ba6eaeebcaf07e97,2019-02,Lancashire Constabulary,Lancashire Constabulary,,,No Location,,,Other theft,Status update unavailable,
5fd0c95862ef903689ca8016355b40a8c7b58b118954c7cb017e9597ca35bd50,2019-02,Lancashire Constabulary,Lancashire Constabulary,,,No Location,,,Other theft,Status update unavailable,
a111aa34e589149ca17566ffcc8e4a61e8b11ca56eb27e25b3aee6ffc5a45657,2019-02,Lancashire Constabulary,Lancashire Constabulary,,,No Location,,,Other theft,Status update unavailable,
e0932a7fb27ee0e87843878e2c5e6c22adebbcfbef16c2a75d3b3753dafce1c9,2019-02,Lancashire Constabulary,Lancashire Constabulary,,,No Location,,,Other theft,Status update unavailable,
a57657dabd7cf790a485c824926c85028e8e4316c63b38fc7a1585f9e7c09551,2019-02,Lancashire Constabulary,Lancashire Constabulary,,,No Location,,,Other theft,Status update unavailable,
5500380f93bf93fff084e764d4e8f0195322d8df0760841d09abe0dc476d0a01,2019-02,Lancashire Constabulary,Lancashire Constabulary,,,No Location,,,Other theft,Status update unavailable,
bf65d3d84492edcf95803f2a53ce82aa7be60aedf635634f8f01493daf7d6bd5,2019-02,Lancashire Constabulary,Lancashire Constabulary,,,No Location,,,Other theft,Status update unavailable,
58cd68ca1df5f5e50abecaaec5d4d374ad07d605833721701215a73221e2a1c1,2019-02,Lancashire Constabulary,Lancashire Constabulary,,,No Location,,,Other theft,Status update unavailable,
be4c1c609bb78641c61a851c0b5f3e5e81a5763d334f38b76b5f44d36f7218e0,2019-02,Lancashire Constabulary,Lancashire Constabulary,,,No Location,,,Other theft,Unable to prosecute suspect,
4f17ad420c402c2aad5fc6a26c349ecd9f1cdeccc8c0b31030cc22b4c6c92fa8,2019-02,Lancashire Constabulary,Lancashire Constabulary,,,No Location,,,Other theft,Status update unavailable,
01274360d261de4a3b756191cc19d0495d2725629736d69c21cb269676d6e45f,2019-02,Lancashire Constabulary,Lancashire Constabulary,,,No Location,,,Other theft,Status update unavailable,
ad3fd9fa7818fbd5a1ea3643e00db1ed2ec7ef236a8c10af914be73f0a652a78,2019-02,Lancashire Constabulary,Lancashire Constabulary,,,No Location,,,Other theft,Status update unavailable,
9d8e953f611b80ab5510ce81aa92914ec7d36e3b59563ef1c8ef0857effe8dbc,2019-02,Lancashire Constabulary,Lancashire Constabulary,,,No Location,,,Other theft,Status update unavailable,
28852ec61a02ee19b169ca4bd631a8628bd404dd948d7715f87e2d6e6b03b54b,2019-02,Lancashire Constabulary,Lancashire Constabulary,,,No Location,,,Other theft,Further investigation is not in the public interest,
fa6c35b90af049eae86244cdcb1f5e88411fa8eb2f8100d01972a2025e644600,2019-02,Lancashire Constabulary,Lancashire Constabulary,,,No Location,,,Other theft,Status update unavailable,
e70bb1c04d584a50f5a285ec1808ad80712ce3080460c4bfe2f00cf04d4ee977,2019-02,Lancashire Constabulary,Lancashire Constabulary,,,No Location,,,Other theft,Status update unavailable,
04c8a4fbeb7e6d6be5433323f3a7d8a3472b7bda1dd930c4b2e7611f2180fa45,2019-02,Lancashire Constabulary,Lancashire Constabulary,,,No Location,,,Other theft,Status update unavailable,
7517ba4a0671a6b493946ce94832aa522d6b77f88873cd43ce510af3a3437148,2019-02,Lancashire Constabulary,Lancashire Constabulary,,,No Location,,,Other theft,Status update unavailable,
fa96be3f946b12ea41622d86c33ea6e239fec65fb2bafd217e5d594ae541701f,2019-02,Lancashire Constabulary,Lancashire Constabulary,,,No Location,,,Other theft,Status update unavailable,
4982d630e943a84ad9b20e19238863dc25860294b05e723425f8a15a3878bfa3,2019-02,Lancashire Constabulary,Lancashire Constabulary,,,No Location,,,Other theft,Status update unavailable,
37ed801106f9cb72a65d647549b6b4b6ab4a263f5f10bba318827069299dd8a2,2019-02,Lancashire Constabulary,Lancashire Constabulary,,,No Location,,,Other theft,Local resolution,
a77c99dedbe3d5a9c097cec105d46defc5f6165b7c2755f1ad1038129e553ca2,2019-02,Lancashire Constabulary,Lancashire Constabulary,,,No Location,,,Other theft,Status update unavailable,
8bb3028127154e068bd3b9567bc74c4850c7386ab3093980a19ad8944c542d99,2019-02,Lancashire Constabulary,Lancashire Constabulary,,,No Location,,,Other theft,Unable to prosecute suspect,
6a5fdc0291416958c364987ffbb9726f250b17f0806ba323ec7060c5e45affa4,2019-02,Lancashire Constabulary,Lancashire Constabulary,,,No Location,,,Other theft,Status update unavailable,
9068c67875d0ec8ef27665884c7f8fd15db3f5866c9b2ecea5f84c51206f96c4,2019-02,Lancashire Constabulary,Lancashire Constabulary,,,No Location,,,Other theft,Status update unavailable,
78353b4596490dedc5fe947bdad8b6a0af492355af72ac339b6f90b94b18fc36,2019-02,Lancashire Constabulary,Lancashire Constabulary,,,No Location,,,Other theft,Status update unavailable,
3905c851a7ed76cda9d9fba8a6a8b0dc36df302c6ac4ea90e1fb7b858419345a,2019-02,Lancashire Constabulary,Lancashire Constabulary,,,No Location,,,Other theft,Status update unavailable,
a17fa367e54d36a00f03847c5c7a8cbe15d0d4ae269d11a3870869f5b7d5cabb,2019-02,Lancashire Constabulary,Lancashire Constabulary,,,No Location,,,Other theft,Status update unavailable,
25e096176aff47597f5f968c04547ac2baec4161083aa11760514f47e0cd36d5,2019-02,Lancashire Constabulary,Lancashire Constabulary,,,No Location,,,Other theft,Status update unavailable,
2b9bb8044f9a30cff212b29983b20d8ee1bec451d105e7a0729f71391b89986e,2019-02,Lancashire Constabulary,Lancashire Constabulary,,,No Location,,,Other theft,Status update unavailable,
c532fbce08cae56854a063c4d3828d83bf11a7e4a9ca79276a67c7da840648e9,2019-02,Lancashire Constabulary,Lancashire Constabulary,,,No Location,,,Other theft,Status update unavailable,
3a730d9eeb76b2556c142c5c41d274f3c68b8a4f107214ddf9f46288676dd85c,2019-02,Lancashire Constabulary,Lancashire Constabulary,,,No Location,,,Other theft,Status update unavailable,
e49cff04410f2ee62126cd3eadae02a935055dc4049d375e1c12c282f9786ec6,2019-02,Lancashire Constabulary,Lancashire Constabulary,,,No Location,,,Other theft,Status update unavailable,
bef0632342f79fb46643caad913ca21264de93d47ea8e058bd41c7cd8a0bce1d,2019-02,Lancashire Constabulary,Lancashire Constabulary,,,No Location,,,Other theft,Unable to prosecute suspect,
49c5b601428999bcf0bbf31b9e2a8a743059dac0b89386a11f2e0bdef7e10a9c,2019-02,Lancashire Constabulary,Lancashire Constabulary,,,No Location,,,Other theft,Status update unavailable,
76d6883dd18205a15beca699666bbf5b36b3b010f5e3a7e690938b85fc361b0a,2019-02,Lancashire Constabulary,Lancashire Constabulary,,,No Location,,,Other theft,Status update unavailable,
b5406466ca35a2cc687d7918a3093419798a140002d75dca85fc88525b09d70d,2019-02,Lancashire Constabulary,Lancashire Constabulary,,,No Location,,,Other theft,Status update unavailable,
0124d3fa39cdf94940256d69101a95436eb764bc5fcf26c31bf8d6e4442eeb33,2019-02,Lancashire Constabulary,Lancashire Constabulary,,,No Location,,,Other theft,Status update unavailable,
10179a45c70dd8f5fb25c58c2691e9711140be5f1e94048d95248cf6a7ad13c8,2019-02,Lancashire Constabulary,Lancashire Constabulary,,,No Location,,,Other theft,Status update unavailable,
771ac943d751319b48a2d119cfcffed646ae32ee235bd547c231027890cdea9a,2019-02,Lancashire Constabulary,Lancashire Constabulary,,,No Location,,,Other theft,Status update unavailable,
0192e3e522171bc1711b0fc79ec1eba10d997961b8cf91aef7baa6e002385633,2019-02,Lancashire Constabulary,Lancashire Constabulary,,,No Location,,,Other theft,Status update unavailable,
8c1d52934759768eba1f4fbffce9db8a16cabe250ea99f6c808e772d963c28fa,2019-02,Lancashire Constabulary,Lancashire Constabulary,,,No Location,,,Other theft,Status update unavailable,
b35582a700186ac939f3873f47fedab10093fadebea42b419d1cb711e06f1c3c,2019-02,Lancashire Constabulary,Lancashire Constabulary,,,No Location,,,Other theft,Status update unavailable,
4b0e8131d5dea8a440086d87d58f079f7bc7132209942be86a69e2401bb9bb36,2019-02,Lancashire Constabulary,Lancashire Constabulary,,,No Location,,,Other theft,Status update unavailable,
ae6cf1b9036b7d0b44de1488fef86bbec736361119c8a5c0d86826b72d343ede,2019-02,Lancashire Constabulary,Lancashire Constabulary,,,No Location,,,Other theft,Status update unavailable,
2ec30e4d0a306552570f792d5bc3b1d9df2af23988b2ca0378c21dcae8b938d5,2019-02,Lancashire Constabulary,Lancashire Constabulary,,,No Location,,,Other theft,Status update unavailable,
57739d1ae4f51fd32411f1492d2ea848b7e7d5aba3dd6bed5a1276970a6ef47f,2019-02,Lancashire Constabulary,Lancashire Constabulary,,,No Location,,,Other theft,Status update unavailable,
0b3a09c0b977528b4d37809848d4850043e8aeefa4660a23df37fc4053f8cc87,2019-02,Lancashire Constabulary,Lancashire Constabulary,,,No Location,,,Other theft,Status update unavailable,
0cdd4eb583309e01b940aa395fca40d033d1be2e44e854236a9dd55d569cd470,2019-02,Lancashire Constabulary,Lancashire Constabulary,,,No Location,,,Other theft,Status update unavailable,
ae5e14326bc6d55fb2ee477d0aaf2f040fc70ada984f274124d28dca9f31f7d7,2019-02,Lancashire Constabulary,Lancashire Constabulary,,,No Location,,,Other theft,Status update unavailable,
b82b5f39a057a7e46acc9f729fd59da9324723993d5ce53115ffad7ab6acb5de,2019-02,Lancashire Constabulary,Lancashire Constabulary,,,No Location,,,Other theft,Further investigation is not in the public interest,
bcd8376b0ee3efb891aa4ea001316fab61b10aa5d00f6e5faed538fcb79a48ee,2019-02,Lancashire Constabulary,Lancashire Constabulary,,,No Location,,,Other theft,Status update unavailable,
12233ba46546831574c7acf22ea8bf8be32216a138f8b9c2bc0c6e51ce18fc39,2019-02,Lancashire Constabulary,Lancashire Constabulary,,,No Location,,,Other theft,Status update unavailable,
72a11d5f03fbdbdd30009ff33632cf787c34beb4275a43162cc593ec3fd25d49,2019-02,Lancashire Constabulary,Lancashire Constabulary,,,No Location,,,Other theft,Status update unavailable,
c4ffd0b5ef89217e4fd2080e2451d56ca55a40c1207b622a9f7f89b7e3291250,2019-02,Lancashire Constabulary,Lancashire Constabulary,,,No Location,,,Other theft,Status update unavailable,
d2baf2e68a5ef79748c22e863fcd6f9fd7bfd1d40287113868585096c436196b,2019-02,Lancashire Constabulary,Lancashire Constabulary,,,No Location,,,Other theft,Status update unavailable,
d5295c59764f5920bcf7bafb964f8b7f517e786c23747b7964942d5dd44e9ad5,2019-02,Lancashire Constabulary,Lancashire Constabulary,,,No Location,,,Other theft,Unable to prosecute suspect,
3c634f48dc4f99e2bbac2167b687e884f52fb4a7351f7713c943688878d741ea,2019-02,Lancashire Constabulary,Lancashire Constabulary,,,No Location,,,Other theft,Status update unavailable,
f78f68b2924319bf6a7ad41b7e63c45a1a838143473923d5fea57e1fde15d7c1,2019-02,Lancashire Constabulary,Lancashire Constabulary,,,No Location,,,Other theft,Status update unavailable,
8dfd276e81671b927da4113dc440aeb0ed98d564768e4447cb7373bc81724bfb,2019-02,Lancashire Constabulary,Lancashire Constabulary,,,No Location,,,Other theft,Status update unavailable,
f8e4acbee2721f073ecc7c3e08c4838ed8dba84dffe198a81b347f06177f49a1,2019-02,Lancashire Constabulary,Lancashire Constabulary,,,No Location,,,Other theft,Status update unavailable,
9bb6a0f5ee8325634bccc4bbe7e826b35b39fbaa40bec97fb572bc6391ab4b6f,2019-02,Lancashire Constabulary,Lancashire Constabulary,,,No Location,,,Other theft,Status update unavailable,
e945a4e631309da55f18125bd0529fb4060a14a4ad3481350fc220e32cd37c1f,2019-02,Lancashire Constabulary,Lancashire Constabulary,,,No Location,,,Other theft,Status update unavailable,
9d77703ce1664958f8eef6d209120ca8f301de01878f8ab3d4683cf1ee0b6d1a,2019-02,Lancashire Constabulary,Lancashire Constabulary,,,No Location,,,Other theft,Status update unavailable,
38520a4440c1bad4998f621fb29acbb224d2672be1e4233ea4c45713cc8b62ab,2019-02,Lancashire Constabulary,Lancashire Constabulary,,,No Location,,,Other theft,Status update unavailable,
8d5f28a27b368dfcb372f2af8f67f41bcd9903c25889243c0bdea76e8c60faea,2019-02,Lancashire Constabulary,Lancashire Constabulary,,,No Location,,,Other theft,Status update unavailable,
01dd421df751298329f382e7f2242e3762a8bad558e30b238abd65a53d784f4a,2019-02,Lancashire Constabulary,Lancashire Constabulary,,,No Location,,,Other theft,Unable to prosecute suspect,
263c19a7b1d025f7f49f24d9479aa8021dfc10f35b33d4a1691db13961700e69,2019-02,Lancashire Constabulary,Lancashire Constabulary,,,No Location,,,Other theft,Status update unavailable,
4e6b949a5176970c7d311d9585523135517aab1477f0511979f66db9e364a86f,2019-02,Lancashire Constabulary,Lancashire Constabulary,,,No Location,,,Other theft,Status update unavailable,
cf44a2ff821059d56028e21b04f0e0e18b335ba222bf979448eaaa4c97b782c6,2019-02,Lancashire Constabulary,Lancashire Constabulary,,,No Location,,,Other theft,Unable to prosecute suspect,
7e53951434208dc65328fcf88bd337a1cd04bbab2d58fbf82bec9cd3c14f81ac,2019-02,Lancashire Constabulary,Lancashire Constabulary,,,No Location,,,Other theft,Unable to prosecute suspect,
3ff38189c0fc8095493ca7323c7a711a6682f2d6675b70c4e5ed9c7bd4cbb91b,2019-02,Lancashire Constabulary,Lancashire Constabulary,,,No Location,,,Other theft,Status update unavailable,
59bd16c085d4e482a41078e36dd5ca8a98addfe96bc394ed233c4114830578ac,2019-02,Lancashire Constabulary,Lancashire Constabulary,,,No Location,,,Other theft,Unable to prosecute suspect,
bceb2baf13b62353548dba629f979720dd96e50bd6b445232e47645e934fdbd0,2019-02,Lancashire Constabulary,Lancashire Constabulary,,,No Location,,,Other theft,Status update unavailable,
83defae63a816071c6a70dcaa55bcec86f48f98e49122da7bc99febd4112e843,2019-02,Lancashire Constabulary,Lancashire Constabulary,,,No Location,,,Other theft,Status update unavailable,
c2201929281db06457055b451b8ce90fd7adc111853b9bdb67ee49b033013daf,2019-02,Lancashire Constabulary,Lancashire Constabulary,,,No Location,,,Other theft,Status update unavailable,
8e5593d86822dedc8a4441752ef88a150f80c339cab8c78784b9380ca6fa72c9,2019-02,Lancashire Constabulary,Lancashire Constabulary,,,No Location,,,Other theft,Status update unavailable,
304de2bc36bc9b1dcf4ce882ce73e875215dae4d9d7eb3ca26c0e32b3b0daec7,2019-02,Lancashire Constabulary,Lancashire Constabulary,,,No Location,,,Other theft,Further investigation is not in the public interest,
33b7fadb81a5fbabbac7b1037ae4545188b6f015c9a5264922bac56596359204,2019-02,Lancashire Constabulary,Lancashire Constabulary,,,No Location,,,Other theft,Status update unavailable,
58e888995098623b14afdcdd1f44cb692c1735490b4f1f2ea11768e590262259,2019-02,Lancashire Constabulary,Lancashire Constabulary,,,No Location,,,Other theft,Status update unavailable,
8c2c9e99a4aea52b83ab74ad8226f1997ccb04ddde3a57a8d9ee7a0c607dba93,2019-02,Lancashire Constabulary,Lancashire Constabulary,,,No Location,,,Other theft,Status update unavailable,
8f0b3193724761a4c56f56b6ca1d5757a35051ddf10e0b2887dd165323ec691c,2019-02,Lancashire Constabulary,Lancashire Constabulary,,,No Location,,,Other theft,Status update unavailable,
d3f841a2ac865102d7307bb35607c9f535ea1488f5a6530be03f0c8f1c3d3ab3,2019-02,Lancashire Constabulary,Lancashire Constabulary,,,No Location,,,Other theft,Status update unavailable,
b559a256565e7d9bd3866d788a8471ab0d6853b2213c7b9dd25470831cf88115,2019-02,Lancashire Constabulary,Lancashire Constabulary,,,No Location,,,Possession of weapons,Status update unavailable,
f05561d3b10f3c00c2bff8e2e7f781ad3657c80a8c7d3ee88d68c5fcb9f80e05,2019-02,Lancashire Constabulary,Lancashire Constabulary,,,No Location,,,Possession of weapons,Awaiting court outcome,
a65902f472e9943e706c5f0e0da2a9ad2f61f945b2b0122dec7eb4fbea7a35bc,2019-02,Lancashire Constabulary,Lancashire Constabulary,,,No Location,,,Possession of weapons,Unable to prosecute suspect,
bd2e6597a0b9292653ced1d9f2e5d2556fd41d94b5d8942e29f9cbafe1da6997,2019-02,Lancashire Constabulary,Lancashire Constabulary,,,No Location,,,Possession of weapons,Unable to prosecute suspect,
751524726cb9f5eab409c57440dc3ff1bae47338ac311ade226ff8242f7f3c52,2019-02,Lancashire Constabulary,Lancashire Constabulary,,,No Location,,,Possession of weapons,Unable to prosecute suspect,
62a75fad400071fde0a74ee425bcf9ca2dbdbb651667f71cf1bf048aca7032e5,2019-02,Lancashire Constabulary,Lancashire Constabulary,,,No Location,,,Possession of weapons,Status update unavailable,
4b4a2a53abd050e3fe08dacc3b395acbdac39af9488603ffc67add592b8de60c,2019-02,Lancashire Constabulary,Lancashire Constabulary,,,No Location,,,Possession of weapons,Further investigation is not in the public interest,
499249fc324cb57318403e6b89352f69f8f078586fe7c8f222fc6ba76a3d734b,2019-02,Lancashire Constabulary,Lancashire Constabulary,,,No Location,,,Public order,Status update unavailable,
6b103cffa59c94a37e1df05fefa770c0f6c1dbeafa0569a2e47108fc07c70c41,2019-02,Lancashire Constabulary,Lancashire Constabulary,,,No Location,,,Public order,Status update unavailable,
f92cdfad9ba5928cfb7672c8b20dbeceec95a2ff270118d2e8fea7371a994d15,2019-02,Lancashire Constabulary,Lancashire Constabulary,,,No Location,,,Public order,Status update unavailable,
6e03f88dd424d055c2712cbe6002acc97b38ee29dfb4da4811c7cfe26a03de31,2019-02,Lancashire Constabulary,Lancashire Constabulary,,,No Location,,,Public order,Status update unavailable,
17d96697d07a12c48d511c32598b020219793f469f95267d0e48cd3533b24499,2019-02,Lancashire Constabulary,Lancashire Constabulary,,,No Location,,,Public order,Formal action is not in the public interest,
55e8dd102a270850c465da23b899e231040eda46f3afc1bcd1d6db064f4b63de,2019-02,Lancashire Constabulary,Lancashire Constabulary,,,No Location,,,Public order,Status update unavailable,
74351902cfc46d62a5703a4c4e0c97f068f0bd6e1df61fec204a7db80d007ec5,2019-02,Lancashire Constabulary,Lancashire Constabulary,,,No Location,,,Public order,Status update unavailable,
9e8feab1079e94ae481ace76dd775d4f3ed21c26d488e81018f90bced5a611b9,2019-02,Lancashire Constabulary,Lancashire Constabulary,,,No Location,,,Public order,Status update unavailable,
6ac5e0248a28b71dc07257df1e40f0ccfe49e72b9e07629bb22e80a2e0a0b6ed,2019-02,Lancashire Constabulary,Lancashire Constabulary,,,No Location,,,Public order,Awaiting court outcome,
0d7dc67f2ea13492805df1c591d8fd2df094c2035c110904e386ab883149065d,2019-02,Lancashire Constabulary,Lancashire Constabulary,,,No Location,,,Public order,Unable to prosecute suspect,
643ba820988c1ab8453082b5dc61a2a5b3f166653f4c7fcfd96d5c20f1e8fd4a,2019-02,Lancashire Constabulary,Lancashire Constabulary,,,No Location,,,Public order,Unable to prosecute suspect,
11bc09c319cdcafd583ccb10ebf22b021faa0a22b57bf6dd7c5e5f950ea73cff,2019-02,Lancashire Constabulary,Lancashire Constabulary,,,No Location,,,Public order,Further investigation is not in the public interest,
dc587ef0eca806f1138fe72e16dc142516a421470041011aa78ab5b20d01984b,2019-02,Lancashire Constabulary,Lancashire Constabulary,,,No Location,,,Public order,Unable to prosecute suspect,
0342a4ffe9a20044fa57c540fb1f70a4cd645e192b5991abba18813fc1dd5e3a,2019-02,Lancashire Constabulary,Lancashire Constabulary,,,No Location,,,Public order,Awaiting court outcome,
599cf54158a4625bdcd997144ff176f511e9b5f0a23efda9673c4920dd6e8a41,2019-02,Lancashire Constabulary,Lancashire Constabulary,,,No Location,,,Public order,Status update unavailable,
c21e3da7222b403d4ff4bb3a7a65097f54fa3ee21e711d5f628bc3d6ecbb99b0,2019-02,Lancashire Constabulary,Lancashire Constabulary,,,No Location,,,Public order,Local resolution,
4dd3a27fb84e64a043c45fdfd3933017f5c0ed3b45f37718bdbc1b66601bf47f,2019-02,Lancashire Constabulary,Lancashire Constabulary,,,No Location,,,Public order,Status update unavailable,
4b44cad03c1a6b59e5d3e92781520910642dedb42c52d07851d22bba35548852,2019-02,Lancashire Constabulary,Lancashire Constabulary,,,No Location,,,Public order,Formal action is not in the public interest,
5d93126cf9feca78395a1c20828a6d207bfeadd09b8d85f66cb7784a9aaf1360,2019-02,Lancashire Constabulary,Lancashire Constabulary,,,No Location,,,Public order,Status update unavailable,
a907ebc1902b2021a219fa0874557a858fbcd78aa5932443f1dd75ec75c14797,2019-02,Lancashire Constabulary,Lancashire Constabulary,,,No Location,,,Public order,Status update unavailable,
7159b7b3997fcb69954efe299d795c95246de73cbb5945db04139500134be1e5,2019-02,Lancashire Constabulary,Lancashire Constabulary,,,No Location,,,Public order,Unable to prosecute suspect,
c7080e82c1eb9c9d6c54cc60a99e4e6e22810f6584b5a561b064b34992d2f249,2019-02,Lancashire Constabulary,Lancashire Constabulary,,,No Location,,,Public order,Status update unavailable,
1388f1bfa07cdbdcc5ba0e9fd1b329dfc32443946dd139b49b3853f40eda5b62,2019-02,Lancashire Constabulary,Lancashire Constabulary,,,No Location,,,Public order,Status update unavailable,
b726ab382439a3af0342509d3319abdc97387bbebc57ec6f3ef46c39179361c5,2019-02,Lancashire Constabulary,Lancashire Constabulary,,,No Location,,,Public order,Status update unavailable,
0f5cbb1624fb2ef20797acedad5696c259b6c59135dfc4fbd6e5c0789e194b80,2019-02,Lancashire Constabulary,Lancashire Constabulary,,,No Location,,,Public order,Status update unavailable,
f19478f3b5c389e1775d2505602c26097723de3a240374720c2c377781426423,2019-02,Lancashire Constabulary,Lancashire Constabulary,,,No Location,,,Public order,Status update unavailable,
d684bc0f14f103a1d8e177ded6d4f97220918c04f607da67477eef88a202b3d7,2019-02,Lancashire Constabulary,Lancashire Constabulary,,,No Location,,,Public order,Status update unavailable,
511579f8ad60b1f3c67c29276b4b981b59a8ceb9ad5b74ea3911899f71c1b63e,2019-02,Lancashire Constabulary,Lancashire Constabulary,,,No Location,,,Public order,Status update unavailable,
81a2695ab15e1af56204677ef2bc7850075b0f7ed19e18de05faf1f801f843c9,2019-02,Lancashire Constabulary,Lancashire Constabulary,,,No Location,,,Public order,Unable to prosecute suspect,
bf70f0a565732f86d37c66123825b2108328e88d34392815ca94da188c564b43,2019-02,Lancashire Constabulary,Lancashire Constabulary,,,No Location,,,Public order,Status update unavailable,
68fa069798a248d6214a7952bcef530e33ffde80cdddb0ea607c2b0f7963485e,2019-02,Lancashire Constabulary,Lancashire Constabulary,,,No Location,,,Public order,Status update unavailable,
ca71791b874d573ec04140f1262b00b3da06b77cbe675746d2be809262c31fe3,2019-02,Lancashire Constabulary,Lancashire Constabulary,,,No Location,,,Public order,Unable to prosecute suspect,
cd230e40d3d94d5c354d6d33406dd4088105df49aaf5992b3887150a1ef2447e,2019-02,Lancashire Constabulary,Lancashire Constabulary,,,No Location,,,Public order,Status update unavailable,
f31fd2b3833f3b67ebc82bd645fe45b8818d4fce8f78b8207c1af141fbdda912,2019-02,Lancashire Constabulary,Lancashire Constabulary,,,No Location,,,Public order,Status update unavailable,
b0d87c2b371e7810e9c08e4c4032cf66c9a0f8a5811d7e0fcb7ae3b7605234c2,2019-02,Lancashire Constabulary,Lancashire Constabulary,,,No Location,,,Public order,Status update unavailable,
ad899bc61ab4b66ef122a261e4fad089f9e8200139c0e364a3d681cb75921408,2019-02,Lancashire Constabulary,Lancashire Constabulary,,,No Location,,,Public order,Awaiting court outcome,
5727f3c6daf92c182f3973c4f34e1f1e5bff9e03994839c7a13151cd4901e2c8,2019-02,Lancashire Constabulary,Lancashire Constabulary,,,No Location,,,Public order,Status update unavailable,
feba012c60199bba6732f3629c474c01062ac9114cef9fab82adc124541035de,2019-02,Lancashire Constabulary,Lancashire Constabulary,,,No Location,,,Public order,Status update unavailable,
d4ea340a39b581bf939fe6ddc73b073371085505b4ff5f031fbb39096b71063c,2019-02,Lancashire Constabulary,Lancashire Constabulary,,,No Location,,,Public order,Status update unavailable,
caa0a854f85356622390b125a364df143d869595e68cdf5a53e394a44143f49d,2019-02,Lancashire Constabulary,Lancashire Constabulary,,,No Location,,,Public order,Status update unavailable,
d4ae0293244aa6e9455bf4acfee3155d8ca19b10ea2ef0defe0047b3fb1ba6df,2019-02,Lancashire Constabulary,Lancashire Constabulary,,,No Location,,,Public order,Unable to prosecute suspect,
1b3a089a900280382b19f69f8c643223ca887f91216f3918fc7896af2dfa86bc,2019-02,Lancashire Constabulary,Lancashire Constabulary,,,No Location,,,Public order,Status update unavailable,
50e769e34e7ec4e177ff20c862605a0e16560eca560bcad97948c9b4c1e3cf4f,2019-02,Lancashire Constabulary,Lancashire Constabulary,,,No Location,,,Public order,Status update unavailable,
fe9fb13e885dd607c43aa80adbcfd753eaa8a4fbf42567041b87bf206e707192,2019-02,Lancashire Constabulary,Lancashire Constabulary,,,No Location,,,Public order,Status update unavailable,
61bc96bb40a95989ad88820d566cf6f82cf72fd5a4f5c1d45818512400e297f1,2019-02,Lancashire Constabulary,Lancashire Constabulary,,,No Location,,,Public order,Unable to prosecute suspect,
0f9376f05e50583b5f82538d56fb4ad13d82798043f9d2d0b98e26d45792256a,2019-02,Lancashire Constabulary,Lancashire Constabulary,,,No Location,,,Public order,Unable to prosecute suspect,
a5563d6a4f4437767ecc31d5a2ec715d1aab45d39883473887233fbd5b15ccb4,2019-02,Lancashire Constabulary,Lancashire Constabulary,,,No Location,,,Public order,Further investigation is not in the public interest,
7653f801bf6aec916feee25572af80d8aa1b59d5ea91f7e00175aff503e67cb6,2019-02,Lancashire Constabulary,Lancashire Constabulary,,,No Location,,,Public order,Further investigation is not in the public interest,
7f3d86084ae455c77e2f7896f02a0df22f0c5f815140c6ca29599083cd53166d,2019-02,Lancashire Constabulary,Lancashire Constabulary,,,No Location,,,Public order,Status update unavailable,
12829656003b1afddeea44c0dceca4a04a03021a658c53d9c38a916c4a416a61,2019-02,Lancashire Constabulary,Lancashire Constabulary,,,No Location,,,Public order,Status update unavailable,
98a1f4188132de866eaf95dc611863ef764349d19ae15c84e16be97fcf5a3a6e,2019-02,Lancashire Constabulary,Lancashire Constabulary,,,No Location,,,Public order,Status update unavailable,
0639e500641381fe88480b69b704d10f3fa5212e76ab00ab69d973e9f879814c,2019-02,Lancashire Constabulary,Lancashire Constabulary,,,No Location,,,Public order,Status update unavailable,
52ae2745fb881e1f8d23fa55d5e12e57469fda45c516cbb35db1997a237a05e5,2019-02,Lancashire Constabulary,Lancashire Constabulary,,,No Location,,,Public order,Unable to prosecute suspect,
0dbd0e871099f29abc352d718880108858c1ee0196eb7be7cbb9d71587715bf3,2019-02,Lancashire Constabulary,Lancashire Constabulary,,,No Location,,,Public order,Status update unavailable,
d8d5468fbc287ac56484dd783c87fcd365ea579ece7ea213c9870b77675bbba0,2019-02,Lancashire Constabulary,Lancashire Constabulary,,,No Location,,,Public order,Status update unavailable,
a67580c06198a0d160ea616176577eb1a4bfcc0f8ced5a74bd1ed4d4ffb9fd29,2019-02,Lancashire Constabulary,Lancashire Constabulary,,,No Location,,,Public order,Status update unavailable,
5ce8ea733a32148a9385f9751ed06ccbe91fa6cee2735906ee33c3f1c31da1d8,2019-02,Lancashire Constabulary,Lancashire Constabulary,,,No Location,,,Public order,Status update unavailable,
db64b44c1623707d8c0e691652851549328d59c5c6381e798c476c253c1f7890,2019-02,Lancashire Constabulary,Lancashire Constabulary,,,No Location,,,Public order,Unable to prosecute suspect,
ee631d7d726671ba72c59300c942776cbcaed194d3b77f4995397f72c6e7baff,2019-02,Lancashire Constabulary,Lancashire Constabulary,,,No Location,,,Public order,Unable to prosecute suspect,
385636e2673e404a62dcc0e662a70d96081559a7e62bd3a57cd10e51f0206197,2019-02,Lancashire Constabulary,Lancashire Constabulary,,,No Location,,,Public order,Status update unavailable,
88ea274c92b185a3efdf4dec294c99da749213d52f3b954c31592e4d58157ec1,2019-02,Lancashire Constabulary,Lancashire Constabulary,,,No Location,,,Public order,Status update unavailable,
fd898cf1fd507f37d3cca327310e3c18fbfa2576b2780b10a13e8608d8de787c,2019-02,Lancashire Constabulary,Lancashire Constabulary,,,No Location,,,Public order,Status update unavailable,
3f2f0aecfa0d3e222e5af84f937ea691756aaeede999a20b3eed39b372feeb52,2019-02,Lancashire Constabulary,Lancashire Constabulary,,,No Location,,,Public order,Status update unavailable,
da69141bf266aeef6d9165e31c233da358401487db26fd7c3e1afed7c24a1798,2019-02,Lancashire Constabulary,Lancashire Constabulary,,,No Location,,,Public order,Status update unavailable,
5fe336bd93ea8a41639d8ffd73b3ef64f6f43a25bba80ed07dd0fa0e515f221f,2019-02,Lancashire Constabulary,Lancashire Constabulary,,,No Location,,,Public order,Status update unavailable,
dc0e0978dc1efa549d5b8a37efc4e3c1232a3896ce209274ee5f9ac863c99825,2019-02,Lancashire Constabulary,Lancashire Constabulary,,,No Location,,,Public order,Status update unavailable,
3b39279c493b9cde8d64291dcf7a0efe4411ffb5718434d1357d31a2264e7e17,2019-02,Lancashire Constabulary,Lancashire Constabulary,,,No Location,,,Public order,Unable to prosecute suspect,
5aed84390d297b91244ecf97f125a9f4a1b95209a1bbcffe4d7c7e307e81354e,2019-02,Lancashire Constabulary,Lancashire Constabulary,,,No Location,,,Public order,Status update unavailable,
a4493b84ddd92390459d771997446afbe94a5a665be238ecb14fae403c9a5368,2019-02,Lancashire Constabulary,Lancashire Constabulary,,,No Location,,,Public order,Awaiting court outcome,
7e39f9e583c394ba7df09d3aed42a95281bbe76616345f372a22b4d7b5787b4a,2019-02,Lancashire Constabulary,Lancashire Constabulary,,,No Location,,,Public order,Status update unavailable,
da04fe308dc654dea362f6456eee113fa23f594d2576b515fd3ca3ea81eee0a2,2019-02,Lancashire Constabulary,Lancashire Constabulary,,,No Location,,,Public order,Status update unavailable,
d09c1e31acb2dd369a610bc665d6e043af02cc0e2d35e83703e4a12f8a7874b4,2019-02,Lancashire Constabulary,Lancashire Constabulary,,,No Location,,,Public order,Status update unavailable,
1fc34255b34e0c42109ca7ecadba4836990f53ba7e58e6befaaf6f2c1665b666,2019-02,Lancashire Constabulary,Lancashire Constabulary,,,No Location,,,Public order,Status update unavailable,
762d0d65676aee22d6d898aaebf269ec352898377828af21360c76ac4c87e2a9,2019-02,Lancashire Constabulary,Lancashire Constabulary,,,No Location,,,Public order,Further investigation is not in the public interest,
87bef0a05f493a6cf3c2b7aab920a8d16e20a8d687d9d873525814a38ba9f58e,2019-02,Lancashire Constabulary,Lancashire Constabulary,,,No Location,,,Public order,Status update unavailable,
44293ea83ebe74a30e52ee71c0747b8b2d009305c1fbb3b5b7a4905c0e919e3e,2019-02,Lancashire Constabulary,Lancashire Constabulary,,,No Location,,,Public order,Status update unavailable,
1c038c682b9c4922cda8e133cc728df71a6ce155d740bc3ce2657d391d11e857,2019-02,Lancashire Constabulary,Lancashire Constabulary,,,No Location,,,Public order,Unable to prosecute suspect,
a2450ea9813a019151d28b6f7825666ce0dfde9f2d89d6282fa2b807c25700ec,2019-02,Lancashire Constabulary,Lancashire Constabulary,,,No Location,,,Public order,Unable to prosecute suspect,
41eb2c63487c6b36a0ea0b000dc357c963aed39705f8190b8a5706f26fd52a3c,2019-02,Lancashire Constabulary,Lancashire Constabulary,,,No Location,,,Public order,Status update unavailable,
6eef50fb8f2bfcbb9a4672b228adcdffcc16becce8dd8cb69858bbc6c910013a,2019-02,Lancashire Constabulary,Lancashire Constabulary,,,No Location,,,Public order,Unable to prosecute suspect,
0496fbea8803e32235c43a1a21cacb0743c865ae192e915d97bcbcd8b8046603,2019-02,Lancashire Constabulary,Lancashire Constabulary,,,No Location,,,Public order,Status update unavailable,
169bd3ee7b66a39d214b7db17f9ac954d86725c22495936115f871a1007f93dd,2019-02,Lancashire Constabulary,Lancashire Constabulary,,,No Location,,,Public order,Status update unavailable,
80d43a8ba6713649de2a49358fce09b58e3ecd47f64605c8f03b930474d6b68a,2019-02,Lancashire Constabulary,Lancashire Constabulary,,,No Location,,,Public order,Status update unavailable,
8170668373882d095a0c52471829bf39a971d43b1dc9c66cb1f4b35419ce7b4f,2019-02,Lancashire Constabulary,Lancashire Constabulary,,,No Location,,,Public order,Status update unavailable,
b15edfa753d8389450078a5b716d2ce1f6048f9b83bfefd053655332b16f45e7,2019-02,Lancashire Constabulary,Lancashire Constabulary,,,No Location,,,Public order,Unable to prosecute suspect,
716536225edfea40a8d5e3fe44093158eff442de517f1d711f7d344f35a63515,2019-02,Lancashire Constabulary,Lancashire Constabulary,,,No Location,,,Public order,Unable to prosecute suspect,
e900c641d9ef20c984fd48b6810a906a9984868142ac5000e92bfe8648fdf5dc,2019-02,Lancashire Constabulary,Lancashire Constabulary,,,No Location,,,Public order,Status update unavailable,
6732603d56d7dbd10209abf4aea7340f83e7efd29c3c49fff251f45ba8b5a3f8,2019-02,Lancashire Constabulary,Lancashire Constabulary,,,No Location,,,Public order,Unable to prosecute suspect,
109eba7f4282d6cbbc98b743919f1ee36d01aeecb473db8a2fc9d11da2377dce,2019-02,Lancashire Constabulary,Lancashire Constabulary,,,No Location,,,Public order,Status update unavailable,
40737afda382a34ad7b1cd1a8bfe7e93f5c4e16db37ff2911068af6a9d90c805,2019-02,Lancashire Constabulary,Lancashire Constabulary,,,No Location,,,Public order,Status update unavailable,
ac007a614084e3630fc5ed6286de7047a187130ccb58a9c8582b4c2aa7f24a6f,2019-02,Lancashire Constabulary,Lancashire Constabulary,,,No Location,,,Public order,Status update unavailable,
d3825cdcc1a9efb4c12cc3a75dd9b87cfc94b72317400136658f6c003eba9d95,2019-02,Lancashire Constabulary,Lancashire Constabulary,,,No Location,,,Public order,Status update unavailable,
f3e206414655d65f2bd3c5f56b7e0c716f3f826570e9738158220a2eca569cd2,2019-02,Lancashire Constabulary,Lancashire Constabulary,,,No Location,,,Public order,Status update unavailable,
3af805ba4bb98ab8c79f31e1effe5fad8819c196eb4c2d340c94c5fc3a5af6c1,2019-02,Lancashire Constabulary,Lancashire Constabulary,,,No Location,,,Public order,Status update unavailable,
45a0560ae8a95a76d0b26407eb3e1e3a5a080ee51457e8ea1bed5aebb563ed14,2019-02,Lancashire Constabulary,Lancashire Constabulary,,,No Location,,,Public order,Status update unavailable,
f99ac3332716db1d111c165e151ded70b128db87523cc608e20bc50a8b4f3f27,2019-02,Lancashire Constabulary,Lancashire Constabulary,,,No Location,,,Public order,Further investigation is not in the public interest,
8220817d271fbda4cfe59d2320f145b4b6ddcf9b4bf5f05816554fba06a6e29c,2019-02,Lancashire Constabulary,Lancashire Constabulary,,,No Location,,,Public order,Status update unavailable,
71969d2fff33b8aad61d9ea1e0a9699508b7d12e0a5a3e80fa10d3795d99e65a,2019-02,Lancashire Constabulary,Lancashire Constabulary,,,No Location,,,Public order,Unable to prosecute suspect,
11174a7be93bc20cc2be7e0c9f21374d6eece509659b748812918e7fb33b2507,2019-02,Lancashire Constabulary,Lancashire Constabulary,,,No Location,,,Public order,Unable to prosecute suspect,
9aaf172f7c7f193c864c354609f0946526d94420664371bbbe8069af2414392c,2019-02,Lancashire Constabulary,Lancashire Constabulary,,,No Location,,,Public order,Status update unavailable,
154157a70848c8781b49f682de03cfd412909beb0dce78e23b534ee1eb2eee4d,2019-02,Lancashire Constabulary,Lancashire Constabulary,,,No Location,,,Public order,Status update unavailable,
89e5d1420dfdb219d9c4e45233d6b06ff2f5c10e6260ef2cd8ffde94a9b861c7,2019-02,Lancashire Constabulary,Lancashire Constabulary,,,No Location,,,Public order,Status update unavailable,
c19363f3b75a84b734a39e57f35449215e928c7dbbe109c658f2b6c7113bb59f,2019-02,Lancashire Constabulary,Lancashire Constabulary,,,No Location,,,Public order,Status update unavailable,
08a16547062ec96489f739f3ddf7d610bdeef54b3ebf1504975cff6fb5de4826,2019-02,Lancashire Constabulary,Lancashire Constabulary,,,No Location,,,Public order,Unable to prosecute suspect,
765264551a730509f816e4e3e6dc4c57605e283f3e2e658291f96d97a354f6a9,2019-02,Lancashire Constabulary,Lancashire Constabulary,,,No Location,,,Public order,Action to be taken by another organisation,
a08079a001a856f943475009b1c6872ca00feb0daefc6d7ccd67db84f679761d,2019-02,Lancashire Constabulary,Lancashire Constabulary,,,No Location,,,Public order,Status update unavailable,
41a2c79962633ff00e5d648ccc47859b9439daa87d49f35852e11f5dc7ab57c4,2019-02,Lancashire Constabulary,Lancashire Constabulary,,,No Location,,,Public order,Formal action is not in the public interest,
669c3e00b4ae560260df2a7d8f904f702b9427254cb96eaf9ff9c3ef0a24dbd3,2019-02,Lancashire Constabulary,Lancashire Constabulary,,,No Location,,,Public order,Status update unavailable,
f1f7b623f0e60926672714e43c0e628986fcfcd99479067c9222dd7eb44b4122,2019-02,Lancashire Constabulary,Lancashire Constabulary,,,No Location,,,Robbery,Status update unavailable,
6f8fddc4da9b68381b16ff4dd425f2ebc0ade93ff673a624ba842e0b00382735,2019-02,Lancashire Constabulary,Lancashire Constabulary,,,No Location,,,Robbery,Status update unavailable,
8be636bb5881a9716ef135b84ec8d9014124ad667da7a68bdec620d39942322d,2019-02,Lancashire Constabulary,Lancashire Constabulary,,,No Location,,,Robbery,Status update unavailable,
d1d9324bb6b1d994b4259d93f140227f5ab5afdc21a2e9bf2816c6e418f550e2,2019-02,Lancashire Constabulary,Lancashire Constabulary,,,No Location,,,Robbery,Status update unavailable,
53758aa85d3661de6f3c4d82a5538e68b1060a56ec30207e049a1113c28a2688,2019-02,Lancashire Constabulary,Lancashire Constabulary,,,No Location,,,Robbery,Awaiting court outcome,
f87903de2ba10f5d42b5310f388ae5c9f467dd1dc13213245411f9c41e69176d,2019-02,Lancashire Constabulary,Lancashire Constabulary,,,No Location,,,Robbery,Status update unavailable,
035af7f64d67762d2165bbd6029176e01959e3137afc28f4f4e5ad93b4a28c31,2019-02,Lancashire Constabulary,Lancashire Constabulary,,,No Location,,,Robbery,Status update unavailable,
f36d3a935d6cfda170a9b2c8a5d20efcf1fd0888b1150fa6c93266a8fd94047d,2019-02,Lancashire Constabulary,Lancashire Constabulary,,,No Location,,,Robbery,Awaiting court outcome,
f935a39833f3b2c49dda4d1bcd8b0b346655cc997d7b9a93065d37cd6eb55e1b,2019-02,Lancashire Constabulary,Lancashire Constabulary,,,No Location,,,Robbery,Status update unavailable,
023119d9fec4e82dd2701fd29a69fb7b9d38e06c21852a90ffc2e3e487344747,2019-02,Lancashire Constabulary,Lancashire Constabulary,,,No Location,,,Shoplifting,Status update unavailable,
e3ef560af8e844fb175c966b22a401da47842bd046c15b150315622db65ed3e1,2019-02,Lancashire Constabulary,Lancashire Constabulary,,,No Location,,,Shoplifting,Unable to prosecute suspect,
6f84f8d7f5ce08710bda98f564417aa5651587f0ba5f610c6045111e0dfa8467,2019-02,Lancashire Constabulary,Lancashire Constabulary,,,No Location,,,Shoplifting,Action to be taken by another organisation,
ae7b54102281b9776a1c2fb4bbb042159daa2c28ea4f58f5ace08dd83533d349,2019-02,Lancashire Constabulary,Lancashire Constabulary,,,No Location,,,Shoplifting,Awaiting court outcome,
1ca921ea413db54e6a7d3ddf855c66aff6fa2995d4df6c8efcac25ba71291d8a,2019-02,Lancashire Constabulary,Lancashire Constabulary,,,No Location,,,Shoplifting,Status update unavailable,
227e8884fe37c905a2f4bbd5756b16c7c9b04d923e2951cb88fa640b923d95bf,2019-02,Lancashire Constabulary,Lancashire Constabulary,,,No Location,,,Shoplifting,Status update unavailable,
0278959b4fe9d3c44e0f21540ba5b6b723774e19b0cf6325493e5ca6fc52ef5f,2019-02,Lancashire Constabulary,Lancashire Constabulary,,,No Location,,,Shoplifting,Status update unavailable,
7b24da88b1c445005fb5f85e2268e30a265fb7cd8282741cda9aac5254051974,2019-02,Lancashire Constabulary,Lancashire Constabulary,,,No Location,,,Shoplifting,Status update unavailable,
ce1df5f424c63f7750371691dae77133cc971c483c59d9d79822e5435f85b4fa,2019-02,Lancashire Constabulary,Lancashire Constabulary,,,No Location,,,Shoplifting,Local resolution,
dc1120e9e03771f3421511a5e949c6f54427dc834ebb1e34cafab9cfc519f4bb,2019-02,Lancashire Constabulary,Lancashire Constabulary,,,No Location,,,Shoplifting,Status update unavailable,
2706758ff2fb2e3f2d52125280521387fcbb3f5eef70fc658a88ab058c89f840,2019-02,Lancashire Constabulary,Lancashire Constabulary,,,No Location,,,Shoplifting,Status update unavailable,
9a18767567194f82b3a442ca747c9e2df988dc1669052667f6ba949424d2613e,2019-02,Lancashire Constabulary,Lancashire Constabulary,,,No Location,,,Shoplifting,Status update unavailable,
ab77fe72c12ea405f63de9667352258f071dcfaee5273acba1232e22b7b80c4f,2019-02,Lancashire Constabulary,Lancashire Constabulary,,,No Location,,,Shoplifting,Status update unavailable,
46cbdfb2c2cb7e4c7484111d3f36c903ab63f871955df3983c181c64d631a658,2019-02,Lancashire Constabulary,Lancashire Constabulary,,,No Location,,,Shoplifting,Status update unavailable,
a02a7702e90b7aaff51e9c4a13f82a4127cd6d756eea8c3f2b19717bcd2ab7cd,2019-02,Lancashire Constabulary,Lancashire Constabulary,,,No Location,,,Shoplifting,Status update unavailable,
e1221cafe447b4306a7f5a3905d85008b6a82c1001432c58633c7233bf1cf4e3,2019-02,Lancashire Constabulary,Lancashire Constabulary,,,No Location,,,Shoplifting,Status update unavailable,
990af839d88c684d4b40c0e7ba02a19a154abd4887e8c73b0bd721f79885d1f6,2019-02,Lancashire Constabulary,Lancashire Constabulary,,,No Location,,,Shoplifting,Awaiting court outcome,
bb20cc059a015c21bc541545c9edd630143d28ef981f105b359f72c90bcf1e30,2019-02,Lancashire Constabulary,Lancashire Constabulary,,,No Location,,,Shoplifting,Awaiting court outcome,
ac9f9d8b74d7e3508e072bfbfff4724609cfc8bde6e5882636a7fd94b3407066,2019-02,Lancashire Constabulary,Lancashire Constabulary,,,No Location,,,Shoplifting,Status update unavailable,
b505c71abc8bbfc7d66e644c981d0d97d3b1eb058d9052c617bc2a6982ab80a5,2019-02,Lancashire Constabulary,Lancashire Constabulary,,,No Location,,,Shoplifting,Status update unavailable,
df2b60afb2e1894500ba6371d1392d2bda325e22184835cd182c638cf4a2e3e3,2019-02,Lancashire Constabulary,Lancashire Constabulary,,,No Location,,,Shoplifting,Status update unavailable,
6250d3e374e9406aefcbfa447ddeb4ff02993c0375b1a070581474c8674c3376,2019-02,Lancashire Constabulary,Lancashire Constabulary,,,No Location,,,Shoplifting,Status update unavailable,
2caaabb0b101b5e9e1bd69e709dd87e033445a25eee00aeea9b1a4ffacb99457,2019-02,Lancashire Constabulary,Lancashire Constabulary,,,No Location,,,Shoplifting,Status update unavailable,
54e1e4a9146893b9b09544e2ba1de69f0c490b08f897f365dc06797fd7a1e816,2019-02,Lancashire Constabulary,Lancashire Constabulary,,,No Location,,,Shoplifting,Status update unavailable,
8e93a76fb751c3211d929d9e96065627f6927e7c7cf81e83c6b1d030ee678c96,2019-02,Lancashire Constabulary,Lancashire Constabulary,,,No Location,,,Shoplifting,Awaiting court outcome,
749a07135e5e765c94851f0fa00e9488840d3f8f94883885ad5349035187a9c4,2019-02,Lancashire Constabulary,Lancashire Constabulary,,,No Location,,,Shoplifting,Status update unavailable,
746c599faae0009bc753512988d69c250384b7b854dfcc6ae845c304baf28ec8,2019-02,Lancashire Constabulary,Lancashire Constabulary,,,No Location,,,Shoplifting,Status update unavailable,
6053a0572687eb99e3f2a6acb058671a5356ebd439b4f81ffb46ec64b4af4286,2019-02,Lancashire Constabulary,Lancashire Constabulary,,,No Location,,,Shoplifting,Status update unavailable,
307d7dbf07917865fe12a184e2ce1f860f5af7874f451bb86a9d9f1d5a15ce6c,2019-02,Lancashire Constabulary,Lancashire Constabulary,,,No Location,,,Shoplifting,Investigation complete; no suspect identified,
8ab418e021daaeaf2e4f63bf5ccbcc899dff456109b177b65540fa5a3bacb2c2,2019-02,Lancashire Constabulary,Lancashire Constabulary,,,No Location,,,Shoplifting,Status update unavailable,
ca467465cb0631246f01073e15e10f4b16feab691feac4c7f10b20fcdc68c54e,2019-02,Lancashire Constabulary,Lancashire Constabulary,,,No Location,,,Shoplifting,Status update unavailable,
8244dc0433edae81992d0ebcf1cf016dab32760334b7202dec7a4be69a608638,2019-02,Lancashire Constabulary,Lancashire Constabulary,,,No Location,,,Shoplifting,Formal action is not in the public interest,
0cc3262476984859ef7e261c3d2c3ca8903d30f68260500191021e72bfe10896,2019-02,Lancashire Constabulary,Lancashire Constabulary,,,No Location,,,Shoplifting,Status update unavailable,
aac09c2bf09239aeb5e34c7afb02074242611f67de8844f110e55b9f98bf8da3,2019-02,Lancashire Constabulary,Lancashire Constabulary,,,No Location,,,Shoplifting,Status update unavailable,
d463ab8aa5d9eebb2f8040fdd880d1b661000608f5ae5275fdb16223de7659d5,2019-02,Lancashire Constabulary,Lancashire Constabulary,,,No Location,,,Shoplifting,Status update unavailable,
5e249dfd16b8c84457aea81da96a783e38785713b4299c160b11e78672c5e8ad,2019-02,Lancashire Constabulary,Lancashire Constabulary,,,No Location,,,Shoplifting,Status update unavailable,
b28ba979cf70d0346d283ab5d756769b741c7ae258f2416cc014bdf9031a3aeb,2019-02,Lancashire Constabulary,Lancashire Constabulary,,,No Location,,,Shoplifting,Local resolution,
8095149df55fa926d1e708d187a50ed35d1cd0d23b4f05f57b98e6e5be34dfc9,2019-02,Lancashire Constabulary,Lancashire Constabulary,,,No Location,,,Shoplifting,Status update unavailable,
727bb28867dfb2d9ae26793973299c3522e0adfef1e31aaab2311230bf2f4ca5,2019-02,Lancashire Constabulary,Lancashire Constabulary,,,No Location,,,Shoplifting,Status update unavailable,
b9b6b38e6abc9175d9d2e63d764e46eeabc27b864c774fd39015e84a1980c0bd,2019-02,Lancashire Constabulary,Lancashire Constabulary,,,No Location,,,Shoplifting,Status update unavailable,
0d6a60eacea14199d12523239fd95ccbb2b23d7fd2f6ffe1e5e94a75dc7a8bcd,2019-02,Lancashire Constabulary,Lancashire Constabulary,,,No Location,,,Shoplifting,Status update unavailable,
662d757e2b50cd93040bf5dea879569bc3cd351271a5f3a8d6a95eb201e449ca,2019-02,Lancashire Constabulary,Lancashire Constabulary,,,No Location,,,Shoplifting,Unable to prosecute suspect,
6e8c717c488e746c1f95dc6ee5cb5f6ff6fc1f1306b2ad4dffc386edb65a4420,2019-02,Lancashire Constabulary,Lancashire Constabulary,,,No Location,,,Shoplifting,Further investigation is not in the public interest,
2324e8944537122b06038a3f15d0af47001c642ff2bac485ba453d342f398659,2019-02,Lancashire Constabulary,Lancashire Constabulary,,,No Location,,,Shoplifting,Status update unavailable,
0c7293429937266d8575c23aeda2b6a080ca12f76c8d24302617fcbd547112fa,2019-02,Lancashire Constabulary,Lancashire Constabulary,,,No Location,,,Shoplifting,Status update unavailable,
0df1713ae891b72817d4f2d1d8f5711534519ab613e1b2f7a5c82ccaa278b2de,2019-02,Lancashire Constabulary,Lancashire Constabulary,,,No Location,,,Shoplifting,Unable to prosecute suspect,
3cc120fd3029478f7aa181244878db0e75b76f34cf4123c573b4bafc0e868dd0,2019-02,Lancashire Constabulary,Lancashire Constabulary,,,No Location,,,Shoplifting,Status update unavailable,
269f38c672601a06e955370a550837cc7d9dbbcc5be4a8bc89f56c43c6f36345,2019-02,Lancashire Constabulary,Lancashire Constabulary,,,No Location,,,Shoplifting,Status update unavailable,
ae7abd1e108261f5c6fa703886d931e8567ab3886fa4e73d4c250a5bd5872e3a,2019-02,Lancashire Constabulary,Lancashire Constabulary,,,No Location,,,Shoplifting,Offender given community sentence,
fe791ee3a961b07724c9054132105ae2da560bdb997a06d90d0f7971cf86ed03,2019-02,Lancashire Constabulary,Lancashire Constabulary,,,No Location,,,Shoplifting,Status update unavailable,
d358c878dfb1c5d780b489aa55f46b8417022c2c69676b313d34d74b4d69aff5,2019-02,Lancashire Constabulary,Lancashire Constabulary,,,No Location,,,Shoplifting,Awaiting court outcome,
1780a7d794c77b6b5dbb3536f6178a4a1414e0ebee315fdaf13d579077bb561f,2019-02,Lancashire Constabulary,Lancashire Constabulary,,,No Location,,,Shoplifting,Status update unavailable,
140589e9f0d20fbd1652c31ab221266a8ec88c391a509117c8481f24a9f9891d,2019-02,Lancashire Constabulary,Lancashire Constabulary,,,No Location,,,Shoplifting,Awaiting court outcome,
a35ed7d173ceb0db3bfc970995b012e25ab97d0a80d7a67a8bb50ac8205b9a54,2019-02,Lancashire Constabulary,Lancashire Constabulary,,,No Location,,,Shoplifting,Status update unavailable,
3b33f005c31a22eeebafaaf7815308283709c5bf0b01b481cafe7bea619cf423,2019-02,Lancashire Constabulary,Lancashire Constabulary,,,No Location,,,Shoplifting,Further investigation is not in the public interest,
961e39634d7e02d0f7683c1b3d2174b34ab8e707b350a729ef5a665eb361b2f4,2019-02,Lancashire Constabulary,Lancashire Constabulary,,,No Location,,,Theft from the person,Status update unavailable,
7f94c814e18f992997230e53ffcade031bf049e02074d10b9faf07fd66e68eb9,2019-02,Lancashire Constabulary,Lancashire Constabulary,,,No Location,,,Theft from the person,Unable to prosecute suspect,
3ec6ac44bc93ad8437fb47b45f862a045a660e6f68d4f4f51b6d19a4265c0d98,2019-02,Lancashire Constabulary,Lancashire Constabulary,,,No Location,,,Theft from the person,Status update unavailable,
9a56c588bdfa8a6f5551bcaeaea88ad277379bdfbdede1d6b04e848997e6d329,2019-02,Lancashire Constabulary,Lancashire Constabulary,,,No Location,,,Theft from the person,Investigation complete; no suspect identified,
a4c8b566ee3214db8306ab7b82036565832dafa32a4387106be74e15b1563364,2019-02,Lancashire Constabulary,Lancashire Constabulary,,,No Location,,,Theft from the person,Status update unavailable,
21b870cbf9c1616204afa23c28ccc4571e6bca7919dac0a11f374ef6c2973dd2,2019-02,Lancashire Constabulary,Lancashire Constabulary,,,No Location,,,Theft from the person,Unable to prosecute suspect,
3455bc143ad057fec81ddb9bc8f71d90f7960b67ee333eaffe2accd229d471e4,2019-02,Lancashire Constabulary,Lancashire Constabulary,,,No Location,,,Theft from the person,Status update unavailable,
e28a484256d6840a99b1bb176b4d0b5135860b195efb9d52850762449f5cf38e,2019-02,Lancashire Constabulary,Lancashire Constabulary,,,No Location,,,Theft from the person,Status update unavailable,
433a9c92d414371908d51503ee199efb77626aca71ef5cdf945c834eeabc5c58,2019-02,Lancashire Constabulary,Lancashire Constabulary,,,No Location,,,Theft from the person,Status update unavailable,
3a9c737a08884e85ee37891bbed9f1a22f5466c378e63afe38b27d8ae4ee92ed,2019-02,Lancashire Constabulary,Lancashire Constabulary,,,No Location,,,Theft from the person,Status update unavailable,
173d122c5420f43bbebc40cbbce4a5735ef517136f66a25d7f8457124cc46686,2019-02,Lancashire Constabulary,Lancashire Constabulary,,,No Location,,,Theft from the person,Status update unavailable,
5a1e3d227534d80357a693667403318dbdcc4d2397e5acd7f40d45e02372cf3b,2019-02,Lancashire Constabulary,Lancashire Constabulary,,,No Location,,,Theft from the person,Further investigation is not in the public interest,
c4d91886bce7f02a7fbd53a9ae7f1a8921a8f6a5d33f037fb22bec32d4650f61,2019-02,Lancashire Constabulary,Lancashire Constabulary,,,No Location,,,Theft from the person,Status update unavailable,
e6034bb026f30f2c2f7e4fd235a0d9495f88d34db668402c041805c1ce260edf,2019-02,Lancashire Constabulary,Lancashire Constabulary,,,No Location,,,Theft from the person,Status update unavailable,
57b058f5e4e6582ca8d44db3b49727643170d8acae0ac37f05ae5194e3746b94,2019-02,Lancashire Constabulary,Lancashire Constabulary,,,No Location,,,Theft from the person,Status update unavailable,
7ae674699b01c5f5375588b446220793f776404ee7b1f764c9789a77e55eb4fe,2019-02,Lancashire Constabulary,Lancashire Constabulary,,,No Location,,,Theft from the person,Status update unavailable,
b05a6d4ac558c2b25c455c3894de1f9dfe0f59091eeb1df0550f5d26cea65ebb,2019-02,Lancashire Constabulary,Lancashire Constabulary,,,No Location,,,Theft from the person,Unable to prosecute suspect,
6150f7bf338136400b0c1627d1419f513216a35055e481d39f9aec0cacb7ce52,2019-02,Lancashire Constabulary,Lancashire Constabulary,,,No Location,,,Theft from the person,Status update unavailable,
fcb199dff43447ae97bc4a8d0a881866036bc67be2600852db5d1eff01efad61,2019-02,Lancashire Constabulary,Lancashire Constabulary,,,No Location,,,Theft from the person,Status update unavailable,
0b61f59ac73f76118f9461f345de34ca8e65f605f3bfbeae58c4dd7a5fc3d627,2019-02,Lancashire Constabulary,Lancashire Constabulary,,,No Location,,,Vehicle crime,Unable to prosecute suspect,
f1649cb75159ee3f3f8203101e74da2f80f1c42e7a9e2840e62f6802ea20d25f,2019-02,Lancashire Constabulary,Lancashire Constabulary,,,No Location,,,Vehicle crime,Status update unavailable,
0a38b054277e5c35027562f7eb12c35c5ca7de3023e486dc82dbd4afb2c179b9,2019-02,Lancashire Constabulary,Lancashire Constabulary,,,No Location,,,Vehicle crime,Status update unavailable,
b17feaf3ce19b1b98ab2eebec3c0fa34cd536f2e2ba5147189a57c1bbd9ce644,2019-02,Lancashire Constabulary,Lancashire Constabulary,,,No Location,,,Vehicle crime,Status update unavailable,
7259d869acf4ca48ac4c0d6c82daf3568577a88971edfc69a44bd64f0db0c7e8,2019-02,Lancashire Constabulary,Lancashire Constabulary,,,No Location,,,Vehicle crime,Status update unavailable,
5a4c8a839cc6f030925417df4b699fb7a3c01ff7a47182923588261071b441d4,2019-02,Lancashire Constabulary,Lancashire Constabulary,,,No Location,,,Vehicle crime,Status update unavailable,
48f691a5a447b98e867218553211803a50809565bdbb45f95226cfc6dc7a4e64,2019-02,Lancashire Constabulary,Lancashire Constabulary,,,No Location,,,Vehicle crime,Status update unavailable,
e3bd3b21c5173100b7525c179da9e70d27654ac03b4a3b4fac1be9f3f658a1fc,2019-02,Lancashire Constabulary,Lancashire Constabulary,,,No Location,,,Vehicle crime,Status update unavailable,
fb4ea044b3621cc54ee3c515eaed8a9fd56f6c05e0e2ec109ca5c2a032babbce,2019-02,Lancashire Constabulary,Lancashire Constabulary,,,No Location,,,Vehicle crime,Status update unavailable,
56fef06325a97825b466b06b6f217ad380dcf69b15f062e8a8f62c8c7f7e3c51,2019-02,Lancashire Constabulary,Lancashire Constabulary,,,No Location,,,Vehicle crime,Status update unavailable,
862711967c4f54adfec9095b45f59595b5106c625581d6f37d177b4020d912d1,2019-02,Lancashire Constabulary,Lancashire Constabulary,,,No Location,,,Vehicle crime,Status update unavailable,
665dc39d1fa012d5f9a62ea1b7027d338dbc3db24d5b900e9a2ffc9002c67e5f,2019-02,Lancashire Constabulary,Lancashire Constabulary,,,No Location,,,Vehicle crime,Status update unavailable,
510a073f33552e367560891d4f1c05b2a450fb22051a20a61af62f0820750c69,2019-02,Lancashire Constabulary,Lancashire Constabulary,,,No Location,,,Vehicle crime,Status update unavailable,
cdf7bafceb936955de49d7ee7d32ebf125e6a79e5971a254a3c63fbcdea08917,2019-02,Lancashire Constabulary,Lancashire Constabulary,,,No Location,,,Vehicle crime,Status update unavailable,
4cbf33f5281ee7ba8e50c643dc819a7133bdd9a9c350ff774dafac4dbf80a70d,2019-02,Lancashire Constabulary,Lancashire Constabulary,,,No Location,,,Vehicle crime,Status update unavailable,
9e07d325ead8011f3f6ef6963d7db78baf5cb3ffa80c0290c4a7b2e196a5ff83,2019-02,Lancashire Constabulary,Lancashire Constabulary,,,No Location,,,Vehicle crime,Unable to prosecute suspect,
1d6464501ff89fb5a8eb12da3a818f1257e5029a84c81d53bc7c0b1c8fb5f252,2019-02,Lancashire Constabulary,Lancashire Constabulary,,,No Location,,,Vehicle crime,Status update unavailable,
36766aec31659cf1126227ab86b697cb20326f7cb821f1d9fdcf0fc803b8fd0f,2019-02,Lancashire Constabulary,Lancashire Constabulary,,,No Location,,,Vehicle crime,Status update unavailable,
6f6bcbf0e51dc3ad1cb33d64bed53b6c84c6872533f26bd1c8a43797a77022ec,2019-02,Lancashire Constabulary,Lancashire Constabulary,,,No Location,,,Vehicle crime,Status update unavailable,
9b5af27ffcdd7226cf366dd059c6eaa84571a7e66637582e63747f719573ed0a,2019-02,Lancashire Constabulary,Lancashire Constabulary,,,No Location,,,Vehicle crime,Status update unavailable,
e8b1ca8ca5a6965ddbcd066716cabbb1a115bf7c73022ed3e96ca568c9cf81d3,2019-02,Lancashire Constabulary,Lancashire Constabulary,,,No Location,,,Vehicle crime,Status update unavailable,
1425428f30569bd346193c9076e3560cf225b0399a02cc8c7ac786995b37e092,2019-02,Lancashire Constabulary,Lancashire Constabulary,,,No Location,,,Vehicle crime,Status update unavailable,
5564c20a0f590a5bc334f6c487a2b0513d3448454faa0f3c74a3fc417da15ce2,2019-02,Lancashire Constabulary,Lancashire Constabulary,,,No Location,,,Vehicle crime,Status update unavailable,
597b048f229d61b1229b78a65a823ae50c61c0e2910a59e8d8bb2fac7604883c,2019-02,Lancashire Constabulary,Lancashire Constabulary,,,No Location,,,Vehicle crime,Status update unavailable,
424f01e115141f79a036fa1037ff4d73b3ac1ac9ebd9c2c286712f6e99bce1a3,2019-02,Lancashire Constabulary,Lancashire Constabulary,,,No Location,,,Vehicle crime,Status update unavailable,
a5d361cb4c8d2b082ade2eaab3c06abddd097e42edabb04872517a84b7bf79c1,2019-02,Lancashire Constabulary,Lancashire Constabulary,,,No Location,,,Vehicle crime,Status update unavailable,
ccacba28c33d9f57dfd394df9986db21ecce17ad1142eea32f8da7beedfe6117,2019-02,Lancashire Constabulary,Lancashire Constabulary,,,No Location,,,Vehicle crime,Status update unavailable,
90fecf189cb1cdcaf47817dc427c5b9bd7b356392c6b7ae71b88dae4a7cbd491,2019-02,Lancashire Constabulary,Lancashire Constabulary,,,No Location,,,Vehicle crime,Status update unavailable,
b8b7d28f4a625191e85ecdc6e94dbfb7adeddfa4ab15b4907799f64c4470b902,2019-02,Lancashire Constabulary,Lancashire Constabulary,,,No Location,,,Vehicle crime,Status update unavailable,
cdecc17fd264ba41c6392f82821ee03c4f1b9623d71ea1d89c551140bb5b6839,2019-02,Lancashire Constabulary,Lancashire Constabulary,,,No Location,,,Vehicle crime,Status update unavailable,
6b0e03da164c569550f08e5d49c0e2f3944fe9712eb4f7416ae485930a24b27d,2019-02,Lancashire Constabulary,Lancashire Constabulary,,,No Location,,,Vehicle crime,Status update unavailable,
c1781a3921296268cf26b524a6dc2ed30bcb639c09a78c2346df0fc3b2eb2580,2019-02,Lancashire Constabulary,Lancashire Constabulary,,,No Location,,,Vehicle crime,Status update unavailable,
8c0922fd5948015ef75d5e7d800e6aafef652fd82a9a115e706473767d33654b,2019-02,Lancashire Constabulary,Lancashire Constabulary,,,No Location,,,Vehicle crime,Status update unavailable,
591dbcb9a343976ff45f2f233d9742c16f54c78dd70ff494899770c510516bc7,2019-02,Lancashire Constabulary,Lancashire Constabulary,,,No Location,,,Vehicle crime,Status update unavailable,
5f871e87456192d330f4e7dbe2f47979b8125bd33663b86abbdefb980e74fe98,2019-02,Lancashire Constabulary,Lancashire Constabulary,,,No Location,,,Vehicle crime,Status update unavailable,
1be45e9b0821537d79ba4475c2c04b092e746843bceea48161a1ccef5ae846c2,2019-02,Lancashire Constabulary,Lancashire Constabulary,,,No Location,,,Vehicle crime,Status update unavailable,
1eb30f8ef6869afb8b1cfc4cf4d59a9e5b137334dc2310fbbc5cf4ebda6c75a8,2019-02,Lancashire Constabulary,Lancashire Constabulary,,,No Location,,,Vehicle crime,Status update unavailable,
4956ffb9df751acbd933cb1bc9574502460c724332c2b3544c51b07c71f7d32d,2019-02,Lancashire Constabulary,Lancashire Constabulary,,,No Location,,,Vehicle crime,Status update unavailable,
6360a6b57adbc71cb7f4778e243e56c9c52162bdf3ca0eb6fdcfa66a1ba76070,2019-02,Lancashire Constabulary,Lancashire Constabulary,,,No Location,,,Vehicle crime,Action to be taken by another organisation,
d0bbdf274bf89272bbc2387f8cd19bcbceda4394b9bb00340143de089ade975d,2019-02,Lancashire Constabulary,Lancashire Constabulary,,,No Location,,,Vehicle crime,Status update unavailable,
d8fd163b61e5425c2dcf81b1e2e1f7ba1dff327d2448e18ffdffca3d1257158a,2019-02,Lancashire Constabulary,Lancashire Constabulary,,,No Location,,,Vehicle crime,Status update unavailable,
f78294b73483640e9ac025e9d6427d19205b32f56aaa816e9218b05ec24ff4f1,2019-02,Lancashire Constabulary,Lancashire Constabulary,,,No Location,,,Vehicle crime,Status update unavailable,
18676a7a7f0674b2ab8a589d482670d59911e23745e7b848448f6dcde693d480,2019-02,Lancashire Constabulary,Lancashire Constabulary,,,No Location,,,Vehicle crime,Status update unavailable,
b85ce4c1df9f9113c608c02847c87860e57faca62be7c76f2715044b6f80073d,2019-02,Lancashire Constabulary,Lancashire Constabulary,,,No Location,,,Vehicle crime,Status update unavailable,
8dfd01f2b06d158a4ce87a62abcac59c61d46e20ebabdc352d7fbdbe05a4da93,2019-02,Lancashire Constabulary,Lancashire Constabulary,,,No Location,,,Vehicle crime,Status update unavailable,
57b0f85892d78c467852afe71640dc9c8875468a026cfc84d0d1d86172ade61c,2019-02,Lancashire Constabulary,Lancashire Constabulary,,,No Location,,,Vehicle crime,Status update unavailable,
3a894c69212d89d68812d14e1d36b240d45c6b815a33844bfb1cadc04db49978,2019-02,Lancashire Constabulary,Lancashire Constabulary,,,No Location,,,Vehicle crime,Status update unavailable,
363ac604db0dd8047c2a54ac8332a343b78b57a2eee700d84ee18618f1051d9f,2019-02,Lancashire Constabulary,Lancashire Constabulary,,,No Location,,,Vehicle crime,Status update unavailable,
9031ba3e745187f253f11ba9b191ead2eb554202d11eb7613017923287da7770,2019-02,Lancashire Constabulary,Lancashire Constabulary,,,No Location,,,Vehicle crime,Status update unavailable,
2ff6c9fc982b873acd0b623b0b68a2f20c6691003475d6703fe32fad9d8feef9,2019-02,Lancashire Constabulary,Lancashire Constabulary,,,No Location,,,Vehicle crime,Status update unavailable,
52421e277b54f65cb147c83a0e35764d50ba7431098cd46af90afdf8ac2f3c5f,2019-02,Lancashire Constabulary,Lancashire Constabulary,,,No Location,,,Vehicle crime,Status update unavailable,
2c08dea23516f8da5b174f5aad3f09f2ac9c9f910e24c62fb145086fe1176494,2019-02,Lancashire Constabulary,Lancashire Constabulary,,,No Location,,,Vehicle crime,Status update unavailable,
2d78c624bb75ce9e3a03a7894194939c629cdcebb8d8048ed24c0a5c7e638a20,2019-02,Lancashire Constabulary,Lancashire Constabulary,,,No Location,,,Vehicle crime,Status update unavailable,
04ccfb96f366b9908251e2521c8b5cdade8d6bdef7dd5cdc08e904b29c099162,2019-02,Lancashire Constabulary,Lancashire Constabulary,,,No Location,,,Vehicle crime,Status update unavailable,
5d6542b41950e1b03b3b3b150c26770ca8c94336bf09de822367e43a40c39f1d,2019-02,Lancashire Constabulary,Lancashire Constabulary,,,No Location,,,Vehicle crime,Status update unavailable,
366cced3ff6a10e826631e1863b87e8d16688ec36688590e18464a559ca82e17,2019-02,Lancashire Constabulary,Lancashire Constabulary,,,No Location,,,Vehicle crime,Status update unavailable,
1b0ad39c040cefddb525ce24dfa523b24db2cccffc6dd660fbf5576448b33b90,2019-02,Lancashire Constabulary,Lancashire Constabulary,,,No Location,,,Vehicle crime,Status update unavailable,
05ab37c2be54057bd3b48453b07bcd967f0575fc30382435ca1ee5a2b5bfe4e3,2019-02,Lancashire Constabulary,Lancashire Constabulary,,,No Location,,,Vehicle crime,Status update unavailable,
b28a5798912330a5cbaca10e43cb518dfd3fbc09d19aaf3c44d6da58837f3889,2019-02,Lancashire Constabulary,Lancashire Constabulary,,,No Location,,,Vehicle crime,Status update unavailable,
5250ace9f973c7f7831b973af1e3676bc226f2cab8f9dea2bebf89feb1265df4,2019-02,Lancashire Constabulary,Lancashire Constabulary,,,No Location,,,Vehicle crime,Status update unavailable,
e42527a2ca30f321cf3800d264190c460d5d4b604207a3674466f819af21a90f,2019-02,Lancashire Constabulary,Lancashire Constabulary,,,No Location,,,Vehicle crime,Status update unavailable,
7b1fbd2a27d9187ccac551df8df2cb426cc3d1e1c735c6ad4892b3fa52ca9e8e,2019-02,Lancashire Constabulary,Lancashire Constabulary,,,No Location,,,Vehicle crime,Status update unavailable,
792e7ddd8862d31595085f0431f3c1e743efb8500bff782f4b4923679fa8f064,2019-02,Lancashire Constabulary,Lancashire Constabulary,,,No Location,,,Vehicle crime,Status update unavailable,
303cc68d4a0801037a78c23ffa6eb92ee56046f28f97c01c58da7825e3da69da,2019-02,Lancashire Constabulary,Lancashire Constabulary,,,No Location,,,Vehicle crime,Status update unavailable,
8749e23da3e25c10a2e9fb72b11439e0236d44e19321616ce1a2c93082901e12,2019-02,Lancashire Constabulary,Lancashire Constabulary,,,No Location,,,Vehicle crime,Status update unavailable,
b7cf921d9fca44baa6de2fd4653293efeeca623ad4cd8ff48613fc63cff6dcbb,2019-02,Lancashire Constabulary,Lancashire Constabulary,,,No Location,,,Vehicle crime,Status update unavailable,
6a617d34ab173c9def1daf278166e073e3759d03dd5856826a48b7b533d0d2c1,2019-02,Lancashire Constabulary,Lancashire Constabulary,,,No Location,,,Vehicle crime,Status update unavailable,
cc3a9c9860558e16d1156d979032c8baf3055f63298d680af26ec346a3093dbf,2019-02,Lancashire Constabulary,Lancashire Constabulary,,,No Location,,,Vehicle crime,Status update unavailable,
116647af52963e5399cebfddec9ffe6726669da11b1b18ee621cbad1358f066d,2019-02,Lancashire Constabulary,Lancashire Constabulary,,,No Location,,,Vehicle crime,Status update unavailable,
e9bef8519e63d51ec9c3fc315cddfaa23072a73e17d3ec256aa343a3c5fed52d,2019-02,Lancashire Constabulary,Lancashire Constabulary,,,No Location,,,Vehicle crime,Status update unavailable,
fdcba6cede98b4fe0e788ebc31454115066f2723164fa425d46c3e67e659282c,2019-02,Lancashire Constabulary,Lancashire Constabulary,,,No Location,,,Vehicle crime,Status update unavailable,
782db6233efc9090a46aee3e152b4c27b8ec56cee63a49d87e2cdc745ca05e2d,2019-02,Lancashire Constabulary,Lancashire Constabulary,,,No Location,,,Vehicle crime,Status update unavailable,
e6c2f139b7401698304503bfd53f9dfc1e2d88566f48a9a1c8bdffb6151b30f0,2019-02,Lancashire Constabulary,Lancashire Constabulary,,,No Location,,,Vehicle crime,Status update unavailable,
207aa21187048de0cb2aa026ce6978d006e5a63e9d17b632d137c0644fc2a300,2019-02,Lancashire Constabulary,Lancashire Constabulary,,,No Location,,,Vehicle crime,Awaiting court outcome,
c9517596412fbb01cde608bd13f3231f9be644f31bdaf901e2d60581f0fb29c2,2019-02,Lancashire Constabulary,Lancashire Constabulary,,,No Location,,,Vehicle crime,Status update unavailable,
e4b1ccab53373ee42379a7dbb9ad159350e4d156ff25645e777f4c09080c541a,2019-02,Lancashire Constabulary,Lancashire Constabulary,,,No Location,,,Vehicle crime,Status update unavailable,
23444be05c3d3ba6c50b0168f4d9ebd1a6adb6109a2d80683b9510a36442d653,2019-02,Lancashire Constabulary,Lancashire Constabulary,,,No Location,,,Vehicle crime,Status update unavailable,
ebfe74fb516964096fff044288c4a5f0bf59c15041eac284fe55980bf785d953,2019-02,Lancashire Constabulary,Lancashire Constabulary,,,No Location,,,Vehicle crime,Status update unavailable,
d6479162d1709be102672a6abb014ea65b61a56752c6ee4f8876f4af7195568e,2019-02,Lancashire Constabulary,Lancashire Constabulary,,,No Location,,,Vehicle crime,Status update unavailable,
e8e6ecfa365368eaa33677af1c1a7318e35ede491cad2a0047db14d565ea0a16,2019-02,Lancashire Constabulary,Lancashire Constabulary,,,No Location,,,Vehicle crime,Further investigation is not in the public interest,
d72742346333fbfb876c819628faa913691d4c5f77d560b8288c5ea998d1dca8,2019-02,Lancashire Constabulary,Lancashire Constabulary,,,No Location,,,Vehicle crime,Status update unavailable,
c4d6bdd4ff26285f808f1e436c51bf85f3b3fb37e5d82802b509268ad84b176c,2019-02,Lancashire Constabulary,Lancashire Constabulary,,,No Location,,,Vehicle crime,Status update unavailable,
f29c43ac0e474cf3db73b130b8ab157027d4c34ab6a4c8d529035d93f6c849bb,2019-02,Lancashire Constabulary,Lancashire Constabulary,,,No Location,,,Vehicle crime,Status update unavailable,
2e15c3d9b033f959f6fa7c002c01509b86fc186c94a84776e25bda7c08741581,2019-02,Lancashire Constabulary,Lancashire Constabulary,,,No Location,,,Vehicle crime,Status update unavailable,
02014982c70f87e8c5bf2cf1c22b48ebd432d0501d46396b87d10fbfe214494a,2019-02,Lancashire Constabulary,Lancashire Constabulary,,,No Location,,,Vehicle crime,Unable to prosecute suspect,
5a51af184150cc720e80c4b79da91cfe89eb00a0c7e6374b33c7bd58e29e6a0b,2019-02,Lancashire Constabulary,Lancashire Constabulary,,,No Location,,,Vehicle crime,Status update unavailable,
c2e2292647fcd3ab7db63f38ac785d356588697c7f99e4cd06e3e76fddbaa1cf,2019-02,Lancashire Constabulary,Lancashire Constabulary,,,No Location,,,Vehicle crime,Status update unavailable,
8e45a3d1b2f7031a593b51e53a6b86985f64c4d3be4a685c7444f0f235cd48e6,2019-02,Lancashire Constabulary,Lancashire Constabulary,,,No Location,,,Vehicle crime,Status update unavailable,
5e681f1fa111d597ebca34947ad62b5121b39f6739af546d696d358eb13f3d5d,2019-02,Lancashire Constabulary,Lancashire Constabulary,,,No Location,,,Vehicle crime,Status update unavailable,
20b3a34de0cf5c9896ef0ca39d1e6ca1c77b8031b13c6d534e3217bce19e8037,2019-02,Lancashire Constabulary,Lancashire Constabulary,,,No Location,,,Vehicle crime,Status update unavailable,
f5e6e690d4fe5c595117463582ab873bbcc0916ea5fc1bf0c08bfc1eb467256e,2019-02,Lancashire Constabulary,Lancashire Constabulary,,,No Location,,,Vehicle crime,Status update unavailable,
bea1e78aa779e06d88cb15d4fca520e9d7b5ddeedd8b5c3260bb2c70b69026d8,2019-02,Lancashire Constabulary,Lancashire Constabulary,,,No Location,,,Vehicle crime,Status update unavailable,
810da38d981705836d91b84f23a252ec6f0152f83cf85edd78043a4fccc43a2b,2019-02,Lancashire Constabulary,Lancashire Constabulary,,,No Location,,,Vehicle crime,Status update unavailable,
fe2a7f6e8b00cf7897eb6c7fa8d1419f0a2e2caa5cfde8a6f3f82c20e0d0d0f0,2019-02,Lancashire Constabulary,Lancashire Constabulary,,,No Location,,,Vehicle crime,Status update unavailable,
8d7c9b809cc4a1b80175fa9bb7b873599fac18b72bb9753d0563307611ce3577,2019-02,Lancashire Constabulary,Lancashire Constabulary,,,No Location,,,Vehicle crime,Status update unavailable,
e0f12ebe332ba8650307953ea07e352e252c0913d957e576a1a1b63864093328,2019-02,Lancashire Constabulary,Lancashire Constabulary,,,No Location,,,Vehicle crime,Status update unavailable,
a5e950c75aa0b3cbe24a6211663cb4db23beac307d47089d08b9e406c3157b96,2019-02,Lancashire Constabulary,Lancashire Constabulary,,,No Location,,,Vehicle crime,Status update unavailable,
72f7dc369d2ad7b63b20283cbdabf8ec1a44c3da679857c8707d269fddf276e7,2019-02,Lancashire Constabulary,Lancashire Constabulary,,,No Location,,,Vehicle crime,Status update unavailable,
e26c84407bd5b041c34aa43cc2c35b88976a29538698e01c826f8174052826b2,2019-02,Lancashire Constabulary,Lancashire Constabulary,,,No Location,,,Vehicle crime,Status update unavailable,
c72abdd1efe3b0b5c17dae31a44d18ce3a7f40f8ccd058d766d88cd20ae7085e,2019-02,Lancashire Constabulary,Lancashire Constabulary,,,No Location,,,Vehicle crime,Status update unavailable,
56e03900edcf5c005738756cf9e3e00eb7f908858b40fdfef32472c064d75faa,2019-02,Lancashire Constabulary,Lancashire Constabulary,,,No Location,,,Vehicle crime,Status update unavailable,
aaf5588653f345ad7a1c9ffb66d694b37ffa4721fa4e90c91dac2727e42f47ae,2019-02,Lancashire Constabulary,Lancashire Constabulary,,,No Location,,,Vehicle crime,Status update unavailable,
43002bb929524de253d0163c2b2aab5402cd2101208790582c0d85d367bb547a,2019-02,Lancashire Constabulary,Lancashire Constabulary,,,No Location,,,Vehicle crime,Status update unavailable,
e82d28c1a81b869f0dc20746d75bc200e169785fd51ff4528e7fcc5a9d46f462,2019-02,Lancashire Constabulary,Lancashire Constabulary,,,No Location,,,Vehicle crime,Status update unavailable,
d564529efc67ea6835a53256cdf2cad0f0167f324853fde82707b2de926b894b,2019-02,Lancashire Constabulary,Lancashire Constabulary,,,No Location,,,Violence and sexual offences,Unable to prosecute suspect,
2f22794cfd488ee43ec9d13426ba5f1401c7de4600d44bebd16c5d4687df25ba,2019-02,Lancashire Constabulary,Lancashire Constabulary,,,No Location,,,Violence and sexual offences,Unable to prosecute suspect,
9d71589cb1ddd98614b1587e77fa399e6d2d420a15406bc11076aa7213501a95,2019-02,Lancashire Constabulary,Lancashire Constabulary,,,No Location,,,Violence and sexual offences,Unable to prosecute suspect,
65b2996fe6c227acab239254ad0f13c460b6d7267ca5111a24ec2b9ae0184c0f,2019-02,Lancashire Constabulary,Lancashire Constabulary,,,No Location,,,Violence and sexual offences,Status update unavailable,
a746ec65f99a60875fd3e5cbdb2b24cd48128bbeb06c49eb8e7223ba9e477a5c,2019-02,Lancashire Constabulary,Lancashire Constabulary,,,No Location,,,Violence and sexual offences,Status update unavailable,
7565a4786aa0d38831d6f36f68a3eca44eb8b5323bff9e359c981bc9498e9529,2019-02,Lancashire Constabulary,Lancashire Constabulary,,,No Location,,,Violence and sexual offences,Status update unavailable,
d65e21efb450e729c191b4323c6ac0b15db6fc11e074e4bb20ed8164be184796,2019-02,Lancashire Constabulary,Lancashire Constabulary,,,No Location,,,Violence and sexual offences,Status update unavailable,
d93e26cdb7f326e7fe38993c097cc875b15f903bef7300554048ccec6b39056b,2019-02,Lancashire Constabulary,Lancashire Constabulary,,,No Location,,,Violence and sexual offences,Unable to prosecute suspect,
4f8fc54830ae5b43279168f93d4e1d9cda9a2162f6a06290b23b17b8d211f564,2019-02,Lancashire Constabulary,Lancashire Constabulary,,,No Location,,,Violence and sexual offences,Status update unavailable,
e59fae7819bf45f331478513dff77c02575dd956b49709f56930686c9317dcdb,2019-02,Lancashire Constabulary,Lancashire Constabulary,,,No Location,,,Violence and sexual offences,Status update unavailable,
5e9bc3436ce44766f57cc37a7db5c4404bcc2c5a1ce3654bade13d7b6301e08f,2019-02,Lancashire Constabulary,Lancashire Constabulary,,,No Location,,,Violence and sexual offences,Formal action is not in the public interest,
6f5c94b7aec3fd2099a5b318fc4baf4679ce09889275a94bfd6742f3b86ffd2b,2019-02,Lancashire Constabulary,Lancashire Constabulary,,,No Location,,,Violence and sexual offences,Status update unavailable,
bcc6405c4f6341e253ec7e6d467fe391aa7260603c1ec4cd0bebf4683b12f6d9,2019-02,Lancashire Constabulary,Lancashire Constabulary,,,No Location,,,Violence and sexual offences,Unable to prosecute suspect,
f6bb801a53384a0e5a4addefcb88ecb952cb20661e97556fafabe274d3a7d50f,2019-02,Lancashire Constabulary,Lancashire Constabulary,,,No Location,,,Violence and sexual offences,Action to be taken by another organisation,
f25b0fd0cd67d5694d4b650f9b06bff7e27966d14f16e00406720b22833eb9e4,2019-02,Lancashire Constabulary,Lancashire Constabulary,,,No Location,,,Violence and sexual offences,Status update unavailable,
7303931689171f8a2677503333e9b3e3d3ceb84f86d50671e28e4cb5f1fc6f42,2019-02,Lancashire Constabulary,Lancashire Constabulary,,,No Location,,,Violence and sexual offences,Status update unavailable,
1c9372c0a0bf07fcd35ab45bd4221ca7dee458f5d82a12cb740da8db748f0a9f,2019-02,Lancashire Constabulary,Lancashire Constabulary,,,No Location,,,Violence and sexual offences,Status update unavailable,
d613b74ea107dd70a94d7af26919116cbde75ab76188473a57157910cf951a70,2019-02,Lancashire Constabulary,Lancashire Constabulary,,,No Location,,,Violence and sexual offences,Status update unavailable,
056f754518da4ff07d86dca6bb6df4145151668572c07f20029a83aead5bfd66,2019-02,Lancashire Constabulary,Lancashire Constabulary,,,No Location,,,Violence and sexual offences,Status update unavailable,
e88663faff4ee8424fa0c8eb13ce1b47435daaa323bb212ab0a2915fb27591c9,2019-02,Lancashire Constabulary,Lancashire Constabulary,,,No Location,,,Violence and sexual offences,Status update unavailable,
a86662cd21fc19fb0532da04dca02d7a38d90f19462d2c74ba321564bd336678,2019-02,Lancashire Constabulary,Lancashire Constabulary,,,No Location,,,Violence and sexual offences,Status update unavailable,
815f38731f4eda164753709a954d8db5eade0ad19f038d5641800f3236c712a2,2019-02,Lancashire Constabulary,Lancashire Constabulary,,,No Location,,,Violence and sexual offences,Unable to prosecute suspect,
2204cbb02563e3c42f9b5d170c45197b73b906257051d02094d23e3f0ff4f21e,2019-02,Lancashire Constabulary,Lancashire Constabulary,,,No Location,,,Violence and sexual offences,Unable to prosecute suspect,
61b212164a239ddb8498edb3973ee04bc2112ee686a8b98d2f55a7c056ee6db5,2019-02,Lancashire Constabulary,Lancashire Constabulary,,,No Location,,,Violence and sexual offences,Status update unavailable,
8a84e3015978dc5b49abf32b0a0fe347c32cdde8de2fd3e15d6ef2cde5aebdb3,2019-02,Lancashire Constabulary,Lancashire Constabulary,,,No Location,,,Violence and sexual offences,Unable to prosecute suspect,
f8e1f5f03f2fe514a8d2c63e901d258748b754ef9dedfc8ece8d596392b3f79c,2019-02,Lancashire Constabulary,Lancashire Constabulary,,,No Location,,,Violence and sexual offences,Unable to prosecute suspect,
10e34c6a17e9a8240234a6464270ea76d165dc8171c58141c6b327a2898b0a6b,2019-02,Lancashire Constabulary,Lancashire Constabulary,,,No Location,,,Violence and sexual offences,Status update unavailable,
d897c756dbbce815c459197cb968bd74a5382f445b403fba88d4c0463e6a32a1,2019-02,Lancashire Constabulary,Lancashire Constabulary,,,No Location,,,Violence and sexual offences,Further investigation is not in the public interest,
7a4cce9fdb91ef3ba5f45ee283bd9957fea700af86ad1fc16696268d23ce7a0e,2019-02,Lancashire Constabulary,Lancashire Constabulary,,,No Location,,,Violence and sexual offences,Further investigation is not in the public interest,
995698f7996ae3cbb68ff027a7a3725d57d94dd9eb812dee2aca722588491f5e,2019-02,Lancashire Constabulary,Lancashire Constabulary,,,No Location,,,Violence and sexual offences,Status update unavailable,
c6edf32ff476f85ba3501c51919946fc2bf8ac4974b5858bc5664de918199a1b,2019-02,Lancashire Constabulary,Lancashire Constabulary,,,No Location,,,Violence and sexual offences,Unable to prosecute suspect,
c7da7301e9c9ab06d8bef2f43ef8260a8c3d055dff22f956182dc9649846d536,2019-02,Lancashire Constabulary,Lancashire Constabulary,,,No Location,,,Violence and sexual offences,Status update unavailable,
670bb5718f29acbd7e91d799d94eb7aaf66819db5dd2d73f450792141e159e5a,2019-02,Lancashire Constabulary,Lancashire Constabulary,,,No Location,,,Violence and sexual offences,Status update unavailable,
226d1ea3bf0c363afd8433b3c573fa60d0a34c153b37ea740b7a711a1d72d126,2019-02,Lancashire Constabulary,Lancashire Constabulary,,,No Location,,,Violence and sexual offences,Awaiting court outcome,
2c9844199b2eed1f5bf29c4c1f2d9bdf10a57e1247514e0292ef8b219b99b4e4,2019-02,Lancashire Constabulary,Lancashire Constabulary,,,No Location,,,Violence and sexual offences,Status update unavailable,
d3f4eaf6adde883fb920f334a2c2344fa8a3f2f1258d26592b72c33b1cb858ef,2019-02,Lancashire Constabulary,Lancashire Constabulary,,,No Location,,,Violence and sexual offences,Status update unavailable,
fa2120b43a713b40964743860aae39beb191315d483b608cc7a0bca81034dda6,2019-02,Lancashire Constabulary,Lancashire Constabulary,,,No Location,,,Violence and sexual offences,Status update unavailable,
c6861ae3cdce0f80d2f3385b34b79aba8a70407d2a290f23da1149053b41ab88,2019-02,Lancashire Constabulary,Lancashire Constabulary,,,No Location,,,Violence and sexual offences,Status update unavailable,
9b6b058f83a67e44d6668726f8fd5cb3ec7713c036a8f232c02b05ca18fd9923,2019-02,Lancashire Constabulary,Lancashire Constabulary,,,No Location,,,Violence and sexual offences,Status update unavailable,
74aad6ff0e03426ae41ae4f5c28142c54cd8c3cea58c09364b723a471114f652,2019-02,Lancashire Constabulary,Lancashire Constabulary,,,No Location,,,Violence and sexual offences,Unable to prosecute suspect,
25a7eee2b8090d0e3ab908256f8e3e63b1bb654a42ac41c68088e2be6b60e15b,2019-02,Lancashire Constabulary,Lancashire Constabulary,,,No Location,,,Violence and sexual offences,Status update unavailable,
02a8dc0501a2baeb44983e14ed670af3e709da76be6676c9e10d44eb8ff3e323,2019-02,Lancashire Constabulary,Lancashire Constabulary,,,No Location,,,Violence and sexual offences,Status update unavailable,
1b56927b18d3436921a03bf8efd96aeaf805a8e376403a7cbe84ed1ba3fede21,2019-02,Lancashire Constabulary,Lancashire Constabulary,,,No Location,,,Violence and sexual offences,Unable to prosecute suspect,
72106f5ab4e8c769afa91e09d29b1fe2d9902f938ea640552b654246f04cf31c,2019-02,Lancashire Constabulary,Lancashire Constabulary,,,No Location,,,Violence and sexual offences,Status update unavailable,
e7a541845f324bbe4a475eb5004063cc893f4f20bdda26e51d531b70191734f3,2019-02,Lancashire Constabulary,Lancashire Constabulary,,,No Location,,,Violence and sexual offences,Unable to prosecute suspect,
87d7a60622968617392a06b07084e2a9151cb049ccd80b993bc633499e299b4b,2019-02,Lancashire Constabulary,Lancashire Constabulary,,,No Location,,,Violence and sexual offences,Further investigation is not in the public interest,
b61ef0cc6a29044bfc914e750c74676af7324bdbf54e0421fb46cdd53a46b720,2019-02,Lancashire Constabulary,Lancashire Constabulary,,,No Location,,,Violence and sexual offences,Status update unavailable,
02bb82bd35cb7d3f1ee4ee9435d7a56c96ea9598af20c94b17de584e3f5544f2,2019-02,Lancashire Constabulary,Lancashire Constabulary,,,No Location,,,Violence and sexual offences,Status update unavailable,
6a7df669d30ecc8736c296d88a1caf571773cf6738fd979e9cbf7e31825c991b,2019-02,Lancashire Constabulary,Lancashire Constabulary,,,No Location,,,Violence and sexual offences,Status update unavailable,
182ced3a287ec88dc8755cd0ad9e2103a96525154e209215b82edb2836c0b55f,2019-02,Lancashire Constabulary,Lancashire Constabulary,,,No Location,,,Violence and sexual offences,Further investigation is not in the public interest,
b9cbbee2cfd6b5c84fedfddc5e155e0025cefa4d7ee7d29a5e7aa1c15173c0d2,2019-02,Lancashire Constabulary,Lancashire Constabulary,,,No Location,,,Violence and sexual offences,Status update unavailable,
69a3c75e815cc2698387ec7d2e4bb38e7e6710c538606e78b0d1790842a21c0c,2019-02,Lancashire Constabulary,Lancashire Constabulary,,,No Location,,,Violence and sexual offences,Unable to prosecute suspect,
32fda896b3e5ec8cf5dfa69b733003cf2d195fc92f6bd19e7a1ecaa810edb4ae,2019-02,Lancashire Constabulary,Lancashire Constabulary,,,No Location,,,Violence and sexual offences,Status update unavailable,
dda7415dcbc4932d71d3ece5cfda1fd0932bb877336c570f9509cef93159f9bf,2019-02,Lancashire Constabulary,Lancashire Constabulary,,,No Location,,,Violence and sexual offences,Status update unavailable,
2b1f06d782460e2ba9245a9e90ceaf15fc74ee714a239ca6893f2a43d90feb08,2019-02,Lancashire Constabulary,Lancashire Constabulary,,,No Location,,,Violence and sexual offences,Status update unavailable,
e2528f68200bf995e1279d34686f5d39895748bc9434fbdc247002bdfb30b84b,2019-02,Lancashire Constabulary,Lancashire Constabulary,,,No Location,,,Violence and sexual offences,Status update unavailable,
9696b5661931871b8315bad4ff6feb7af8eacdca2d5869bc382b27213186e711,2019-02,Lancashire Constabulary,Lancashire Constabulary,,,No Location,,,Violence and sexual offences,Unable to prosecute suspect,
f7c5a20c9f595261df6c8d0fa0e74c53f2d25e358a32e9e5a5bf73e08ce253c8,2019-02,Lancashire Constabulary,Lancashire Constabulary,,,No Location,,,Violence and sexual offences,Status update unavailable,
c0bfd6fd33abd921a8d6993ebe78e94bf19a8b663d9dbac186f1163782924ad5,2019-02,Lancashire Constabulary,Lancashire Constabulary,,,No Location,,,Violence and sexual offences,Formal action is not in the public interest,
14eeb9bc1390f7d71bf312328105f9cb9dd68582954a2ef1cf626c52921294a1,2019-02,Lancashire Constabulary,Lancashire Constabulary,,,No Location,,,Violence and sexual offences,Status update unavailable,
c31d864ef77bd0b0e6f7ddfde4d16227eb54e682460b2c96349ee7e7e9ebff97,2019-02,Lancashire Constabulary,Lancashire Constabulary,,,No Location,,,Violence and sexual offences,Unable to prosecute suspect,
e9ec712f768e186fa6d466c9bb661f8c85f648ba30aed591c5723c532b49ce4c,2019-02,Lancashire Constabulary,Lancashire Constabulary,,,No Location,,,Violence and sexual offences,Further investigation is not in the public interest,
a7a61a8bb4c0d2856707e791c9d44d8914952067e2b03570d20b75f7e176a8c1,2019-02,Lancashire Constabulary,Lancashire Constabulary,,,No Location,,,Violence and sexual offences,Status update unavailable,
f86db8f60b60a7148e9d89249aa8c5b6ec09cc45fbac6a1ab015092bf1f31a99,2019-02,Lancashire Constabulary,Lancashire Constabulary,,,No Location,,,Violence and sexual offences,Unable to prosecute suspect,
28fd531c26aa2e2e6d41e8151a698efcbc640431a0a4ef59eaad6bc06ea908cb,2019-02,Lancashire Constabulary,Lancashire Constabulary,,,No Location,,,Violence and sexual offences,Status update unavailable,
0f1f4f75e18cdcf2bf0a3201f5f0f72a9a59df962e0c4f8400b7a19634c522a4,2019-02,Lancashire Constabulary,Lancashire Constabulary,,,No Location,,,Violence and sexual offences,Local resolution,
66b41dfc79d02ec74c0692336ec5b3f7b602af1fb3cf347fa028212f166fcf99,2019-02,Lancashire Constabulary,Lancashire Constabulary,,,No Location,,,Violence and sexual offences,Status update unavailable,
a6a85a2d4dabc162fd8f5a554bc655dd1a7b8fab2b811a36964449805dd8a3bf,2019-02,Lancashire Constabulary,Lancashire Constabulary,,,No Location,,,Violence and sexual offences,Status update unavailable,
d0348d297f5ba7a0783625b1fd87545f9ec1c8afdf8ffff85383918393dc9c35,2019-02,Lancashire Constabulary,Lancashire Constabulary,,,No Location,,,Violence and sexual offences,Status update unavailable,
1b022648672c39ee365bb7e10cb331272c79a77e77f17a7951fab1bee609e4a6,2019-02,Lancashire Constabulary,Lancashire Constabulary,,,No Location,,,Violence and sexual offences,Unable to prosecute suspect,
1f597f87f7c6ea16415b7a363edd2cfd7f49fe95912f39a368692d4f918a133c,2019-02,Lancashire Constabulary,Lancashire Constabulary,,,No Location,,,Violence and sexual offences,Status update unavailable,
4476f77da78952de0849de9693ae9a470adad84afad5af55135f8f23d6b26476,2019-02,Lancashire Constabulary,Lancashire Constabulary,,,No Location,,,Violence and sexual offences,Unable to prosecute suspect,
f4903c7dda1f403554a36126dbc25830661f946d7680a6514a0f7d13a09c4792,2019-02,Lancashire Constabulary,Lancashire Constabulary,,,No Location,,,Violence and sexual offences,Status update unavailable,
c305b93f8d698156b6169a569f055aa0fd63b88b0a2157bf02607f0f528b979c,2019-02,Lancashire Constabulary,Lancashire Constabulary,,,No Location,,,Violence and sexual offences,Status update unavailable,
cb3f14d15b048ea53ac281c93162f36aa4013fb3b47edeba7e13b759947027b1,2019-02,Lancashire Constabulary,Lancashire Constabulary,,,No Location,,,Violence and sexual offences,Unable to prosecute suspect,
ab56bf829e8addd95f366fb4128d7b4a56bfd2a78efa0b75bd05b01b64274a8a,2019-02,Lancashire Constabulary,Lancashire Constabulary,,,No Location,,,Violence and sexual offences,Status update unavailable,
3034195a47aa9ab8b916c28f0acc9dd8234dbd0212e1ffb8c53cfa880bd4e21b,2019-02,Lancashire Constabulary,Lancashire Constabulary,,,No Location,,,Violence and sexual offences,Status update unavailable,
64263f011c06732409059a998d89a3d95ea3763d45f790b3e434e969a2f1d4c7,2019-02,Lancashire Constabulary,Lancashire Constabulary,,,No Location,,,Violence and sexual offences,Status update unavailable,
536caa0d5556350827ee5006848630c22de6499063386c6ff013d45d451299e2,2019-02,Lancashire Constabulary,Lancashire Constabulary,,,No Location,,,Violence and sexual offences,Unable to prosecute suspect,
25a5e9fa512983db4a6d986d38a38972dd2772692bb3d4e78c241875c20e2c29,2019-02,Lancashire Constabulary,Lancashire Constabulary,,,No Location,,,Violence and sexual offences,Unable to prosecute suspect,
f137eab64451674462e85e2f97577bd1f840f95d9ff4a26358bac0ca6ee435a6,2019-02,Lancashire Constabulary,Lancashire Constabulary,,,No Location,,,Violence and sexual offences,Status update unavailable,
d5b60529274405db3afb33cfb749dce03dc581de2be2ae0c8f59800d1a8e12a9,2019-02,Lancashire Constabulary,Lancashire Constabulary,,,No Location,,,Violence and sexual offences,Awaiting court outcome,
d67f6777d12d46565071d0a89be8dc46069841e47507e1c9350f60cb6f75fe8b,2019-02,Lancashire Constabulary,Lancashire Constabulary,,,No Location,,,Violence and sexual offences,Status update unavailable,
cfd7500d6d14abf3764197a85793bd050322edd24999ab4d5dd8406c72d98ca9,2019-02,Lancashire Constabulary,Lancashire Constabulary,,,No Location,,,Violence and sexual offences,Unable to prosecute suspect,
1b77efda9f374dff777dcb701df09f03c869db8643cc2655460730e873f0abb6,2019-02,Lancashire Constabulary,Lancashire Constabulary,,,No Location,,,Violence and sexual offences,Status update unavailable,
c5ce274de7e092c791369446eb7e5aaab321187b6e3bf8619e4f1e836eedc027,2019-02,Lancashire Constabulary,Lancashire Constabulary,,,No Location,,,Violence and sexual offences,Status update unavailable,
e4979dc3f56b68f673361f151cdc155af93e5b11b67ba65a689268a7d85a34a6,2019-02,Lancashire Constabulary,Lancashire Constabulary,,,No Location,,,Violence and sexual offences,Status update unavailable,
7c88106529bace0aa0f8cea225971402452a2e3af3b40ee62fc0123593f3ded8,2019-02,Lancashire Constabulary,Lancashire Constabulary,,,No Location,,,Violence and sexual offences,Offender given community sentence,
ce294c65f38de4a943391fbc9a4caf582f7619855b346dc53d5d57ccbf2d0fcf,2019-02,Lancashire Constabulary,Lancashire Constabulary,,,No Location,,,Violence and sexual offences,Unable to prosecute suspect,
e3b2d22b4a65168e254a79d9e12fb35d65818420b35ecc03a1f684e344877c14,2019-02,Lancashire Constabulary,Lancashire Constabulary,,,No Location,,,Violence and sexual offences,Status update unavailable,
4e74dbec77a63324063a992c3f3d3166f82fcf3644ab917abed328032dd21912,2019-02,Lancashire Constabulary,Lancashire Constabulary,,,No Location,,,Violence and sexual offences,Unable to prosecute suspect,
2bc7351d78cca70cf2e3d32044cab36d163547a390b91ab4d15810a426c4c697,2019-02,Lancashire Constabulary,Lancashire Constabulary,,,No Location,,,Violence and sexual offences,Status update unavailable,
82bd07c240c5d9ff438766301a18b0dfa3705d0ed627b3aede3c355ac3219476,2019-02,Lancashire Constabulary,Lancashire Constabulary,,,No Location,,,Violence and sexual offences,Further investigation is not in the public interest,
75b9da534da90093595f7310b519cdb30ac7057f59d1b2393290acadb25ce77d,2019-02,Lancashire Constabulary,Lancashire Constabulary,,,No Location,,,Violence and sexual offences,Unable to prosecute suspect,
9342084db402acac6ee213db25bfe27d0a311747ad846e23ea5cb31c89f9bab5,2019-02,Lancashire Constabulary,Lancashire Constabulary,,,No Location,,,Violence and sexual offences,Status update unavailable,
ed67c1e5e6239ada31db2762c3a9d56e31c3a43f811cdf7d0b9d5b1307529ef2,2019-02,Lancashire Constabulary,Lancashire Constabulary,,,No Location,,,Violence and sexual offences,Status update unavailable,
294773e51d947ae9ef426ad5d8e1ea256d666e8113552e9173e2e4a6ccbd382c,2019-02,Lancashire Constabulary,Lancashire Constabulary,,,No Location,,,Violence and sexual offences,Unable to prosecute suspect,
b1aa78a46269170e488c6ff605eb00564d4026b94f3903d9815670d7bff8720b,2019-02,Lancashire Constabulary,Lancashire Constabulary,,,No Location,,,Violence and sexual offences,Unable to prosecute suspect,
42c019c76a90b53d6e3b7a04643bb9e0426f10ba5f4df2eeb65f91026ca47bf0,2019-02,Lancashire Constabulary,Lancashire Constabulary,,,No Location,,,Violence and sexual offences,Status update unavailable,
ce5ff4aa57d8423f4abd16ce99e7e82559cb03bee9ae74f55793ca5484946277,2019-02,Lancashire Constabulary,Lancashire Constabulary,,,No Location,,,Violence and sexual offences,Status update unavailable,
1c631cf35fdd4568621ccb12b659bbcc8581bc416d54bd97dd47f3526a13dcb1,2019-02,Lancashire Constabulary,Lancashire Constabulary,,,No Location,,,Violence and sexual offences,Status update unavailable,
3c2214c8172eae802954f68ab3ce7c2a0e8a985752706b5bfdae97f386d8bcf2,2019-02,Lancashire Constabulary,Lancashire Constabulary,,,No Location,,,Violence and sexual offences,Status update unavailable,
ecde3852269a9d8ee30495f5c9a5a0a46d62f51911a7eda3f49b3bffb870e778,2019-02,Lancashire Constabulary,Lancashire Constabulary,,,No Location,,,Violence and sexual offences,Status update unavailable,
b05820c3ff104936cf4935deeb1b7169f4667ec0ebed422d85bfc691452cfc39,2019-02,Lancashire Constabulary,Lancashire Constabulary,,,No Location,,,Violence and sexual offences,Status update unavailable,
104b271aa1b4eb978c625cd0979e2ca59be96c333edc4f75472495a4ed859d1d,2019-02,Lancashire Constabulary,Lancashire Constabulary,,,No Location,,,Violence and sexual offences,Status update unavailable,
137138935cbec06e8511d2c4bc4f1c2190a2c22eb3241b45873bb4b9077b33bc,2019-02,Lancashire Constabulary,Lancashire Constabulary,,,No Location,,,Violence and sexual offences,Unable to prosecute suspect,
ca9539ef9dae6cd132dcb11cb58a927576b59e6d7edff38811d7abec159d758f,2019-02,Lancashire Constabulary,Lancashire Constabulary,,,No Location,,,Violence and sexual offences,Status update unavailable,
dc6c97c45a2eabfad7d976adc4e5f07f8df55880103d5644cf4420e90e374f97,2019-02,Lancashire Constabulary,Lancashire Constabulary,,,No Location,,,Violence and sexual offences,Further investigation is not in the public interest,
05f0c3bba9a206c73a48e1344713e083f94fc486aedb4be9a1308c52bab99c76,2019-02,Lancashire Constabulary,Lancashire Constabulary,,,No Location,,,Violence and sexual offences,Status update unavailable,
76ea357d49ba5a7615578cb349c6109d56cec7edfa685acbac3141148306a2a8,2019-02,Lancashire Constabulary,Lancashire Constabulary,,,No Location,,,Violence and sexual offences,Unable to prosecute suspect,
be2ef5c78498053961b3a0c23249854a147214704db55209b94b15f575868125,2019-02,Lancashire Constabulary,Lancashire Constabulary,,,No Location,,,Violence and sexual offences,Status update unavailable,
ef878e41f72b04fc73413ec487a6ed7a6ace3c4870234fbf63832cb86dc8619a,2019-02,Lancashire Constabulary,Lancashire Constabulary,,,No Location,,,Violence and sexual offences,Unable to prosecute suspect,
f22407b467240b46f9cb983876f2ccb6f69cae89a848f995f0454f4290a207ed,2019-02,Lancashire Constabulary,Lancashire Constabulary,,,No Location,,,Violence and sexual offences,Unable to prosecute suspect,
dee658c33e90d45643b85e66cb8b211a0fb599010858f950dcd673a21900532e,2019-02,Lancashire Constabulary,Lancashire Constabulary,,,No Location,,,Violence and sexual offences,Status update unavailable,
9e4a9e75a965d40506cdfb844775e8f63f4921aa135979a9dd7e5b0987e0df70,2019-02,Lancashire Constabulary,Lancashire Constabulary,,,No Location,,,Violence and sexual offences,Status update unavailable,
fcd4bebaaeb7fc24036e6dddf335a81d71e9fe6c703f1d044afaf4dd86552460,2019-02,Lancashire Constabulary,Lancashire Constabulary,,,No Location,,,Violence and sexual offences,Status update unavailable,
0e7d1b8fbb1f3be5478e6963b50bd4c6738a1f471ed0da49a019ae6246845333,2019-02,Lancashire Constabulary,Lancashire Constabulary,,,No Location,,,Violence and sexual offences,Unable to prosecute suspect,
f872be3f49adda02108c9b21c38623b9224cc6e35c40dcd7dfa866cc81bab53a,2019-02,Lancashire Constabulary,Lancashire Constabulary,,,No Location,,,Violence and sexual offences,Status update unavailable,
b7ca32159e4fda972b2cb142145099535a63f85cfdb7171d199b0d7f4ca7d8bd,2019-02,Lancashire Constabulary,Lancashire Constabulary,,,No Location,,,Violence and sexual offences,Status update unavailable,
0938509605656b0944b880098248dc94efca795917d20d6b2736924b6b012756,2019-02,Lancashire Constabulary,Lancashire Constabulary,,,No Location,,,Violence and sexual offences,Status update unavailable,
433244d83e75ab8031615cc8033ee8f9463923f27e5d963045097728d6e7281a,2019-02,Lancashire Constabulary,Lancashire Constabulary,,,No Location,,,Violence and sexual offences,Status update unavailable,
fdf42d5397cc7e017b031212abbe99fc82908319cfeac36569bd3acf59c41dd7,2019-02,Lancashire Constabulary,Lancashire Constabulary,,,No Location,,,Violence and sexual offences,Status update unavailable,
27130339b29f1a9710ac2475f55ef0bd047db3821f5415a28ca4e642f4f4210e,2019-02,Lancashire Constabulary,Lancashire Constabulary,,,No Location,,,Violence and sexual offences,Status update unavailable,
d1f566c41831fd949b876716e5e9f11361d6394945a77d3d826d1f8ee6129294,2019-02,Lancashire Constabulary,Lancashire Constabulary,,,No Location,,,Violence and sexual offences,Status update unavailable,
ca3ead79c933022e85ef5fb8eb806d71bf13e865daf71dd315c5b98c30613303,2019-02,Lancashire Constabulary,Lancashire Constabulary,,,No Location,,,Violence and sexual offences,Status update unavailable,
aef7632c7f46c865db39b21048f69dcaf7989c63bb2cce8df2dd0d02132d9e07,2019-02,Lancashire Constabulary,Lancashire Constabulary,,,No Location,,,Violence and sexual offences,Offender given a caution,
85864c96c7ea7d1ed3c5f7fa6ec75d9c3e1c921322a12bd406ecb6b3f8d79a11,2019-02,Lancashire Constabulary,Lancashire Constabulary,,,No Location,,,Violence and sexual offences,Status update unavailable,
02eb9592b45368674b06e27ac426ddf9fcef4315e7850fef41bfa6c91f1bf461,2019-02,Lancashire Constabulary,Lancashire Constabulary,,,No Location,,,Violence and sexual offences,Offender given a caution,
460dda499882a5a71405e01c655297ed2750dab6452e24765b92db44b3dc8bd5,2019-02,Lancashire Constabulary,Lancashire Constabulary,,,No Location,,,Violence and sexual offences,Formal action is not in the public interest,
5664f43d5fa816be3e7f75c8ac048e6116f3794b7831c2b04492c42a682693cc,2019-02,Lancashire Constabulary,Lancashire Constabulary,,,No Location,,,Violence and sexual offences,Status update unavailable,
f2f020876ec26fd921b2ddf9ee5198fd4bb1a8e6a6804a064fdb3bf7ece1ac4e,2019-02,Lancashire Constabulary,Lancashire Constabulary,,,No Location,,,Violence and sexual offences,Unable to prosecute suspect,
0c08760047d1a1e3fef34b85aee787b7ae00726f8e07ced1a07e3d758d5f56a0,2019-02,Lancashire Constabulary,Lancashire Constabulary,,,No Location,,,Violence and sexual offences,Status update unavailable,
aacf15f8f1732b8849bbc29cdd39efc55140b60673a5a984d7f67145b95a5611,2019-02,Lancashire Constabulary,Lancashire Constabulary,,,No Location,,,Violence and sexual offences,Unable to prosecute suspect,
a2cff68503d2ac0ed3930ccbc41e0a2b7259b6dae5008036ed2f0addc3b0416e,2019-02,Lancashire Constabulary,Lancashire Constabulary,,,No Location,,,Violence and sexual offences,Status update unavailable,
60e9266b1a72dec7e441d529517e17cfd871e49853e1a05aedb3bab67ab9814e,2019-02,Lancashire Constabulary,Lancashire Constabulary,,,No Location,,,Violence and sexual offences,Status update unavailable,
d291e0640852c8f3e0bf0f31c13878c1a9af548444004e34948ef376122cbea6,2019-02,Lancashire Constabulary,Lancashire Constabulary,,,No Location,,,Violence and sexual offences,Further investigation is not in the public interest,
e99a3d94acc3ce9edb7e74bc2128a1c9714fb982a78bf307da7ec8511a96fa19,2019-02,Lancashire Constabulary,Lancashire Constabulary,,,No Location,,,Violence and sexual offences,Further investigation is not in the public interest,
89fa1ea3f9ae36bd143e02ffece48d0f105aa52b99cebc57f584616a6979dcb6,2019-02,Lancashire Constabulary,Lancashire Constabulary,,,No Location,,,Violence and sexual offences,Unable to prosecute suspect,
7a5735fdf4d45f51d376741569edb91173d31c0f6867c522bde968517d7df203,2019-02,Lancashire Constabulary,Lancashire Constabulary,,,No Location,,,Violence and sexual offences,Status update unavailable,
b6f17a14db330de30e78f23d22d000a5cc58460e6e0058406e00fc7a674dadf1,2019-02,Lancashire Constabulary,Lancashire Constabulary,,,No Location,,,Violence and sexual offences,Status update unavailable,
b03cb6f923d9534c55971301c09a4b99d8ff3fbaff9c01c2ac2ad4931adbe71e,2019-02,Lancashire Constabulary,Lancashire Constabulary,,,No Location,,,Violence and sexual offences,Status update unavailable,
e2e6bda9a464be02224442dca1ef4688f255aaf64c52b1dc410d67286d042378,2019-02,Lancashire Constabulary,Lancashire Constabulary,,,No Location,,,Violence and sexual offences,Unable to prosecute suspect,
d0713266cb625112528ec014c85c944f63f129eb66aee4693f4f3925c15cb435,2019-02,Lancashire Constabulary,Lancashire Constabulary,,,No Location,,,Violence and sexual offences,Awaiting court outcome,
ca4b995bfe38b06758751ac259a6d3ecae4a5689bfd5e8d6da428c22ddb682aa,2019-02,Lancashire Constabulary,Lancashire Constabulary,,,No Location,,,Violence and sexual offences,Status update unavailable,
a00348cb031f575b16d2ff5931481a7962072a082a15c63b63fc2c64a76cb3a2,2019-02,Lancashire Constabulary,Lancashire Constabulary,,,No Location,,,Violence and sexual offences,Awaiting court outcome,
0c69858d0a04e8ca10af830e4549daeeafb53870147a1cd7ace64ab3883e16fd,2019-02,Lancashire Constabulary,Lancashire Constabulary,,,No Location,,,Violence and sexual offences,Unable to prosecute suspect,
29e9e7ac4dbaf94ab7225cd0408d079403246b1d13593b29ccd2b2c413120625,2019-02,Lancashire Constabulary,Lancashire Constabulary,,,No Location,,,Violence and sexual offences,Unable to prosecute suspect,
281b492b67ea4f072077180523134c0064cf9b98b93420412dd32069e5b9c9e6,2019-02,Lancashire Constabulary,Lancashire Constabulary,,,No Location,,,Violence and sexual offences,Status update unavailable,
7ad787c7f8718a233c80d7f1ad2337414317032738ffb712382644a8c3c5ab5f,2019-02,Lancashire Constabulary,Lancashire Constabulary,,,No Location,,,Violence and sexual offences,Unable to prosecute suspect,
83ea6137553eb3acf8b850dc1ff8b9db571fec118eeece11a538cc79094be317,2019-02,Lancashire Constabulary,Lancashire Constabulary,,,No Location,,,Violence and sexual offences,Status update unavailable,
4333583e6c5ece1b8b1e3becb721ce9c71740d5aa8cd2ea52b61a582052ba880,2019-02,Lancashire Constabulary,Lancashire Constabulary,,,No Location,,,Violence and sexual offences,Status update unavailable,
1fe3b589302f7074dd397ee8bc55bd73a757c9adb3d39b7828238b8e3d2ce090,2019-02,Lancashire Constabulary,Lancashire Constabulary,,,No Location,,,Violence and sexual offences,Status update unavailable,
00e8c93a5e4cf02fa0b1d8e280cb4da5db0181dd3525a5e6c082b7a5f609c99c,2019-02,Lancashire Constabulary,Lancashire Constabulary,,,No Location,,,Violence and sexual offences,Status update unavailable,
55f57f8679ce2d8a05e049c4e0b4771b28176b0d89a11bc74173d47851e10cd3,2019-02,Lancashire Constabulary,Lancashire Constabulary,,,No Location,,,Violence and sexual offences,Status update unavailable,
273bcac7dcde216995252db387f6861607b235c214fde6f38588e7f901a8c99a,2019-02,Lancashire Constabulary,Lancashire Constabulary,,,No Location,,,Violence and sexual offences,Status update unavailable,
a3f37b44f0cf7f5ec6a296c0ba3abcfa45ae383e60df1c158c572ed86297c02a,2019-02,Lancashire Constabulary,Lancashire Constabulary,,,No Location,,,Violence and sexual offences,Status update unavailable,
17ba11c985d468368d3fe44a298865ebc798fcde97496c2290b73e1aea4e2322,2019-02,Lancashire Constabulary,Lancashire Constabulary,,,No Location,,,Violence and sexual offences,Status update unavailable,
14a5e5e135252a68defa3ff19da4a59606369fccac89090b2a7a86181e9c0fd1,2019-02,Lancashire Constabulary,Lancashire Constabulary,,,No Location,,,Violence and sexual offences,Action to be taken by another organisation,
0d6dcccc18c56c969d63d23c28a7476a692cf45b7c6043f48848b5a67199e02f,2019-02,Lancashire Constabulary,Lancashire Constabulary,,,No Location,,,Violence and sexual offences,Status update unavailable,
b135a233efc6ba9215094cf6b88f60a5d2e386c71c9d0e012bcfb4db7c391b61,2019-02,Lancashire Constabulary,Lancashire Constabulary,,,No Location,,,Violence and sexual offences,Status update unavailable,
75e6d38c9a98e5a10430d542353d39b5d511445bda5604795f2b4aa587464af6,2019-02,Lancashire Constabulary,Lancashire Constabulary,,,No Location,,,Violence and sexual offences,Status update unavailable,
80dd3a4d32e6acb658ff6703103a4ed79ae804f81fe8fe3f5ad129ab767bd034,2019-02,Lancashire Constabulary,Lancashire Constabulary,,,No Location,,,Violence and sexual offences,Status update unavailable,
d89d478b6ce1e464d16447295b6fa46ac0811a601edc77f5d287ba84bf9ab841,2019-02,Lancashire Constabulary,Lancashire Constabulary,,,No Location,,,Violence and sexual offences,Status update unavailable,
dce107afe66885e8aa5b54478f68dbc0189c819624c7591c3593c1f49b1e2ac4,2019-02,Lancashire Constabulary,Lancashire Constabulary,,,No Location,,,Violence and sexual offences,Action to be taken by another organisation,
0049cd3f378aa0475aa7852467e943dd4fbc6b9fe9c0e4892f5b1ce2d15aa81d,2019-02,Lancashire Constabulary,Lancashire Constabulary,,,No Location,,,Violence and sexual offences,Status update unavailable,
a20083ff90c804973dea01061b714f9d05e4af77fa297983d73ec03debd6dbbc,2019-02,Lancashire Constabulary,Lancashire Constabulary,,,No Location,,,Violence and sexual offences,Status update unavailable,
760e9ea3fc12fa00d18b75210e9ac9bf94fb7dec2a4fcd05713acaca8ee10f51,2019-02,Lancashire Constabulary,Lancashire Constabulary,,,No Location,,,Violence and sexual offences,Status update unavailable,
345e9dd6a187cfd128da5a930c6996c6237de10dc926e429c5bd5e2ae219cf35,2019-02,Lancashire Constabulary,Lancashire Constabulary,,,No Location,,,Violence and sexual offences,Status update unavailable,
3d2927875e07d3d40319236bb771c63ea96c5582a25f6cea87a42382f230cd88,2019-02,Lancashire Constabulary,Lancashire Constabulary,,,No Location,,,Violence and sexual offences,Status update unavailable,
eb4a24b83927e775f59af01d887e69c0993c09d45b3e1a600dd8a62f45f3c970,2019-02,Lancashire Constabulary,Lancashire Constabulary,,,No Location,,,Violence and sexual offences,Status update unavailable,
cf6657aaab91f763d6feedd92a3f4e7a72c3fd6d0fd273a54e5361117d4eb2bb,2019-02,Lancashire Constabulary,Lancashire Constabulary,,,No Location,,,Violence and sexual offences,Awaiting court outcome,
f731b5ea87b958f2a5025d7c463db6e45000c7c7665ca8b913c9989deed71610,2019-02,Lancashire Constabulary,Lancashire Constabulary,,,No Location,,,Violence and sexual offences,Status update unavailable,
9248428c0fa7b9d6eb4e9547032d52812cd80b0e2481ec6f783dbdaa532e62cf,2019-02,Lancashire Constabulary,Lancashire Constabulary,,,No Location,,,Violence and sexual offences,Further investigation is not in the public interest,
e244e5ae599ceb18cf23369f02b28b393b04a2ea2fd46c7770bb5daba65ab651,2019-02,Lancashire Constabulary,Lancashire Constabulary,,,No Location,,,Violence and sexual offences,Unable to prosecute suspect,
137a4d8926869ee231fa000655b8c9a9e6a6e8fd1cc44c87bc5208af0c967370,2019-02,Lancashire Constabulary,Lancashire Constabulary,,,No Location,,,Violence and sexual offences,Local resolution,
d4a7d05f0b321e6f91d1c4547b75141c902ac123e5e0b7163f31b8a6d36556ab,2019-02,Lancashire Constabulary,Lancashire Constabulary,,,No Location,,,Violence and sexual offences,Status update unavailable,
2bc2f5103a825d7d6f0646e8f7153ea5858d41de5c10a9192bde8b54b033c562,2019-02,Lancashire Constabulary,Lancashire Constabulary,,,No Location,,,Violence and sexual offences,Status update unavailable,
9706e1a62467091bc08fcc5b477af6f6202c78a40553a4949e3e85c096445d60,2019-02,Lancashire Constabulary,Lancashire Constabulary,,,No Location,,,Violence and sexual offences,Status update unavailable,
0b0628c7861f11f1e41081baa29764386c10d1bce53c24e386d63b23ec7fc1ac,2019-02,Lancashire Constabulary,Lancashire Constabulary,,,No Location,,,Violence and sexual offences,Unable to prosecute suspect,
57074435028581b2673156d9c4742cd8ccde0e78416b16a185f28b6c9fc8f93c,2019-02,Lancashire Constabulary,Lancashire Constabulary,,,No Location,,,Violence and sexual offences,Unable to prosecute suspect,
7c38a42cd26f1e7c92c933e9a81389b95e7d879124a06e5d20fe96e54cf63e76,2019-02,Lancashire Constabulary,Lancashire Constabulary,,,No Location,,,Violence and sexual offences,Status update unavailable,
8cf95312250e315d584463583f292770cd17a20cd27498980c66736942688597,2019-02,Lancashire Constabulary,Lancashire Constabulary,,,No Location,,,Violence and sexual offences,Status update unavailable,
2ac19220882960346dcafcb95cffc52cce90a0ab5df19d3bb8600a0a21f210a2,2019-02,Lancashire Constabulary,Lancashire Constabulary,,,No Location,,,Violence and sexual offences,Unable to prosecute suspect,
8651ea4b2fa546bd813dda9bc2b02e1681fab0402b4097eabea0ab86c4ae3810,2019-02,Lancashire Constabulary,Lancashire Constabulary,,,No Location,,,Violence and sexual offences,Status update unavailable,
328ca3d14aa1c141f3a6a383877054d298a8395af25e6eda5276d34fcbb1fead,2019-02,Lancashire Constabulary,Lancashire Constabulary,,,No Location,,,Violence and sexual offences,Status update unavailable,
ed867dddb484b46191ac7766a4e374e68f656aea4762a9a346c34bba2819e620,2019-02,Lancashire Constabulary,Lancashire Constabulary,,,No Location,,,Violence and sexual offences,Status update unavailable,
8a178e08bc8642b9bb92713d09fe4d4ab690fbfce6e1467629c4876b25be6d24,2019-02,Lancashire Constabulary,Lancashire Constabulary,,,No Location,,,Violence and sexual offences,Status update unavailable,
7f07b2b2066220359a5e4384bb33bc4b09de238b9460edc2f9116b2fc00957f5,2019-02,Lancashire Constabulary,Lancashire Constabulary,,,No Location,,,Violence and sexual offences,Status update unavailable,
b1d956ead0d683c85e2f99a55861fef6bb89aee52768951875c49da68583ed1b,2019-02,Lancashire Constabulary,Lancashire Constabulary,,,No Location,,,Violence and sexual offences,Status update unavailable,
2bce1c46221217640e23b5f8408ff7b38a91a9beee53f42c7cc94f661ee074c5,2019-02,Lancashire Constabulary,Lancashire Constabulary,,,No Location,,,Violence and sexual offences,Status update unavailable,
18154dfcbcf2bd702a5812fc412909492de073e0574d5e2791881f0747f5718b,2019-02,Lancashire Constabulary,Lancashire Constabulary,,,No Location,,,Violence and sexual offences,Status update unavailable,
c0edb6299fabf82910f95bb87213286b63188e83febc8bd2cf146a1e9bef0088,2019-02,Lancashire Constabulary,Lancashire Constabulary,,,No Location,,,Violence and sexual offences,Unable to prosecute suspect,
1f9581379c9e72b2d3067db8fb4b6589f38d59675146593f30d6be085f80e766,2019-02,Lancashire Constabulary,Lancashire Constabulary,,,No Location,,,Violence and sexual offences,Status update unavailable,
33af1c4f313fb6ef4d5712d73c07619bc3f6c0a37c5fc60a3fafd5c566c587f5,2019-02,Lancashire Constabulary,Lancashire Constabulary,,,No Location,,,Violence and sexual offences,Status update unavailable,
86fa6d3e6097eff8c0d5c74c61aef51b8b4604d88c20affd94c7632688aeb861,2019-02,Lancashire Constabulary,Lancashire Constabulary,,,No Location,,,Violence and sexual offences,Status update unavailable,
8881efb96e9d57ac71775fecc5f90c6c2f861935eb1746089406308843a6e5e9,2019-02,Lancashire Constabulary,Lancashire Constabulary,,,No Location,,,Violence and sexual offences,Unable to prosecute suspect,
841914ae2dfe87cb85889687a9d94acb54b9f93aeff7c9ce4bae8549cd659685,2019-02,Lancashire Constabulary,Lancashire Constabulary,,,No Location,,,Violence and sexual offences,Status update unavailable,
0f0724aff8532f51f267062911143db1c5c0b069f6795a277731aa4d2eb78a3d,2019-02,Lancashire Constabulary,Lancashire Constabulary,,,No Location,,,Violence and sexual offences,Unable to prosecute suspect,
4c72d775e5d3c37ddcdca0c1b106dd6b561ffef02602b97a2b3fc5a369a6d4ad,2019-02,Lancashire Constabulary,Lancashire Constabulary,,,No Location,,,Violence and sexual offences,Status update unavailable,
76cd5440aabfd1a44d9d6dadc98551af69d73e30f11c4f906136705658e8a1cd,2019-02,Lancashire Constabulary,Lancashire Constabulary,,,No Location,,,Violence and sexual offences,Unable to prosecute suspect,
d9704d6400d123386b9f4a17f4561a5ba0c73c19dd10472e0d5aa943d6a4263e,2019-02,Lancashire Constabulary,Lancashire Constabulary,,,No Location,,,Violence and sexual offences,Status update unavailable,
3dba70256f8d2e32e030762ca4e640ada7e23dcc32c1fb2e71fdd3ba23126ed8,2019-02,Lancashire Constabulary,Lancashire Constabulary,,,No Location,,,Violence and sexual offences,Status update unavailable,
01773fb51c2fd180b1eeb5b9f402f0344cdb59a7d9240a75e419ed06f7d86fd8,2019-02,Lancashire Constabulary,Lancashire Constabulary,,,No Location,,,Violence and sexual offences,Status update unavailable,
2c83c5ba101f222704b02f783d9e014545d3e4425347f84ab792b0b377d0deb1,2019-02,Lancashire Constabulary,Lancashire Constabulary,,,No Location,,,Violence and sexual offences,Status update unavailable,
97354c4160d79cc3ee1144e86546b8eaa7aac405e71de7ed5864aa8c395947c5,2019-02,Lancashire Constabulary,Lancashire Constabulary,,,No Location,,,Violence and sexual offences,Status update unavailable,
73db8ab745c1deebc6d3fb71e742023e3c53a4f58ac65897d1e7722c11143497,2019-02,Lancashire Constabulary,Lancashire Constabulary,,,No Location,,,Violence and sexual offences,Status update unavailable,
d31d52dc407b295b411a6bf84ba277f0070a4a3ba4149fa6ef6368e95c627cce,2019-02,Lancashire Constabulary,Lancashire Constabulary,,,No Location,,,Violence and sexual offences,Unable to prosecute suspect,
58a79464ee08f70f6d5fb5513162cfacf931069367d5d1e5ed77e8e6a1ae1aac,2019-02,Lancashire Constabulary,Lancashire Constabulary,,,No Location,,,Violence and sexual offences,Status update unavailable,
28ad440bd8632d0de967441e23ac42d186e055e05df0a0b275c9b96ba1080954,2019-02,Lancashire Constabulary,Lancashire Constabulary,,,No Location,,,Violence and sexual offences,Status update unavailable,
4803246a046ff57ce7528bb5b1361b7c6ea5b87e536200098fa1ecc9e1508893,2019-02,Lancashire Constabulary,Lancashire Constabulary,,,No Location,,,Violence and sexual offences,Formal action is not in the public interest,
d549686a9301c90388ee574611d2b36bbfb02dbbdca8fadd1965d66833490bb1,2019-02,Lancashire Constabulary,Lancashire Constabulary,,,No Location,,,Violence and sexual offences,Unable to prosecute suspect,
05c8cddf38e3a12ba28c61cf62586d5e6a22dad3c1c6a22a9a5625a8ef305bc5,2019-02,Lancashire Constabulary,Lancashire Constabulary,,,No Location,,,Violence and sexual offences,Status update unavailable,
b4125420624ae977a597991fb2925bd2669136b78d8e93c6f6e3d2a5aec0f596,2019-02,Lancashire Constabulary,Lancashire Constabulary,,,No Location,,,Violence and sexual offences,Status update unavailable,
1914920be20a870ee5339d170714749c17aa532ed58d477525eca5468acba167,2019-02,Lancashire Constabulary,Lancashire Constabulary,,,No Location,,,Violence and sexual offences,Local resolution,
a9989c738e3014753e26c7151e8ad62493e7776d0c7e09f53ad30b3d80a5a456,2019-02,Lancashire Constabulary,Lancashire Constabulary,,,No Location,,,Violence and sexual offences,Status update unavailable,
d6560255e1a35c37dc25e8e55911cd7530b1e346ca5d6c15170748599b4a2804,2019-02,Lancashire Constabulary,Lancashire Constabulary,,,No Location,,,Violence and sexual offences,Status update unavailable,
a3672981f228bb6d0217a37c36ee6a798069ef1243711a833da46cca22ae73a3,2019-02,Lancashire Constabulary,Lancashire Constabulary,,,No Location,,,Violence and sexual offences,Status update unavailable,
915e18e473ff5d6708fa27bc49e54322ca99b4a1ebcfecf598b4e03dbc62ddac,2019-02,Lancashire Constabulary,Lancashire Constabulary,,,No Location,,,Violence and sexual offences,Further investigation is not in the public interest,
ea9fe6b7fb448da4fd05b659eb20b92a12b5957817e2d2b5bea708d59cf2f556,2019-02,Lancashire Constabulary,Lancashire Constabulary,,,No Location,,,Violence and sexual offences,Status update unavailable,
6ecf7b1f2ee644eb71bf86122ac49c8f0adeed2fd080eddb80b013e6a4618ef7,2019-02,Lancashire Constabulary,Lancashire Constabulary,,,No Location,,,Violence and sexual offences,Status update unavailable,
7d039e9a25a2bccb4f09fda99a74cd88e6d1252f0372859e91489b517743d952,2019-02,Lancashire Constabulary,Lancashire Constabulary,,,No Location,,,Violence and sexual offences,Status update unavailable,
cbbc1528ddc634407b58a3eaca02adfc9d65b8288b5577297de64c1f35ada2ed,2019-02,Lancashire Constabulary,Lancashire Constabulary,,,No Location,,,Violence and sexual offences,Unable to prosecute suspect,
b26bd7cf04d2ffd1156f823e4636efb6733841e6ce445b946bf7273b55df3f95,2019-02,Lancashire Constabulary,Lancashire Constabulary,,,No Location,,,Violence and sexual offences,Status update unavailable,
8c497e8fe6702855126ab59d589c5cb4cf973a39ff03feb615390a26801f8899,2019-02,Lancashire Constabulary,Lancashire Constabulary,,,No Location,,,Violence and sexual offences,Status update unavailable,
48b1a142c10ba62372ea6a7c346139f8b9d1fd918fd2c8a3f914c4a09edb6f99,2019-02,Lancashire Constabulary,Lancashire Constabulary,,,No Location,,,Violence and sexual offences,Status update unavailable,
b4e1a4c29742be4b5d501f8687f78cd53c8061d3f1e537e1e54d0178a4af7cab,2019-02,Lancashire Constabulary,Lancashire Constabulary,,,No Location,,,Violence and sexual offences,Status update unavailable,
ca6b10e23b9d17b41bef9472d5358be7cbbcc5775aa23dd0dde17e3a85fefd22,2019-02,Lancashire Constabulary,Lancashire Constabulary,,,No Location,,,Violence and sexual offences,Further investigation is not in the public interest,
5b61d3bb61105222945318656d5e92a7b72c5825a0a66dbd00c4c657d9a5ce52,2019-02,Lancashire Constabulary,Lancashire Constabulary,,,No Location,,,Violence and sexual offences,Status update unavailable,
e07e53c6f866f356b5fe92af9df11d55b352102b9d37a550fa81dbbe26907d4b,2019-02,Lancashire Constabulary,Lancashire Constabulary,,,No Location,,,Violence and sexual offences,Status update unavailable,
1b1885deaefef6c2806c69afcf181bd2d3558d7dd58d50efe18fd5d0a0f8e70d,2019-02,Lancashire Constabulary,Lancashire Constabulary,,,No Location,,,Violence and sexual offences,Status update unavailable,
9ff7356ab2b0243afc3e8db31ed737d071eefd58bc3f81ab29b69c679573a046,2019-02,Lancashire Constabulary,Lancashire Constabulary,,,No Location,,,Violence and sexual offences,Status update unavailable,
43b18b55bfe81caa53b26214b1890599e53dab26510d4b3fccccd02e7be2c19b,2019-02,Lancashire Constabulary,Lancashire Constabulary,,,No Location,,,Violence and sexual offences,Status update unavailable,
6ae5ce45dd430ad0602ac09b3067a6072cdfb0743a48dd95702472ad6f43aa7b,2019-02,Lancashire Constabulary,Lancashire Constabulary,,,No Location,,,Violence and sexual offences,Status update unavailable,
c0cc2b31074a205b38a13144e26811621709dde63907b24af835957cf74ee604,2019-02,Lancashire Constabulary,Lancashire Constabulary,,,No Location,,,Violence and sexual offences,Further investigation is not in the public interest,
c26183baf3fa70503fa3925735ad644cac46518715f961fba286c9ac6d0f4abd,2019-02,Lancashire Constabulary,Lancashire Constabulary,,,No Location,,,Violence and sexual offences,Unable to prosecute suspect,
609e5863853125e98a761218c613436306bd160dac62475e2d26424acc6f2be5,2019-02,Lancashire Constabulary,Lancashire Constabulary,,,No Location,,,Violence and sexual offences,Unable to prosecute suspect,
a494232d0d8fb22eb077260fd367c6b4c8374a4d4875da0920d53e8074330317,2019-02,Lancashire Constabulary,Lancashire Constabulary,,,No Location,,,Violence and sexual offences,Status update unavailable,
d7faec8ff67c4da8bd77b0167c3a88c072d0cf018445fb38301347f874800789,2019-02,Lancashire Constabulary,Lancashire Constabulary,,,No Location,,,Violence and sexual offences,Status update unavailable,
275378e86c57763f96a57d5610e4ab659502e361f00c52057caf6ea88798549d,2019-02,Lancashire Constabulary,Lancashire Constabulary,,,No Location,,,Violence and sexual offences,Status update unavailable,
2d075e789a3da954d47097e5e61594e1effb8f53a765a7561303433789cf00ef,2019-02,Lancashire Constabulary,Lancashire Constabulary,,,No Location,,,Violence and sexual offences,Unable to prosecute suspect,
958b54c08135ebcef6b237fa52a482768d24060d39687541be73cf705a68f429,2019-02,Lancashire Constabulary,Lancashire Constabulary,,,No Location,,,Violence and sexual offences,Status update unavailable,
ec88cf2e8ef6a41171fb069b3821560a5493b295a8712251f5816a713f977d1f,2019-02,Lancashire Constabulary,Lancashire Constabulary,,,No Location,,,Violence and sexual offences,Status update unavailable,
bf7406fb4c19a8320353ad944ede4748e35090f60b72045c3d9fac336fa8db16,2019-02,Lancashire Constabulary,Lancashire Constabulary,,,No Location,,,Violence and sexual offences,Further investigation is not in the public interest,
e58ad76f5e9c22e9cea6da6e5d91b6809698a56f66e63d099b5f52e6c9a9f6ee,2019-02,Lancashire Constabulary,Lancashire Constabulary,,,No Location,,,Violence and sexual offences,Status update unavailable,
fedf087b98972ff51e83245fb30df8a57c65e8dbff8b443bad4f3b8d80cadd6d,2019-02,Lancashire Constabulary,Lancashire Constabulary,,,No Location,,,Violence and sexual offences,Further investigation is not in the public interest,
496a02af205ff6c4663b19d1603889aaf7a6fad1bf7635c5da9bb7e4528af7fb,2019-02,Lancashire Constabulary,Lancashire Constabulary,,,No Location,,,Violence and sexual offences,Status update unavailable,
3d05e6136b54f1c3d902f5f1436af9b63cde1b218935343d9a8ecdc6fab72a94,2019-02,Lancashire Constabulary,Lancashire Constabulary,,,No Location,,,Violence and sexual offences,Unable to prosecute suspect,
02aa76d81f4e245453bfb258da329137e683fddec326227949cbff22ff1f8563,2019-02,Lancashire Constabulary,Lancashire Constabulary,,,No Location,,,Violence and sexual offences,Unable to prosecute suspect,
86c5f41fe5f2b6302ef1d954930f65599dd7732367d0657620a4675faf52bbd3,2019-02,Lancashire Constabulary,Lancashire Constabulary,,,No Location,,,Violence and sexual offences,Status update unavailable,
1d7c9970f60a673b9cbfb5497966cc70e871a416ca1e10300e3626cc107693b1,2019-02,Lancashire Constabulary,Lancashire Constabulary,,,No Location,,,Violence and sexual offences,Status update unavailable,
de0065f4c7e798ae9d6c026f3a530e1b3b33cc53d4ff932aebc3f37a822e8c43,2019-02,Lancashire Constabulary,Lancashire Constabulary,,,No Location,,,Violence and sexual offences,Unable to prosecute suspect,
d14933c9c7397682a90b1909a12891a59077d9de2aa33045089398ddd070089c,2019-02,Lancashire Constabulary,Lancashire Constabulary,,,No Location,,,Violence and sexual offences,Status update unavailable,
2efbc124b1f96bf952e41d36893d5864bd268e72fc0764666d09d8b35c5f86a8,2019-02,Lancashire Constabulary,Lancashire Constabulary,,,No Location,,,Violence and sexual offences,Unable to prosecute suspect,
3941e568068a0d78e7fb783ba388195c0a6da4442661c6a6e8a610c6840b02f0,2019-02,Lancashire Constabulary,Lancashire Constabulary,,,No Location,,,Violence and sexual offences,Unable to prosecute suspect,
d69f442a7b6b3eaf8568b7e9e5c2091e1560d412d26b44fcf410c0020aedbf90,2019-02,Lancashire Constabulary,Lancashire Constabulary,,,No Location,,,Violence and sexual offences,Status update unavailable,
d5ce4d6caeca616249775a37bf781711ed72f4997f72449efab946b16ba115c6,2019-02,Lancashire Constabulary,Lancashire Constabulary,,,No Location,,,Violence and sexual offences,Unable to prosecute suspect,
faeea4db2787401c8bd06a35d46d4f0b44ab9019ca23b39c7aa75039e3f20383,2019-02,Lancashire Constabulary,Lancashire Constabulary,,,No Location,,,Violence and sexual offences,Status update unavailable,
93b6b923c39f3cfdd0018f9738346be0d7487b61d332285ca010ab14339f9ca9,2019-02,Lancashire Constabulary,Lancashire Constabulary,,,No Location,,,Violence and sexual offences,Status update unavailable,
448b8246e924d93a1797b6a451deaf0427463fb8ad4d6286dfb0a711e517fff9,2019-02,Lancashire Constabulary,Lancashire Constabulary,,,No Location,,,Violence and sexual offences,Status update unavailable,
1ade9b1e4ab6393a6c96843d3249a79fd3dcb552a3c06c7b0f22477361074959,2019-02,Lancashire Constabulary,Lancashire Constabulary,,,No Location,,,Violence and sexual offences,Unable to prosecute suspect,
df0a76ae9e6438b47ac7e0fd1779cf5cafe52113b14247d840ab4011a45352df,2019-02,Lancashire Constabulary,Lancashire Constabulary,,,No Location,,,Violence and sexual offences,Unable to prosecute suspect,
fb47bf78f723b32e450c1a039e89c745706391c128179bbc6e43e82d7138b8bb,2019-02,Lancashire Constabulary,Lancashire Constabulary,,,No Location,,,Violence and sexual offences,Unable to prosecute suspect,
d7b85040da98a0f146c54f063a65ef0f5778feb93a4d121fe0d1d14e10ccfb21,2019-02,Lancashire Constabulary,Lancashire Constabulary,,,No Location,,,Violence and sexual offences,Awaiting court outcome,
ff7abc32bf86d3e5eab04dda2c23693f8b1496db300842ef3b14efed81417fcf,2019-02,Lancashire Constabulary,Lancashire Constabulary,,,No Location,,,Violence and sexual offences,Unable to prosecute suspect,
b690c0fe9ecf2c855f5016795f3a4e8687d527059ac917e7905e298688fc0821,2019-02,Lancashire Constabulary,Lancashire Constabulary,,,No Location,,,Violence and sexual offences,Status update unavailable,
a1d47b78c69c8c010bdcdcacd81f9c07421b61cd0b34422f5ce1171673cedd57,2019-02,Lancashire Constabulary,Lancashire Constabulary,,,No Location,,,Violence and sexual offences,Unable to prosecute suspect,
d0e3abd3499914e7888956b7ea990055d974f1b8b31a3a983e929170b4acccbc,2019-02,Lancashire Constabulary,Lancashire Constabulary,,,No Location,,,Violence and sexual offences,Status update unavailable,
4b5187c9cf56b162f36c67cf4954157c6ab76f001b4a805df01f288998e667b0,2019-02,Lancashire Constabulary,Lancashire Constabulary,,,No Location,,,Violence and sexual offences,Further investigation is not in the public interest,
8cbd582f7a5ee9eb3daeb10eeaf334080607467533d93aef7103fb43ff4bea6b,2019-02,Lancashire Constabulary,Lancashire Constabulary,,,No Location,,,Violence and sexual offences,Status update unavailable,
03fdc80885f1ad08313699658dca694540516d38655ec1c89d46b288f1967ca3,2019-02,Lancashire Constabulary,Lancashire Constabulary,,,No Location,,,Violence and sexual offences,Status update unavailable,
40a170444fc168a36b3839c08b0a88acbe8a8d35b4308fdc86999eb19dd89db1,2019-02,Lancashire Constabulary,Lancashire Constabulary,,,No Location,,,Violence and sexual offences,Unable to prosecute suspect,
55f30668cc045d14c8132237c135baeaec894013b6b3be376e53eb5028920578,2019-02,Lancashire Constabulary,Lancashire Constabulary,,,No Location,,,Violence and sexual offences,Status update unavailable,
f04015b6e0ed83c34a65bf745d3c41bf9797d3fd6bf8a480484b04dcc8bc3f02,2019-02,Lancashire Constabulary,Lancashire Constabulary,,,No Location,,,Violence and sexual offences,Status update unavailable,
d038b0cd2da2993adaf93c54cc5a201af8c2c6eb79e3e3f497343ff4bf6bb5ce,2019-02,Lancashire Constabulary,Lancashire Constabulary,,,No Location,,,Violence and sexual offences,Status update unavailable,
7b9d5f9d4cab17fd20355c71f554c7bf9b48751b71e68816e3ea73796643eb89,2019-02,Lancashire Constabulary,Lancashire Constabulary,,,No Location,,,Violence and sexual offences,Status update unavailable,
ed1a854746120cc9ea5c4d62ea63484cc09a1a56c89660772de954b1841aa9fb,2019-02,Lancashire Constabulary,Lancashire Constabulary,,,No Location,,,Violence and sexual offences,Unable to prosecute suspect,
8ec28d65c8ca7e055cefe259d2008dd975b3592dea15c59f2b55f30338305a24,2019-02,Lancashire Constabulary,Lancashire Constabulary,,,No Location,,,Violence and sexual offences,Further investigation is not in the public interest,
40621dc597839871e6460a7ecc33a9d389a0a37a1f4ba6c39de707ce1cc434a4,2019-02,Lancashire Constabulary,Lancashire Constabulary,,,No Location,,,Violence and sexual offences,Unable to prosecute suspect,
282cb9b512b0a19e99b147c2fe5348e0e4b82b5dd29a9041c725987f85818fa3,2019-02,Lancashire Constabulary,Lancashire Constabulary,,,No Location,,,Violence and sexual offences,Status update unavailable,
10a7487c2a11f0e5f55fb237ee665d5b048fd5ed7408b77422f2accf5a6471b2,2019-02,Lancashire Constabulary,Lancashire Constabulary,,,No Location,,,Violence and sexual offences,Status update unavailable,
c7c74bf0e14585592f02b13ae08820c3f196911c019c9ed9dc7180f2d6f17fcc,2019-02,Lancashire Constabulary,Lancashire Constabulary,,,No Location,,,Violence and sexual offences,Status update unavailable,
b7766573ba236ed9de517e7275b90fa1d5379bcc1f8ffd4366a8f44aceaebd51,2019-02,Lancashire Constabulary,Lancashire Constabulary,,,No Location,,,Violence and sexual offences,Status update unavailable,
8be8d059d7d1599bc159b39cc97924851f7b34971e765738c96581c62b207f41,2019-02,Lancashire Constabulary,Lancashire Constabulary,,,No Location,,,Violence and sexual offences,Status update unavailable,
263f41c34753de82e8b89f83653ac45a01bb07ee3861d48fd8c1332062bc3007,2019-02,Lancashire Constabulary,Lancashire Constabulary,,,No Location,,,Violence and sexual offences,Unable to prosecute suspect,
114ecba1165b65984f2b6eb54ac95934437d1745a803bcd0ba8e5bb6bc655b0a,2019-02,Lancashire Constabulary,Lancashire Constabulary,,,No Location,,,Violence and sexual offences,Status update unavailable,
cac7dc762fe3df29b059651110c0e8fb5be4546869e3a2c6535cf943ff720a90,2019-02,Lancashire Constabulary,Lancashire Constabulary,,,No Location,,,Violence and sexual offences,Status update unavailable,
327826b73e26f33996aaca420aad2a96f9a7345eb6093a01af2c2839a5628438,2019-02,Lancashire Constabulary,Lancashire Constabulary,,,No Location,,,Violence and sexual offences,Unable to prosecute suspect,
44f731b66cd8e1cd20c633d0fdf36bf16e36111fc52111b6db3467e96eccba2b,2019-02,Lancashire Constabulary,Lancashire Constabulary,,,No Location,,,Violence and sexual offences,Status update unavailable,
5cf6060455752a16b6a85e99b0e58a800dc9d0cfb21476630a4af04ab4aa6feb,2019-02,Lancashire Constabulary,Lancashire Constabulary,,,No Location,,,Violence and sexual offences,Status update unavailable,
99539fec2caaf88a6b245c9eaa4d30afc2cc7a33af5ae9b24aaa853730ebdb45,2019-02,Lancashire Constabulary,Lancashire Constabulary,,,No Location,,,Violence and sexual offences,Local resolution,
b63961b69220dd5e49d5337a3b50f0c3d81d005d8a8f909f31ff03a88711a2df,2019-02,Lancashire Constabulary,Lancashire Constabulary,,,No Location,,,Violence and sexual offences,Status update unavailable,
6b464abfd834f0cd4af4430ceee48223be22fe2c617e850854b3a0a772df35f0,2019-02,Lancashire Constabulary,Lancashire Constabulary,,,No Location,,,Violence and sexual offences,Unable to prosecute suspect,
c57e2940ec2b7f1f542d02d4667f4032839c5c59536a396c93a50ef45c31a325,2019-02,Lancashire Constabulary,Lancashire Constabulary,,,No Location,,,Violence and sexual offences,Status update unavailable,
fc5314c733973c6c1bb5a0d5d7d4e6b238f63ffeeed9da08916195189dfc11fa,2019-02,Lancashire Constabulary,Lancashire Constabulary,,,No Location,,,Violence and sexual offences,Status update unavailable,
bd2d50098471bb23eb749f706428a8e7d4a06169a57d6a2406cfb2b3f80230c4,2019-02,Lancashire Constabulary,Lancashire Constabulary,,,No Location,,,Violence and sexual offences,Unable to prosecute suspect,
ceee2ae4c8fce3bad8a5028108953bc2218d7c1f891c587ec10484ae5b2d4879,2019-02,Lancashire Constabulary,Lancashire Constabulary,,,No Location,,,Violence and sexual offences,Status update unavailable,
6f1f1e920b0960ffe839a2835baa879a98c15ddce12efe7a5f1a00ef0af8480c,2019-02,Lancashire Constabulary,Lancashire Constabulary,,,No Location,,,Violence and sexual offences,Unable to prosecute suspect,
ce32a0c4477082ff23cd6fe151e3520034609399a088b9a8478cfb439bb444ee,2019-02,Lancashire Constabulary,Lancashire Constabulary,,,No Location,,,Violence and sexual offences,Status update unavailable,
5ec5fdbf83aebd9c3a96cc63a93e1d558538ee44935cd6946d7a8b51471c166e,2019-02,Lancashire Constabulary,Lancashire Constabulary,,,No Location,,,Violence and sexual offences,Status update unavailable,
2acab7f959701cd0cd612104a551743387d2705998b8ed1f7cbbdf93c0beab74,2019-02,Lancashire Constabulary,Lancashire Constabulary,,,No Location,,,Violence and sexual offences,Unable to prosecute suspect,
17b2dcb6192a31da75f40f9000aeddf8b0c3428402b82e28cd7f96b519df37de,2019-02,Lancashire Constabulary,Lancashire Constabulary,,,No Location,,,Violence and sexual offences,Status update unavailable,
6c63426d68f793a400583be73e07cc72a7fb7767bf9fc37532139ae62692624b,2019-02,Lancashire Constabulary,Lancashire Constabulary,,,No Location,,,Violence and sexual offences,Status update unavailable,
a817a6998f7d6140683366c2e4771959ca91f8749a05bba06fec9ae456c8d300,2019-02,Lancashire Constabulary,Lancashire Constabulary,,,No Location,,,Violence and sexual offences,Status update unavailable,
c680a8e06bf4548aa735399236717e51bb7288b902218c192749fef90afddda3,2019-02,Lancashire Constabulary,Lancashire Constabulary,,,No Location,,,Violence and sexual offences,Status update unavailable,
7665798d482debd42cb44fdb90acdf93b6cd9db9939e9a0988eafa260e79a1df,2019-02,Lancashire Constabulary,Lancashire Constabulary,,,No Location,,,Violence and sexual offences,Unable to prosecute suspect,
907b3d0a497fe168e6db0186e6570fc5e5e8c4276babfed06ecc9c24b54fc299,2019-02,Lancashire Constabulary,Lancashire Constabulary,,,No Location,,,Violence and sexual offences,Status update unavailable,
41c82f3a981d44bb286d682562ef42d9180f52890f2f9ec0685eb71470a50bdb,2019-02,Lancashire Constabulary,Lancashire Constabulary,,,No Location,,,Violence and sexual offences,Unable to prosecute suspect,
4ffa695b85fb467c6a8cbd755859a05d16c8268634089d3a4df2bce757127786,2019-02,Lancashire Constabulary,Lancashire Constabulary,,,No Location,,,Violence and sexual offences,Status update unavailable,
ce1f39cf89029991c2eae0aaa3feda85824c6230fc98bda5713ee5bc2a7db57a,2019-02,Lancashire Constabulary,Lancashire Constabulary,,,No Location,,,Violence and sexual offences,Unable to prosecute suspect,
e612063436925b98b8c0bd99a31b95b6f9ff4301cfde2863dff0249f26eabaf9,2019-02,Lancashire Constabulary,Lancashire Constabulary,,,No Location,,,Violence and sexual offences,Unable to prosecute suspect,
589ad9e577c3e9d614d8e93ae4ac8749ef5d8017a4f47a0b5d818ec0d74767db,2019-02,Lancashire Constabulary,Lancashire Constabulary,,,No Location,,,Violence and sexual offences,Status update unavailable,
a6d93f42ab236196f89b72201d26e8e5b144643ae47064ab86a82226ba81c751,2019-02,Lancashire Constabulary,Lancashire Constabulary,,,No Location,,,Violence and sexual offences,Status update unavailable,
b0d8702c30223a4b33f3365b0e61265ec55229743b92ca0b03049036b53448b2,2019-02,Lancashire Constabulary,Lancashire Constabulary,,,No Location,,,Violence and sexual offences,Status update unavailable,
5e20dda6d01045c78ef94d73824f9b91cdbd5cc9a75b69bfc0fbfba4043fe72c,2019-02,Lancashire Constabulary,Lancashire Constabulary,,,No Location,,,Violence and sexual offences,Unable to prosecute suspect,
1e831d2d881ae82de298a18a74d8abdabe59c41bd370a4c2fc7ed15ee8cb6058,2019-02,Lancashire Constabulary,Lancashire Constabulary,,,No Location,,,Violence and sexual offences,Status update unavailable,
56756fe7fabdfea2bdbe0818c90cfce28d1f63151540af83fbeb6e580cc2ce9f,2019-02,Lancashire Constabulary,Lancashire Constabulary,,,No Location,,,Violence and sexual offences,Status update unavailable,
9ed8c31d30c32840665ee62e8c7bd4b94fe518edc734905d58de594702f8bd85,2019-02,Lancashire Constabulary,Lancashire Constabulary,,,No Location,,,Violence and sexual offences,Status update unavailable,
cab0b53598b1c5dbc17a5d7d54c1c5953a5f66d8a37ddcd2030cf4d64c707a92,2019-02,Lancashire Constabulary,Lancashire Constabulary,,,No Location,,,Violence and sexual offences,Status update unavailable,
39ec8158c54868864feb4cc121b4e158b3e9eb8a0f5b1f56e0ea9747ba1d581d,2019-02,Lancashire Constabulary,Lancashire Constabulary,,,No Location,,,Violence and sexual offences,Status update unavailable,
2da9f5e8b2e7c4bf6842cc24edd2b6a032df9b5f4775f1cf8801a8f5f65f01f4,2019-02,Lancashire Constabulary,Lancashire Constabulary,,,No Location,,,Violence and sexual offences,Unable to prosecute suspect,
20985bd68ee03de0e41d8da4c99989188c3a820c86116c0805414fee11958127,2019-02,Lancashire Constabulary,Lancashire Constabulary,,,No Location,,,Violence and sexual offences,Local resolution,
049fc6a4c4f81a8de1985467d06702cca3f9743e4a74d90066b67446be434cde,2019-02,Lancashire Constabulary,Lancashire Constabulary,,,No Location,,,Violence and sexual offences,Status update unavailable,
10afb09eb0cb32c91ccac0e2519447045bc7b4cd413645983494b8702d6cdc2e,2019-02,Lancashire Constabulary,Lancashire Constabulary,,,No Location,,,Violence and sexual offences,Status update unavailable,
42a25007da96246e392b1d950825d6fd041fdb37a349b6d77329645a9a52e1f0,2019-02,Lancashire Constabulary,Lancashire Constabulary,,,No Location,,,Violence and sexual offences,Status update unavailable,
6f3ba7792d30d763973e1ad41b0e3a758af4c5d487ef2226c85bda88a12a7bf7,2019-02,Lancashire Constabulary,Lancashire Constabulary,,,No Location,,,Violence and sexual offences,Status update unavailable,
fec23810e7b88295d7c25b06a2c523196994b5be2c68c36c9df59f07752b3fb3,2019-02,Lancashire Constabulary,Lancashire Constabulary,,,No Location,,,Violence and sexual offences,Status update unavailable,
5721f7ab1e1f225a8d9da40872b99ef87f1c312cb5eee56e26d1979d4ea31c6d,2019-02,Lancashire Constabulary,Lancashire Constabulary,,,No Location,,,Violence and sexual offences,Unable to prosecute suspect,
7706eb58a93bb5904b345defecef92b5f5f51879f6f1430d04ea65e9f06abd5a,2019-02,Lancashire Constabulary,Lancashire Constabulary,,,No Location,,,Violence and sexual offences,Status update unavailable,
f7beecfa08b54231e88bcd6d94ed563e70bae59615ccf4d40b09b01c79326947,2019-02,Lancashire Constabulary,Lancashire Constabulary,,,No Location,,,Violence and sexual offences,Status update unavailable,
869147a4585a1cdac821f2ab4f93c538b2106a9e3e7236a090b747507c67650b,2019-02,Lancashire Constabulary,Lancashire Constabulary,,,No Location,,,Violence and sexual offences,Status update unavailable,
b1c3d41c14c3ac99f12e4a253bcf74951fa1be13742459548bd2e57be80f22e6,2019-02,Lancashire Constabulary,Lancashire Constabulary,,,No Location,,,Violence and sexual offences,Status update unavailable,
736b2af8d3c819dd8f0a6cf4b17fdb3f2b3f3a3e707e3e10c219825a63479d1a,2019-02,Lancashire Constabulary,Lancashire Constabulary,,,No Location,,,Violence and sexual offences,Formal action is not in the public interest,
dd0b7a604e2ce15933d76f64593d5601e429bd5e1bd0d2cf9e522c5322c9410e,2019-02,Lancashire Constabulary,Lancashire Constabulary,,,No Location,,,Violence and sexual offences,Status update unavailable,
6e09ab0bab02a4ffe91f47052eddf7e2bd668e0e432fb62b0f4b6ae7f22a1279,2019-02,Lancashire Constabulary,Lancashire Constabulary,,,No Location,,,Violence and sexual offences,Status update unavailable,
ce0ab2232a1acad3d88a1dad456b8395830c6de25f94271812e3d1d4e4d52622,2019-02,Lancashire Constabulary,Lancashire Constabulary,,,No Location,,,Violence and sexual offences,Further investigation is not in the public interest,
e4276df100f2efd28df93e854cb94d250b8a09b25e1ee869b7875ab61671906e,2019-02,Lancashire Constabulary,Lancashire Constabulary,,,No Location,,,Violence and sexual offences,Unable to prosecute suspect,
43b9a295175e205878a705e5cba4fadc1afe190a5b61ea945e8cbc48c87031b1,2019-02,Lancashire Constabulary,Lancashire Constabulary,,,No Location,,,Violence and sexual offences,Status update unavailable,
e5c5be6b0cc71bcd09aed797253663427e76f4405f43ae6be037766431758627,2019-02,Lancashire Constabulary,Lancashire Constabulary,,,No Location,,,Violence and sexual offences,Status update unavailable,
fe6c27c2070895e4b5c91681066be48c173f73beeafa2eca379c7f32c5b69ecc,2019-02,Lancashire Constabulary,Lancashire Constabulary,,,No Location,,,Violence and sexual offences,Status update unavailable,
976f0517870b1774d82a465a421ee4b9e23cd196e2852e3e1da30b5d7c842717,2019-02,Lancashire Constabulary,Lancashire Constabulary,,,No Location,,,Violence and sexual offences,Status update unavailable,
1d7ec97713d46595441f7d1fd97e49d8a8902297f8c79f99f66e3c03438fe7cf,2019-02,Lancashire Constabulary,Lancashire Constabulary,,,No Location,,,Violence and sexual offences,Unable to prosecute suspect,
82d9d78de0dddc76fa86821ed4b2d0d70cc561cb123ac87e992dba38e64405f5,2019-02,Lancashire Constabulary,Lancashire Constabulary,,,No Location,,,Violence and sexual offences,Status update unavailable,
7d2d8bb12efa5e5d2de67e6af518bacf669ad9dd750eb907f226960479ff59b2,2019-02,Lancashire Constabulary,Lancashire Constabulary,,,No Location,,,Violence and sexual offences,Status update unavailable,
be9fd837c8648b2c669abfee347d5e5514d5d4a3021784e9952084c9c621c705,2019-02,Lancashire Constabulary,Lancashire Constabulary,,,No Location,,,Violence and sexual offences,Status update unavailable,
467c3cac8f8f4b6843127a60999de41a91a0fe2a788ee19905b89bed96602af1,2019-02,Lancashire Constabulary,Lancashire Constabulary,,,No Location,,,Violence and sexual offences,Status update unavailable,
40e1dad598a833858988509b12f5f59d993be358fa301a6bb8302496c3729ba1,2019-02,Lancashire Constabulary,Lancashire Constabulary,,,No Location,,,Violence and sexual offences,Unable to prosecute suspect,
f4ecf98a3b5cd1c5b3c3b91b1ab9d2079f0e7a327ba05b51807d0842bab0a2a4,2019-02,Lancashire Constabulary,Lancashire Constabulary,,,No Location,,,Violence and sexual offences,Status update unavailable,
78b0c05a5f19bae107d52e5b913764b623907c12e3b09e155e2efb9312a3d74c,2019-02,Lancashire Constabulary,Lancashire Constabulary,,,No Location,,,Violence and sexual offences,Status update unavailable,
7a4a72f8e036cad292db3c9f3df5545a902c6885eac6c12bff9690c2ef534486,2019-02,Lancashire Constabulary,Lancashire Constabulary,,,No Location,,,Violence and sexual offences,Status update unavailable,
7cef17dd6704409102aa913a17e33e87c1a200fd3bdaa433cbddfab667325c1b,2019-02,Lancashire Constabulary,Lancashire Constabulary,,,No Location,,,Violence and sexual offences,Unable to prosecute suspect,
a8f3b4492229a1344dc51c9baab33eebbdf662a7541e1c6b1a2551835c07f171,2019-02,Lancashire Constabulary,Lancashire Constabulary,,,No Location,,,Violence and sexual offences,Unable to prosecute suspect,
fc3efd636590f84fa96a51108f746ca3948a67b3a8e01e6a4b6029a5f84f37d2,2019-02,Lancashire Constabulary,Lancashire Constabulary,,,No Location,,,Violence and sexual offences,Unable to prosecute suspect,
05cc516593d598d98551cb613f6783ea9495c8d95d0e710a44d00db9965495df,2019-02,Lancashire Constabulary,Lancashire Constabulary,,,No Location,,,Violence and sexual offences,Status update unavailable,
8e535b24d58763bb2f81ae57007e602545f4bdf39b75ce01865639635c7d83e2,2019-02,Lancashire Constabulary,Lancashire Constabulary,,,No Location,,,Violence and sexual offences,Status update unavailable,
60c7b3161211d2034196323382d7e1aa8ef2ea73e22fcfbec3e13788f72ba0e5,2019-02,Lancashire Constabulary,Lancashire Constabulary,,,No Location,,,Violence and sexual offences,Awaiting court outcome,
389ec9b214d545bac9e5f269e2f8a7336273b16675cccc0d9c5c10e57d71aa7b,2019-02,Lancashire Constabulary,Lancashire Constabulary,,,No Location,,,Violence and sexual offences,Status update unavailable,
f3f0aa222d7df65081ef4fe2229bc0fcf24de338ab1958c6333d1cbbfd0c8c13,2019-02,Lancashire Constabulary,Lancashire Constabulary,,,No Location,,,Violence and sexual offences,Unable to prosecute suspect,
110f1f3f2126b0e7b52508fafecb8f5778de9cb456fafcc9ae67a8c2f6f56a03,2019-02,Lancashire Constabulary,Lancashire Constabulary,,,No Location,,,Violence and sexual offences,Unable to prosecute suspect,
90179536692f194a01cab12ed5bc4d9c927653b46c7e21c223aa329721dda4d8,2019-02,Lancashire Constabulary,Lancashire Constabulary,,,No Location,,,Violence and sexual offences,Unable to prosecute suspect,
4c9543daaa5159a1ae4f02577def3991181cd8912ebdb9a5f9e3c0f6bbabfe19,2019-02,Lancashire Constabulary,Lancashire Constabulary,,,No Location,,,Violence and sexual offences,Unable to prosecute suspect,
7cb5ff0a76ec430f31ea4d1c14d3523e0ac74ada01921b6abbc9107a347de66e,2019-02,Lancashire Constabulary,Lancashire Constabulary,,,No Location,,,Violence and sexual offences,Status update unavailable,
b2eed15d74b7890f38e5fe41b9188b8e8e5a3ee21377e81bb5621859755b9d95,2019-02,Lancashire Constabulary,Lancashire Constabulary,,,No Location,,,Violence and sexual offences,Status update unavailable,
9315462c21db46a30359bb42eb04c18737643918748af063d3dd370b35bc6de3,2019-02,Lancashire Constabulary,Lancashire Constabulary,,,No Location,,,Violence and sexual offences,Status update unavailable,
b2af32bad9ffa440c73c07c6e47213321337fd62fa2f004fe5ea5c6c7befe52d,2019-02,Lancashire Constabulary,Lancashire Constabulary,,,No Location,,,Violence and sexual offences,Status update unavailable,
8b4c4baf0ba8abf19a79b7fab0241d155e191cdae74c4ac085794b25df0aeb0e,2019-02,Lancashire Constabulary,Lancashire Constabulary,,,No Location,,,Violence and sexual offences,Further investigation is not in the public interest,
ffce91eb00a23df6268884d98361628b0839042b559cc2fc6db52ebd9b83a304,2019-02,Lancashire Constabulary,Lancashire Constabulary,,,No Location,,,Violence and sexual offences,Status update unavailable,
a0e39f061be9f597d2a86529cc90ceb1c73a1b9ccd073cea84c683eaa5d3258e,2019-02,Lancashire Constabulary,Lancashire Constabulary,,,No Location,,,Violence and sexual offences,Further investigation is not in the public interest,
d2be2fbbc2399457b87a2091db809d297591900e6dc034703fef658637ee6bdf,2019-02,Lancashire Constabulary,Lancashire Constabulary,,,No Location,,,Violence and sexual offences,Unable to prosecute suspect,
96da0083b73cb63f446c68d893b9fa7bb96795e1547f178aea8e8cbcd18f09d3,2019-02,Lancashire Constabulary,Lancashire Constabulary,,,No Location,,,Violence and sexual offences,Status update unavailable,
900327515450768ae59e06939dcb8b8d78c09dd89a019f5a7411f5a496b8ccab,2019-02,Lancashire Constabulary,Lancashire Constabulary,,,No Location,,,Violence and sexual offences,Status update unavailable,
f46e7e1c1872ec558057c4762d1fc31fb11847c225cc539197354cd19120c03a,2019-02,Lancashire Constabulary,Lancashire Constabulary,,,No Location,,,Violence and sexual offences,Unable to prosecute suspect,
016957122810adcecc5e9feb3777c7a21280f57ef1df65452af9eeff86370945,2019-02,Lancashire Constabulary,Lancashire Constabulary,,,No Location,,,Violence and sexual offences,Status update unavailable,
7aee11b774a7e37b30eddbe46837a5a99aab95473fca9ce8660159b61ef081ab,2019-02,Lancashire Constabulary,Lancashire Constabulary,,,No Location,,,Violence and sexual offences,Status update unavailable,
a81f64d327b526d39d759de55605a38df319d85eff5710cdb6d9dad6ef4899be,2019-02,Lancashire Constabulary,Lancashire Constabulary,,,No Location,,,Violence and sexual offences,Unable to prosecute suspect,
5a8471048fd2cea40815ed6923f319c49ed306e00aab09280bb2db5ad203380a,2019-02,Lancashire Constabulary,Lancashire Constabulary,,,No Location,,,Violence and sexual offences,Status update unavailable,
ae41efb1c0d46497fa66360da9def21bc5ca14ea51b879a4f6e381cd1e0116b5,2019-02,Lancashire Constabulary,Lancashire Constabulary,,,No Location,,,Violence and sexual offences,Status update unavailable,
687b6f3c057b9b70319b50bb5ace850f40f7555e828e14d70f3d02c2307e69ad,2019-02,Lancashire Constabulary,Lancashire Constabulary,,,No Location,,,Violence and sexual offences,Further investigation is not in the public interest,
47c3defd6708d08bd0be705c83e37b2e6c50fabb27d4c4153a00f9a0133700b9,2019-02,Lancashire Constabulary,Lancashire Constabulary,,,No Location,,,Violence and sexual offences,Status update unavailable,
bec68ad9d11b5d8c64ddc3a08ae05b247ac6bfffba1d80db717c6d5684830cf0,2019-02,Lancashire Constabulary,Lancashire Constabulary,,,No Location,,,Violence and sexual offences,Status update unavailable,
7858c3bc884cef631a0e38eb78d9d8f852e0226b34d99b0e22a372c9cdc7b833,2019-02,Lancashire Constabulary,Lancashire Constabulary,,,No Location,,,Violence and sexual offences,Status update unavailable,
5b2691dc69c6a7b5c26ebdaaa0f6d8db1c3ff9053067dd97db7fcfd8e834610c,2019-02,Lancashire Constabulary,Lancashire Constabulary,,,No Location,,,Violence and sexual offences,Unable to prosecute suspect,
e5de683ed5a5582c7d233a62842b93a477154a9f17e22a1959f86c2c0a7bb727,2019-02,Lancashire Constabulary,Lancashire Constabulary,,,No Location,,,Violence and sexual offences,Status update unavailable,
6d250820d71894f4349f6da4c453617250b29fa293109411949db214ed011fb7,2019-02,Lancashire Constabulary,Lancashire Constabulary,,,No Location,,,Violence and sexual offences,Status update unavailable,
dec386b061f271771226b3a8bb4abf605ae05f0bdcadc836411e8c48ba413bd4,2019-02,Lancashire Constabulary,Lancashire Constabulary,,,No Location,,,Violence and sexual offences,Unable to prosecute suspect,
8efd2e8bb825515c8775afffe8a3baa4dd8314593baa4341f6b78b49d373447d,2019-02,Lancashire Constabulary,Lancashire Constabulary,,,No Location,,,Violence and sexual offences,Unable to prosecute suspect,
a68585075a54f037d90d029731d7a572af0657a35020d0e2dd4da6dfc0befc8a,2019-02,Lancashire Constabulary,Lancashire Constabulary,,,No Location,,,Violence and sexual offences,Status update unavailable,
1768de82a89acec12def6e5f0432914bba7f7dbd491cbb04a1e065938968893e,2019-02,Lancashire Constabulary,Lancashire Constabulary,,,No Location,,,Violence and sexual offences,Further investigation is not in the public interest,
9893a33fd485bcb992398a8a0e44dfe65148f8ed723cbb72c0f3dce5e124740b,2019-02,Lancashire Constabulary,Lancashire Constabulary,,,No Location,,,Violence and sexual offences,Status update unavailable,
3a602892da1f0ee80d2e4443cac89a20df92cbf1dac96d445a41e28d5e41bcb8,2019-02,Lancashire Constabulary,Lancashire Constabulary,,,No Location,,,Violence and sexual offences,Unable to prosecute suspect,
406d52c04b7089e0a579c3d689fc204506f62a2d900e7177d1036bc2a7f4c882,2019-02,Lancashire Constabulary,Lancashire Constabulary,,,No Location,,,Violence and sexual offences,Awaiting court outcome,
a09f7ff862a31f83029f117735700c74d55beee82a993c789bd9b6dd29ef8229,2019-02,Lancashire Constabulary,Lancashire Constabulary,,,No Location,,,Violence and sexual offences,Local resolution,
1af55833004d61f7e4561df53904f9fc08ebf504e7b601698dcb95e6aef3959e,2019-02,Lancashire Constabulary,Lancashire Constabulary,,,No Location,,,Violence and sexual offences,Status update unavailable,
a6a73c6eaa78467d313a6143971bc055b9055ae8d2b584b4ddaac414e955753f,2019-02,Lancashire Constabulary,Lancashire Constabulary,,,No Location,,,Violence and sexual offences,Unable to prosecute suspect,
aea3fbc2c62d2b6859885cc9d4d35ea70449f73bac03797f985de03c441bba08,2019-02,Lancashire Constabulary,Lancashire Constabulary,,,No Location,,,Violence and sexual offences,Unable to prosecute suspect,
5cf3d8858f4086ae87e7aa8cf8c6fe5cd2539454540851020d7707c9b19f28f7,2019-02,Lancashire Constabulary,Lancashire Constabulary,,,No Location,,,Violence and sexual offences,Unable to prosecute suspect,
0aebbd28f3ced9ef5a5e9619a787a7e5d0007c291c5fd053b6965eb816c966c6,2019-02,Lancashire Constabulary,Lancashire Constabulary,,,No Location,,,Violence and sexual offences,Status update unavailable,
d6312be604116400a08daed230ce9267eff3ebf7a24254ee5974dd32a12feb2d,2019-02,Lancashire Constabulary,Lancashire Constabulary,,,No Location,,,Violence and sexual offences,Unable to prosecute suspect,
3a3076ac8709f32c52123ad4c7370ca57eafa679f36e28f538fa84eda1d32401,2019-02,Lancashire Constabulary,Lancashire Constabulary,,,No Location,,,Violence and sexual offences,Status update unavailable,
fd3c2c8241ddd02226c732a52076437b082b5b10ba9f5172ec5eed55c6a6ec62,2019-02,Lancashire Constabulary,Lancashire Constabulary,,,No Location,,,Violence and sexual offences,Unable to prosecute suspect,
617c178dfbc3eafb8519be0c90d0a8fad9ffc02b16b5286e648ac94db2a2b571,2019-02,Lancashire Constabulary,Lancashire Constabulary,,,No Location,,,Violence and sexual offences,Unable to prosecute suspect,
92266e3179a892577e256f6bbff63b89766444814ae526fff4ea53de0f3116b2,2019-02,Lancashire Constabulary,Lancashire Constabulary,,,No Location,,,Violence and sexual offences,Status update unavailable,
7187ff6da1690dba12b8cfe19792fc42e9e1dbf1ca8ebd1722cc6c239441ffcf,2019-02,Lancashire Constabulary,Lancashire Constabulary,,,No Location,,,Violence and sexual offences,Status update unavailable,
b3d333a0380c553699953370caf2e29aa2c7e4f471dd6203c3ee1ec23c3441a4,2019-02,Lancashire Constabulary,Lancashire Constabulary,,,No Location,,,Violence and sexual offences,Unable to prosecute suspect,
4248e9cf8cac8644c838c7135ee2d59dadadae95ade21d219836e6637654a339,2019-02,Lancashire Constabulary,Lancashire Constabulary,,,No Location,,,Violence and sexual offences,Unable to prosecute suspect,
be3fe79854e7e4eba6ab936342ef4649c1d6283fa62bba38a319f53139b6b129,2019-02,Lancashire Constabulary,Lancashire Constabulary,,,No Location,,,Violence and sexual offences,Status update unavailable,
0cb2658965cbfabcc6721161a6c0239182f50c708fb3169beecf794dc6cc954e,2019-02,Lancashire Constabulary,Lancashire Constabulary,,,No Location,,,Violence and sexual offences,Status update unavailable,
53dca75dc4187e7a4165af0dbc6c7c7b193a5e4638d98291a1ce7ad1d4f8051f,2019-02,Lancashire Constabulary,Lancashire Constabulary,,,No Location,,,Violence and sexual offences,Status update unavailable,
5f3ddf9372be1725fbb0085b503e0a88a5a1789efbd08602fcd3359d4a041bf8,2019-02,Lancashire Constabulary,Lancashire Constabulary,,,No Location,,,Violence and sexual offences,Unable to prosecute suspect,
6a8acc6500f124ca1b4c28bee4565521e2c885b717c88785b6638f97ca7553ec,2019-02,Lancashire Constabulary,Lancashire Constabulary,,,No Location,,,Violence and sexual offences,Status update unavailable,
52826177979e6c93fec2b44e05bf3116f980b49e9ec482164a9b7d940f697c82,2019-02,Lancashire Constabulary,Lancashire Constabulary,,,No Location,,,Violence and sexual offences,Status update unavailable,
6cb268866648628fe2debd67ace609411b2ac3300e5312ff994e88268058d615,2019-02,Lancashire Constabulary,Lancashire Constabulary,,,No Location,,,Violence and sexual offences,Local resolution,
c5f7861a7cd5835ef9e4443f7bebdb85c6ae22cb252c791a178e2c7515dc304c,2019-02,Lancashire Constabulary,Lancashire Constabulary,,,No Location,,,Violence and sexual offences,Awaiting court outcome,
3f63cff4a8c2c0c7dc0c222989ddde02ba3284c6890fe6078f9b7b06ecff5520,2019-02,Lancashire Constabulary,Lancashire Constabulary,,,No Location,,,Violence and sexual offences,Awaiting court outcome,
afd3f9e8fccd951de450692266444f1397f279d5bece59d9d223b83973a72996,2019-02,Lancashire Constabulary,Lancashire Constabulary,,,No Location,,,Violence and sexual offences,Unable to prosecute suspect,
d555451d51b7efeb42cb31c7096f0c8054adde20fffcfa8dcd06d95b262798b1,2019-02,Lancashire Constabulary,Lancashire Constabulary,,,No Location,,,Violence and sexual offences,Unable to prosecute suspect,
3dd6c9fa7bfeebe04203ebfc2221302382d9872d24f35bd29e64febe5cbff7c0,2019-02,Lancashire Constabulary,Lancashire Constabulary,,,No Location,,,Violence and sexual offences,Unable to prosecute suspect,
c74ed5556a961aabb02b18dd52583d2f0cb3df1cbe9a1e20d8ef51b2646255be,2019-02,Lancashire Constabulary,Lancashire Constabulary,,,No Location,,,Violence and sexual offences,Status update unavailable,
6422e6fb9d5b4428ace1b6414514e5ac9de4a77794c0167ef3bbe86da1e5cd74,2019-02,Lancashire Constabulary,Lancashire Constabulary,,,No Location,,,Violence and sexual offences,Status update unavailable,
4cb780cf2c878dc62dc08e594129a3c9d96361d006d73a8c9d93b27a4210d165,2019-02,Lancashire Constabulary,Lancashire Constabulary,,,No Location,,,Violence and sexual offences,Status update unavailable,
c120d7ac62b372157e5f2c25eeb8e344734c97e8d08257a6628f03cdaf488991,2019-02,Lancashire Constabulary,Lancashire Constabulary,,,No Location,,,Violence and sexual offences,Unable to prosecute suspect,
9ccc1e8342a1a73da5ccc831213f16b113fc90deb42ccb8108e906d9c379fb63,2019-02,Lancashire Constabulary,Lancashire Constabulary,,,No Location,,,Violence and sexual offences,Status update unavailable,
48d8824ab076a48c45fecddb226450f589b82aacf9c19a198c79708902460f4f,2019-02,Lancashire Constabulary,Lancashire Constabulary,,,No Location,,,Violence and sexual offences,Unable to prosecute suspect,
d38f12372cd9eb819bb00d9f83651ad9e50b3310c5bc8e7658d32cea802c825f,2019-02,Lancashire Constabulary,Lancashire Constabulary,,,No Location,,,Violence and sexual offences,Status update unavailable,
acdb7c4dfc151149d2cc16baa30f32892b072f7dfb8bb3a266dd7835f501e69e,2019-02,Lancashire Constabulary,Lancashire Constabulary,,,No Location,,,Violence and sexual offences,Local resolution,
3b9d4ecd928828d761d2142b9d21ead75bc7bb717272bd6fcd5a4446cf3abef2,2019-02,Lancashire Constabulary,Lancashire Constabulary,,,No Location,,,Violence and sexual offences,Unable to prosecute suspect,
2a686fa8e1cb8eef6959bbe76abff4a08d39fa4c7880be5b02e3943109fa567b,2019-02,Lancashire Constabulary,Lancashire Constabulary,,,No Location,,,Violence and sexual offences,Investigation complete; no suspect identified,
f43c0eb563861288d2bab476851017835df5cbaeef1f67c692b81115522afd98,2019-02,Lancashire Constabulary,Lancashire Constabulary,,,No Location,,,Violence and sexual offences,Further investigation is not in the public interest,
81597416acfbcd7f3e51fa19af856895b58480d7f15fe20b1b0622f87cc2857f,2019-02,Lancashire Constabulary,Lancashire Constabulary,,,No Location,,,Violence and sexual offences,Unable to prosecute suspect,
6e9e1749d2be4864622134e25aa6c7953d83c73dae4178eba6a3ee022333a055,2019-02,Lancashire Constabulary,Lancashire Constabulary,,,No Location,,,Violence and sexual offences,Investigation complete; no suspect identified,
217e5dc421ce044ef2893d1bc7f50f20a917886e39cf90debda76c1ca1b9285a,2019-02,Lancashire Constabulary,Lancashire Constabulary,,,No Location,,,Violence and sexual offences,Unable to prosecute suspect,
707d70d96072cf8790a74ddebaacb5bd598869d58f0e7317c18fe292388fd844,2019-02,Lancashire Constabulary,Lancashire Constabulary,,,No Location,,,Violence and sexual offences,Status update unavailable,
372a75bbcda9c63cbaef246e96bf51b9432fb3baaf0cde6df7ce05a215b38dec,2019-02,Lancashire Constabulary,Lancashire Constabulary,,,No Location,,,Violence and sexual offences,Investigation complete; no suspect identified,
bf234d4e86bed85fc8b5e385b1910081fd0e35d32d212fe5a19f50a90fcf232a,2019-02,Lancashire Constabulary,Lancashire Constabulary,,,No Location,,,Violence and sexual offences,Status update unavailable,
fe9276a3dd8cf1c9daac6ecef17c556e81c69711f53417bf5e3208baefe41600,2019-02,Lancashire Constabulary,Lancashire Constabulary,,,No Location,,,Violence and sexual offences,Unable to prosecute suspect,
334d7ccf5c4fb79801d6c79c4d494d10410abb88f97eb7d7f292dcaa00701f72,2019-02,Lancashire Constabulary,Lancashire Constabulary,,,No Location,,,Violence and sexual offences,Status update unavailable,
acf7d256ca1f9cadfd30b776a750cb8e931cdd2e339d0bd04177fbbfbfd41d30,2019-02,Lancashire Constabulary,Lancashire Constabulary,,,No Location,,,Violence and sexual offences,Status update unavailable,
68ab5d91c8986c3eb24ef8d924a30df680a8ca29e7b299b7df484b7ac4014b65,2019-02,Lancashire Constabulary,Lancashire Constabulary,,,No Location,,,Violence and sexual offences,Awaiting court outcome,
7be11011e7fd824649626f5920a6f5b0aea897e3a13b076d53c1e37bc9f94bd7,2019-02,Lancashire Constabulary,Lancashire Constabulary,,,No Location,,,Violence and sexual offences,Unable to prosecute suspect,
7810649e409f1c33a800cce4378ccd99d71a9e87b6bc488d411c8111b51a6f53,2019-02,Lancashire Constabulary,Lancashire Constabulary,,,No Location,,,Violence and sexual offences,Unable to prosecute suspect,
fcad110eb323a36c5690dc3b72ba59305897dca6927dcedc147ed443a1e40938,2019-02,Lancashire Constabulary,Lancashire Constabulary,,,No Location,,,Violence and sexual offences,Status update unavailable,
eafed6a10f7408be9cb083fe25de7b7e76ca33752e0cc818ca9b46b2c125b987,2019-02,Lancashire Constabulary,Lancashire Constabulary,,,No Location,,,Violence and sexual offences,Status update unavailable,
3485f65ec4f5040b97c941a3b709907ef82cc9e3585e67172df8a64197b3e72a,2019-02,Lancashire Constabulary,Lancashire Constabulary,,,No Location,,,Violence and sexual offences,Unable to prosecute suspect,
88bf1e0b2f60e32c639d0c8f2bd3a22892d7ac18a139f8caf4d7aa432ac5f12c,2019-02,Lancashire Constabulary,Lancashire Constabulary,,,No Location,,,Violence and sexual offences,Status update unavailable,
5013e7e7fe96403c852cc9c715ea16b40538b3a9aa2331120e4b07c224548f4b,2019-02,Lancashire Constabulary,Lancashire Constabulary,,,No Location,,,Violence and sexual offences,Status update unavailable,
54edd287e5c528189368a9c3075ad7c72c882ba8017937a9e280c3489d193329,2019-02,Lancashire Constabulary,Lancashire Constabulary,,,No Location,,,Violence and sexual offences,Status update unavailable,
2b8fbeb8c5f7f48a88308030428651b2152cccea7b39052324c29f08c0dd4812,2019-02,Lancashire Constabulary,Lancashire Constabulary,,,No Location,,,Violence and sexual offences,Status update unavailable,
0aabe4ca4ad8316502af029f0688a06dc1b75a3fbf6effab03e9516f47916c1b,2019-02,Lancashire Constabulary,Lancashire Constabulary,,,No Location,,,Violence and sexual offences,Status update unavailable,
1d9072036493877057c5a197db3ee86fa8cb11d6cf702e91c1ba6e0816b22f02,2019-02,Lancashire Constabulary,Lancashire Constabulary,,,No Location,,,Violence and sexual offences,Unable to prosecute suspect,
775f9c6f6e30cf90fbb0895dae313a38fac811fde3ae6d82528442d02f432c3f,2019-02,Lancashire Constabulary,Lancashire Constabulary,,,No Location,,,Violence and sexual offences,Status update unavailable,
c3f861f464029db890bd0277880aaed765f31c22b27a8ce293ff05f83620dda7,2019-02,Lancashire Constabulary,Lancashire Constabulary,,,No Location,,,Violence and sexual offences,Status update unavailable,
920e92adc8481d59e1f4fb11e0aa603c1d2a29512de3154aaf99dc658bca712d,2019-02,Lancashire Constabulary,Lancashire Constabulary,,,No Location,,,Violence and sexual offences,Status update unavailable,
4970bc1005a0fdbf6acb14fd4092a8d30dc90722d1587f086d51af92bab524b2,2019-02,Lancashire Constabulary,Lancashire Constabulary,,,No Location,,,Violence and sexual offences,Status update unavailable,
e962217b28a8a7b4efc551564a720f1a1dfba483e7dde27f2d02ec6b613fb3ba,2019-02,Lancashire Constabulary,Lancashire Constabulary,,,No Location,,,Violence and sexual offences,Status update unavailable,
14878759ab06aba4e8c08692bb0fcf7e0e67125d158d59aa15b753beb356fd06,2019-02,Lancashire Constabulary,Lancashire Constabulary,,,No Location,,,Violence and sexual offences,Status update unavailable,
d806e22a141c56fe18ffaf7e30c60b1481cfd1dc8c7b5c3957632da7eefcb3f7,2019-02,Lancashire Constabulary,Lancashire Constabulary,,,No Location,,,Violence and sexual offences,Status update unavailable,
f592655fa9b5c667cb3c0b08dfcf19427a6c53d7008f0e692bf16b6190b3b23b,2019-02,Lancashire Constabulary,Lancashire Constabulary,,,No Location,,,Violence and sexual offences,Status update unavailable,
2464117d7608a3f55704c813e59579cd1b690f445e83b58511e7bf137d47f614,2019-02,Lancashire Constabulary,Lancashire Constabulary,,,No Location,,,Violence and sexual offences,Unable to prosecute suspect,
08c1181cd6e5164e39348ed5a8a0db1004ccff9efc1af624270b2ff2065e51e5,2019-02,Lancashire Constabulary,Lancashire Constabulary,,,No Location,,,Violence and sexual offences,Unable to prosecute suspect,
b4a9ed1842a91532629f0218bc32c419beb668abcc00ffff11b59401963be134,2019-02,Lancashire Constabulary,Lancashire Constabulary,,,No Location,,,Violence and sexual offences,Status update unavailable,
87308902f7edccf6f6a54980b1b8e89ce631268be7ee9ccd47653d7a2de857d6,2019-02,Lancashire Constabulary,Lancashire Constabulary,,,No Location,,,Violence and sexual offences,Local resolution,
c39b6cdd7994533bc943f9a772ffa30b460a28f618755271a4c5fbffc08515a5,2019-02,Lancashire Constabulary,Lancashire Constabulary,,,No Location,,,Violence and sexual offences,Unable to prosecute suspect,
3782c000a298a54be77af1062956b94b51b633c38566ce08031334831d646a9d,2019-02,Lancashire Constabulary,Lancashire Constabulary,,,No Location,,,Violence and sexual offences,Status update unavailable,
58aafd0555d4446ba54fe85e7d653a9fdca1af60f74a9b6b0afebdf0817800c1,2019-02,Lancashire Constabulary,Lancashire Constabulary,,,No Location,,,Violence and sexual offences,Unable to prosecute suspect,
7d648c082db46f7624e751e44f5c9bae9436ef60c3b27fc885ae02e0ba4873d8,2019-02,Lancashire Constabulary,Lancashire Constabulary,,,No Location,,,Violence and sexual offences,Status update unavailable,
03d1228e69722dfe8b9e45691dda1fa01fb1f663897f0a343532ec59e444b2d6,2019-02,Lancashire Constabulary,Lancashire Constabulary,,,No Location,,,Violence and sexual offences,Unable to prosecute suspect,
d7152402d0b58e9e237f02b2c93f127111c642623cbe9082e279aeccee9fc94c,2019-02,Lancashire Constabulary,Lancashire Constabulary,,,No Location,,,Violence and sexual offences,Status update unavailable,
2dc6619263d31818fb3de5f42bfbab08b3196614e5317f134dc54bfff7f50864,2019-02,Lancashire Constabulary,Lancashire Constabulary,,,No Location,,,Violence and sexual offences,Status update unavailable,
5117f2b1c12606d4cf0907837b31cba7f17e34e4bac5722768b350cac52d1085,2019-02,Lancashire Constabulary,Lancashire Constabulary,,,No Location,,,Violence and sexual offences,Status update unavailable,
61e353a74d5d823d589b101512010257debe542cabc03ff1f4489e0cf184dd85,2019-02,Lancashire Constabulary,Lancashire Constabulary,,,No Location,,,Violence and sexual offences,Status update unavailable,
da9dbee9b6257f36c1af0adb1875cc49b99cbe863d45d4c97fdbfd67dee3db23,2019-02,Lancashire Constabulary,Lancashire Constabulary,,,No Location,,,Violence and sexual offences,Status update unavailable,
08660a9fd954922397a056168a17c10416548bcb556e18c876fefc047f4c0c50,2019-02,Lancashire Constabulary,Lancashire Constabulary,,,No Location,,,Violence and sexual offences,Status update unavailable,
63ff6f4187037c61e0cf64ce359bdcff2bfce32f2d390e7b13cf635db807d0fc,2019-02,Lancashire Constabulary,Lancashire Constabulary,,,No Location,,,Violence and sexual offences,Unable to prosecute suspect,
4aca237305407fbd197b1c2b2c5f913e25769f25a43aec78741e0cb4587c46e2,2019-02,Lancashire Constabulary,Lancashire Constabulary,,,No Location,,,Violence and sexual offences,Status update unavailable,
d5bef861757f302d3fc1c98a8076a39987ced37d757f90e447ced300c5a90fdd,2019-02,Lancashire Constabulary,Lancashire Constabulary,,,No Location,,,Violence and sexual offences,Status update unavailable,
72f52bfcc015d812ee9dbe41f79b6e4ac7ed6750241cf557feefa849c3f23dc7,2019-02,Lancashire Constabulary,Lancashire Constabulary,,,No Location,,,Violence and sexual offences,Status update unavailable,
0578ada8083e12585087691d74c9804e6af7fc0d45de37df357870ed8815e571,2019-02,Lancashire Constabulary,Lancashire Constabulary,,,No Location,,,Violence and sexual offences,Unable to prosecute suspect,
6dadaf7f5222e1a58445ea17a5919c9f54411be1e66d6922655a8a09569a3ae9,2019-02,Lancashire Constabulary,Lancashire Constabulary,,,No Location,,,Violence and sexual offences,Unable to prosecute suspect,
d078dea1de285b6be1ff0ec57a2e6b89be0c23917862b72d2b1ebbd5cf7c1d13,2019-02,Lancashire Constabulary,Lancashire Constabulary,,,No Location,,,Violence and sexual offences,Unable to prosecute suspect,
9832110094d0feff0b60185576bfa9a94275d824dafe1dd478887c8ce2e16761,2019-02,Lancashire Constabulary,Lancashire Constabulary,,,No Location,,,Violence and sexual offences,Status update unavailable,
f171faa166e61e87876a72326b9fdec6145d3a66124cf0c8041e7ae3f6fa51f6,2019-02,Lancashire Constabulary,Lancashire Constabulary,,,No Location,,,Violence and sexual offences,Status update unavailable,
102f643ed0104dd6851a214ab57d2b9bb7b052f891105ac292ea3cb70c8f55cb,2019-02,Lancashire Constabulary,Lancashire Constabulary,,,No Location,,,Violence and sexual offences,Further investigation is not in the public interest,
dac73371bdc8c374bb303b81bf47e8765f06c327450910552d3df6f3ad9c4040,2019-02,Lancashire Constabulary,Lancashire Constabulary,,,No Location,,,Violence and sexual offences,Unable to prosecute suspect,
53ddcf1ebcda7eb55cd05005888ec88ececbb5a5b875992f89eaa56b3f9497a5,2019-02,Lancashire Constabulary,Lancashire Constabulary,,,No Location,,,Other crime,Action to be taken by another organisation,
a261bae68893336a51ce88c75e6a8fb732157c87cc0bf4a623b6d8da0dd4e5c6,2019-02,Lancashire Constabulary,Lancashire Constabulary,,,No Location,,,Other crime,Further investigation is not in the public interest,
03d9fa65722789b710693066e5f1a846d7d3c022f618043cf3fbfc80d7fb97fb,2019-02,Lancashire Constabulary,Lancashire Constabulary,,,No Location,,,Other crime,Unable to prosecute suspect,
56678c53b865277fa9a95958081a930cea276b9a9e8e0ea0ac305323ca36a140,2019-02,Lancashire Constabulary,Lancashire Constabulary,,,No Location,,,Other crime,Awaiting court outcome,
8962b8895d96ae451e54a58c07c880a5b238f85b19174dd4acb54712c5101e12,2019-02,Lancashire Constabulary,Lancashire Constabulary,,,No Location,,,Other crime,Status update unavailable,
48febf996aaab523dfbfef981984e8f262638a0cda552052f46ffd6bf2c78019,2019-02,Lancashire Constabulary,Lancashire Constabulary,,,No Location,,,Other crime,Status update unavailable,
61ac3fd9c92120db97568a06c55d1c4ad19c2317bb3b0c0b113ef0ad4f6ea83b,2019-02,Lancashire Constabulary,Lancashire Constabulary,,,No Location,,,Other crime,Status update unavailable,
f27471394cb1cb15d8c64cf385dabbf0bf60030dce56e026ead6ee1f3cb12be4,2019-02,Lancashire Constabulary,Lancashire Constabulary,,,No Location,,,Other crime,Status update unavailable,
6b17365e4d97301bbdad1af81d2ae2b7e8aeabd403bd93397504f793c0a6f316,2019-02,Lancashire Constabulary,Lancashire Constabulary,,,No Location,,,Other crime,Status update unavailable,
60c2c8ae8f2502e5c83fabb79dda8a4a7f4126d03b7baf4e131e0fed4079f5de,2019-02,Lancashire Constabulary,Lancashire Constabulary,,,No Location,,,Other crime,Offender given community sentence,
1065106feceea29e160baa1253bb249bdf97e7dd1a0631cb209581376f5bae22,2019-02,Lancashire Constabulary,Lancashire Constabulary,,,No Location,,,Other crime,Status update unavailable,
a9783d289aaa01cec3a07e065a0b91cf68602616e2ad3a23bb1707f442e5db02,2019-02,Lancashire Constabulary,Lancashire Constabulary,,,No Location,,,Other crime,Status update unavailable,
e6289b904406b623f090a80545c5128bde35a051dd5007dd9c758a25e47bde3c,2019-02,Lancashire Constabulary,Lancashire Constabulary,,,No Location,,,Other crime,Unable to prosecute suspect,
3388611e4e44136ec13b4163da0e6c4bf43f31a88e323550effdcf7965442fb3,2019-02,Lancashire Constabulary,Lancashire Constabulary,,,No Location,,,Other crime,Status update unavailable,
1d6fc6259bb0bd3a0e3116527cd7b6e76b202e359a7662e2319207ba6ad988bb,2019-02,Lancashire Constabulary,Lancashire Constabulary,,,No Location,,,Other crime,Status update unavailable,
1e93aa861db356faa374a5287525fd80432580e43ea1d3cb67f9c9075754ccb7,2019-02,Lancashire Constabulary,Lancashire Constabulary,,,No Location,,,Other crime,Status update unavailable,
9e7da0ffe24b841bf338a9ccf8e833c11365656d545c660aaf655221436bf4bf,2019-02,Lancashire Constabulary,Lancashire Constabulary,,,No Location,,,Other crime,Status update unavailable,
9af8ec439d73624ef212512e4596df286fd92680a64f292dac6352938cb42bce,2019-02,Lancashire Constabulary,Lancashire Constabulary,,,No Location,,,Other crime,Status update unavailable,
2a42f28d4f80762ef56c7590e4b490978e71f9c4a85e675fdbd549956e116ef9,2019-02,Lancashire Constabulary,Lancashire Constabulary,,,No Location,,,Other crime,Status update unavailable,
84ed2c0384dbdb671f49deddae79b79aaac3c13e2f74b297bef6e3afa42d3b1e,2019-02,Lancashire Constabulary,Lancashire Constabulary,,,No Location,,,Other crime,Unable to prosecute suspect,
b806aacbf05ecb05e1cf4bdd3cf4494d5c8d84119e2b3458460e5c9ccae473e7,2019-02,Lancashire Constabulary,Lancashire Constabulary,,,No Location,,,Other crime,Status update unavailable,
89ad7adcea72c5ea5f293f1740b34d000123044230e0ed66b74b245a1237ae4c,2019-02,Lancashire Constabulary,Lancashire Constabulary,,,No Location,,,Other crime,Status update unavailable,
a9f2c3f89c8db3afc3345a04ddf483c621c0817daf1fd258f9b5847382a1d409,2019-02,Lancashire Constabulary,Lancashire Constabulary,,,No Location,,,Other crime,Further investigation is not in the public interest,
67f0b2e8d85fe6482c2c8d4009c95d5e8f02501a15d9e7054e42ad546c7e10f2,2019-02,Lancashire Constabulary,Lancashire Constabulary,,,No Location,,,Other crime,Status update unavailable,
f8c40f4e24fe07bc1e3b002bdc0ebc969b60ce732f0871cc7f88c8bd5178fb4f,2019-02,Lancashire Constabulary,Lancashire Constabulary,,,No Location,,,Other crime,Unable to prosecute suspect,
07d717750636122a35d34b01b70fa46052c57169c3ecc592093f6fca05563d9d,2019-02,Lancashire Constabulary,Lancashire Constabulary,,,No Location,,,Other crime,Status update unavailable,
7b4959820ebf99a2fb6e63045c886f5b69d319ac291cfc7816ad598c307b9f09,2019-02,Lancashire Constabulary,Lancashire Constabulary,,,No Location,,,Other crime,Unable to prosecute suspect,
f78523a0e33beed89f5852feb13165e891f9f166934b87ad6442ad02c88e9cb5,2019-02,Lancashire Constabulary,Lancashire Constabulary,,,No Location,,,Other crime,Status update unavailable,
